000000  000001
3.000000e-03  6.440527e-01
6.000000e-03  5.506814e-01
9.000000e-03  4.977063e-01
1.200000e-02  4.614232e-01
1.500000e-02  4.341651e-01
1.800000e-02  4.125140e-01
2.100000e-02  3.946610e-01
2.400000e-02  3.795379e-01
2.700000e-02  3.664642e-01
3.000000e-02  3.549808e-01
3.300000e-02  3.447642e-01
3.600000e-02  3.355787e-01
3.900000e-02  3.272469e-01
4.200000e-02  3.196328e-01
4.500000e-02  3.126296e-01
4.800000e-02  3.061522e-01
5.100000e-02  3.001315e-01
5.400000e-02  2.945110e-01
5.700000e-02  2.892436e-01
6.000000e-02  2.842901e-01
6.300000e-02  2.796170e-01
6.600000e-02  2.751959e-01
6.900000e-02  2.710025e-01
7.200000e-02  2.670154e-01
7.500000e-02  2.632164e-01
7.800000e-02  2.595892e-01
8.100000e-02  2.561196e-01
8.400000e-02  2.527951e-01
8.700000e-02  2.496046e-01
9.000000e-02  2.465379e-01
9.300000e-02  2.435862e-01
9.600000e-02  2.407414e-01
9.900000e-02  2.379964e-01
1.020000e-01  2.353444e-01
1.050000e-01  2.327796e-01
1.080000e-01  2.302966e-01
1.110000e-01  2.278903e-01
1.140000e-01  2.255563e-01
1.170000e-01  2.232903e-01
1.200000e-01  2.210886e-01
1.230000e-01  2.189477e-01
1.260000e-01  2.168642e-01
1.290000e-01  2.148352e-01
1.320000e-01  2.128578e-01
1.350000e-01  2.109295e-01
1.380000e-01  2.090479e-01
1.410000e-01  2.072107e-01
1.440000e-01  2.054159e-01
1.470000e-01  2.036614e-01
1.500000e-01  2.019454e-01
1.530000e-01  2.002662e-01
1.560000e-01  1.986222e-01
1.590000e-01  1.970119e-01
1.620000e-01  1.954339e-01
1.650000e-01  1.938867e-01
1.680000e-01  1.923692e-01
1.710000e-01  1.908802e-01
1.740000e-01  1.894185e-01
1.770000e-01  1.879830e-01
1.800000e-01  1.865728e-01
1.830000e-01  1.851868e-01
1.860000e-01  1.838242e-01
1.890000e-01  1.824841e-01
1.920000e-01  1.811657e-01
1.950000e-01  1.798682e-01
1.980000e-01  1.785909e-01
2.010000e-01  1.773329e-01
2.040000e-01  1.760938e-01
2.070000e-01  1.748728e-01
2.100000e-01  1.736692e-01
2.130000e-01  1.724826e-01
2.160000e-01  1.713123e-01
2.190000e-01  1.701578e-01
2.220000e-01  1.690186e-01
2.250000e-01  1.678942e-01
2.280000e-01  1.667841e-01
2.310000e-01  1.656878e-01
2.340000e-01  1.646050e-01
2.370000e-01  1.635351e-01
2.400000e-01  1.624778e-01
2.430000e-01  1.614328e-01
2.460000e-01  1.603994e-01
2.490000e-01  1.593776e-01
2.520000e-01  1.583668e-01
2.550000e-01  1.573668e-01
2.580000e-01  1.563772e-01
2.610000e-01  1.553977e-01
2.640000e-01  1.544280e-01
2.670000e-01  1.534678e-01
2.700000e-01  1.525167e-01
2.730000e-01  1.515746e-01
2.760000e-01  1.506412e-01
2.790000e-01  1.497161e-01
2.820000e-01  1.487992e-01
2.850000e-01  1.478902e-01
2.880000e-01  1.469888e-01
2.910000e-01  1.460948e-01
2.940000e-01  1.452079e-01
2.970000e-01  1.443281e-01
3.000000e-01  1.434549e-01
3.030000e-01  1.425882e-01
3.060000e-01  1.417279e-01
3.090000e-01  1.408736e-01
3.120000e-01  1.400252e-01
3.150000e-01  1.391826e-01
3.180000e-01  1.383454e-01
3.210000e-01  1.375135e-01
3.240000e-01  1.366868e-01
3.270000e-01  1.358649e-01
3.300000e-01  1.350479e-01
3.330000e-01  1.342354e-01
3.360000e-01  1.334272e-01
3.390000e-01  1.326233e-01
3.420000e-01  1.318235e-01
3.450000e-01  1.310275e-01
3.480000e-01  1.302352e-01
3.510000e-01  1.294464e-01
3.540000e-01  1.286610e-01
3.570000e-01  1.278788e-01
3.600000e-01  1.270996e-01
3.630000e-01  1.263232e-01
3.660000e-01  1.255495e-01
3.690000e-01  1.247783e-01
3.720000e-01  1.240094e-01
3.750000e-01  1.232426e-01
3.780000e-01  1.224779e-01
3.810000e-01  1.217149e-01
3.840000e-01  1.209536e-01
3.870000e-01  1.201937e-01
3.900000e-01  1.194351e-01
3.930000e-01  1.186775e-01
3.960000e-01  1.179208e-01
3.990000e-01  1.171648e-01
4.020000e-01  1.164093e-01
4.050000e-01  1.156540e-01
4.080000e-01  000000
4.110000e-01  000000
4.140000e-01  000000
4.170000e-01  000000
4.200000e-01  000000
4.230000e-01  000000
4.260000e-01  000000
4.290000e-01  000000
4.320000e-01  000000
4.350000e-01  000000
4.380000e-01  000000
4.410000e-01  000000
4.440000e-01  000000
4.470000e-01  000000
4.500000e-01  000000
4.530000e-01  000000
4.560000e-01  000000
4.590000e-01  000000
4.620000e-01  000000
4.650000e-01  000000
4.680000e-01  000000
4.710000e-01  000000
4.740000e-01  000000
4.770000e-01  000000
4.800000e-01  000000
4.830000e-01  000000
4.860000e-01  000000
4.890000e-01  000000
4.920000e-01  000000
4.950000e-01  000000
4.980000e-01  000000
5.010000e-01  000000
5.040000e-01  000000
5.070000e-01  000000
5.100000e-01  000000
5.130000e-01  000000
5.160000e-01  000000
5.190000e-01  000000
5.220000e-01  000000
5.250000e-01  000000
5.280000e-01  000000
5.310000e-01  000000
5.340000e-01  000000
5.370000e-01  000000
5.400000e-01  000000
5.430000e-01  000000
5.460000e-01  000000
5.490000e-01  000000
5.520000e-01  000000
5.550000e-01  000000
5.580000e-01  000000
5.610000e-01  000000
5.640000e-01  000000
5.670000e-01  000000
5.700000e-01  000000
5.730000e-01  000000
5.760000e-01  000000
5.790000e-01  000000
5.820000e-01  000000
5.850000e-01  000000
5.880000e-01  000000
5.910000e-01  000000
5.940000e-01  000000
5.970000e-01  000000
6.000000e-01  000000
6.030000e-01  000000
6.060000e-01  000000
6.090000e-01  000000
6.120000e-01  000000
6.150000e-01  000000
6.180000e-01  000000
6.210000e-01  000000
6.240000e-01  000000
6.270000e-01  000000
6.300000e-01  000000
6.330000e-01  000000
6.360000e-01  000000
6.390000e-01  000000
6.420000e-01  000000
6.450000e-01  000000
6.480000e-01  000000
6.510000e-01  000000
6.540000e-01  000000
6.570000e-01  000000
6.600000e-01  000000
6.630000e-01  000000
6.660000e-01  000000
6.690000e-01  000000
6.720000e-01  000000
6.750000e-01  000000
6.780000e-01  000000
6.810000e-01  000000
6.840000e-01  000000
6.870000e-01  000000
6.900000e-01  000000
6.930000e-01  000000
6.960000e-01  000000
6.990000e-01  000000
7.020000e-01  000000
7.050000e-01  000000
7.080000e-01  000000
7.110000e-01  000000
7.140000e-01  000000
7.170000e-01  000000
7.200000e-01  000000
7.230000e-01  000000
7.260000e-01  000000
7.290000e-01  000000
7.320000e-01  000000
7.350000e-01  000000
7.380000e-01  000000
7.410000e-01  000000
7.440000e-01  000000
7.470000e-01  000000
7.500000e-01  000000
7.530000e-01  000000
7.560000e-01  000000
7.590000e-01  000000
7.620000e-01  000000
7.650000e-01  000000
7.680000e-01  000000
7.710000e-01  000000
7.740000e-01  000000
7.770000e-01  000000
7.800000e-01  000000
7.830000e-01  000000
7.860000e-01  000000
7.890000e-01  000000
7.920000e-01  000000
7.950000e-01  000000
7.980000e-01  000000
8.010000e-01  000000
8.040000e-01  000000
8.070000e-01  000000
8.100000e-01  000000
8.130000e-01  000000
8.160000e-01  000000
8.190000e-01  000000
8.220000e-01  000000
8.250000e-01  000000
8.280000e-01  000000
8.310000e-01  000000
8.340000e-01  000000
8.370000e-01  000000
8.400000e-01  000000
8.430000e-01  000000
8.460000e-01  000000
8.490000e-01  000000
8.520000e-01  000000
8.550000e-01  000000
8.580000e-01  000000
8.610000e-01  000000
8.640000e-01  000000
8.670000e-01  000000
8.700000e-01  000000
8.730000e-01  000000
8.760000e-01  000000
8.790000e-01  000000
8.820000e-01  000000
8.850000e-01  000000
8.880000e-01  000000
8.910000e-01  000000
8.940000e-01  000000
8.970000e-01  000000
9.000000e-01  000000
9.030000e-01  000000
9.060000e-01  000000
9.090000e-01  000000
9.120000e-01  000000
9.150000e-01  000000
9.180000e-01  000000
9.210000e-01  000000
9.240000e-01  000000
9.270000e-01  000000
9.300000e-01  000000
9.330000e-01  000000
9.360000e-01  000000
9.390000e-01  000000
9.420000e-01  000000
9.450000e-01  000000
9.480000e-01  000000
9.510000e-01  000000
9.540000e-01  000000
9.570000e-01  000000
9.600000e-01  000000
9.630000e-01  000000
9.660000e-01  000000
9.690000e-01  000000
9.720000e-01  000000
9.750000e-01  000000
9.780000e-01  000000
9.810000e-01  000000
9.840000e-01  000000
9.870000e-01  000000
9.900000e-01  000000
9.930000e-01  000000
9.960000e-01  000000
9.990000e-01  000000
