000000  000001
3.000000e-03  8.570116e-01
6.000000e-03  7.822413e-01
9.000000e-03  7.319688e-01
1.200000e-02  6.943938e-01
1.500000e-02  6.645733e-01
1.800000e-02  6.399661e-01
2.100000e-02  6.190952e-01
2.400000e-02  6.010272e-01
2.700000e-02  5.851355e-01
3.000000e-02  5.709798e-01
3.300000e-02  5.582392e-01
3.600000e-02  5.466728e-01
3.900000e-02  5.360953e-01
4.200000e-02  5.263615e-01
4.500000e-02  5.173552e-01
4.800000e-02  5.089821e-01
5.100000e-02  5.011650e-01
5.400000e-02  4.938396e-01
5.700000e-02  4.869518e-01
6.000000e-02  4.804558e-01
6.300000e-02  4.743127e-01
6.600000e-02  4.684887e-01
6.900000e-02  4.629547e-01
7.200000e-02  4.576852e-01
7.500000e-02  4.526579e-01
7.800000e-02  4.478531e-01
8.100000e-02  4.432534e-01
8.400000e-02  4.388433e-01
8.700000e-02  4.346089e-01
9.000000e-02  4.305378e-01
9.300000e-02  4.266187e-01
9.600000e-02  4.228417e-01
9.900000e-02  4.191974e-01
1.020000e-01  4.156776e-01
1.050000e-01  4.122747e-01
1.080000e-01  4.089818e-01
1.110000e-01  4.057925e-01
1.140000e-01  4.027009e-01
1.170000e-01  3.997018e-01
1.200000e-01  3.967901e-01
1.230000e-01  3.939614e-01
1.260000e-01  3.912112e-01
1.290000e-01  3.885358e-01
1.320000e-01  3.859315e-01
1.350000e-01  3.833949e-01
1.380000e-01  3.809228e-01
1.410000e-01  3.785122e-01
1.440000e-01  3.761605e-01
1.470000e-01  3.738649e-01
1.500000e-01  3.716232e-01
1.530000e-01  3.694330e-01
1.560000e-01  3.672922e-01
1.590000e-01  3.651987e-01
1.620000e-01  3.631508e-01
1.650000e-01  3.611465e-01
1.680000e-01  3.591842e-01
1.710000e-01  3.572623e-01
1.740000e-01  3.553793e-01
1.770000e-01  3.535339e-01
1.800000e-01  3.517245e-01
1.830000e-01  3.499500e-01
1.860000e-01  3.482091e-01
1.890000e-01  3.465006e-01
1.920000e-01  3.448236e-01
1.950000e-01  3.431768e-01
1.980000e-01  3.415594e-01
2.010000e-01  3.399704e-01
2.040000e-01  3.384088e-01
2.070000e-01  3.368738e-01
2.100000e-01  3.353646e-01
2.130000e-01  3.338804e-01
2.160000e-01  3.324204e-01
2.190000e-01  3.309839e-01
2.220000e-01  3.295703e-01
2.250000e-01  3.281788e-01
2.280000e-01  3.268088e-01
2.310000e-01  3.254598e-01
2.340000e-01  3.241311e-01
2.370000e-01  3.228221e-01
2.400000e-01  3.215324e-01
2.430000e-01  3.202614e-01
2.460000e-01  3.190087e-01
2.490000e-01  3.177736e-01
2.520000e-01  3.165559e-01
2.550000e-01  3.153549e-01
2.580000e-01  3.141704e-01
2.610000e-01  3.130019e-01
2.640000e-01  3.118490e-01
2.670000e-01  3.107113e-01
2.700000e-01  3.095884e-01
2.730000e-01  3.084800e-01
2.760000e-01  3.073858e-01
2.790000e-01  3.063054e-01
2.820000e-01  3.052385e-01
2.850000e-01  3.041848e-01
2.880000e-01  3.031440e-01
2.910000e-01  3.021157e-01
2.940000e-01  3.010997e-01
2.970000e-01  3.000958e-01
3.000000e-01  2.991037e-01
3.030000e-01  2.981231e-01
3.060000e-01  2.971538e-01
3.090000e-01  2.961955e-01
3.120000e-01  2.952480e-01
3.150000e-01  2.943111e-01
3.180000e-01  2.933845e-01
3.210000e-01  2.924681e-01
3.240000e-01  2.915616e-01
3.270000e-01  2.906649e-01
3.300000e-01  2.897777e-01
3.330000e-01  2.888998e-01
3.360000e-01  2.880312e-01
3.390000e-01  2.871715e-01
3.420000e-01  2.863207e-01
3.450000e-01  2.854785e-01
3.480000e-01  2.846448e-01
3.510000e-01  2.838194e-01
3.540000e-01  2.830022e-01
3.570000e-01  2.821931e-01
3.600000e-01  2.813918e-01
3.630000e-01  2.805982e-01
3.660000e-01  2.798123e-01
3.690000e-01  2.790338e-01
3.720000e-01  2.782626e-01
3.750000e-01  2.774987e-01
3.780000e-01  2.767418e-01
3.810000e-01  2.759918e-01
3.840000e-01  2.752488e-01
3.870000e-01  2.745124e-01
3.900000e-01  2.737826e-01
3.930000e-01  2.730593e-01
3.960000e-01  2.723424e-01
3.990000e-01  2.716317e-01
4.020000e-01  2.709273e-01
4.050000e-01  2.702289e-01
4.080000e-01  2.695365e-01
4.110000e-01  2.688500e-01
4.140000e-01  2.681692e-01
4.170000e-01  2.674941e-01
4.200000e-01  2.668247e-01
4.230000e-01  2.661608e-01
4.260000e-01  2.655023e-01
4.290000e-01  2.648491e-01
4.320000e-01  2.642013e-01
4.350000e-01  2.635586e-01
4.380000e-01  2.629210e-01
4.410000e-01  2.622884e-01
4.440000e-01  2.616608e-01
4.470000e-01  2.610381e-01
4.500000e-01  2.604202e-01
4.530000e-01  2.598070e-01
4.560000e-01  2.591985e-01
4.590000e-01  2.585946e-01
4.620000e-01  2.579953e-01
4.650000e-01  2.574004e-01
4.680000e-01  2.568100e-01
4.710000e-01  2.562238e-01
4.740000e-01  2.556420e-01
4.770000e-01  2.550644e-01
4.800000e-01  2.544910e-01
4.830000e-01  2.539217e-01
4.860000e-01  2.533564e-01
4.890000e-01  2.527951e-01
4.920000e-01  2.522378e-01
4.950000e-01  2.516844e-01
4.980000e-01  2.511349e-01
5.010000e-01  2.505891e-01
5.040000e-01  2.500470e-01
5.070000e-01  2.495087e-01
5.100000e-01  2.489740e-01
5.130000e-01  2.484429e-01
5.160000e-01  2.479154e-01
5.190000e-01  2.473913e-01
5.220000e-01  2.468707e-01
5.250000e-01  2.463536e-01
5.280000e-01  2.458398e-01
5.310000e-01  2.453294e-01
5.340000e-01  2.448222e-01
5.370000e-01  2.443183e-01
5.400000e-01  2.438176e-01
5.430000e-01  2.433201e-01
5.460000e-01  2.428257e-01
5.490000e-01  2.423344e-01
5.520000e-01  2.418461e-01
5.550000e-01  2.413609e-01
5.580000e-01  2.408787e-01
5.610000e-01  2.403994e-01
5.640000e-01  2.399230e-01
5.670000e-01  2.394495e-01
5.700000e-01  2.389789e-01
5.730000e-01  2.385111e-01
5.760000e-01  2.380460e-01
5.790000e-01  2.375837e-01
5.820000e-01  2.371242e-01
5.850000e-01  2.366673e-01
5.880000e-01  2.362130e-01
5.910000e-01  2.357615e-01
5.940000e-01  2.353124e-01
5.970000e-01  2.348660e-01
6.000000e-01  2.344221e-01
6.030000e-01  2.339807e-01
6.060000e-01  2.335418e-01
6.090000e-01  2.331054e-01
6.120000e-01  2.326714e-01
6.150000e-01  2.322398e-01
6.180000e-01  2.318105e-01
6.210000e-01  2.313836e-01
6.240000e-01  2.309591e-01
6.270000e-01  2.305369e-01
6.300000e-01  2.301169e-01
6.330000e-01  2.296992e-01
6.360000e-01  2.292837e-01
6.390000e-01  2.288704e-01
6.420000e-01  2.284593e-01
6.450000e-01  2.280504e-01
6.480000e-01  2.276436e-01
6.510000e-01  2.272389e-01
6.540000e-01  2.268363e-01
6.570000e-01  2.264358e-01
6.600000e-01  2.260374e-01
6.630000e-01  2.256410e-01
6.660000e-01  2.252466e-01
6.690000e-01  2.248542e-01
6.720000e-01  2.244637e-01
6.750000e-01  2.240752e-01
6.780000e-01  2.236887e-01
6.810000e-01  2.233040e-01
6.840000e-01  2.229213e-01
6.870000e-01  2.225404e-01
6.900000e-01  2.221614e-01
6.930000e-01  2.217843e-01
6.960000e-01  2.214089e-01
6.990000e-01  2.210354e-01
7.020000e-01  2.206637e-01
7.050000e-01  2.202937e-01
7.080000e-01  2.199255e-01
7.110000e-01  2.195590e-01
7.140000e-01  2.191942e-01
7.170000e-01  2.188312e-01
7.200000e-01  2.184698e-01
7.230000e-01  2.181101e-01
7.260000e-01  2.177521e-01
7.290000e-01  2.173957e-01
7.320000e-01  2.170410e-01
7.350000e-01  2.166878e-01
7.380000e-01  2.163363e-01
7.410000e-01  2.159863e-01
7.440000e-01  2.156380e-01
7.470000e-01  2.152911e-01
7.500000e-01  2.149458e-01
7.530000e-01  2.146021e-01
7.560000e-01  2.142598e-01
7.590000e-01  2.139191e-01
7.620000e-01  2.135798e-01
7.650000e-01  2.132421e-01
7.680000e-01  2.129057e-01
7.710000e-01  2.125709e-01
7.740000e-01  2.122375e-01
7.770000e-01  2.119054e-01
7.800000e-01  2.115749e-01
7.830000e-01  2.112457e-01
7.860000e-01  2.109179e-01
7.890000e-01  2.105914e-01
7.920000e-01  2.102664e-01
7.950000e-01  2.099427e-01
7.980000e-01  2.096203e-01
8.010000e-01  2.092992e-01
8.040000e-01  2.089795e-01
8.070000e-01  2.086611e-01
8.100000e-01  2.083440e-01
8.130000e-01  2.080282e-01
8.160000e-01  2.077136e-01
8.190000e-01  2.074003e-01
8.220000e-01  2.070883e-01
8.250000e-01  2.067775e-01
8.280000e-01  2.064680e-01
8.310000e-01  2.061596e-01
8.340000e-01  2.058525e-01
8.370000e-01  2.055466e-01
8.400000e-01  2.052419e-01
8.430000e-01  2.049384e-01
8.460000e-01  2.046360e-01
8.490000e-01  2.043348e-01
8.520000e-01  2.040348e-01
8.550000e-01  2.037359e-01
8.580000e-01  2.034382e-01
8.610000e-01  2.031415e-01
8.640000e-01  2.028460e-01
8.670000e-01  2.025517e-01
8.700000e-01  2.022584e-01
8.730000e-01  2.019662e-01
8.760000e-01  2.016751e-01
8.790000e-01  2.013851e-01
8.820000e-01  2.010961e-01
8.850000e-01  2.008082e-01
8.880000e-01  2.005214e-01
8.910000e-01  2.002356e-01
8.940000e-01  1.999509e-01
8.970000e-01  1.996672e-01
9.000000e-01  1.993844e-01
9.030000e-01  1.991028e-01
9.060000e-01  1.988221e-01
9.090000e-01  1.985424e-01
9.120000e-01  1.982637e-01
9.150000e-01  1.979860e-01
9.180000e-01  1.977093e-01
9.210000e-01  1.974335e-01
9.240000e-01  1.971587e-01
9.270000e-01  1.968849e-01
9.300000e-01  1.966120e-01
9.330000e-01  1.963401e-01
9.360000e-01  1.960690e-01
9.390000e-01  1.957989e-01
9.420000e-01  1.955298e-01
9.450000e-01  1.952615e-01
9.480000e-01  1.949942e-01
9.510000e-01  1.947277e-01
9.540000e-01  1.944622e-01
9.570000e-01  1.941975e-01
9.600000e-01  1.939337e-01
9.630000e-01  1.936708e-01
9.660000e-01  1.934088e-01
9.690000e-01  1.931476e-01
9.720000e-01  1.928873e-01
9.750000e-01  1.926279e-01
9.780000e-01  1.923692e-01
9.810000e-01  1.921115e-01
9.840000e-01  1.918545e-01
9.870000e-01  1.915984e-01
9.900000e-01  1.913431e-01
9.930000e-01  1.910886e-01
9.960000e-01  1.908350e-01
9.990000e-01  1.905821e-01
