000000  000001
3.000000e-03  8.013422e-01
6.000000e-03  7.159322e-01
9.000000e-03  6.620733e-01
1.200000e-02  6.231868e-01
1.500000e-02  5.930056e-01
1.800000e-02  5.684913e-01
2.100000e-02  5.479448e-01
2.400000e-02  5.303228e-01
2.700000e-02  5.149399e-01
3.000000e-02  5.013227e-01
3.300000e-02  4.891310e-01
3.600000e-02  4.781127e-01
3.900000e-02  4.680758e-01
4.200000e-02  4.588707e-01
4.500000e-02  4.503791e-01
4.800000e-02  4.425056e-01
5.100000e-02  4.351725e-01
5.400000e-02  4.283153e-01
5.700000e-02  4.218802e-01
6.000000e-02  4.158219e-01
6.300000e-02  4.101017e-01
6.600000e-02  4.046867e-01
6.900000e-02  3.995480e-01
7.200000e-02  3.946610e-01
7.500000e-02  3.900038e-01
7.800000e-02  3.855574e-01
8.100000e-02  3.813049e-01
8.400000e-02  3.772312e-01
8.700000e-02  3.733230e-01
9.000000e-02  3.695684e-01
9.300000e-02  3.659566e-01
9.600000e-02  3.624779e-01
9.900000e-02  3.591235e-01
1.020000e-01  3.558856e-01
1.050000e-01  3.527568e-01
1.080000e-01  3.497305e-01
1.110000e-01  3.468008e-01
1.140000e-01  3.439622e-01
1.170000e-01  3.412094e-01
1.200000e-01  3.385379e-01
1.230000e-01  3.359433e-01
1.260000e-01  3.334216e-01
1.290000e-01  3.309691e-01
1.320000e-01  3.285824e-01
1.350000e-01  3.262583e-01
1.380000e-01  3.239938e-01
1.410000e-01  3.217862e-01
1.440000e-01  3.196328e-01
1.470000e-01  3.175312e-01
1.500000e-01  3.154793e-01
1.530000e-01  3.134747e-01
1.560000e-01  3.115156e-01
1.590000e-01  3.096000e-01
1.620000e-01  3.077263e-01
1.650000e-01  3.058926e-01
1.680000e-01  3.040976e-01
1.710000e-01  3.023396e-01
1.740000e-01  3.006172e-01
1.770000e-01  2.989292e-01
1.800000e-01  2.972744e-01
1.830000e-01  2.956514e-01
1.860000e-01  2.940591e-01
1.890000e-01  2.924966e-01
1.920000e-01  2.909627e-01
1.950000e-01  2.894566e-01
1.980000e-01  2.879772e-01
2.010000e-01  2.865237e-01
2.040000e-01  2.850953e-01
2.070000e-01  2.836912e-01
2.100000e-01  2.823106e-01
2.130000e-01  2.809528e-01
2.160000e-01  2.796170e-01
2.190000e-01  2.783026e-01
2.220000e-01  2.770090e-01
2.250000e-01  2.757356e-01
2.280000e-01  2.744818e-01
2.310000e-01  2.732470e-01
2.340000e-01  2.720307e-01
2.370000e-01  2.708324e-01
2.400000e-01  2.696515e-01
2.430000e-01  2.684876e-01
2.460000e-01  2.673403e-01
2.490000e-01  2.662090e-01
2.520000e-01  2.650934e-01
2.550000e-01  2.639932e-01
2.580000e-01  2.629077e-01
2.610000e-01  2.618368e-01
2.640000e-01  2.607801e-01
2.670000e-01  2.597371e-01
2.700000e-01  2.587075e-01
2.730000e-01  2.576911e-01
2.760000e-01  2.566875e-01
2.790000e-01  2.556964e-01
2.820000e-01  2.547175e-01
2.850000e-01  2.537505e-01
2.880000e-01  2.527951e-01
2.910000e-01  2.518512e-01
2.940000e-01  2.509184e-01
2.970000e-01  2.499964e-01
3.000000e-01  2.490851e-01
3.030000e-01  2.481842e-01
3.060000e-01  2.472934e-01
3.090000e-01  2.464127e-01
3.120000e-01  2.455416e-01
3.150000e-01  2.446801e-01
3.180000e-01  2.438280e-01
3.210000e-01  2.429850e-01
3.240000e-01  2.421509e-01
3.270000e-01  2.413257e-01
3.300000e-01  2.405090e-01
3.330000e-01  2.397007e-01
3.360000e-01  2.389007e-01
3.390000e-01  2.381088e-01
3.420000e-01  2.373249e-01
3.450000e-01  2.365487e-01
3.480000e-01  2.357802e-01
3.510000e-01  2.350192e-01
3.540000e-01  2.342655e-01
3.570000e-01  2.335190e-01
3.600000e-01  2.327796e-01
3.630000e-01  2.320472e-01
3.660000e-01  2.313216e-01
3.690000e-01  2.306027e-01
3.720000e-01  2.298903e-01
3.750000e-01  2.291845e-01
3.780000e-01  2.284849e-01
3.810000e-01  2.277916e-01
3.840000e-01  2.271045e-01
3.870000e-01  2.264234e-01
3.900000e-01  2.257481e-01
3.930000e-01  2.250787e-01
3.960000e-01  2.244150e-01
3.990000e-01  2.237570e-01
4.020000e-01  2.231045e-01
4.050000e-01  2.224574e-01
4.080000e-01  2.218156e-01
4.110000e-01  2.211791e-01
4.140000e-01  2.205478e-01
4.170000e-01  2.199216e-01
4.200000e-01  2.193004e-01
4.230000e-01  2.186842e-01
4.260000e-01  2.180728e-01
4.290000e-01  2.174661e-01
4.320000e-01  2.168642e-01
4.350000e-01  2.162669e-01
4.380000e-01  2.156742e-01
4.410000e-01  2.150859e-01
4.440000e-01  2.145021e-01
4.470000e-01  2.139226e-01
4.500000e-01  2.133475e-01
4.530000e-01  2.127765e-01
4.560000e-01  2.122097e-01
4.590000e-01  2.116471e-01
4.620000e-01  2.110884e-01
4.650000e-01  2.105338e-01
4.680000e-01  2.099830e-01
4.710000e-01  2.094362e-01
4.740000e-01  2.088932e-01
4.770000e-01  2.083539e-01
4.800000e-01  2.078183e-01
4.830000e-01  2.072864e-01
4.860000e-01  2.067581e-01
4.890000e-01  2.062334e-01
4.920000e-01  2.057121e-01
4.950000e-01  2.051944e-01
4.980000e-01  2.046800e-01
5.010000e-01  2.041690e-01
5.040000e-01  2.036614e-01
5.070000e-01  2.031570e-01
5.100000e-01  2.026558e-01
5.130000e-01  2.021578e-01
5.160000e-01  2.016630e-01
5.190000e-01  2.011713e-01
5.220000e-01  2.006826e-01
5.250000e-01  2.001970e-01
5.280000e-01  1.997144e-01
5.310000e-01  1.992347e-01
5.340000e-01  1.987579e-01
5.370000e-01  1.982840e-01
5.400000e-01  1.978129e-01
5.430000e-01  1.973447e-01
5.460000e-01  1.968792e-01
5.490000e-01  1.964164e-01
5.520000e-01  1.959564e-01
5.550000e-01  1.954990e-01
5.580000e-01  1.950442e-01
5.610000e-01  1.945921e-01
5.640000e-01  1.941425e-01
5.670000e-01  1.936954e-01
5.700000e-01  1.932509e-01
5.730000e-01  1.928088e-01
5.760000e-01  1.923692e-01
5.790000e-01  1.919321e-01
5.820000e-01  1.914972e-01
5.850000e-01  1.910648e-01
5.880000e-01  1.906347e-01
5.910000e-01  1.902069e-01
5.940000e-01  1.897814e-01
5.970000e-01  1.893582e-01
6.000000e-01  1.889371e-01
6.030000e-01  1.885183e-01
6.060000e-01  1.881016e-01
6.090000e-01  1.876872e-01
6.120000e-01  1.872748e-01
6.150000e-01  1.868645e-01
6.180000e-01  1.864564e-01
6.210000e-01  1.860503e-01
6.240000e-01  1.856462e-01
6.270000e-01  1.852441e-01
6.300000e-01  1.848440e-01
6.330000e-01  1.844459e-01
6.360000e-01  1.840497e-01
6.390000e-01  1.836555e-01
6.420000e-01  1.832632e-01
6.450000e-01  1.828727e-01
6.480000e-01  1.824841e-01
6.510000e-01  1.820974e-01
6.540000e-01  1.817125e-01
6.570000e-01  1.813294e-01
6.600000e-01  1.809481e-01
6.630000e-01  1.805685e-01
6.660000e-01  1.801907e-01
6.690000e-01  1.798146e-01
6.720000e-01  1.794402e-01
6.750000e-01  1.790676e-01
6.780000e-01  1.786965e-01
6.810000e-01  1.783272e-01
6.840000e-01  1.779595e-01
6.870000e-01  1.775934e-01
6.900000e-01  1.772290e-01
6.930000e-01  1.768661e-01
6.960000e-01  1.765048e-01
6.990000e-01  1.761451e-01
7.020000e-01  1.757869e-01
7.050000e-01  1.754302e-01
7.080000e-01  1.750750e-01
7.110000e-01  1.747214e-01
7.140000e-01  1.743692e-01
7.170000e-01  1.740185e-01
7.200000e-01  1.736692e-01
7.230000e-01  1.733214e-01
7.260000e-01  1.729750e-01
7.290000e-01  1.726300e-01
7.320000e-01  1.722864e-01
7.350000e-01  1.719442e-01
7.380000e-01  1.716034e-01
7.410000e-01  1.712639e-01
7.440000e-01  1.709257e-01
7.470000e-01  1.705889e-01
7.500000e-01  1.702534e-01
7.530000e-01  1.699192e-01
7.560000e-01  1.695863e-01
7.590000e-01  1.692547e-01
7.620000e-01  1.689244e-01
7.650000e-01  1.685953e-01
7.680000e-01  1.682674e-01
7.710000e-01  1.679408e-01
7.740000e-01  1.676154e-01
7.770000e-01  1.672911e-01
7.800000e-01  1.669681e-01
7.830000e-01  1.666463e-01
7.860000e-01  1.663257e-01
7.890000e-01  1.660062e-01
7.920000e-01  1.656878e-01
7.950000e-01  1.653707e-01
7.980000e-01  1.650546e-01
8.010000e-01  1.647396e-01
8.040000e-01  1.644258e-01
8.070000e-01  1.641131e-01
8.100000e-01  1.638014e-01
8.130000e-01  1.634908e-01
8.160000e-01  1.631813e-01
8.190000e-01  1.628729e-01
8.220000e-01  1.625655e-01
8.250000e-01  1.622591e-01
8.280000e-01  1.619538e-01
8.310000e-01  1.616495e-01
8.340000e-01  1.613462e-01
8.370000e-01  1.610439e-01
8.400000e-01  1.607426e-01
8.430000e-01  1.604423e-01
8.460000e-01  1.601429e-01
8.490000e-01  1.598446e-01
8.520000e-01  1.595471e-01
8.550000e-01  1.592507e-01
8.580000e-01  1.589551e-01
8.610000e-01  1.586605e-01
8.640000e-01  1.583668e-01
8.670000e-01  1.580741e-01
8.700000e-01  1.577822e-01
8.730000e-01  1.574912e-01
8.760000e-01  1.572011e-01
8.790000e-01  1.569120e-01
8.820000e-01  1.566236e-01
8.850000e-01  1.563362e-01
8.880000e-01  1.560496e-01
8.910000e-01  1.557638e-01
8.940000e-01  1.554789e-01
8.970000e-01  1.551949e-01
9.000000e-01  1.549116e-01
9.030000e-01  1.546292e-01
9.060000e-01  1.543476e-01
9.090000e-01  1.540668e-01
9.120000e-01  1.537868e-01
9.150000e-01  1.535076e-01
9.180000e-01  1.532292e-01
9.210000e-01  1.529515e-01
9.240000e-01  1.526746e-01
9.270000e-01  1.523985e-01
9.300000e-01  1.521231e-01
9.330000e-01  1.518485e-01
9.360000e-01  1.515746e-01
9.390000e-01  1.513015e-01
9.420000e-01  1.510291e-01
9.450000e-01  1.507574e-01
9.480000e-01  1.504865e-01
9.510000e-01  1.502162e-01
9.540000e-01  1.499466e-01
9.570000e-01  1.496778e-01
9.600000e-01  1.494096e-01
9.630000e-01  1.491421e-01
9.660000e-01  1.488753e-01
9.690000e-01  1.486092e-01
9.720000e-01  1.483437e-01
9.750000e-01  1.480789e-01
9.780000e-01  1.478148e-01
9.810000e-01  1.475513e-01
9.840000e-01  1.472884e-01
9.870000e-01  1.470262e-01
9.900000e-01  1.467646e-01
9.930000e-01  1.465036e-01
9.960000e-01  1.462433e-01
9.990000e-01  1.459835e-01
