000000  000001
3.000000e-03  7.964541e-01
6.000000e-03  7.103690e-01
9.000000e-03  6.563385e-01
1.200000e-02  6.174235e-01
1.500000e-02  5.872671e-01
1.800000e-02  5.627994e-01
2.100000e-02  5.423088e-01
2.400000e-02  5.247458e-01
2.700000e-02  5.094223e-01
3.000000e-02  4.958633e-01
3.300000e-02  4.837280e-01
3.600000e-02  4.727639e-01
3.900000e-02  4.627789e-01
4.200000e-02  4.536234e-01
4.500000e-02  4.451793e-01
4.800000e-02  4.373512e-01
5.100000e-02  4.300614e-01
5.400000e-02  4.232456e-01
5.700000e-02  4.168502e-01
6.000000e-02  4.108299e-01
6.300000e-02  4.051462e-01
6.600000e-02  3.997661e-01
6.900000e-02  3.946610e-01
7.200000e-02  3.898063e-01
7.500000e-02  3.851802e-01
7.800000e-02  3.807637e-01
8.100000e-02  3.765400e-01
8.400000e-02  3.724941e-01
8.700000e-02  3.686128e-01
9.000000e-02  3.648842e-01
9.300000e-02  3.612975e-01
9.600000e-02  3.578431e-01
9.900000e-02  3.545122e-01
1.020000e-01  3.512970e-01
1.050000e-01  3.481903e-01
1.080000e-01  3.451855e-01
1.110000e-01  3.422767e-01
1.140000e-01  3.394582e-01
1.170000e-01  3.367250e-01
1.200000e-01  3.340726e-01
1.230000e-01  3.314965e-01
1.260000e-01  3.289929e-01
1.290000e-01  3.265580e-01
1.320000e-01  3.241884e-01
1.350000e-01  3.218810e-01
1.380000e-01  3.196328e-01
1.410000e-01  3.174410e-01
1.440000e-01  3.153031e-01
1.470000e-01  3.132166e-01
1.500000e-01  3.111794e-01
1.530000e-01  3.091892e-01
1.560000e-01  3.072441e-01
1.590000e-01  3.053423e-01
1.620000e-01  3.034820e-01
1.650000e-01  3.016614e-01
1.680000e-01  2.998792e-01
1.710000e-01  2.981337e-01
1.740000e-01  2.964237e-01
1.770000e-01  2.947477e-01
1.800000e-01  2.931045e-01
1.830000e-01  2.914930e-01
1.860000e-01  2.899121e-01
1.890000e-01  2.883606e-01
1.920000e-01  2.868376e-01
1.950000e-01  2.853420e-01
1.980000e-01  2.838730e-01
2.010000e-01  2.824297e-01
2.040000e-01  2.810113e-01
2.070000e-01  2.796170e-01
2.100000e-01  2.782460e-01
2.130000e-01  2.768975e-01
2.160000e-01  2.755710e-01
2.190000e-01  2.742657e-01
2.220000e-01  2.729810e-01
2.250000e-01  2.717164e-01
2.280000e-01  2.704711e-01
2.310000e-01  2.692447e-01
2.340000e-01  2.680367e-01
2.370000e-01  2.668465e-01
2.400000e-01  2.656736e-01
2.430000e-01  2.645175e-01
2.460000e-01  2.633779e-01
2.490000e-01  2.622542e-01
2.520000e-01  2.611461e-01
2.550000e-01  2.600531e-01
2.580000e-01  2.589748e-01
2.610000e-01  2.579110e-01
2.640000e-01  2.568611e-01
2.670000e-01  2.558250e-01
2.700000e-01  2.548021e-01
2.730000e-01  2.537923e-01
2.760000e-01  2.527951e-01
2.790000e-01  2.518104e-01
2.820000e-01  2.508378e-01
2.850000e-01  2.498770e-01
2.880000e-01  2.489277e-01
2.910000e-01  2.479897e-01
2.940000e-01  2.470627e-01
2.970000e-01  2.461466e-01
3.000000e-01  2.452409e-01
3.030000e-01  2.443456e-01
3.060000e-01  2.434603e-01
3.090000e-01  2.425850e-01
3.120000e-01  2.417193e-01
3.150000e-01  2.408630e-01
3.180000e-01  2.400160e-01
3.210000e-01  2.391781e-01
3.240000e-01  2.383490e-01
3.270000e-01  2.375287e-01
3.300000e-01  2.367168e-01
3.330000e-01  2.359133e-01
3.360000e-01  2.351180e-01
3.390000e-01  2.343308e-01
3.420000e-01  2.335513e-01
3.450000e-01  2.327796e-01
3.480000e-01  2.320155e-01
3.510000e-01  2.312588e-01
3.540000e-01  2.305094e-01
3.570000e-01  2.297671e-01
3.600000e-01  2.290319e-01
3.630000e-01  2.283035e-01
3.660000e-01  2.275819e-01
3.690000e-01  2.268669e-01
3.720000e-01  2.261584e-01
3.750000e-01  2.254564e-01
3.780000e-01  2.247606e-01
3.810000e-01  2.240710e-01
3.840000e-01  2.233875e-01
3.870000e-01  2.227099e-01
3.900000e-01  2.220382e-01
3.930000e-01  2.213723e-01
3.960000e-01  2.207120e-01
3.990000e-01  2.200573e-01
4.020000e-01  2.194081e-01
4.050000e-01  2.187643e-01
4.080000e-01  2.181257e-01
4.110000e-01  2.174924e-01
4.140000e-01  2.168642e-01
4.170000e-01  2.162410e-01
4.200000e-01  2.156228e-01
4.230000e-01  2.150095e-01
4.260000e-01  2.144010e-01
4.290000e-01  2.137972e-01
4.320000e-01  2.131981e-01
4.350000e-01  2.126036e-01
4.380000e-01  2.120135e-01
4.410000e-01  2.114280e-01
4.440000e-01  2.108468e-01
4.470000e-01  2.102699e-01
4.500000e-01  2.096972e-01
4.530000e-01  2.091288e-01
4.560000e-01  2.085645e-01
4.590000e-01  2.080042e-01
4.620000e-01  2.074479e-01
4.650000e-01  2.068956e-01
4.680000e-01  2.063472e-01
4.710000e-01  2.058025e-01
4.740000e-01  2.052617e-01
4.770000e-01  2.047246e-01
4.800000e-01  2.041912e-01
4.830000e-01  2.036614e-01
4.860000e-01  2.031351e-01
4.890000e-01  2.026124e-01
4.920000e-01  2.020931e-01
4.950000e-01  2.015773e-01
4.980000e-01  2.010648e-01
5.010000e-01  2.005557e-01
5.040000e-01  2.000498e-01
5.070000e-01  1.995472e-01
5.100000e-01  1.990478e-01
5.130000e-01  1.985515e-01
5.160000e-01  1.980584e-01
5.190000e-01  1.975683e-01
5.220000e-01  1.970812e-01
5.250000e-01  1.965972e-01
5.280000e-01  1.961161e-01
5.310000e-01  1.956379e-01
5.340000e-01  1.951626e-01
5.370000e-01  1.946902e-01
5.400000e-01  1.942205e-01
5.430000e-01  1.937536e-01
5.460000e-01  1.932895e-01
5.490000e-01  1.928280e-01
5.520000e-01  1.923692e-01
5.550000e-01  1.919131e-01
5.580000e-01  1.914596e-01
5.610000e-01  1.910086e-01
5.640000e-01  1.905602e-01
5.670000e-01  1.901142e-01
5.700000e-01  1.896708e-01
5.730000e-01  1.892298e-01
5.760000e-01  1.887912e-01
5.790000e-01  1.883550e-01
5.820000e-01  1.879212e-01
5.850000e-01  1.874897e-01
5.880000e-01  1.870605e-01
5.910000e-01  1.866336e-01
5.940000e-01  1.862089e-01
5.970000e-01  1.857865e-01
6.000000e-01  1.853663e-01
6.030000e-01  1.849482e-01
6.060000e-01  1.845323e-01
6.090000e-01  1.841185e-01
6.120000e-01  1.837068e-01
6.150000e-01  1.832972e-01
6.180000e-01  1.828897e-01
6.210000e-01  1.824841e-01
6.240000e-01  1.820806e-01
6.270000e-01  1.816791e-01
6.300000e-01  1.812795e-01
6.330000e-01  1.808819e-01
6.360000e-01  1.804862e-01
6.390000e-01  1.800924e-01
6.420000e-01  1.797005e-01
6.450000e-01  1.793104e-01
6.480000e-01  1.789222e-01
6.510000e-01  1.785358e-01
6.540000e-01  1.781512e-01
6.570000e-01  1.777683e-01
6.600000e-01  1.773872e-01
6.630000e-01  1.770079e-01
6.660000e-01  1.766303e-01
6.690000e-01  1.762544e-01
6.720000e-01  1.758801e-01
6.750000e-01  1.755076e-01
6.780000e-01  1.751367e-01
6.810000e-01  1.747674e-01
6.840000e-01  1.743997e-01
6.870000e-01  1.740337e-01
6.900000e-01  1.736692e-01
6.930000e-01  1.733063e-01
6.960000e-01  1.729449e-01
6.990000e-01  1.725851e-01
7.020000e-01  1.722268e-01
7.050000e-01  1.718700e-01
7.080000e-01  1.715147e-01
7.110000e-01  1.711608e-01
7.140000e-01  1.708084e-01
7.170000e-01  1.704575e-01
7.200000e-01  1.701080e-01
7.230000e-01  1.697599e-01
7.260000e-01  1.694132e-01
7.290000e-01  1.690678e-01
7.320000e-01  1.687239e-01
7.350000e-01  1.683813e-01
7.380000e-01  1.680401e-01
7.410000e-01  1.677001e-01
7.440000e-01  1.673615e-01
7.470000e-01  1.670242e-01
7.500000e-01  1.666882e-01
7.530000e-01  1.663535e-01
7.560000e-01  1.660200e-01
7.590000e-01  1.656878e-01
7.620000e-01  1.653569e-01
7.650000e-01  1.650272e-01
7.680000e-01  1.646986e-01
7.710000e-01  1.643713e-01
7.740000e-01  1.640452e-01
7.770000e-01  1.637203e-01
7.800000e-01  1.633965e-01
7.830000e-01  1.630739e-01
7.860000e-01  1.627525e-01
7.890000e-01  1.624322e-01
7.920000e-01  1.621130e-01
7.950000e-01  1.617949e-01
7.980000e-01  1.614779e-01
8.010000e-01  1.611621e-01
8.040000e-01  1.608473e-01
8.070000e-01  1.605336e-01
8.100000e-01  1.602209e-01
8.130000e-01  1.599093e-01
8.160000e-01  1.595988e-01
8.190000e-01  1.592893e-01
8.220000e-01  1.589808e-01
8.250000e-01  1.586733e-01
8.280000e-01  1.583668e-01
8.310000e-01  1.580614e-01
8.340000e-01  1.577569e-01
8.370000e-01  1.574533e-01
8.400000e-01  1.571508e-01
8.430000e-01  1.568492e-01
8.460000e-01  1.565486e-01
8.490000e-01  1.562489e-01
8.520000e-01  1.559501e-01
8.550000e-01  1.556523e-01
8.580000e-01  1.553553e-01
8.610000e-01  1.550593e-01
8.640000e-01  1.547642e-01
8.670000e-01  1.544699e-01
8.700000e-01  1.541766e-01
8.730000e-01  1.538841e-01
8.760000e-01  1.535925e-01
8.790000e-01  1.533017e-01
8.820000e-01  1.530118e-01
8.850000e-01  1.527227e-01
8.880000e-01  1.524345e-01
8.910000e-01  1.521470e-01
8.940000e-01  1.518604e-01
8.970000e-01  1.515746e-01
9.000000e-01  1.512896e-01
9.030000e-01  1.510054e-01
9.060000e-01  1.507220e-01
9.090000e-01  1.504394e-01
9.120000e-01  1.501575e-01
9.150000e-01  1.498764e-01
9.180000e-01  1.495961e-01
9.210000e-01  1.493165e-01
9.240000e-01  1.490377e-01
9.270000e-01  1.487595e-01
9.300000e-01  1.484822e-01
9.330000e-01  1.482055e-01
9.360000e-01  1.479296e-01
9.390000e-01  1.476543e-01
9.420000e-01  1.473798e-01
9.450000e-01  1.471059e-01
9.480000e-01  1.468328e-01
9.510000e-01  1.465603e-01
9.540000e-01  1.462885e-01
9.570000e-01  1.460174e-01
9.600000e-01  1.457469e-01
9.630000e-01  1.454771e-01
9.660000e-01  1.452079e-01
9.690000e-01  1.449394e-01
9.720000e-01  1.446716e-01
9.750000e-01  1.444043e-01
9.780000e-01  1.441377e-01
9.810000e-01  1.438717e-01
9.840000e-01  1.436063e-01
9.870000e-01  1.433415e-01
9.900000e-01  1.430773e-01
9.930000e-01  1.428137e-01
9.960000e-01  1.425507e-01
9.990000e-01  1.422883e-01
