000000  000001
3.000000e-03  8.336482e-01
6.000000e-03  7.536926e-01
9.000000e-03  7.015016e-01
1.200000e-02  6.631209e-01
1.500000e-02  6.329801e-01
1.800000e-02  6.082949e-01
2.100000e-02  5.874761e-01
2.400000e-02  5.695335e-01
2.700000e-02  5.538091e-01
3.000000e-02  5.398445e-01
3.300000e-02  5.273078e-01
3.600000e-02  5.159512e-01
3.900000e-02  5.055853e-01
4.200000e-02  4.960619e-01
4.500000e-02  4.872631e-01
4.800000e-02  4.790937e-01
5.100000e-02  4.714757e-01
5.400000e-02  4.643443e-01
5.700000e-02  4.576454e-01
6.000000e-02  4.513331e-01
6.300000e-02  4.453684e-01
6.600000e-02  4.397176e-01
6.900000e-02  4.343518e-01
7.200000e-02  4.292456e-01
7.500000e-02  4.243769e-01
7.800000e-02  4.197261e-01
8.100000e-02  4.152760e-01
8.400000e-02  4.110113e-01
8.700000e-02  4.069182e-01
9.000000e-02  4.029845e-01
9.300000e-02  3.991992e-01
9.600000e-02  3.955522e-01
9.900000e-02  3.920346e-01
1.020000e-01  3.886382e-01
1.050000e-01  3.853555e-01
1.080000e-01  3.821797e-01
1.110000e-01  3.791046e-01
1.140000e-01  3.761245e-01
1.170000e-01  3.732340e-01
1.200000e-01  3.704285e-01
1.230000e-01  3.677033e-01
1.260000e-01  3.650544e-01
1.290000e-01  3.624779e-01
1.320000e-01  3.599702e-01
1.350000e-01  3.575281e-01
1.380000e-01  3.551484e-01
1.410000e-01  3.528283e-01
1.440000e-01  3.505651e-01
1.470000e-01  3.483562e-01
1.500000e-01  3.461994e-01
1.530000e-01  3.440923e-01
1.560000e-01  3.420329e-01
1.590000e-01  3.400192e-01
1.620000e-01  3.380495e-01
1.650000e-01  3.361219e-01
1.680000e-01  3.342348e-01
1.710000e-01  3.323867e-01
1.740000e-01  3.305762e-01
1.770000e-01  3.288017e-01
1.800000e-01  3.270621e-01
1.830000e-01  3.253561e-01
1.860000e-01  3.236824e-01
1.890000e-01  3.220401e-01
1.920000e-01  3.204279e-01
1.950000e-01  3.188449e-01
1.980000e-01  3.172901e-01
2.010000e-01  3.157627e-01
2.040000e-01  3.142617e-01
2.070000e-01  3.127862e-01
2.100000e-01  3.113356e-01
2.130000e-01  3.099090e-01
2.160000e-01  3.085057e-01
2.190000e-01  3.071249e-01
2.220000e-01  3.057662e-01
2.250000e-01  3.044287e-01
2.280000e-01  3.031119e-01
2.310000e-01  3.018152e-01
2.340000e-01  3.005380e-01
2.370000e-01  2.992798e-01
2.400000e-01  2.980400e-01
2.430000e-01  2.968183e-01
2.460000e-01  2.956140e-01
2.490000e-01  2.944267e-01
2.520000e-01  2.932560e-01
2.550000e-01  2.921015e-01
2.580000e-01  2.909627e-01
2.610000e-01  2.898393e-01
2.640000e-01  2.887308e-01
2.670000e-01  2.876369e-01
2.700000e-01  2.865573e-01
2.730000e-01  2.854915e-01
2.760000e-01  2.844393e-01
2.790000e-01  2.834003e-01
2.820000e-01  2.823743e-01
2.850000e-01  2.813609e-01
2.880000e-01  2.803598e-01
2.910000e-01  2.793709e-01
2.940000e-01  2.783936e-01
2.970000e-01  2.774280e-01
3.000000e-01  2.764736e-01
3.030000e-01  2.755302e-01
3.060000e-01  2.745976e-01
3.090000e-01  2.736756e-01
3.120000e-01  2.727640e-01
3.150000e-01  2.718624e-01
3.180000e-01  2.709708e-01
3.210000e-01  2.700889e-01
3.240000e-01  2.692164e-01
3.270000e-01  2.683533e-01
3.300000e-01  2.674994e-01
3.330000e-01  2.666544e-01
3.360000e-01  2.658181e-01
3.390000e-01  2.649905e-01
3.420000e-01  2.641713e-01
3.450000e-01  2.633603e-01
3.480000e-01  2.625575e-01
3.510000e-01  2.617627e-01
3.540000e-01  2.609756e-01
3.570000e-01  2.601962e-01
3.600000e-01  2.594244e-01
3.630000e-01  2.586600e-01
3.660000e-01  2.579028e-01
3.690000e-01  2.571527e-01
3.720000e-01  2.564097e-01
3.750000e-01  2.556735e-01
3.780000e-01  2.549441e-01
3.810000e-01  2.542213e-01
3.840000e-01  2.535050e-01
3.870000e-01  2.527951e-01
3.900000e-01  2.520916e-01
3.930000e-01  2.513943e-01
3.960000e-01  2.507030e-01
3.990000e-01  2.500177e-01
4.020000e-01  2.493384e-01
4.050000e-01  2.486648e-01
4.080000e-01  2.479969e-01
4.110000e-01  2.473347e-01
4.140000e-01  2.466779e-01
4.170000e-01  2.460266e-01
4.200000e-01  2.453806e-01
4.230000e-01  2.447399e-01
4.260000e-01  2.441044e-01
4.290000e-01  2.434740e-01
4.320000e-01  2.428486e-01
4.350000e-01  2.422281e-01
4.380000e-01  2.416125e-01
4.410000e-01  2.410018e-01
4.440000e-01  2.403957e-01
4.470000e-01  2.397943e-01
4.500000e-01  2.391974e-01
4.530000e-01  2.386051e-01
4.560000e-01  2.380173e-01
4.590000e-01  2.374338e-01
4.620000e-01  2.368547e-01
4.650000e-01  2.362798e-01
4.680000e-01  2.357091e-01
4.710000e-01  2.351426e-01
4.740000e-01  2.345801e-01
4.770000e-01  2.340217e-01
4.800000e-01  2.334672e-01
4.830000e-01  2.329167e-01
4.860000e-01  2.323700e-01
4.890000e-01  2.318271e-01
4.920000e-01  2.312880e-01
4.950000e-01  2.307526e-01
4.980000e-01  2.302208e-01
5.010000e-01  2.296927e-01
5.040000e-01  2.291681e-01
5.070000e-01  2.286471e-01
5.100000e-01  2.281295e-01
5.130000e-01  2.276153e-01
5.160000e-01  2.271045e-01
5.190000e-01  2.265970e-01
5.220000e-01  2.260929e-01
5.250000e-01  2.255919e-01
5.280000e-01  2.250942e-01
5.310000e-01  2.245997e-01
5.340000e-01  2.241083e-01
5.370000e-01  2.236200e-01
5.400000e-01  2.231347e-01
5.430000e-01  2.226524e-01
5.460000e-01  2.221732e-01
5.490000e-01  2.216968e-01
5.520000e-01  2.212234e-01
5.550000e-01  2.207528e-01
5.580000e-01  2.202851e-01
5.610000e-01  2.198202e-01
5.640000e-01  2.193580e-01
5.670000e-01  2.188986e-01
5.700000e-01  2.184419e-01
5.730000e-01  2.179878e-01
5.760000e-01  2.175364e-01
5.790000e-01  2.170876e-01
5.820000e-01  2.166414e-01
5.850000e-01  2.161977e-01
5.880000e-01  2.157566e-01
5.910000e-01  2.153179e-01
5.940000e-01  2.148818e-01
5.970000e-01  2.144480e-01
6.000000e-01  2.140167e-01
6.030000e-01  2.135877e-01
6.060000e-01  2.131611e-01
6.090000e-01  2.127368e-01
6.120000e-01  2.123149e-01
6.150000e-01  2.118952e-01
6.180000e-01  2.114777e-01
6.210000e-01  2.110625e-01
6.240000e-01  2.106495e-01
6.270000e-01  2.102387e-01
6.300000e-01  2.098301e-01
6.330000e-01  2.094235e-01
6.360000e-01  2.090191e-01
6.390000e-01  2.086168e-01
6.420000e-01  2.082165e-01
6.450000e-01  2.078183e-01
6.480000e-01  2.074221e-01
6.510000e-01  2.070280e-01
6.540000e-01  2.066358e-01
6.570000e-01  2.062456e-01
6.600000e-01  2.058573e-01
6.630000e-01  2.054709e-01
6.660000e-01  2.050864e-01
6.690000e-01  2.047039e-01
6.720000e-01  2.043232e-01
6.750000e-01  2.039443e-01
6.780000e-01  2.035673e-01
6.810000e-01  2.031920e-01
6.840000e-01  2.028186e-01
6.870000e-01  2.024470e-01
6.900000e-01  2.020770e-01
6.930000e-01  2.017089e-01
6.960000e-01  2.013425e-01
6.990000e-01  2.009777e-01
7.020000e-01  2.006147e-01
7.050000e-01  2.002533e-01
7.080000e-01  1.998936e-01
7.110000e-01  1.995355e-01
7.140000e-01  1.991791e-01
7.170000e-01  1.988243e-01
7.200000e-01  1.984710e-01
7.230000e-01  1.981194e-01
7.260000e-01  1.977693e-01
7.290000e-01  1.974207e-01
7.320000e-01  1.970737e-01
7.350000e-01  1.967282e-01
7.380000e-01  1.963843e-01
7.410000e-01  1.960418e-01
7.440000e-01  1.957008e-01
7.470000e-01  1.953612e-01
7.500000e-01  1.950231e-01
7.530000e-01  1.946865e-01
7.560000e-01  1.943513e-01
7.590000e-01  1.940175e-01
7.620000e-01  1.936851e-01
7.650000e-01  1.933541e-01
7.680000e-01  1.930244e-01
7.710000e-01  1.926962e-01
7.740000e-01  1.923692e-01
7.770000e-01  1.920437e-01
7.800000e-01  1.917194e-01
7.830000e-01  1.913965e-01
7.860000e-01  1.910748e-01
7.890000e-01  1.907545e-01
7.920000e-01  1.904355e-01
7.950000e-01  1.901177e-01
7.980000e-01  1.898011e-01
8.010000e-01  1.894859e-01
8.040000e-01  1.891718e-01
8.070000e-01  1.888590e-01
8.100000e-01  1.885475e-01
8.130000e-01  1.882371e-01
8.160000e-01  1.879279e-01
8.190000e-01  1.876199e-01
8.220000e-01  1.873131e-01
8.250000e-01  1.870074e-01
8.280000e-01  1.867029e-01
8.310000e-01  1.863996e-01
8.340000e-01  1.860974e-01
8.370000e-01  1.857963e-01
8.400000e-01  1.854963e-01
8.430000e-01  1.851975e-01
8.460000e-01  1.848997e-01
8.490000e-01  1.846031e-01
8.520000e-01  1.843075e-01
8.550000e-01  1.840130e-01
8.580000e-01  1.837196e-01
8.610000e-01  1.834272e-01
8.640000e-01  1.831358e-01
8.670000e-01  1.828456e-01
8.700000e-01  1.825563e-01
8.730000e-01  1.822681e-01
8.760000e-01  1.819808e-01
8.790000e-01  1.816946e-01
8.820000e-01  1.814094e-01
8.850000e-01  1.811252e-01
8.880000e-01  1.808420e-01
8.910000e-01  1.805597e-01
8.940000e-01  1.802784e-01
8.970000e-01  1.799980e-01
9.000000e-01  1.797187e-01
9.030000e-01  1.794402e-01
9.060000e-01  1.791627e-01
9.090000e-01  1.788862e-01
9.120000e-01  1.786105e-01
9.150000e-01  1.783358e-01
9.180000e-01  1.780620e-01
9.210000e-01  1.777890e-01
9.240000e-01  1.775170e-01
9.270000e-01  1.772459e-01
9.300000e-01  1.769756e-01
9.330000e-01  1.767063e-01
9.360000e-01  1.764378e-01
9.390000e-01  1.761701e-01
9.420000e-01  1.759033e-01
9.450000e-01  1.756374e-01
9.480000e-01  1.753723e-01
9.510000e-01  1.751080e-01
9.540000e-01  1.748446e-01
9.570000e-01  1.745820e-01
9.600000e-01  1.743202e-01
9.630000e-01  1.740592e-01
9.660000e-01  1.737990e-01
9.690000e-01  1.735396e-01
9.720000e-01  1.732810e-01
9.750000e-01  1.730232e-01
9.780000e-01  1.727662e-01
9.810000e-01  1.725100e-01
9.840000e-01  1.722545e-01
9.870000e-01  1.719998e-01
9.900000e-01  1.717459e-01
9.930000e-01  1.714927e-01
9.960000e-01  1.712403e-01
9.990000e-01  1.709885e-01
