000000  000001
3.000000e-03  8.546292e-01
6.000000e-03  7.792760e-01
9.000000e-03  7.287748e-01
1.200000e-02  6.910966e-01
1.500000e-02  6.612291e-01
1.800000e-02  6.366040e-01
2.100000e-02  6.157310e-01
2.400000e-02  5.976702e-01
2.700000e-02  5.817914e-01
3.000000e-02  5.676520e-01
3.300000e-02  5.549296e-01
3.600000e-02  5.433827e-01
3.900000e-02  5.328253e-01
4.200000e-02  5.231117e-01
4.500000e-02  5.141256e-01
4.800000e-02  5.057726e-01
5.100000e-02  4.979753e-01
5.400000e-02  4.906692e-01
5.700000e-02  4.838004e-01
6.000000e-02  4.773231e-01
6.300000e-02  4.711981e-01
6.600000e-02  4.653918e-01
6.900000e-02  4.598750e-01
7.200000e-02  4.546222e-01
7.500000e-02  4.496112e-01
7.800000e-02  4.448223e-01
8.100000e-02  4.402381e-01
8.400000e-02  4.358431e-01
8.700000e-02  4.316233e-01
9.000000e-02  4.275665e-01
9.300000e-02  4.236614e-01
9.600000e-02  4.198979e-01
9.900000e-02  4.162669e-01
1.020000e-01  4.127600e-01
1.050000e-01  4.093697e-01
1.080000e-01  4.060891e-01
1.110000e-01  4.029118e-01
1.140000e-01  3.998320e-01
1.170000e-01  3.968443e-01
1.200000e-01  3.939438e-01
1.230000e-01  3.911260e-01
1.260000e-01  3.883865e-01
1.290000e-01  3.857216e-01
1.320000e-01  3.831275e-01
1.350000e-01  3.806009e-01
1.380000e-01  3.781386e-01
1.410000e-01  3.757377e-01
1.440000e-01  3.733953e-01
1.470000e-01  3.711090e-01
1.500000e-01  3.688763e-01
1.530000e-01  3.666950e-01
1.560000e-01  3.645628e-01
1.590000e-01  3.624779e-01
1.620000e-01  3.604383e-01
1.650000e-01  3.584422e-01
1.680000e-01  3.564879e-01
1.710000e-01  3.545740e-01
1.740000e-01  3.526987e-01
1.770000e-01  3.508609e-01
1.800000e-01  3.490590e-01
1.830000e-01  3.472918e-01
1.860000e-01  3.455581e-01
1.890000e-01  3.438568e-01
1.920000e-01  3.421867e-01
1.950000e-01  3.405468e-01
1.980000e-01  3.389361e-01
2.010000e-01  3.373537e-01
2.040000e-01  3.357986e-01
2.070000e-01  3.342701e-01
2.100000e-01  3.327672e-01
2.130000e-01  3.312892e-01
2.160000e-01  3.298353e-01
2.190000e-01  3.284049e-01
2.220000e-01  3.269971e-01
2.250000e-01  3.256115e-01
2.280000e-01  3.242473e-01
2.310000e-01  3.229039e-01
2.340000e-01  3.215808e-01
2.370000e-01  3.202773e-01
2.400000e-01  3.189930e-01
2.430000e-01  3.177274e-01
2.460000e-01  3.164798e-01
2.490000e-01  3.152500e-01
2.520000e-01  3.140373e-01
2.550000e-01  3.128415e-01
2.580000e-01  3.116619e-01
2.610000e-01  3.104983e-01
2.640000e-01  3.093502e-01
2.670000e-01  3.082173e-01
2.700000e-01  3.070991e-01
2.730000e-01  3.059954e-01
2.760000e-01  3.049057e-01
2.790000e-01  3.038299e-01
2.820000e-01  3.027674e-01
2.850000e-01  3.017181e-01
2.880000e-01  3.006816e-01
2.910000e-01  2.996576e-01
2.940000e-01  2.986459e-01
2.970000e-01  2.976462e-01
3.000000e-01  2.966582e-01
3.030000e-01  2.956817e-01
3.060000e-01  2.947164e-01
3.090000e-01  2.937621e-01
3.120000e-01  2.928185e-01
3.150000e-01  2.918855e-01
3.180000e-01  2.909627e-01
3.210000e-01  2.900501e-01
3.240000e-01  2.891474e-01
3.270000e-01  2.882543e-01
3.300000e-01  2.873708e-01
3.330000e-01  2.864966e-01
3.360000e-01  2.856315e-01
3.390000e-01  2.847753e-01
3.420000e-01  2.839280e-01
3.450000e-01  2.830892e-01
3.480000e-01  2.822590e-01
3.510000e-01  2.814370e-01
3.540000e-01  2.806231e-01
3.570000e-01  2.798172e-01
3.600000e-01  2.790192e-01
3.630000e-01  2.782289e-01
3.660000e-01  2.774461e-01
3.690000e-01  2.766707e-01
3.720000e-01  2.759027e-01
3.750000e-01  2.751418e-01
3.780000e-01  2.743880e-01
3.810000e-01  2.736411e-01
3.840000e-01  2.729009e-01
3.870000e-01  2.721675e-01
3.900000e-01  2.714406e-01
3.930000e-01  2.707202e-01
3.960000e-01  2.700061e-01
3.990000e-01  2.692983e-01
4.020000e-01  2.685967e-01
4.050000e-01  2.679010e-01
4.080000e-01  2.672114e-01
4.110000e-01  2.665276e-01
4.140000e-01  2.658495e-01
4.170000e-01  2.651771e-01
4.200000e-01  2.645103e-01
4.230000e-01  2.638490e-01
4.260000e-01  2.631930e-01
4.290000e-01  2.625424e-01
4.320000e-01  2.618971e-01
4.350000e-01  2.612569e-01
4.380000e-01  2.606218e-01
4.410000e-01  2.599916e-01
4.440000e-01  2.593665e-01
4.470000e-01  2.587461e-01
4.500000e-01  2.581306e-01
4.530000e-01  2.575198e-01
4.560000e-01  2.569136e-01
4.590000e-01  2.563120e-01
4.620000e-01  2.557150e-01
4.650000e-01  2.551223e-01
4.680000e-01  2.545341e-01
4.710000e-01  2.539502e-01
4.740000e-01  2.533706e-01
4.770000e-01  2.527951e-01
4.800000e-01  2.522239e-01
4.830000e-01  2.516567e-01
4.860000e-01  2.510935e-01
4.890000e-01  2.505344e-01
4.920000e-01  2.499791e-01
4.950000e-01  2.494278e-01
4.980000e-01  2.488802e-01
5.010000e-01  2.483365e-01
5.040000e-01  2.477964e-01
5.070000e-01  2.472600e-01
5.100000e-01  2.467273e-01
5.130000e-01  2.461981e-01
5.160000e-01  2.456725e-01
5.190000e-01  2.451504e-01
5.220000e-01  2.446317e-01
5.250000e-01  2.441164e-01
5.280000e-01  2.436044e-01
5.310000e-01  2.430958e-01
5.340000e-01  2.425904e-01
5.370000e-01  2.420883e-01
5.400000e-01  2.415894e-01
5.430000e-01  2.410936e-01
5.460000e-01  2.406010e-01
5.490000e-01  2.401114e-01
5.520000e-01  2.396249e-01
5.550000e-01  2.391414e-01
5.580000e-01  2.386608e-01
5.610000e-01  2.381832e-01
5.640000e-01  2.377085e-01
5.670000e-01  2.372366e-01
5.700000e-01  2.367676e-01
5.730000e-01  2.363014e-01
5.760000e-01  2.358380e-01
5.790000e-01  2.353772e-01
5.820000e-01  2.349192e-01
5.850000e-01  2.344639e-01
5.880000e-01  2.340112e-01
5.910000e-01  2.335611e-01
5.940000e-01  2.331136e-01
5.970000e-01  2.326686e-01
6.000000e-01  2.322262e-01
6.030000e-01  2.317863e-01
6.060000e-01  2.313489e-01
6.090000e-01  2.309138e-01
6.120000e-01  2.304813e-01
6.150000e-01  2.300511e-01
6.180000e-01  2.296232e-01
6.210000e-01  2.291977e-01
6.240000e-01  2.287745e-01
6.270000e-01  2.283537e-01
6.300000e-01  2.279350e-01
6.330000e-01  2.275187e-01
6.360000e-01  2.271045e-01
6.390000e-01  2.266925e-01
6.420000e-01  2.262827e-01
6.450000e-01  2.258751e-01
6.480000e-01  2.254696e-01
6.510000e-01  2.250662e-01
6.540000e-01  2.246648e-01
6.570000e-01  2.242656e-01
6.600000e-01  2.238683e-01
6.630000e-01  2.234731e-01
6.660000e-01  2.230799e-01
6.690000e-01  2.226887e-01
6.720000e-01  2.222995e-01
6.750000e-01  2.219122e-01
6.780000e-01  2.215268e-01
6.810000e-01  2.211433e-01
6.840000e-01  2.207617e-01
6.870000e-01  2.203819e-01
6.900000e-01  2.200040e-01
6.930000e-01  2.196280e-01
6.960000e-01  2.192538e-01
6.990000e-01  2.188813e-01
7.020000e-01  2.185106e-01
7.050000e-01  2.181417e-01
7.080000e-01  2.177746e-01
7.110000e-01  2.174091e-01
7.140000e-01  2.170454e-01
7.170000e-01  2.166834e-01
7.200000e-01  2.163231e-01
7.230000e-01  2.159644e-01
7.260000e-01  2.156073e-01
7.290000e-01  2.152520e-01
7.320000e-01  2.148982e-01
7.350000e-01  2.145460e-01
7.380000e-01  2.141954e-01
7.410000e-01  2.138464e-01
7.440000e-01  2.134990e-01
7.470000e-01  2.131531e-01
7.500000e-01  2.128087e-01
7.530000e-01  2.124659e-01
7.560000e-01  2.121245e-01
7.590000e-01  2.117847e-01
7.620000e-01  2.114463e-01
7.650000e-01  2.111094e-01
7.680000e-01  2.107740e-01
7.710000e-01  2.104400e-01
7.740000e-01  2.101074e-01
7.770000e-01  2.097762e-01
7.800000e-01  2.094465e-01
7.830000e-01  2.091181e-01
7.860000e-01  2.087911e-01
7.890000e-01  2.084655e-01
7.920000e-01  2.081413e-01
7.950000e-01  2.078183e-01
7.980000e-01  2.074967e-01
8.010000e-01  2.071765e-01
8.040000e-01  2.068575e-01
8.070000e-01  2.065399e-01
8.100000e-01  2.062235e-01
8.130000e-01  2.059084e-01
8.160000e-01  2.055946e-01
8.190000e-01  2.052821e-01
8.220000e-01  2.049708e-01
8.250000e-01  2.046607e-01
8.280000e-01  2.043518e-01
8.310000e-01  2.040442e-01
8.340000e-01  2.037378e-01
8.370000e-01  2.034325e-01
8.400000e-01  2.031285e-01
8.430000e-01  2.028256e-01
8.460000e-01  2.025239e-01
8.490000e-01  2.022234e-01
8.520000e-01  2.019240e-01
8.550000e-01  2.016258e-01
8.580000e-01  2.013287e-01
8.610000e-01  2.010327e-01
8.640000e-01  2.007378e-01
8.670000e-01  2.004440e-01
8.700000e-01  2.001513e-01
8.730000e-01  1.998598e-01
8.760000e-01  1.995692e-01
8.790000e-01  1.992798e-01
8.820000e-01  1.989914e-01
8.850000e-01  1.987041e-01
8.880000e-01  1.984178e-01
8.910000e-01  1.981326e-01
8.940000e-01  1.978484e-01
8.970000e-01  1.975652e-01
9.000000e-01  1.972830e-01
9.030000e-01  1.970019e-01
9.060000e-01  1.967217e-01
9.090000e-01  1.964426e-01
9.120000e-01  1.961644e-01
9.150000e-01  1.958872e-01
9.180000e-01  1.956109e-01
9.210000e-01  1.953357e-01
9.240000e-01  1.950614e-01
9.270000e-01  1.947880e-01
9.300000e-01  1.945156e-01
9.330000e-01  1.942441e-01
9.360000e-01  1.939735e-01
9.390000e-01  1.937039e-01
9.420000e-01  1.934351e-01
9.450000e-01  1.931673e-01
9.480000e-01  1.929004e-01
9.510000e-01  1.926344e-01
9.540000e-01  1.923692e-01
9.570000e-01  1.921050e-01
9.600000e-01  1.918416e-01
9.630000e-01  1.915791e-01
9.660000e-01  1.913175e-01
9.690000e-01  1.910567e-01
9.720000e-01  1.907967e-01
9.750000e-01  1.905377e-01
9.780000e-01  1.902794e-01
9.810000e-01  1.900220e-01
9.840000e-01  1.897654e-01
9.870000e-01  1.895096e-01
9.900000e-01  1.892547e-01
9.930000e-01  1.890005e-01
9.960000e-01  1.887472e-01
9.990000e-01  1.884947e-01
