000000  000001
3.000000e-03  8.242167e-01
6.000000e-03  7.424789e-01
9.000000e-03  6.896962e-01
1.200000e-02  6.511044e-01
1.500000e-02  6.209107e-01
1.800000e-02  5.962472e-01
2.100000e-02  5.754880e-01
2.400000e-02  5.576245e-01
2.700000e-02  5.419891e-01
3.000000e-02  5.281180e-01
3.300000e-02  5.156761e-01
3.600000e-02  5.044139e-01
3.900000e-02  4.941407e-01
4.200000e-02  4.847079e-01
4.500000e-02  4.759972e-01
4.800000e-02  4.679132e-01
5.100000e-02  4.603777e-01
5.400000e-02  4.533261e-01
5.700000e-02  4.467043e-01
6.000000e-02  4.404665e-01
6.300000e-02  4.345737e-01
6.600000e-02  4.289925e-01
6.900000e-02  4.236939e-01
7.200000e-02  4.186526e-01
7.500000e-02  4.138467e-01
7.800000e-02  4.092567e-01
8.100000e-02  4.048655e-01
8.400000e-02  4.006578e-01
8.700000e-02  3.966201e-01
9.000000e-02  3.927400e-01
9.300000e-02  3.890067e-01
9.600000e-02  3.854102e-01
9.900000e-02  3.819417e-01
1.020000e-01  3.785929e-01
1.050000e-01  3.753566e-01
1.080000e-01  3.722260e-01
1.110000e-01  3.691948e-01
1.140000e-01  3.662574e-01
1.170000e-01  3.634086e-01
1.200000e-01  3.606437e-01
1.230000e-01  3.579581e-01
1.260000e-01  3.553478e-01
1.290000e-01  3.528089e-01
1.320000e-01  3.503380e-01
1.350000e-01  3.479318e-01
1.380000e-01  3.455872e-01
1.410000e-01  3.433014e-01
1.440000e-01  3.410716e-01
1.470000e-01  3.388955e-01
1.500000e-01  3.367707e-01
1.530000e-01  3.346949e-01
1.560000e-01  3.326662e-01
1.590000e-01  3.306826e-01
1.620000e-01  3.287422e-01
1.650000e-01  3.268434e-01
1.680000e-01  3.249846e-01
1.710000e-01  3.231641e-01
1.740000e-01  3.213807e-01
1.770000e-01  3.196328e-01
1.800000e-01  3.179192e-01
1.830000e-01  3.162388e-01
1.860000e-01  3.145902e-01
1.890000e-01  3.129724e-01
1.920000e-01  3.113844e-01
1.950000e-01  3.098251e-01
1.980000e-01  3.082936e-01
2.010000e-01  3.067890e-01
2.040000e-01  3.053104e-01
2.070000e-01  3.038571e-01
2.100000e-01  3.024281e-01
2.130000e-01  3.010228e-01
2.160000e-01  2.996404e-01
2.190000e-01  2.982802e-01
2.220000e-01  2.969417e-01
2.250000e-01  2.956241e-01
2.280000e-01  2.943269e-01
2.310000e-01  2.930494e-01
2.340000e-01  2.917911e-01
2.370000e-01  2.905516e-01
2.400000e-01  2.893302e-01
2.430000e-01  2.881265e-01
2.460000e-01  2.869399e-01
2.490000e-01  2.857702e-01
2.520000e-01  2.846167e-01
2.550000e-01  2.834791e-01
2.580000e-01  2.823570e-01
2.610000e-01  2.812500e-01
2.640000e-01  2.801577e-01
2.670000e-01  2.790798e-01
2.700000e-01  2.780158e-01
2.730000e-01  2.769656e-01
2.760000e-01  2.759286e-01
2.790000e-01  2.749047e-01
2.820000e-01  2.738935e-01
2.850000e-01  2.728947e-01
2.880000e-01  2.719080e-01
2.910000e-01  2.709332e-01
2.940000e-01  2.699700e-01
2.970000e-01  2.690181e-01
3.000000e-01  2.680773e-01
3.030000e-01  2.671474e-01
3.060000e-01  2.662281e-01
3.090000e-01  2.653191e-01
3.120000e-01  2.644203e-01
3.150000e-01  2.635314e-01
3.180000e-01  2.626523e-01
3.210000e-01  2.617828e-01
3.240000e-01  2.609225e-01
3.270000e-01  2.600715e-01
3.300000e-01  2.592294e-01
3.330000e-01  2.583961e-01
3.360000e-01  2.575714e-01
3.390000e-01  2.567551e-01
3.420000e-01  2.559472e-01
3.450000e-01  2.551474e-01
3.480000e-01  2.543555e-01
3.510000e-01  2.535715e-01
3.540000e-01  2.527951e-01
3.570000e-01  2.520263e-01
3.600000e-01  2.512649e-01
3.630000e-01  2.505108e-01
3.660000e-01  2.497637e-01
3.690000e-01  2.490237e-01
3.720000e-01  2.482905e-01
3.750000e-01  2.475641e-01
3.780000e-01  2.468444e-01
3.810000e-01  2.461311e-01
3.840000e-01  2.454243e-01
3.870000e-01  2.447237e-01
3.900000e-01  2.440294e-01
3.930000e-01  2.433411e-01
3.960000e-01  2.426588e-01
3.990000e-01  2.419824e-01
4.020000e-01  2.413117e-01
4.050000e-01  2.406468e-01
4.080000e-01  2.399874e-01
4.110000e-01  2.393336e-01
4.140000e-01  2.386852e-01
4.170000e-01  2.380421e-01
4.200000e-01  2.374043e-01
4.230000e-01  2.367716e-01
4.260000e-01  2.361440e-01
4.290000e-01  2.355214e-01
4.320000e-01  2.349037e-01
4.350000e-01  2.342909e-01
4.380000e-01  2.336829e-01
4.410000e-01  2.330796e-01
4.440000e-01  2.324809e-01
4.470000e-01  2.318867e-01
4.500000e-01  2.312971e-01
4.530000e-01  2.307119e-01
4.560000e-01  2.301311e-01
4.590000e-01  2.295546e-01
4.620000e-01  2.289823e-01
4.650000e-01  2.284142e-01
4.680000e-01  2.278502e-01
4.710000e-01  2.272902e-01
4.740000e-01  2.267343e-01
4.770000e-01  2.261823e-01
4.800000e-01  2.256343e-01
4.830000e-01  2.250900e-01
4.860000e-01  2.245496e-01
4.890000e-01  2.240129e-01
4.920000e-01  2.234798e-01
4.950000e-01  2.229504e-01
4.980000e-01  2.224246e-01
5.010000e-01  2.219023e-01
5.040000e-01  2.213835e-01
5.070000e-01  2.208682e-01
5.100000e-01  2.203563e-01
5.130000e-01  2.198477e-01
5.160000e-01  2.193424e-01
5.190000e-01  2.188404e-01
5.220000e-01  2.183416e-01
5.250000e-01  2.178460e-01
5.280000e-01  2.173536e-01
5.310000e-01  2.168642e-01
5.340000e-01  2.163779e-01
5.370000e-01  2.158946e-01
5.400000e-01  2.154144e-01
5.430000e-01  2.149371e-01
5.460000e-01  2.144627e-01
5.490000e-01  2.139912e-01
5.520000e-01  2.135225e-01
5.550000e-01  2.130566e-01
5.580000e-01  2.125935e-01
5.610000e-01  2.121332e-01
5.640000e-01  2.116756e-01
5.670000e-01  2.112206e-01
5.700000e-01  2.107683e-01
5.730000e-01  2.103186e-01
5.760000e-01  2.098715e-01
5.790000e-01  2.094270e-01
5.820000e-01  2.089849e-01
5.850000e-01  2.085454e-01
5.880000e-01  2.081083e-01
5.910000e-01  2.076737e-01
5.940000e-01  2.072415e-01
5.970000e-01  2.068117e-01
6.000000e-01  2.063842e-01
6.030000e-01  2.059591e-01
6.060000e-01  2.055363e-01
6.090000e-01  2.051157e-01
6.120000e-01  2.046974e-01
6.150000e-01  2.042813e-01
6.180000e-01  2.038675e-01
6.210000e-01  2.034558e-01
6.240000e-01  2.030463e-01
6.270000e-01  2.026389e-01
6.300000e-01  2.022336e-01
6.330000e-01  2.018304e-01
6.360000e-01  2.014293e-01
6.390000e-01  2.010302e-01
6.420000e-01  2.006331e-01
6.450000e-01  2.002380e-01
6.480000e-01  1.998450e-01
6.510000e-01  1.994538e-01
6.540000e-01  1.990646e-01
6.570000e-01  1.986774e-01
6.600000e-01  1.982920e-01
6.630000e-01  1.979085e-01
6.660000e-01  1.975269e-01
6.690000e-01  1.971471e-01
6.720000e-01  1.967691e-01
6.750000e-01  1.963930e-01
6.780000e-01  1.960186e-01
6.810000e-01  1.956460e-01
6.840000e-01  1.952751e-01
6.870000e-01  1.949060e-01
6.900000e-01  1.945386e-01
6.930000e-01  1.941729e-01
6.960000e-01  1.938089e-01
6.990000e-01  1.934465e-01
7.020000e-01  1.930858e-01
7.050000e-01  1.927267e-01
7.080000e-01  1.923692e-01
7.110000e-01  1.920134e-01
7.140000e-01  1.916591e-01
7.170000e-01  1.913064e-01
7.200000e-01  1.909553e-01
7.230000e-01  1.906056e-01
7.260000e-01  1.902576e-01
7.290000e-01  1.899110e-01
7.320000e-01  1.895659e-01
7.350000e-01  1.892223e-01
7.380000e-01  1.888802e-01
7.410000e-01  1.885396e-01
7.440000e-01  1.882003e-01
7.470000e-01  1.878625e-01
7.500000e-01  1.875262e-01
7.530000e-01  1.871912e-01
7.560000e-01  1.868576e-01
7.590000e-01  1.865254e-01
7.620000e-01  1.861946e-01
7.650000e-01  1.858651e-01
7.680000e-01  1.855369e-01
7.710000e-01  1.852101e-01
7.740000e-01  1.848846e-01
7.770000e-01  1.845604e-01
7.800000e-01  1.842375e-01
7.830000e-01  1.839159e-01
7.860000e-01  1.835955e-01
7.890000e-01  1.832764e-01
7.920000e-01  1.829586e-01
7.950000e-01  1.826420e-01
7.980000e-01  1.823266e-01
8.010000e-01  1.820124e-01
8.040000e-01  1.816995e-01
8.070000e-01  1.813877e-01
8.100000e-01  1.810771e-01
8.130000e-01  1.807677e-01
8.160000e-01  1.804595e-01
8.190000e-01  1.801524e-01
8.220000e-01  1.798464e-01
8.250000e-01  1.795416e-01
8.280000e-01  1.792379e-01
8.310000e-01  1.789353e-01
8.340000e-01  1.786338e-01
8.370000e-01  1.783335e-01
8.400000e-01  1.780342e-01
8.430000e-01  1.777360e-01
8.460000e-01  1.774388e-01
8.490000e-01  1.771427e-01
8.520000e-01  1.768477e-01
8.550000e-01  1.765537e-01
8.580000e-01  1.762607e-01
8.610000e-01  1.759688e-01
8.640000e-01  1.756779e-01
8.670000e-01  1.753880e-01
8.700000e-01  1.750990e-01
8.730000e-01  1.748111e-01
8.760000e-01  1.745242e-01
8.790000e-01  1.742382e-01
8.820000e-01  1.739533e-01
8.850000e-01  1.736692e-01
8.880000e-01  1.733861e-01
8.910000e-01  1.731040e-01
8.940000e-01  1.728228e-01
8.970000e-01  1.725425e-01
9.000000e-01  1.722632e-01
9.030000e-01  1.719847e-01
9.060000e-01  1.717072e-01
9.090000e-01  1.714306e-01
9.120000e-01  1.711549e-01
9.150000e-01  1.708800e-01
9.180000e-01  1.706060e-01
9.210000e-01  1.703329e-01
9.240000e-01  1.700607e-01
9.270000e-01  1.697893e-01
9.300000e-01  1.695188e-01
9.330000e-01  1.692491e-01
9.360000e-01  1.689803e-01
9.390000e-01  1.687122e-01
9.420000e-01  1.684451e-01
9.450000e-01  1.681787e-01
9.480000e-01  1.679131e-01
9.510000e-01  1.676484e-01
9.540000e-01  1.673844e-01
9.570000e-01  1.671213e-01
9.600000e-01  1.668589e-01
9.630000e-01  1.665973e-01
9.660000e-01  1.663365e-01
9.690000e-01  1.660765e-01
9.720000e-01  1.658172e-01
9.750000e-01  1.655587e-01
9.780000e-01  1.653009e-01
9.810000e-01  1.650439e-01
9.840000e-01  1.647876e-01
9.870000e-01  1.645321e-01
9.900000e-01  1.642772e-01
9.930000e-01  1.640231e-01
9.960000e-01  1.637698e-01
9.990000e-01  1.635171e-01
