000000  000001
3.000000e-03  7.546561e-01
6.000000e-03  6.641600e-01
9.000000e-03  6.093397e-01
1.200000e-02  5.705680e-01
1.500000e-02  5.408644e-01
1.800000e-02  5.169554e-01
2.100000e-02  4.970508e-01
2.400000e-02  4.800680e-01
2.700000e-02  4.653048e-01
3.000000e-02  4.522807e-01
3.300000e-02  4.406531e-01
3.600000e-02  4.301698e-01
3.900000e-02  4.206397e-01
4.200000e-02  4.119149e-01
4.500000e-02  4.038788e-01
4.800000e-02  3.964376e-01
5.100000e-02  3.895152e-01
5.400000e-02  3.830488e-01
5.700000e-02  3.769861e-01
6.000000e-02  3.712830e-01
6.300000e-02  3.659021e-01
6.600000e-02  3.608115e-01
6.900000e-02  3.559835e-01
7.200000e-02  3.513943e-01
7.500000e-02  3.470229e-01
7.800000e-02  3.428510e-01
8.100000e-02  3.388625e-01
8.400000e-02  3.350428e-01
8.700000e-02  3.313794e-01
9.000000e-02  3.278608e-01
9.300000e-02  3.244767e-01
9.600000e-02  3.212179e-01
9.900000e-02  3.180760e-01
1.020000e-01  3.150436e-01
1.050000e-01  3.121137e-01
1.080000e-01  3.092800e-01
1.110000e-01  3.065370e-01
1.140000e-01  3.038792e-01
1.170000e-01  3.013020e-01
1.200000e-01  2.988008e-01
1.230000e-01  2.963716e-01
1.260000e-01  2.940106e-01
1.290000e-01  2.917143e-01
1.320000e-01  2.894795e-01
1.350000e-01  2.873032e-01
1.380000e-01  2.851825e-01
1.410000e-01  2.831149e-01
1.440000e-01  2.810979e-01
1.470000e-01  2.791292e-01
1.500000e-01  2.772067e-01
1.530000e-01  2.753285e-01
1.560000e-01  2.734925e-01
1.590000e-01  2.716971e-01
1.620000e-01  2.699406e-01
1.650000e-01  2.682214e-01
1.680000e-01  2.665380e-01
1.710000e-01  2.648892e-01
1.740000e-01  2.632735e-01
1.770000e-01  2.616897e-01
1.800000e-01  2.601366e-01
1.830000e-01  2.586132e-01
1.860000e-01  2.571183e-01
1.890000e-01  2.556509e-01
1.920000e-01  2.542102e-01
1.950000e-01  2.527951e-01
1.980000e-01  2.514049e-01
2.010000e-01  2.500387e-01
2.040000e-01  2.486957e-01
2.070000e-01  2.473753e-01
2.100000e-01  2.460765e-01
2.130000e-01  2.447989e-01
2.160000e-01  2.435416e-01
2.190000e-01  2.423042e-01
2.220000e-01  2.410860e-01
2.250000e-01  2.398865e-01
2.280000e-01  2.387051e-01
2.310000e-01  2.375412e-01
2.340000e-01  2.363944e-01
2.370000e-01  2.352642e-01
2.400000e-01  2.341502e-01
2.430000e-01  2.330518e-01
2.460000e-01  2.319687e-01
2.490000e-01  2.309005e-01
2.520000e-01  2.298467e-01
2.550000e-01  2.288070e-01
2.580000e-01  2.277810e-01
2.610000e-01  2.267684e-01
2.640000e-01  2.257688e-01
2.670000e-01  2.247819e-01
2.700000e-01  2.238074e-01
2.730000e-01  2.228450e-01
2.760000e-01  2.218943e-01
2.790000e-01  2.209552e-01
2.820000e-01  2.200273e-01
2.850000e-01  2.191103e-01
2.880000e-01  2.182040e-01
2.910000e-01  2.173082e-01
2.940000e-01  2.164227e-01
2.970000e-01  2.155471e-01
3.000000e-01  2.146813e-01
3.030000e-01  2.138250e-01
3.060000e-01  2.129781e-01
3.090000e-01  2.121403e-01
3.120000e-01  2.113114e-01
3.150000e-01  2.104913e-01
3.180000e-01  2.096797e-01
3.210000e-01  2.088765e-01
3.240000e-01  2.080815e-01
3.270000e-01  2.072946e-01
3.300000e-01  2.065155e-01
3.330000e-01  2.057441e-01
3.360000e-01  2.049803e-01
3.390000e-01  2.042239e-01
3.420000e-01  2.034747e-01
3.450000e-01  2.027327e-01
3.480000e-01  2.019976e-01
3.510000e-01  2.012694e-01
3.540000e-01  2.005478e-01
3.570000e-01  1.998329e-01
3.600000e-01  1.991244e-01
3.630000e-01  1.984222e-01
3.660000e-01  1.977263e-01
3.690000e-01  1.970364e-01
3.720000e-01  1.963526e-01
3.750000e-01  1.956746e-01
3.780000e-01  1.950024e-01
3.810000e-01  1.943359e-01
3.840000e-01  1.936749e-01
3.870000e-01  1.930194e-01
3.900000e-01  1.923692e-01
3.930000e-01  1.917244e-01
3.960000e-01  1.910847e-01
3.990000e-01  1.904502e-01
4.020000e-01  1.898206e-01
4.050000e-01  1.891960e-01
4.080000e-01  1.885762e-01
4.110000e-01  1.879611e-01
4.140000e-01  1.873508e-01
4.170000e-01  1.867450e-01
4.200000e-01  1.861438e-01
4.230000e-01  1.855470e-01
4.260000e-01  1.849546e-01
4.290000e-01  1.843665e-01
4.320000e-01  1.837827e-01
4.350000e-01  1.832030e-01
4.380000e-01  1.826274e-01
4.410000e-01  1.820559e-01
4.440000e-01  1.814883e-01
4.470000e-01  1.809246e-01
4.500000e-01  1.803648e-01
4.530000e-01  1.798088e-01
4.560000e-01  1.792566e-01
4.590000e-01  1.787079e-01
4.620000e-01  1.781630e-01
4.650000e-01  1.776215e-01
4.680000e-01  1.770836e-01
4.710000e-01  1.765492e-01
4.740000e-01  1.760181e-01
4.770000e-01  1.754904e-01
4.800000e-01  1.749661e-01
4.830000e-01  1.744449e-01
4.860000e-01  1.739270e-01
4.890000e-01  1.734122e-01
4.920000e-01  1.729006e-01
4.950000e-01  1.723920e-01
4.980000e-01  1.718864e-01
5.010000e-01  1.713839e-01
5.040000e-01  1.708842e-01
5.070000e-01  1.703875e-01
5.100000e-01  1.698936e-01
5.130000e-01  1.694025e-01
5.160000e-01  1.689142e-01
5.190000e-01  1.684287e-01
5.220000e-01  1.679458e-01
5.250000e-01  1.674656e-01
5.280000e-01  1.669880e-01
5.310000e-01  1.665130e-01
5.340000e-01  1.660405e-01
5.370000e-01  1.655706e-01
5.400000e-01  1.651031e-01
5.430000e-01  1.646381e-01
5.460000e-01  1.641755e-01
5.490000e-01  1.637153e-01
5.520000e-01  1.632574e-01
5.550000e-01  1.628018e-01
5.580000e-01  1.623486e-01
5.610000e-01  1.618975e-01
5.640000e-01  1.614487e-01
5.670000e-01  1.610021e-01
5.700000e-01  1.605577e-01
5.730000e-01  1.601153e-01
5.760000e-01  1.596751e-01
5.790000e-01  1.592370e-01
5.820000e-01  1.588009e-01
5.850000e-01  1.583668e-01
5.880000e-01  1.579347e-01
5.910000e-01  1.575046e-01
5.940000e-01  1.570765e-01
5.970000e-01  1.566502e-01
6.000000e-01  1.562259e-01
6.030000e-01  1.558033e-01
6.060000e-01  1.553827e-01
6.090000e-01  1.549639e-01
6.120000e-01  1.545468e-01
6.150000e-01  1.541315e-01
6.180000e-01  1.537180e-01
6.210000e-01  1.533062e-01
6.240000e-01  1.528961e-01
6.270000e-01  1.524876e-01
6.300000e-01  1.520808e-01
6.330000e-01  1.516757e-01
6.360000e-01  1.512721e-01
6.390000e-01  1.508702e-01
6.420000e-01  1.504698e-01
6.450000e-01  1.500710e-01
6.480000e-01  1.496737e-01
6.510000e-01  1.492779e-01
6.540000e-01  1.488835e-01
6.570000e-01  1.484907e-01
6.600000e-01  1.480993e-01
6.630000e-01  1.477093e-01
6.660000e-01  1.473207e-01
6.690000e-01  1.469336e-01
6.720000e-01  1.465478e-01
6.750000e-01  1.461633e-01
6.780000e-01  1.457802e-01
6.810000e-01  1.453984e-01
6.840000e-01  1.450179e-01
6.870000e-01  1.446386e-01
6.900000e-01  1.442607e-01
6.930000e-01  1.438839e-01
6.960000e-01  1.435084e-01
6.990000e-01  1.431342e-01
7.020000e-01  1.427611e-01
7.050000e-01  1.423891e-01
7.080000e-01  1.420184e-01
7.110000e-01  1.416488e-01
7.140000e-01  1.412803e-01
7.170000e-01  1.409129e-01
7.200000e-01  1.405466e-01
7.230000e-01  1.401814e-01
7.260000e-01  1.398173e-01
7.290000e-01  1.394542e-01
7.320000e-01  1.390921e-01
7.350000e-01  1.387311e-01
7.380000e-01  1.383711e-01
7.410000e-01  1.380120e-01
7.440000e-01  1.376539e-01
7.470000e-01  1.372968e-01
7.500000e-01  1.369406e-01
7.530000e-01  1.365853e-01
7.560000e-01  1.362310e-01
7.590000e-01  1.358775e-01
7.620000e-01  1.355250e-01
7.650000e-01  1.351733e-01
7.680000e-01  1.348224e-01
7.710000e-01  1.344724e-01
7.740000e-01  1.341232e-01
7.770000e-01  1.337748e-01
7.800000e-01  1.334272e-01
7.830000e-01  1.330804e-01
7.860000e-01  1.327344e-01
7.890000e-01  1.323891e-01
7.920000e-01  1.320446e-01
7.950000e-01  1.317008e-01
7.980000e-01  1.313577e-01
8.010000e-01  1.310153e-01
8.040000e-01  1.306736e-01
8.070000e-01  1.303325e-01
8.100000e-01  1.299921e-01
8.130000e-01  1.296524e-01
8.160000e-01  1.293133e-01
8.190000e-01  1.289748e-01
8.220000e-01  1.286369e-01
8.250000e-01  1.282996e-01
8.280000e-01  1.279629e-01
8.310000e-01  1.276267e-01
8.340000e-01  1.272911e-01
8.370000e-01  1.269560e-01
8.400000e-01  1.266215e-01
8.430000e-01  1.262874e-01
8.460000e-01  1.259539e-01
8.490000e-01  1.256208e-01
8.520000e-01  1.252882e-01
8.550000e-01  1.249560e-01
8.580000e-01  1.246243e-01
8.610000e-01  1.242930e-01
8.640000e-01  1.239621e-01
8.670000e-01  1.236316e-01
8.700000e-01  1.233015e-01
8.730000e-01  1.229718e-01
8.760000e-01  1.226424e-01
8.790000e-01  1.223134e-01
8.820000e-01  1.219847e-01
8.850000e-01  1.216563e-01
8.880000e-01  1.213282e-01
8.910000e-01  1.210004e-01
8.940000e-01  1.206729e-01
8.970000e-01  1.203456e-01
9.000000e-01  1.200185e-01
9.030000e-01  1.196917e-01
9.060000e-01  1.193651e-01
9.090000e-01  1.190387e-01
9.120000e-01  1.187125e-01
9.150000e-01  1.183864e-01
9.180000e-01  1.180605e-01
9.210000e-01  1.177347e-01
9.240000e-01  1.174090e-01
9.270000e-01  1.170834e-01
9.300000e-01  1.167579e-01
9.330000e-01  1.164325e-01
9.360000e-01  1.161071e-01
9.390000e-01  1.157818e-01
9.420000e-01  000000
9.450000e-01  000000
9.480000e-01  000000
9.510000e-01  000000
9.540000e-01  000000
9.570000e-01  000000
9.600000e-01  000000
9.630000e-01  000000
9.660000e-01  000000
9.690000e-01  000000
9.720000e-01  000000
9.750000e-01  000000
9.780000e-01  000000
9.810000e-01  000000
9.840000e-01  000000
9.870000e-01  000000
9.900000e-01  000000
9.930000e-01  000000
9.960000e-01  000000
9.990000e-01  000000
