000000  000001
3.000000e-03  6.391335e-01
6.000000e-03  5.458573e-01
9.000000e-03  4.930535e-01
1.200000e-02  4.569257e-01
1.500000e-02  4.298009e-01
1.800000e-02  4.082643e-01
2.100000e-02  3.905106e-01
2.400000e-02  3.754746e-01
2.700000e-02  3.624779e-01
3.000000e-02  3.510633e-01
3.300000e-02  3.409086e-01
3.600000e-02  3.317791e-01
3.900000e-02  3.234984e-01
4.200000e-02  3.159311e-01
4.500000e-02  3.089709e-01
4.800000e-02  3.025331e-01
5.100000e-02  2.965492e-01
5.400000e-02  2.909627e-01
5.700000e-02  2.857271e-01
6.000000e-02  2.808032e-01
6.300000e-02  2.761579e-01
6.600000e-02  2.717629e-01
6.900000e-02  2.675938e-01
7.200000e-02  2.636297e-01
7.500000e-02  2.598523e-01
7.800000e-02  2.562455e-01
8.100000e-02  2.527951e-01
8.400000e-02  2.494888e-01
8.700000e-02  2.463154e-01
9.000000e-02  2.432650e-01
9.300000e-02  2.403286e-01
9.600000e-02  2.374984e-01
9.900000e-02  2.347671e-01
1.020000e-01  2.321283e-01
1.050000e-01  2.295758e-01
1.080000e-01  2.271045e-01
1.110000e-01  2.247093e-01
1.140000e-01  2.223858e-01
1.170000e-01  2.201298e-01
1.200000e-01  2.179375e-01
1.230000e-01  2.158055e-01
1.260000e-01  2.137304e-01
1.290000e-01  2.117094e-01
1.320000e-01  2.097395e-01
1.350000e-01  2.078183e-01
1.380000e-01  2.059434e-01
1.410000e-01  2.041124e-01
1.440000e-01  2.023235e-01
1.470000e-01  2.005744e-01
1.500000e-01  1.988636e-01
1.530000e-01  1.971892e-01
1.560000e-01  1.955497e-01
1.590000e-01  1.939435e-01
1.620000e-01  1.923692e-01
1.650000e-01  1.908256e-01
1.680000e-01  1.893113e-01
1.710000e-01  1.878251e-01
1.740000e-01  1.863659e-01
1.770000e-01  1.849328e-01
1.800000e-01  1.835245e-01
1.830000e-01  1.821403e-01
1.860000e-01  1.807791e-01
1.890000e-01  1.794402e-01
1.920000e-01  1.781227e-01
1.950000e-01  1.768259e-01
1.980000e-01  1.755489e-01
2.010000e-01  1.742911e-01
2.040000e-01  1.730519e-01
2.070000e-01  1.718304e-01
2.100000e-01  1.706263e-01
2.130000e-01  1.694388e-01
2.160000e-01  1.682674e-01
2.190000e-01  1.671116e-01
2.220000e-01  1.659708e-01
2.250000e-01  1.648445e-01
2.280000e-01  1.637323e-01
2.310000e-01  1.626337e-01
2.340000e-01  1.615483e-01
2.370000e-01  1.604756e-01
2.400000e-01  1.594152e-01
2.430000e-01  1.583668e-01
2.460000e-01  1.573300e-01
2.490000e-01  1.563043e-01
2.520000e-01  1.552895e-01
2.550000e-01  1.542851e-01
2.580000e-01  1.532909e-01
2.610000e-01  1.523066e-01
2.640000e-01  1.513318e-01
2.670000e-01  1.503663e-01
2.700000e-01  1.494096e-01
2.730000e-01  1.484616e-01
2.760000e-01  1.475220e-01
2.790000e-01  1.465905e-01
2.820000e-01  1.456669e-01
2.850000e-01  1.447509e-01
2.880000e-01  1.438422e-01
2.910000e-01  1.429406e-01
2.940000e-01  1.420458e-01
2.970000e-01  1.411577e-01
3.000000e-01  1.402760e-01
3.030000e-01  1.394005e-01
3.060000e-01  1.385310e-01
3.090000e-01  1.376672e-01
3.120000e-01  1.368089e-01
3.150000e-01  1.359560e-01
3.180000e-01  1.351082e-01
3.210000e-01  1.342654e-01
3.240000e-01  1.334272e-01
3.270000e-01  1.325936e-01
3.300000e-01  1.317644e-01
3.330000e-01  1.309393e-01
3.360000e-01  1.301181e-01
3.390000e-01  1.293007e-01
3.420000e-01  1.284869e-01
3.450000e-01  1.276765e-01
3.480000e-01  1.268692e-01
3.510000e-01  1.260650e-01
3.540000e-01  1.252635e-01
3.570000e-01  1.244647e-01
3.600000e-01  1.236683e-01
3.630000e-01  1.228742e-01
3.660000e-01  1.220821e-01
3.690000e-01  1.212918e-01
3.720000e-01  1.205031e-01
3.750000e-01  1.197159e-01
3.780000e-01  1.189299e-01
3.810000e-01  1.181449e-01
3.840000e-01  1.173608e-01
3.870000e-01  1.165771e-01
3.900000e-01  1.157938e-01
3.930000e-01  000000
3.960000e-01  000000
3.990000e-01  000000
4.020000e-01  000000
4.050000e-01  000000
4.080000e-01  000000
4.110000e-01  000000
4.140000e-01  000000
4.170000e-01  000000
4.200000e-01  000000
4.230000e-01  000000
4.260000e-01  000000
4.290000e-01  000000
4.320000e-01  000000
4.350000e-01  000000
4.380000e-01  000000
4.410000e-01  000000
4.440000e-01  000000
4.470000e-01  000000
4.500000e-01  000000
4.530000e-01  000000
4.560000e-01  000000
4.590000e-01  000000
4.620000e-01  000000
4.650000e-01  000000
4.680000e-01  000000
4.710000e-01  000000
4.740000e-01  000000
4.770000e-01  000000
4.800000e-01  000000
4.830000e-01  000000
4.860000e-01  000000
4.890000e-01  000000
4.920000e-01  000000
4.950000e-01  000000
4.980000e-01  000000
5.010000e-01  000000
5.040000e-01  000000
5.070000e-01  000000
5.100000e-01  000000
5.130000e-01  000000
5.160000e-01  000000
5.190000e-01  000000
5.220000e-01  000000
5.250000e-01  000000
5.280000e-01  000000
5.310000e-01  000000
5.340000e-01  000000
5.370000e-01  000000
5.400000e-01  000000
5.430000e-01  000000
5.460000e-01  000000
5.490000e-01  000000
5.520000e-01  000000
5.550000e-01  000000
5.580000e-01  000000
5.610000e-01  000000
5.640000e-01  000000
5.670000e-01  000000
5.700000e-01  000000
5.730000e-01  000000
5.760000e-01  000000
5.790000e-01  000000
5.820000e-01  000000
5.850000e-01  000000
5.880000e-01  000000
5.910000e-01  000000
5.940000e-01  000000
5.970000e-01  000000
6.000000e-01  000000
6.030000e-01  000000
6.060000e-01  000000
6.090000e-01  000000
6.120000e-01  000000
6.150000e-01  000000
6.180000e-01  000000
6.210000e-01  000000
6.240000e-01  000000
6.270000e-01  000000
6.300000e-01  000000
6.330000e-01  000000
6.360000e-01  000000
6.390000e-01  000000
6.420000e-01  000000
6.450000e-01  000000
6.480000e-01  000000
6.510000e-01  000000
6.540000e-01  000000
6.570000e-01  000000
6.600000e-01  000000
6.630000e-01  000000
6.660000e-01  000000
6.690000e-01  000000
6.720000e-01  000000
6.750000e-01  000000
6.780000e-01  000000
6.810000e-01  000000
6.840000e-01  000000
6.870000e-01  000000
6.900000e-01  000000
6.930000e-01  000000
6.960000e-01  000000
6.990000e-01  000000
7.020000e-01  000000
7.050000e-01  000000
7.080000e-01  000000
7.110000e-01  000000
7.140000e-01  000000
7.170000e-01  000000
7.200000e-01  000000
7.230000e-01  000000
7.260000e-01  000000
7.290000e-01  000000
7.320000e-01  000000
7.350000e-01  000000
7.380000e-01  000000
7.410000e-01  000000
7.440000e-01  000000
7.470000e-01  000000
7.500000e-01  000000
7.530000e-01  000000
7.560000e-01  000000
7.590000e-01  000000
7.620000e-01  000000
7.650000e-01  000000
7.680000e-01  000000
7.710000e-01  000000
7.740000e-01  000000
7.770000e-01  000000
7.800000e-01  000000
7.830000e-01  000000
7.860000e-01  000000
7.890000e-01  000000
7.920000e-01  000000
7.950000e-01  000000
7.980000e-01  000000
8.010000e-01  000000
8.040000e-01  000000
8.070000e-01  000000
8.100000e-01  000000
8.130000e-01  000000
8.160000e-01  000000
8.190000e-01  000000
8.220000e-01  000000
8.250000e-01  000000
8.280000e-01  000000
8.310000e-01  000000
8.340000e-01  000000
8.370000e-01  000000
8.400000e-01  000000
8.430000e-01  000000
8.460000e-01  000000
8.490000e-01  000000
8.520000e-01  000000
8.550000e-01  000000
8.580000e-01  000000
8.610000e-01  000000
8.640000e-01  000000
8.670000e-01  000000
8.700000e-01  000000
8.730000e-01  000000
8.760000e-01  000000
8.790000e-01  000000
8.820000e-01  000000
8.850000e-01  000000
8.880000e-01  000000
8.910000e-01  000000
8.940000e-01  000000
8.970000e-01  000000
9.000000e-01  000000
9.030000e-01  000000
9.060000e-01  000000
9.090000e-01  000000
9.120000e-01  000000
9.150000e-01  000000
9.180000e-01  000000
9.210000e-01  000000
9.240000e-01  000000
9.270000e-01  000000
9.300000e-01  000000
9.330000e-01  000000
9.360000e-01  000000
9.390000e-01  000000
9.420000e-01  000000
9.450000e-01  000000
9.480000e-01  000000
9.510000e-01  000000
9.540000e-01  000000
9.570000e-01  000000
9.600000e-01  000000
9.630000e-01  000000
9.660000e-01  000000
9.690000e-01  000000
9.720000e-01  000000
9.750000e-01  000000
9.780000e-01  000000
9.810000e-01  000000
9.840000e-01  000000
9.870000e-01  000000
9.900000e-01  000000
9.930000e-01  000000
9.960000e-01  000000
9.990000e-01  000000
