000000  000001
3.000000e-03  7.015016e-01
6.000000e-03  6.082949e-01
9.000000e-03  5.538091e-01
1.200000e-02  5.159512e-01
1.500000e-02  4.872631e-01
1.800000e-02  4.643443e-01
2.100000e-02  4.453684e-01
2.400000e-02  4.292456e-01
2.700000e-02  4.152760e-01
3.000000e-02  4.029845e-01
3.300000e-02  3.920346e-01
3.600000e-02  3.821797e-01
3.900000e-02  3.732340e-01
4.200000e-02  3.650544e-01
4.500000e-02  3.575281e-01
4.800000e-02  3.505651e-01
5.100000e-02  3.440923e-01
5.400000e-02  3.380495e-01
5.700000e-02  3.323867e-01
6.000000e-02  3.270621e-01
6.300000e-02  3.220401e-01
6.600000e-02  3.172901e-01
6.900000e-02  3.127862e-01
7.200000e-02  3.085057e-01
7.500000e-02  3.044287e-01
7.800000e-02  3.005380e-01
8.100000e-02  2.968183e-01
8.400000e-02  2.932560e-01
8.700000e-02  2.898393e-01
9.000000e-02  2.865573e-01
9.300000e-02  2.834003e-01
9.600000e-02  2.803598e-01
9.900000e-02  2.774280e-01
1.020000e-01  2.745976e-01
1.050000e-01  2.718624e-01
1.080000e-01  2.692164e-01
1.110000e-01  2.666544e-01
1.140000e-01  2.641713e-01
1.170000e-01  2.617627e-01
1.200000e-01  2.594244e-01
1.230000e-01  2.571527e-01
1.260000e-01  2.549441e-01
1.290000e-01  2.527951e-01
1.320000e-01  2.507030e-01
1.350000e-01  2.486648e-01
1.380000e-01  2.466779e-01
1.410000e-01  2.447399e-01
1.440000e-01  2.428486e-01
1.470000e-01  2.410018e-01
1.500000e-01  2.391974e-01
1.530000e-01  2.374338e-01
1.560000e-01  2.357091e-01
1.590000e-01  2.340217e-01
1.620000e-01  2.323700e-01
1.650000e-01  2.307526e-01
1.680000e-01  2.291681e-01
1.710000e-01  2.276153e-01
1.740000e-01  2.260929e-01
1.770000e-01  2.245997e-01
1.800000e-01  2.231347e-01
1.830000e-01  2.216968e-01
1.860000e-01  2.202851e-01
1.890000e-01  2.188986e-01
1.920000e-01  2.175364e-01
1.950000e-01  2.161977e-01
1.980000e-01  2.148818e-01
2.010000e-01  2.135877e-01
2.040000e-01  2.123149e-01
2.070000e-01  2.110625e-01
2.100000e-01  2.098301e-01
2.130000e-01  2.086168e-01
2.160000e-01  2.074221e-01
2.190000e-01  2.062456e-01
2.220000e-01  2.050864e-01
2.250000e-01  2.039443e-01
2.280000e-01  2.028186e-01
2.310000e-01  2.017089e-01
2.340000e-01  2.006147e-01
2.370000e-01  1.995355e-01
2.400000e-01  1.984710e-01
2.430000e-01  1.974207e-01
2.460000e-01  1.963843e-01
2.490000e-01  1.953612e-01
2.520000e-01  1.943513e-01
2.550000e-01  1.933541e-01
2.580000e-01  1.923692e-01
2.610000e-01  1.913965e-01
2.640000e-01  1.904355e-01
2.670000e-01  1.894859e-01
2.700000e-01  1.885475e-01
2.730000e-01  1.876199e-01
2.760000e-01  1.867029e-01
2.790000e-01  1.857963e-01
2.820000e-01  1.848997e-01
2.850000e-01  1.840130e-01
2.880000e-01  1.831358e-01
2.910000e-01  1.822681e-01
2.940000e-01  1.814094e-01
2.970000e-01  1.805597e-01
3.000000e-01  1.797187e-01
3.030000e-01  1.788862e-01
3.060000e-01  1.780620e-01
3.090000e-01  1.772459e-01
3.120000e-01  1.764378e-01
3.150000e-01  1.756374e-01
3.180000e-01  1.748446e-01
3.210000e-01  1.740592e-01
3.240000e-01  1.732810e-01
3.270000e-01  1.725100e-01
3.300000e-01  1.717459e-01
3.330000e-01  1.709885e-01
3.360000e-01  1.702379e-01
3.390000e-01  1.694937e-01
3.420000e-01  1.687558e-01
3.450000e-01  1.680242e-01
3.480000e-01  1.672987e-01
3.510000e-01  1.665791e-01
3.540000e-01  1.658654e-01
3.570000e-01  1.651574e-01
3.600000e-01  1.644549e-01
3.630000e-01  1.637580e-01
3.660000e-01  1.630664e-01
3.690000e-01  1.623801e-01
3.720000e-01  1.616990e-01
3.750000e-01  1.610228e-01
3.780000e-01  1.603517e-01
3.810000e-01  1.596853e-01
3.840000e-01  1.590238e-01
3.870000e-01  1.583668e-01
3.900000e-01  1.577144e-01
3.930000e-01  1.570665e-01
3.960000e-01  1.564230e-01
3.990000e-01  1.557837e-01
4.020000e-01  1.551487e-01
4.050000e-01  1.545178e-01
4.080000e-01  1.538909e-01
4.110000e-01  1.532680e-01
4.140000e-01  1.526489e-01
4.170000e-01  1.520336e-01
4.200000e-01  1.514221e-01
4.230000e-01  1.508142e-01
4.260000e-01  1.502099e-01
4.290000e-01  1.496091e-01
4.320000e-01  1.490118e-01
4.350000e-01  1.484178e-01
4.380000e-01  1.478271e-01
4.410000e-01  1.472396e-01
4.440000e-01  1.466553e-01
4.470000e-01  1.460741e-01
4.500000e-01  1.454959e-01
4.530000e-01  1.449207e-01
4.560000e-01  1.443484e-01
4.590000e-01  1.437790e-01
4.620000e-01  1.432124e-01
4.650000e-01  1.426485e-01
4.680000e-01  1.420873e-01
4.710000e-01  1.415287e-01
4.740000e-01  1.409726e-01
4.770000e-01  1.404191e-01
4.800000e-01  1.398680e-01
4.830000e-01  1.393194e-01
4.860000e-01  1.387730e-01
4.890000e-01  1.382290e-01
4.920000e-01  1.376872e-01
4.950000e-01  1.371476e-01
4.980000e-01  1.366101e-01
5.010000e-01  1.360747e-01
5.040000e-01  1.355413e-01
5.070000e-01  1.350100e-01
5.100000e-01  1.344805e-01
5.130000e-01  1.339530e-01
5.160000e-01  1.334272e-01
5.190000e-01  1.329033e-01
5.220000e-01  1.323811e-01
5.250000e-01  1.318606e-01
5.280000e-01  1.313417e-01
5.310000e-01  1.308245e-01
5.340000e-01  1.303088e-01
5.370000e-01  1.297945e-01
5.400000e-01  1.292818e-01
5.430000e-01  1.287704e-01
5.460000e-01  1.282604e-01
5.490000e-01  1.277517e-01
5.520000e-01  1.272443e-01
5.550000e-01  1.267381e-01
5.580000e-01  1.262331e-01
5.610000e-01  1.257292e-01
5.640000e-01  1.252263e-01
5.670000e-01  1.247245e-01
5.700000e-01  1.242237e-01
5.730000e-01  1.237238e-01
5.760000e-01  1.232248e-01
5.790000e-01  1.227267e-01
5.820000e-01  1.222293e-01
5.850000e-01  1.217327e-01
5.880000e-01  1.212367e-01
5.910000e-01  1.207414e-01
5.940000e-01  1.202467e-01
5.970000e-01  1.197525e-01
6.000000e-01  1.192588e-01
6.030000e-01  1.187656e-01
6.060000e-01  1.182727e-01
6.090000e-01  1.177801e-01
6.120000e-01  1.172878e-01
6.150000e-01  1.167958e-01
6.180000e-01  1.163039e-01
6.210000e-01  1.158121e-01
6.240000e-01  000000
6.270000e-01  000000
6.300000e-01  000000
6.330000e-01  000000
6.360000e-01  000000
6.390000e-01  000000
6.420000e-01  000000
6.450000e-01  000000
6.480000e-01  000000
6.510000e-01  000000
6.540000e-01  000000
6.570000e-01  000000
6.600000e-01  000000
6.630000e-01  000000
6.660000e-01  000000
6.690000e-01  000000
6.720000e-01  000000
6.750000e-01  000000
6.780000e-01  000000
6.810000e-01  000000
6.840000e-01  000000
6.870000e-01  000000
6.900000e-01  000000
6.930000e-01  000000
6.960000e-01  000000
6.990000e-01  000000
7.020000e-01  000000
7.050000e-01  000000
7.080000e-01  000000
7.110000e-01  000000
7.140000e-01  000000
7.170000e-01  000000
7.200000e-01  000000
7.230000e-01  000000
7.260000e-01  000000
7.290000e-01  000000
7.320000e-01  000000
7.350000e-01  000000
7.380000e-01  000000
7.410000e-01  000000
7.440000e-01  000000
7.470000e-01  000000
7.500000e-01  000000
7.530000e-01  000000
7.560000e-01  000000
7.590000e-01  000000
7.620000e-01  000000
7.650000e-01  000000
7.680000e-01  000000
7.710000e-01  000000
7.740000e-01  000000
7.770000e-01  000000
7.800000e-01  000000
7.830000e-01  000000
7.860000e-01  000000
7.890000e-01  000000
7.920000e-01  000000
7.950000e-01  000000
7.980000e-01  000000
8.010000e-01  000000
8.040000e-01  000000
8.070000e-01  000000
8.100000e-01  000000
8.130000e-01  000000
8.160000e-01  000000
8.190000e-01  000000
8.220000e-01  000000
8.250000e-01  000000
8.280000e-01  000000
8.310000e-01  000000
8.340000e-01  000000
8.370000e-01  000000
8.400000e-01  000000
8.430000e-01  000000
8.460000e-01  000000
8.490000e-01  000000
8.520000e-01  000000
8.550000e-01  000000
8.580000e-01  000000
8.610000e-01  000000
8.640000e-01  000000
8.670000e-01  000000
8.700000e-01  000000
8.730000e-01  000000
8.760000e-01  000000
8.790000e-01  000000
8.820000e-01  000000
8.850000e-01  000000
8.880000e-01  000000
8.910000e-01  000000
8.940000e-01  000000
8.970000e-01  000000
9.000000e-01  000000
9.030000e-01  000000
9.060000e-01  000000
9.090000e-01  000000
9.120000e-01  000000
9.150000e-01  000000
9.180000e-01  000000
9.210000e-01  000000
9.240000e-01  000000
9.270000e-01  000000
9.300000e-01  000000
9.330000e-01  000000
9.360000e-01  000000
9.390000e-01  000000
9.420000e-01  000000
9.450000e-01  000000
9.480000e-01  000000
9.510000e-01  000000
9.540000e-01  000000
9.570000e-01  000000
9.600000e-01  000000
9.630000e-01  000000
9.660000e-01  000000
9.690000e-01  000000
9.720000e-01  000000
9.750000e-01  000000
9.780000e-01  000000
9.810000e-01  000000
9.840000e-01  000000
9.870000e-01  000000
9.900000e-01  000000
9.930000e-01  000000
9.960000e-01  000000
9.990000e-01  000000
