000000  000001
3.000000e-03  8.082077e-01
6.000000e-03  7.238086e-01
9.000000e-03  6.702238e-01
1.200000e-02  6.313966e-01
1.500000e-02  6.011929e-01
1.800000e-02  5.766211e-01
2.100000e-02  5.560018e-01
2.400000e-02  5.383009e-01
2.700000e-02  5.228376e-01
3.000000e-02  5.091407e-01
3.300000e-02  4.968715e-01
3.600000e-02  4.857781e-01
3.900000e-02  4.756689e-01
4.200000e-02  4.663946e-01
4.500000e-02  4.578367e-01
4.800000e-02  4.498997e-01
5.100000e-02  4.425056e-01
5.400000e-02  4.355901e-01
5.700000e-02  4.290991e-01
6.000000e-02  4.229872e-01
6.300000e-02  4.172156e-01
6.600000e-02  4.117511e-01
6.900000e-02  4.065649e-01
7.200000e-02  4.016321e-01
7.500000e-02  3.969309e-01
7.800000e-02  3.924420e-01
8.100000e-02  3.881485e-01
8.400000e-02  3.840352e-01
8.700000e-02  3.800888e-01
9.000000e-02  3.762972e-01
9.300000e-02  3.726496e-01
9.600000e-02  3.691363e-01
9.900000e-02  3.657484e-01
1.020000e-01  3.624779e-01
1.050000e-01  3.593175e-01
1.080000e-01  3.562607e-01
1.110000e-01  3.533013e-01
1.140000e-01  3.504337e-01
1.170000e-01  3.476528e-01
1.200000e-01  3.449540e-01
1.230000e-01  3.423328e-01
1.260000e-01  3.397852e-01
1.290000e-01  3.373076e-01
1.320000e-01  3.348963e-01
1.350000e-01  3.325483e-01
1.380000e-01  3.302605e-01
1.410000e-01  3.280300e-01
1.440000e-01  3.258544e-01
1.470000e-01  3.237312e-01
1.500000e-01  3.216580e-01
1.530000e-01  3.196328e-01
1.560000e-01  3.176535e-01
1.590000e-01  3.157182e-01
1.620000e-01  3.138251e-01
1.650000e-01  3.119726e-01
1.680000e-01  3.101590e-01
1.710000e-01  3.083829e-01
1.740000e-01  3.066429e-01
1.770000e-01  3.049376e-01
1.800000e-01  3.032657e-01
1.830000e-01  3.016261e-01
1.860000e-01  3.000176e-01
1.890000e-01  2.984391e-01
1.920000e-01  2.968896e-01
1.950000e-01  2.953682e-01
1.980000e-01  2.938738e-01
2.010000e-01  2.924056e-01
2.040000e-01  2.909627e-01
2.070000e-01  2.895444e-01
2.100000e-01  2.881499e-01
2.130000e-01  2.867784e-01
2.160000e-01  2.854292e-01
2.190000e-01  2.841017e-01
2.220000e-01  2.827952e-01
2.250000e-01  2.815091e-01
2.280000e-01  2.802429e-01
2.310000e-01  2.789958e-01
2.340000e-01  2.777675e-01
2.370000e-01  2.765573e-01
2.400000e-01  2.753649e-01
2.430000e-01  2.741896e-01
2.460000e-01  2.730310e-01
2.490000e-01  2.718888e-01
2.520000e-01  2.707624e-01
2.550000e-01  2.696515e-01
2.580000e-01  2.685556e-01
2.610000e-01  2.674744e-01
2.640000e-01  2.664075e-01
2.670000e-01  2.653546e-01
2.700000e-01  2.643152e-01
2.730000e-01  2.632892e-01
2.760000e-01  2.622761e-01
2.790000e-01  2.612756e-01
2.820000e-01  2.602875e-01
2.850000e-01  2.593115e-01
2.880000e-01  2.583473e-01
2.910000e-01  2.573946e-01
2.940000e-01  2.564532e-01
2.970000e-01  2.555228e-01
3.000000e-01  2.546031e-01
3.030000e-01  2.536940e-01
3.060000e-01  2.527951e-01
3.090000e-01  2.519064e-01
3.120000e-01  2.510275e-01
3.150000e-01  2.501583e-01
3.180000e-01  2.492986e-01
3.210000e-01  2.484481e-01
3.240000e-01  2.476067e-01
3.270000e-01  2.467742e-01
3.300000e-01  2.459503e-01
3.330000e-01  2.451351e-01
3.360000e-01  2.443281e-01
3.390000e-01  2.435294e-01
3.420000e-01  2.427387e-01
3.450000e-01  2.419560e-01
3.480000e-01  2.411809e-01
3.510000e-01  2.404134e-01
3.540000e-01  2.396534e-01
3.570000e-01  2.389007e-01
3.600000e-01  2.381552e-01
3.630000e-01  2.374167e-01
3.660000e-01  2.366851e-01
3.690000e-01  2.359604e-01
3.720000e-01  2.352422e-01
3.750000e-01  2.345307e-01
3.780000e-01  2.338255e-01
3.810000e-01  2.331267e-01
3.840000e-01  2.324341e-01
3.870000e-01  2.317476e-01
3.900000e-01  2.310671e-01
3.930000e-01  2.303925e-01
3.960000e-01  2.297237e-01
3.990000e-01  2.290606e-01
4.020000e-01  2.284030e-01
4.050000e-01  2.277511e-01
4.080000e-01  2.271045e-01
4.110000e-01  2.264633e-01
4.140000e-01  2.258273e-01
4.170000e-01  2.251964e-01
4.200000e-01  2.245707e-01
4.230000e-01  2.239500e-01
4.260000e-01  2.233341e-01
4.290000e-01  2.227232e-01
4.320000e-01  2.221170e-01
4.350000e-01  2.215155e-01
4.380000e-01  2.209186e-01
4.410000e-01  2.203263e-01
4.440000e-01  2.197384e-01
4.470000e-01  2.191550e-01
4.500000e-01  2.185759e-01
4.530000e-01  2.180011e-01
4.560000e-01  2.174306e-01
4.590000e-01  2.168642e-01
4.620000e-01  2.163019e-01
4.650000e-01  2.157437e-01
4.680000e-01  2.151894e-01
4.710000e-01  2.146391e-01
4.740000e-01  2.140926e-01
4.770000e-01  2.135500e-01
4.800000e-01  2.130111e-01
4.830000e-01  2.124759e-01
4.860000e-01  2.119444e-01
4.890000e-01  2.114165e-01
4.920000e-01  2.108922e-01
4.950000e-01  2.103714e-01
4.980000e-01  2.098540e-01
5.010000e-01  2.093401e-01
5.040000e-01  2.088295e-01
5.070000e-01  2.083223e-01
5.100000e-01  2.078183e-01
5.130000e-01  2.073176e-01
5.160000e-01  2.068201e-01
5.190000e-01  2.063257e-01
5.220000e-01  2.058345e-01
5.250000e-01  2.053463e-01
5.280000e-01  2.048612e-01
5.310000e-01  2.043790e-01
5.340000e-01  2.038998e-01
5.370000e-01  2.034236e-01
5.400000e-01  2.029502e-01
5.430000e-01  2.024797e-01
5.460000e-01  2.020119e-01
5.490000e-01  2.015470e-01
5.520000e-01  2.010848e-01
5.550000e-01  2.006253e-01
5.580000e-01  2.001685e-01
5.610000e-01  1.997144e-01
5.640000e-01  1.992628e-01
5.670000e-01  1.988138e-01
5.700000e-01  1.983674e-01
5.730000e-01  1.979235e-01
5.760000e-01  1.974821e-01
5.790000e-01  1.970432e-01
5.820000e-01  1.966066e-01
5.850000e-01  1.961725e-01
5.880000e-01  1.957408e-01
5.910000e-01  1.953114e-01
5.940000e-01  1.948844e-01
5.970000e-01  1.944596e-01
6.000000e-01  1.940371e-01
6.030000e-01  1.936168e-01
6.060000e-01  1.931988e-01
6.090000e-01  1.927829e-01
6.120000e-01  1.923692e-01
6.150000e-01  1.919577e-01
6.180000e-01  1.915483e-01
6.210000e-01  1.911410e-01
6.240000e-01  1.907357e-01
6.270000e-01  1.903325e-01
6.300000e-01  1.899313e-01
6.330000e-01  1.895322e-01
6.360000e-01  1.891350e-01
6.390000e-01  1.887398e-01
6.420000e-01  1.883465e-01
6.450000e-01  1.879551e-01
6.480000e-01  1.875657e-01
6.510000e-01  1.871781e-01
6.540000e-01  1.867924e-01
6.570000e-01  1.864085e-01
6.600000e-01  1.860264e-01
6.630000e-01  1.856462e-01
6.660000e-01  1.852677e-01
6.690000e-01  1.848910e-01
6.720000e-01  1.845160e-01
6.750000e-01  1.841428e-01
6.780000e-01  1.837713e-01
6.810000e-01  1.834014e-01
6.840000e-01  1.830333e-01
6.870000e-01  1.826668e-01
6.900000e-01  1.823019e-01
6.930000e-01  1.819387e-01
6.960000e-01  1.815771e-01
6.990000e-01  1.812170e-01
7.020000e-01  1.808586e-01
7.050000e-01  1.805017e-01
7.080000e-01  1.801464e-01
7.110000e-01  1.797925e-01
7.140000e-01  1.794402e-01
7.170000e-01  1.790894e-01
7.200000e-01  1.787401e-01
7.230000e-01  1.783923e-01
7.260000e-01  1.780459e-01
7.290000e-01  1.777009e-01
7.320000e-01  1.773574e-01
7.350000e-01  1.770153e-01
7.380000e-01  1.766746e-01
7.410000e-01  1.763353e-01
7.440000e-01  1.759974e-01
7.470000e-01  1.756608e-01
7.500000e-01  1.753256e-01
7.530000e-01  1.749917e-01
7.560000e-01  1.746591e-01
7.590000e-01  1.743279e-01
7.620000e-01  1.739979e-01
7.650000e-01  1.736692e-01
7.680000e-01  1.733418e-01
7.710000e-01  1.730157e-01
7.740000e-01  1.726908e-01
7.770000e-01  1.723671e-01
7.800000e-01  1.720447e-01
7.830000e-01  1.717235e-01
7.860000e-01  1.714035e-01
7.890000e-01  1.710847e-01
7.920000e-01  1.707671e-01
7.950000e-01  1.704506e-01
7.980000e-01  1.701353e-01
8.010000e-01  1.698212e-01
8.040000e-01  1.695082e-01
8.070000e-01  1.691963e-01
8.100000e-01  1.688856e-01
8.130000e-01  1.685759e-01
8.160000e-01  1.682674e-01
8.190000e-01  1.679600e-01
8.220000e-01  1.676536e-01
8.250000e-01  1.673483e-01
8.280000e-01  1.670440e-01
8.310000e-01  1.667409e-01
8.340000e-01  1.664387e-01
8.370000e-01  1.661376e-01
8.400000e-01  1.658375e-01
8.430000e-01  1.655384e-01
8.460000e-01  1.652404e-01
8.490000e-01  1.649433e-01
8.520000e-01  1.646472e-01
8.550000e-01  1.643521e-01
8.580000e-01  1.640580e-01
8.610000e-01  1.637648e-01
8.640000e-01  1.634726e-01
8.670000e-01  1.631813e-01
8.700000e-01  1.628910e-01
8.730000e-01  1.626016e-01
8.760000e-01  1.623131e-01
8.790000e-01  1.620256e-01
8.820000e-01  1.617389e-01
8.850000e-01  1.614531e-01
8.880000e-01  1.611683e-01
8.910000e-01  1.608843e-01
8.940000e-01  1.606011e-01
8.970000e-01  1.603189e-01
9.000000e-01  1.600375e-01
9.030000e-01  1.597570e-01
9.060000e-01  1.594773e-01
9.090000e-01  1.591984e-01
9.120000e-01  1.589204e-01
9.150000e-01  1.586432e-01
9.180000e-01  1.583668e-01
9.210000e-01  1.580912e-01
9.240000e-01  1.578165e-01
9.270000e-01  1.575425e-01
9.300000e-01  1.572693e-01
9.330000e-01  1.569969e-01
9.360000e-01  1.567253e-01
9.390000e-01  1.564544e-01
9.420000e-01  1.561843e-01
9.450000e-01  1.559150e-01
9.480000e-01  1.556464e-01
9.510000e-01  1.553786e-01
9.540000e-01  1.551115e-01
9.570000e-01  1.548451e-01
9.600000e-01  1.545795e-01
9.630000e-01  1.543145e-01
9.660000e-01  1.540503e-01
9.690000e-01  1.537868e-01
9.720000e-01  1.535240e-01
9.750000e-01  1.532619e-01
9.780000e-01  1.530004e-01
9.810000e-01  1.527397e-01
9.840000e-01  1.524796e-01
9.870000e-01  1.522202e-01
9.900000e-01  1.519615e-01
9.930000e-01  1.517034e-01
9.960000e-01  1.514460e-01
9.990000e-01  1.511893e-01
