000000  000001
3.000000e-03  7.816870e-01
6.000000e-03  6.938652e-01
9.000000e-03  6.395219e-01
1.200000e-02  6.006790e-01
1.500000e-02  5.707288e-01
1.800000e-02  5.465168e-01
2.100000e-02  5.262973e-01
2.400000e-02  5.090064e-01
2.700000e-02  4.939490e-01
3.000000e-02  4.806474e-01
3.300000e-02  4.687596e-01
3.600000e-02  4.580327e-01
3.900000e-02  4.482749e-01
4.200000e-02  4.393371e-01
4.500000e-02  4.311015e-01
4.800000e-02  4.234735e-01
5.100000e-02  4.163758e-01
5.400000e-02  4.097447e-01
5.700000e-02  4.035271e-01
6.000000e-02  3.976782e-01
6.300000e-02  3.921598e-01
6.600000e-02  3.869394e-01
6.900000e-02  3.819888e-01
7.200000e-02  3.772835e-01
7.500000e-02  3.728023e-01
7.800000e-02  3.685264e-01
8.100000e-02  3.644391e-01
8.400000e-02  3.605259e-01
8.700000e-02  3.567735e-01
9.000000e-02  3.531704e-01
9.300000e-02  3.497059e-01
9.600000e-02  3.463707e-01
9.900000e-02  3.431562e-01
1.020000e-01  3.400545e-01
1.050000e-01  3.370587e-01
1.080000e-01  3.341623e-01
1.110000e-01  3.313594e-01
1.140000e-01  3.286446e-01
1.170000e-01  3.260130e-01
1.200000e-01  3.234601e-01
1.230000e-01  3.209815e-01
1.260000e-01  3.185734e-01
1.290000e-01  3.162323e-01
1.320000e-01  3.139548e-01
1.350000e-01  3.117377e-01
1.380000e-01  3.095782e-01
1.410000e-01  3.074737e-01
1.440000e-01  3.054215e-01
1.470000e-01  3.034193e-01
1.500000e-01  3.014650e-01
1.530000e-01  2.995564e-01
1.560000e-01  2.976916e-01
1.590000e-01  2.958689e-01
1.620000e-01  2.940864e-01
1.650000e-01  2.923427e-01
1.680000e-01  2.906360e-01
1.710000e-01  2.889651e-01
1.740000e-01  2.873286e-01
1.770000e-01  2.857252e-01
1.800000e-01  2.841536e-01
1.830000e-01  2.826127e-01
1.860000e-01  2.811014e-01
1.890000e-01  2.796188e-01
1.920000e-01  2.781637e-01
1.950000e-01  2.767353e-01
1.980000e-01  2.753326e-01
2.010000e-01  2.739548e-01
2.040000e-01  2.726012e-01
2.070000e-01  2.712709e-01
2.100000e-01  2.699632e-01
2.130000e-01  2.686774e-01
2.160000e-01  2.674128e-01
2.190000e-01  2.661688e-01
2.220000e-01  2.649447e-01
2.250000e-01  2.637401e-01
2.280000e-01  2.625542e-01
2.310000e-01  2.613866e-01
2.340000e-01  2.602368e-01
2.370000e-01  2.591042e-01
2.400000e-01  2.579884e-01
2.430000e-01  2.568889e-01
2.460000e-01  2.558053e-01
2.490000e-01  2.547372e-01
2.520000e-01  2.536841e-01
2.550000e-01  2.526457e-01
2.580000e-01  2.516215e-01
2.610000e-01  2.506112e-01
2.640000e-01  2.496145e-01
2.670000e-01  2.486311e-01
2.700000e-01  2.476605e-01
2.730000e-01  2.467025e-01
2.760000e-01  2.457568e-01
2.790000e-01  2.448231e-01
2.820000e-01  2.439011e-01
2.850000e-01  2.429905e-01
2.880000e-01  2.420911e-01
2.910000e-01  2.412026e-01
2.940000e-01  2.403248e-01
2.970000e-01  2.394574e-01
3.000000e-01  2.386002e-01
3.030000e-01  2.377530e-01
3.060000e-01  2.369155e-01
3.090000e-01  2.360876e-01
3.120000e-01  2.352690e-01
3.150000e-01  2.344595e-01
3.180000e-01  2.336590e-01
3.210000e-01  2.328673e-01
3.240000e-01  2.320841e-01
3.270000e-01  2.313094e-01
3.300000e-01  2.305429e-01
3.330000e-01  2.297844e-01
3.360000e-01  2.290339e-01
3.390000e-01  2.282911e-01
3.420000e-01  2.275560e-01
3.450000e-01  2.268283e-01
3.480000e-01  2.261079e-01
3.510000e-01  2.253947e-01
3.540000e-01  2.246885e-01
3.570000e-01  2.239893e-01
3.600000e-01  2.232968e-01
3.630000e-01  2.226109e-01
3.660000e-01  2.219317e-01
3.690000e-01  2.212588e-01
3.720000e-01  2.205922e-01
3.750000e-01  2.199318e-01
3.780000e-01  2.192775e-01
3.810000e-01  2.186292e-01
3.840000e-01  2.179867e-01
3.870000e-01  2.173500e-01
3.900000e-01  2.167190e-01
3.930000e-01  2.160935e-01
3.960000e-01  2.154736e-01
3.990000e-01  2.148590e-01
4.020000e-01  2.142497e-01
4.050000e-01  2.136456e-01
4.080000e-01  2.130466e-01
4.110000e-01  2.124527e-01
4.140000e-01  2.118637e-01
4.170000e-01  2.112796e-01
4.200000e-01  2.107003e-01
4.230000e-01  2.101257e-01
4.260000e-01  2.095558e-01
4.290000e-01  2.089904e-01
4.320000e-01  2.084296e-01
4.350000e-01  2.078732e-01
4.380000e-01  2.073211e-01
4.410000e-01  2.067734e-01
4.440000e-01  2.062299e-01
4.470000e-01  2.056906e-01
4.500000e-01  2.051553e-01
4.530000e-01  2.046242e-01
4.560000e-01  2.040970e-01
4.590000e-01  2.035737e-01
4.620000e-01  2.030544e-01
4.650000e-01  2.025388e-01
4.680000e-01  2.020270e-01
4.710000e-01  2.015189e-01
4.740000e-01  2.010145e-01
4.770000e-01  2.005137e-01
4.800000e-01  2.000164e-01
4.830000e-01  1.995226e-01
4.860000e-01  1.990323e-01
4.890000e-01  1.985454e-01
4.920000e-01  1.980619e-01
4.950000e-01  1.975817e-01
4.980000e-01  1.971047e-01
5.010000e-01  1.966310e-01
5.040000e-01  1.961605e-01
5.070000e-01  1.956930e-01
5.100000e-01  1.952288e-01
5.130000e-01  1.947675e-01
5.160000e-01  1.943093e-01
5.190000e-01  1.938541e-01
5.220000e-01  1.934018e-01
5.250000e-01  1.929524e-01
5.280000e-01  1.925059e-01
5.310000e-01  1.920622e-01
5.340000e-01  1.916213e-01
5.370000e-01  1.911831e-01
5.400000e-01  1.907477e-01
5.430000e-01  1.903150e-01
5.460000e-01  1.898849e-01
5.490000e-01  1.894575e-01
5.520000e-01  1.890326e-01
5.550000e-01  1.886103e-01
5.580000e-01  1.881906e-01
5.610000e-01  1.877733e-01
5.640000e-01  1.873585e-01
5.670000e-01  1.869462e-01
5.700000e-01  1.865362e-01
5.730000e-01  1.861287e-01
5.760000e-01  1.857234e-01
5.790000e-01  1.853206e-01
5.820000e-01  1.849200e-01
5.850000e-01  1.845217e-01
5.880000e-01  1.841256e-01
5.910000e-01  1.837318e-01
5.940000e-01  1.833401e-01
5.970000e-01  1.829506e-01
6.000000e-01  1.825633e-01
6.030000e-01  1.821781e-01
6.060000e-01  1.817949e-01
6.090000e-01  1.814139e-01
6.120000e-01  1.810349e-01
6.150000e-01  1.806579e-01
6.180000e-01  1.802830e-01
6.210000e-01  1.799100e-01
6.240000e-01  1.795390e-01
6.270000e-01  1.791699e-01
6.300000e-01  1.788027e-01
6.330000e-01  1.784375e-01
6.360000e-01  1.780741e-01
6.390000e-01  1.777126e-01
6.420000e-01  1.773529e-01
6.450000e-01  1.769950e-01
6.480000e-01  1.766389e-01
6.510000e-01  1.762846e-01
6.540000e-01  1.759321e-01
6.570000e-01  1.755813e-01
6.600000e-01  1.752323e-01
6.630000e-01  1.748849e-01
6.660000e-01  1.745393e-01
6.690000e-01  1.741953e-01
6.720000e-01  1.738529e-01
6.750000e-01  1.735122e-01
6.780000e-01  1.731732e-01
6.810000e-01  1.728357e-01
6.840000e-01  1.724998e-01
6.870000e-01  1.721655e-01
6.900000e-01  1.718327e-01
6.930000e-01  1.715015e-01
6.960000e-01  1.711718e-01
6.990000e-01  1.708437e-01
7.020000e-01  1.705170e-01
7.050000e-01  1.701918e-01
7.080000e-01  1.698681e-01
7.110000e-01  1.695458e-01
7.140000e-01  1.692250e-01
7.170000e-01  1.689055e-01
7.200000e-01  1.685875e-01
7.230000e-01  1.682710e-01
7.260000e-01  1.679557e-01
7.290000e-01  1.676419e-01
7.320000e-01  1.673294e-01
7.350000e-01  1.670183e-01
7.380000e-01  1.667084e-01
7.410000e-01  1.663999e-01
7.440000e-01  1.660928e-01
7.470000e-01  1.657869e-01
7.500000e-01  1.654823e-01
7.530000e-01  1.651790e-01
7.560000e-01  1.648769e-01
7.590000e-01  1.645761e-01
7.620000e-01  1.642765e-01
7.650000e-01  1.639781e-01
7.680000e-01  1.636810e-01
7.710000e-01  1.633850e-01
7.740000e-01  1.630903e-01
7.770000e-01  1.627967e-01
7.800000e-01  1.625043e-01
7.830000e-01  1.622131e-01
7.860000e-01  1.619230e-01
7.890000e-01  1.616340e-01
7.920000e-01  1.613462e-01
7.950000e-01  1.610595e-01
7.980000e-01  1.607739e-01
8.010000e-01  1.604894e-01
8.040000e-01  1.602060e-01
8.070000e-01  1.599237e-01
8.100000e-01  1.596425e-01
8.130000e-01  1.593623e-01
8.160000e-01  1.590831e-01
8.190000e-01  1.588051e-01
8.220000e-01  1.585280e-01
8.250000e-01  1.582520e-01
8.280000e-01  1.579770e-01
8.310000e-01  1.577029e-01
8.340000e-01  1.574299e-01
8.370000e-01  1.571579e-01
8.400000e-01  1.568869e-01
8.430000e-01  1.566168e-01
8.460000e-01  1.563477e-01
8.490000e-01  1.560796e-01
8.520000e-01  1.558124e-01
8.550000e-01  1.555462e-01
8.580000e-01  1.552809e-01
8.610000e-01  1.550165e-01
8.640000e-01  1.547530e-01
8.670000e-01  1.544904e-01
8.700000e-01  1.542288e-01
8.730000e-01  1.539680e-01
8.760000e-01  1.537082e-01
8.790000e-01  1.534492e-01
8.820000e-01  1.531911e-01
8.850000e-01  1.529338e-01
8.880000e-01  1.526774e-01
8.910000e-01  1.524219e-01
8.940000e-01  1.521672e-01
8.970000e-01  1.519133e-01
9.000000e-01  1.516603e-01
9.030000e-01  1.514081e-01
9.060000e-01  1.511567e-01
9.090000e-01  1.509061e-01
9.120000e-01  1.506564e-01
9.150000e-01  1.504074e-01
9.180000e-01  1.501593e-01
9.210000e-01  1.499119e-01
9.240000e-01  1.496653e-01
9.270000e-01  1.494194e-01
9.300000e-01  1.491744e-01
9.330000e-01  1.489301e-01
9.360000e-01  1.486865e-01
9.390000e-01  1.484437e-01
9.420000e-01  1.482016e-01
9.450000e-01  1.479603e-01
9.480000e-01  1.477197e-01
9.510000e-01  1.474799e-01
9.540000e-01  1.472407e-01
9.570000e-01  1.470023e-01
9.600000e-01  1.467646e-01
9.630000e-01  1.465275e-01
9.660000e-01  1.462912e-01
9.690000e-01  1.460556e-01
9.720000e-01  1.458207e-01
9.750000e-01  1.455864e-01
9.780000e-01  1.453528e-01
9.810000e-01  1.451199e-01
9.840000e-01  1.448877e-01
9.870000e-01  1.446561e-01
9.900000e-01  1.444251e-01
9.930000e-01  1.441949e-01
9.960000e-01  1.439652e-01
9.990000e-01  1.437362e-01
