000000  000001
3.000000e-03  8.183886e-01
6.000000e-03  7.356893e-01
9.000000e-03  6.826558e-01
1.200000e-02  6.440323e-01
1.500000e-02  6.138938e-01
1.800000e-02  5.893242e-01
2.100000e-02  5.686766e-01
2.400000e-02  5.509323e-01
2.700000e-02  5.354186e-01
3.000000e-02  5.216689e-01
3.300000e-02  5.093466e-01
3.600000e-02  4.982014e-01
3.900000e-02  4.880422e-01
4.200000e-02  4.787203e-01
4.500000e-02  4.701173e-01
4.800000e-02  4.621378e-01
5.100000e-02  4.547038e-01
5.400000e-02  4.477507e-01
5.700000e-02  4.412247e-01
6.000000e-02  4.350799e-01
6.300000e-02  4.292777e-01
6.600000e-02  4.237846e-01
6.900000e-02  4.185718e-01
7.200000e-02  4.136142e-01
7.500000e-02  4.088899e-01
7.800000e-02  4.043796e-01
8.100000e-02  4.000662e-01
8.400000e-02  3.959345e-01
8.700000e-02  3.919711e-01
9.000000e-02  3.881638e-01
9.300000e-02  3.845017e-01
9.600000e-02  3.809750e-01
9.900000e-02  3.775749e-01
1.020000e-01  3.742932e-01
1.050000e-01  3.711228e-01
1.080000e-01  3.680567e-01
1.110000e-01  3.650890e-01
1.140000e-01  3.622139e-01
1.170000e-01  3.594265e-01
1.200000e-01  3.567218e-01
1.230000e-01  3.540955e-01
1.260000e-01  3.515435e-01
1.290000e-01  3.490621e-01
1.320000e-01  3.466478e-01
1.350000e-01  3.442973e-01
1.380000e-01  3.420076e-01
1.410000e-01  3.397759e-01
1.440000e-01  3.375996e-01
1.470000e-01  3.354761e-01
1.500000e-01  3.334033e-01
1.530000e-01  3.313788e-01
1.560000e-01  3.294007e-01
1.590000e-01  3.274671e-01
1.620000e-01  3.255761e-01
1.650000e-01  3.237262e-01
1.680000e-01  3.219155e-01
1.710000e-01  3.201428e-01
1.740000e-01  3.184064e-01
1.770000e-01  3.167052e-01
1.800000e-01  3.150377e-01
1.830000e-01  3.134028e-01
1.860000e-01  3.117994e-01
1.890000e-01  3.102263e-01
1.920000e-01  3.086824e-01
1.950000e-01  3.071669e-01
1.980000e-01  3.056788e-01
2.010000e-01  3.042171e-01
2.040000e-01  3.027811e-01
2.070000e-01  3.013698e-01
2.100000e-01  2.999826e-01
2.130000e-01  2.986186e-01
2.160000e-01  2.972773e-01
2.190000e-01  2.959578e-01
2.220000e-01  2.946595e-01
2.250000e-01  2.933819e-01
2.280000e-01  2.921243e-01
2.310000e-01  2.908861e-01
2.340000e-01  2.896669e-01
2.370000e-01  2.884660e-01
2.400000e-01  2.872830e-01
2.430000e-01  2.861174e-01
2.460000e-01  2.849687e-01
2.490000e-01  2.838364e-01
2.520000e-01  2.827202e-01
2.550000e-01  2.816196e-01
2.580000e-01  2.805343e-01
2.610000e-01  2.794638e-01
2.640000e-01  2.784077e-01
2.670000e-01  2.773658e-01
2.700000e-01  2.763376e-01
2.730000e-01  2.753228e-01
2.760000e-01  2.743211e-01
2.790000e-01  2.733323e-01
2.820000e-01  2.723559e-01
2.850000e-01  2.713917e-01
2.880000e-01  2.704395e-01
2.910000e-01  2.694989e-01
2.940000e-01  2.685697e-01
2.970000e-01  2.676516e-01
3.000000e-01  2.667445e-01
3.030000e-01  2.658480e-01
3.060000e-01  2.649619e-01
3.090000e-01  2.640859e-01
3.120000e-01  2.632200e-01
3.150000e-01  2.623639e-01
3.180000e-01  2.615173e-01
3.210000e-01  2.606801e-01
3.240000e-01  2.598521e-01
3.270000e-01  2.590330e-01
3.300000e-01  2.582228e-01
3.330000e-01  2.574212e-01
3.360000e-01  2.566281e-01
3.390000e-01  2.558432e-01
3.420000e-01  2.550665e-01
3.450000e-01  2.542978e-01
3.480000e-01  2.535370e-01
3.510000e-01  2.527838e-01
3.540000e-01  2.520381e-01
3.570000e-01  2.512998e-01
3.600000e-01  2.505688e-01
3.630000e-01  2.498450e-01
3.660000e-01  2.491281e-01
3.690000e-01  2.484181e-01
3.720000e-01  2.477148e-01
3.750000e-01  2.470182e-01
3.780000e-01  2.463281e-01
3.810000e-01  2.456444e-01
3.840000e-01  2.449670e-01
3.870000e-01  2.442958e-01
3.900000e-01  2.436306e-01
3.930000e-01  2.429714e-01
3.960000e-01  2.423181e-01
3.990000e-01  2.416706e-01
4.020000e-01  2.410287e-01
4.050000e-01  2.403925e-01
4.080000e-01  2.397617e-01
4.110000e-01  2.391363e-01
4.140000e-01  2.385163e-01
4.170000e-01  2.379014e-01
4.200000e-01  2.372918e-01
4.230000e-01  2.366872e-01
4.260000e-01  2.360876e-01
4.290000e-01  2.354929e-01
4.320000e-01  2.349030e-01
4.350000e-01  2.343180e-01
4.380000e-01  2.337376e-01
4.410000e-01  2.331618e-01
4.440000e-01  2.325906e-01
4.470000e-01  2.320238e-01
4.500000e-01  2.314615e-01
4.530000e-01  2.309035e-01
4.560000e-01  2.303498e-01
4.590000e-01  2.298004e-01
4.620000e-01  2.292551e-01
4.650000e-01  2.287139e-01
4.680000e-01  2.281768e-01
4.710000e-01  2.276436e-01
4.740000e-01  2.271144e-01
4.770000e-01  2.265890e-01
4.800000e-01  2.260675e-01
4.830000e-01  2.255498e-01
4.860000e-01  2.250358e-01
4.890000e-01  2.245254e-01
4.920000e-01  2.240187e-01
4.950000e-01  2.235155e-01
4.980000e-01  2.230159e-01
5.010000e-01  2.225197e-01
5.040000e-01  2.220270e-01
5.070000e-01  2.215376e-01
5.100000e-01  2.210516e-01
5.130000e-01  2.205689e-01
5.160000e-01  2.200894e-01
5.190000e-01  2.196131e-01
5.220000e-01  2.191401e-01
5.250000e-01  2.186701e-01
5.280000e-01  2.182032e-01
5.310000e-01  2.177394e-01
5.340000e-01  2.172786e-01
5.370000e-01  2.168208e-01
5.400000e-01  2.163660e-01
5.430000e-01  2.159140e-01
5.460000e-01  2.154649e-01
5.490000e-01  2.150186e-01
5.520000e-01  2.145751e-01
5.550000e-01  2.141344e-01
5.580000e-01  2.136964e-01
5.610000e-01  2.132611e-01
5.640000e-01  2.128285e-01
5.670000e-01  2.123985e-01
5.700000e-01  2.119712e-01
5.730000e-01  2.115464e-01
5.760000e-01  2.111241e-01
5.790000e-01  2.107043e-01
5.820000e-01  2.102871e-01
5.850000e-01  2.098723e-01
5.880000e-01  2.094599e-01
5.910000e-01  2.090499e-01
5.940000e-01  2.086423e-01
5.970000e-01  2.082371e-01
6.000000e-01  2.078342e-01
6.030000e-01  2.074335e-01
6.060000e-01  2.070352e-01
6.090000e-01  2.066390e-01
6.120000e-01  2.062451e-01
6.150000e-01  2.058534e-01
6.180000e-01  2.054639e-01
6.210000e-01  2.050765e-01
6.240000e-01  2.046913e-01
6.270000e-01  2.043081e-01
6.300000e-01  2.039271e-01
6.330000e-01  2.035480e-01
6.360000e-01  2.031711e-01
6.390000e-01  2.027961e-01
6.420000e-01  2.024231e-01
6.450000e-01  2.020521e-01
6.480000e-01  2.016831e-01
6.510000e-01  2.013160e-01
6.540000e-01  2.009508e-01
6.570000e-01  2.005875e-01
6.600000e-01  2.002261e-01
6.630000e-01  1.998665e-01
6.660000e-01  1.995088e-01
6.690000e-01  1.991529e-01
6.720000e-01  1.987987e-01
6.750000e-01  1.984464e-01
6.780000e-01  1.980958e-01
6.810000e-01  1.977470e-01
6.840000e-01  1.973999e-01
6.870000e-01  1.970545e-01
6.900000e-01  1.967108e-01
6.930000e-01  1.963688e-01
6.960000e-01  1.960285e-01
6.990000e-01  1.956898e-01
7.020000e-01  1.953527e-01
7.050000e-01  1.950173e-01
7.080000e-01  1.946834e-01
7.110000e-01  1.943511e-01
7.140000e-01  1.940204e-01
7.170000e-01  1.936913e-01
7.200000e-01  1.933637e-01
7.230000e-01  1.930376e-01
7.260000e-01  1.927130e-01
7.290000e-01  1.923900e-01
7.320000e-01  1.920684e-01
7.350000e-01  1.917483e-01
7.380000e-01  1.914296e-01
7.410000e-01  1.911124e-01
7.440000e-01  1.907966e-01
7.470000e-01  1.904823e-01
7.500000e-01  1.901693e-01
7.530000e-01  1.898578e-01
7.560000e-01  1.895476e-01
7.590000e-01  1.892387e-01
7.620000e-01  1.889313e-01
7.650000e-01  1.886252e-01
7.680000e-01  1.883204e-01
7.710000e-01  1.880169e-01
7.740000e-01  1.877147e-01
7.770000e-01  1.874139e-01
7.800000e-01  1.871143e-01
7.830000e-01  1.868160e-01
7.860000e-01  1.865189e-01
7.890000e-01  1.862232e-01
7.920000e-01  1.859286e-01
7.950000e-01  1.856353e-01
7.980000e-01  1.853432e-01
8.010000e-01  1.850523e-01
8.040000e-01  1.847626e-01
8.070000e-01  1.844741e-01
8.100000e-01  1.841868e-01
8.130000e-01  1.839007e-01
8.160000e-01  1.836157e-01
8.190000e-01  1.833319e-01
8.220000e-01  1.830492e-01
8.250000e-01  1.827676e-01
8.280000e-01  1.824872e-01
8.310000e-01  1.822078e-01
8.340000e-01  1.819296e-01
8.370000e-01  1.816525e-01
8.400000e-01  1.813764e-01
8.430000e-01  1.811015e-01
8.460000e-01  1.808276e-01
8.490000e-01  1.805548e-01
8.520000e-01  1.802830e-01
8.550000e-01  1.800122e-01
8.580000e-01  1.797425e-01
8.610000e-01  1.794739e-01
8.640000e-01  1.792062e-01
8.670000e-01  1.789396e-01
8.700000e-01  1.786739e-01
8.730000e-01  1.784093e-01
8.760000e-01  1.781456e-01
8.790000e-01  1.778829e-01
8.820000e-01  1.776212e-01
8.850000e-01  1.773605e-01
8.880000e-01  1.771007e-01
8.910000e-01  1.768418e-01
8.940000e-01  1.765839e-01
8.970000e-01  1.763270e-01
9.000000e-01  1.760709e-01
9.030000e-01  1.758158e-01
9.060000e-01  1.755616e-01
9.090000e-01  1.753083e-01
9.120000e-01  1.750559e-01
9.150000e-01  1.748044e-01
9.180000e-01  1.745538e-01
9.210000e-01  1.743041e-01
9.240000e-01  1.740552e-01
9.270000e-01  1.738072e-01
9.300000e-01  1.735601e-01
9.330000e-01  1.733138e-01
9.360000e-01  1.730684e-01
9.390000e-01  1.728238e-01
9.420000e-01  1.725801e-01
9.450000e-01  1.723372e-01
9.480000e-01  1.720950e-01
9.510000e-01  1.718538e-01
9.540000e-01  1.716133e-01
9.570000e-01  1.713737e-01
9.600000e-01  1.711348e-01
9.630000e-01  1.708967e-01
9.660000e-01  1.706594e-01
9.690000e-01  1.704229e-01
9.720000e-01  1.701872e-01
9.750000e-01  1.699523e-01
9.780000e-01  1.697181e-01
9.810000e-01  1.694847e-01
9.840000e-01  1.692520e-01
9.870000e-01  1.690201e-01
9.900000e-01  1.687889e-01
9.930000e-01  1.685585e-01
9.960000e-01  1.683288e-01
9.990000e-01  1.680998e-01
