000000  000001
3.000000e-03  8.050984e-01
6.000000e-03  7.203008e-01
9.000000e-03  6.666657e-01
1.200000e-02  6.278881e-01
1.500000e-02  5.977703e-01
1.800000e-02  5.732983e-01
2.100000e-02  5.527836e-01
2.400000e-02  5.351876e-01
2.700000e-02  5.198278e-01
3.000000e-02  5.062320e-01
3.300000e-02  4.940611e-01
3.600000e-02  4.830630e-01
3.900000e-02  4.730462e-01
4.200000e-02  4.638613e-01
4.500000e-02  4.553901e-01
4.800000e-02  4.475373e-01
5.100000e-02  4.402249e-01
5.400000e-02  4.333888e-01
5.700000e-02  4.269750e-01
6.000000e-02  4.209382e-01
6.300000e-02  4.152398e-01
6.600000e-02  4.098466e-01
6.900000e-02  4.047301e-01
7.200000e-02  3.998654e-01
7.500000e-02  3.952307e-01
7.800000e-02  3.908069e-01
8.100000e-02  3.865771e-01
8.400000e-02  3.825263e-01
8.700000e-02  3.786411e-01
9.000000e-02  3.749095e-01
9.300000e-02  3.713209e-01
9.600000e-02  3.678654e-01
9.900000e-02  3.645344e-01
1.020000e-01  3.613198e-01
1.050000e-01  3.582144e-01
1.080000e-01  3.552117e-01
1.110000e-01  3.523055e-01
1.140000e-01  3.494904e-01
1.170000e-01  3.467613e-01
1.200000e-01  3.441134e-01
1.230000e-01  3.415425e-01
1.260000e-01  3.390445e-01
1.290000e-01  3.366157e-01
1.320000e-01  3.342528e-01
1.350000e-01  3.319524e-01
1.380000e-01  3.297117e-01
1.410000e-01  3.275278e-01
1.440000e-01  3.253982e-01
1.470000e-01  3.233204e-01
1.500000e-01  3.212922e-01
1.530000e-01  3.193115e-01
1.560000e-01  3.173762e-01
1.590000e-01  3.154844e-01
1.620000e-01  3.136344e-01
1.650000e-01  3.118246e-01
1.680000e-01  3.100533e-01
1.710000e-01  3.083191e-01
1.740000e-01  3.066205e-01
1.770000e-01  3.049563e-01
1.800000e-01  3.033252e-01
1.830000e-01  3.017259e-01
1.860000e-01  3.001574e-01
1.890000e-01  2.986186e-01
1.920000e-01  2.971085e-01
1.950000e-01  2.956261e-01
1.980000e-01  2.941704e-01
2.010000e-01  2.927407e-01
2.040000e-01  2.913359e-01
2.070000e-01  2.899555e-01
2.100000e-01  2.885985e-01
2.130000e-01  2.872644e-01
2.160000e-01  2.859523e-01
2.190000e-01  2.846615e-01
2.220000e-01  2.833916e-01
2.250000e-01  2.821418e-01
2.280000e-01  2.809116e-01
2.310000e-01  2.797004e-01
2.340000e-01  2.785077e-01
2.370000e-01  2.773329e-01
2.400000e-01  2.761756e-01
2.430000e-01  2.750353e-01
2.460000e-01  2.739115e-01
2.490000e-01  2.728038e-01
2.520000e-01  2.717118e-01
2.550000e-01  2.706350e-01
2.580000e-01  2.695731e-01
2.610000e-01  2.685257e-01
2.640000e-01  2.674925e-01
2.670000e-01  2.664730e-01
2.700000e-01  2.654669e-01
2.730000e-01  2.644740e-01
2.760000e-01  2.634938e-01
2.790000e-01  2.625262e-01
2.820000e-01  2.615708e-01
2.850000e-01  2.606272e-01
2.880000e-01  2.596953e-01
2.910000e-01  2.587748e-01
2.940000e-01  2.578655e-01
2.970000e-01  2.569669e-01
3.000000e-01  2.560791e-01
3.030000e-01  2.552016e-01
3.060000e-01  2.543343e-01
3.090000e-01  2.534769e-01
3.120000e-01  2.526293e-01
3.150000e-01  2.517912e-01
3.180000e-01  2.509625e-01
3.210000e-01  2.501429e-01
3.240000e-01  2.493322e-01
3.270000e-01  2.485303e-01
3.300000e-01  2.477371e-01
3.330000e-01  2.469522e-01
3.360000e-01  2.461756e-01
3.390000e-01  2.454071e-01
3.420000e-01  2.446466e-01
3.450000e-01  2.438938e-01
3.480000e-01  2.431487e-01
3.510000e-01  2.424111e-01
3.540000e-01  2.416808e-01
3.570000e-01  2.409578e-01
3.600000e-01  2.402418e-01
3.630000e-01  2.395328e-01
3.660000e-01  2.388306e-01
3.690000e-01  2.381351e-01
3.720000e-01  2.374461e-01
3.750000e-01  2.367637e-01
3.780000e-01  2.360876e-01
3.810000e-01  2.354177e-01
3.840000e-01  2.347540e-01
3.870000e-01  2.340963e-01
3.900000e-01  2.334445e-01
3.930000e-01  2.327986e-01
3.960000e-01  2.321584e-01
3.990000e-01  2.315238e-01
4.020000e-01  2.308947e-01
4.050000e-01  2.302711e-01
4.080000e-01  2.296528e-01
4.110000e-01  2.290398e-01
4.140000e-01  2.284320e-01
4.170000e-01  2.278293e-01
4.200000e-01  2.272317e-01
4.230000e-01  2.266389e-01
4.260000e-01  2.260510e-01
4.290000e-01  2.254679e-01
4.320000e-01  2.248896e-01
4.350000e-01  2.243158e-01
4.380000e-01  2.237467e-01
4.410000e-01  2.231820e-01
4.440000e-01  2.226218e-01
4.470000e-01  2.220659e-01
4.500000e-01  2.215144e-01
4.530000e-01  2.209671e-01
4.560000e-01  2.204239e-01
4.590000e-01  2.198849e-01
4.620000e-01  2.193499e-01
4.650000e-01  2.188190e-01
4.680000e-01  2.182919e-01
4.710000e-01  2.177688e-01
4.740000e-01  2.172495e-01
4.770000e-01  2.167340e-01
4.800000e-01  2.162222e-01
4.830000e-01  2.157140e-01
4.860000e-01  2.152095e-01
4.890000e-01  2.147086e-01
4.920000e-01  2.142111e-01
4.950000e-01  2.137172e-01
4.980000e-01  2.132267e-01
5.010000e-01  2.127396e-01
5.040000e-01  2.122558e-01
5.070000e-01  2.117753e-01
5.100000e-01  2.112980e-01
5.130000e-01  2.108240e-01
5.160000e-01  2.103532e-01
5.190000e-01  2.098854e-01
5.220000e-01  2.094208e-01
5.250000e-01  2.089592e-01
5.280000e-01  2.085005e-01
5.310000e-01  2.080449e-01
5.340000e-01  2.075922e-01
5.370000e-01  2.071424e-01
5.400000e-01  2.066955e-01
5.430000e-01  2.062514e-01
5.460000e-01  2.058100e-01
5.490000e-01  2.053715e-01
5.520000e-01  2.049356e-01
5.550000e-01  2.045025e-01
5.580000e-01  2.040720e-01
5.610000e-01  2.036441e-01
5.640000e-01  2.032188e-01
5.670000e-01  2.027961e-01
5.700000e-01  2.023759e-01
5.730000e-01  2.019582e-01
5.760000e-01  2.015430e-01
5.790000e-01  2.011303e-01
5.820000e-01  2.007199e-01
5.850000e-01  2.003120e-01
5.880000e-01  1.999064e-01
5.910000e-01  1.995031e-01
5.940000e-01  1.991021e-01
5.970000e-01  1.987035e-01
6.000000e-01  1.983071e-01
6.030000e-01  1.979129e-01
6.060000e-01  1.975209e-01
6.090000e-01  1.971311e-01
6.120000e-01  1.967435e-01
6.150000e-01  1.963580e-01
6.180000e-01  1.959746e-01
6.210000e-01  1.955933e-01
6.240000e-01  1.952141e-01
6.270000e-01  1.948369e-01
6.300000e-01  1.944617e-01
6.330000e-01  1.940885e-01
6.360000e-01  1.937174e-01
6.390000e-01  1.933481e-01
6.420000e-01  1.929808e-01
6.450000e-01  1.926155e-01
6.480000e-01  1.922520e-01
6.510000e-01  1.918904e-01
6.540000e-01  1.915306e-01
6.570000e-01  1.911727e-01
6.600000e-01  1.908166e-01
6.630000e-01  1.904624e-01
6.660000e-01  1.901099e-01
6.690000e-01  1.897591e-01
6.720000e-01  1.894101e-01
6.750000e-01  1.890629e-01
6.780000e-01  1.887173e-01
6.810000e-01  1.883735e-01
6.840000e-01  1.880313e-01
6.870000e-01  1.876908e-01
6.900000e-01  1.873520e-01
6.930000e-01  1.870147e-01
6.960000e-01  1.866791e-01
6.990000e-01  1.863451e-01
7.020000e-01  1.860126e-01
7.050000e-01  1.856818e-01
7.080000e-01  1.853525e-01
7.110000e-01  1.850247e-01
7.140000e-01  1.846984e-01
7.170000e-01  1.843737e-01
7.200000e-01  1.840504e-01
7.230000e-01  1.837286e-01
7.260000e-01  1.834083e-01
7.290000e-01  1.830895e-01
7.320000e-01  1.827721e-01
7.350000e-01  1.824561e-01
7.380000e-01  1.821415e-01
7.410000e-01  1.818283e-01
7.440000e-01  1.815165e-01
7.470000e-01  1.812061e-01
7.500000e-01  1.808970e-01
7.530000e-01  1.805893e-01
7.560000e-01  1.802830e-01
7.590000e-01  1.799779e-01
7.620000e-01  1.796742e-01
7.650000e-01  1.793718e-01
7.680000e-01  1.790706e-01
7.710000e-01  1.787708e-01
7.740000e-01  1.784722e-01
7.770000e-01  1.781748e-01
7.800000e-01  1.778788e-01
7.830000e-01  1.775839e-01
7.860000e-01  1.772903e-01
7.890000e-01  1.769978e-01
7.920000e-01  1.767066e-01
7.950000e-01  1.764166e-01
7.980000e-01  1.761278e-01
8.010000e-01  1.758401e-01
8.040000e-01  1.755536e-01
8.070000e-01  1.752682e-01
8.100000e-01  1.749840e-01
8.130000e-01  1.747009e-01
8.160000e-01  1.744189e-01
8.190000e-01  1.741381e-01
8.220000e-01  1.738584e-01
8.250000e-01  1.735797e-01
8.280000e-01  1.733021e-01
8.310000e-01  1.730256e-01
8.340000e-01  1.727502e-01
8.370000e-01  1.724759e-01
8.400000e-01  1.722025e-01
8.430000e-01  1.719303e-01
8.460000e-01  1.716591e-01
8.490000e-01  1.713888e-01
8.520000e-01  1.711196e-01
8.550000e-01  1.708515e-01
8.580000e-01  1.705843e-01
8.610000e-01  1.703181e-01
8.640000e-01  1.700529e-01
8.670000e-01  1.697886e-01
8.700000e-01  1.695254e-01
8.730000e-01  1.692631e-01
8.760000e-01  1.690017e-01
8.790000e-01  1.687413e-01
8.820000e-01  1.684819e-01
8.850000e-01  1.682233e-01
8.880000e-01  1.679657e-01
8.910000e-01  1.677090e-01
8.940000e-01  1.674532e-01
8.970000e-01  1.671984e-01
9.000000e-01  1.669444e-01
9.030000e-01  1.666913e-01
9.060000e-01  1.664391e-01
9.090000e-01  1.661877e-01
9.120000e-01  1.659373e-01
9.150000e-01  1.656876e-01
9.180000e-01  1.654389e-01
9.210000e-01  1.651910e-01
9.240000e-01  1.649439e-01
9.270000e-01  1.646977e-01
9.300000e-01  1.644523e-01
9.330000e-01  1.642077e-01
9.360000e-01  1.639639e-01
9.390000e-01  1.637210e-01
9.420000e-01  1.634789e-01
9.450000e-01  1.632375e-01
9.480000e-01  1.629969e-01
9.510000e-01  1.627572e-01
9.540000e-01  1.625182e-01
9.570000e-01  1.622800e-01
9.600000e-01  1.620426e-01
9.630000e-01  1.618059e-01
9.660000e-01  1.615700e-01
9.690000e-01  1.613348e-01
9.720000e-01  1.611004e-01
9.750000e-01  1.608667e-01
9.780000e-01  1.606338e-01
9.810000e-01  1.604016e-01
9.840000e-01  1.601701e-01
9.870000e-01  1.599394e-01
9.900000e-01  1.597093e-01
9.930000e-01  1.594800e-01
9.960000e-01  1.592514e-01
9.990000e-01  1.590235e-01
