000000  000001
3.000000e-03  8.111671e-01
6.000000e-03  7.272911e-01
9.000000e-03  6.739111e-01
1.200000e-02  6.351922e-01
1.500000e-02  6.050574e-01
1.800000e-02  5.805357e-01
2.100000e-02  5.599567e-01
2.400000e-02  5.422905e-01
2.700000e-02  5.268585e-01
3.000000e-02  5.131910e-01
3.300000e-02  5.009499e-01
3.600000e-02  4.898839e-01
3.900000e-02  4.798016e-01
4.200000e-02  4.705538e-01
4.500000e-02  4.620221e-01
4.800000e-02  4.541113e-01
5.100000e-02  4.467433e-01
5.400000e-02  4.398538e-01
5.700000e-02  4.333888e-01
6.000000e-02  4.273028e-01
6.300000e-02  4.215571e-01
6.600000e-02  4.161184e-01
6.900000e-02  4.109582e-01
7.200000e-02  4.060512e-01
7.500000e-02  4.013758e-01
7.800000e-02  3.969127e-01
8.100000e-02  3.926450e-01
8.400000e-02  3.885575e-01
8.700000e-02  3.846369e-01
9.000000e-02  3.808710e-01
9.300000e-02  3.772490e-01
9.600000e-02  3.737613e-01
9.900000e-02  3.703990e-01
1.020000e-01  3.671541e-01
1.050000e-01  3.640192e-01
1.080000e-01  3.609879e-01
1.110000e-01  3.580539e-01
1.140000e-01  3.552117e-01
1.170000e-01  3.524562e-01
1.200000e-01  3.497826e-01
1.230000e-01  3.471867e-01
1.260000e-01  3.446643e-01
1.290000e-01  3.422118e-01
1.320000e-01  3.398257e-01
1.350000e-01  3.375027e-01
1.380000e-01  3.352399e-01
1.410000e-01  3.330344e-01
1.440000e-01  3.308838e-01
1.470000e-01  3.287854e-01
1.500000e-01  3.267370e-01
1.530000e-01  3.247366e-01
1.560000e-01  3.227820e-01
1.590000e-01  3.208714e-01
1.620000e-01  3.190029e-01
1.650000e-01  3.171750e-01
1.680000e-01  3.153860e-01
1.710000e-01  3.136344e-01
1.740000e-01  3.119189e-01
1.770000e-01  3.102380e-01
1.800000e-01  3.085905e-01
1.830000e-01  3.069752e-01
1.860000e-01  3.053910e-01
1.890000e-01  3.038368e-01
1.920000e-01  3.023115e-01
1.950000e-01  3.008142e-01
1.980000e-01  2.993439e-01
2.010000e-01  2.978998e-01
2.040000e-01  2.964810e-01
2.070000e-01  2.950867e-01
2.100000e-01  2.937161e-01
2.130000e-01  2.923686e-01
2.160000e-01  2.910433e-01
2.190000e-01  2.897397e-01
2.220000e-01  2.884571e-01
2.250000e-01  2.871948e-01
2.280000e-01  2.859523e-01
2.310000e-01  2.847290e-01
2.340000e-01  2.835243e-01
2.370000e-01  2.823378e-01
2.400000e-01  2.811690e-01
2.430000e-01  2.800173e-01
2.460000e-01  2.788824e-01
2.490000e-01  2.777637e-01
2.520000e-01  2.766608e-01
2.550000e-01  2.755734e-01
2.580000e-01  2.745009e-01
2.610000e-01  2.734432e-01
2.640000e-01  2.723997e-01
2.670000e-01  2.713701e-01
2.700000e-01  2.703542e-01
2.730000e-01  2.693514e-01
2.760000e-01  2.683617e-01
2.790000e-01  2.673845e-01
2.820000e-01  2.664197e-01
2.850000e-01  2.654669e-01
2.880000e-01  2.645259e-01
2.910000e-01  2.635964e-01
2.940000e-01  2.626782e-01
2.970000e-01  2.617709e-01
3.000000e-01  2.608744e-01
3.030000e-01  2.599884e-01
3.060000e-01  2.591127e-01
3.090000e-01  2.582470e-01
3.120000e-01  2.573912e-01
3.150000e-01  2.565451e-01
3.180000e-01  2.557083e-01
3.210000e-01  2.548809e-01
3.240000e-01  2.540625e-01
3.270000e-01  2.532529e-01
3.300000e-01  2.524521e-01
3.330000e-01  2.516597e-01
3.360000e-01  2.508758e-01
3.390000e-01  2.501000e-01
3.420000e-01  2.493322e-01
3.450000e-01  2.485723e-01
3.480000e-01  2.478202e-01
3.510000e-01  2.470756e-01
3.540000e-01  2.463385e-01
3.570000e-01  2.456086e-01
3.600000e-01  2.448859e-01
3.630000e-01  2.441703e-01
3.660000e-01  2.434615e-01
3.690000e-01  2.427596e-01
3.720000e-01  2.420643e-01
3.750000e-01  2.413755e-01
3.780000e-01  2.406932e-01
3.810000e-01  2.400171e-01
3.840000e-01  2.393473e-01
3.870000e-01  2.386836e-01
3.900000e-01  2.380258e-01
3.930000e-01  2.373740e-01
3.960000e-01  2.367279e-01
3.990000e-01  2.360876e-01
4.020000e-01  2.354528e-01
4.050000e-01  2.348236e-01
4.080000e-01  2.341997e-01
4.110000e-01  2.335813e-01
4.140000e-01  2.329680e-01
4.170000e-01  2.323599e-01
4.200000e-01  2.317569e-01
4.230000e-01  2.311589e-01
4.260000e-01  2.305658e-01
4.290000e-01  2.299776e-01
4.320000e-01  2.293941e-01
4.350000e-01  2.288153e-01
4.380000e-01  2.282412e-01
4.410000e-01  2.276716e-01
4.440000e-01  2.271064e-01
4.470000e-01  2.265458e-01
4.500000e-01  2.259894e-01
4.530000e-01  2.254374e-01
4.560000e-01  2.248896e-01
4.590000e-01  2.243459e-01
4.620000e-01  2.238064e-01
4.650000e-01  2.232709e-01
4.680000e-01  2.227394e-01
4.710000e-01  2.222118e-01
4.740000e-01  2.216881e-01
4.770000e-01  2.211682e-01
4.800000e-01  2.206521e-01
4.830000e-01  2.201397e-01
4.860000e-01  2.196310e-01
4.890000e-01  2.191259e-01
4.920000e-01  2.186243e-01
4.950000e-01  2.181263e-01
4.980000e-01  2.176318e-01
5.010000e-01  2.171407e-01
5.040000e-01  2.166529e-01
5.070000e-01  2.161685e-01
5.100000e-01  2.156874e-01
5.130000e-01  2.152095e-01
5.160000e-01  2.147348e-01
5.190000e-01  2.142634e-01
5.220000e-01  2.137950e-01
5.250000e-01  2.133297e-01
5.280000e-01  2.128674e-01
5.310000e-01  2.124082e-01
5.340000e-01  2.119519e-01
5.370000e-01  2.114986e-01
5.400000e-01  2.110482e-01
5.430000e-01  2.106006e-01
5.460000e-01  2.101558e-01
5.490000e-01  2.097139e-01
5.520000e-01  2.092747e-01
5.550000e-01  2.088382e-01
5.580000e-01  2.084044e-01
5.610000e-01  2.079733e-01
5.640000e-01  2.075448e-01
5.670000e-01  2.071188e-01
5.700000e-01  2.066955e-01
5.730000e-01  2.062747e-01
5.760000e-01  2.058564e-01
5.790000e-01  2.054406e-01
5.820000e-01  2.050272e-01
5.850000e-01  2.046162e-01
5.880000e-01  2.042076e-01
5.910000e-01  2.038014e-01
5.940000e-01  2.033976e-01
5.970000e-01  2.029960e-01
6.000000e-01  2.025967e-01
6.030000e-01  2.021997e-01
6.060000e-01  2.018050e-01
6.090000e-01  2.014124e-01
6.120000e-01  2.010220e-01
6.150000e-01  2.006338e-01
6.180000e-01  2.002478e-01
6.210000e-01  1.998638e-01
6.240000e-01  1.994819e-01
6.270000e-01  1.991021e-01
6.300000e-01  1.987244e-01
6.330000e-01  1.983487e-01
6.360000e-01  1.979750e-01
6.390000e-01  1.976032e-01
6.420000e-01  1.972335e-01
6.450000e-01  1.968657e-01
6.480000e-01  1.964998e-01
6.510000e-01  1.961358e-01
6.540000e-01  1.957737e-01
6.570000e-01  1.954134e-01
6.600000e-01  1.950550e-01
6.630000e-01  1.946984e-01
6.660000e-01  1.943437e-01
6.690000e-01  1.939907e-01
6.720000e-01  1.936395e-01
6.750000e-01  1.932900e-01
6.780000e-01  1.929423e-01
6.810000e-01  1.925963e-01
6.840000e-01  1.922520e-01
6.870000e-01  1.919094e-01
6.900000e-01  1.915684e-01
6.930000e-01  1.912291e-01
6.960000e-01  1.908915e-01
6.990000e-01  1.905554e-01
7.020000e-01  1.902210e-01
7.050000e-01  1.898881e-01
7.080000e-01  1.895569e-01
7.110000e-01  1.892272e-01
7.140000e-01  1.888990e-01
7.170000e-01  1.885724e-01
7.200000e-01  1.882472e-01
7.230000e-01  1.879236e-01
7.260000e-01  1.876015e-01
7.290000e-01  1.872808e-01
7.320000e-01  1.869616e-01
7.350000e-01  1.866439e-01
7.380000e-01  1.863275e-01
7.410000e-01  1.860126e-01
7.440000e-01  1.856991e-01
7.470000e-01  1.853870e-01
7.500000e-01  1.850763e-01
7.530000e-01  1.847670e-01
7.560000e-01  1.844590e-01
7.590000e-01  1.841523e-01
7.620000e-01  1.838470e-01
7.650000e-01  1.835430e-01
7.680000e-01  1.832403e-01
7.710000e-01  1.829389e-01
7.740000e-01  1.826388e-01
7.770000e-01  1.823400e-01
7.800000e-01  1.820424e-01
7.830000e-01  1.817461e-01
7.860000e-01  1.814511e-01
7.890000e-01  1.811572e-01
7.920000e-01  1.808646e-01
7.950000e-01  1.805732e-01
7.980000e-01  1.802830e-01
8.010000e-01  1.799939e-01
8.040000e-01  1.797061e-01
8.070000e-01  1.794194e-01
8.100000e-01  1.791339e-01
8.130000e-01  1.788496e-01
8.160000e-01  1.785663e-01
8.190000e-01  1.782842e-01
8.220000e-01  1.780033e-01
8.250000e-01  1.777234e-01
8.280000e-01  1.774447e-01
8.310000e-01  1.771670e-01
8.340000e-01  1.768904e-01
8.370000e-01  1.766149e-01
8.400000e-01  1.763405e-01
8.430000e-01  1.760671e-01
8.460000e-01  1.757948e-01
8.490000e-01  1.755235e-01
8.520000e-01  1.752532e-01
8.550000e-01  1.749840e-01
8.580000e-01  1.747158e-01
8.610000e-01  1.744486e-01
8.640000e-01  1.741824e-01
8.670000e-01  1.739171e-01
8.700000e-01  1.736529e-01
8.730000e-01  1.733897e-01
8.760000e-01  1.731274e-01
8.790000e-01  1.728661e-01
8.820000e-01  1.726057e-01
8.850000e-01  1.723463e-01
8.880000e-01  1.720878e-01
8.910000e-01  1.718302e-01
8.940000e-01  1.715736e-01
8.970000e-01  1.713179e-01
9.000000e-01  1.710631e-01
9.030000e-01  1.708092e-01
9.060000e-01  1.705562e-01
9.090000e-01  1.703041e-01
9.120000e-01  1.700529e-01
9.150000e-01  1.698025e-01
9.180000e-01  1.695531e-01
9.210000e-01  1.693044e-01
9.240000e-01  1.690567e-01
9.270000e-01  1.688098e-01
9.300000e-01  1.685637e-01
9.330000e-01  1.683185e-01
9.360000e-01  1.680741e-01
9.390000e-01  1.678305e-01
9.420000e-01  1.675877e-01
9.450000e-01  1.673458e-01
9.480000e-01  1.671047e-01
9.510000e-01  1.668644e-01
9.540000e-01  1.666248e-01
9.570000e-01  1.663861e-01
9.600000e-01  1.661481e-01
9.630000e-01  1.659109e-01
9.660000e-01  1.656745e-01
9.690000e-01  1.654389e-01
9.720000e-01  1.652040e-01
9.750000e-01  1.649699e-01
9.780000e-01  1.647365e-01
9.810000e-01  1.645039e-01
9.840000e-01  1.642720e-01
9.870000e-01  1.640408e-01
9.900000e-01  1.638104e-01
9.930000e-01  1.635807e-01
9.960000e-01  1.633517e-01
9.990000e-01  1.631235e-01
