000000  000001
3.000000e-03  7.936233e-01
6.000000e-03  7.072419e-01
9.000000e-03  6.532079e-01
1.200000e-02  6.143684e-01
1.500000e-02  5.843139e-01
1.800000e-02  5.599567e-01
2.100000e-02  5.395781e-01
2.400000e-02  5.221255e-01
2.700000e-02  5.069096e-01
3.000000e-02  4.934549e-01
3.300000e-02  4.814204e-01
3.600000e-02  4.705538e-01
3.900000e-02  4.606628e-01
4.200000e-02  4.515984e-01
4.500000e-02  4.432423e-01
4.800000e-02  4.354996e-01
5.100000e-02  4.282925e-01
5.400000e-02  4.215571e-01
5.700000e-02  4.152398e-01
6.000000e-02  4.092955e-01
6.300000e-02  4.036858e-01
6.600000e-02  3.983779e-01
6.900000e-02  3.933434e-01
7.200000e-02  3.885575e-01
7.500000e-02  3.839988e-01
7.800000e-02  3.796482e-01
8.100000e-02  3.754890e-01
8.400000e-02  3.715064e-01
8.700000e-02  3.676871e-01
9.000000e-02  3.640192e-01
9.300000e-02  3.604923e-01
9.600000e-02  3.570965e-01
9.900000e-02  3.538234e-01
1.020000e-01  3.506650e-01
1.050000e-01  3.476141e-01
1.080000e-01  3.446643e-01
1.110000e-01  3.418096e-01
1.140000e-01  3.390445e-01
1.170000e-01  3.363639e-01
1.200000e-01  3.337634e-01
1.230000e-01  3.312385e-01
1.260000e-01  3.287854e-01
1.290000e-01  3.264004e-01
1.320000e-01  3.240801e-01
1.350000e-01  3.218213e-01
1.380000e-01  3.196212e-01
1.410000e-01  3.174769e-01
1.440000e-01  3.153860e-01
1.470000e-01  3.133460e-01
1.500000e-01  3.113548e-01
1.530000e-01  3.094101e-01
1.560000e-01  3.075101e-01
1.590000e-01  3.056529e-01
1.620000e-01  3.038368e-01
1.650000e-01  3.020600e-01
1.680000e-01  3.003211e-01
1.710000e-01  2.986186e-01
1.740000e-01  2.969512e-01
1.770000e-01  2.953174e-01
1.800000e-01  2.937161e-01
1.830000e-01  2.921462e-01
1.860000e-01  2.906064e-01
1.890000e-01  2.890958e-01
1.920000e-01  2.876133e-01
1.950000e-01  2.861580e-01
1.980000e-01  2.847290e-01
2.010000e-01  2.833253e-01
2.040000e-01  2.819463e-01
2.070000e-01  2.805910e-01
2.100000e-01  2.792589e-01
2.130000e-01  2.779490e-01
2.160000e-01  2.766608e-01
2.190000e-01  2.753936e-01
2.220000e-01  2.741467e-01
2.250000e-01  2.729197e-01
2.280000e-01  2.717118e-01
2.310000e-01  2.705226e-01
2.340000e-01  2.693514e-01
2.370000e-01  2.681979e-01
2.400000e-01  2.670616e-01
2.430000e-01  2.659418e-01
2.460000e-01  2.648383e-01
2.490000e-01  2.637506e-01
2.520000e-01  2.626782e-01
2.550000e-01  2.616208e-01
2.580000e-01  2.605779e-01
2.610000e-01  2.595493e-01
2.640000e-01  2.585345e-01
2.670000e-01  2.575332e-01
2.700000e-01  2.565451e-01
2.730000e-01  2.555698e-01
2.760000e-01  2.546071e-01
2.790000e-01  2.536566e-01
2.820000e-01  2.527180e-01
2.850000e-01  2.517912e-01
2.880000e-01  2.508758e-01
2.910000e-01  2.499715e-01
2.940000e-01  2.490781e-01
2.970000e-01  2.481953e-01
3.000000e-01  2.473230e-01
3.030000e-01  2.464608e-01
3.060000e-01  2.456086e-01
3.090000e-01  2.447662e-01
3.120000e-01  2.439333e-01
3.150000e-01  2.431097e-01
3.180000e-01  2.422953e-01
3.210000e-01  2.414898e-01
3.240000e-01  2.406932e-01
3.270000e-01  2.399051e-01
3.300000e-01  2.391254e-01
3.330000e-01  2.383540e-01
3.360000e-01  2.375906e-01
3.390000e-01  2.368352e-01
3.420000e-01  2.360876e-01
3.450000e-01  2.353476e-01
3.480000e-01  2.346150e-01
3.510000e-01  2.338898e-01
3.540000e-01  2.331719e-01
3.570000e-01  2.324609e-01
3.600000e-01  2.317569e-01
3.630000e-01  2.310597e-01
3.660000e-01  2.303692e-01
3.690000e-01  2.296852e-01
3.720000e-01  2.290077e-01
3.750000e-01  2.283365e-01
3.780000e-01  2.276716e-01
3.810000e-01  2.270127e-01
3.840000e-01  2.263598e-01
3.870000e-01  2.257129e-01
3.900000e-01  2.250717e-01
3.930000e-01  2.244362e-01
3.960000e-01  2.238064e-01
3.990000e-01  2.231820e-01
4.020000e-01  2.225631e-01
4.050000e-01  2.219495e-01
4.080000e-01  2.213411e-01
4.110000e-01  2.207379e-01
4.140000e-01  2.201397e-01
4.170000e-01  2.195466e-01
4.200000e-01  2.189583e-01
4.230000e-01  2.183749e-01
4.260000e-01  2.177962e-01
4.290000e-01  2.172223e-01
4.320000e-01  2.166529e-01
4.350000e-01  2.160881e-01
4.380000e-01  2.155277e-01
4.410000e-01  2.149718e-01
4.440000e-01  2.144202e-01
4.470000e-01  2.138728e-01
4.500000e-01  2.133297e-01
4.530000e-01  2.127907e-01
4.560000e-01  2.122558e-01
4.590000e-01  2.117249e-01
4.620000e-01  2.111980e-01
4.650000e-01  2.106750e-01
4.680000e-01  2.101558e-01
4.710000e-01  2.096405e-01
4.740000e-01  2.091289e-01
4.770000e-01  2.086210e-01
4.800000e-01  2.081167e-01
4.830000e-01  2.076160e-01
4.860000e-01  2.071188e-01
4.890000e-01  2.066252e-01
4.920000e-01  2.061350e-01
4.950000e-01  2.056482e-01
4.980000e-01  2.051647e-01
5.010000e-01  2.046845e-01
5.040000e-01  2.042076e-01
5.070000e-01  2.037340e-01
5.100000e-01  2.032635e-01
5.130000e-01  2.027961e-01
5.160000e-01  2.023318e-01
5.190000e-01  2.018706e-01
5.220000e-01  2.014124e-01
5.250000e-01  2.009572e-01
5.280000e-01  2.005049e-01
5.310000e-01  2.000555e-01
5.340000e-01  1.996090e-01
5.370000e-01  1.991653e-01
5.400000e-01  1.987244e-01
5.430000e-01  1.982863e-01
5.460000e-01  1.978509e-01
5.490000e-01  1.974181e-01
5.520000e-01  1.969881e-01
5.550000e-01  1.965606e-01
5.580000e-01  1.961358e-01
5.610000e-01  1.957135e-01
5.640000e-01  1.952937e-01
5.670000e-01  1.948765e-01
5.700000e-01  1.944617e-01
5.730000e-01  1.940494e-01
5.760000e-01  1.936395e-01
5.790000e-01  1.932319e-01
5.820000e-01  1.928268e-01
5.850000e-01  1.924239e-01
5.880000e-01  1.920234e-01
5.910000e-01  1.916251e-01
5.940000e-01  1.912291e-01
5.970000e-01  1.908353e-01
6.000000e-01  1.904438e-01
6.030000e-01  1.900544e-01
6.060000e-01  1.896671e-01
6.090000e-01  1.892820e-01
6.120000e-01  1.888990e-01
6.150000e-01  1.885181e-01
6.180000e-01  1.881392e-01
6.210000e-01  1.877624e-01
6.240000e-01  1.873875e-01
6.270000e-01  1.870147e-01
6.300000e-01  1.866439e-01
6.330000e-01  1.862750e-01
6.360000e-01  1.859080e-01
6.390000e-01  1.855429e-01
6.420000e-01  1.851797e-01
6.450000e-01  1.848184e-01
6.480000e-01  1.844590e-01
6.510000e-01  1.841013e-01
6.540000e-01  1.837455e-01
6.570000e-01  1.833915e-01
6.600000e-01  1.830393e-01
6.630000e-01  1.826888e-01
6.660000e-01  1.823400e-01
6.690000e-01  1.819930e-01
6.720000e-01  1.816476e-01
6.750000e-01  1.813040e-01
6.780000e-01  1.809620e-01
6.810000e-01  1.806217e-01
6.840000e-01  1.802830e-01
6.870000e-01  1.799459e-01
6.900000e-01  1.796104e-01
6.930000e-01  1.792765e-01
6.960000e-01  1.789442e-01
6.990000e-01  1.786135e-01
7.020000e-01  1.782842e-01
7.050000e-01  1.779566e-01
7.080000e-01  1.776304e-01
7.110000e-01  1.773057e-01
7.140000e-01  1.769825e-01
7.170000e-01  1.766608e-01
7.200000e-01  1.763405e-01
7.230000e-01  1.760216e-01
7.260000e-01  1.757042e-01
7.290000e-01  1.753882e-01
7.320000e-01  1.750736e-01
7.350000e-01  1.747604e-01
7.380000e-01  1.744486e-01
7.410000e-01  1.741381e-01
7.440000e-01  1.738290e-01
7.470000e-01  1.735212e-01
7.500000e-01  1.732147e-01
7.530000e-01  1.729095e-01
7.560000e-01  1.726057e-01
7.590000e-01  1.723031e-01
7.620000e-01  1.720018e-01
7.650000e-01  1.717018e-01
7.680000e-01  1.714030e-01
7.710000e-01  1.711055e-01
7.740000e-01  1.708092e-01
7.770000e-01  1.705141e-01
7.800000e-01  1.702203e-01
7.830000e-01  1.699276e-01
7.860000e-01  1.696361e-01
7.890000e-01  1.693458e-01
7.920000e-01  1.690567e-01
7.950000e-01  1.687687e-01
7.980000e-01  1.684819e-01
8.010000e-01  1.681962e-01
8.040000e-01  1.679116e-01
8.070000e-01  1.676282e-01
8.100000e-01  1.673458e-01
8.130000e-01  1.670646e-01
8.160000e-01  1.667844e-01
8.190000e-01  1.665053e-01
8.220000e-01  1.662274e-01
8.250000e-01  1.659504e-01
8.280000e-01  1.656745e-01
8.310000e-01  1.653997e-01
8.340000e-01  1.651259e-01
8.370000e-01  1.648531e-01
8.400000e-01  1.645813e-01
8.430000e-01  1.643106e-01
8.460000e-01  1.640408e-01
8.490000e-01  1.637721e-01
8.520000e-01  1.635043e-01
8.550000e-01  1.632375e-01
8.580000e-01  1.629717e-01
8.610000e-01  1.627068e-01
8.640000e-01  1.624429e-01
8.670000e-01  1.621799e-01
8.700000e-01  1.619179e-01
8.730000e-01  1.616568e-01
8.760000e-01  1.613966e-01
8.790000e-01  1.611374e-01
8.820000e-01  1.608790e-01
8.850000e-01  1.606216e-01
8.880000e-01  1.603650e-01
8.910000e-01  1.601093e-01
8.940000e-01  1.598545e-01
8.970000e-01  1.596006e-01
9.000000e-01  1.593476e-01
9.030000e-01  1.590954e-01
9.060000e-01  1.588440e-01
9.090000e-01  1.585935e-01
9.120000e-01  1.583439e-01
9.150000e-01  1.580950e-01
9.180000e-01  1.578470e-01
9.210000e-01  1.575998e-01
9.240000e-01  1.573535e-01
9.270000e-01  1.571079e-01
9.300000e-01  1.568632e-01
9.330000e-01  1.566192e-01
9.360000e-01  1.563760e-01
9.390000e-01  1.561336e-01
9.420000e-01  1.558920e-01
9.450000e-01  1.556512e-01
9.480000e-01  1.554111e-01
9.510000e-01  1.551717e-01
9.540000e-01  1.549332e-01
9.570000e-01  1.546953e-01
9.600000e-01  1.544583e-01
9.630000e-01  1.542219e-01
9.660000e-01  1.539863e-01
9.690000e-01  1.537514e-01
9.720000e-01  1.535172e-01
9.750000e-01  1.532838e-01
9.780000e-01  1.530510e-01
9.810000e-01  1.528190e-01
9.840000e-01  1.525877e-01
9.870000e-01  1.523570e-01
9.900000e-01  1.521270e-01
9.930000e-01  1.518978e-01
9.960000e-01  1.516692e-01
9.990000e-01  1.514412e-01
