000000  000001
3.000000e-03  6.951442e-01
6.000000e-03  6.019813e-01
9.000000e-03  5.477924e-01
1.200000e-02  5.102499e-01
1.500000e-02  4.818603e-01
1.800000e-02  4.592178e-01
2.100000e-02  4.404970e-01
2.400000e-02  4.246108e-01
2.700000e-02  4.108615e-01
3.000000e-02  3.987762e-01
3.300000e-02  3.880203e-01
3.600000e-02  3.783488e-01
3.900000e-02  3.695771e-01
4.200000e-02  3.615631e-01
4.500000e-02  3.541951e-01
4.800000e-02  3.473837e-01
5.100000e-02  3.410565e-01
5.400000e-02  3.351540e-01
5.700000e-02  3.296267e-01
6.000000e-02  3.244329e-01
6.300000e-02  3.195377e-01
6.600000e-02  3.149108e-01
6.900000e-02  3.105265e-01
7.200000e-02  3.063623e-01
7.500000e-02  3.023987e-01
7.800000e-02  2.986186e-01
8.100000e-02  2.950070e-01
8.400000e-02  2.915505e-01
8.700000e-02  2.882371e-01
9.000000e-02  2.850564e-01
9.300000e-02  2.819989e-01
9.600000e-02  2.790559e-01
9.900000e-02  2.762198e-01
1.020000e-01  2.734836e-01
1.050000e-01  2.708409e-01
1.080000e-01  2.682860e-01
1.110000e-01  2.658137e-01
1.140000e-01  2.634190e-01
1.170000e-01  2.610975e-01
1.200000e-01  2.588453e-01
1.230000e-01  2.566584e-01
1.260000e-01  2.545335e-01
1.290000e-01  2.524674e-01
1.320000e-01  2.504570e-01
1.350000e-01  2.484997e-01
1.380000e-01  2.465928e-01
1.410000e-01  2.447340e-01
1.440000e-01  2.429210e-01
1.470000e-01  2.411517e-01
1.500000e-01  2.394243e-01
1.530000e-01  2.377368e-01
1.560000e-01  2.360876e-01
1.590000e-01  2.344750e-01
1.620000e-01  2.328976e-01
1.650000e-01  2.313539e-01
1.680000e-01  2.298425e-01
1.710000e-01  2.283622e-01
1.740000e-01  2.269119e-01
1.770000e-01  2.254903e-01
1.800000e-01  2.240964e-01
1.830000e-01  2.227292e-01
1.860000e-01  2.213877e-01
1.890000e-01  2.200710e-01
1.920000e-01  2.187783e-01
1.950000e-01  2.175087e-01
1.980000e-01  2.162614e-01
2.010000e-01  2.150357e-01
2.040000e-01  2.138309e-01
2.070000e-01  2.126463e-01
2.100000e-01  2.114812e-01
2.130000e-01  2.103351e-01
2.160000e-01  2.092073e-01
2.190000e-01  2.080973e-01
2.220000e-01  2.070046e-01
2.250000e-01  2.059286e-01
2.280000e-01  2.048688e-01
2.310000e-01  2.038248e-01
2.340000e-01  2.027961e-01
2.370000e-01  2.017823e-01
2.400000e-01  2.007829e-01
2.430000e-01  1.997976e-01
2.460000e-01  1.988259e-01
2.490000e-01  1.978676e-01
2.520000e-01  1.969221e-01
2.550000e-01  1.959893e-01
2.580000e-01  1.950688e-01
2.610000e-01  1.941602e-01
2.640000e-01  1.932632e-01
2.670000e-01  1.923776e-01
2.700000e-01  1.915030e-01
2.730000e-01  1.906393e-01
2.760000e-01  1.897860e-01
2.790000e-01  1.889431e-01
2.820000e-01  1.881101e-01
2.850000e-01  1.872870e-01
2.880000e-01  1.864734e-01
2.910000e-01  1.856691e-01
2.940000e-01  1.848739e-01
2.970000e-01  1.840876e-01
3.000000e-01  1.833101e-01
3.030000e-01  1.825410e-01
3.060000e-01  1.817803e-01
3.090000e-01  1.810276e-01
3.120000e-01  1.802830e-01
3.150000e-01  1.795461e-01
3.180000e-01  1.788168e-01
3.210000e-01  1.780950e-01
3.240000e-01  1.773805e-01
3.270000e-01  1.766731e-01
3.300000e-01  1.759727e-01
3.330000e-01  1.752792e-01
3.360000e-01  1.745923e-01
3.390000e-01  1.739121e-01
3.420000e-01  1.732382e-01
3.450000e-01  1.725707e-01
3.480000e-01  1.719094e-01
3.510000e-01  1.712541e-01
3.540000e-01  1.706048e-01
3.570000e-01  1.699613e-01
3.600000e-01  1.693235e-01
3.630000e-01  1.686914e-01
3.660000e-01  1.680647e-01
3.690000e-01  1.674434e-01
3.720000e-01  1.668275e-01
3.750000e-01  1.662167e-01
3.780000e-01  1.656110e-01
3.810000e-01  1.650103e-01
3.840000e-01  1.644146e-01
3.870000e-01  1.638237e-01
3.900000e-01  1.632375e-01
3.930000e-01  1.626560e-01
3.960000e-01  1.620790e-01
3.990000e-01  1.615066e-01
4.020000e-01  1.609386e-01
4.050000e-01  1.603749e-01
4.080000e-01  1.598154e-01
4.110000e-01  1.592602e-01
4.140000e-01  1.587090e-01
4.170000e-01  1.581620e-01
4.200000e-01  1.576188e-01
4.230000e-01  1.570796e-01
4.260000e-01  1.565443e-01
4.290000e-01  1.560127e-01
4.320000e-01  1.554849e-01
4.350000e-01  1.549607e-01
4.380000e-01  1.544401e-01
4.410000e-01  1.539230e-01
4.440000e-01  1.534094e-01
4.470000e-01  1.528992e-01
4.500000e-01  1.523924e-01
4.530000e-01  1.518890e-01
4.560000e-01  1.513887e-01
4.590000e-01  1.508917e-01
4.620000e-01  1.503979e-01
4.650000e-01  1.499071e-01
4.680000e-01  1.494194e-01
4.710000e-01  1.489347e-01
4.740000e-01  1.484530e-01
4.770000e-01  1.479742e-01
4.800000e-01  1.474983e-01
4.830000e-01  1.470252e-01
4.860000e-01  1.465549e-01
4.890000e-01  1.460873e-01
4.920000e-01  1.456224e-01
4.950000e-01  1.451602e-01
4.980000e-01  1.447005e-01
5.010000e-01  1.442435e-01
5.040000e-01  1.437890e-01
5.070000e-01  1.433370e-01
5.100000e-01  1.428875e-01
5.130000e-01  1.424404e-01
5.160000e-01  1.419957e-01
5.190000e-01  1.415533e-01
5.220000e-01  1.411132e-01
5.250000e-01  1.406755e-01
5.280000e-01  1.402399e-01
5.310000e-01  1.398066e-01
5.340000e-01  1.393755e-01
5.370000e-01  1.389465e-01
5.400000e-01  1.385196e-01
5.430000e-01  1.380948e-01
5.460000e-01  1.376721e-01
5.490000e-01  1.372514e-01
5.520000e-01  1.368327e-01
5.550000e-01  1.364159e-01
5.580000e-01  1.360011e-01
5.610000e-01  1.355882e-01
5.640000e-01  1.351772e-01
5.670000e-01  1.347680e-01
5.700000e-01  1.343606e-01
5.730000e-01  1.339550e-01
5.760000e-01  1.335512e-01
5.790000e-01  1.331492e-01
5.820000e-01  1.327488e-01
5.850000e-01  1.323502e-01
5.880000e-01  1.319532e-01
5.910000e-01  1.315578e-01
5.940000e-01  1.311641e-01
5.970000e-01  1.307719e-01
6.000000e-01  1.303813e-01
6.030000e-01  1.299923e-01
6.060000e-01  1.296047e-01
6.090000e-01  1.292187e-01
6.120000e-01  1.288341e-01
6.150000e-01  1.284510e-01
6.180000e-01  1.280693e-01
6.210000e-01  1.276890e-01
6.240000e-01  1.273101e-01
6.270000e-01  1.269326e-01
6.300000e-01  1.265564e-01
6.330000e-01  1.261815e-01
6.360000e-01  1.258079e-01
6.390000e-01  1.254356e-01
6.420000e-01  1.250645e-01
6.450000e-01  1.246947e-01
6.480000e-01  1.243261e-01
6.510000e-01  1.239586e-01
6.540000e-01  1.235924e-01
6.570000e-01  1.232273e-01
6.600000e-01  1.228633e-01
6.630000e-01  1.225005e-01
6.660000e-01  1.221387e-01
6.690000e-01  1.217781e-01
6.720000e-01  1.214184e-01
6.750000e-01  1.210599e-01
6.780000e-01  1.207023e-01
6.810000e-01  1.203457e-01
6.840000e-01  1.199901e-01
6.870000e-01  1.196355e-01
6.900000e-01  1.192818e-01
6.930000e-01  1.189291e-01
6.960000e-01  1.185772e-01
6.990000e-01  1.182263e-01
7.020000e-01  1.178762e-01
7.050000e-01  1.175270e-01
7.080000e-01  1.171786e-01
7.110000e-01  1.168310e-01
7.140000e-01  1.164842e-01
7.170000e-01  1.161382e-01
7.200000e-01  1.157930e-01
7.230000e-01  1.154485e-01
7.260000e-01  1.151048e-01
7.290000e-01  1.147617e-01
7.320000e-01  1.144194e-01
7.350000e-01  1.140777e-01
7.380000e-01  1.137367e-01
7.410000e-01  1.133963e-01
7.440000e-01  1.130566e-01
7.470000e-01  1.127174e-01
7.500000e-01  1.123789e-01
7.530000e-01  1.120409e-01
7.560000e-01  1.117035e-01
7.590000e-01  1.113666e-01
7.620000e-01  1.110302e-01
7.650000e-01  1.106943e-01
7.680000e-01  1.103589e-01
7.710000e-01  1.100240e-01
7.740000e-01  1.096895e-01
7.770000e-01  1.093555e-01
7.800000e-01  1.090218e-01
7.830000e-01  1.086886e-01
7.860000e-01  1.083557e-01
7.890000e-01  1.080232e-01
7.920000e-01  1.076910e-01
7.950000e-01  1.073591e-01
7.980000e-01  1.070275e-01
8.010000e-01  1.066962e-01
8.040000e-01  1.063652e-01
8.070000e-01  1.060344e-01
8.100000e-01  1.057038e-01
8.130000e-01  1.053734e-01
8.160000e-01  1.050432e-01
8.190000e-01  1.047132e-01
8.220000e-01  1.043833e-01
8.250000e-01  1.040535e-01
8.280000e-01  1.037238e-01
8.310000e-01  1.033942e-01
8.340000e-01  1.030647e-01
8.370000e-01  1.027351e-01
8.400000e-01  000000
8.430000e-01  000000
8.460000e-01  000000
8.490000e-01  000000
8.520000e-01  000000
8.550000e-01  000000
8.580000e-01  000000
8.610000e-01  000000
8.640000e-01  000000
8.670000e-01  000000
8.700000e-01  000000
8.730000e-01  000000
8.760000e-01  000000
8.790000e-01  000000
8.820000e-01  000000
8.850000e-01  000000
8.880000e-01  000000
8.910000e-01  000000
8.940000e-01  000000
8.970000e-01  000000
9.000000e-01  000000
9.030000e-01  000000
9.060000e-01  000000
9.090000e-01  000000
9.120000e-01  000000
9.150000e-01  000000
9.180000e-01  000000
9.210000e-01  000000
9.240000e-01  000000
9.270000e-01  000000
9.300000e-01  000000
9.330000e-01  000000
9.360000e-01  000000
9.390000e-01  000000
9.420000e-01  000000
9.450000e-01  000000
9.480000e-01  000000
9.510000e-01  000000
9.540000e-01  000000
9.570000e-01  000000
9.600000e-01  000000
9.630000e-01  000000
9.660000e-01  000000
9.690000e-01  000000
9.720000e-01  000000
9.750000e-01  000000
9.780000e-01  000000
9.810000e-01  000000
9.840000e-01  000000
9.870000e-01  000000
9.900000e-01  000000
9.930000e-01  000000
9.960000e-01  000000
9.990000e-01  000000
