000000  000001
3.000000e-03  7.626227e-01
6.000000e-03  6.729009e-01
9.000000e-03  6.182607e-01
1.200000e-02  5.795243e-01
1.500000e-02  5.498099e-01
1.800000e-02  5.258750e-01
2.100000e-02  5.059407e-01
2.400000e-02  4.889292e-01
2.700000e-02  4.741401e-01
3.000000e-02  4.610935e-01
3.300000e-02  4.494470e-01
3.600000e-02  4.389483e-01
3.900000e-02  4.294060e-01
4.200000e-02  4.206721e-01
4.500000e-02  4.126296e-01
4.800000e-02  4.051845e-01
5.100000e-02  3.982606e-01
5.400000e-02  3.917947e-01
5.700000e-02  3.857344e-01
6.000000e-02  3.800355e-01
6.300000e-02  3.746604e-01
6.600000e-02  3.695771e-01
6.900000e-02  3.647577e-01
7.200000e-02  3.601783e-01
7.500000e-02  3.558178e-01
7.800000e-02  3.516579e-01
8.100000e-02  3.476823e-01
8.400000e-02  3.438766e-01
8.700000e-02  3.402278e-01
9.000000e-02  3.367247e-01
9.300000e-02  3.333567e-01
9.600000e-02  3.301148e-01
9.900000e-02  3.269904e-01
1.020000e-01  3.239761e-01
1.050000e-01  3.210648e-01
1.080000e-01  3.182503e-01
1.110000e-01  3.155269e-01
1.140000e-01  3.128893e-01
1.170000e-01  3.103326e-01
1.200000e-01  3.078524e-01
1.230000e-01  3.054445e-01
1.260000e-01  3.031052e-01
1.290000e-01  3.008310e-01
1.320000e-01  2.986186e-01
1.350000e-01  2.964650e-01
1.380000e-01  2.943674e-01
1.410000e-01  2.923231e-01
1.440000e-01  2.903296e-01
1.470000e-01  2.883848e-01
1.500000e-01  2.864864e-01
1.530000e-01  2.846325e-01
1.560000e-01  2.828211e-01
1.590000e-01  2.810504e-01
1.620000e-01  2.793189e-01
1.650000e-01  2.776249e-01
1.680000e-01  2.759670e-01
1.710000e-01  2.743438e-01
1.740000e-01  2.727538e-01
1.770000e-01  2.711960e-01
1.800000e-01  2.696691e-01
1.830000e-01  2.681719e-01
1.860000e-01  2.667035e-01
1.890000e-01  2.652628e-01
1.920000e-01  2.638488e-01
1.950000e-01  2.624607e-01
1.980000e-01  2.610975e-01
2.010000e-01  2.597585e-01
2.040000e-01  2.584429e-01
2.070000e-01  2.571499e-01
2.100000e-01  2.558787e-01
2.130000e-01  2.546288e-01
2.160000e-01  2.533994e-01
2.190000e-01  2.521900e-01
2.220000e-01  2.509999e-01
2.250000e-01  2.498286e-01
2.280000e-01  2.486755e-01
2.310000e-01  2.475401e-01
2.340000e-01  2.464219e-01
2.370000e-01  2.453203e-01
2.400000e-01  2.442351e-01
2.430000e-01  2.431656e-01
2.460000e-01  2.421115e-01
2.490000e-01  2.410723e-01
2.520000e-01  2.400477e-01
2.550000e-01  2.390373e-01
2.580000e-01  2.380407e-01
2.610000e-01  2.370576e-01
2.640000e-01  2.360876e-01
2.670000e-01  2.351304e-01
2.700000e-01  2.341856e-01
2.730000e-01  2.332531e-01
2.760000e-01  2.323324e-01
2.790000e-01  2.314233e-01
2.820000e-01  2.305256e-01
2.850000e-01  2.296388e-01
2.880000e-01  2.287629e-01
2.910000e-01  2.278976e-01
2.940000e-01  2.270425e-01
2.970000e-01  2.261975e-01
3.000000e-01  2.253624e-01
3.030000e-01  2.245370e-01
3.060000e-01  2.237209e-01
3.090000e-01  2.229141e-01
3.120000e-01  2.221163e-01
3.150000e-01  2.213273e-01
3.180000e-01  2.205470e-01
3.210000e-01  2.197751e-01
3.240000e-01  2.190116e-01
3.270000e-01  2.182562e-01
3.300000e-01  2.175087e-01
3.330000e-01  2.167690e-01
3.360000e-01  2.160370e-01
3.390000e-01  2.153124e-01
3.420000e-01  2.145952e-01
3.450000e-01  2.138852e-01
3.480000e-01  2.131823e-01
3.510000e-01  2.124863e-01
3.540000e-01  2.117971e-01
3.570000e-01  2.111145e-01
3.600000e-01  2.104385e-01
3.630000e-01  2.097690e-01
3.660000e-01  2.091057e-01
3.690000e-01  2.084486e-01
3.720000e-01  2.077976e-01
3.750000e-01  2.071526e-01
3.780000e-01  2.065135e-01
3.810000e-01  2.058801e-01
3.840000e-01  2.052524e-01
3.870000e-01  2.046302e-01
3.900000e-01  2.040135e-01
3.930000e-01  2.034021e-01
3.960000e-01  2.027961e-01
3.990000e-01  2.021952e-01
4.020000e-01  2.015995e-01
4.050000e-01  2.010088e-01
4.080000e-01  2.004230e-01
4.110000e-01  1.998421e-01
4.140000e-01  1.992659e-01
4.170000e-01  1.986944e-01
4.200000e-01  1.981276e-01
4.230000e-01  1.975654e-01
4.260000e-01  1.970075e-01
4.290000e-01  1.964542e-01
4.320000e-01  1.959051e-01
4.350000e-01  1.953604e-01
4.380000e-01  1.948198e-01
4.410000e-01  1.942834e-01
4.440000e-01  1.937510e-01
4.470000e-01  1.932227e-01
4.500000e-01  1.926983e-01
4.530000e-01  1.921779e-01
4.560000e-01  1.916612e-01
4.590000e-01  1.911484e-01
4.620000e-01  1.906393e-01
4.650000e-01  1.901338e-01
4.680000e-01  1.896320e-01
4.710000e-01  1.891338e-01
4.740000e-01  1.886390e-01
4.770000e-01  1.881478e-01
4.800000e-01  1.876599e-01
4.830000e-01  1.871755e-01
4.860000e-01  1.866943e-01
4.890000e-01  1.862164e-01
4.920000e-01  1.857418e-01
4.950000e-01  1.852704e-01
4.980000e-01  1.848020e-01
5.010000e-01  1.843369e-01
5.040000e-01  1.838747e-01
5.070000e-01  1.834156e-01
5.100000e-01  1.829595e-01
5.130000e-01  1.825062e-01
5.160000e-01  1.820559e-01
5.190000e-01  1.816085e-01
5.220000e-01  1.811639e-01
5.250000e-01  1.807220e-01
5.280000e-01  1.802830e-01
5.310000e-01  1.798466e-01
5.340000e-01  1.794129e-01
5.370000e-01  1.789819e-01
5.400000e-01  1.785535e-01
5.430000e-01  1.781277e-01
5.460000e-01  1.777044e-01
5.490000e-01  1.772836e-01
5.520000e-01  1.768653e-01
5.550000e-01  1.764495e-01
5.580000e-01  1.760361e-01
5.610000e-01  1.756251e-01
5.640000e-01  1.752164e-01
5.670000e-01  1.748101e-01
5.700000e-01  1.744061e-01
5.730000e-01  1.740044e-01
5.760000e-01  1.736050e-01
5.790000e-01  1.732077e-01
5.820000e-01  1.728127e-01
5.850000e-01  1.724199e-01
5.880000e-01  1.720292e-01
5.910000e-01  1.716406e-01
5.940000e-01  1.712541e-01
5.970000e-01  1.708697e-01
6.000000e-01  1.704874e-01
6.030000e-01  1.701070e-01
6.060000e-01  1.697287e-01
6.090000e-01  1.693524e-01
6.120000e-01  1.689780e-01
6.150000e-01  1.686056e-01
6.180000e-01  1.682351e-01
6.210000e-01  1.678664e-01
6.240000e-01  1.674997e-01
6.270000e-01  1.671348e-01
6.300000e-01  1.667717e-01
6.330000e-01  1.664105e-01
6.360000e-01  1.660510e-01
6.390000e-01  1.656933e-01
6.420000e-01  1.653374e-01
6.450000e-01  1.649832e-01
6.480000e-01  1.646307e-01
6.510000e-01  1.642799e-01
6.540000e-01  1.639308e-01
6.570000e-01  1.635833e-01
6.600000e-01  1.632375e-01
6.630000e-01  1.628933e-01
6.660000e-01  1.625508e-01
6.690000e-01  1.622098e-01
6.720000e-01  1.618704e-01
6.750000e-01  1.615325e-01
6.780000e-01  1.611962e-01
6.810000e-01  1.608614e-01
6.840000e-01  1.605282e-01
6.870000e-01  1.601964e-01
6.900000e-01  1.598661e-01
6.930000e-01  1.595373e-01
6.960000e-01  1.592099e-01
6.990000e-01  1.588840e-01
7.020000e-01  1.585594e-01
7.050000e-01  1.582363e-01
7.080000e-01  1.579146e-01
7.110000e-01  1.575942e-01
7.140000e-01  1.572753e-01
7.170000e-01  1.569576e-01
7.200000e-01  1.566413e-01
7.230000e-01  1.563264e-01
7.260000e-01  1.560127e-01
7.290000e-01  1.557003e-01
7.320000e-01  1.553893e-01
7.350000e-01  1.550795e-01
7.380000e-01  1.547709e-01
7.410000e-01  1.544637e-01
7.440000e-01  1.541576e-01
7.470000e-01  1.538528e-01
7.500000e-01  1.535491e-01
7.530000e-01  1.532467e-01
7.560000e-01  1.529455e-01
7.590000e-01  1.526454e-01
7.620000e-01  1.523465e-01
7.650000e-01  1.520488e-01
7.680000e-01  1.517522e-01
7.710000e-01  1.514568e-01
7.740000e-01  1.511624e-01
7.770000e-01  1.508692e-01
7.800000e-01  1.505771e-01
7.830000e-01  1.502861e-01
7.860000e-01  1.499961e-01
7.890000e-01  1.497072e-01
7.920000e-01  1.494194e-01
7.950000e-01  1.491327e-01
7.980000e-01  1.488469e-01
8.010000e-01  1.485622e-01
8.040000e-01  1.482786e-01
8.070000e-01  1.479959e-01
8.100000e-01  1.477143e-01
8.130000e-01  1.474336e-01
8.160000e-01  1.471539e-01
8.190000e-01  1.468752e-01
8.220000e-01  1.465975e-01
8.250000e-01  1.463207e-01
8.280000e-01  1.460449e-01
8.310000e-01  1.457700e-01
8.340000e-01  1.454961e-01
8.370000e-01  1.452230e-01
8.400000e-01  1.449509e-01
8.430000e-01  1.446797e-01
8.460000e-01  1.444094e-01
8.490000e-01  1.441400e-01
8.520000e-01  1.438715e-01
8.550000e-01  1.436038e-01
8.580000e-01  1.433370e-01
8.610000e-01  1.430711e-01
8.640000e-01  1.428060e-01
8.670000e-01  1.425418e-01
8.700000e-01  1.422784e-01
8.730000e-01  1.420158e-01
8.760000e-01  1.417541e-01
8.790000e-01  1.414931e-01
8.820000e-01  1.412330e-01
8.850000e-01  1.409737e-01
8.880000e-01  1.407152e-01
8.910000e-01  1.404574e-01
8.940000e-01  1.402004e-01
8.970000e-01  1.399442e-01
9.000000e-01  1.396888e-01
9.030000e-01  1.394341e-01
9.060000e-01  1.391802e-01
9.090000e-01  1.389270e-01
9.120000e-01  1.386746e-01
9.150000e-01  1.384229e-01
9.180000e-01  1.381719e-01
9.210000e-01  1.379216e-01
9.240000e-01  1.376721e-01
9.270000e-01  1.374233e-01
9.300000e-01  1.371751e-01
9.330000e-01  1.369277e-01
9.360000e-01  1.366809e-01
9.390000e-01  1.364348e-01
9.420000e-01  1.361894e-01
9.450000e-01  1.359447e-01
9.480000e-01  1.357006e-01
9.510000e-01  1.354572e-01
9.540000e-01  1.352144e-01
9.570000e-01  1.349723e-01
9.600000e-01  1.347309e-01
9.630000e-01  1.344900e-01
9.660000e-01  1.342498e-01
9.690000e-01  1.340102e-01
9.720000e-01  1.337713e-01
9.750000e-01  1.335329e-01
9.780000e-01  1.332952e-01
9.810000e-01  1.330580e-01
9.840000e-01  1.328215e-01
9.870000e-01  1.325855e-01
9.900000e-01  1.323502e-01
9.930000e-01  1.321154e-01
9.960000e-01  1.318811e-01
9.990000e-01  1.316475e-01
