000000  000001
3.000000e-03  7.995426e-01
6.000000e-03  7.139530e-01
9.000000e-03  6.601116e-01
1.200000e-02  6.212964e-01
1.500000e-02  5.912044e-01
1.800000e-02  5.667847e-01
2.100000e-02  5.463336e-01
2.400000e-02  5.288055e-01
2.700000e-02  5.135142e-01
3.000000e-02  4.999859e-01
3.300000e-02  4.878804e-01
3.600000e-02  4.769455e-01
3.900000e-02  4.669893e-01
4.200000e-02  4.578626e-01
4.500000e-02  4.494470e-01
4.800000e-02  4.416474e-01
5.100000e-02  4.343860e-01
5.400000e-02  4.275987e-01
5.700000e-02  4.212317e-01
6.000000e-02  4.152398e-01
6.300000e-02  4.095845e-01
6.600000e-02  4.042327e-01
6.900000e-02  3.991561e-01
7.200000e-02  3.943297e-01
7.500000e-02  3.897319e-01
7.800000e-02  3.853437e-01
8.100000e-02  3.811483e-01
8.400000e-02  3.771307e-01
8.700000e-02  3.732776e-01
9.000000e-02  3.695771e-01
9.300000e-02  3.660185e-01
9.600000e-02  3.625921e-01
9.900000e-02  3.592893e-01
1.020000e-01  3.561021e-01
1.050000e-01  3.530233e-01
1.080000e-01  3.500464e-01
1.110000e-01  3.471654e-01
1.140000e-01  3.443747e-01
1.170000e-01  3.416692e-01
1.200000e-01  3.390445e-01
1.230000e-01  3.364960e-01
1.260000e-01  3.340200e-01
1.290000e-01  3.316126e-01
1.320000e-01  3.292704e-01
1.350000e-01  3.269904e-01
1.380000e-01  3.247695e-01
1.410000e-01  3.226050e-01
1.440000e-01  3.204944e-01
1.470000e-01  3.184351e-01
1.500000e-01  3.164249e-01
1.530000e-01  3.144619e-01
1.560000e-01  3.125438e-01
1.590000e-01  3.106690e-01
1.620000e-01  3.088355e-01
1.650000e-01  3.070419e-01
1.680000e-01  3.052864e-01
1.710000e-01  3.035678e-01
1.740000e-01  3.018844e-01
1.770000e-01  3.002351e-01
1.800000e-01  2.986186e-01
1.830000e-01  2.970337e-01
1.860000e-01  2.954793e-01
1.890000e-01  2.939543e-01
1.920000e-01  2.924577e-01
1.950000e-01  2.909886e-01
1.980000e-01  2.895460e-01
2.010000e-01  2.881290e-01
2.040000e-01  2.867369e-01
2.070000e-01  2.853688e-01
2.100000e-01  2.840240e-01
2.130000e-01  2.827017e-01
2.160000e-01  2.814014e-01
2.190000e-01  2.801222e-01
2.220000e-01  2.788636e-01
2.250000e-01  2.776249e-01
2.280000e-01  2.764057e-01
2.310000e-01  2.752053e-01
2.340000e-01  2.740232e-01
2.370000e-01  2.728588e-01
2.400000e-01  2.717118e-01
2.430000e-01  2.705816e-01
2.460000e-01  2.694678e-01
2.490000e-01  2.683699e-01
2.520000e-01  2.672875e-01
2.550000e-01  2.662202e-01
2.580000e-01  2.651677e-01
2.610000e-01  2.641295e-01
2.640000e-01  2.631053e-01
2.670000e-01  2.620948e-01
2.700000e-01  2.610975e-01
2.730000e-01  2.601133e-01
2.760000e-01  2.591417e-01
2.790000e-01  2.581825e-01
2.820000e-01  2.572354e-01
2.850000e-01  2.563000e-01
2.880000e-01  2.553762e-01
2.910000e-01  2.544637e-01
2.940000e-01  2.535622e-01
2.970000e-01  2.526714e-01
3.000000e-01  2.517912e-01
3.030000e-01  2.509213e-01
3.060000e-01  2.500614e-01
3.090000e-01  2.492114e-01
3.120000e-01  2.483710e-01
3.150000e-01  2.475401e-01
3.180000e-01  2.467184e-01
3.210000e-01  2.459058e-01
3.240000e-01  2.451020e-01
3.270000e-01  2.443069e-01
3.300000e-01  2.435203e-01
3.330000e-01  2.427421e-01
3.360000e-01  2.419721e-01
3.390000e-01  2.412100e-01
3.420000e-01  2.404558e-01
3.450000e-01  2.397094e-01
3.480000e-01  2.389705e-01
3.510000e-01  2.382390e-01
3.540000e-01  2.375147e-01
3.570000e-01  2.367976e-01
3.600000e-01  2.360876e-01
3.630000e-01  2.353844e-01
3.660000e-01  2.346880e-01
3.690000e-01  2.339982e-01
3.720000e-01  2.333149e-01
3.750000e-01  2.326380e-01
3.780000e-01  2.319674e-01
3.810000e-01  2.313030e-01
3.840000e-01  2.306446e-01
3.870000e-01  2.299922e-01
3.900000e-01  2.293457e-01
3.930000e-01  2.287049e-01
3.960000e-01  2.280698e-01
3.990000e-01  2.274403e-01
4.020000e-01  2.268162e-01
4.050000e-01  2.261975e-01
4.080000e-01  2.255842e-01
4.110000e-01  2.249760e-01
4.140000e-01  2.243730e-01
4.170000e-01  2.237750e-01
4.200000e-01  2.231820e-01
4.230000e-01  2.225939e-01
4.260000e-01  2.220106e-01
4.290000e-01  2.214320e-01
4.320000e-01  2.208581e-01
4.350000e-01  2.202888e-01
4.380000e-01  2.197240e-01
4.410000e-01  2.191636e-01
4.440000e-01  2.186077e-01
4.470000e-01  2.180561e-01
4.500000e-01  2.175087e-01
4.530000e-01  2.169655e-01
4.560000e-01  2.164264e-01
4.590000e-01  2.158914e-01
4.620000e-01  2.153605e-01
4.650000e-01  2.148335e-01
4.680000e-01  2.143103e-01
4.710000e-01  2.137911e-01
4.740000e-01  2.132756e-01
4.770000e-01  2.127639e-01
4.800000e-01  2.122558e-01
4.830000e-01  2.117514e-01
4.860000e-01  2.112505e-01
4.890000e-01  2.107532e-01
4.920000e-01  2.102594e-01
4.950000e-01  2.097690e-01
4.980000e-01  2.092820e-01
5.010000e-01  2.087983e-01
5.040000e-01  2.083179e-01
5.070000e-01  2.078409e-01
5.100000e-01  2.073670e-01
5.130000e-01  2.068963e-01
5.160000e-01  2.064287e-01
5.190000e-01  2.059642e-01
5.220000e-01  2.055028e-01
5.250000e-01  2.050443e-01
5.280000e-01  2.045889e-01
5.310000e-01  2.041364e-01
5.340000e-01  2.036868e-01
5.370000e-01  2.032400e-01
5.400000e-01  2.027961e-01
5.430000e-01  2.023550e-01
5.460000e-01  2.019166e-01
5.490000e-01  2.014810e-01
5.520000e-01  2.010480e-01
5.550000e-01  2.006177e-01
5.580000e-01  2.001900e-01
5.610000e-01  1.997650e-01
5.640000e-01  1.993425e-01
5.670000e-01  1.989225e-01
5.700000e-01  1.985050e-01
5.730000e-01  1.980900e-01
5.760000e-01  1.976774e-01
5.790000e-01  1.972673e-01
5.820000e-01  1.968596e-01
5.850000e-01  1.964542e-01
5.880000e-01  1.960511e-01
5.910000e-01  1.956504e-01
5.940000e-01  1.952519e-01
5.970000e-01  1.948557e-01
6.000000e-01  1.944617e-01
6.030000e-01  1.940699e-01
6.060000e-01  1.936803e-01
6.090000e-01  1.932929e-01
6.120000e-01  1.929076e-01
6.150000e-01  1.925244e-01
6.180000e-01  1.921433e-01
6.210000e-01  1.917643e-01
6.240000e-01  1.913872e-01
6.270000e-01  1.910123e-01
6.300000e-01  1.906393e-01
6.330000e-01  1.902683e-01
6.360000e-01  1.898992e-01
6.390000e-01  1.895321e-01
6.420000e-01  1.891669e-01
6.450000e-01  1.888036e-01
6.480000e-01  1.884421e-01
6.510000e-01  1.880825e-01
6.540000e-01  1.877248e-01
6.570000e-01  1.873689e-01
6.600000e-01  1.870147e-01
6.630000e-01  1.866624e-01
6.660000e-01  1.863118e-01
6.690000e-01  1.859629e-01
6.720000e-01  1.856158e-01
6.750000e-01  1.852704e-01
6.780000e-01  1.849266e-01
6.810000e-01  1.845846e-01
6.840000e-01  1.842442e-01
6.870000e-01  1.839054e-01
6.900000e-01  1.835683e-01
6.930000e-01  1.832328e-01
6.960000e-01  1.828988e-01
6.990000e-01  1.825665e-01
7.020000e-01  1.822357e-01
7.050000e-01  1.819065e-01
7.080000e-01  1.815788e-01
7.110000e-01  1.812526e-01
7.140000e-01  1.809279e-01
7.170000e-01  1.806047e-01
7.200000e-01  1.802830e-01
7.230000e-01  1.799627e-01
7.260000e-01  1.796439e-01
7.290000e-01  1.793265e-01
7.320000e-01  1.790106e-01
7.350000e-01  1.786960e-01
7.380000e-01  1.783828e-01
7.410000e-01  1.780711e-01
7.440000e-01  1.777607e-01
7.470000e-01  1.774516e-01
7.500000e-01  1.771439e-01
7.530000e-01  1.768375e-01
7.560000e-01  1.765325e-01
7.590000e-01  1.762287e-01
7.620000e-01  1.759263e-01
7.650000e-01  1.756251e-01
7.680000e-01  1.753252e-01
7.710000e-01  1.750266e-01
7.740000e-01  1.747292e-01
7.770000e-01  1.744330e-01
7.800000e-01  1.741381e-01
7.830000e-01  1.738444e-01
7.860000e-01  1.735519e-01
7.890000e-01  1.732606e-01
7.920000e-01  1.729705e-01
7.950000e-01  1.726815e-01
7.980000e-01  1.723938e-01
8.010000e-01  1.721071e-01
8.040000e-01  1.718217e-01
8.070000e-01  1.715373e-01
8.100000e-01  1.712541e-01
8.130000e-01  1.709720e-01
8.160000e-01  1.706910e-01
8.190000e-01  1.704111e-01
8.220000e-01  1.701323e-01
8.250000e-01  1.698546e-01
8.280000e-01  1.695780e-01
8.310000e-01  1.693024e-01
8.340000e-01  1.690278e-01
8.370000e-01  1.687543e-01
8.400000e-01  1.684819e-01
8.430000e-01  1.682104e-01
8.460000e-01  1.679400e-01
8.490000e-01  1.676706e-01
8.520000e-01  1.674022e-01
8.550000e-01  1.671348e-01
8.580000e-01  1.668684e-01
8.610000e-01  1.666029e-01
8.640000e-01  1.663384e-01
8.670000e-01  1.660749e-01
8.700000e-01  1.658123e-01
8.730000e-01  1.655507e-01
8.760000e-01  1.652900e-01
8.790000e-01  1.650303e-01
8.820000e-01  1.647715e-01
8.850000e-01  1.645135e-01
8.880000e-01  1.642566e-01
8.910000e-01  1.640004e-01
8.940000e-01  1.637453e-01
8.970000e-01  1.634909e-01
9.000000e-01  1.632375e-01
9.030000e-01  1.629849e-01
9.060000e-01  1.627333e-01
9.090000e-01  1.624824e-01
9.120000e-01  1.622325e-01
9.150000e-01  1.619833e-01
9.180000e-01  1.617350e-01
9.210000e-01  1.614876e-01
9.240000e-01  1.612410e-01
9.270000e-01  1.609952e-01
9.300000e-01  1.607502e-01
9.330000e-01  1.605060e-01
9.360000e-01  1.602626e-01
9.390000e-01  1.600201e-01
9.420000e-01  1.597783e-01
9.450000e-01  1.595373e-01
9.480000e-01  1.592970e-01
9.510000e-01  1.590576e-01
9.540000e-01  1.588189e-01
9.570000e-01  1.585810e-01
9.600000e-01  1.583439e-01
9.630000e-01  1.581075e-01
9.660000e-01  1.578718e-01
9.690000e-01  1.576369e-01
9.720000e-01  1.574027e-01
9.750000e-01  1.571692e-01
9.780000e-01  1.569365e-01
9.810000e-01  1.567045e-01
9.840000e-01  1.564732e-01
9.870000e-01  1.562426e-01
9.900000e-01  1.560127e-01
9.930000e-01  1.557835e-01
9.960000e-01  1.555550e-01
9.990000e-01  1.553272e-01
