000000  000001
3.000000e-03  7.883835e-01
6.000000e-03  7.013448e-01
9.000000e-03  6.471624e-01
1.200000e-02  6.083142e-01
1.500000e-02  5.783009e-01
1.800000e-02  5.540045e-01
2.100000e-02  5.336937e-01
2.400000e-02  5.163107e-01
2.700000e-02  5.011633e-01
3.000000e-02  4.877751e-01
3.300000e-02  4.758045e-01
3.600000e-02  4.649988e-01
3.900000e-02  4.551661e-01
4.200000e-02  4.461571e-01
4.500000e-02  4.378539e-01
4.800000e-02  4.301615e-01
5.100000e-02  4.230025e-01
5.400000e-02  4.163129e-01
5.700000e-02  4.100395e-01
6.000000e-02  4.041372e-01
6.300000e-02  3.985677e-01
6.600000e-02  3.932984e-01
6.900000e-02  3.883008e-01
7.200000e-02  3.835506e-01
7.500000e-02  3.790260e-01
7.800000e-02  3.747084e-01
8.100000e-02  3.705810e-01
8.400000e-02  3.666290e-01
8.700000e-02  3.628393e-01
9.000000e-02  3.592001e-01
9.300000e-02  3.557007e-01
9.600000e-02  3.523318e-01
9.900000e-02  3.490846e-01
1.020000e-01  3.459513e-01
1.050000e-01  3.429248e-01
1.080000e-01  3.399986e-01
1.110000e-01  3.371668e-01
1.140000e-01  3.344240e-01
1.170000e-01  3.317652e-01
1.200000e-01  3.291857e-01
1.230000e-01  3.266814e-01
1.260000e-01  3.242482e-01
1.290000e-01  3.218827e-01
1.320000e-01  3.195813e-01
1.350000e-01  3.173411e-01
1.380000e-01  3.151590e-01
1.410000e-01  3.130323e-01
1.440000e-01  3.109586e-01
1.470000e-01  3.089354e-01
1.500000e-01  3.069605e-01
1.530000e-01  3.050319e-01
1.560000e-01  3.031476e-01
1.590000e-01  3.013056e-01
1.620000e-01  2.995045e-01
1.650000e-01  2.977424e-01
1.680000e-01  2.960178e-01
1.710000e-01  2.943294e-01
1.740000e-01  2.926757e-01
1.770000e-01  2.910554e-01
1.800000e-01  2.894673e-01
1.830000e-01  2.879103e-01
1.860000e-01  2.863832e-01
1.890000e-01  2.848850e-01
1.920000e-01  2.834147e-01
1.950000e-01  2.819714e-01
1.980000e-01  2.805541e-01
2.010000e-01  2.791620e-01
2.040000e-01  2.777942e-01
2.070000e-01  2.764501e-01
2.100000e-01  2.751288e-01
2.130000e-01  2.738297e-01
2.160000e-01  2.725520e-01
2.190000e-01  2.712951e-01
2.220000e-01  2.700584e-01
2.250000e-01  2.688413e-01
2.280000e-01  2.676433e-01
2.310000e-01  2.664637e-01
2.340000e-01  2.653021e-01
2.370000e-01  2.641579e-01
2.400000e-01  2.630307e-01
2.430000e-01  2.619200e-01
2.460000e-01  2.608254e-01
2.490000e-01  2.597464e-01
2.520000e-01  2.586826e-01
2.550000e-01  2.576336e-01
2.580000e-01  2.565991e-01
2.610000e-01  2.555787e-01
2.640000e-01  2.545720e-01
2.670000e-01  2.535786e-01
2.700000e-01  2.525983e-01
2.730000e-01  2.516308e-01
2.760000e-01  2.506757e-01
2.790000e-01  2.497327e-01
2.820000e-01  2.488016e-01
2.850000e-01  2.478820e-01
2.880000e-01  2.469737e-01
2.910000e-01  2.460765e-01
2.940000e-01  2.451900e-01
2.970000e-01  2.443142e-01
3.000000e-01  2.434486e-01
3.030000e-01  2.425931e-01
3.060000e-01  2.417475e-01
3.090000e-01  2.409116e-01
3.120000e-01  2.400851e-01
3.150000e-01  2.392678e-01
3.180000e-01  2.384596e-01
3.210000e-01  2.376603e-01
3.240000e-01  2.368697e-01
3.270000e-01  2.360876e-01
3.300000e-01  2.353138e-01
3.330000e-01  2.345482e-01
3.360000e-01  2.337906e-01
3.390000e-01  2.330409e-01
3.420000e-01  2.322988e-01
3.450000e-01  2.315644e-01
3.480000e-01  2.308373e-01
3.510000e-01  2.301174e-01
3.540000e-01  2.294047e-01
3.570000e-01  2.286990e-01
3.600000e-01  2.280002e-01
3.630000e-01  2.273081e-01
3.660000e-01  2.266227e-01
3.690000e-01  2.259437e-01
3.720000e-01  2.252711e-01
3.750000e-01  2.246048e-01
3.780000e-01  2.239446e-01
3.810000e-01  2.232904e-01
3.840000e-01  2.226423e-01
3.870000e-01  2.219999e-01
3.900000e-01  2.213633e-01
3.930000e-01  2.207324e-01
3.960000e-01  2.201069e-01
3.990000e-01  2.194870e-01
4.020000e-01  2.188724e-01
4.050000e-01  2.182630e-01
4.080000e-01  2.176589e-01
4.110000e-01  2.170599e-01
4.140000e-01  2.164659e-01
4.170000e-01  2.158768e-01
4.200000e-01  2.152926e-01
4.230000e-01  2.147131e-01
4.260000e-01  2.141384e-01
4.290000e-01  2.135684e-01
4.320000e-01  2.130028e-01
4.350000e-01  2.124418e-01
4.380000e-01  2.118852e-01
4.410000e-01  2.113330e-01
4.440000e-01  2.107850e-01
4.470000e-01  2.102413e-01
4.500000e-01  2.097017e-01
4.530000e-01  2.091663e-01
4.560000e-01  2.086349e-01
4.590000e-01  2.081074e-01
4.620000e-01  2.075839e-01
4.650000e-01  2.070643e-01
4.680000e-01  2.065485e-01
4.710000e-01  2.060364e-01
4.740000e-01  2.055281e-01
4.770000e-01  2.050234e-01
4.800000e-01  2.045223e-01
4.830000e-01  2.040247e-01
4.860000e-01  2.035307e-01
4.890000e-01  2.030401e-01
4.920000e-01  2.025529e-01
4.950000e-01  2.020691e-01
4.980000e-01  2.015886e-01
5.010000e-01  2.011114e-01
5.040000e-01  2.006374e-01
5.070000e-01  2.001666e-01
5.100000e-01  1.996989e-01
5.130000e-01  1.992343e-01
5.160000e-01  1.987728e-01
5.190000e-01  1.983143e-01
5.220000e-01  1.978588e-01
5.250000e-01  1.974062e-01
5.280000e-01  1.969566e-01
5.310000e-01  1.965098e-01
5.340000e-01  1.960659e-01
5.370000e-01  1.956247e-01
5.400000e-01  1.951863e-01
5.430000e-01  1.947507e-01
5.460000e-01  1.943177e-01
5.490000e-01  1.938874e-01
5.520000e-01  1.934597e-01
5.550000e-01  1.930346e-01
5.580000e-01  1.926121e-01
5.610000e-01  1.921921e-01
5.640000e-01  1.917747e-01
5.670000e-01  1.913597e-01
5.700000e-01  1.909471e-01
5.730000e-01  1.905370e-01
5.760000e-01  1.901292e-01
5.790000e-01  1.897238e-01
5.820000e-01  1.893208e-01
5.850000e-01  1.889200e-01
5.880000e-01  1.885215e-01
5.910000e-01  1.881253e-01
5.940000e-01  1.877313e-01
5.970000e-01  1.873396e-01
6.000000e-01  1.869499e-01
6.030000e-01  1.865625e-01
6.060000e-01  1.861771e-01
6.090000e-01  1.857939e-01
6.120000e-01  1.854128e-01
6.150000e-01  1.850337e-01
6.180000e-01  1.846566e-01
6.210000e-01  1.842816e-01
6.240000e-01  1.839085e-01
6.270000e-01  1.835375e-01
6.300000e-01  1.831683e-01
6.330000e-01  1.828011e-01
6.360000e-01  1.824358e-01
6.390000e-01  1.820724e-01
6.420000e-01  1.817109e-01
6.450000e-01  1.813512e-01
6.480000e-01  1.809933e-01
6.510000e-01  1.806372e-01
6.540000e-01  1.802830e-01
6.570000e-01  1.799305e-01
6.600000e-01  1.795797e-01
6.630000e-01  1.792307e-01
6.660000e-01  1.788834e-01
6.690000e-01  1.785378e-01
6.720000e-01  1.781939e-01
6.750000e-01  1.778517e-01
6.780000e-01  1.775110e-01
6.810000e-01  1.771721e-01
6.840000e-01  1.768347e-01
6.870000e-01  1.764989e-01
6.900000e-01  1.761648e-01
6.930000e-01  1.758322e-01
6.960000e-01  1.755011e-01
6.990000e-01  1.751716e-01
7.020000e-01  1.748436e-01
7.050000e-01  1.745171e-01
7.080000e-01  1.741921e-01
7.110000e-01  1.738686e-01
7.140000e-01  1.735465e-01
7.170000e-01  1.732259e-01
7.200000e-01  1.729067e-01
7.230000e-01  1.725890e-01
7.260000e-01  1.722727e-01
7.290000e-01  1.719577e-01
7.320000e-01  1.716442e-01
7.350000e-01  1.713320e-01
7.380000e-01  1.710211e-01
7.410000e-01  1.707116e-01
7.440000e-01  1.704034e-01
7.470000e-01  1.700966e-01
7.500000e-01  1.697911e-01
7.530000e-01  1.694868e-01
7.560000e-01  1.691839e-01
7.590000e-01  1.688822e-01
7.620000e-01  1.685817e-01
7.650000e-01  1.682825e-01
7.680000e-01  1.679846e-01
7.710000e-01  1.676879e-01
7.740000e-01  1.673924e-01
7.770000e-01  1.670980e-01
7.800000e-01  1.668049e-01
7.830000e-01  1.665130e-01
7.860000e-01  1.662223e-01
7.890000e-01  1.659327e-01
7.920000e-01  1.656442e-01
7.950000e-01  1.653569e-01
7.980000e-01  1.650707e-01
8.010000e-01  1.647857e-01
8.040000e-01  1.645017e-01
8.070000e-01  1.642189e-01
8.100000e-01  1.639372e-01
8.130000e-01  1.636565e-01
8.160000e-01  1.633769e-01
8.190000e-01  1.630984e-01
8.220000e-01  1.628209e-01
8.250000e-01  1.625445e-01
8.280000e-01  1.622691e-01
8.310000e-01  1.619947e-01
8.340000e-01  1.617214e-01
8.370000e-01  1.614491e-01
8.400000e-01  1.611777e-01
8.430000e-01  1.609074e-01
8.460000e-01  1.606381e-01
8.490000e-01  1.603697e-01
8.520000e-01  1.601023e-01
8.550000e-01  1.598359e-01
8.580000e-01  1.595704e-01
8.610000e-01  1.593059e-01
8.640000e-01  1.590423e-01
8.670000e-01  1.587796e-01
8.700000e-01  1.585179e-01
8.730000e-01  1.582570e-01
8.760000e-01  1.579971e-01
8.790000e-01  1.577381e-01
8.820000e-01  1.574800e-01
8.850000e-01  1.572227e-01
8.880000e-01  1.569664e-01
8.910000e-01  1.567109e-01
8.940000e-01  1.564563e-01
8.970000e-01  1.562025e-01
9.000000e-01  1.559496e-01
9.030000e-01  1.556975e-01
9.060000e-01  1.554463e-01
9.090000e-01  1.551959e-01
9.120000e-01  1.549463e-01
9.150000e-01  1.546975e-01
9.180000e-01  1.544496e-01
9.210000e-01  1.542024e-01
9.240000e-01  1.539561e-01
9.270000e-01  1.537105e-01
9.300000e-01  1.534658e-01
9.330000e-01  1.532218e-01
9.360000e-01  1.529786e-01
9.390000e-01  1.527361e-01
9.420000e-01  1.524945e-01
9.450000e-01  1.522535e-01
9.480000e-01  1.520134e-01
9.510000e-01  1.517739e-01
9.540000e-01  1.515353e-01
9.570000e-01  1.512973e-01
9.600000e-01  1.510601e-01
9.630000e-01  1.508236e-01
9.660000e-01  1.505878e-01
9.690000e-01  1.503527e-01
9.720000e-01  1.501183e-01
9.750000e-01  1.498847e-01
9.780000e-01  1.496517e-01
9.810000e-01  1.494194e-01
9.840000e-01  1.491878e-01
9.870000e-01  1.489569e-01
9.900000e-01  1.487267e-01
9.930000e-01  1.484971e-01
9.960000e-01  1.482682e-01
9.990000e-01  1.480399e-01
