000000  000001
3.000000e-03  8.291805e-01
6.000000e-03  7.484108e-01
9.000000e-03  6.959894e-01
1.200000e-02  6.575655e-01
1.500000e-02  6.274586e-01
1.800000e-02  6.028426e-01
2.100000e-02  5.821104e-01
2.400000e-02  5.642626e-01
2.700000e-02  5.486365e-01
3.000000e-02  5.347709e-01
3.300000e-02  5.223326e-01
3.600000e-02  5.110730e-01
3.900000e-02  5.008020e-01
4.200000e-02  4.913715e-01
4.500000e-02  4.826632e-01
4.800000e-02  4.745821e-01
5.100000e-02  4.670500e-01
5.400000e-02  4.600023e-01
5.700000e-02  4.533850e-01
6.000000e-02  4.471522e-01
6.300000e-02  4.412650e-01
6.600000e-02  4.356899e-01
6.900000e-02  4.303979e-01
7.200000e-02  4.253638e-01
7.500000e-02  4.205655e-01
7.800000e-02  4.159836e-01
8.100000e-02  4.116009e-01
8.400000e-02  4.074022e-01
8.700000e-02  4.033737e-01
9.000000e-02  3.995033e-01
9.300000e-02  3.957800e-01
9.600000e-02  3.921940e-01
9.900000e-02  3.887361e-01
1.020000e-01  3.853984e-01
1.050000e-01  3.821733e-01
1.080000e-01  3.790542e-01
1.110000e-01  3.760348e-01
1.140000e-01  3.731094e-01
1.170000e-01  3.702729e-01
1.200000e-01  3.675204e-01
1.230000e-01  3.648475e-01
1.260000e-01  3.622500e-01
1.290000e-01  3.597242e-01
1.320000e-01  3.572665e-01
1.350000e-01  3.548737e-01
1.380000e-01  3.525426e-01
1.410000e-01  3.502705e-01
1.440000e-01  3.480546e-01
1.470000e-01  3.458924e-01
1.500000e-01  3.437817e-01
1.530000e-01  3.417202e-01
1.560000e-01  3.397058e-01
1.590000e-01  3.377366e-01
1.620000e-01  3.358108e-01
1.650000e-01  3.339267e-01
1.680000e-01  3.320826e-01
1.710000e-01  3.302771e-01
1.740000e-01  3.285085e-01
1.770000e-01  3.267757e-01
1.800000e-01  3.250773e-01
1.830000e-01  3.234120e-01
1.860000e-01  3.217787e-01
1.890000e-01  3.201763e-01
1.920000e-01  3.186037e-01
1.950000e-01  3.170599e-01
1.980000e-01  3.155440e-01
2.010000e-01  3.140550e-01
2.040000e-01  3.125921e-01
2.070000e-01  3.111545e-01
2.100000e-01  3.097413e-01
2.130000e-01  3.083519e-01
2.160000e-01  3.069854e-01
2.190000e-01  3.056412e-01
2.220000e-01  3.043187e-01
2.250000e-01  3.030171e-01
2.280000e-01  3.017360e-01
2.310000e-01  3.004747e-01
2.340000e-01  2.992326e-01
2.370000e-01  2.980093e-01
2.400000e-01  2.968041e-01
2.430000e-01  2.956167e-01
2.460000e-01  2.944465e-01
2.490000e-01  2.932931e-01
2.520000e-01  2.921561e-01
2.550000e-01  2.910350e-01
2.580000e-01  2.899294e-01
2.610000e-01  2.888389e-01
2.640000e-01  2.877631e-01
2.670000e-01  2.867017e-01
2.700000e-01  2.856544e-01
2.730000e-01  2.846208e-01
2.760000e-01  2.836005e-01
2.790000e-01  2.825933e-01
2.820000e-01  2.815988e-01
2.850000e-01  2.806167e-01
2.880000e-01  2.796468e-01
2.910000e-01  2.786888e-01
2.940000e-01  2.777424e-01
2.970000e-01  2.768074e-01
3.000000e-01  2.758835e-01
3.030000e-01  2.749704e-01
3.060000e-01  2.740680e-01
3.090000e-01  2.731760e-01
3.120000e-01  2.722941e-01
3.150000e-01  2.714223e-01
3.180000e-01  2.705602e-01
3.210000e-01  2.697076e-01
3.240000e-01  2.688644e-01
3.270000e-01  2.680304e-01
3.300000e-01  2.672054e-01
3.330000e-01  2.663892e-01
3.360000e-01  2.655816e-01
3.390000e-01  2.647825e-01
3.420000e-01  2.639917e-01
3.450000e-01  2.632091e-01
3.480000e-01  2.624344e-01
3.510000e-01  2.616676e-01
3.540000e-01  2.609085e-01
3.570000e-01  2.601569e-01
3.600000e-01  2.594127e-01
3.630000e-01  2.586758e-01
3.660000e-01  2.579461e-01
3.690000e-01  2.572234e-01
3.720000e-01  2.565075e-01
3.750000e-01  2.557985e-01
3.780000e-01  2.550961e-01
3.810000e-01  2.544002e-01
3.840000e-01  2.537107e-01
3.870000e-01  2.530276e-01
3.900000e-01  2.523507e-01
3.930000e-01  2.516798e-01
3.960000e-01  2.510150e-01
3.990000e-01  2.503560e-01
4.020000e-01  2.497029e-01
4.050000e-01  2.490554e-01
4.080000e-01  2.484136e-01
4.110000e-01  2.477773e-01
4.140000e-01  2.471464e-01
4.170000e-01  2.465209e-01
4.200000e-01  2.459006e-01
4.230000e-01  2.452855e-01
4.260000e-01  2.446755e-01
4.290000e-01  2.440706e-01
4.320000e-01  2.434705e-01
4.350000e-01  2.428754e-01
4.380000e-01  2.422850e-01
4.410000e-01  2.416993e-01
4.440000e-01  2.411183e-01
4.470000e-01  2.405419e-01
4.500000e-01  2.399700e-01
4.530000e-01  2.394025e-01
4.560000e-01  2.388395e-01
4.590000e-01  2.382807e-01
4.620000e-01  2.377262e-01
4.650000e-01  2.371759e-01
4.680000e-01  2.366297e-01
4.710000e-01  2.360876e-01
4.740000e-01  2.355495e-01
4.770000e-01  2.350154e-01
4.800000e-01  2.344852e-01
4.830000e-01  2.339588e-01
4.860000e-01  2.334363e-01
4.890000e-01  2.329175e-01
4.920000e-01  2.324023e-01
4.950000e-01  2.318909e-01
4.980000e-01  2.313830e-01
5.010000e-01  2.308787e-01
5.040000e-01  2.303779e-01
5.070000e-01  2.298806e-01
5.100000e-01  2.293867e-01
5.130000e-01  2.288961e-01
5.160000e-01  2.284089e-01
5.190000e-01  2.279250e-01
5.220000e-01  2.274443e-01
5.250000e-01  2.269668e-01
5.280000e-01  2.264924e-01
5.310000e-01  2.260212e-01
5.340000e-01  2.255531e-01
5.370000e-01  2.250880e-01
5.400000e-01  2.246259e-01
5.430000e-01  2.241668e-01
5.460000e-01  2.237106e-01
5.490000e-01  2.232573e-01
5.520000e-01  2.228068e-01
5.550000e-01  2.223593e-01
5.580000e-01  2.219144e-01
5.610000e-01  2.214724e-01
5.640000e-01  2.210331e-01
5.670000e-01  2.205964e-01
5.700000e-01  2.201625e-01
5.730000e-01  2.197312e-01
5.760000e-01  2.193024e-01
5.790000e-01  2.188763e-01
5.820000e-01  2.184527e-01
5.850000e-01  2.180316e-01
5.880000e-01  2.176129e-01
5.910000e-01  2.171968e-01
5.940000e-01  2.167831e-01
5.970000e-01  2.163717e-01
6.000000e-01  2.159628e-01
6.030000e-01  2.155562e-01
6.060000e-01  2.151519e-01
6.090000e-01  2.147499e-01
6.120000e-01  2.143502e-01
6.150000e-01  2.139527e-01
6.180000e-01  2.135575e-01
6.210000e-01  2.131645e-01
6.240000e-01  2.127736e-01
6.270000e-01  2.123849e-01
6.300000e-01  2.119983e-01
6.330000e-01  2.116138e-01
6.360000e-01  2.112314e-01
6.390000e-01  2.108511e-01
6.420000e-01  2.104728e-01
6.450000e-01  2.100965e-01
6.480000e-01  2.097223e-01
6.510000e-01  2.093500e-01
6.540000e-01  2.089797e-01
6.570000e-01  2.086113e-01
6.600000e-01  2.082448e-01
6.630000e-01  2.078802e-01
6.660000e-01  2.075175e-01
6.690000e-01  2.071567e-01
6.720000e-01  2.067977e-01
6.750000e-01  2.064406e-01
6.780000e-01  2.060852e-01
6.810000e-01  2.057316e-01
6.840000e-01  2.053798e-01
6.870000e-01  2.050298e-01
6.900000e-01  2.046815e-01
6.930000e-01  2.043349e-01
6.960000e-01  2.039900e-01
6.990000e-01  2.036468e-01
7.020000e-01  2.033053e-01
7.050000e-01  2.029654e-01
7.080000e-01  2.026272e-01
7.110000e-01  2.022906e-01
7.140000e-01  2.019556e-01
7.170000e-01  2.016222e-01
7.200000e-01  2.012903e-01
7.230000e-01  2.009601e-01
7.260000e-01  2.006314e-01
7.290000e-01  2.003042e-01
7.320000e-01  1.999785e-01
7.350000e-01  1.996544e-01
7.380000e-01  1.993317e-01
7.410000e-01  1.990105e-01
7.440000e-01  1.986908e-01
7.470000e-01  1.983726e-01
7.500000e-01  1.980557e-01
7.530000e-01  1.977404e-01
7.560000e-01  1.974264e-01
7.590000e-01  1.971138e-01
7.620000e-01  1.968026e-01
7.650000e-01  1.964928e-01
7.680000e-01  1.961843e-01
7.710000e-01  1.958773e-01
7.740000e-01  1.955715e-01
7.770000e-01  1.952671e-01
7.800000e-01  1.949640e-01
7.830000e-01  1.946622e-01
7.860000e-01  1.943617e-01
7.890000e-01  1.940625e-01
7.920000e-01  1.937645e-01
7.950000e-01  1.934679e-01
7.980000e-01  1.931724e-01
8.010000e-01  1.928782e-01
8.040000e-01  1.925853e-01
8.070000e-01  1.922935e-01
8.100000e-01  1.920030e-01
8.130000e-01  1.917137e-01
8.160000e-01  1.914256e-01
8.190000e-01  1.911386e-01
8.220000e-01  1.908529e-01
8.250000e-01  1.905682e-01
8.280000e-01  1.902848e-01
8.310000e-01  1.900024e-01
8.340000e-01  1.897213e-01
8.370000e-01  1.894412e-01
8.400000e-01  1.891622e-01
8.430000e-01  1.888844e-01
8.460000e-01  1.886076e-01
8.490000e-01  1.883320e-01
8.520000e-01  1.880574e-01
8.550000e-01  1.877839e-01
8.580000e-01  1.875115e-01
8.610000e-01  1.872401e-01
8.640000e-01  1.869697e-01
8.670000e-01  1.867004e-01
8.700000e-01  1.864322e-01
8.730000e-01  1.861649e-01
8.760000e-01  1.858986e-01
8.790000e-01  1.856334e-01
8.820000e-01  1.853692e-01
8.850000e-01  1.851059e-01
8.880000e-01  1.848437e-01
8.910000e-01  1.845824e-01
8.940000e-01  1.843221e-01
8.970000e-01  1.840627e-01
9.000000e-01  1.838043e-01
9.030000e-01  1.835469e-01
9.060000e-01  1.832904e-01
9.090000e-01  1.830348e-01
9.120000e-01  1.827801e-01
9.150000e-01  1.825264e-01
9.180000e-01  1.822736e-01
9.210000e-01  1.820216e-01
9.240000e-01  1.817706e-01
9.270000e-01  1.815205e-01
9.300000e-01  1.812712e-01
9.330000e-01  1.810229e-01
9.360000e-01  1.807754e-01
9.390000e-01  1.805287e-01
9.420000e-01  1.802830e-01
9.450000e-01  1.800381e-01
9.480000e-01  1.797940e-01
9.510000e-01  1.795508e-01
9.540000e-01  1.793084e-01
9.570000e-01  1.790668e-01
9.600000e-01  1.788261e-01
9.630000e-01  1.785861e-01
9.660000e-01  1.783470e-01
9.690000e-01  1.781087e-01
9.720000e-01  1.778712e-01
9.750000e-01  1.776345e-01
9.780000e-01  1.773986e-01
9.810000e-01  1.771635e-01
9.840000e-01  1.769291e-01
9.870000e-01  1.766955e-01
9.900000e-01  1.764627e-01
9.930000e-01  1.762306e-01
9.960000e-01  1.759993e-01
9.990000e-01  1.757688e-01
