000000  000001
3.000000e-03  8.096025e-01
6.000000e-03  7.254608e-01
9.000000e-03  6.719860e-01
1.200000e-02  6.332239e-01
1.500000e-02  6.030667e-01
1.800000e-02  5.785321e-01
2.100000e-02  5.579450e-01
2.400000e-02  5.402732e-01
2.700000e-02  5.248371e-01
3.000000e-02  5.111661e-01
3.300000e-02  4.989218e-01
3.600000e-02  4.878528e-01
3.900000e-02  4.777673e-01
4.200000e-02  4.685162e-01
4.500000e-02  4.599812e-01
4.800000e-02  4.520669e-01
5.100000e-02  4.446952e-01
5.400000e-02  4.378018e-01
5.700000e-02  4.313327e-01
6.000000e-02  4.252425e-01
6.300000e-02  4.194924e-01
6.600000e-02  4.140493e-01
6.900000e-02  4.088843e-01
7.200000e-02  4.039726e-01
7.500000e-02  3.992922e-01
7.800000e-02  3.948241e-01
8.100000e-02  3.905512e-01
8.400000e-02  3.864584e-01
8.700000e-02  3.825324e-01
9.000000e-02  3.787610e-01
9.300000e-02  3.751335e-01
9.600000e-02  3.716402e-01
9.900000e-02  3.682722e-01
1.020000e-01  3.650215e-01
1.050000e-01  3.618808e-01
1.080000e-01  3.588436e-01
1.110000e-01  3.559036e-01
1.140000e-01  3.530555e-01
1.170000e-01  3.502939e-01
1.200000e-01  3.476143e-01
1.230000e-01  3.450122e-01
1.260000e-01  3.424836e-01
1.290000e-01  3.400249e-01
1.320000e-01  3.376325e-01
1.350000e-01  3.353033e-01
1.380000e-01  3.330342e-01
1.410000e-01  3.308224e-01
1.440000e-01  3.286654e-01
1.470000e-01  3.265606e-01
1.500000e-01  3.245058e-01
1.530000e-01  3.224989e-01
1.560000e-01  3.205379e-01
1.590000e-01  3.186208e-01
1.620000e-01  3.167459e-01
1.650000e-01  3.149114e-01
1.680000e-01  3.131159e-01
1.710000e-01  3.113578e-01
1.740000e-01  3.096357e-01
1.770000e-01  3.079482e-01
1.800000e-01  3.062941e-01
1.830000e-01  3.046723e-01
1.860000e-01  3.030814e-01
1.890000e-01  3.015206e-01
1.920000e-01  2.999887e-01
1.950000e-01  2.984847e-01
1.980000e-01  2.970078e-01
2.010000e-01  2.955571e-01
2.040000e-01  2.941316e-01
2.070000e-01  2.927306e-01
2.100000e-01  2.913534e-01
2.130000e-01  2.899992e-01
2.160000e-01  2.886672e-01
2.190000e-01  2.873569e-01
2.220000e-01  2.860675e-01
2.250000e-01  2.847985e-01
2.280000e-01  2.835493e-01
2.310000e-01  2.823193e-01
2.340000e-01  2.811079e-01
2.370000e-01  2.799147e-01
2.400000e-01  2.787392e-01
2.430000e-01  2.775808e-01
2.460000e-01  2.764391e-01
2.490000e-01  2.753136e-01
2.520000e-01  2.742040e-01
2.550000e-01  2.731098e-01
2.580000e-01  2.720307e-01
2.610000e-01  2.709661e-01
2.640000e-01  2.699159e-01
2.670000e-01  2.688796e-01
2.700000e-01  2.678568e-01
2.730000e-01  2.668474e-01
2.760000e-01  2.658508e-01
2.790000e-01  2.648669e-01
2.820000e-01  2.638953e-01
2.850000e-01  2.629358e-01
2.880000e-01  2.619880e-01
2.910000e-01  2.610517e-01
2.940000e-01  2.601267e-01
2.970000e-01  2.592126e-01
3.000000e-01  2.583093e-01
3.030000e-01  2.574166e-01
3.060000e-01  2.565341e-01
3.090000e-01  2.556616e-01
3.120000e-01  2.547990e-01
3.150000e-01  2.539461e-01
3.180000e-01  2.531025e-01
3.210000e-01  2.522683e-01
3.240000e-01  2.514431e-01
3.270000e-01  2.506267e-01
3.300000e-01  2.498191e-01
3.330000e-01  2.490200e-01
3.360000e-01  2.482292e-01
3.390000e-01  2.474466e-01
3.420000e-01  2.466720e-01
3.450000e-01  2.459054e-01
3.480000e-01  2.451464e-01
3.510000e-01  2.443950e-01
3.540000e-01  2.436511e-01
3.570000e-01  2.429144e-01
3.600000e-01  2.421849e-01
3.630000e-01  2.414625e-01
3.660000e-01  2.407469e-01
3.690000e-01  2.400381e-01
3.720000e-01  2.393360e-01
3.750000e-01  2.386404e-01
3.780000e-01  2.379512e-01
3.810000e-01  2.372684e-01
3.840000e-01  2.365917e-01
3.870000e-01  2.359212e-01
3.900000e-01  2.352566e-01
3.930000e-01  2.345979e-01
3.960000e-01  2.339451e-01
3.990000e-01  2.332979e-01
4.020000e-01  2.326563e-01
4.050000e-01  2.320202e-01
4.080000e-01  2.313895e-01
4.110000e-01  2.307642e-01
4.140000e-01  2.301441e-01
4.170000e-01  2.295292e-01
4.200000e-01  2.289193e-01
4.230000e-01  2.283144e-01
4.260000e-01  2.277145e-01
4.290000e-01  2.271194e-01
4.320000e-01  2.265291e-01
4.350000e-01  2.259434e-01
4.380000e-01  2.253624e-01
4.410000e-01  2.247859e-01
4.440000e-01  2.242140e-01
4.470000e-01  2.236464e-01
4.500000e-01  2.230832e-01
4.530000e-01  2.225243e-01
4.560000e-01  2.219696e-01
4.590000e-01  2.214191e-01
4.620000e-01  2.208726e-01
4.650000e-01  2.203303e-01
4.680000e-01  2.197919e-01
4.710000e-01  2.192574e-01
4.740000e-01  2.187268e-01
4.770000e-01  2.182000e-01
4.800000e-01  2.176770e-01
4.830000e-01  2.171577e-01
4.860000e-01  2.166421e-01
4.890000e-01  2.161301e-01
4.920000e-01  2.156216e-01
4.950000e-01  2.151167e-01
4.980000e-01  2.146152e-01
5.010000e-01  2.141172e-01
5.040000e-01  2.136225e-01
5.070000e-01  2.131312e-01
5.100000e-01  2.126432e-01
5.130000e-01  2.121584e-01
5.160000e-01  2.116767e-01
5.190000e-01  2.111983e-01
5.220000e-01  2.107230e-01
5.250000e-01  2.102508e-01
5.280000e-01  2.097816e-01
5.310000e-01  2.093154e-01
5.340000e-01  2.088521e-01
5.370000e-01  2.083918e-01
5.400000e-01  2.079344e-01
5.430000e-01  2.074799e-01
5.460000e-01  2.070282e-01
5.490000e-01  2.065792e-01
5.520000e-01  2.061330e-01
5.550000e-01  2.056895e-01
5.580000e-01  2.052488e-01
5.610000e-01  2.048106e-01
5.640000e-01  2.043751e-01
5.670000e-01  2.039422e-01
5.700000e-01  2.035119e-01
5.730000e-01  2.030840e-01
5.760000e-01  2.026587e-01
5.790000e-01  2.022359e-01
5.820000e-01  2.018154e-01
5.850000e-01  2.013974e-01
5.880000e-01  2.009818e-01
5.910000e-01  2.005686e-01
5.940000e-01  2.001577e-01
5.970000e-01  1.997491e-01
6.000000e-01  1.993428e-01
6.030000e-01  1.989387e-01
6.060000e-01  1.985369e-01
6.090000e-01  1.981372e-01
6.120000e-01  1.977398e-01
6.150000e-01  1.973445e-01
6.180000e-01  1.969513e-01
6.210000e-01  1.965603e-01
6.240000e-01  1.961713e-01
6.270000e-01  1.957844e-01
6.300000e-01  1.953995e-01
6.330000e-01  1.950167e-01
6.360000e-01  1.946359e-01
6.390000e-01  1.942570e-01
6.420000e-01  1.938801e-01
6.450000e-01  1.935052e-01
6.480000e-01  1.931321e-01
6.510000e-01  1.927610e-01
6.540000e-01  1.923917e-01
6.570000e-01  1.920243e-01
6.600000e-01  1.916587e-01
6.630000e-01  1.912950e-01
6.660000e-01  1.909330e-01
6.690000e-01  1.905728e-01
6.720000e-01  1.902144e-01
6.750000e-01  1.898578e-01
6.780000e-01  1.895028e-01
6.810000e-01  1.891496e-01
6.840000e-01  1.887981e-01
6.870000e-01  1.884483e-01
6.900000e-01  1.881001e-01
6.930000e-01  1.877535e-01
6.960000e-01  1.874086e-01
6.990000e-01  1.870653e-01
7.020000e-01  1.867236e-01
7.050000e-01  1.863835e-01
7.080000e-01  1.860450e-01
7.110000e-01  1.857080e-01
7.140000e-01  1.853725e-01
7.170000e-01  1.850386e-01
7.200000e-01  1.847062e-01
7.230000e-01  1.843752e-01
7.260000e-01  1.840458e-01
7.290000e-01  1.837178e-01
7.320000e-01  1.833912e-01
7.350000e-01  1.830662e-01
7.380000e-01  1.827425e-01
7.410000e-01  1.824202e-01
7.440000e-01  1.820993e-01
7.470000e-01  1.817799e-01
7.500000e-01  1.814618e-01
7.530000e-01  1.811450e-01
7.560000e-01  1.808296e-01
7.590000e-01  1.805156e-01
7.620000e-01  1.802028e-01
7.650000e-01  1.798914e-01
7.680000e-01  1.795813e-01
7.710000e-01  1.792725e-01
7.740000e-01  1.789649e-01
7.770000e-01  1.786586e-01
7.800000e-01  1.783536e-01
7.830000e-01  1.780498e-01
7.860000e-01  1.777473e-01
7.890000e-01  1.774459e-01
7.920000e-01  1.771458e-01
7.950000e-01  1.768469e-01
7.980000e-01  1.765492e-01
8.010000e-01  1.762526e-01
8.040000e-01  1.759572e-01
8.070000e-01  1.756630e-01
8.100000e-01  1.753700e-01
8.130000e-01  1.750780e-01
8.160000e-01  1.747872e-01
8.190000e-01  1.744975e-01
8.220000e-01  1.742090e-01
8.250000e-01  1.739215e-01
8.280000e-01  1.736352e-01
8.310000e-01  1.733499e-01
8.340000e-01  1.730657e-01
8.370000e-01  1.727825e-01
8.400000e-01  1.725004e-01
8.430000e-01  1.722194e-01
8.460000e-01  1.719394e-01
8.490000e-01  1.716604e-01
8.520000e-01  1.713825e-01
8.550000e-01  1.711055e-01
8.580000e-01  1.708296e-01
8.610000e-01  1.705547e-01
8.640000e-01  1.702807e-01
8.670000e-01  1.700078e-01
8.700000e-01  1.697358e-01
8.730000e-01  1.694648e-01
8.760000e-01  1.691947e-01
8.790000e-01  1.689256e-01
8.820000e-01  1.686575e-01
8.850000e-01  1.683902e-01
8.880000e-01  1.681239e-01
8.910000e-01  1.678586e-01
8.940000e-01  1.675941e-01
8.970000e-01  1.673305e-01
9.000000e-01  1.670679e-01
9.030000e-01  1.668061e-01
9.060000e-01  1.665452e-01
9.090000e-01  1.662852e-01
9.120000e-01  1.660261e-01
9.150000e-01  1.657678e-01
9.180000e-01  1.655104e-01
9.210000e-01  1.652538e-01
9.240000e-01  1.649981e-01
9.270000e-01  1.647432e-01
9.300000e-01  1.644892e-01
9.330000e-01  1.642360e-01
9.360000e-01  1.639836e-01
9.390000e-01  1.637320e-01
9.420000e-01  1.634812e-01
9.450000e-01  1.632312e-01
9.480000e-01  1.629820e-01
9.510000e-01  1.627336e-01
9.540000e-01  1.624860e-01
9.570000e-01  1.622392e-01
9.600000e-01  1.619931e-01
9.630000e-01  1.617478e-01
9.660000e-01  1.615033e-01
9.690000e-01  1.612595e-01
9.720000e-01  1.610164e-01
9.750000e-01  1.607742e-01
9.780000e-01  1.605326e-01
9.810000e-01  1.602918e-01
9.840000e-01  1.600517e-01
9.870000e-01  1.598123e-01
9.900000e-01  1.595736e-01
9.930000e-01  1.593357e-01
9.960000e-01  1.590984e-01
9.990000e-01  1.588619e-01
