000000  000001
3.000000e-03  8.434831e-01
6.000000e-03  7.655975e-01
9.000000e-03  7.141643e-01
1.200000e-02  6.761058e-01
1.500000e-02  6.461006e-01
1.800000e-02  6.214592e-01
2.100000e-02  6.006356e-01
2.400000e-02  5.826611e-01
2.700000e-02  5.668898e-01
3.000000e-02  5.528698e-01
3.300000e-02  5.402732e-01
3.600000e-02  5.288550e-01
3.900000e-02  5.184270e-01
4.200000e-02  5.088421e-01
4.500000e-02  4.999831e-01
4.800000e-02  4.917550e-01
5.100000e-02  4.840801e-01
5.400000e-02  4.768938e-01
5.700000e-02  4.701419e-01
6.000000e-02  4.637786e-01
6.300000e-02  4.577648e-01
6.600000e-02  4.520669e-01
6.900000e-02  4.466557e-01
7.200000e-02  4.415060e-01
7.500000e-02  4.365955e-01
7.800000e-02  4.319045e-01
8.100000e-02  4.274159e-01
8.400000e-02  4.231141e-01
8.700000e-02  4.189854e-01
9.000000e-02  4.150175e-01
9.300000e-02  4.111992e-01
9.600000e-02  4.075206e-01
9.900000e-02  4.039726e-01
1.020000e-01  4.005469e-01
1.050000e-01  3.972360e-01
1.080000e-01  3.940331e-01
1.110000e-01  3.909319e-01
1.140000e-01  3.879267e-01
1.170000e-01  3.850121e-01
1.200000e-01  3.821833e-01
1.230000e-01  3.794357e-01
1.260000e-01  3.767652e-01
1.290000e-01  3.741679e-01
1.320000e-01  3.716402e-01
1.350000e-01  3.691788e-01
1.380000e-01  3.667805e-01
1.410000e-01  3.644425e-01
1.440000e-01  3.621620e-01
1.470000e-01  3.599365e-01
1.500000e-01  3.577635e-01
1.530000e-01  3.556410e-01
1.560000e-01  3.535667e-01
1.590000e-01  3.515387e-01
1.620000e-01  3.495552e-01
1.650000e-01  3.476143e-01
1.680000e-01  3.457144e-01
1.710000e-01  3.438540e-01
1.740000e-01  3.420315e-01
1.770000e-01  3.402456e-01
1.800000e-01  3.384950e-01
1.830000e-01  3.367784e-01
1.860000e-01  3.350945e-01
1.890000e-01  3.334424e-01
1.920000e-01  3.318208e-01
1.950000e-01  3.302288e-01
1.980000e-01  3.286654e-01
2.010000e-01  3.271296e-01
2.040000e-01  3.256205e-01
2.070000e-01  3.241375e-01
2.100000e-01  3.226795e-01
2.130000e-01  3.212458e-01
2.160000e-01  3.198358e-01
2.190000e-01  3.184486e-01
2.220000e-01  3.170837e-01
2.250000e-01  3.157404e-01
2.280000e-01  3.144180e-01
2.310000e-01  3.131159e-01
2.340000e-01  3.118337e-01
2.370000e-01  3.105706e-01
2.400000e-01  3.093263e-01
2.430000e-01  3.081002e-01
2.460000e-01  3.068918e-01
2.490000e-01  3.057007e-01
2.520000e-01  3.045264e-01
2.550000e-01  3.033684e-01
2.580000e-01  3.022264e-01
2.610000e-01  3.011000e-01
2.640000e-01  2.999887e-01
2.670000e-01  2.988922e-01
2.700000e-01  2.978101e-01
2.730000e-01  2.967421e-01
2.760000e-01  2.956879e-01
2.790000e-01  2.946471e-01
2.820000e-01  2.936194e-01
2.850000e-01  2.926045e-01
2.880000e-01  2.916021e-01
2.910000e-01  2.906119e-01
2.940000e-01  2.896337e-01
2.970000e-01  2.886672e-01
3.000000e-01  2.877121e-01
3.030000e-01  2.867683e-01
3.060000e-01  2.858353e-01
3.090000e-01  2.849131e-01
3.120000e-01  2.840013e-01
3.150000e-01  2.830998e-01
3.180000e-01  2.822084e-01
3.210000e-01  2.813268e-01
3.240000e-01  2.804549e-01
3.270000e-01  2.795924e-01
3.300000e-01  2.787392e-01
3.330000e-01  2.778950e-01
3.360000e-01  2.770598e-01
3.390000e-01  2.762332e-01
3.420000e-01  2.754153e-01
3.450000e-01  2.746057e-01
3.480000e-01  2.738043e-01
3.510000e-01  2.730111e-01
3.540000e-01  2.722258e-01
3.570000e-01  2.714482e-01
3.600000e-01  2.706783e-01
3.630000e-01  2.699159e-01
3.660000e-01  2.691608e-01
3.690000e-01  2.684130e-01
3.720000e-01  2.676723e-01
3.750000e-01  2.669386e-01
3.780000e-01  2.662117e-01
3.810000e-01  2.654916e-01
3.840000e-01  2.647781e-01
3.870000e-01  2.640711e-01
3.900000e-01  2.633704e-01
3.930000e-01  2.626761e-01
3.960000e-01  2.619880e-01
3.990000e-01  2.613059e-01
4.020000e-01  2.606299e-01
4.050000e-01  2.599597e-01
4.080000e-01  2.592953e-01
4.110000e-01  2.586366e-01
4.140000e-01  2.579835e-01
4.170000e-01  2.573359e-01
4.200000e-01  2.566937e-01
4.230000e-01  2.560569e-01
4.260000e-01  2.554254e-01
4.290000e-01  2.547990e-01
4.320000e-01  2.541777e-01
4.350000e-01  2.535615e-01
4.380000e-01  2.529502e-01
4.410000e-01  2.523438e-01
4.440000e-01  2.517421e-01
4.470000e-01  2.511452e-01
4.500000e-01  2.505530e-01
4.530000e-01  2.499653e-01
4.560000e-01  2.493822e-01
4.590000e-01  2.488035e-01
4.620000e-01  2.482292e-01
4.650000e-01  2.476592e-01
4.680000e-01  2.470935e-01
4.710000e-01  2.465321e-01
4.740000e-01  2.459747e-01
4.770000e-01  2.454215e-01
4.800000e-01  2.448723e-01
4.830000e-01  2.443271e-01
4.860000e-01  2.437858e-01
4.890000e-01  2.432484e-01
4.920000e-01  2.427147e-01
4.950000e-01  2.421849e-01
4.980000e-01  2.416588e-01
5.010000e-01  2.411364e-01
5.040000e-01  2.406175e-01
5.070000e-01  2.401023e-01
5.100000e-01  2.395905e-01
5.130000e-01  2.390823e-01
5.160000e-01  2.385775e-01
5.190000e-01  2.380761e-01
5.220000e-01  2.375780e-01
5.250000e-01  2.370832e-01
5.280000e-01  2.365917e-01
5.310000e-01  2.361034e-01
5.340000e-01  2.356184e-01
5.370000e-01  2.351364e-01
5.400000e-01  2.346576e-01
5.430000e-01  2.341818e-01
5.460000e-01  2.337090e-01
5.490000e-01  2.332393e-01
5.520000e-01  2.327725e-01
5.550000e-01  2.323086e-01
5.580000e-01  2.318477e-01
5.610000e-01  2.313895e-01
5.640000e-01  2.309342e-01
5.670000e-01  2.304817e-01
5.700000e-01  2.300319e-01
5.730000e-01  2.295848e-01
5.760000e-01  2.291405e-01
5.790000e-01  2.286988e-01
5.820000e-01  2.282597e-01
5.850000e-01  2.278232e-01
5.880000e-01  2.273893e-01
5.910000e-01  2.269579e-01
5.940000e-01  2.265291e-01
5.970000e-01  2.261027e-01
6.000000e-01  2.256788e-01
6.030000e-01  2.252573e-01
6.060000e-01  2.248382e-01
6.090000e-01  2.244215e-01
6.120000e-01  2.240071e-01
6.150000e-01  2.235950e-01
6.180000e-01  2.231853e-01
6.210000e-01  2.227778e-01
6.240000e-01  2.223726e-01
6.270000e-01  2.219696e-01
6.300000e-01  2.215688e-01
6.330000e-01  2.211702e-01
6.360000e-01  2.207737e-01
6.390000e-01  2.203794e-01
6.420000e-01  2.199872e-01
6.450000e-01  2.195971e-01
6.480000e-01  2.192090e-01
6.510000e-01  2.188230e-01
6.540000e-01  2.184390e-01
6.570000e-01  2.180570e-01
6.600000e-01  2.176770e-01
6.630000e-01  2.172990e-01
6.660000e-01  2.169229e-01
6.690000e-01  2.165488e-01
6.720000e-01  2.161765e-01
6.750000e-01  2.158061e-01
6.780000e-01  2.154376e-01
6.810000e-01  2.150710e-01
6.840000e-01  2.147062e-01
6.870000e-01  2.143432e-01
6.900000e-01  2.139820e-01
6.930000e-01  2.136225e-01
6.960000e-01  2.132649e-01
6.990000e-01  2.129089e-01
7.020000e-01  2.125548e-01
7.050000e-01  2.122023e-01
7.080000e-01  2.118515e-01
7.110000e-01  2.115024e-01
7.140000e-01  2.111550e-01
7.170000e-01  2.108092e-01
7.200000e-01  2.104650e-01
7.230000e-01  2.101225e-01
7.260000e-01  2.097816e-01
7.290000e-01  2.094422e-01
7.320000e-01  2.091044e-01
7.350000e-01  2.087682e-01
7.380000e-01  2.084336e-01
7.410000e-01  2.081004e-01
7.440000e-01  2.077688e-01
7.470000e-01  2.074387e-01
7.500000e-01  2.071101e-01
7.530000e-01  2.067829e-01
7.560000e-01  2.064573e-01
7.590000e-01  2.061330e-01
7.620000e-01  2.058102e-01
7.650000e-01  2.054889e-01
7.680000e-01  2.051689e-01
7.710000e-01  2.048504e-01
7.740000e-01  2.045332e-01
7.770000e-01  2.042174e-01
7.800000e-01  2.039030e-01
7.830000e-01  2.035899e-01
7.860000e-01  2.032782e-01
7.890000e-01  2.029678e-01
7.920000e-01  2.026587e-01
7.950000e-01  2.023509e-01
7.980000e-01  2.020445e-01
8.010000e-01  2.017393e-01
8.040000e-01  2.014354e-01
8.070000e-01  2.011327e-01
8.100000e-01  2.008313e-01
8.130000e-01  2.005312e-01
8.160000e-01  2.002322e-01
8.190000e-01  1.999345e-01
8.220000e-01  1.996381e-01
8.250000e-01  1.993428e-01
8.280000e-01  1.990487e-01
8.310000e-01  1.987558e-01
8.340000e-01  1.984640e-01
8.370000e-01  1.981735e-01
8.400000e-01  1.978840e-01
8.430000e-01  1.975958e-01
8.460000e-01  1.973086e-01
8.490000e-01  1.970226e-01
8.520000e-01  1.967378e-01
8.550000e-01  1.964540e-01
8.580000e-01  1.961713e-01
8.610000e-01  1.958897e-01
8.640000e-01  1.956092e-01
8.670000e-01  1.953298e-01
8.700000e-01  1.950514e-01
8.730000e-01  1.947741e-01
8.760000e-01  1.944979e-01
8.790000e-01  1.942227e-01
8.820000e-01  1.939485e-01
8.850000e-01  1.936754e-01
8.880000e-01  1.934032e-01
8.910000e-01  1.931321e-01
8.940000e-01  1.928620e-01
8.970000e-01  1.925929e-01
9.000000e-01  1.923248e-01
9.030000e-01  1.920576e-01
9.060000e-01  1.917914e-01
9.090000e-01  1.915262e-01
9.120000e-01  1.912620e-01
9.150000e-01  1.909987e-01
9.180000e-01  1.907363e-01
9.210000e-01  1.904749e-01
9.240000e-01  1.902144e-01
9.270000e-01  1.899549e-01
9.300000e-01  1.896962e-01
9.330000e-01  1.894385e-01
9.360000e-01  1.891817e-01
9.390000e-01  1.889257e-01
9.420000e-01  1.886707e-01
9.450000e-01  1.884165e-01
9.480000e-01  1.881633e-01
9.510000e-01  1.879108e-01
9.540000e-01  1.876593e-01
9.570000e-01  1.874086e-01
9.600000e-01  1.871588e-01
9.630000e-01  1.869098e-01
9.660000e-01  1.866617e-01
9.690000e-01  1.864144e-01
9.720000e-01  1.861679e-01
9.750000e-01  1.859223e-01
9.780000e-01  1.856774e-01
9.810000e-01  1.854334e-01
9.840000e-01  1.851902e-01
9.870000e-01  1.849478e-01
9.900000e-01  1.847062e-01
9.930000e-01  1.844653e-01
9.960000e-01  1.842253e-01
9.990000e-01  1.839860e-01
