000000  000001
3.000000e-03  6.189783e-01
6.000000e-03  5.264578e-01
9.000000e-03  4.745973e-01
1.200000e-02  4.392952e-01
1.500000e-02  4.128784e-01
1.800000e-02  3.919547e-01
2.100000e-02  3.747389e-01
2.400000e-02  3.601811e-01
2.700000e-02  3.476143e-01
3.000000e-02  3.365897e-01
3.300000e-02  3.267919e-01
3.600000e-02  3.179912e-01
3.900000e-02  3.100153e-01
4.200000e-02  3.027320e-01
4.500000e-02  2.960378e-01
4.800000e-02  2.898501e-01
5.100000e-02  2.841021e-01
5.400000e-02  2.787392e-01
5.700000e-02  2.737158e-01
6.000000e-02  2.689940e-01
6.300000e-02  2.645417e-01
6.600000e-02  2.603313e-01
6.900000e-02  2.563393e-01
7.200000e-02  2.525454e-01
7.500000e-02  2.489317e-01
7.800000e-02  2.454828e-01
8.100000e-02  2.421849e-01
8.400000e-02  2.390260e-01
8.700000e-02  2.359954e-01
9.000000e-02  2.330834e-01
9.300000e-02  2.302814e-01
9.600000e-02  2.275818e-01
9.900000e-02  2.249776e-01
1.020000e-01  2.224625e-01
1.050000e-01  2.200307e-01
1.080000e-01  2.176770e-01
1.110000e-01  2.153968e-01
1.140000e-01  2.131856e-01
1.170000e-01  2.110395e-01
1.200000e-01  2.089548e-01
1.230000e-01  2.069282e-01
1.260000e-01  2.049564e-01
1.290000e-01  2.030367e-01
1.320000e-01  2.011663e-01
1.350000e-01  1.993428e-01
1.380000e-01  1.975638e-01
1.410000e-01  1.958273e-01
1.440000e-01  1.941312e-01
1.470000e-01  1.924736e-01
1.500000e-01  1.908528e-01
1.530000e-01  1.892672e-01
1.560000e-01  1.877151e-01
1.590000e-01  1.861952e-01
1.620000e-01  1.847062e-01
1.650000e-01  1.832466e-01
1.680000e-01  1.818153e-01
1.710000e-01  1.804112e-01
1.740000e-01  1.790332e-01
1.770000e-01  1.776802e-01
1.800000e-01  1.763513e-01
1.830000e-01  1.750457e-01
1.860000e-01  1.737623e-01
1.890000e-01  1.725004e-01
1.920000e-01  1.712593e-01
1.950000e-01  1.700381e-01
1.980000e-01  1.688361e-01
2.010000e-01  1.676528e-01
2.040000e-01  1.664873e-01
2.070000e-01  1.653393e-01
2.100000e-01  1.642079e-01
2.130000e-01  1.630927e-01
2.160000e-01  1.619931e-01
2.190000e-01  1.609087e-01
2.220000e-01  1.598389e-01
2.250000e-01  1.587832e-01
2.280000e-01  1.577412e-01
2.310000e-01  1.567125e-01
2.340000e-01  1.556967e-01
2.370000e-01  1.546933e-01
2.400000e-01  1.537020e-01
2.430000e-01  1.527224e-01
2.460000e-01  1.517541e-01
2.490000e-01  1.507967e-01
2.520000e-01  1.498501e-01
2.550000e-01  1.489138e-01
2.580000e-01  1.479875e-01
2.610000e-01  1.470709e-01
2.640000e-01  1.461637e-01
2.670000e-01  1.452658e-01
2.700000e-01  1.443767e-01
2.730000e-01  1.434962e-01
2.760000e-01  1.426241e-01
2.790000e-01  1.417601e-01
2.820000e-01  1.409039e-01
2.850000e-01  1.400554e-01
2.880000e-01  1.392144e-01
2.910000e-01  1.383805e-01
2.940000e-01  1.375536e-01
2.970000e-01  1.367335e-01
3.000000e-01  1.359200e-01
3.030000e-01  1.351128e-01
3.060000e-01  1.343118e-01
3.090000e-01  1.335168e-01
3.120000e-01  1.327275e-01
3.150000e-01  1.319439e-01
3.180000e-01  1.311658e-01
3.210000e-01  1.303929e-01
3.240000e-01  1.296251e-01
3.270000e-01  1.288622e-01
3.300000e-01  1.281041e-01
3.330000e-01  1.273506e-01
3.360000e-01  1.266015e-01
3.390000e-01  1.258566e-01
3.420000e-01  1.251160e-01
3.450000e-01  1.243792e-01
3.480000e-01  1.236463e-01
3.510000e-01  1.229171e-01
3.540000e-01  1.221913e-01
3.570000e-01  1.214690e-01
3.600000e-01  1.207498e-01
3.630000e-01  1.200338e-01
3.660000e-01  1.193206e-01
3.690000e-01  1.186102e-01
3.720000e-01  1.179025e-01
3.750000e-01  1.171972e-01
3.780000e-01  1.164943e-01
3.810000e-01  1.157935e-01
3.840000e-01  1.150948e-01
3.870000e-01  1.143980e-01
3.900000e-01  1.137029e-01
3.930000e-01  1.130094e-01
3.960000e-01  1.123173e-01
3.990000e-01  1.116265e-01
4.020000e-01  1.109369e-01
4.050000e-01  1.102481e-01
4.080000e-01  1.095602e-01
4.110000e-01  1.088729e-01
4.140000e-01  1.081860e-01
4.170000e-01  1.074993e-01
4.200000e-01  000000
4.230000e-01  000000
4.260000e-01  000000
4.290000e-01  000000
4.320000e-01  000000
4.350000e-01  000000
4.380000e-01  000000
4.410000e-01  000000
4.440000e-01  000000
4.470000e-01  000000
4.500000e-01  000000
4.530000e-01  000000
4.560000e-01  000000
4.590000e-01  000000
4.620000e-01  000000
4.650000e-01  000000
4.680000e-01  000000
4.710000e-01  000000
4.740000e-01  000000
4.770000e-01  000000
4.800000e-01  000000
4.830000e-01  000000
4.860000e-01  000000
4.890000e-01  000000
4.920000e-01  000000
4.950000e-01  000000
4.980000e-01  000000
5.010000e-01  000000
5.040000e-01  000000
5.070000e-01  000000
5.100000e-01  000000
5.130000e-01  000000
5.160000e-01  000000
5.190000e-01  000000
5.220000e-01  000000
5.250000e-01  000000
5.280000e-01  000000
5.310000e-01  000000
5.340000e-01  000000
5.370000e-01  000000
5.400000e-01  000000
5.430000e-01  000000
5.460000e-01  000000
5.490000e-01  000000
5.520000e-01  000000
5.550000e-01  000000
5.580000e-01  000000
5.610000e-01  000000
5.640000e-01  000000
5.670000e-01  000000
5.700000e-01  000000
5.730000e-01  000000
5.760000e-01  000000
5.790000e-01  000000
5.820000e-01  000000
5.850000e-01  000000
5.880000e-01  000000
5.910000e-01  000000
5.940000e-01  000000
5.970000e-01  000000
6.000000e-01  000000
6.030000e-01  000000
6.060000e-01  000000
6.090000e-01  000000
6.120000e-01  000000
6.150000e-01  000000
6.180000e-01  000000
6.210000e-01  000000
6.240000e-01  000000
6.270000e-01  000000
6.300000e-01  000000
6.330000e-01  000000
6.360000e-01  000000
6.390000e-01  000000
6.420000e-01  000000
6.450000e-01  000000
6.480000e-01  000000
6.510000e-01  000000
6.540000e-01  000000
6.570000e-01  000000
6.600000e-01  000000
6.630000e-01  000000
6.660000e-01  000000
6.690000e-01  000000
6.720000e-01  000000
6.750000e-01  000000
6.780000e-01  000000
6.810000e-01  000000
6.840000e-01  000000
6.870000e-01  000000
6.900000e-01  000000
6.930000e-01  000000
6.960000e-01  000000
6.990000e-01  000000
7.020000e-01  000000
7.050000e-01  000000
7.080000e-01  000000
7.110000e-01  000000
7.140000e-01  000000
7.170000e-01  000000
7.200000e-01  000000
7.230000e-01  000000
7.260000e-01  000000
7.290000e-01  000000
7.320000e-01  000000
7.350000e-01  000000
7.380000e-01  000000
7.410000e-01  000000
7.440000e-01  000000
7.470000e-01  000000
7.500000e-01  000000
7.530000e-01  000000
7.560000e-01  000000
7.590000e-01  000000
7.620000e-01  000000
7.650000e-01  000000
7.680000e-01  000000
7.710000e-01  000000
7.740000e-01  000000
7.770000e-01  000000
7.800000e-01  000000
7.830000e-01  000000
7.860000e-01  000000
7.890000e-01  000000
7.920000e-01  000000
7.950000e-01  000000
7.980000e-01  000000
8.010000e-01  000000
8.040000e-01  000000
8.070000e-01  000000
8.100000e-01  000000
8.130000e-01  000000
8.160000e-01  000000
8.190000e-01  000000
8.220000e-01  000000
8.250000e-01  000000
8.280000e-01  000000
8.310000e-01  000000
8.340000e-01  000000
8.370000e-01  000000
8.400000e-01  000000
8.430000e-01  000000
8.460000e-01  000000
8.490000e-01  000000
8.520000e-01  000000
8.550000e-01  000000
8.580000e-01  000000
8.610000e-01  000000
8.640000e-01  000000
8.670000e-01  000000
8.700000e-01  000000
8.730000e-01  000000
8.760000e-01  000000
8.790000e-01  000000
8.820000e-01  000000
8.850000e-01  000000
8.880000e-01  000000
8.910000e-01  000000
8.940000e-01  000000
8.970000e-01  000000
9.000000e-01  000000
9.030000e-01  000000
9.060000e-01  000000
9.090000e-01  000000
9.120000e-01  000000
9.150000e-01  000000
9.180000e-01  000000
9.210000e-01  000000
9.240000e-01  000000
9.270000e-01  000000
9.300000e-01  000000
9.330000e-01  000000
9.360000e-01  000000
9.390000e-01  000000
9.420000e-01  000000
9.450000e-01  000000
9.480000e-01  000000
9.510000e-01  000000
9.540000e-01  000000
9.570000e-01  000000
9.600000e-01  000000
9.630000e-01  000000
9.660000e-01  000000
9.690000e-01  000000
9.720000e-01  000000
9.750000e-01  000000
9.780000e-01  000000
9.810000e-01  000000
9.840000e-01  000000
9.870000e-01  000000
9.900000e-01  000000
9.930000e-01  000000
9.960000e-01  000000
9.990000e-01  000000
