000000  000001
3.000000e-03  7.570860e-01
6.000000e-03  6.668594e-01
9.000000e-03  6.121333e-01
1.200000e-02  5.734116e-01
1.500000e-02  5.437425e-01
1.800000e-02  5.198620e-01
2.100000e-02  4.999831e-01
2.400000e-02  4.830250e-01
2.700000e-02  4.682860e-01
3.000000e-02  4.552859e-01
3.300000e-02  4.436825e-01
3.600000e-02  4.332234e-01
3.900000e-02  4.237177e-01
4.200000e-02  4.150175e-01
4.500000e-02  4.070059e-01
4.800000e-02  3.995895e-01
5.100000e-02  3.926919e-01
5.400000e-02  3.862505e-01
5.700000e-02  3.802127e-01
6.000000e-02  3.745346e-01
6.300000e-02  3.691788e-01
6.600000e-02  3.641132e-01
6.900000e-02  3.593104e-01
7.200000e-02  3.547462e-01
7.500000e-02  3.503999e-01
7.800000e-02  3.462531e-01
8.100000e-02  3.422896e-01
8.400000e-02  3.384950e-01
8.700000e-02  3.348566e-01
9.000000e-02  3.313630e-01
9.300000e-02  3.280038e-01
9.600000e-02  3.247699e-01
9.900000e-02  3.216530e-01
1.020000e-01  3.186454e-01
1.050000e-01  3.157404e-01
1.080000e-01  3.129315e-01
1.110000e-01  3.102132e-01
1.140000e-01  3.075802e-01
1.170000e-01  3.050276e-01
1.200000e-01  3.025511e-01
1.230000e-01  3.001465e-01
1.260000e-01  2.978101e-01
1.290000e-01  2.955384e-01
1.320000e-01  2.933281e-01
1.350000e-01  2.911763e-01
1.380000e-01  2.890800e-01
1.410000e-01  2.870368e-01
1.440000e-01  2.850442e-01
1.470000e-01  2.830998e-01
1.500000e-01  2.812017e-01
1.530000e-01  2.793477e-01
1.560000e-01  2.775360e-01
1.590000e-01  2.757648e-01
1.620000e-01  2.740325e-01
1.650000e-01  2.723375e-01
1.680000e-01  2.706783e-01
1.710000e-01  2.690536e-01
1.740000e-01  2.674620e-01
1.770000e-01  2.659023e-01
1.800000e-01  2.643733e-01
1.830000e-01  2.628739e-01
1.860000e-01  2.614030e-01
1.890000e-01  2.599597e-01
1.920000e-01  2.585429e-01
1.950000e-01  2.571519e-01
1.980000e-01  2.557856e-01
2.010000e-01  2.544434e-01
2.040000e-01  2.531244e-01
2.070000e-01  2.518278e-01
2.100000e-01  2.505530e-01
2.130000e-01  2.492992e-01
2.160000e-01  2.480659e-01
2.190000e-01  2.468524e-01
2.220000e-01  2.456581e-01
2.250000e-01  2.444824e-01
2.280000e-01  2.433249e-01
2.310000e-01  2.421849e-01
2.340000e-01  2.410620e-01
2.370000e-01  2.399557e-01
2.400000e-01  2.388655e-01
2.430000e-01  2.377910e-01
2.460000e-01  2.367318e-01
2.490000e-01  2.356875e-01
2.520000e-01  2.346576e-01
2.550000e-01  2.336418e-01
2.580000e-01  2.326397e-01
2.610000e-01  2.316510e-01
2.640000e-01  2.306753e-01
2.670000e-01  2.297123e-01
2.700000e-01  2.287617e-01
2.730000e-01  2.278232e-01
2.760000e-01  2.268965e-01
2.790000e-01  2.259813e-01
2.820000e-01  2.250774e-01
2.850000e-01  2.241844e-01
2.880000e-01  2.233021e-01
2.910000e-01  2.224304e-01
2.940000e-01  2.215688e-01
2.970000e-01  2.207173e-01
3.000000e-01  2.198755e-01
3.030000e-01  2.190433e-01
3.060000e-01  2.182205e-01
3.090000e-01  2.174068e-01
3.120000e-01  2.166021e-01
3.150000e-01  2.158061e-01
3.180000e-01  2.150188e-01
3.210000e-01  2.142398e-01
3.240000e-01  2.134690e-01
3.270000e-01  2.127063e-01
3.300000e-01  2.119516e-01
3.330000e-01  2.112045e-01
3.360000e-01  2.104650e-01
3.390000e-01  2.097330e-01
3.420000e-01  2.090082e-01
3.450000e-01  2.082906e-01
3.480000e-01  2.075800e-01
3.510000e-01  2.068763e-01
3.540000e-01  2.061793e-01
3.570000e-01  2.054889e-01
3.600000e-01  2.048050e-01
3.630000e-01  2.041274e-01
3.660000e-01  2.034562e-01
3.690000e-01  2.027910e-01
3.720000e-01  2.021319e-01
3.750000e-01  2.014787e-01
3.780000e-01  2.008313e-01
3.810000e-01  2.001896e-01
3.840000e-01  1.995536e-01
3.870000e-01  1.989230e-01
3.900000e-01  1.982978e-01
3.930000e-01  1.976780e-01
3.960000e-01  1.970634e-01
3.990000e-01  1.964540e-01
4.020000e-01  1.958496e-01
4.050000e-01  1.952502e-01
4.080000e-01  1.946556e-01
4.110000e-01  1.940659e-01
4.140000e-01  1.934809e-01
4.170000e-01  1.929005e-01
4.200000e-01  1.923248e-01
4.230000e-01  1.917535e-01
4.260000e-01  1.911867e-01
4.290000e-01  1.906242e-01
4.320000e-01  1.900660e-01
4.350000e-01  1.895120e-01
4.380000e-01  1.889622e-01
4.410000e-01  1.884165e-01
4.440000e-01  1.878749e-01
4.470000e-01  1.873372e-01
4.500000e-01  1.868034e-01
4.530000e-01  1.862734e-01
4.560000e-01  1.857473e-01
4.590000e-01  1.852249e-01
4.620000e-01  1.847062e-01
4.650000e-01  1.841911e-01
4.680000e-01  1.836795e-01
4.710000e-01  1.831715e-01
4.740000e-01  1.826670e-01
4.770000e-01  1.821659e-01
4.800000e-01  1.816682e-01
4.830000e-01  1.811738e-01
4.860000e-01  1.806826e-01
4.890000e-01  1.801947e-01
4.920000e-01  1.797100e-01
4.950000e-01  1.792285e-01
4.980000e-01  1.787500e-01
5.010000e-01  1.782746e-01
5.040000e-01  1.778022e-01
5.070000e-01  1.773328e-01
5.100000e-01  1.768663e-01
5.130000e-01  1.764027e-01
5.160000e-01  1.759419e-01
5.190000e-01  1.754840e-01
5.220000e-01  1.750289e-01
5.250000e-01  1.745764e-01
5.280000e-01  1.741267e-01
5.310000e-01  1.736797e-01
5.340000e-01  1.732353e-01
5.370000e-01  1.727935e-01
5.400000e-01  1.723543e-01
5.430000e-01  1.719176e-01
5.460000e-01  1.714834e-01
5.490000e-01  1.710517e-01
5.520000e-01  1.706224e-01
5.550000e-01  1.701956e-01
5.580000e-01  1.697711e-01
5.610000e-01  1.693489e-01
5.640000e-01  1.689291e-01
5.670000e-01  1.685116e-01
5.700000e-01  1.680963e-01
5.730000e-01  1.676833e-01
5.760000e-01  1.672725e-01
5.790000e-01  1.668638e-01
5.820000e-01  1.664573e-01
5.850000e-01  1.660530e-01
5.880000e-01  1.656507e-01
5.910000e-01  1.652505e-01
5.940000e-01  1.648524e-01
5.970000e-01  1.644563e-01
6.000000e-01  1.640621e-01
6.030000e-01  1.636700e-01
6.060000e-01  1.632798e-01
6.090000e-01  1.628916e-01
6.120000e-01  1.625053e-01
6.150000e-01  1.621208e-01
6.180000e-01  1.617383e-01
6.210000e-01  1.613575e-01
6.240000e-01  1.609786e-01
6.270000e-01  1.606015e-01
6.300000e-01  1.602262e-01
6.330000e-01  1.598527e-01
6.360000e-01  1.594808e-01
6.390000e-01  1.591107e-01
6.420000e-01  1.587423e-01
6.450000e-01  1.583756e-01
6.480000e-01  1.580106e-01
6.510000e-01  1.576472e-01
6.540000e-01  1.572854e-01
6.570000e-01  1.569252e-01
6.600000e-01  1.565666e-01
6.630000e-01  1.562096e-01
6.660000e-01  1.558542e-01
6.690000e-01  1.555003e-01
6.720000e-01  1.551479e-01
6.750000e-01  1.547970e-01
6.780000e-01  1.544476e-01
6.810000e-01  1.540997e-01
6.840000e-01  1.537532e-01
6.870000e-01  1.534082e-01
6.900000e-01  1.530646e-01
6.930000e-01  1.527224e-01
6.960000e-01  1.523815e-01
6.990000e-01  1.520421e-01
7.020000e-01  1.517040e-01
7.050000e-01  1.513673e-01
7.080000e-01  1.510320e-01
7.110000e-01  1.506979e-01
7.140000e-01  1.503651e-01
7.170000e-01  1.500337e-01
7.200000e-01  1.497035e-01
7.230000e-01  1.493746e-01
7.260000e-01  1.490469e-01
7.290000e-01  1.487205e-01
7.320000e-01  1.483952e-01
7.350000e-01  1.480713e-01
7.380000e-01  1.477485e-01
7.410000e-01  1.474269e-01
7.440000e-01  1.471064e-01
7.470000e-01  1.467871e-01
7.500000e-01  1.464690e-01
7.530000e-01  1.461520e-01
7.560000e-01  1.458362e-01
7.590000e-01  1.455214e-01
7.620000e-01  1.452078e-01
7.650000e-01  1.448952e-01
7.680000e-01  1.445837e-01
7.710000e-01  1.442733e-01
7.740000e-01  1.439639e-01
7.770000e-01  1.436556e-01
7.800000e-01  1.433484e-01
7.830000e-01  1.430421e-01
7.860000e-01  1.427369e-01
7.890000e-01  1.424326e-01
7.920000e-01  1.421294e-01
7.950000e-01  1.418271e-01
7.980000e-01  1.415258e-01
8.010000e-01  1.412255e-01
8.040000e-01  1.409261e-01
8.070000e-01  1.406276e-01
8.100000e-01  1.403301e-01
8.130000e-01  1.400335e-01
8.160000e-01  1.397378e-01
8.190000e-01  1.394430e-01
8.220000e-01  1.391491e-01
8.250000e-01  1.388561e-01
8.280000e-01  1.385640e-01
8.310000e-01  1.382727e-01
8.340000e-01  1.379823e-01
8.370000e-01  1.376927e-01
8.400000e-01  1.374040e-01
8.430000e-01  1.371161e-01
8.460000e-01  1.368290e-01
8.490000e-01  1.365428e-01
8.520000e-01  1.362573e-01
8.550000e-01  1.359726e-01
8.580000e-01  1.356887e-01
8.610000e-01  1.354056e-01
8.640000e-01  1.351232e-01
8.670000e-01  1.348416e-01
8.700000e-01  1.345608e-01
8.730000e-01  1.342807e-01
8.760000e-01  1.340013e-01
8.790000e-01  1.337227e-01
8.820000e-01  1.334448e-01
8.850000e-01  1.331676e-01
8.880000e-01  1.328911e-01
8.910000e-01  1.326153e-01
8.940000e-01  1.323401e-01
8.970000e-01  1.320657e-01
9.000000e-01  1.317919e-01
9.030000e-01  1.315188e-01
9.060000e-01  1.312464e-01
9.090000e-01  1.309746e-01
9.120000e-01  1.307034e-01
9.150000e-01  1.304329e-01
9.180000e-01  1.301630e-01
9.210000e-01  1.298937e-01
9.240000e-01  1.296251e-01
9.270000e-01  1.293570e-01
9.300000e-01  1.290896e-01
9.330000e-01  1.288227e-01
9.360000e-01  1.285564e-01
9.390000e-01  1.282907e-01
9.420000e-01  1.280256e-01
9.450000e-01  1.277610e-01
9.480000e-01  1.274970e-01
9.510000e-01  1.272335e-01
9.540000e-01  1.269706e-01
9.570000e-01  1.267082e-01
9.600000e-01  1.264463e-01
9.630000e-01  1.261850e-01
9.660000e-01  1.259242e-01
9.690000e-01  1.256639e-01
9.720000e-01  1.254041e-01
9.750000e-01  1.251447e-01
9.780000e-01  1.248859e-01
9.810000e-01  1.246276e-01
9.840000e-01  1.243697e-01
9.870000e-01  1.241123e-01
9.900000e-01  1.238554e-01
9.930000e-01  1.235989e-01
9.960000e-01  1.233428e-01
9.990000e-01  1.230872e-01
