000000  000001
3.000000e-03  8.256820e-01
6.000000e-03  7.442452e-01
9.000000e-03  6.915904e-01
1.200000e-02  6.530711e-01
1.500000e-02  6.229262e-01
1.800000e-02  5.982997e-01
2.100000e-02  5.775710e-01
2.400000e-02  5.597341e-01
2.700000e-02  5.441229e-01
3.000000e-02  5.302742e-01
3.300000e-02  5.178537e-01
3.600000e-02  5.066121e-01
3.900000e-02  4.963589e-01
4.200000e-02  4.869457e-01
4.500000e-02  4.782541e-01
4.800000e-02  4.701890e-01
5.100000e-02  4.626722e-01
5.400000e-02  4.556391e-01
5.700000e-02  4.490356e-01
6.000000e-02  4.428160e-01
6.300000e-02  4.369412e-01
6.600000e-02  4.313779e-01
6.900000e-02  4.260970e-01
7.200000e-02  4.210735e-01
7.500000e-02  4.162851e-01
7.800000e-02  4.117127e-01
8.100000e-02  4.073389e-01
8.400000e-02  4.031485e-01
8.700000e-02  3.991279e-01
9.000000e-02  3.952650e-01
9.300000e-02  3.915487e-01
9.600000e-02  3.879693e-01
9.900000e-02  3.845177e-01
1.020000e-01  3.811858e-01
1.050000e-01  3.779663e-01
1.080000e-01  3.748523e-01
1.110000e-01  3.718378e-01
1.140000e-01  3.689170e-01
1.170000e-01  3.660847e-01
1.200000e-01  3.633362e-01
1.230000e-01  3.606670e-01
1.260000e-01  3.580730e-01
1.290000e-01  3.555505e-01
1.320000e-01  3.530958e-01
1.350000e-01  3.507057e-01
1.380000e-01  3.483772e-01
1.410000e-01  3.461074e-01
1.440000e-01  3.438937e-01
1.470000e-01  3.417335e-01
1.500000e-01  3.396246e-01
1.530000e-01  3.375646e-01
1.560000e-01  3.355517e-01
1.590000e-01  3.335838e-01
1.620000e-01  3.316591e-01
1.650000e-01  3.297760e-01
1.680000e-01  3.279327e-01
1.710000e-01  3.261279e-01
1.740000e-01  3.243599e-01
1.770000e-01  3.226275e-01
1.800000e-01  3.209293e-01
1.830000e-01  3.192642e-01
1.860000e-01  3.176310e-01
1.890000e-01  3.160285e-01
1.920000e-01  3.144557e-01
1.950000e-01  3.129117e-01
1.980000e-01  3.113953e-01
2.010000e-01  3.099059e-01
2.040000e-01  3.084424e-01
2.070000e-01  3.070041e-01
2.100000e-01  3.055902e-01
2.130000e-01  3.041998e-01
2.160000e-01  3.028324e-01
2.190000e-01  3.014872e-01
2.220000e-01  3.001636e-01
2.250000e-01  2.988608e-01
2.280000e-01  2.975784e-01
2.310000e-01  2.963158e-01
2.340000e-01  2.950723e-01
2.370000e-01  2.938475e-01
2.400000e-01  2.926408e-01
2.430000e-01  2.914517e-01
2.460000e-01  2.902798e-01
2.490000e-01  2.891247e-01
2.520000e-01  2.879858e-01
2.550000e-01  2.868628e-01
2.580000e-01  2.857553e-01
2.610000e-01  2.846628e-01
2.640000e-01  2.835850e-01
2.670000e-01  2.825215e-01
2.700000e-01  2.814720e-01
2.730000e-01  2.804362e-01
2.760000e-01  2.794136e-01
2.790000e-01  2.784041e-01
2.820000e-01  2.774072e-01
2.850000e-01  2.764228e-01
2.880000e-01  2.754504e-01
2.910000e-01  2.744899e-01
2.940000e-01  2.735410e-01
2.970000e-01  2.726033e-01
3.000000e-01  2.716768e-01
3.030000e-01  2.707610e-01
3.060000e-01  2.698559e-01
3.090000e-01  2.689611e-01
3.120000e-01  2.680764e-01
3.150000e-01  2.672017e-01
3.180000e-01  2.663367e-01
3.210000e-01  2.654813e-01
3.240000e-01  2.646351e-01
3.270000e-01  2.637981e-01
3.300000e-01  2.629701e-01
3.330000e-01  2.621508e-01
3.360000e-01  2.613401e-01
3.390000e-01  2.605379e-01
3.420000e-01  2.597440e-01
3.450000e-01  2.589581e-01
3.480000e-01  2.581802e-01
3.510000e-01  2.574102e-01
3.540000e-01  2.566478e-01
3.570000e-01  2.558929e-01
3.600000e-01  2.551454e-01
3.630000e-01  2.544051e-01
3.660000e-01  2.536720e-01
3.690000e-01  2.529458e-01
3.720000e-01  2.522265e-01
3.750000e-01  2.515140e-01
3.780000e-01  2.508080e-01
3.810000e-01  2.501086e-01
3.840000e-01  2.494156e-01
3.870000e-01  2.487289e-01
3.900000e-01  2.480483e-01
3.930000e-01  2.473738e-01
3.960000e-01  2.467053e-01
3.990000e-01  2.460427e-01
4.020000e-01  2.453858e-01
4.050000e-01  2.447346e-01
4.080000e-01  2.440890e-01
4.110000e-01  2.434490e-01
4.140000e-01  2.428143e-01
4.170000e-01  2.421849e-01
4.200000e-01  2.415608e-01
4.230000e-01  2.409418e-01
4.260000e-01  2.403280e-01
4.290000e-01  2.397191e-01
4.320000e-01  2.391151e-01
4.350000e-01  2.385160e-01
4.380000e-01  2.379216e-01
4.410000e-01  2.373320e-01
4.440000e-01  2.367470e-01
4.470000e-01  2.361665e-01
4.500000e-01  2.355905e-01
4.530000e-01  2.350190e-01
4.560000e-01  2.344518e-01
4.590000e-01  2.338890e-01
4.620000e-01  2.333303e-01
4.650000e-01  2.327759e-01
4.680000e-01  2.322255e-01
4.710000e-01  2.316792e-01
4.740000e-01  2.311369e-01
4.770000e-01  2.305986e-01
4.800000e-01  2.300642e-01
4.830000e-01  2.295336e-01
4.860000e-01  2.290067e-01
4.890000e-01  2.284836e-01
4.920000e-01  2.279642e-01
4.950000e-01  2.274485e-01
4.980000e-01  2.269363e-01
5.010000e-01  2.264276e-01
5.040000e-01  2.259224e-01
5.070000e-01  2.254207e-01
5.100000e-01  2.249224e-01
5.130000e-01  2.244274e-01
5.160000e-01  2.239358e-01
5.190000e-01  2.234474e-01
5.220000e-01  2.229622e-01
5.250000e-01  2.224802e-01
5.280000e-01  2.220014e-01
5.310000e-01  2.215257e-01
5.340000e-01  2.210530e-01
5.370000e-01  2.205834e-01
5.400000e-01  2.201168e-01
5.430000e-01  2.196531e-01
5.460000e-01  2.191923e-01
5.490000e-01  2.187344e-01
5.520000e-01  2.182794e-01
5.550000e-01  2.178272e-01
5.580000e-01  2.173777e-01
5.610000e-01  2.169310e-01
5.640000e-01  2.164870e-01
5.670000e-01  2.160457e-01
5.700000e-01  2.156071e-01
5.730000e-01  2.151710e-01
5.760000e-01  2.147376e-01
5.790000e-01  2.143067e-01
5.820000e-01  2.138783e-01
5.850000e-01  2.134525e-01
5.880000e-01  2.130291e-01
5.910000e-01  2.126082e-01
5.940000e-01  2.121896e-01
5.970000e-01  2.117735e-01
6.000000e-01  2.113597e-01
6.030000e-01  2.109483e-01
6.060000e-01  2.105392e-01
6.090000e-01  2.101323e-01
6.120000e-01  2.097277e-01
6.150000e-01  2.093254e-01
6.180000e-01  2.089253e-01
6.210000e-01  2.085273e-01
6.240000e-01  2.081315e-01
6.270000e-01  2.077379e-01
6.300000e-01  2.073464e-01
6.330000e-01  2.069569e-01
6.360000e-01  2.065696e-01
6.390000e-01  2.061842e-01
6.420000e-01  2.058010e-01
6.450000e-01  2.054197e-01
6.480000e-01  2.050404e-01
6.510000e-01  2.046631e-01
6.540000e-01  2.042877e-01
6.570000e-01  2.039143e-01
6.600000e-01  2.035427e-01
6.630000e-01  2.031731e-01
6.660000e-01  2.028053e-01
6.690000e-01  2.024394e-01
6.720000e-01  2.020753e-01
6.750000e-01  2.017130e-01
6.780000e-01  2.013525e-01
6.810000e-01  2.009938e-01
6.840000e-01  2.006368e-01
6.870000e-01  2.002816e-01
6.900000e-01  1.999281e-01
6.930000e-01  1.995763e-01
6.960000e-01  1.992263e-01
6.990000e-01  1.988778e-01
7.020000e-01  1.985311e-01
7.050000e-01  1.981860e-01
7.080000e-01  1.978425e-01
7.110000e-01  1.975006e-01
7.140000e-01  1.971604e-01
7.170000e-01  1.968217e-01
7.200000e-01  1.964845e-01
7.230000e-01  1.961490e-01
7.260000e-01  1.958149e-01
7.290000e-01  1.954824e-01
7.320000e-01  1.951515e-01
7.350000e-01  1.948219e-01
7.380000e-01  1.944939e-01
7.410000e-01  1.941674e-01
7.440000e-01  1.938423e-01
7.470000e-01  1.935186e-01
7.500000e-01  1.931964e-01
7.530000e-01  1.928756e-01
7.560000e-01  1.925562e-01
7.590000e-01  1.922382e-01
7.620000e-01  1.919215e-01
7.650000e-01  1.916063e-01
7.680000e-01  1.912923e-01
7.710000e-01  1.909798e-01
7.740000e-01  1.906685e-01
7.770000e-01  1.903586e-01
7.800000e-01  1.900500e-01
7.830000e-01  1.897427e-01
7.860000e-01  1.894366e-01
7.890000e-01  1.891319e-01
7.920000e-01  1.888284e-01
7.950000e-01  1.885261e-01
7.980000e-01  1.882251e-01
8.010000e-01  1.879254e-01
8.040000e-01  1.876268e-01
8.070000e-01  1.873295e-01
8.100000e-01  1.870333e-01
8.130000e-01  1.867384e-01
8.160000e-01  1.864446e-01
8.190000e-01  1.861520e-01
8.220000e-01  1.858605e-01
8.250000e-01  1.855702e-01
8.280000e-01  1.852811e-01
8.310000e-01  1.849931e-01
8.340000e-01  1.847062e-01
8.370000e-01  1.844204e-01
8.400000e-01  1.841357e-01
8.430000e-01  1.838521e-01
8.460000e-01  1.835696e-01
8.490000e-01  1.832882e-01
8.520000e-01  1.830078e-01
8.550000e-01  1.827285e-01
8.580000e-01  1.824503e-01
8.610000e-01  1.821731e-01
8.640000e-01  1.818969e-01
8.670000e-01  1.816218e-01
8.700000e-01  1.813477e-01
8.730000e-01  1.810746e-01
8.760000e-01  1.808025e-01
8.790000e-01  1.805314e-01
8.820000e-01  1.802613e-01
8.850000e-01  1.799921e-01
8.880000e-01  1.797239e-01
8.910000e-01  1.794567e-01
8.940000e-01  1.791905e-01
8.970000e-01  1.789252e-01
9.000000e-01  1.786608e-01
9.030000e-01  1.783974e-01
9.060000e-01  1.781349e-01
9.090000e-01  1.778734e-01
9.120000e-01  1.776127e-01
9.150000e-01  1.773530e-01
9.180000e-01  1.770941e-01
9.210000e-01  1.768362e-01
9.240000e-01  1.765791e-01
9.270000e-01  1.763229e-01
9.300000e-01  1.760676e-01
9.330000e-01  1.758132e-01
9.360000e-01  1.755596e-01
9.390000e-01  1.753068e-01
9.420000e-01  1.750550e-01
9.450000e-01  1.748039e-01
9.480000e-01  1.745537e-01
9.510000e-01  1.743044e-01
9.540000e-01  1.740558e-01
9.570000e-01  1.738081e-01
9.600000e-01  1.735612e-01
9.630000e-01  1.733151e-01
9.660000e-01  1.730697e-01
9.690000e-01  1.728252e-01
9.720000e-01  1.725815e-01
9.750000e-01  1.723386e-01
9.780000e-01  1.720964e-01
9.810000e-01  1.718550e-01
9.840000e-01  1.716144e-01
9.870000e-01  1.713745e-01
9.900000e-01  1.711354e-01
9.930000e-01  1.708970e-01
9.960000e-01  1.706594e-01
9.990000e-01  1.704225e-01
