000000  000001
3.000000e-03  8.201126e-01
6.000000e-03  7.376878e-01
9.000000e-03  6.847209e-01
1.200000e-02  6.461006e-01
1.500000e-02  6.159404e-01
1.800000e-02  5.913383e-01
2.100000e-02  5.706533e-01
2.400000e-02  5.528698e-01
2.700000e-02  5.373164e-01
3.000000e-02  5.235272e-01
3.300000e-02  5.111661e-01
3.600000e-02  4.999831e-01
3.900000e-02  4.897872e-01
4.200000e-02  4.804295e-01
4.500000e-02  4.717917e-01
4.800000e-02  4.637786e-01
5.100000e-02  4.563119e-01
5.400000e-02  4.493271e-01
5.700000e-02  4.427702e-01
6.000000e-02  4.365955e-01
6.300000e-02  4.307640e-01
6.600000e-02  4.252425e-01
6.900000e-02  4.200020e-01
7.200000e-02  4.150175e-01
7.500000e-02  4.102668e-01
7.800000e-02  4.057308e-01
8.100000e-02  4.013922e-01
8.400000e-02  3.972360e-01
8.700000e-02  3.932485e-01
9.000000e-02  3.894177e-01
9.300000e-02  3.857325e-01
9.600000e-02  3.821833e-01
9.900000e-02  3.787610e-01
1.020000e-01  3.754576e-01
1.050000e-01  3.722658e-01
1.080000e-01  3.691788e-01
1.110000e-01  3.661905e-01
1.140000e-01  3.632952e-01
1.170000e-01  3.604878e-01
1.200000e-01  3.577635e-01
1.230000e-01  3.551180e-01
1.260000e-01  3.525471e-01
1.290000e-01  3.500470e-01
1.320000e-01  3.476143e-01
1.350000e-01  3.452456e-01
1.380000e-01  3.429381e-01
1.410000e-01  3.406887e-01
1.440000e-01  3.384950e-01
1.470000e-01  3.363544e-01
1.500000e-01  3.342646e-01
1.530000e-01  3.322234e-01
1.560000e-01  3.302288e-01
1.590000e-01  3.282788e-01
1.620000e-01  3.263718e-01
1.650000e-01  3.245058e-01
1.680000e-01  3.226795e-01
1.710000e-01  3.208911e-01
1.740000e-01  3.191394e-01
1.770000e-01  3.174229e-01
1.800000e-01  3.157404e-01
1.830000e-01  3.140906e-01
1.860000e-01  3.124723e-01
1.890000e-01  3.108846e-01
1.920000e-01  3.093263e-01
1.950000e-01  3.077965e-01
1.980000e-01  3.062941e-01
2.010000e-01  3.048184e-01
2.040000e-01  3.033684e-01
2.070000e-01  3.019434e-01
2.100000e-01  3.005425e-01
2.130000e-01  2.991649e-01
2.160000e-01  2.978101e-01
2.190000e-01  2.964773e-01
2.220000e-01  2.951658e-01
2.250000e-01  2.938751e-01
2.280000e-01  2.926045e-01
2.310000e-01  2.913534e-01
2.340000e-01  2.901214e-01
2.370000e-01  2.889078e-01
2.400000e-01  2.877121e-01
2.430000e-01  2.865340e-01
2.460000e-01  2.853729e-01
2.490000e-01  2.842283e-01
2.520000e-01  2.830998e-01
2.550000e-01  2.819871e-01
2.580000e-01  2.808897e-01
2.610000e-01  2.798071e-01
2.640000e-01  2.787392e-01
2.670000e-01  2.776854e-01
2.700000e-01  2.766454e-01
2.730000e-01  2.756190e-01
2.760000e-01  2.746057e-01
2.790000e-01  2.736053e-01
2.820000e-01  2.726174e-01
2.850000e-01  2.716419e-01
2.880000e-01  2.706783e-01
2.910000e-01  2.697264e-01
2.940000e-01  2.687860e-01
2.970000e-01  2.678568e-01
3.000000e-01  2.669386e-01
3.030000e-01  2.660311e-01
3.060000e-01  2.651340e-01
3.090000e-01  2.642472e-01
3.120000e-01  2.633704e-01
3.150000e-01  2.625035e-01
3.180000e-01  2.616462e-01
3.210000e-01  2.607983e-01
3.240000e-01  2.599597e-01
3.270000e-01  2.591301e-01
3.300000e-01  2.583093e-01
3.330000e-01  2.574973e-01
3.360000e-01  2.566937e-01
3.390000e-01  2.558986e-01
3.420000e-01  2.551116e-01
3.450000e-01  2.543326e-01
3.480000e-01  2.535615e-01
3.510000e-01  2.527981e-01
3.540000e-01  2.520423e-01
3.570000e-01  2.512940e-01
3.600000e-01  2.505530e-01
3.630000e-01  2.498191e-01
3.660000e-01  2.490923e-01
3.690000e-01  2.483724e-01
3.720000e-01  2.476592e-01
3.750000e-01  2.469528e-01
3.780000e-01  2.462529e-01
3.810000e-01  2.455594e-01
3.840000e-01  2.448723e-01
3.870000e-01  2.441914e-01
3.900000e-01  2.435166e-01
3.930000e-01  2.428478e-01
3.960000e-01  2.421849e-01
3.990000e-01  2.415278e-01
4.020000e-01  2.408765e-01
4.050000e-01  2.402308e-01
4.080000e-01  2.395905e-01
4.110000e-01  2.389558e-01
4.140000e-01  2.383264e-01
4.170000e-01  2.377022e-01
4.200000e-01  2.370832e-01
4.230000e-01  2.364694e-01
4.260000e-01  2.358605e-01
4.290000e-01  2.352566e-01
4.320000e-01  2.346576e-01
4.350000e-01  2.340633e-01
4.380000e-01  2.334738e-01
4.410000e-01  2.328889e-01
4.440000e-01  2.323086e-01
4.470000e-01  2.317329e-01
4.500000e-01  2.311615e-01
4.530000e-01  2.305945e-01
4.560000e-01  2.300319e-01
4.590000e-01  2.294735e-01
4.620000e-01  2.289193e-01
4.650000e-01  2.283692e-01
4.680000e-01  2.278232e-01
4.710000e-01  2.272812e-01
4.740000e-01  2.267432e-01
4.770000e-01  2.262090e-01
4.800000e-01  2.256788e-01
4.830000e-01  2.251523e-01
4.860000e-01  2.246295e-01
4.890000e-01  2.241105e-01
4.920000e-01  2.235950e-01
4.950000e-01  2.230832e-01
4.980000e-01  2.225749e-01
5.010000e-01  2.220701e-01
5.040000e-01  2.215688e-01
5.070000e-01  2.210709e-01
5.100000e-01  2.205763e-01
5.130000e-01  2.200850e-01
5.160000e-01  2.195971e-01
5.190000e-01  2.191123e-01
5.220000e-01  2.186308e-01
5.250000e-01  2.181523e-01
5.280000e-01  2.176770e-01
5.310000e-01  2.172048e-01
5.340000e-01  2.167356e-01
5.370000e-01  2.162694e-01
5.400000e-01  2.158061e-01
5.430000e-01  2.153458e-01
5.460000e-01  2.148883e-01
5.490000e-01  2.144338e-01
5.520000e-01  2.139820e-01
5.550000e-01  2.135330e-01
5.580000e-01  2.130867e-01
5.610000e-01  2.126432e-01
5.640000e-01  2.122023e-01
5.670000e-01  2.117641e-01
5.700000e-01  2.113285e-01
5.730000e-01  2.108955e-01
5.760000e-01  2.104650e-01
5.790000e-01  2.100371e-01
5.820000e-01  2.096117e-01
5.850000e-01  2.091887e-01
5.880000e-01  2.087682e-01
5.910000e-01  2.083501e-01
5.940000e-01  2.079344e-01
5.970000e-01  2.075211e-01
6.000000e-01  2.071101e-01
6.030000e-01  2.067014e-01
6.060000e-01  2.062950e-01
6.090000e-01  2.058908e-01
6.120000e-01  2.054889e-01
6.150000e-01  2.050891e-01
6.180000e-01  2.046916e-01
6.210000e-01  2.042962e-01
6.240000e-01  2.039030e-01
6.270000e-01  2.035119e-01
6.300000e-01  2.031228e-01
6.330000e-01  2.027359e-01
6.360000e-01  2.023509e-01
6.390000e-01  2.019680e-01
6.420000e-01  2.015872e-01
6.450000e-01  2.012082e-01
6.480000e-01  2.008313e-01
6.510000e-01  2.004563e-01
6.540000e-01  2.000832e-01
6.570000e-01  1.997121e-01
6.600000e-01  1.993428e-01
6.630000e-01  1.989753e-01
6.660000e-01  1.986097e-01
6.690000e-01  1.982460e-01
6.720000e-01  1.978840e-01
6.750000e-01  1.975239e-01
6.780000e-01  1.971655e-01
6.810000e-01  1.968089e-01
6.840000e-01  1.964540e-01
6.870000e-01  1.961008e-01
6.900000e-01  1.957493e-01
6.930000e-01  1.953995e-01
6.960000e-01  1.950514e-01
6.990000e-01  1.947050e-01
7.020000e-01  1.943602e-01
7.050000e-01  1.940170e-01
7.080000e-01  1.936754e-01
7.110000e-01  1.933354e-01
7.140000e-01  1.929969e-01
7.170000e-01  1.926601e-01
7.200000e-01  1.923248e-01
7.230000e-01  1.919910e-01
7.260000e-01  1.916587e-01
7.290000e-01  1.913280e-01
7.320000e-01  1.909987e-01
7.350000e-01  1.906709e-01
7.380000e-01  1.903446e-01
7.410000e-01  1.900197e-01
7.440000e-01  1.896962e-01
7.470000e-01  1.893742e-01
7.500000e-01  1.890536e-01
7.530000e-01  1.887344e-01
7.560000e-01  1.884165e-01
7.590000e-01  1.881001e-01
7.620000e-01  1.877850e-01
7.650000e-01  1.874712e-01
7.680000e-01  1.871588e-01
7.710000e-01  1.868477e-01
7.740000e-01  1.865379e-01
7.770000e-01  1.862294e-01
7.800000e-01  1.859223e-01
7.830000e-01  1.856163e-01
7.860000e-01  1.853117e-01
7.890000e-01  1.850083e-01
7.920000e-01  1.847062e-01
7.950000e-01  1.844052e-01
7.980000e-01  1.841056e-01
8.010000e-01  1.838071e-01
8.040000e-01  1.835098e-01
8.070000e-01  1.832137e-01
8.100000e-01  1.829188e-01
8.130000e-01  1.826251e-01
8.160000e-01  1.823326e-01
8.190000e-01  1.820412e-01
8.220000e-01  1.817509e-01
8.250000e-01  1.814618e-01
8.280000e-01  1.811738e-01
8.310000e-01  1.808869e-01
8.340000e-01  1.806011e-01
8.370000e-01  1.803164e-01
8.400000e-01  1.800328e-01
8.430000e-01  1.797503e-01
8.460000e-01  1.794689e-01
8.490000e-01  1.791885e-01
8.520000e-01  1.789091e-01
8.550000e-01  1.786309e-01
8.580000e-01  1.783536e-01
8.610000e-01  1.780774e-01
8.640000e-01  1.778022e-01
8.670000e-01  1.775280e-01
8.700000e-01  1.772548e-01
8.730000e-01  1.769826e-01
8.760000e-01  1.767114e-01
8.790000e-01  1.764412e-01
8.820000e-01  1.761719e-01
8.850000e-01  1.759037e-01
8.880000e-01  1.756363e-01
8.910000e-01  1.753700e-01
8.940000e-01  1.751045e-01
8.970000e-01  1.748400e-01
9.000000e-01  1.745764e-01
9.030000e-01  1.743138e-01
9.060000e-01  1.740521e-01
9.090000e-01  1.737912e-01
9.120000e-01  1.735313e-01
9.150000e-01  1.732723e-01
9.180000e-01  1.730141e-01
9.210000e-01  1.727568e-01
9.240000e-01  1.725004e-01
9.270000e-01  1.722449e-01
9.300000e-01  1.719902e-01
9.330000e-01  1.717364e-01
9.360000e-01  1.714834e-01
9.390000e-01  1.712313e-01
9.420000e-01  1.709800e-01
9.450000e-01  1.707295e-01
9.480000e-01  1.704799e-01
9.510000e-01  1.702311e-01
9.540000e-01  1.699830e-01
9.570000e-01  1.697358e-01
9.600000e-01  1.694894e-01
9.630000e-01  1.692438e-01
9.660000e-01  1.689989e-01
9.690000e-01  1.687549e-01
9.720000e-01  1.685116e-01
9.750000e-01  1.682691e-01
9.780000e-01  1.680273e-01
9.810000e-01  1.677863e-01
9.840000e-01  1.675461e-01
9.870000e-01  1.673066e-01
9.900000e-01  1.670679e-01
9.930000e-01  1.668299e-01
9.960000e-01  1.665926e-01
9.990000e-01  1.663560e-01
