000000  000001
3.000000e-03  7.337583e-01
6.000000e-03  6.419454e-01
9.000000e-03  5.871984e-01
1.200000e-02  5.487933e-01
1.500000e-02  5.195241e-01
1.800000e-02  4.960527e-01
2.100000e-02  4.765680e-01
2.400000e-02  4.599812e-01
2.700000e-02  4.455893e-01
3.000000e-02  4.329128e-01
3.300000e-02  4.216111e-01
3.600000e-02  4.114336e-01
3.900000e-02  4.021914e-01
4.200000e-02  3.937382e-01
4.500000e-02  3.859588e-01
4.800000e-02  3.787610e-01
5.100000e-02  3.720698e-01
5.400000e-02  3.658236e-01
5.700000e-02  3.599708e-01
6.000000e-02  3.544684e-01
6.300000e-02  3.492797e-01
6.600000e-02  3.443733e-01
6.900000e-02  3.397223e-01
7.200000e-02  3.353033e-01
7.500000e-02  3.310958e-01
7.800000e-02  3.270820e-01
8.100000e-02  3.232461e-01
8.400000e-02  3.195740e-01
8.700000e-02  3.160533e-01
9.000000e-02  3.126729e-01
9.300000e-02  3.094229e-01
9.600000e-02  3.062941e-01
9.900000e-02  3.032786e-01
1.020000e-01  3.003690e-01
1.050000e-01  2.975586e-01
1.080000e-01  2.948412e-01
1.110000e-01  2.922114e-01
1.140000e-01  2.896641e-01
1.170000e-01  2.871946e-01
1.200000e-01  2.847985e-01
1.230000e-01  2.824720e-01
1.260000e-01  2.802114e-01
1.290000e-01  2.780132e-01
1.320000e-01  2.758743e-01
1.350000e-01  2.737919e-01
1.380000e-01  2.717632e-01
1.410000e-01  2.697856e-01
1.440000e-01  2.678568e-01
1.470000e-01  2.659747e-01
1.500000e-01  2.641371e-01
1.530000e-01  2.623421e-01
1.560000e-01  2.605878e-01
1.590000e-01  2.588727e-01
1.620000e-01  2.571950e-01
1.650000e-01  2.555533e-01
1.680000e-01  2.539461e-01
1.710000e-01  2.523721e-01
1.740000e-01  2.508300e-01
1.770000e-01  2.493187e-01
1.800000e-01  2.478369e-01
1.830000e-01  2.463836e-01
1.860000e-01  2.449579e-01
1.890000e-01  2.435586e-01
1.920000e-01  2.421849e-01
1.950000e-01  2.408360e-01
1.980000e-01  2.395109e-01
2.010000e-01  2.382089e-01
2.040000e-01  2.369293e-01
2.070000e-01  2.356713e-01
2.100000e-01  2.344342e-01
2.130000e-01  2.332174e-01
2.160000e-01  2.320202e-01
2.190000e-01  2.308421e-01
2.220000e-01  2.296824e-01
2.250000e-01  2.285407e-01
2.280000e-01  2.274163e-01
2.310000e-01  2.263089e-01
2.340000e-01  2.252179e-01
2.370000e-01  2.241428e-01
2.400000e-01  2.230832e-01
2.430000e-01  2.220387e-01
2.460000e-01  2.210089e-01
2.490000e-01  2.199933e-01
2.520000e-01  2.189916e-01
2.550000e-01  2.180035e-01
2.580000e-01  2.170285e-01
2.610000e-01  2.160664e-01
2.640000e-01  2.151167e-01
2.670000e-01  2.141793e-01
2.700000e-01  2.132537e-01
2.730000e-01  2.123398e-01
2.760000e-01  2.114371e-01
2.790000e-01  2.105455e-01
2.820000e-01  2.096647e-01
2.850000e-01  2.087944e-01
2.880000e-01  2.079344e-01
2.910000e-01  2.070845e-01
2.940000e-01  2.062443e-01
2.970000e-01  2.054137e-01
3.000000e-01  2.045926e-01
3.030000e-01  2.037805e-01
3.060000e-01  2.029775e-01
3.090000e-01  2.021832e-01
3.120000e-01  2.013974e-01
3.150000e-01  2.006201e-01
3.180000e-01  1.998510e-01
3.210000e-01  1.990900e-01
3.240000e-01  1.983368e-01
3.270000e-01  1.975913e-01
3.300000e-01  1.968534e-01
3.330000e-01  1.961228e-01
3.360000e-01  1.953995e-01
3.390000e-01  1.946834e-01
3.420000e-01  1.939742e-01
3.450000e-01  1.932718e-01
3.480000e-01  1.925761e-01
3.510000e-01  1.918870e-01
3.540000e-01  1.912043e-01
3.570000e-01  1.905279e-01
3.600000e-01  1.898578e-01
3.630000e-01  1.891937e-01
3.660000e-01  1.885356e-01
3.690000e-01  1.878833e-01
3.720000e-01  1.872368e-01
3.750000e-01  1.865959e-01
3.780000e-01  1.859606e-01
3.810000e-01  1.853307e-01
3.840000e-01  1.847062e-01
3.870000e-01  1.840869e-01
3.900000e-01  1.834727e-01
3.930000e-01  1.828637e-01
3.960000e-01  1.822596e-01
3.990000e-01  1.816604e-01
4.020000e-01  1.810661e-01
4.050000e-01  1.804764e-01
4.080000e-01  1.798914e-01
4.110000e-01  1.793110e-01
4.140000e-01  1.787351e-01
4.170000e-01  1.781636e-01
4.200000e-01  1.775964e-01
4.230000e-01  1.770336e-01
4.260000e-01  1.764749e-01
4.290000e-01  1.759204e-01
4.320000e-01  1.753700e-01
4.350000e-01  1.748235e-01
4.380000e-01  1.742810e-01
4.410000e-01  1.737424e-01
4.440000e-01  1.732076e-01
4.470000e-01  1.726766e-01
4.500000e-01  1.721493e-01
4.530000e-01  1.716256e-01
4.560000e-01  1.711055e-01
4.590000e-01  1.705890e-01
4.620000e-01  1.700759e-01
4.650000e-01  1.695663e-01
4.680000e-01  1.690601e-01
4.710000e-01  1.685571e-01
4.740000e-01  1.680575e-01
4.770000e-01  1.675611e-01
4.800000e-01  1.670679e-01
4.830000e-01  1.665778e-01
4.860000e-01  1.660908e-01
4.890000e-01  1.656068e-01
4.920000e-01  1.651259e-01
4.950000e-01  1.646479e-01
4.980000e-01  1.641728e-01
5.010000e-01  1.637006e-01
5.040000e-01  1.632312e-01
5.070000e-01  1.627646e-01
5.100000e-01  1.623008e-01
5.130000e-01  1.618397e-01
5.160000e-01  1.613813e-01
5.190000e-01  1.609255e-01
5.220000e-01  1.604723e-01
5.250000e-01  1.600217e-01
5.280000e-01  1.595736e-01
5.310000e-01  1.591280e-01
5.340000e-01  1.586849e-01
5.370000e-01  1.582443e-01
5.400000e-01  1.578060e-01
5.430000e-01  1.573700e-01
5.460000e-01  1.569365e-01
5.490000e-01  1.565052e-01
5.520000e-01  1.560762e-01
5.550000e-01  1.556494e-01
5.580000e-01  1.552248e-01
5.610000e-01  1.548025e-01
5.640000e-01  1.543822e-01
5.670000e-01  1.539642e-01
5.700000e-01  1.535482e-01
5.730000e-01  1.531342e-01
5.760000e-01  1.527224e-01
5.790000e-01  1.523125e-01
5.820000e-01  1.519046e-01
5.850000e-01  1.514987e-01
5.880000e-01  1.510947e-01
5.910000e-01  1.506927e-01
5.940000e-01  1.502925e-01
5.970000e-01  1.498942e-01
6.000000e-01  1.494978e-01
6.030000e-01  1.491031e-01
6.060000e-01  1.487103e-01
6.090000e-01  1.483192e-01
6.120000e-01  1.479299e-01
6.150000e-01  1.475423e-01
6.180000e-01  1.471564e-01
6.210000e-01  1.467722e-01
6.240000e-01  1.463897e-01
6.270000e-01  1.460088e-01
6.300000e-01  1.456295e-01
6.330000e-01  1.452518e-01
6.360000e-01  1.448757e-01
6.390000e-01  1.445011e-01
6.420000e-01  1.441282e-01
6.450000e-01  1.437567e-01
6.480000e-01  1.433867e-01
6.510000e-01  1.430182e-01
6.540000e-01  1.426512e-01
6.570000e-01  1.422856e-01
6.600000e-01  1.419214e-01
6.630000e-01  1.415587e-01
6.660000e-01  1.411973e-01
6.690000e-01  1.408374e-01
6.720000e-01  1.404787e-01
6.750000e-01  1.401215e-01
6.780000e-01  1.397655e-01
6.810000e-01  1.394108e-01
6.840000e-01  1.390575e-01
6.870000e-01  1.387054e-01
6.900000e-01  1.383546e-01
6.930000e-01  1.380050e-01
6.960000e-01  1.376566e-01
6.990000e-01  1.373094e-01
7.020000e-01  1.369635e-01
7.050000e-01  1.366187e-01
7.080000e-01  1.362751e-01
7.110000e-01  1.359326e-01
7.140000e-01  1.355913e-01
7.170000e-01  1.352511e-01
7.200000e-01  1.349120e-01
7.230000e-01  1.345739e-01
7.260000e-01  1.342370e-01
7.290000e-01  1.339011e-01
7.320000e-01  1.335663e-01
7.350000e-01  1.332325e-01
7.380000e-01  1.328997e-01
7.410000e-01  1.325679e-01
7.440000e-01  1.322371e-01
7.470000e-01  1.319073e-01
7.500000e-01  1.315785e-01
7.530000e-01  1.312506e-01
7.560000e-01  1.309237e-01
7.590000e-01  1.305977e-01
7.620000e-01  1.302726e-01
7.650000e-01  1.299484e-01
7.680000e-01  1.296251e-01
7.710000e-01  1.293026e-01
7.740000e-01  1.289811e-01
7.770000e-01  1.286604e-01
7.800000e-01  1.283405e-01
7.830000e-01  1.280214e-01
7.860000e-01  1.277032e-01
7.890000e-01  1.273858e-01
7.920000e-01  1.270691e-01
7.950000e-01  1.267533e-01
7.980000e-01  1.264382e-01
8.010000e-01  1.261238e-01
8.040000e-01  1.258102e-01
8.070000e-01  1.254974e-01
8.100000e-01  1.251852e-01
8.130000e-01  1.248738e-01
8.160000e-01  1.245631e-01
8.190000e-01  1.242530e-01
8.220000e-01  1.239436e-01
8.250000e-01  1.236349e-01
8.280000e-01  1.233268e-01
8.310000e-01  1.230194e-01
8.340000e-01  1.227126e-01
8.370000e-01  1.224064e-01
8.400000e-01  1.221009e-01
8.430000e-01  1.217959e-01
8.460000e-01  1.214915e-01
8.490000e-01  1.211877e-01
8.520000e-01  1.208844e-01
8.550000e-01  1.205817e-01
8.580000e-01  1.202796e-01
8.610000e-01  1.199779e-01
8.640000e-01  1.196768e-01
8.670000e-01  1.193762e-01
8.700000e-01  1.190761e-01
8.730000e-01  1.187765e-01
8.760000e-01  1.184773e-01
8.790000e-01  1.181786e-01
8.820000e-01  1.178804e-01
8.850000e-01  1.175826e-01
8.880000e-01  1.172852e-01
8.910000e-01  1.169883e-01
8.940000e-01  1.166917e-01
8.970000e-01  1.163956e-01
9.000000e-01  1.160998e-01
9.030000e-01  1.158044e-01
9.060000e-01  1.155094e-01
9.090000e-01  1.152148e-01
9.120000e-01  1.149204e-01
9.150000e-01  1.146264e-01
9.180000e-01  1.143327e-01
9.210000e-01  1.140394e-01
9.240000e-01  1.137463e-01
9.270000e-01  1.134535e-01
9.300000e-01  1.131610e-01
9.330000e-01  1.128687e-01
9.360000e-01  1.125767e-01
9.390000e-01  1.122849e-01
9.420000e-01  1.119934e-01
9.450000e-01  1.117020e-01
9.480000e-01  1.114109e-01
9.510000e-01  1.111200e-01
9.540000e-01  1.108292e-01
9.570000e-01  1.105386e-01
9.600000e-01  1.102481e-01
9.630000e-01  1.099578e-01
9.660000e-01  1.096676e-01
9.690000e-01  1.093776e-01
9.720000e-01  1.090876e-01
9.750000e-01  1.087977e-01
9.780000e-01  1.085079e-01
9.810000e-01  1.082182e-01
9.840000e-01  1.079285e-01
9.870000e-01  1.076388e-01
9.900000e-01  1.073492e-01
9.930000e-01  000000
9.960000e-01  000000
9.990000e-01  000000
