000000  000001
3.000000e-03  7.275929e-01
6.000000e-03  6.354583e-01
9.000000e-03  5.807493e-01
1.200000e-02  5.424514e-01
1.500000e-02  5.133017e-01
1.800000e-02  4.899472e-01
2.100000e-02  4.705723e-01
2.400000e-02  4.540874e-01
2.700000e-02  4.397895e-01
3.000000e-02  4.272001e-01
3.300000e-02  4.159789e-01
3.600000e-02  4.058763e-01
3.900000e-02  3.967037e-01
4.200000e-02  3.883156e-01
4.500000e-02  3.805971e-01
4.800000e-02  3.734566e-01
5.100000e-02  3.668193e-01
5.400000e-02  3.606239e-01
5.700000e-02  3.548192e-01
6.000000e-02  3.493624e-01
6.300000e-02  3.442169e-01
6.600000e-02  3.393517e-01
6.900000e-02  3.347398e-01
7.200000e-02  3.303582e-01
7.500000e-02  3.261864e-01
7.800000e-02  3.222068e-01
8.100000e-02  3.184035e-01
8.400000e-02  3.147628e-01
8.700000e-02  3.112723e-01
9.000000e-02  3.079208e-01
9.300000e-02  3.046986e-01
9.600000e-02  3.015967e-01
9.900000e-02  2.986070e-01
1.020000e-01  2.957222e-01
1.050000e-01  2.929358e-01
1.080000e-01  2.902417e-01
1.110000e-01  2.876344e-01
1.140000e-01  2.851087e-01
1.170000e-01  2.826602e-01
1.200000e-01  2.802845e-01
1.230000e-01  2.779776e-01
1.260000e-01  2.757361e-01
1.290000e-01  2.735564e-01
1.320000e-01  2.714355e-01
1.350000e-01  2.693705e-01
1.380000e-01  2.673587e-01
1.410000e-01  2.653976e-01
1.440000e-01  2.634849e-01
1.470000e-01  2.616183e-01
1.500000e-01  2.597958e-01
1.530000e-01  2.580155e-01
1.560000e-01  2.562756e-01
1.590000e-01  2.545744e-01
1.620000e-01  2.529103e-01
1.650000e-01  2.512818e-01
1.680000e-01  2.496875e-01
1.710000e-01  2.481261e-01
1.740000e-01  2.465963e-01
1.770000e-01  2.450969e-01
1.800000e-01  2.436268e-01
1.830000e-01  2.421849e-01
1.860000e-01  2.407702e-01
1.890000e-01  2.393818e-01
1.920000e-01  2.380187e-01
1.950000e-01  2.366801e-01
1.980000e-01  2.353652e-01
2.010000e-01  2.340730e-01
2.040000e-01  2.328030e-01
2.070000e-01  2.315544e-01
2.100000e-01  2.303265e-01
2.130000e-01  2.291187e-01
2.160000e-01  2.279303e-01
2.190000e-01  2.267608e-01
2.220000e-01  2.256095e-01
2.250000e-01  2.244760e-01
2.280000e-01  2.233597e-01
2.310000e-01  2.222601e-01
2.340000e-01  2.211767e-01
2.370000e-01  2.201091e-01
2.400000e-01  2.190569e-01
2.430000e-01  2.180196e-01
2.460000e-01  2.169967e-01
2.490000e-01  2.159880e-01
2.520000e-01  2.149931e-01
2.550000e-01  2.140115e-01
2.580000e-01  2.130430e-01
2.610000e-01  2.120871e-01
2.640000e-01  2.111436e-01
2.670000e-01  2.102122e-01
2.700000e-01  2.092925e-01
2.730000e-01  2.083843e-01
2.760000e-01  2.074873e-01
2.790000e-01  2.066012e-01
2.820000e-01  2.057258e-01
2.850000e-01  2.048608e-01
2.880000e-01  2.040059e-01
2.910000e-01  2.031610e-01
2.940000e-01  2.023258e-01
2.970000e-01  2.015000e-01
3.000000e-01  2.006835e-01
3.030000e-01  1.998761e-01
3.060000e-01  1.990775e-01
3.090000e-01  1.982876e-01
3.120000e-01  1.975062e-01
3.150000e-01  1.967331e-01
3.180000e-01  1.959681e-01
3.210000e-01  1.952110e-01
3.240000e-01  1.944617e-01
3.270000e-01  1.937201e-01
3.300000e-01  1.929859e-01
3.330000e-01  1.922590e-01
3.360000e-01  1.915393e-01
3.390000e-01  1.908265e-01
3.420000e-01  1.901207e-01
3.450000e-01  1.894216e-01
3.480000e-01  1.887292e-01
3.510000e-01  1.880432e-01
3.540000e-01  1.873635e-01
3.570000e-01  1.866901e-01
3.600000e-01  1.860228e-01
3.630000e-01  1.853616e-01
3.660000e-01  1.847062e-01
3.690000e-01  1.840566e-01
3.720000e-01  1.834126e-01
3.750000e-01  1.827742e-01
3.780000e-01  1.821414e-01
3.810000e-01  1.815138e-01
3.840000e-01  1.808916e-01
3.870000e-01  1.802745e-01
3.900000e-01  1.796625e-01
3.930000e-01  1.790556e-01
3.960000e-01  1.784535e-01
3.990000e-01  1.778563e-01
4.020000e-01  1.772638e-01
4.050000e-01  1.766759e-01
4.080000e-01  1.760927e-01
4.110000e-01  1.755139e-01
4.140000e-01  1.749396e-01
4.170000e-01  1.743697e-01
4.200000e-01  1.738040e-01
4.230000e-01  1.732426e-01
4.260000e-01  1.726853e-01
4.290000e-01  1.721321e-01
4.320000e-01  1.715829e-01
4.350000e-01  1.710376e-01
4.380000e-01  1.704962e-01
4.410000e-01  1.699587e-01
4.440000e-01  1.694249e-01
4.470000e-01  1.688948e-01
4.500000e-01  1.683684e-01
4.530000e-01  1.678455e-01
4.560000e-01  1.673262e-01
4.590000e-01  1.668104e-01
4.620000e-01  1.662980e-01
4.650000e-01  1.657889e-01
4.680000e-01  1.652832e-01
4.710000e-01  1.647808e-01
4.740000e-01  1.642816e-01
4.770000e-01  1.637855e-01
4.800000e-01  1.632926e-01
4.830000e-01  1.628028e-01
4.860000e-01  1.623160e-01
4.890000e-01  1.618322e-01
4.920000e-01  1.613513e-01
4.950000e-01  1.608734e-01
4.980000e-01  1.603983e-01
5.010000e-01  1.599260e-01
5.040000e-01  1.594565e-01
5.070000e-01  1.589898e-01
5.100000e-01  1.585257e-01
5.130000e-01  1.580643e-01
5.160000e-01  1.576056e-01
5.190000e-01  1.571494e-01
5.220000e-01  1.566958e-01
5.250000e-01  1.562447e-01
5.280000e-01  1.557961e-01
5.310000e-01  1.553499e-01
5.340000e-01  1.549061e-01
5.370000e-01  1.544647e-01
5.400000e-01  1.540257e-01
5.430000e-01  1.535890e-01
5.460000e-01  1.531545e-01
5.490000e-01  1.527224e-01
5.520000e-01  1.522924e-01
5.550000e-01  1.518646e-01
5.580000e-01  1.514390e-01
5.610000e-01  1.510155e-01
5.640000e-01  1.505941e-01
5.670000e-01  1.501748e-01
5.700000e-01  1.497575e-01
5.730000e-01  1.493423e-01
5.760000e-01  1.489290e-01
5.790000e-01  1.485177e-01
5.820000e-01  1.481084e-01
5.850000e-01  1.477009e-01
5.880000e-01  1.472954e-01
5.910000e-01  1.468917e-01
5.940000e-01  1.464898e-01
5.970000e-01  1.460898e-01
6.000000e-01  1.456915e-01
6.030000e-01  1.452950e-01
6.060000e-01  1.449003e-01
6.090000e-01  1.445073e-01
6.120000e-01  1.441160e-01
6.150000e-01  1.437263e-01
6.180000e-01  1.433383e-01
6.210000e-01  1.429519e-01
6.240000e-01  1.425672e-01
6.270000e-01  1.421840e-01
6.300000e-01  1.418023e-01
6.330000e-01  1.414223e-01
6.360000e-01  1.410437e-01
6.390000e-01  1.406667e-01
6.420000e-01  1.402911e-01
6.450000e-01  1.399171e-01
6.480000e-01  1.395444e-01
6.510000e-01  1.391732e-01
6.540000e-01  1.388034e-01
6.570000e-01  1.384350e-01
6.600000e-01  1.380679e-01
6.630000e-01  1.377022e-01
6.660000e-01  1.373379e-01
6.690000e-01  1.369748e-01
6.720000e-01  1.366131e-01
6.750000e-01  1.362526e-01
6.780000e-01  1.358934e-01
6.810000e-01  1.355354e-01
6.840000e-01  1.351787e-01
6.870000e-01  1.348232e-01
6.900000e-01  1.344689e-01
6.930000e-01  1.341157e-01
6.960000e-01  1.337638e-01
6.990000e-01  1.334129e-01
7.020000e-01  1.330632e-01
7.050000e-01  1.327147e-01
7.080000e-01  1.323672e-01
7.110000e-01  1.320208e-01
7.140000e-01  1.316754e-01
7.170000e-01  1.313312e-01
7.200000e-01  1.309879e-01
7.230000e-01  1.306457e-01
7.260000e-01  1.303045e-01
7.290000e-01  1.299643e-01
7.320000e-01  1.296251e-01
7.350000e-01  1.292868e-01
7.380000e-01  1.289495e-01
7.410000e-01  1.286131e-01
7.440000e-01  1.282777e-01
7.470000e-01  1.279431e-01
7.500000e-01  1.276094e-01
7.530000e-01  1.272767e-01
7.560000e-01  1.269448e-01
7.590000e-01  1.266137e-01
7.620000e-01  1.262835e-01
7.650000e-01  1.259541e-01
7.680000e-01  1.256255e-01
7.710000e-01  1.252977e-01
7.740000e-01  1.249707e-01
7.770000e-01  1.246445e-01
7.800000e-01  1.243190e-01
7.830000e-01  1.239943e-01
7.860000e-01  1.236703e-01
7.890000e-01  1.233470e-01
7.920000e-01  1.230245e-01
7.950000e-01  1.227026e-01
7.980000e-01  1.223814e-01
8.010000e-01  1.220608e-01
8.040000e-01  1.217410e-01
8.070000e-01  1.214217e-01
8.100000e-01  1.211031e-01
8.130000e-01  1.207851e-01
8.160000e-01  1.204677e-01
8.190000e-01  1.201509e-01
8.220000e-01  1.198347e-01
8.250000e-01  1.195191e-01
8.280000e-01  1.192040e-01
8.310000e-01  1.188894e-01
8.340000e-01  1.185753e-01
8.370000e-01  1.182618e-01
8.400000e-01  1.179488e-01
8.430000e-01  1.176363e-01
8.460000e-01  1.173242e-01
8.490000e-01  1.170126e-01
8.520000e-01  1.167014e-01
8.550000e-01  1.163907e-01
8.580000e-01  1.160804e-01
8.610000e-01  1.157706e-01
8.640000e-01  1.154611e-01
8.670000e-01  1.151520e-01
8.700000e-01  1.148433e-01
8.730000e-01  1.145349e-01
8.760000e-01  1.142269e-01
8.790000e-01  1.139192e-01
8.820000e-01  1.136119e-01
8.850000e-01  1.133048e-01
8.880000e-01  1.129980e-01
8.910000e-01  1.126916e-01
8.940000e-01  1.123853e-01
8.970000e-01  1.120794e-01
9.000000e-01  1.117737e-01
9.030000e-01  1.114682e-01
9.060000e-01  1.111629e-01
9.090000e-01  1.108578e-01
9.120000e-01  1.105529e-01
9.150000e-01  1.102481e-01
9.180000e-01  1.099435e-01
9.210000e-01  1.096391e-01
9.240000e-01  1.093348e-01
9.270000e-01  1.090306e-01
9.300000e-01  1.087264e-01
9.330000e-01  1.084224e-01
9.360000e-01  1.081184e-01
9.390000e-01  1.078145e-01
9.420000e-01  1.075106e-01
9.450000e-01  000000
9.480000e-01  000000
9.510000e-01  000000
9.540000e-01  000000
9.570000e-01  000000
9.600000e-01  000000
9.630000e-01  000000
9.660000e-01  000000
9.690000e-01  000000
9.720000e-01  000000
9.750000e-01  000000
9.780000e-01  000000
9.810000e-01  000000
9.840000e-01  000000
9.870000e-01  000000
9.900000e-01  000000
9.930000e-01  000000
9.960000e-01  000000
9.990000e-01  000000
