000000  000001
3.000000e-03  7.987025e-01
6.000000e-03  7.129719e-01
9.000000e-03  6.590728e-01
1.200000e-02  6.202244e-01
1.500000e-02  5.901091e-01
1.800000e-02  5.656710e-01
2.100000e-02  5.452039e-01
2.400000e-02  5.276614e-01
2.700000e-02  5.123565e-01
3.000000e-02  4.988153e-01
3.300000e-02  4.866973e-01
3.600000e-02  4.757502e-01
3.900000e-02  4.657820e-01
4.200000e-02  4.566434e-01
4.500000e-02  4.482161e-01
4.800000e-02  4.404050e-01
5.100000e-02  4.331322e-01
5.400000e-02  4.263334e-01
5.700000e-02  4.199552e-01
6.000000e-02  4.139521e-01
6.300000e-02  4.082856e-01
6.600000e-02  4.029229e-01
6.900000e-02  3.978352e-01
7.200000e-02  3.929979e-01
7.500000e-02  3.883893e-01
7.800000e-02  3.839903e-01
8.100000e-02  3.797842e-01
8.400000e-02  3.757559e-01
8.700000e-02  3.718922e-01
9.000000e-02  3.681812e-01
9.300000e-02  3.646121e-01
9.600000e-02  3.611753e-01
9.900000e-02  3.578621e-01
1.020000e-01  3.546646e-01
1.050000e-01  3.515755e-01
1.080000e-01  3.485884e-01
1.110000e-01  3.456971e-01
1.140000e-01  3.428963e-01
1.170000e-01  3.401808e-01
1.200000e-01  3.375460e-01
1.230000e-01  3.349875e-01
1.260000e-01  3.325015e-01
1.290000e-01  3.300842e-01
1.320000e-01  3.277322e-01
1.350000e-01  3.254423e-01
1.380000e-01  3.232116e-01
1.410000e-01  3.210374e-01
1.440000e-01  3.189170e-01
1.470000e-01  3.168480e-01
1.500000e-01  3.148282e-01
1.530000e-01  3.128555e-01
1.560000e-01  3.109279e-01
1.590000e-01  3.090435e-01
1.620000e-01  3.072006e-01
1.650000e-01  3.053974e-01
1.680000e-01  3.036326e-01
1.710000e-01  3.019045e-01
1.740000e-01  3.002118e-01
1.770000e-01  2.985531e-01
1.800000e-01  2.969273e-01
1.830000e-01  2.953331e-01
1.860000e-01  2.937694e-01
1.890000e-01  2.922352e-01
1.920000e-01  2.907294e-01
1.950000e-01  2.892511e-01
1.980000e-01  2.877993e-01
2.010000e-01  2.863732e-01
2.040000e-01  2.849720e-01
2.070000e-01  2.835948e-01
2.100000e-01  2.822410e-01
2.130000e-01  2.809097e-01
2.160000e-01  2.796003e-01
2.190000e-01  2.783121e-01
2.220000e-01  2.770445e-01
2.250000e-01  2.757969e-01
2.280000e-01  2.745688e-01
2.310000e-01  2.733594e-01
2.340000e-01  2.721684e-01
2.370000e-01  2.709952e-01
2.400000e-01  2.698394e-01
2.430000e-01  2.687003e-01
2.460000e-01  2.675777e-01
2.490000e-01  2.664710e-01
2.520000e-01  2.653799e-01
2.550000e-01  2.643038e-01
2.580000e-01  2.632426e-01
2.610000e-01  2.621957e-01
2.640000e-01  2.611628e-01
2.670000e-01  2.601436e-01
2.700000e-01  2.591377e-01
2.730000e-01  2.581448e-01
2.760000e-01  2.571645e-01
2.790000e-01  2.561967e-01
2.820000e-01  2.552410e-01
2.850000e-01  2.542970e-01
2.880000e-01  2.533647e-01
2.910000e-01  2.524436e-01
2.940000e-01  2.515335e-01
2.970000e-01  2.506342e-01
3.000000e-01  2.497454e-01
3.030000e-01  2.488670e-01
3.060000e-01  2.479986e-01
3.090000e-01  2.471401e-01
3.120000e-01  2.462912e-01
3.150000e-01  2.454519e-01
3.180000e-01  2.446217e-01
3.210000e-01  2.438006e-01
3.240000e-01  2.429884e-01
3.270000e-01  2.421849e-01
3.300000e-01  2.413899e-01
3.330000e-01  2.406033e-01
3.360000e-01  2.398248e-01
3.390000e-01  2.390544e-01
3.420000e-01  2.382919e-01
3.450000e-01  2.375370e-01
3.480000e-01  2.367897e-01
3.510000e-01  2.360499e-01
3.540000e-01  2.353173e-01
3.570000e-01  2.345919e-01
3.600000e-01  2.338735e-01
3.630000e-01  2.331620e-01
3.660000e-01  2.324573e-01
3.690000e-01  2.317592e-01
3.720000e-01  2.310676e-01
3.750000e-01  2.303824e-01
3.780000e-01  2.297035e-01
3.810000e-01  2.290308e-01
3.840000e-01  2.283642e-01
3.870000e-01  2.277035e-01
3.900000e-01  2.270487e-01
3.930000e-01  2.263997e-01
3.960000e-01  2.257564e-01
3.990000e-01  2.251186e-01
4.020000e-01  2.244863e-01
4.050000e-01  2.238594e-01
4.080000e-01  2.232378e-01
4.110000e-01  2.226214e-01
4.140000e-01  2.220102e-01
4.170000e-01  2.214040e-01
4.200000e-01  2.208027e-01
4.230000e-01  2.202064e-01
4.260000e-01  2.196149e-01
4.290000e-01  2.190281e-01
4.320000e-01  2.184460e-01
4.350000e-01  2.178685e-01
4.380000e-01  2.172955e-01
4.410000e-01  2.167270e-01
4.440000e-01  2.161629e-01
4.470000e-01  2.156030e-01
4.500000e-01  2.150475e-01
4.530000e-01  2.144961e-01
4.560000e-01  2.139489e-01
4.590000e-01  2.134058e-01
4.620000e-01  2.128666e-01
4.650000e-01  2.123314e-01
4.680000e-01  2.118001e-01
4.710000e-01  2.112727e-01
4.740000e-01  2.107491e-01
4.770000e-01  2.102292e-01
4.800000e-01  2.097129e-01
4.830000e-01  2.092003e-01
4.860000e-01  2.086913e-01
4.890000e-01  2.081859e-01
4.920000e-01  2.076839e-01
4.950000e-01  2.071853e-01
4.980000e-01  2.066902e-01
5.010000e-01  2.061983e-01
5.040000e-01  2.057098e-01
5.070000e-01  2.052246e-01
5.100000e-01  2.047425e-01
5.130000e-01  2.042637e-01
5.160000e-01  2.037879e-01
5.190000e-01  2.033153e-01
5.220000e-01  2.028457e-01
5.250000e-01  2.023791e-01
5.280000e-01  2.019155e-01
5.310000e-01  2.014548e-01
5.340000e-01  2.009971e-01
5.370000e-01  2.005422e-01
5.400000e-01  2.000901e-01
5.430000e-01  1.996408e-01
5.460000e-01  1.991942e-01
5.490000e-01  1.987504e-01
5.520000e-01  1.983093e-01
5.550000e-01  1.978708e-01
5.580000e-01  1.974350e-01
5.610000e-01  1.970017e-01
5.640000e-01  1.965710e-01
5.670000e-01  1.961428e-01
5.700000e-01  1.957172e-01
5.730000e-01  1.952940e-01
5.760000e-01  1.948732e-01
5.790000e-01  1.944549e-01
5.820000e-01  1.940390e-01
5.850000e-01  1.936254e-01
5.880000e-01  1.932141e-01
5.910000e-01  1.928051e-01
5.940000e-01  1.923985e-01
5.970000e-01  1.919940e-01
6.000000e-01  1.915918e-01
6.030000e-01  1.911918e-01
6.060000e-01  1.907940e-01
6.090000e-01  1.903983e-01
6.120000e-01  1.900048e-01
6.150000e-01  1.896134e-01
6.180000e-01  1.892240e-01
6.210000e-01  1.888367e-01
6.240000e-01  1.884515e-01
6.270000e-01  1.880682e-01
6.300000e-01  1.876870e-01
6.330000e-01  1.873077e-01
6.360000e-01  1.869304e-01
6.390000e-01  1.865550e-01
6.420000e-01  1.861814e-01
6.450000e-01  1.858098e-01
6.480000e-01  1.854401e-01
6.510000e-01  1.850722e-01
6.540000e-01  1.847062e-01
6.570000e-01  1.843419e-01
6.600000e-01  1.839795e-01
6.630000e-01  1.836188e-01
6.660000e-01  1.832598e-01
6.690000e-01  1.829026e-01
6.720000e-01  1.825472e-01
6.750000e-01  1.821934e-01
6.780000e-01  1.818413e-01
6.810000e-01  1.814909e-01
6.840000e-01  1.811421e-01
6.870000e-01  1.807950e-01
6.900000e-01  1.804495e-01
6.930000e-01  1.801056e-01
6.960000e-01  1.797632e-01
6.990000e-01  1.794225e-01
7.020000e-01  1.790833e-01
7.050000e-01  1.787456e-01
7.080000e-01  1.784095e-01
7.110000e-01  1.780749e-01
7.140000e-01  1.777417e-01
7.170000e-01  1.774101e-01
7.200000e-01  1.770799e-01
7.230000e-01  1.767512e-01
7.260000e-01  1.764239e-01
7.290000e-01  1.760980e-01
7.320000e-01  1.757736e-01
7.350000e-01  1.754505e-01
7.380000e-01  1.751288e-01
7.410000e-01  1.748085e-01
7.440000e-01  1.744896e-01
7.470000e-01  1.741720e-01
7.500000e-01  1.738558e-01
7.530000e-01  1.735408e-01
7.560000e-01  1.732272e-01
7.590000e-01  1.729149e-01
7.620000e-01  1.726038e-01
7.650000e-01  1.722941e-01
7.680000e-01  1.719856e-01
7.710000e-01  1.716783e-01
7.740000e-01  1.713723e-01
7.770000e-01  1.710675e-01
7.800000e-01  1.707640e-01
7.830000e-01  1.704616e-01
7.860000e-01  1.701604e-01
7.890000e-01  1.698605e-01
7.920000e-01  1.695617e-01
7.950000e-01  1.692640e-01
7.980000e-01  1.689675e-01
8.010000e-01  1.686722e-01
8.040000e-01  1.683780e-01
8.070000e-01  1.680849e-01
8.100000e-01  1.677929e-01
8.130000e-01  1.675021e-01
8.160000e-01  1.672123e-01
8.190000e-01  1.669237e-01
8.220000e-01  1.666361e-01
8.250000e-01  1.663495e-01
8.280000e-01  1.660641e-01
8.310000e-01  1.657796e-01
8.340000e-01  1.654962e-01
8.370000e-01  1.652139e-01
8.400000e-01  1.649326e-01
8.430000e-01  1.646522e-01
8.460000e-01  1.643729e-01
8.490000e-01  1.640946e-01
8.520000e-01  1.638173e-01
8.550000e-01  1.635409e-01
8.580000e-01  1.632656e-01
8.610000e-01  1.629912e-01
8.640000e-01  1.627177e-01
8.670000e-01  1.624452e-01
8.700000e-01  1.621736e-01
8.730000e-01  1.619030e-01
8.760000e-01  1.616333e-01
8.790000e-01  1.613645e-01
8.820000e-01  1.610966e-01
8.850000e-01  1.608297e-01
8.880000e-01  1.605636e-01
8.910000e-01  1.602984e-01
8.940000e-01  1.600341e-01
8.970000e-01  1.597706e-01
9.000000e-01  1.595081e-01
9.030000e-01  1.592464e-01
9.060000e-01  1.589855e-01
9.090000e-01  1.587255e-01
9.120000e-01  1.584663e-01
9.150000e-01  1.582080e-01
9.180000e-01  1.579505e-01
9.210000e-01  1.576938e-01
9.240000e-01  1.574379e-01
9.270000e-01  1.571828e-01
9.300000e-01  1.569285e-01
9.330000e-01  1.566750e-01
9.360000e-01  1.564223e-01
9.390000e-01  1.561704e-01
9.420000e-01  1.559193e-01
9.450000e-01  1.556689e-01
9.480000e-01  1.554193e-01
9.510000e-01  1.551705e-01
9.540000e-01  1.549224e-01
9.570000e-01  1.546750e-01
9.600000e-01  1.544284e-01
9.630000e-01  1.541825e-01
9.660000e-01  1.539374e-01
9.690000e-01  1.536929e-01
9.720000e-01  1.534492e-01
9.750000e-01  1.532062e-01
9.780000e-01  1.529640e-01
9.810000e-01  1.527224e-01
9.840000e-01  1.524815e-01
9.870000e-01  1.522413e-01
9.900000e-01  1.520017e-01
9.930000e-01  1.517629e-01
9.960000e-01  1.515247e-01
9.990000e-01  1.512872e-01
