000000  000001
3.000000e-03  7.954848e-01
6.000000e-03  7.093204e-01
9.000000e-03  6.553145e-01
1.200000e-02  6.164515e-01
1.500000e-02  5.863555e-01
1.800000e-02  5.619504e-01
2.100000e-02  5.415220e-01
2.400000e-02  5.240198e-01
2.700000e-02  5.087553e-01
3.000000e-02  4.952536e-01
3.300000e-02  4.831737e-01
3.600000e-02  4.722632e-01
3.900000e-02  4.623301e-01
4.200000e-02  4.532250e-01
4.500000e-02  4.448297e-01
4.800000e-02  4.370491e-01
5.100000e-02  4.298054e-01
5.400000e-02  4.230346e-01
5.700000e-02  4.166830e-01
6.000000e-02  4.107055e-01
6.300000e-02  4.050636e-01
6.600000e-02  3.997244e-01
6.900000e-02  3.946594e-01
7.200000e-02  3.898439e-01
7.500000e-02  3.852562e-01
7.800000e-02  3.808774e-01
8.100000e-02  3.766907e-01
8.400000e-02  3.726812e-01
8.700000e-02  3.688356e-01
9.000000e-02  3.651421e-01
9.300000e-02  3.615900e-01
9.600000e-02  3.581696e-01
9.900000e-02  3.548723e-01
1.020000e-01  3.516902e-01
1.050000e-01  3.486161e-01
1.080000e-01  3.456435e-01
1.110000e-01  3.427663e-01
1.140000e-01  3.399792e-01
1.170000e-01  3.372770e-01
1.200000e-01  3.346551e-01
1.230000e-01  3.321093e-01
1.260000e-01  3.296355e-01
1.290000e-01  3.272302e-01
1.320000e-01  3.248898e-01
1.350000e-01  3.226113e-01
1.380000e-01  3.203917e-01
1.410000e-01  3.182283e-01
1.440000e-01  3.161184e-01
1.470000e-01  3.140597e-01
1.500000e-01  3.120500e-01
1.530000e-01  3.100871e-01
1.560000e-01  3.081691e-01
1.590000e-01  3.062941e-01
1.620000e-01  3.044604e-01
1.650000e-01  3.026663e-01
1.680000e-01  3.009102e-01
1.710000e-01  2.991907e-01
1.740000e-01  2.975064e-01
1.770000e-01  2.958561e-01
1.800000e-01  2.942383e-01
1.830000e-01  2.926521e-01
1.860000e-01  2.910961e-01
1.890000e-01  2.895695e-01
1.920000e-01  2.880712e-01
1.950000e-01  2.866002e-01
1.980000e-01  2.851557e-01
2.010000e-01  2.837366e-01
2.040000e-01  2.823423e-01
2.070000e-01  2.809720e-01
2.100000e-01  2.796248e-01
2.130000e-01  2.783000e-01
2.160000e-01  2.769971e-01
2.190000e-01  2.757152e-01
2.220000e-01  2.744539e-01
2.250000e-01  2.732124e-01
2.280000e-01  2.719902e-01
2.310000e-01  2.707868e-01
2.340000e-01  2.696016e-01
2.370000e-01  2.684341e-01
2.400000e-01  2.672838e-01
2.430000e-01  2.661503e-01
2.460000e-01  2.650331e-01
2.490000e-01  2.639318e-01
2.520000e-01  2.628459e-01
2.550000e-01  2.617750e-01
2.580000e-01  2.607188e-01
2.610000e-01  2.596769e-01
2.640000e-01  2.586490e-01
2.670000e-01  2.576346e-01
2.700000e-01  2.566335e-01
2.730000e-01  2.556453e-01
2.760000e-01  2.546697e-01
2.790000e-01  2.537064e-01
2.820000e-01  2.527552e-01
2.850000e-01  2.518156e-01
2.880000e-01  2.508876e-01
2.910000e-01  2.499708e-01
2.940000e-01  2.490650e-01
2.970000e-01  2.481698e-01
3.000000e-01  2.472852e-01
3.030000e-01  2.464108e-01
3.060000e-01  2.455464e-01
3.090000e-01  2.446918e-01
3.120000e-01  2.438469e-01
3.150000e-01  2.430113e-01
3.180000e-01  2.421849e-01
3.210000e-01  2.413676e-01
3.240000e-01  2.405590e-01
3.270000e-01  2.397591e-01
3.300000e-01  2.389677e-01
3.330000e-01  2.381846e-01
3.360000e-01  2.374096e-01
3.390000e-01  2.366426e-01
3.420000e-01  2.358834e-01
3.450000e-01  2.351319e-01
3.480000e-01  2.343879e-01
3.510000e-01  2.336513e-01
3.540000e-01  2.329219e-01
3.570000e-01  2.321996e-01
3.600000e-01  2.314844e-01
3.630000e-01  2.307759e-01
3.660000e-01  2.300742e-01
3.690000e-01  2.293791e-01
3.720000e-01  2.286905e-01
3.750000e-01  2.280082e-01
3.780000e-01  2.273322e-01
3.810000e-01  2.266623e-01
3.840000e-01  2.259985e-01
3.870000e-01  2.253406e-01
3.900000e-01  2.246885e-01
3.930000e-01  2.240422e-01
3.960000e-01  2.234015e-01
3.990000e-01  2.227663e-01
4.020000e-01  2.221366e-01
4.050000e-01  2.215123e-01
4.080000e-01  2.208932e-01
4.110000e-01  2.202793e-01
4.140000e-01  2.196705e-01
4.170000e-01  2.190667e-01
4.200000e-01  2.184679e-01
4.230000e-01  2.178740e-01
4.260000e-01  2.172848e-01
4.290000e-01  2.167003e-01
4.320000e-01  2.161205e-01
4.350000e-01  2.155452e-01
4.380000e-01  2.149744e-01
4.410000e-01  2.144081e-01
4.440000e-01  2.138461e-01
4.470000e-01  2.132884e-01
4.500000e-01  2.127350e-01
4.530000e-01  2.121857e-01
4.560000e-01  2.116405e-01
4.590000e-01  2.110994e-01
4.620000e-01  2.105623e-01
4.650000e-01  2.100291e-01
4.680000e-01  2.094997e-01
4.710000e-01  2.089742e-01
4.740000e-01  2.084525e-01
4.770000e-01  2.079344e-01
4.800000e-01  2.074201e-01
4.830000e-01  2.069093e-01
4.860000e-01  2.064021e-01
4.890000e-01  2.058984e-01
4.920000e-01  2.053982e-01
4.950000e-01  2.049013e-01
4.980000e-01  2.044079e-01
5.010000e-01  2.039178e-01
5.040000e-01  2.034309e-01
5.070000e-01  2.029473e-01
5.100000e-01  2.024669e-01
5.130000e-01  2.019897e-01
5.160000e-01  2.015155e-01
5.190000e-01  2.010444e-01
5.220000e-01  2.005764e-01
5.250000e-01  2.001113e-01
5.280000e-01  1.996492e-01
5.310000e-01  1.991900e-01
5.340000e-01  1.987337e-01
5.370000e-01  1.982802e-01
5.400000e-01  1.978296e-01
5.430000e-01  1.973817e-01
5.460000e-01  1.969365e-01
5.490000e-01  1.964941e-01
5.520000e-01  1.960543e-01
5.550000e-01  1.956171e-01
5.580000e-01  1.951826e-01
5.610000e-01  1.947507e-01
5.640000e-01  1.943212e-01
5.670000e-01  1.938943e-01
5.700000e-01  1.934699e-01
5.730000e-01  1.930479e-01
5.760000e-01  1.926284e-01
5.790000e-01  1.922112e-01
5.820000e-01  1.917964e-01
5.850000e-01  1.913840e-01
5.880000e-01  1.909739e-01
5.910000e-01  1.905661e-01
5.940000e-01  1.901605e-01
5.970000e-01  1.897572e-01
6.000000e-01  1.893560e-01
6.030000e-01  1.889571e-01
6.060000e-01  1.885603e-01
6.090000e-01  1.881656e-01
6.120000e-01  1.877731e-01
6.150000e-01  1.873827e-01
6.180000e-01  1.869943e-01
6.210000e-01  1.866079e-01
6.240000e-01  1.862236e-01
6.270000e-01  1.858413e-01
6.300000e-01  1.854610e-01
6.330000e-01  1.850826e-01
6.360000e-01  1.847062e-01
6.390000e-01  1.843316e-01
6.420000e-01  1.839590e-01
6.450000e-01  1.835882e-01
6.480000e-01  1.832193e-01
6.510000e-01  1.828522e-01
6.540000e-01  1.824870e-01
6.570000e-01  1.821235e-01
6.600000e-01  1.817618e-01
6.630000e-01  1.814019e-01
6.660000e-01  1.810437e-01
6.690000e-01  1.806873e-01
6.720000e-01  1.803325e-01
6.750000e-01  1.799794e-01
6.780000e-01  1.796280e-01
6.810000e-01  1.792783e-01
6.840000e-01  1.789302e-01
6.870000e-01  1.785837e-01
6.900000e-01  1.782388e-01
6.930000e-01  1.778955e-01
6.960000e-01  1.775538e-01
6.990000e-01  1.772137e-01
7.020000e-01  1.768750e-01
7.050000e-01  1.765380e-01
7.080000e-01  1.762024e-01
7.110000e-01  1.758683e-01
7.140000e-01  1.755357e-01
7.170000e-01  1.752046e-01
7.200000e-01  1.748749e-01
7.230000e-01  1.745467e-01
7.260000e-01  1.742199e-01
7.290000e-01  1.738945e-01
7.320000e-01  1.735705e-01
7.350000e-01  1.732479e-01
7.380000e-01  1.729266e-01
7.410000e-01  1.726067e-01
7.440000e-01  1.722882e-01
7.470000e-01  1.719710e-01
7.500000e-01  1.716552e-01
7.530000e-01  1.713406e-01
7.560000e-01  1.710274e-01
7.590000e-01  1.707154e-01
7.620000e-01  1.704047e-01
7.650000e-01  1.700952e-01
7.680000e-01  1.697871e-01
7.710000e-01  1.694801e-01
7.740000e-01  1.691744e-01
7.770000e-01  1.688699e-01
7.800000e-01  1.685666e-01
7.830000e-01  1.682645e-01
7.860000e-01  1.679636e-01
7.890000e-01  1.676639e-01
7.920000e-01  1.673653e-01
7.950000e-01  1.670679e-01
7.980000e-01  1.667716e-01
8.010000e-01  1.664764e-01
8.040000e-01  1.661824e-01
8.070000e-01  1.658895e-01
8.100000e-01  1.655977e-01
8.130000e-01  1.653070e-01
8.160000e-01  1.650174e-01
8.190000e-01  1.647288e-01
8.220000e-01  1.644413e-01
8.250000e-01  1.641549e-01
8.280000e-01  1.638695e-01
8.310000e-01  1.635852e-01
8.340000e-01  1.633019e-01
8.370000e-01  1.630196e-01
8.400000e-01  1.627383e-01
8.430000e-01  1.624580e-01
8.460000e-01  1.621788e-01
8.490000e-01  1.619004e-01
8.520000e-01  1.616231e-01
8.550000e-01  1.613468e-01
8.580000e-01  1.610714e-01
8.610000e-01  1.607970e-01
8.640000e-01  1.605235e-01
8.670000e-01  1.602509e-01
8.700000e-01  1.599793e-01
8.730000e-01  1.597086e-01
8.760000e-01  1.594389e-01
8.790000e-01  1.591700e-01
8.820000e-01  1.589020e-01
8.850000e-01  1.586349e-01
8.880000e-01  1.583687e-01
8.910000e-01  1.581034e-01
8.940000e-01  1.578390e-01
8.970000e-01  1.575754e-01
9.000000e-01  1.573126e-01
9.030000e-01  1.570508e-01
9.060000e-01  1.567897e-01
9.090000e-01  1.565295e-01
9.120000e-01  1.562702e-01
9.150000e-01  1.560116e-01
9.180000e-01  1.557539e-01
9.210000e-01  1.554969e-01
9.240000e-01  1.552408e-01
9.270000e-01  1.549855e-01
9.300000e-01  1.547310e-01
9.330000e-01  1.544772e-01
9.360000e-01  1.542242e-01
9.390000e-01  1.539720e-01
9.420000e-01  1.537206e-01
9.450000e-01  1.534699e-01
9.480000e-01  1.532200e-01
9.510000e-01  1.529708e-01
9.540000e-01  1.527224e-01
9.570000e-01  1.524747e-01
9.600000e-01  1.522277e-01
9.630000e-01  1.519814e-01
9.660000e-01  1.517359e-01
9.690000e-01  1.514911e-01
9.720000e-01  1.512470e-01
9.750000e-01  1.510035e-01
9.780000e-01  1.507608e-01
9.810000e-01  1.505188e-01
9.840000e-01  1.502775e-01
9.870000e-01  1.500368e-01
9.900000e-01  1.497968e-01
9.930000e-01  1.495575e-01
9.960000e-01  1.493188e-01
9.990000e-01  1.490808e-01
