000000  000001
3.000000e-03  8.490973e-01
6.000000e-03  7.724180e-01
9.000000e-03  7.213886e-01
1.200000e-02  6.834606e-01
1.500000e-02  6.534674e-01
1.800000e-02  6.287799e-01
2.100000e-02  6.078798e-01
2.400000e-02  5.898123e-01
2.700000e-02  5.739392e-01
3.000000e-02  5.598130e-01
3.300000e-02  5.471086e-01
3.600000e-02  5.355824e-01
3.900000e-02  5.250473e-01
4.200000e-02  5.153567e-01
4.500000e-02  5.063938e-01
4.800000e-02  4.980639e-01
5.100000e-02  4.902893e-01
5.400000e-02  4.830054e-01
5.700000e-02  4.761581e-01
6.000000e-02  4.697016e-01
6.300000e-02  4.635966e-01
6.600000e-02  4.578096e-01
6.900000e-02  4.523113e-01
7.200000e-02  4.470763e-01
7.500000e-02  4.420823e-01
7.800000e-02  4.373096e-01
8.100000e-02  4.327409e-01
8.400000e-02  4.283607e-01
8.700000e-02  4.241551e-01
9.000000e-02  4.201118e-01
9.300000e-02  4.162196e-01
9.600000e-02  4.124684e-01
9.900000e-02  4.088490e-01
1.020000e-01  4.053533e-01
1.050000e-01  4.019736e-01
1.080000e-01  3.987030e-01
1.110000e-01  3.955353e-01
1.140000e-01  3.924646e-01
1.170000e-01  3.894856e-01
1.200000e-01  3.865933e-01
1.230000e-01  3.837832e-01
1.260000e-01  3.810511e-01
1.290000e-01  3.783931e-01
1.320000e-01  3.758056e-01
1.350000e-01  3.732852e-01
1.380000e-01  3.708288e-01
1.410000e-01  3.684334e-01
1.440000e-01  3.660962e-01
1.470000e-01  3.638148e-01
1.500000e-01  3.615866e-01
1.530000e-01  3.594096e-01
1.560000e-01  3.572814e-01
1.590000e-01  3.552001e-01
1.620000e-01  3.531640e-01
1.650000e-01  3.511711e-01
1.680000e-01  3.492197e-01
1.710000e-01  3.473084e-01
1.740000e-01  3.454357e-01
1.770000e-01  3.436000e-01
1.800000e-01  3.418001e-01
1.830000e-01  3.400348e-01
1.860000e-01  3.383026e-01
1.890000e-01  3.366027e-01
1.920000e-01  3.349338e-01
1.950000e-01  3.332949e-01
1.980000e-01  3.316850e-01
2.010000e-01  3.301032e-01
2.040000e-01  3.285486e-01
2.070000e-01  3.270203e-01
2.100000e-01  3.255176e-01
2.130000e-01  3.240396e-01
2.160000e-01  3.225855e-01
2.190000e-01  3.211547e-01
2.220000e-01  3.197465e-01
2.250000e-01  3.183602e-01
2.280000e-01  3.169952e-01
2.310000e-01  3.156509e-01
2.340000e-01  3.143267e-01
2.370000e-01  3.130221e-01
2.400000e-01  3.117365e-01
2.430000e-01  3.104694e-01
2.460000e-01  3.092203e-01
2.490000e-01  3.079888e-01
2.520000e-01  3.067744e-01
2.550000e-01  3.055766e-01
2.580000e-01  3.043950e-01
2.610000e-01  3.032293e-01
2.640000e-01  3.020790e-01
2.670000e-01  3.009437e-01
2.700000e-01  2.998232e-01
2.730000e-01  2.987169e-01
2.760000e-01  2.976246e-01
2.790000e-01  2.965460e-01
2.820000e-01  2.954808e-01
2.850000e-01  2.944286e-01
2.880000e-01  2.933891e-01
2.910000e-01  2.923620e-01
2.940000e-01  2.913472e-01
2.970000e-01  2.903442e-01
3.000000e-01  2.893529e-01
3.030000e-01  2.883729e-01
3.060000e-01  2.874041e-01
3.090000e-01  2.864462e-01
3.120000e-01  2.854990e-01
3.150000e-01  2.845623e-01
3.180000e-01  2.836357e-01
3.210000e-01  2.827192e-01
3.240000e-01  2.818126e-01
3.270000e-01  2.809155e-01
3.300000e-01  2.800279e-01
3.330000e-01  2.791495e-01
3.360000e-01  2.782802e-01
3.390000e-01  2.774198e-01
3.420000e-01  2.765681e-01
3.450000e-01  2.757250e-01
3.480000e-01  2.748902e-01
3.510000e-01  2.740637e-01
3.540000e-01  2.732452e-01
3.570000e-01  2.724347e-01
3.600000e-01  2.716320e-01
3.630000e-01  2.708369e-01
3.660000e-01  2.700493e-01
3.690000e-01  2.692691e-01
3.720000e-01  2.684961e-01
3.750000e-01  2.677302e-01
3.780000e-01  2.669714e-01
3.810000e-01  2.662193e-01
3.840000e-01  2.654741e-01
3.870000e-01  2.647354e-01
3.900000e-01  2.640033e-01
3.930000e-01  2.632776e-01
3.960000e-01  2.625582e-01
3.990000e-01  2.618450e-01
4.020000e-01  2.611379e-01
4.050000e-01  2.604368e-01
4.080000e-01  2.597416e-01
4.110000e-01  2.590522e-01
4.140000e-01  2.583685e-01
4.170000e-01  2.576904e-01
4.200000e-01  2.570179e-01
4.230000e-01  2.563508e-01
4.260000e-01  2.556890e-01
4.290000e-01  2.550326e-01
4.320000e-01  2.543813e-01
4.350000e-01  2.537352e-01
4.380000e-01  2.530941e-01
4.410000e-01  2.524580e-01
4.440000e-01  2.518267e-01
4.470000e-01  2.512003e-01
4.500000e-01  2.505786e-01
4.530000e-01  2.499616e-01
4.560000e-01  2.493493e-01
4.590000e-01  2.487414e-01
4.620000e-01  2.481381e-01
4.650000e-01  2.475391e-01
4.680000e-01  2.469445e-01
4.710000e-01  2.463542e-01
4.740000e-01  2.457681e-01
4.770000e-01  2.451862e-01
4.800000e-01  2.446084e-01
4.830000e-01  2.440347e-01
4.860000e-01  2.434649e-01
4.890000e-01  2.428991e-01
4.920000e-01  2.423372e-01
4.950000e-01  2.417791e-01
4.980000e-01  2.412249e-01
5.010000e-01  2.406743e-01
5.040000e-01  2.401275e-01
5.070000e-01  2.395843e-01
5.100000e-01  2.390447e-01
5.130000e-01  2.385086e-01
5.160000e-01  2.379761e-01
5.190000e-01  2.374469e-01
5.220000e-01  2.369212e-01
5.250000e-01  2.363989e-01
5.280000e-01  2.358799e-01
5.310000e-01  2.353642e-01
5.340000e-01  2.348517e-01
5.370000e-01  2.343425e-01
5.400000e-01  2.338364e-01
5.430000e-01  2.333334e-01
5.460000e-01  2.328335e-01
5.490000e-01  2.323366e-01
5.520000e-01  2.318428e-01
5.550000e-01  2.313519e-01
5.580000e-01  2.308640e-01
5.610000e-01  2.303790e-01
5.640000e-01  2.298968e-01
5.670000e-01  2.294175e-01
5.700000e-01  2.289410e-01
5.730000e-01  2.284673e-01
5.760000e-01  2.279962e-01
5.790000e-01  2.275280e-01
5.820000e-01  2.270623e-01
5.850000e-01  2.265994e-01
5.880000e-01  2.261390e-01
5.910000e-01  2.256812e-01
5.940000e-01  2.252260e-01
5.970000e-01  2.247733e-01
6.000000e-01  2.243231e-01
6.030000e-01  2.238754e-01
6.060000e-01  2.234301e-01
6.090000e-01  2.229872e-01
6.120000e-01  2.225468e-01
6.150000e-01  2.221086e-01
6.180000e-01  2.216729e-01
6.210000e-01  2.212394e-01
6.240000e-01  2.208082e-01
6.270000e-01  2.203793e-01
6.300000e-01  2.199526e-01
6.330000e-01  2.195282e-01
6.360000e-01  2.191059e-01
6.390000e-01  2.186858e-01
6.420000e-01  2.182679e-01
6.450000e-01  2.178520e-01
6.480000e-01  2.174383e-01
6.510000e-01  2.170266e-01
6.540000e-01  2.166170e-01
6.570000e-01  2.162095e-01
6.600000e-01  2.158039e-01
6.630000e-01  2.154004e-01
6.660000e-01  2.149988e-01
6.690000e-01  2.145992e-01
6.720000e-01  2.142015e-01
6.750000e-01  2.138058e-01
6.780000e-01  2.134119e-01
6.810000e-01  2.130199e-01
6.840000e-01  2.126298e-01
6.870000e-01  2.122415e-01
6.900000e-01  2.118551e-01
6.930000e-01  2.114704e-01
6.960000e-01  2.110875e-01
6.990000e-01  2.107064e-01
7.020000e-01  2.103271e-01
7.050000e-01  2.099495e-01
7.080000e-01  2.095736e-01
7.110000e-01  2.091994e-01
7.140000e-01  2.088269e-01
7.170000e-01  2.084561e-01
7.200000e-01  2.080869e-01
7.230000e-01  2.077194e-01
7.260000e-01  2.073535e-01
7.290000e-01  2.069892e-01
7.320000e-01  2.066264e-01
7.350000e-01  2.062653e-01
7.380000e-01  2.059058e-01
7.410000e-01  2.055478e-01
7.440000e-01  2.051913e-01
7.470000e-01  2.048363e-01
7.500000e-01  2.044829e-01
7.530000e-01  2.041309e-01
7.560000e-01  2.037804e-01
7.590000e-01  2.034314e-01
7.620000e-01  2.030839e-01
7.650000e-01  2.027378e-01
7.680000e-01  2.023931e-01
7.710000e-01  2.020498e-01
7.740000e-01  2.017080e-01
7.770000e-01  2.013675e-01
7.800000e-01  2.010284e-01
7.830000e-01  2.006907e-01
7.860000e-01  2.003543e-01
7.890000e-01  2.000193e-01
7.920000e-01  1.996856e-01
7.950000e-01  1.993532e-01
7.980000e-01  1.990222e-01
8.010000e-01  1.986924e-01
8.040000e-01  1.983639e-01
8.070000e-01  1.980367e-01
8.100000e-01  1.977107e-01
8.130000e-01  1.973860e-01
8.160000e-01  1.970626e-01
8.190000e-01  1.967404e-01
8.220000e-01  1.964194e-01
8.250000e-01  1.960996e-01
8.280000e-01  1.957810e-01
8.310000e-01  1.954636e-01
8.340000e-01  1.951474e-01
8.370000e-01  1.948324e-01
8.400000e-01  1.945185e-01
8.430000e-01  1.942058e-01
8.460000e-01  1.938942e-01
8.490000e-01  1.935837e-01
8.520000e-01  1.932744e-01
8.550000e-01  1.929662e-01
8.580000e-01  1.926591e-01
8.610000e-01  1.923531e-01
8.640000e-01  1.920482e-01
8.670000e-01  1.917443e-01
8.700000e-01  1.914415e-01
8.730000e-01  1.911398e-01
8.760000e-01  1.908392e-01
8.790000e-01  1.905396e-01
8.820000e-01  1.902410e-01
8.850000e-01  1.899435e-01
8.880000e-01  1.896469e-01
8.910000e-01  1.893514e-01
8.940000e-01  1.890569e-01
8.970000e-01  1.887634e-01
9.000000e-01  1.884709e-01
9.030000e-01  1.881793e-01
9.060000e-01  1.878888e-01
9.090000e-01  1.875992e-01
9.120000e-01  1.873105e-01
9.150000e-01  1.870228e-01
9.180000e-01  1.867361e-01
9.210000e-01  1.864503e-01
9.240000e-01  1.861654e-01
9.270000e-01  1.858814e-01
9.300000e-01  1.855984e-01
9.330000e-01  1.853163e-01
9.360000e-01  1.850350e-01
9.390000e-01  1.847547e-01
9.420000e-01  1.844752e-01
9.450000e-01  1.841966e-01
9.480000e-01  1.839190e-01
9.510000e-01  1.836421e-01
9.540000e-01  1.833662e-01
9.570000e-01  1.830910e-01
9.600000e-01  1.828168e-01
9.630000e-01  1.825433e-01
9.660000e-01  1.822708e-01
9.690000e-01  1.819990e-01
9.720000e-01  1.817281e-01
9.750000e-01  1.814579e-01
9.780000e-01  1.811886e-01
9.810000e-01  1.809201e-01
9.840000e-01  1.806524e-01
9.870000e-01  1.803855e-01
9.900000e-01  1.801194e-01
9.930000e-01  1.798541e-01
9.960000e-01  1.795895e-01
9.990000e-01  1.793257e-01
