000000  000001
3.000000e-03  8.186659e-01
6.000000e-03  7.359220e-01
9.000000e-03  6.827944e-01
1.200000e-02  6.440643e-01
1.500000e-02  6.138166e-01
1.800000e-02  5.891388e-01
2.100000e-02  5.683853e-01
2.400000e-02  5.505379e-01
2.700000e-02  5.349239e-01
3.000000e-02  5.210768e-01
3.300000e-02  5.086598e-01
3.600000e-02  4.974224e-01
3.900000e-02  4.871736e-01
4.200000e-02  4.777642e-01
4.500000e-02  4.690758e-01
4.800000e-02  4.610130e-01
5.100000e-02  4.534975e-01
5.400000e-02  4.464647e-01
5.700000e-02  4.398605e-01
6.000000e-02  4.336391e-01
6.300000e-02  4.277617e-01
6.600000e-02  4.221948e-01
6.900000e-02  4.169095e-01
7.200000e-02  4.118806e-01
7.500000e-02  4.070862e-01
7.800000e-02  4.025068e-01
8.100000e-02  3.981254e-01
8.400000e-02  3.939268e-01
8.700000e-02  3.898973e-01
9.000000e-02  3.860248e-01
9.300000e-02  3.822984e-01
9.600000e-02  3.787083e-01
9.900000e-02  3.752455e-01
1.020000e-01  3.719019e-01
1.050000e-01  3.686702e-01
1.080000e-01  3.655437e-01
1.110000e-01  3.625161e-01
1.140000e-01  3.595819e-01
1.170000e-01  3.567358e-01
1.200000e-01  3.539732e-01
1.230000e-01  3.512894e-01
1.260000e-01  3.486806e-01
1.290000e-01  3.461429e-01
1.320000e-01  3.436728e-01
1.350000e-01  3.412670e-01
1.380000e-01  3.389224e-01
1.410000e-01  3.366364e-01
1.440000e-01  3.344061e-01
1.470000e-01  3.322292e-01
1.500000e-01  3.301032e-01
1.530000e-01  3.280261e-01
1.560000e-01  3.259957e-01
1.590000e-01  3.240102e-01
1.620000e-01  3.220678e-01
1.650000e-01  3.201666e-01
1.680000e-01  3.183052e-01
1.710000e-01  3.164820e-01
1.740000e-01  3.146955e-01
1.770000e-01  3.129444e-01
1.800000e-01  3.112275e-01
1.830000e-01  3.095434e-01
1.860000e-01  3.078910e-01
1.890000e-01  3.062693e-01
1.920000e-01  3.046772e-01
1.950000e-01  3.031136e-01
1.980000e-01  3.015776e-01
2.010000e-01  3.000684e-01
2.040000e-01  2.985851e-01
2.070000e-01  2.971268e-01
2.100000e-01  2.956928e-01
2.130000e-01  2.942823e-01
2.160000e-01  2.928945e-01
2.190000e-01  2.915289e-01
2.220000e-01  2.901848e-01
2.250000e-01  2.888615e-01
2.280000e-01  2.875584e-01
2.310000e-01  2.862750e-01
2.340000e-01  2.850106e-01
2.370000e-01  2.837648e-01
2.400000e-01  2.825371e-01
2.430000e-01  2.813270e-01
2.460000e-01  2.801339e-01
2.490000e-01  2.789575e-01
2.520000e-01  2.777973e-01
2.550000e-01  2.766529e-01
2.580000e-01  2.755239e-01
2.610000e-01  2.744098e-01
2.640000e-01  2.733104e-01
2.670000e-01  2.722253e-01
2.700000e-01  2.711540e-01
2.730000e-01  2.700963e-01
2.760000e-01  2.690519e-01
2.790000e-01  2.680204e-01
2.820000e-01  2.670016e-01
2.850000e-01  2.659950e-01
2.880000e-01  2.650006e-01
2.910000e-01  2.640179e-01
2.940000e-01  2.630467e-01
2.970000e-01  2.620868e-01
3.000000e-01  2.611379e-01
3.030000e-01  2.601997e-01
3.060000e-01  2.592722e-01
3.090000e-01  2.583549e-01
3.120000e-01  2.574477e-01
3.150000e-01  2.565503e-01
3.180000e-01  2.556627e-01
3.210000e-01  2.547845e-01
3.240000e-01  2.539156e-01
3.270000e-01  2.530558e-01
3.300000e-01  2.522049e-01
3.330000e-01  2.513627e-01
3.360000e-01  2.505291e-01
3.390000e-01  2.497039e-01
3.420000e-01  2.488869e-01
3.450000e-01  2.480780e-01
3.480000e-01  2.472769e-01
3.510000e-01  2.464837e-01
3.540000e-01  2.456980e-01
3.570000e-01  2.449199e-01
3.600000e-01  2.441491e-01
3.630000e-01  2.433855e-01
3.660000e-01  2.426289e-01
3.690000e-01  2.418793e-01
3.720000e-01  2.411365e-01
3.750000e-01  2.404004e-01
3.780000e-01  2.396710e-01
3.810000e-01  2.389479e-01
3.840000e-01  2.382313e-01
3.870000e-01  2.375208e-01
3.900000e-01  2.368165e-01
3.930000e-01  2.361182e-01
3.960000e-01  2.354259e-01
3.990000e-01  2.347394e-01
4.020000e-01  2.340587e-01
4.050000e-01  2.333835e-01
4.080000e-01  2.327139e-01
4.110000e-01  2.320498e-01
4.140000e-01  2.313911e-01
4.170000e-01  2.307376e-01
4.200000e-01  2.300893e-01
4.230000e-01  2.294462e-01
4.260000e-01  2.288081e-01
4.290000e-01  2.281749e-01
4.320000e-01  2.275466e-01
4.350000e-01  2.269232e-01
4.380000e-01  2.263044e-01
4.410000e-01  2.256903e-01
4.440000e-01  2.250809e-01
4.470000e-01  2.244759e-01
4.500000e-01  2.238754e-01
4.530000e-01  2.232792e-01
4.560000e-01  2.226874e-01
4.590000e-01  2.220999e-01
4.620000e-01  2.215165e-01
4.650000e-01  2.209373e-01
4.680000e-01  2.203622e-01
4.710000e-01  2.197911e-01
4.740000e-01  2.192239e-01
4.770000e-01  2.186607e-01
4.800000e-01  2.181013e-01
4.830000e-01  2.175457e-01
4.860000e-01  2.169938e-01
4.890000e-01  2.164456e-01
4.920000e-01  2.159011e-01
4.950000e-01  2.153602e-01
4.980000e-01  2.148228e-01
5.010000e-01  2.142889e-01
5.040000e-01  2.137584e-01
5.070000e-01  2.132314e-01
5.100000e-01  2.127077e-01
5.130000e-01  2.121873e-01
5.160000e-01  2.116702e-01
5.190000e-01  2.111563e-01
5.220000e-01  2.106456e-01
5.250000e-01  2.101381e-01
5.280000e-01  2.096336e-01
5.310000e-01  2.091322e-01
5.340000e-01  2.086339e-01
5.370000e-01  2.081385e-01
5.400000e-01  2.076461e-01
5.430000e-01  2.071565e-01
5.460000e-01  2.066699e-01
5.490000e-01  2.061861e-01
5.520000e-01  2.057051e-01
5.550000e-01  2.052268e-01
5.580000e-01  2.047514e-01
5.610000e-01  2.042786e-01
5.640000e-01  2.038084e-01
5.670000e-01  2.033409e-01
5.700000e-01  2.028761e-01
5.730000e-01  2.024137e-01
5.760000e-01  2.019540e-01
5.790000e-01  2.014967e-01
5.820000e-01  2.010420e-01
5.850000e-01  2.005896e-01
5.880000e-01  2.001398e-01
5.910000e-01  1.996923e-01
5.940000e-01  1.992472e-01
5.970000e-01  1.988044e-01
6.000000e-01  1.983639e-01
6.030000e-01  1.979257e-01
6.060000e-01  1.974898e-01
6.090000e-01  1.970561e-01
6.120000e-01  1.966247e-01
6.150000e-01  1.961954e-01
6.180000e-01  1.957683e-01
6.210000e-01  1.953433e-01
6.240000e-01  1.949205e-01
6.270000e-01  1.944997e-01
6.300000e-01  1.940810e-01
6.330000e-01  1.936643e-01
6.360000e-01  1.932497e-01
6.390000e-01  1.928371e-01
6.420000e-01  1.924264e-01
6.450000e-01  1.920177e-01
6.480000e-01  1.916110e-01
6.510000e-01  1.912061e-01
6.540000e-01  1.908032e-01
6.570000e-01  1.904021e-01
6.600000e-01  1.900029e-01
6.630000e-01  1.896055e-01
6.660000e-01  1.892099e-01
6.690000e-01  1.888162e-01
6.720000e-01  1.884242e-01
6.750000e-01  1.880339e-01
6.780000e-01  1.876454e-01
6.810000e-01  1.872587e-01
6.840000e-01  1.868736e-01
6.870000e-01  1.864902e-01
6.900000e-01  1.861085e-01
6.930000e-01  1.857285e-01
6.960000e-01  1.853501e-01
6.990000e-01  1.849733e-01
7.020000e-01  1.845981e-01
7.050000e-01  1.842245e-01
7.080000e-01  1.838524e-01
7.110000e-01  1.834820e-01
7.140000e-01  1.831130e-01
7.170000e-01  1.827456e-01
7.200000e-01  1.823797e-01
7.230000e-01  1.820153e-01
7.260000e-01  1.816523e-01
7.290000e-01  1.812909e-01
7.320000e-01  1.809309e-01
7.350000e-01  1.805723e-01
7.380000e-01  1.802151e-01
7.410000e-01  1.798594e-01
7.440000e-01  1.795050e-01
7.470000e-01  1.791520e-01
7.500000e-01  1.788004e-01
7.530000e-01  1.784501e-01
7.560000e-01  1.781012e-01
7.590000e-01  1.777536e-01
7.620000e-01  1.774074e-01
7.650000e-01  1.770624e-01
7.680000e-01  1.767187e-01
7.710000e-01  1.763763e-01
7.740000e-01  1.760352e-01
7.770000e-01  1.756953e-01
7.800000e-01  1.753566e-01
7.830000e-01  1.750192e-01
7.860000e-01  1.746830e-01
7.890000e-01  1.743480e-01
7.920000e-01  1.740142e-01
7.950000e-01  1.736816e-01
7.980000e-01  1.733502e-01
8.010000e-01  1.730199e-01
8.040000e-01  1.726908e-01
8.070000e-01  1.723628e-01
8.100000e-01  1.720360e-01
8.130000e-01  1.717102e-01
8.160000e-01  1.713856e-01
8.190000e-01  1.710621e-01
8.220000e-01  1.707396e-01
8.250000e-01  1.704183e-01
8.280000e-01  1.700980e-01
8.310000e-01  1.697788e-01
8.340000e-01  1.694606e-01
8.370000e-01  1.691434e-01
8.400000e-01  1.688273e-01
8.430000e-01  1.685122e-01
8.460000e-01  1.681981e-01
8.490000e-01  1.678850e-01
8.520000e-01  1.675730e-01
8.550000e-01  1.672619e-01
8.580000e-01  1.669517e-01
8.610000e-01  1.666426e-01
8.640000e-01  1.663343e-01
8.670000e-01  1.660271e-01
8.700000e-01  1.657208e-01
8.730000e-01  1.654154e-01
8.760000e-01  1.651109e-01
8.790000e-01  1.648073e-01
8.820000e-01  1.645047e-01
8.850000e-01  1.642029e-01
8.880000e-01  1.639021e-01
8.910000e-01  1.636021e-01
8.940000e-01  1.633030e-01
8.970000e-01  1.630047e-01
9.000000e-01  1.627074e-01
9.030000e-01  1.624108e-01
9.060000e-01  1.621151e-01
9.090000e-01  1.618203e-01
9.120000e-01  1.615263e-01
9.150000e-01  1.612330e-01
9.180000e-01  1.609407e-01
9.210000e-01  1.606491e-01
9.240000e-01  1.603583e-01
9.270000e-01  1.600683e-01
9.300000e-01  1.597790e-01
9.330000e-01  1.594906e-01
9.360000e-01  1.592029e-01
9.390000e-01  1.589160e-01
9.420000e-01  1.586298e-01
9.450000e-01  1.583444e-01
9.480000e-01  1.580597e-01
9.510000e-01  1.577758e-01
9.540000e-01  1.574926e-01
9.570000e-01  1.572101e-01
9.600000e-01  1.569283e-01
9.630000e-01  1.566473e-01
9.660000e-01  1.563669e-01
9.690000e-01  1.560872e-01
9.720000e-01  1.558082e-01
9.750000e-01  1.555299e-01
9.780000e-01  1.552523e-01
9.810000e-01  1.549754e-01
9.840000e-01  1.546991e-01
9.870000e-01  1.544234e-01
9.900000e-01  1.541485e-01
9.930000e-01  1.538741e-01
9.960000e-01  1.536004e-01
9.990000e-01  1.533274e-01
