000000  000001
3.000000e-03  7.568001e-01
6.000000e-03  6.664116e-01
9.000000e-03  6.115383e-01
1.200000e-02  5.726796e-01
1.500000e-02  5.428817e-01
1.800000e-02  5.188793e-01
2.100000e-02  4.988845e-01
2.400000e-02  4.818155e-01
2.700000e-02  4.669700e-01
3.000000e-02  4.538675e-01
3.300000e-02  4.421650e-01
3.600000e-02  4.316100e-01
3.900000e-02  4.220112e-01
4.200000e-02  4.132204e-01
4.500000e-02  4.051206e-01
4.800000e-02  3.976180e-01
5.100000e-02  3.906363e-01
5.400000e-02  3.841124e-01
5.700000e-02  3.779940e-01
6.000000e-02  3.722367e-01
6.300000e-02  3.668032e-01
6.600000e-02  3.616613e-01
6.900000e-02  3.567834e-01
7.200000e-02  3.521453e-01
7.500000e-02  3.477262e-01
7.800000e-02  3.435077e-01
8.100000e-02  3.394734e-01
8.400000e-02  3.356090e-01
8.700000e-02  3.319016e-01
9.000000e-02  3.283399e-01
9.300000e-02  3.249134e-01
9.600000e-02  3.216130e-01
9.900000e-02  3.184302e-01
1.020000e-01  3.153574e-01
1.050000e-01  3.123878e-01
1.080000e-01  3.095151e-01
1.110000e-01  3.067335e-01
1.140000e-01  3.040377e-01
1.170000e-01  3.014230e-01
1.200000e-01  2.988847e-01
1.230000e-01  2.964190e-01
1.260000e-01  2.940218e-01
1.290000e-01  2.916898e-01
1.320000e-01  2.894197e-01
1.350000e-01  2.872084e-01
1.380000e-01  2.850532e-01
1.410000e-01  2.829513e-01
1.440000e-01  2.809004e-01
1.470000e-01  2.788981e-01
1.500000e-01  2.769424e-01
1.530000e-01  2.750311e-01
1.560000e-01  2.731625e-01
1.590000e-01  2.713346e-01
1.620000e-01  2.695460e-01
1.650000e-01  2.677949e-01
1.680000e-01  2.660799e-01
1.710000e-01  2.643996e-01
1.740000e-01  2.627527e-01
1.770000e-01  2.611379e-01
1.800000e-01  2.595541e-01
1.830000e-01  2.580000e-01
1.860000e-01  2.564747e-01
1.890000e-01  2.549772e-01
1.920000e-01  2.535064e-01
1.950000e-01  2.520616e-01
1.980000e-01  2.506417e-01
2.010000e-01  2.492459e-01
2.040000e-01  2.478736e-01
2.070000e-01  2.465238e-01
2.100000e-01  2.451960e-01
2.130000e-01  2.438894e-01
2.160000e-01  2.426034e-01
2.190000e-01  2.413373e-01
2.220000e-01  2.400905e-01
2.250000e-01  2.388626e-01
2.280000e-01  2.376528e-01
2.310000e-01  2.364607e-01
2.340000e-01  2.352858e-01
2.370000e-01  2.341276e-01
2.400000e-01  2.329857e-01
2.430000e-01  2.318595e-01
2.460000e-01  2.307486e-01
2.490000e-01  2.296528e-01
2.520000e-01  2.285714e-01
2.550000e-01  2.275042e-01
2.580000e-01  2.264508e-01
2.610000e-01  2.254109e-01
2.640000e-01  2.243840e-01
2.670000e-01  2.233699e-01
2.700000e-01  2.223683e-01
2.730000e-01  2.213787e-01
2.760000e-01  2.204010e-01
2.790000e-01  2.194349e-01
2.820000e-01  2.184801e-01
2.850000e-01  2.175363e-01
2.880000e-01  2.166032e-01
2.910000e-01  2.156806e-01
2.940000e-01  2.147683e-01
2.970000e-01  2.138660e-01
3.000000e-01  2.129736e-01
3.030000e-01  2.120906e-01
3.060000e-01  2.112171e-01
3.090000e-01  2.103528e-01
3.120000e-01  2.094973e-01
3.150000e-01  2.086507e-01
3.180000e-01  2.078126e-01
3.210000e-01  2.069830e-01
3.240000e-01  2.061616e-01
3.270000e-01  2.053482e-01
3.300000e-01  2.045427e-01
3.330000e-01  2.037449e-01
3.360000e-01  2.029547e-01
3.390000e-01  2.021719e-01
3.420000e-01  2.013963e-01
3.450000e-01  2.006279e-01
3.480000e-01  1.998664e-01
3.510000e-01  1.991118e-01
3.540000e-01  1.983639e-01
3.570000e-01  1.976226e-01
3.600000e-01  1.968877e-01
3.630000e-01  1.961591e-01
3.660000e-01  1.954368e-01
3.690000e-01  1.947205e-01
3.720000e-01  1.940102e-01
3.750000e-01  1.933058e-01
3.780000e-01  1.926071e-01
3.810000e-01  1.919141e-01
3.840000e-01  1.912267e-01
3.870000e-01  1.905446e-01
3.900000e-01  1.898680e-01
3.930000e-01  1.891965e-01
3.960000e-01  1.885303e-01
3.990000e-01  1.878691e-01
4.020000e-01  1.872129e-01
4.050000e-01  1.865616e-01
4.080000e-01  1.859151e-01
4.110000e-01  1.852733e-01
4.140000e-01  1.846362e-01
4.170000e-01  1.840036e-01
4.200000e-01  1.833755e-01
4.230000e-01  1.827518e-01
4.260000e-01  1.821325e-01
4.290000e-01  1.815174e-01
4.320000e-01  1.809065e-01
4.350000e-01  1.802997e-01
4.380000e-01  1.796970e-01
4.410000e-01  1.790983e-01
4.440000e-01  1.785035e-01
4.470000e-01  1.779125e-01
4.500000e-01  1.773254e-01
4.530000e-01  1.767420e-01
4.560000e-01  1.761622e-01
4.590000e-01  1.755861e-01
4.620000e-01  1.750135e-01
4.650000e-01  1.744444e-01
4.680000e-01  1.738788e-01
4.710000e-01  1.733166e-01
4.740000e-01  1.727576e-01
4.770000e-01  1.722020e-01
4.800000e-01  1.716496e-01
4.830000e-01  1.711004e-01
4.860000e-01  1.705543e-01
4.890000e-01  1.700113e-01
4.920000e-01  1.694713e-01
4.950000e-01  1.689344e-01
4.980000e-01  1.684003e-01
5.010000e-01  1.678692e-01
5.040000e-01  1.673409e-01
5.070000e-01  1.668154e-01
5.100000e-01  1.662926e-01
5.130000e-01  1.657726e-01
5.160000e-01  1.652553e-01
5.190000e-01  1.647406e-01
5.220000e-01  1.642285e-01
5.250000e-01  1.637189e-01
5.280000e-01  1.632119e-01
5.310000e-01  1.627074e-01
5.340000e-01  1.622053e-01
5.370000e-01  1.617056e-01
5.400000e-01  1.612082e-01
5.430000e-01  1.607132e-01
5.460000e-01  1.602205e-01
5.490000e-01  1.597301e-01
5.520000e-01  1.592419e-01
5.550000e-01  1.587558e-01
5.580000e-01  1.582720e-01
5.610000e-01  1.577902e-01
5.640000e-01  1.573106e-01
5.670000e-01  1.568330e-01
5.700000e-01  1.563574e-01
5.730000e-01  1.558838e-01
5.760000e-01  1.554122e-01
5.790000e-01  1.549425e-01
5.820000e-01  1.544748e-01
5.850000e-01  1.540089e-01
5.880000e-01  1.535448e-01
5.910000e-01  1.530826e-01
5.940000e-01  1.526221e-01
5.970000e-01  1.521635e-01
6.000000e-01  1.517065e-01
6.030000e-01  1.512512e-01
6.060000e-01  1.507977e-01
6.090000e-01  1.503457e-01
6.120000e-01  1.498954e-01
6.150000e-01  1.494467e-01
6.180000e-01  1.489995e-01
6.210000e-01  1.485539e-01
6.240000e-01  1.481098e-01
6.270000e-01  1.476672e-01
6.300000e-01  1.472261e-01
6.330000e-01  1.467864e-01
6.360000e-01  1.463481e-01
6.390000e-01  1.459112e-01
6.420000e-01  1.454756e-01
6.450000e-01  1.450414e-01
6.480000e-01  1.446085e-01
6.510000e-01  1.441769e-01
6.540000e-01  1.437466e-01
6.570000e-01  1.433175e-01
6.600000e-01  1.428897e-01
6.630000e-01  1.424630e-01
6.660000e-01  1.420375e-01
6.690000e-01  1.416132e-01
6.720000e-01  1.411900e-01
6.750000e-01  1.407679e-01
6.780000e-01  1.403468e-01
6.810000e-01  1.399269e-01
6.840000e-01  1.395079e-01
6.870000e-01  1.390900e-01
6.900000e-01  1.386731e-01
6.930000e-01  1.382572e-01
6.960000e-01  1.378422e-01
6.990000e-01  1.374281e-01
7.020000e-01  1.370149e-01
7.050000e-01  1.366026e-01
7.080000e-01  1.361912e-01
7.110000e-01  1.357806e-01
7.140000e-01  1.353708e-01
7.170000e-01  1.349618e-01
7.200000e-01  1.345536e-01
7.230000e-01  1.341461e-01
7.260000e-01  1.337393e-01
7.290000e-01  1.333333e-01
7.320000e-01  1.329279e-01
7.350000e-01  1.325232e-01
7.380000e-01  1.321191e-01
7.410000e-01  1.317157e-01
7.440000e-01  1.313128e-01
7.470000e-01  1.309105e-01
7.500000e-01  1.305088e-01
7.530000e-01  1.301076e-01
7.560000e-01  1.297068e-01
7.590000e-01  1.293066e-01
7.620000e-01  1.289068e-01
7.650000e-01  1.285075e-01
7.680000e-01  1.281085e-01
7.710000e-01  1.277099e-01
7.740000e-01  1.273117e-01
7.770000e-01  1.269139e-01
7.800000e-01  1.265163e-01
7.830000e-01  1.261191e-01
7.860000e-01  1.257221e-01
7.890000e-01  1.253253e-01
7.920000e-01  1.249288e-01
7.950000e-01  1.245324e-01
7.980000e-01  1.241362e-01
8.010000e-01  1.237402e-01
8.040000e-01  1.233442e-01
8.070000e-01  1.229483e-01
8.100000e-01  1.225525e-01
8.130000e-01  000000
8.160000e-01  000000
8.190000e-01  000000
8.220000e-01  000000
8.250000e-01  000000
8.280000e-01  000000
8.310000e-01  000000
8.340000e-01  000000
8.370000e-01  000000
8.400000e-01  000000
8.430000e-01  000000
8.460000e-01  000000
8.490000e-01  000000
8.520000e-01  000000
8.550000e-01  000000
8.580000e-01  000000
8.610000e-01  000000
8.640000e-01  000000
8.670000e-01  000000
8.700000e-01  000000
8.730000e-01  000000
8.760000e-01  000000
8.790000e-01  000000
8.820000e-01  000000
8.850000e-01  000000
8.880000e-01  000000
8.910000e-01  000000
8.940000e-01  000000
8.970000e-01  000000
9.000000e-01  000000
9.030000e-01  000000
9.060000e-01  000000
9.090000e-01  000000
9.120000e-01  000000
9.150000e-01  000000
9.180000e-01  000000
9.210000e-01  000000
9.240000e-01  000000
9.270000e-01  000000
9.300000e-01  000000
9.330000e-01  000000
9.360000e-01  000000
9.390000e-01  000000
9.420000e-01  000000
9.450000e-01  000000
9.480000e-01  000000
9.510000e-01  000000
9.540000e-01  000000
9.570000e-01  000000
9.600000e-01  000000
9.630000e-01  000000
9.660000e-01  000000
9.690000e-01  000000
9.720000e-01  000000
9.750000e-01  000000
9.780000e-01  000000
9.810000e-01  000000
9.840000e-01  000000
9.870000e-01  000000
9.900000e-01  000000
9.930000e-01  000000
9.960000e-01  000000
9.990000e-01  000000
