000000  000001
3.000000e-03  7.991292e-01
6.000000e-03  7.133671e-01
9.000000e-03  6.593807e-01
1.200000e-02  6.204322e-01
1.500000e-02  5.902149e-01
1.800000e-02  5.656763e-01
2.100000e-02  5.451114e-01
2.400000e-02  5.274741e-01
2.700000e-02  5.120775e-01
3.000000e-02  4.984474e-01
3.300000e-02  4.862434e-01
3.600000e-02  4.752128e-01
3.900000e-02  4.651635e-01
4.200000e-02  4.559461e-01
4.500000e-02  4.474420e-01
4.800000e-02  4.395559e-01
5.100000e-02  4.322099e-01
5.400000e-02  4.253397e-01
5.700000e-02  4.188914e-01
6.000000e-02  4.128198e-01
6.300000e-02  4.070862e-01
6.600000e-02  4.016575e-01
6.900000e-02  3.965052e-01
7.200000e-02  3.916043e-01
7.500000e-02  3.869332e-01
7.800000e-02  3.824727e-01
8.100000e-02  3.782060e-01
8.400000e-02  3.741181e-01
8.700000e-02  3.701956e-01
9.000000e-02  3.664266e-01
9.300000e-02  3.628003e-01
9.600000e-02  3.593071e-01
9.900000e-02  3.559382e-01
1.020000e-01  3.526856e-01
1.050000e-01  3.495421e-01
1.080000e-01  3.465012e-01
1.110000e-01  3.435568e-01
1.140000e-01  3.407033e-01
1.170000e-01  3.379357e-01
1.200000e-01  3.352493e-01
1.230000e-01  3.326398e-01
1.260000e-01  3.301032e-01
1.290000e-01  3.276358e-01
1.320000e-01  3.252342e-01
1.350000e-01  3.228951e-01
1.380000e-01  3.206156e-01
1.410000e-01  3.183930e-01
1.440000e-01  3.162245e-01
1.470000e-01  3.141079e-01
1.500000e-01  3.120409e-01
1.530000e-01  3.100213e-01
1.560000e-01  3.080471e-01
1.590000e-01  3.061164e-01
1.620000e-01  3.042275e-01
1.650000e-01  3.023788e-01
1.680000e-01  3.005686e-01
1.710000e-01  2.987954e-01
1.740000e-01  2.970580e-01
1.770000e-01  2.953548e-01
1.800000e-01  2.936848e-01
1.830000e-01  2.920466e-01
1.860000e-01  2.904392e-01
1.890000e-01  2.888615e-01
1.920000e-01  2.873124e-01
1.950000e-01  2.857911e-01
1.980000e-01  2.842965e-01
2.010000e-01  2.828278e-01
2.040000e-01  2.813842e-01
2.070000e-01  2.799649e-01
2.100000e-01  2.785690e-01
2.130000e-01  2.771959e-01
2.160000e-01  2.758449e-01
2.190000e-01  2.745153e-01
2.220000e-01  2.732065e-01
2.250000e-01  2.719178e-01
2.280000e-01  2.706487e-01
2.310000e-01  2.693986e-01
2.340000e-01  2.681670e-01
2.370000e-01  2.669534e-01
2.400000e-01  2.657572e-01
2.430000e-01  2.645780e-01
2.460000e-01  2.634153e-01
2.490000e-01  2.622688e-01
2.520000e-01  2.611379e-01
2.550000e-01  2.600223e-01
2.580000e-01  2.589215e-01
2.610000e-01  2.578352e-01
2.640000e-01  2.567631e-01
2.670000e-01  2.557047e-01
2.700000e-01  2.546598e-01
2.730000e-01  2.536280e-01
2.760000e-01  2.526090e-01
2.790000e-01  2.516025e-01
2.820000e-01  2.506081e-01
2.850000e-01  2.496257e-01
2.880000e-01  2.486550e-01
2.910000e-01  2.476955e-01
2.940000e-01  2.467473e-01
2.970000e-01  2.458098e-01
3.000000e-01  2.448830e-01
3.030000e-01  2.439666e-01
3.060000e-01  2.430604e-01
3.090000e-01  2.421641e-01
3.120000e-01  2.412775e-01
3.150000e-01  2.404004e-01
3.180000e-01  2.395327e-01
3.210000e-01  2.386742e-01
3.240000e-01  2.378245e-01
3.270000e-01  2.369837e-01
3.300000e-01  2.361514e-01
3.330000e-01  2.353275e-01
3.360000e-01  2.345119e-01
3.390000e-01  2.337043e-01
3.420000e-01  2.329047e-01
3.450000e-01  2.321128e-01
3.480000e-01  2.313286e-01
3.510000e-01  2.305519e-01
3.540000e-01  2.297824e-01
3.570000e-01  2.290202e-01
3.600000e-01  2.282651e-01
3.630000e-01  2.275168e-01
3.660000e-01  2.267754e-01
3.690000e-01  2.260407e-01
3.720000e-01  2.253125e-01
3.750000e-01  2.245908e-01
3.780000e-01  2.238754e-01
3.810000e-01  2.231662e-01
3.840000e-01  2.224631e-01
3.870000e-01  2.217660e-01
3.900000e-01  2.210749e-01
3.930000e-01  2.203895e-01
3.960000e-01  2.197098e-01
3.990000e-01  2.190357e-01
4.020000e-01  2.183672e-01
4.050000e-01  2.177040e-01
4.080000e-01  2.170462e-01
4.110000e-01  2.163936e-01
4.140000e-01  2.157462e-01
4.170000e-01  2.151038e-01
4.200000e-01  2.144665e-01
4.230000e-01  2.138340e-01
4.260000e-01  2.132064e-01
4.290000e-01  2.125835e-01
4.320000e-01  2.119653e-01
4.350000e-01  2.113517e-01
4.380000e-01  2.107427e-01
4.410000e-01  2.101381e-01
4.440000e-01  2.095379e-01
4.470000e-01  2.089420e-01
4.500000e-01  2.083504e-01
4.530000e-01  2.077630e-01
4.560000e-01  2.071798e-01
4.590000e-01  2.066006e-01
4.620000e-01  2.060254e-01
4.650000e-01  2.054542e-01
4.680000e-01  2.048869e-01
4.710000e-01  2.043235e-01
4.740000e-01  2.037638e-01
4.770000e-01  2.032078e-01
4.800000e-01  2.026556e-01
4.830000e-01  2.021069e-01
4.860000e-01  2.015619e-01
4.890000e-01  2.010204e-01
4.920000e-01  2.004823e-01
4.950000e-01  1.999477e-01
4.980000e-01  1.994164e-01
5.010000e-01  1.988885e-01
5.040000e-01  1.983639e-01
5.070000e-01  1.978425e-01
5.100000e-01  1.973243e-01
5.130000e-01  1.968093e-01
5.160000e-01  1.962974e-01
5.190000e-01  1.957886e-01
5.220000e-01  1.952828e-01
5.250000e-01  1.947800e-01
5.280000e-01  1.942801e-01
5.310000e-01  1.937832e-01
5.340000e-01  1.932891e-01
5.370000e-01  1.927979e-01
5.400000e-01  1.923094e-01
5.430000e-01  1.918238e-01
5.460000e-01  1.913409e-01
5.490000e-01  1.908606e-01
5.520000e-01  1.903830e-01
5.550000e-01  1.899081e-01
5.580000e-01  1.894357e-01
5.610000e-01  1.889660e-01
5.640000e-01  1.884987e-01
5.670000e-01  1.880339e-01
5.700000e-01  1.875716e-01
5.730000e-01  1.871118e-01
5.760000e-01  1.866543e-01
5.790000e-01  1.861993e-01
5.820000e-01  1.857465e-01
5.850000e-01  1.852961e-01
5.880000e-01  1.848480e-01
5.910000e-01  1.844022e-01
5.940000e-01  1.839586e-01
5.970000e-01  1.835172e-01
6.000000e-01  1.830780e-01
6.030000e-01  1.826409e-01
6.060000e-01  1.822060e-01
6.090000e-01  1.817732e-01
6.120000e-01  1.813424e-01
6.150000e-01  1.809137e-01
6.180000e-01  1.804871e-01
6.210000e-01  1.800625e-01
6.240000e-01  1.796398e-01
6.270000e-01  1.792191e-01
6.300000e-01  1.788004e-01
6.330000e-01  1.783836e-01
6.360000e-01  1.779687e-01
6.390000e-01  1.775556e-01
6.420000e-01  1.771444e-01
6.450000e-01  1.767350e-01
6.480000e-01  1.763275e-01
6.510000e-01  1.759217e-01
6.540000e-01  1.755177e-01
6.570000e-01  1.751155e-01
6.600000e-01  1.747150e-01
6.630000e-01  1.743162e-01
6.660000e-01  1.739191e-01
6.690000e-01  1.735237e-01
6.720000e-01  1.731299e-01
6.750000e-01  1.727377e-01
6.780000e-01  1.723472e-01
6.810000e-01  1.719583e-01
6.840000e-01  1.715710e-01
6.870000e-01  1.711852e-01
6.900000e-01  1.708010e-01
6.930000e-01  1.704183e-01
6.960000e-01  1.700371e-01
6.990000e-01  1.696574e-01
7.020000e-01  1.692792e-01
7.050000e-01  1.689025e-01
7.080000e-01  1.685272e-01
7.110000e-01  1.681533e-01
7.140000e-01  1.677809e-01
7.170000e-01  1.674099e-01
7.200000e-01  1.670402e-01
7.230000e-01  1.666720e-01
7.260000e-01  1.663050e-01
7.290000e-01  1.659395e-01
7.320000e-01  1.655752e-01
7.350000e-01  1.652123e-01
7.380000e-01  1.648507e-01
7.410000e-01  1.644903e-01
7.440000e-01  1.641312e-01
7.470000e-01  1.637734e-01
7.500000e-01  1.634168e-01
7.530000e-01  1.630615e-01
7.560000e-01  1.627074e-01
7.590000e-01  1.623545e-01
7.620000e-01  1.620027e-01
7.650000e-01  1.616522e-01
7.680000e-01  1.613028e-01
7.710000e-01  1.609546e-01
7.740000e-01  1.606075e-01
7.770000e-01  1.602615e-01
7.800000e-01  1.599167e-01
7.830000e-01  1.595729e-01
7.860000e-01  1.592303e-01
7.890000e-01  1.588887e-01
7.920000e-01  1.585482e-01
7.950000e-01  1.582088e-01
7.980000e-01  1.578704e-01
8.010000e-01  1.575330e-01
8.040000e-01  1.571967e-01
8.070000e-01  1.568613e-01
8.100000e-01  1.565270e-01
8.130000e-01  1.561937e-01
8.160000e-01  1.558613e-01
8.190000e-01  1.555299e-01
8.220000e-01  1.551995e-01
8.250000e-01  1.548700e-01
8.280000e-01  1.545415e-01
8.310000e-01  1.542139e-01
8.340000e-01  1.538872e-01
8.370000e-01  1.535614e-01
8.400000e-01  1.532365e-01
8.430000e-01  1.529125e-01
8.460000e-01  1.525893e-01
8.490000e-01  1.522671e-01
8.520000e-01  1.519456e-01
8.550000e-01  1.516251e-01
8.580000e-01  1.513053e-01
8.610000e-01  1.509864e-01
8.640000e-01  1.506684e-01
8.670000e-01  1.503511e-01
8.700000e-01  1.500346e-01
8.730000e-01  1.497189e-01
8.760000e-01  1.494040e-01
8.790000e-01  1.490899e-01
8.820000e-01  1.487765e-01
8.850000e-01  1.484639e-01
8.880000e-01  1.481520e-01
8.910000e-01  1.478409e-01
8.940000e-01  1.475305e-01
8.970000e-01  1.472208e-01
9.000000e-01  1.469118e-01
9.030000e-01  1.466036e-01
9.060000e-01  1.462960e-01
9.090000e-01  1.459891e-01
9.120000e-01  1.456828e-01
9.150000e-01  1.453773e-01
9.180000e-01  1.450724e-01
9.210000e-01  1.447681e-01
9.240000e-01  1.444645e-01
9.270000e-01  1.441615e-01
9.300000e-01  1.438592e-01
9.330000e-01  1.435575e-01
9.360000e-01  1.432563e-01
9.390000e-01  1.429558e-01
9.420000e-01  1.426559e-01
9.450000e-01  1.423565e-01
9.480000e-01  1.420578e-01
9.510000e-01  1.417596e-01
9.540000e-01  1.414619e-01
9.570000e-01  1.411648e-01
9.600000e-01  1.408683e-01
9.630000e-01  1.405723e-01
9.660000e-01  1.402768e-01
9.690000e-01  1.399818e-01
9.720000e-01  1.396874e-01
9.750000e-01  1.393934e-01
9.780000e-01  1.391000e-01
9.810000e-01  1.388070e-01
9.840000e-01  1.385145e-01
9.870000e-01  1.382225e-01
9.900000e-01  1.379310e-01
9.930000e-01  1.376399e-01
9.960000e-01  1.373493e-01
9.990000e-01  1.370591e-01
