000000  000001
3.000000e-03  8.659667e-01
6.000000e-03  7.934905e-01
9.000000e-03  7.441309e-01
1.200000e-02  7.069691e-01
1.500000e-02  6.773338e-01
1.800000e-02  6.527935e-01
2.100000e-02  6.319232e-01
2.400000e-02  6.138166e-01
2.700000e-02  5.978626e-01
3.000000e-02  5.836301e-01
3.300000e-02  5.708037e-01
3.600000e-02  5.591464e-01
3.900000e-02  5.484751e-01
4.200000e-02  5.386462e-01
4.500000e-02  5.295446e-01
4.800000e-02  5.210768e-01
5.100000e-02  5.131660e-01
5.400000e-02  5.057482e-01
5.700000e-02  4.987696e-01
6.000000e-02  4.921846e-01
6.300000e-02  4.859542e-01
6.600000e-02  4.800448e-01
6.900000e-02  4.744271e-01
7.200000e-02  4.690758e-01
7.500000e-02  4.639685e-01
7.800000e-02  4.590855e-01
8.100000e-02  4.544093e-01
8.400000e-02  4.499243e-01
8.700000e-02  4.456167e-01
9.000000e-02  4.414740e-01
9.300000e-02  4.374848e-01
9.600000e-02  4.336391e-01
9.900000e-02  4.299277e-01
1.020000e-01  4.263421e-01
1.050000e-01  4.228747e-01
1.080000e-01  4.195186e-01
1.110000e-01  4.162673e-01
1.140000e-01  4.131151e-01
1.170000e-01  4.100563e-01
1.200000e-01  4.070862e-01
1.230000e-01  4.042000e-01
1.260000e-01  4.013936e-01
1.290000e-01  3.986628e-01
1.320000e-01  3.960041e-01
1.350000e-01  3.934141e-01
1.380000e-01  3.908895e-01
1.410000e-01  3.884273e-01
1.440000e-01  3.860248e-01
1.470000e-01  3.836794e-01
1.500000e-01  3.813885e-01
1.530000e-01  3.791500e-01
1.560000e-01  3.769615e-01
1.590000e-01  3.748212e-01
1.620000e-01  3.727271e-01
1.650000e-01  3.706773e-01
1.680000e-01  3.686702e-01
1.710000e-01  3.667042e-01
1.740000e-01  3.647777e-01
1.770000e-01  3.628893e-01
1.800000e-01  3.610377e-01
1.830000e-01  3.592214e-01
1.860000e-01  3.574394e-01
1.890000e-01  3.556903e-01
1.920000e-01  3.539732e-01
1.950000e-01  3.522868e-01
1.980000e-01  3.506304e-01
2.010000e-01  3.490027e-01
2.040000e-01  3.474031e-01
2.070000e-01  3.458305e-01
2.100000e-01  3.442841e-01
2.130000e-01  3.427632e-01
2.160000e-01  3.412670e-01
2.190000e-01  3.397946e-01
2.220000e-01  3.383456e-01
2.250000e-01  3.369190e-01
2.280000e-01  3.355144e-01
2.310000e-01  3.341311e-01
2.340000e-01  3.327685e-01
2.370000e-01  3.314261e-01
2.400000e-01  3.301032e-01
2.430000e-01  3.287994e-01
2.460000e-01  3.275142e-01
2.490000e-01  3.262470e-01
2.520000e-01  3.249975e-01
2.550000e-01  3.237651e-01
2.580000e-01  3.225494e-01
2.610000e-01  3.213501e-01
2.640000e-01  3.201666e-01
2.670000e-01  3.189987e-01
2.700000e-01  3.178459e-01
2.730000e-01  3.167078e-01
2.760000e-01  3.155842e-01
2.790000e-01  3.144747e-01
2.820000e-01  3.133790e-01
2.850000e-01  3.122966e-01
2.880000e-01  3.112275e-01
2.910000e-01  3.101711e-01
2.940000e-01  3.091274e-01
2.970000e-01  3.080959e-01
3.000000e-01  3.070764e-01
3.030000e-01  3.060687e-01
3.060000e-01  3.050725e-01
3.090000e-01  3.040875e-01
3.120000e-01  3.031136e-01
3.150000e-01  3.021504e-01
3.180000e-01  3.011979e-01
3.210000e-01  3.002557e-01
3.240000e-01  2.993236e-01
3.270000e-01  2.984014e-01
3.300000e-01  2.974891e-01
3.330000e-01  2.965862e-01
3.360000e-01  2.956928e-01
3.390000e-01  2.948085e-01
3.420000e-01  2.939332e-01
3.450000e-01  2.930668e-01
3.480000e-01  2.922090e-01
3.510000e-01  2.913598e-01
3.540000e-01  2.905189e-01
3.570000e-01  2.896861e-01
3.600000e-01  2.888615e-01
3.630000e-01  2.880447e-01
3.660000e-01  2.872357e-01
3.690000e-01  2.864343e-01
3.720000e-01  2.856404e-01
3.750000e-01  2.848539e-01
3.780000e-01  2.840746e-01
3.810000e-01  2.833023e-01
3.840000e-01  2.825371e-01
3.870000e-01  2.817788e-01
3.900000e-01  2.810271e-01
3.930000e-01  2.802821e-01
3.960000e-01  2.795437e-01
3.990000e-01  2.788116e-01
4.020000e-01  2.780859e-01
4.050000e-01  2.773663e-01
4.080000e-01  2.766529e-01
4.110000e-01  2.759455e-01
4.140000e-01  2.752440e-01
4.170000e-01  2.745483e-01
4.200000e-01  2.738583e-01
4.230000e-01  2.731740e-01
4.260000e-01  2.724952e-01
4.290000e-01  2.718219e-01
4.320000e-01  2.711540e-01
4.350000e-01  2.704914e-01
4.380000e-01  2.698340e-01
4.410000e-01  2.691818e-01
4.440000e-01  2.685346e-01
4.470000e-01  2.678924e-01
4.500000e-01  2.672551e-01
4.530000e-01  2.666227e-01
4.560000e-01  2.659950e-01
4.590000e-01  2.653721e-01
4.620000e-01  2.647538e-01
4.650000e-01  2.641401e-01
4.680000e-01  2.635309e-01
4.710000e-01  2.629261e-01
4.740000e-01  2.623257e-01
4.770000e-01  2.617297e-01
4.800000e-01  2.611379e-01
4.830000e-01  2.605503e-01
4.860000e-01  2.599669e-01
4.890000e-01  2.593875e-01
4.920000e-01  2.588122e-01
4.950000e-01  2.582409e-01
4.980000e-01  2.576735e-01
5.010000e-01  2.571100e-01
5.040000e-01  2.565503e-01
5.070000e-01  2.559944e-01
5.100000e-01  2.554423e-01
5.130000e-01  2.548938e-01
5.160000e-01  2.543489e-01
5.190000e-01  2.538076e-01
5.220000e-01  2.532699e-01
5.250000e-01  2.527357e-01
5.280000e-01  2.522049e-01
5.310000e-01  2.516775e-01
5.340000e-01  2.511535e-01
5.370000e-01  2.506329e-01
5.400000e-01  2.501155e-01
5.430000e-01  2.496013e-01
5.460000e-01  2.490904e-01
5.490000e-01  2.485826e-01
5.520000e-01  2.480780e-01
5.550000e-01  2.475764e-01
5.580000e-01  2.470779e-01
5.610000e-01  2.465824e-01
5.640000e-01  2.460899e-01
5.670000e-01  2.456004e-01
5.700000e-01  2.451137e-01
5.730000e-01  2.446300e-01
5.760000e-01  2.441491e-01
5.790000e-01  2.436710e-01
5.820000e-01  2.431957e-01
5.850000e-01  2.427231e-01
5.880000e-01  2.422533e-01
5.910000e-01  2.417861e-01
5.940000e-01  2.413216e-01
5.970000e-01  2.408597e-01
6.000000e-01  2.404004e-01
6.030000e-01  2.399438e-01
6.060000e-01  2.394896e-01
6.090000e-01  2.390380e-01
6.120000e-01  2.385888e-01
6.150000e-01  2.381421e-01
6.180000e-01  2.376978e-01
6.210000e-01  2.372560e-01
6.240000e-01  2.368165e-01
6.270000e-01  2.363794e-01
6.300000e-01  2.359446e-01
6.330000e-01  2.355121e-01
6.360000e-01  2.350819e-01
6.390000e-01  2.346540e-01
6.420000e-01  2.342283e-01
6.450000e-01  2.338048e-01
6.480000e-01  2.333835e-01
6.510000e-01  2.329644e-01
6.540000e-01  2.325474e-01
6.570000e-01  2.321325e-01
6.600000e-01  2.317198e-01
6.630000e-01  2.313091e-01
6.660000e-01  2.309005e-01
6.690000e-01  2.304939e-01
6.720000e-01  2.300893e-01
6.750000e-01  2.296868e-01
6.780000e-01  2.292862e-01
6.810000e-01  2.288876e-01
6.840000e-01  2.284909e-01
6.870000e-01  2.280961e-01
6.900000e-01  2.277032e-01
6.930000e-01  2.273123e-01
6.960000e-01  2.269232e-01
6.990000e-01  2.265359e-01
7.020000e-01  2.261505e-01
7.050000e-01  2.257669e-01
7.080000e-01  2.253850e-01
7.110000e-01  2.250050e-01
7.140000e-01  2.246267e-01
7.170000e-01  2.242502e-01
7.200000e-01  2.238754e-01
7.230000e-01  2.235023e-01
7.260000e-01  2.231309e-01
7.290000e-01  2.227612e-01
7.320000e-01  2.223931e-01
7.350000e-01  2.220267e-01
7.380000e-01  2.216620e-01
7.410000e-01  2.212988e-01
7.440000e-01  2.209373e-01
7.470000e-01  2.205774e-01
7.500000e-01  2.202190e-01
7.530000e-01  2.198623e-01
7.560000e-01  2.195070e-01
7.590000e-01  2.191533e-01
7.620000e-01  2.188011e-01
7.650000e-01  2.184504e-01
7.680000e-01  2.181013e-01
7.710000e-01  2.177536e-01
7.740000e-01  2.174073e-01
7.770000e-01  2.170626e-01
7.800000e-01  2.167193e-01
7.830000e-01  2.163774e-01
7.860000e-01  2.160369e-01
7.890000e-01  2.156978e-01
7.920000e-01  2.153602e-01
7.950000e-01  2.150239e-01
7.980000e-01  2.146890e-01
8.010000e-01  2.143554e-01
8.040000e-01  2.140232e-01
8.070000e-01  2.136924e-01
8.100000e-01  2.133628e-01
8.130000e-01  2.130346e-01
8.160000e-01  2.127077e-01
8.190000e-01  2.123821e-01
8.220000e-01  2.120577e-01
8.250000e-01  2.117347e-01
8.280000e-01  2.114129e-01
8.310000e-01  2.110923e-01
8.340000e-01  2.107730e-01
8.370000e-01  2.104549e-01
8.400000e-01  2.101381e-01
8.430000e-01  2.098224e-01
8.460000e-01  2.095080e-01
8.490000e-01  2.091947e-01
8.520000e-01  2.088827e-01
8.550000e-01  2.085718e-01
8.580000e-01  2.082621e-01
8.610000e-01  2.079535e-01
8.640000e-01  2.076461e-01
8.670000e-01  2.073398e-01
8.700000e-01  2.070346e-01
8.730000e-01  2.067306e-01
8.760000e-01  2.064276e-01
8.790000e-01  2.061258e-01
8.820000e-01  2.058251e-01
8.850000e-01  2.055254e-01
8.880000e-01  2.052268e-01
8.910000e-01  2.049293e-01
8.940000e-01  2.046329e-01
8.970000e-01  2.043375e-01
9.000000e-01  2.040432e-01
9.030000e-01  2.037499e-01
9.060000e-01  2.034576e-01
9.090000e-01  2.031663e-01
9.120000e-01  2.028761e-01
9.150000e-01  2.025868e-01
9.180000e-01  2.022986e-01
9.210000e-01  2.020113e-01
9.240000e-01  2.017250e-01
9.270000e-01  2.014398e-01
9.300000e-01  2.011554e-01
9.330000e-01  2.008721e-01
9.360000e-01  2.005896e-01
9.390000e-01  2.003082e-01
9.420000e-01  2.000277e-01
9.450000e-01  1.997481e-01
9.480000e-01  1.994694e-01
9.510000e-01  1.991917e-01
9.540000e-01  1.989148e-01
9.570000e-01  1.986389e-01
9.600000e-01  1.983639e-01
9.630000e-01  1.980898e-01
9.660000e-01  1.978165e-01
9.690000e-01  1.975442e-01
9.720000e-01  1.972727e-01
9.750000e-01  1.970021e-01
9.780000e-01  1.967323e-01
9.810000e-01  1.964635e-01
9.840000e-01  1.961954e-01
9.870000e-01  1.959282e-01
9.900000e-01  1.956619e-01
9.930000e-01  1.953963e-01
9.960000e-01  1.951316e-01
9.990000e-01  1.948678e-01
