000000  000001
3.000000e-03  8.453214e-01
6.000000e-03  7.677890e-01
9.000000e-03  7.164403e-01
1.200000e-02  6.783759e-01
1.500000e-02  6.483266e-01
1.800000e-02  6.236232e-01
2.100000e-02  6.027289e-01
2.400000e-02  5.846796e-01
2.700000e-02  5.688317e-01
3.000000e-02  5.547350e-01
3.300000e-02  5.420622e-01
3.600000e-02  5.305687e-01
3.900000e-02  5.200668e-01
4.200000e-02  5.104093e-01
4.500000e-02  5.014791e-01
4.800000e-02  4.931814e-01
5.100000e-02  4.854382e-01
5.400000e-02  4.781850e-01
5.700000e-02  4.713677e-01
6.000000e-02  4.649402e-01
6.300000e-02  4.588636e-01
6.600000e-02  4.531040e-01
6.900000e-02  4.476324e-01
7.200000e-02  4.424233e-01
7.500000e-02  4.374545e-01
7.800000e-02  4.327063e-01
8.100000e-02  4.281613e-01
8.400000e-02  4.238042e-01
8.700000e-02  4.196211e-01
9.000000e-02  4.155995e-01
9.300000e-02  4.117285e-01
9.600000e-02  4.079980e-01
9.900000e-02  4.043988e-01
1.020000e-01  4.009226e-01
1.050000e-01  3.975620e-01
1.080000e-01  3.943100e-01
1.110000e-01  3.911604e-01
1.140000e-01  3.881074e-01
1.170000e-01  3.851456e-01
1.200000e-01  3.822701e-01
1.230000e-01  3.794765e-01
1.260000e-01  3.767604e-01
1.290000e-01  3.741181e-01
1.320000e-01  3.715459e-01
1.350000e-01  3.690405e-01
1.380000e-01  3.665987e-01
1.410000e-01  3.642176e-01
1.440000e-01  3.618944e-01
1.470000e-01  3.596267e-01
1.500000e-01  3.574120e-01
1.530000e-01  3.552480e-01
1.560000e-01  3.531327e-01
1.590000e-01  3.510641e-01
1.620000e-01  3.490403e-01
1.650000e-01  3.470595e-01
1.680000e-01  3.451200e-01
1.710000e-01  3.432204e-01
1.740000e-01  3.413591e-01
1.770000e-01  3.395346e-01
1.800000e-01  3.377457e-01
1.830000e-01  3.359911e-01
1.860000e-01  3.342696e-01
1.890000e-01  3.325800e-01
1.920000e-01  3.309213e-01
1.950000e-01  3.292925e-01
1.980000e-01  3.276924e-01
2.010000e-01  3.261203e-01
2.040000e-01  3.245752e-01
2.070000e-01  3.230563e-01
2.100000e-01  3.215627e-01
2.130000e-01  3.200937e-01
2.160000e-01  3.186486e-01
2.190000e-01  3.172265e-01
2.220000e-01  3.158269e-01
2.250000e-01  3.144491e-01
2.280000e-01  3.130924e-01
2.310000e-01  3.117563e-01
2.340000e-01  3.104402e-01
2.370000e-01  3.091435e-01
2.400000e-01  3.078657e-01
2.430000e-01  3.066062e-01
2.460000e-01  3.053648e-01
2.490000e-01  3.041407e-01
2.520000e-01  3.029336e-01
2.550000e-01  3.017430e-01
2.580000e-01  3.005686e-01
2.610000e-01  2.994099e-01
2.640000e-01  2.982665e-01
2.670000e-01  2.971380e-01
2.700000e-01  2.960241e-01
2.730000e-01  2.949245e-01
2.760000e-01  2.938388e-01
2.790000e-01  2.927666e-01
2.820000e-01  2.917077e-01
2.850000e-01  2.906617e-01
2.880000e-01  2.896284e-01
2.910000e-01  2.886074e-01
2.940000e-01  2.875985e-01
2.970000e-01  2.866014e-01
3.000000e-01  2.856159e-01
3.030000e-01  2.846417e-01
3.060000e-01  2.836786e-01
3.090000e-01  2.827263e-01
3.120000e-01  2.817846e-01
3.150000e-01  2.808533e-01
3.180000e-01  2.799321e-01
3.210000e-01  2.790209e-01
3.240000e-01  2.781195e-01
3.270000e-01  2.772276e-01
3.300000e-01  2.763451e-01
3.330000e-01  2.754717e-01
3.360000e-01  2.746074e-01
3.390000e-01  2.737519e-01
3.420000e-01  2.729050e-01
3.450000e-01  2.720666e-01
3.480000e-01  2.712366e-01
3.510000e-01  2.704147e-01
3.540000e-01  2.696008e-01
3.570000e-01  2.687949e-01
3.600000e-01  2.679966e-01
3.630000e-01  2.672059e-01
3.660000e-01  2.664227e-01
3.690000e-01  2.656468e-01
3.720000e-01  2.648781e-01
3.750000e-01  2.641164e-01
3.780000e-01  2.633617e-01
3.810000e-01  2.626137e-01
3.840000e-01  2.618725e-01
3.870000e-01  2.611379e-01
3.900000e-01  2.604097e-01
3.930000e-01  2.596879e-01
3.960000e-01  2.589724e-01
3.990000e-01  2.582630e-01
4.020000e-01  2.575596e-01
4.050000e-01  2.568623e-01
4.080000e-01  2.561707e-01
4.110000e-01  2.554849e-01
4.140000e-01  2.548048e-01
4.170000e-01  2.541303e-01
4.200000e-01  2.534613e-01
4.230000e-01  2.527976e-01
4.260000e-01  2.521393e-01
4.290000e-01  2.514862e-01
4.320000e-01  2.508383e-01
4.350000e-01  2.501955e-01
4.380000e-01  2.495576e-01
4.410000e-01  2.489247e-01
4.440000e-01  2.482966e-01
4.470000e-01  2.476734e-01
4.500000e-01  2.470548e-01
4.530000e-01  2.464409e-01
4.560000e-01  2.458315e-01
4.590000e-01  2.452267e-01
4.620000e-01  2.446262e-01
4.650000e-01  2.440302e-01
4.680000e-01  2.434385e-01
4.710000e-01  2.428511e-01
4.740000e-01  2.422678e-01
4.770000e-01  2.416887e-01
4.800000e-01  2.411136e-01
4.830000e-01  2.405426e-01
4.860000e-01  2.399755e-01
4.890000e-01  2.394124e-01
4.920000e-01  2.388531e-01
4.950000e-01  2.382976e-01
4.980000e-01  2.377459e-01
5.010000e-01  2.371979e-01
5.040000e-01  2.366536e-01
5.070000e-01  2.361129e-01
5.100000e-01  2.355757e-01
5.130000e-01  2.350420e-01
5.160000e-01  2.345119e-01
5.190000e-01  2.339851e-01
5.220000e-01  2.334617e-01
5.250000e-01  2.329417e-01
5.280000e-01  2.324250e-01
5.310000e-01  2.319115e-01
5.340000e-01  2.314012e-01
5.370000e-01  2.308942e-01
5.400000e-01  2.303902e-01
5.430000e-01  2.298894e-01
5.460000e-01  2.293916e-01
5.490000e-01  2.288968e-01
5.520000e-01  2.284050e-01
5.550000e-01  2.279162e-01
5.580000e-01  2.274303e-01
5.610000e-01  2.269473e-01
5.640000e-01  2.264671e-01
5.670000e-01  2.259897e-01
5.700000e-01  2.255151e-01
5.730000e-01  2.250432e-01
5.760000e-01  2.245741e-01
5.790000e-01  2.241076e-01
5.820000e-01  2.236438e-01
5.850000e-01  2.231826e-01
5.880000e-01  2.227240e-01
5.910000e-01  2.222680e-01
5.940000e-01  2.218145e-01
5.970000e-01  2.213635e-01
6.000000e-01  2.209150e-01
6.030000e-01  2.204689e-01
6.060000e-01  2.200252e-01
6.090000e-01  2.195840e-01
6.120000e-01  2.191451e-01
6.150000e-01  2.187085e-01
6.180000e-01  2.182743e-01
6.210000e-01  2.178424e-01
6.240000e-01  2.174127e-01
6.270000e-01  2.169853e-01
6.300000e-01  2.165601e-01
6.330000e-01  2.161370e-01
6.360000e-01  2.157162e-01
6.390000e-01  2.152975e-01
6.420000e-01  2.148809e-01
6.450000e-01  2.144665e-01
6.480000e-01  2.140541e-01
6.510000e-01  2.136437e-01
6.540000e-01  2.132355e-01
6.570000e-01  2.128292e-01
6.600000e-01  2.124249e-01
6.630000e-01  2.120226e-01
6.660000e-01  2.116223e-01
6.690000e-01  2.112239e-01
6.720000e-01  2.108274e-01
6.750000e-01  2.104328e-01
6.780000e-01  2.100401e-01
6.810000e-01  2.096492e-01
6.840000e-01  2.092602e-01
6.870000e-01  2.088730e-01
6.900000e-01  2.084876e-01
6.930000e-01  2.081040e-01
6.960000e-01  2.077222e-01
6.990000e-01  2.073421e-01
7.020000e-01  2.069638e-01
7.050000e-01  2.065872e-01
7.080000e-01  2.062123e-01
7.110000e-01  2.058390e-01
7.140000e-01  2.054675e-01
7.170000e-01  2.050976e-01
7.200000e-01  2.047293e-01
7.230000e-01  2.043627e-01
7.260000e-01  2.039976e-01
7.290000e-01  2.036342e-01
7.320000e-01  2.032723e-01
7.350000e-01  2.029120e-01
7.380000e-01  2.025533e-01
7.410000e-01  2.021960e-01
7.440000e-01  2.018403e-01
7.470000e-01  2.014861e-01
7.500000e-01  2.011334e-01
7.530000e-01  2.007822e-01
7.560000e-01  2.004324e-01
7.590000e-01  2.000841e-01
7.620000e-01  1.997373e-01
7.650000e-01  1.993918e-01
7.680000e-01  1.990478e-01
7.710000e-01  1.987051e-01
7.740000e-01  1.983639e-01
7.770000e-01  1.980240e-01
7.800000e-01  1.976855e-01
7.830000e-01  1.973484e-01
7.860000e-01  1.970126e-01
7.890000e-01  1.966781e-01
7.920000e-01  1.963449e-01
7.950000e-01  1.960130e-01
7.980000e-01  1.956825e-01
8.010000e-01  1.953532e-01
8.040000e-01  1.950252e-01
8.070000e-01  1.946984e-01
8.100000e-01  1.943729e-01
8.130000e-01  1.940486e-01
8.160000e-01  1.937256e-01
8.190000e-01  1.934037e-01
8.220000e-01  1.930831e-01
8.250000e-01  1.927637e-01
8.280000e-01  1.924455e-01
8.310000e-01  1.921284e-01
8.340000e-01  1.918125e-01
8.370000e-01  1.914978e-01
8.400000e-01  1.911842e-01
8.430000e-01  1.908718e-01
8.460000e-01  1.905604e-01
8.490000e-01  1.902502e-01
8.520000e-01  1.899412e-01
8.550000e-01  1.896332e-01
8.580000e-01  1.893263e-01
8.610000e-01  1.890205e-01
8.640000e-01  1.887157e-01
8.670000e-01  1.884120e-01
8.700000e-01  1.881094e-01
8.730000e-01  1.878079e-01
8.760000e-01  1.875073e-01
8.790000e-01  1.872078e-01
8.820000e-01  1.869094e-01
8.850000e-01  1.866119e-01
8.880000e-01  1.863154e-01
8.910000e-01  1.860200e-01
8.940000e-01  1.857255e-01
8.970000e-01  1.854321e-01
9.000000e-01  1.851396e-01
9.030000e-01  1.848480e-01
9.060000e-01  1.845575e-01
9.090000e-01  1.842678e-01
9.120000e-01  1.839792e-01
9.150000e-01  1.836914e-01
9.180000e-01  1.834046e-01
9.210000e-01  1.831187e-01
9.240000e-01  1.828338e-01
9.270000e-01  1.825497e-01
9.300000e-01  1.822665e-01
9.330000e-01  1.819843e-01
9.360000e-01  1.817029e-01
9.390000e-01  1.814224e-01
9.420000e-01  1.811428e-01
9.450000e-01  1.808640e-01
9.480000e-01  1.805861e-01
9.510000e-01  1.803091e-01
9.540000e-01  1.800329e-01
9.570000e-01  1.797576e-01
9.600000e-01  1.794831e-01
9.630000e-01  1.792094e-01
9.660000e-01  1.789365e-01
9.690000e-01  1.786645e-01
9.720000e-01  1.783932e-01
9.750000e-01  1.781228e-01
9.780000e-01  1.778532e-01
9.810000e-01  1.775844e-01
9.840000e-01  1.773163e-01
9.870000e-01  1.770491e-01
9.900000e-01  1.767826e-01
9.930000e-01  1.765168e-01
9.960000e-01  1.762519e-01
9.990000e-01  1.759877e-01
