000000  000001
3.000000e-03  8.218782e-01
6.000000e-03  7.396919e-01
9.000000e-03  6.867387e-01
1.200000e-02  6.480643e-01
1.500000e-02  6.178244e-01
1.800000e-02  5.931323e-01
2.100000e-02  5.723538e-01
2.400000e-02  5.544763e-01
2.700000e-02  5.388298e-01
3.000000e-02  5.249493e-01
3.300000e-02  5.124990e-01
3.600000e-02  5.012289e-01
3.900000e-02  4.909482e-01
4.200000e-02  4.815079e-01
4.500000e-02  4.727896e-01
4.800000e-02  4.646979e-01
5.100000e-02  4.571547e-01
5.400000e-02  4.500951e-01
5.700000e-02  4.434652e-01
6.000000e-02  4.372190e-01
6.300000e-02  4.313177e-01
6.600000e-02  4.257278e-01
6.900000e-02  4.204203e-01
7.200000e-02  4.153700e-01
7.500000e-02  4.105549e-01
7.800000e-02  4.059556e-01
8.100000e-02  4.015549e-01
8.400000e-02  3.973376e-01
8.700000e-02  3.932901e-01
9.000000e-02  3.894001e-01
9.300000e-02  3.856568e-01
9.600000e-02  3.820503e-01
9.900000e-02  3.785715e-01
1.020000e-01  3.752125e-01
1.050000e-01  3.719658e-01
1.080000e-01  3.688246e-01
1.110000e-01  3.657829e-01
1.140000e-01  3.628349e-01
1.170000e-01  3.599754e-01
1.200000e-01  3.571997e-01
1.230000e-01  3.545033e-01
1.260000e-01  3.518821e-01
1.290000e-01  3.493323e-01
1.320000e-01  3.468504e-01
1.350000e-01  3.444331e-01
1.380000e-01  3.420774e-01
1.410000e-01  3.397805e-01
1.440000e-01  3.375395e-01
1.470000e-01  3.353522e-01
1.500000e-01  3.332161e-01
1.530000e-01  3.311290e-01
1.560000e-01  3.290889e-01
1.590000e-01  3.270939e-01
1.620000e-01  3.251422e-01
1.650000e-01  3.232320e-01
1.680000e-01  3.213617e-01
1.710000e-01  3.195297e-01
1.740000e-01  3.177347e-01
1.770000e-01  3.159753e-01
1.800000e-01  3.142502e-01
1.830000e-01  3.125581e-01
1.860000e-01  3.108979e-01
1.890000e-01  3.092685e-01
1.920000e-01  3.076688e-01
1.950000e-01  3.060979e-01
1.980000e-01  3.045547e-01
2.010000e-01  3.030384e-01
2.040000e-01  3.015481e-01
2.070000e-01  3.000830e-01
2.100000e-01  2.986422e-01
2.130000e-01  2.972251e-01
2.160000e-01  2.958310e-01
2.190000e-01  2.944590e-01
2.220000e-01  2.931086e-01
2.250000e-01  2.917792e-01
2.280000e-01  2.904701e-01
2.310000e-01  2.891808e-01
2.340000e-01  2.879107e-01
2.370000e-01  2.866592e-01
2.400000e-01  2.854259e-01
2.430000e-01  2.842102e-01
2.460000e-01  2.830118e-01
2.490000e-01  2.818301e-01
2.520000e-01  2.806647e-01
2.550000e-01  2.795151e-01
2.580000e-01  2.783810e-01
2.610000e-01  2.772621e-01
2.640000e-01  2.761578e-01
2.670000e-01  2.750678e-01
2.700000e-01  2.739918e-01
2.730000e-01  2.729295e-01
2.760000e-01  2.718806e-01
2.790000e-01  2.708446e-01
2.820000e-01  2.698213e-01
2.850000e-01  2.688104e-01
2.880000e-01  2.678117e-01
2.910000e-01  2.668248e-01
2.940000e-01  2.658495e-01
2.970000e-01  2.648855e-01
3.000000e-01  2.639326e-01
3.030000e-01  2.629905e-01
3.060000e-01  2.620590e-01
3.090000e-01  2.611379e-01
3.120000e-01  2.602269e-01
3.150000e-01  2.593259e-01
3.180000e-01  2.584346e-01
3.210000e-01  2.575528e-01
3.240000e-01  2.566804e-01
3.270000e-01  2.558171e-01
3.300000e-01  2.549628e-01
3.330000e-01  2.541173e-01
3.360000e-01  2.532803e-01
3.390000e-01  2.524518e-01
3.420000e-01  2.516316e-01
3.450000e-01  2.508195e-01
3.480000e-01  2.500154e-01
3.510000e-01  2.492190e-01
3.540000e-01  2.484304e-01
3.570000e-01  2.476493e-01
3.600000e-01  2.468755e-01
3.630000e-01  2.461090e-01
3.660000e-01  2.453496e-01
3.690000e-01  2.445972e-01
3.720000e-01  2.438517e-01
3.750000e-01  2.431129e-01
3.780000e-01  2.423807e-01
3.810000e-01  2.416551e-01
3.840000e-01  2.409358e-01
3.870000e-01  2.402228e-01
3.900000e-01  2.395160e-01
3.930000e-01  2.388152e-01
3.960000e-01  2.381205e-01
3.990000e-01  2.374316e-01
4.020000e-01  2.367485e-01
4.050000e-01  2.360710e-01
4.080000e-01  2.353991e-01
4.110000e-01  2.347328e-01
4.140000e-01  2.340718e-01
4.170000e-01  2.334162e-01
4.200000e-01  2.327658e-01
4.230000e-01  2.321205e-01
4.260000e-01  2.314803e-01
4.290000e-01  2.308451e-01
4.320000e-01  2.302148e-01
4.350000e-01  2.295894e-01
4.380000e-01  2.289687e-01
4.410000e-01  2.283527e-01
4.440000e-01  2.277413e-01
4.470000e-01  2.271345e-01
4.500000e-01  2.265322e-01
4.530000e-01  2.259342e-01
4.560000e-01  2.253407e-01
4.590000e-01  2.247514e-01
4.620000e-01  2.241663e-01
4.650000e-01  2.235854e-01
4.680000e-01  2.230087e-01
4.710000e-01  2.224359e-01
4.740000e-01  2.218672e-01
4.770000e-01  2.213024e-01
4.800000e-01  2.207414e-01
4.830000e-01  2.201843e-01
4.860000e-01  2.196310e-01
4.890000e-01  2.190814e-01
4.920000e-01  2.185354e-01
4.950000e-01  2.179931e-01
4.980000e-01  2.174543e-01
5.010000e-01  2.169191e-01
5.040000e-01  2.163873e-01
5.070000e-01  2.158590e-01
5.100000e-01  2.153340e-01
5.130000e-01  2.148124e-01
5.160000e-01  2.142940e-01
5.190000e-01  2.137790e-01
5.220000e-01  2.132671e-01
5.250000e-01  2.127584e-01
5.280000e-01  2.122528e-01
5.310000e-01  2.117503e-01
5.340000e-01  2.112509e-01
5.370000e-01  2.107544e-01
5.400000e-01  2.102610e-01
5.430000e-01  2.097704e-01
5.460000e-01  2.092828e-01
5.490000e-01  2.087980e-01
5.520000e-01  2.083161e-01
5.550000e-01  2.078369e-01
5.580000e-01  2.073605e-01
5.610000e-01  2.068869e-01
5.640000e-01  2.064159e-01
5.670000e-01  2.059476e-01
5.700000e-01  2.054819e-01
5.730000e-01  2.050188e-01
5.760000e-01  2.045582e-01
5.790000e-01  2.041002e-01
5.820000e-01  2.036447e-01
5.850000e-01  2.031917e-01
5.880000e-01  2.027411e-01
5.910000e-01  2.022930e-01
5.940000e-01  2.018472e-01
5.970000e-01  2.014038e-01
6.000000e-01  2.009627e-01
6.030000e-01  2.005240e-01
6.060000e-01  2.000875e-01
6.090000e-01  1.996533e-01
6.120000e-01  1.992213e-01
6.150000e-01  1.987915e-01
6.180000e-01  1.983639e-01
6.210000e-01  1.979385e-01
6.240000e-01  1.975151e-01
6.270000e-01  1.970939e-01
6.300000e-01  1.966748e-01
6.330000e-01  1.962578e-01
6.360000e-01  1.958428e-01
6.390000e-01  1.954298e-01
6.420000e-01  1.950188e-01
6.450000e-01  1.946098e-01
6.480000e-01  1.942027e-01
6.510000e-01  1.937976e-01
6.540000e-01  1.933944e-01
6.570000e-01  1.929931e-01
6.600000e-01  1.925936e-01
6.630000e-01  1.921960e-01
6.660000e-01  1.918003e-01
6.690000e-01  1.914063e-01
6.720000e-01  1.910142e-01
6.750000e-01  1.906238e-01
6.780000e-01  1.902352e-01
6.810000e-01  1.898483e-01
6.840000e-01  1.894632e-01
6.870000e-01  1.890797e-01
6.900000e-01  1.886980e-01
6.930000e-01  1.883179e-01
6.960000e-01  1.879395e-01
6.990000e-01  1.875627e-01
7.020000e-01  1.871875e-01
7.050000e-01  1.868139e-01
7.080000e-01  1.864420e-01
7.110000e-01  1.860716e-01
7.140000e-01  1.857027e-01
7.170000e-01  1.853354e-01
7.200000e-01  1.849696e-01
7.230000e-01  1.846053e-01
7.260000e-01  1.842426e-01
7.290000e-01  1.838813e-01
7.320000e-01  1.835214e-01
7.350000e-01  1.831631e-01
7.380000e-01  1.828061e-01
7.410000e-01  1.824506e-01
7.440000e-01  1.820965e-01
7.470000e-01  1.817438e-01
7.500000e-01  1.813925e-01
7.530000e-01  1.810426e-01
7.560000e-01  1.806940e-01
7.590000e-01  1.803467e-01
7.620000e-01  1.800008e-01
7.650000e-01  1.796562e-01
7.680000e-01  1.793129e-01
7.710000e-01  1.789709e-01
7.740000e-01  1.786302e-01
7.770000e-01  1.782908e-01
7.800000e-01  1.779526e-01
7.830000e-01  1.776156e-01
7.860000e-01  1.772799e-01
7.890000e-01  1.769455e-01
7.920000e-01  1.766122e-01
7.950000e-01  1.762801e-01
7.980000e-01  1.759493e-01
8.010000e-01  1.756196e-01
8.040000e-01  1.752910e-01
8.070000e-01  1.749637e-01
8.100000e-01  1.746374e-01
8.130000e-01  1.743123e-01
8.160000e-01  1.739884e-01
8.190000e-01  1.736655e-01
8.220000e-01  1.733438e-01
8.250000e-01  1.730231e-01
8.280000e-01  1.727035e-01
8.310000e-01  1.723851e-01
8.340000e-01  1.720676e-01
8.370000e-01  1.717513e-01
8.400000e-01  1.714360e-01
8.430000e-01  1.711217e-01
8.460000e-01  1.708084e-01
8.490000e-01  1.704962e-01
8.520000e-01  1.701849e-01
8.550000e-01  1.698747e-01
8.580000e-01  1.695655e-01
8.610000e-01  1.692572e-01
8.640000e-01  1.689500e-01
8.670000e-01  1.686436e-01
8.700000e-01  1.683383e-01
8.730000e-01  1.680339e-01
8.760000e-01  1.677304e-01
8.790000e-01  1.674279e-01
8.820000e-01  1.671262e-01
8.850000e-01  1.668255e-01
8.880000e-01  1.665257e-01
8.910000e-01  1.662268e-01
8.940000e-01  1.659288e-01
8.970000e-01  1.656317e-01
9.000000e-01  1.653355e-01
9.030000e-01  1.650401e-01
9.060000e-01  1.647456e-01
9.090000e-01  1.644519e-01
9.120000e-01  1.641591e-01
9.150000e-01  1.638671e-01
9.180000e-01  1.635759e-01
9.210000e-01  1.632856e-01
9.240000e-01  1.629961e-01
9.270000e-01  1.627074e-01
9.300000e-01  1.624195e-01
9.330000e-01  1.621323e-01
9.360000e-01  1.618460e-01
9.390000e-01  1.615605e-01
9.420000e-01  1.612757e-01
9.450000e-01  1.609917e-01
9.480000e-01  1.607084e-01
9.510000e-01  1.604259e-01
9.540000e-01  1.601442e-01
9.570000e-01  1.598632e-01
9.600000e-01  1.595829e-01
9.630000e-01  1.593034e-01
9.660000e-01  1.590245e-01
9.690000e-01  1.587464e-01
9.720000e-01  1.584690e-01
9.750000e-01  1.581923e-01
9.780000e-01  1.579163e-01
9.810000e-01  1.576410e-01
9.840000e-01  1.573663e-01
9.870000e-01  1.570924e-01
9.900000e-01  1.568191e-01
9.930000e-01  1.565465e-01
9.960000e-01  1.562745e-01
9.990000e-01  1.560032e-01
