000000  000001
3.000000e-03  8.567541e-01
6.000000e-03  7.819008e-01
9.000000e-03  7.315777e-01
1.200000e-02  6.939640e-01
1.500000e-02  6.641103e-01
1.800000e-02  6.394733e-01
2.100000e-02  6.185746e-01
2.400000e-02  6.004802e-01
2.700000e-02  5.845634e-01
3.000000e-02  5.703835e-01
3.300000e-02  5.576194e-01
3.600000e-02  5.460303e-01
3.900000e-02  5.354307e-01
4.200000e-02  5.256752e-01
4.500000e-02  5.166477e-01
4.800000e-02  5.082539e-01
5.100000e-02  5.004164e-01
5.400000e-02  4.930710e-01
5.700000e-02  4.861635e-01
6.000000e-02  4.796483e-01
6.300000e-02  4.734862e-01
6.600000e-02  4.676434e-01
6.900000e-02  4.620909e-01
7.200000e-02  4.568032e-01
7.500000e-02  4.517579e-01
7.800000e-02  4.469354e-01
8.100000e-02  4.423181e-01
8.400000e-02  4.378907e-01
8.700000e-02  4.336391e-01
9.000000e-02  4.295511e-01
9.300000e-02  4.256152e-01
9.600000e-02  4.218216e-01
9.900000e-02  4.181609e-01
1.020000e-01  4.146248e-01
1.050000e-01  4.112058e-01
1.080000e-01  4.078970e-01
1.110000e-01  4.046918e-01
1.140000e-01  4.015846e-01
1.170000e-01  3.985700e-01
1.200000e-01  3.956429e-01
1.230000e-01  3.927988e-01
1.260000e-01  3.900336e-01
1.290000e-01  3.873431e-01
1.320000e-01  3.847239e-01
1.350000e-01  3.821724e-01
1.380000e-01  3.796856e-01
1.410000e-01  3.772605e-01
1.440000e-01  3.748942e-01
1.470000e-01  3.725843e-01
1.500000e-01  3.703283e-01
1.530000e-01  3.681239e-01
1.560000e-01  3.659689e-01
1.590000e-01  3.638614e-01
1.620000e-01  3.617995e-01
1.650000e-01  3.597814e-01
1.680000e-01  3.578053e-01
1.710000e-01  3.558697e-01
1.740000e-01  3.539732e-01
1.770000e-01  3.521141e-01
1.800000e-01  3.502913e-01
1.830000e-01  3.485033e-01
1.860000e-01  3.467491e-01
1.890000e-01  3.450274e-01
1.920000e-01  3.433372e-01
1.950000e-01  3.416773e-01
1.980000e-01  3.400468e-01
2.010000e-01  3.384448e-01
2.040000e-01  3.368702e-01
2.070000e-01  3.353224e-01
2.100000e-01  3.338003e-01
2.130000e-01  3.323034e-01
2.160000e-01  3.308307e-01
2.190000e-01  3.293816e-01
2.220000e-01  3.279553e-01
2.250000e-01  3.265513e-01
2.280000e-01  3.251688e-01
2.310000e-01  3.238073e-01
2.340000e-01  3.224662e-01
2.370000e-01  3.211449e-01
2.400000e-01  3.198429e-01
2.430000e-01  3.185596e-01
2.460000e-01  3.172946e-01
2.490000e-01  3.160474e-01
2.520000e-01  3.148176e-01
2.550000e-01  3.136045e-01
2.580000e-01  3.124080e-01
2.610000e-01  3.112275e-01
2.640000e-01  3.100626e-01
2.670000e-01  3.089130e-01
2.700000e-01  3.077782e-01
2.730000e-01  3.066580e-01
2.760000e-01  3.055520e-01
2.790000e-01  3.044598e-01
2.820000e-01  3.033812e-01
2.850000e-01  3.023157e-01
2.880000e-01  3.012632e-01
2.910000e-01  3.002233e-01
2.940000e-01  2.991958e-01
2.970000e-01  2.981803e-01
3.000000e-01  2.971767e-01
3.030000e-01  2.961846e-01
3.060000e-01  2.952038e-01
3.090000e-01  2.942340e-01
3.120000e-01  2.932751e-01
3.150000e-01  2.923268e-01
3.180000e-01  2.913889e-01
3.210000e-01  2.904612e-01
3.240000e-01  2.895434e-01
3.270000e-01  2.886354e-01
3.300000e-01  2.877369e-01
3.330000e-01  2.868479e-01
3.360000e-01  2.859680e-01
3.390000e-01  2.850972e-01
3.420000e-01  2.842352e-01
3.450000e-01  2.833819e-01
3.480000e-01  2.825371e-01
3.510000e-01  2.817007e-01
3.540000e-01  2.808725e-01
3.570000e-01  2.800523e-01
3.600000e-01  2.792400e-01
3.630000e-01  2.784354e-01
3.660000e-01  2.776385e-01
3.690000e-01  2.768491e-01
3.720000e-01  2.760670e-01
3.750000e-01  2.752922e-01
3.780000e-01  2.745244e-01
3.810000e-01  2.737636e-01
3.840000e-01  2.730097e-01
3.870000e-01  2.722625e-01
3.900000e-01  2.715219e-01
3.930000e-01  2.707878e-01
3.960000e-01  2.700601e-01
3.990000e-01  2.693387e-01
4.020000e-01  2.686236e-01
4.050000e-01  2.679145e-01
4.080000e-01  2.672113e-01
4.110000e-01  2.665141e-01
4.140000e-01  2.658227e-01
4.170000e-01  2.651370e-01
4.200000e-01  2.644570e-01
4.230000e-01  2.637824e-01
4.260000e-01  2.631133e-01
4.290000e-01  2.624496e-01
4.320000e-01  2.617911e-01
4.350000e-01  2.611379e-01
4.380000e-01  2.604898e-01
4.410000e-01  2.598467e-01
4.440000e-01  2.592086e-01
4.470000e-01  2.585753e-01
4.500000e-01  2.579470e-01
4.530000e-01  2.573233e-01
4.560000e-01  2.567043e-01
4.590000e-01  2.560900e-01
4.620000e-01  2.554802e-01
4.650000e-01  2.548749e-01
4.680000e-01  2.542740e-01
4.710000e-01  2.536775e-01
4.740000e-01  2.530853e-01
4.770000e-01  2.524973e-01
4.800000e-01  2.519135e-01
4.830000e-01  2.513338e-01
4.860000e-01  2.507582e-01
4.890000e-01  2.501866e-01
4.920000e-01  2.496190e-01
4.950000e-01  2.490553e-01
4.980000e-01  2.484954e-01
5.010000e-01  2.479393e-01
5.040000e-01  2.473870e-01
5.070000e-01  2.468383e-01
5.100000e-01  2.462934e-01
5.130000e-01  2.457520e-01
5.160000e-01  2.452142e-01
5.190000e-01  2.446799e-01
5.220000e-01  2.441491e-01
5.250000e-01  2.436217e-01
5.280000e-01  2.430977e-01
5.310000e-01  2.425770e-01
5.340000e-01  2.420596e-01
5.370000e-01  2.415455e-01
5.400000e-01  2.410346e-01
5.430000e-01  2.405269e-01
5.460000e-01  2.400223e-01
5.490000e-01  2.395208e-01
5.520000e-01  2.390224e-01
5.550000e-01  2.385270e-01
5.580000e-01  2.380347e-01
5.610000e-01  2.375452e-01
5.640000e-01  2.370587e-01
5.670000e-01  2.365751e-01
5.700000e-01  2.360943e-01
5.730000e-01  2.356163e-01
5.760000e-01  2.351412e-01
5.790000e-01  2.346687e-01
5.820000e-01  2.341990e-01
5.850000e-01  2.337320e-01
5.880000e-01  2.332677e-01
5.910000e-01  2.328060e-01
5.940000e-01  2.323469e-01
5.970000e-01  2.318903e-01
6.000000e-01  2.314363e-01
6.030000e-01  2.309849e-01
6.060000e-01  2.305359e-01
6.090000e-01  2.300893e-01
6.120000e-01  2.296452e-01
6.150000e-01  2.292035e-01
6.180000e-01  2.287643e-01
6.210000e-01  2.283273e-01
6.240000e-01  2.278927e-01
6.270000e-01  2.274604e-01
6.300000e-01  2.270303e-01
6.330000e-01  2.266025e-01
6.360000e-01  2.261770e-01
6.390000e-01  2.257537e-01
6.420000e-01  2.253325e-01
6.450000e-01  2.249135e-01
6.480000e-01  2.244967e-01
6.510000e-01  2.240820e-01
6.540000e-01  2.236693e-01
6.570000e-01  2.232588e-01
6.600000e-01  2.228503e-01
6.630000e-01  2.224438e-01
6.660000e-01  2.220394e-01
6.690000e-01  2.216369e-01
6.720000e-01  2.212364e-01
6.750000e-01  2.208379e-01
6.780000e-01  2.204413e-01
6.810000e-01  2.200466e-01
6.840000e-01  2.196538e-01
6.870000e-01  2.192629e-01
6.900000e-01  2.188739e-01
6.930000e-01  2.184866e-01
6.960000e-01  2.181013e-01
6.990000e-01  2.177177e-01
7.020000e-01  2.173359e-01
7.050000e-01  2.169559e-01
7.080000e-01  2.165776e-01
7.110000e-01  2.162011e-01
7.140000e-01  2.158263e-01
7.170000e-01  2.154532e-01
7.200000e-01  2.150818e-01
7.230000e-01  2.147120e-01
7.260000e-01  2.143439e-01
7.290000e-01  2.139775e-01
7.320000e-01  2.136127e-01
7.350000e-01  2.132495e-01
7.380000e-01  2.128879e-01
7.410000e-01  2.125279e-01
7.440000e-01  2.121694e-01
7.470000e-01  2.118125e-01
7.500000e-01  2.114572e-01
7.530000e-01  2.111033e-01
7.560000e-01  2.107510e-01
7.590000e-01  2.104002e-01
7.620000e-01  2.100509e-01
7.650000e-01  2.097030e-01
7.680000e-01  2.093566e-01
7.710000e-01  2.090117e-01
7.740000e-01  2.086681e-01
7.770000e-01  2.083260e-01
7.800000e-01  2.079853e-01
7.830000e-01  2.076461e-01
7.860000e-01  2.073081e-01
7.890000e-01  2.069716e-01
7.920000e-01  2.066364e-01
7.950000e-01  2.063026e-01
7.980000e-01  2.059701e-01
8.010000e-01  2.056390e-01
8.040000e-01  2.053091e-01
8.070000e-01  2.049806e-01
8.100000e-01  2.046533e-01
8.130000e-01  2.043273e-01
8.160000e-01  2.040026e-01
8.190000e-01  2.036792e-01
8.220000e-01  2.033570e-01
8.250000e-01  2.030361e-01
8.280000e-01  2.027163e-01
8.310000e-01  2.023978e-01
8.340000e-01  2.020806e-01
8.370000e-01  2.017645e-01
8.400000e-01  2.014496e-01
8.430000e-01  2.011359e-01
8.460000e-01  2.008233e-01
8.490000e-01  2.005119e-01
8.520000e-01  2.002017e-01
8.550000e-01  1.998926e-01
8.580000e-01  1.995846e-01
8.610000e-01  1.992778e-01
8.640000e-01  1.989720e-01
8.670000e-01  1.986674e-01
8.700000e-01  1.983639e-01
8.730000e-01  1.980615e-01
8.760000e-01  1.977601e-01
8.790000e-01  1.974598e-01
8.820000e-01  1.971606e-01
8.850000e-01  1.968625e-01
8.880000e-01  1.965653e-01
8.910000e-01  1.962693e-01
8.940000e-01  1.959742e-01
8.970000e-01  1.956802e-01
9.000000e-01  1.953872e-01
9.030000e-01  1.950952e-01
9.060000e-01  1.948042e-01
9.090000e-01  1.945142e-01
9.120000e-01  1.942251e-01
9.150000e-01  1.939371e-01
9.180000e-01  1.936500e-01
9.210000e-01  1.933639e-01
9.240000e-01  1.930787e-01
9.270000e-01  1.927945e-01
9.300000e-01  1.925112e-01
9.330000e-01  1.922289e-01
9.360000e-01  1.919475e-01
9.390000e-01  1.916670e-01
9.420000e-01  1.913874e-01
9.450000e-01  1.911087e-01
9.480000e-01  1.908309e-01
9.510000e-01  1.905540e-01
9.540000e-01  1.902780e-01
9.570000e-01  1.900029e-01
9.600000e-01  1.897286e-01
9.630000e-01  1.894552e-01
9.660000e-01  1.891827e-01
9.690000e-01  1.889110e-01
9.720000e-01  1.886402e-01
9.750000e-01  1.883702e-01
9.780000e-01  1.881011e-01
9.810000e-01  1.878328e-01
9.840000e-01  1.875653e-01
9.870000e-01  1.872986e-01
9.900000e-01  1.870327e-01
9.930000e-01  1.867677e-01
9.960000e-01  1.865034e-01
9.990000e-01  1.862400e-01
