000000  000001
3.000000e-03  8.554236e-01
6.000000e-03  7.802435e-01
9.000000e-03  7.297919e-01
1.200000e-02  6.921197e-01
1.500000e-02  6.622392e-01
1.800000e-02  6.375915e-01
2.100000e-02  6.166912e-01
2.400000e-02  5.986005e-01
2.700000e-02  5.826905e-01
3.000000e-02  5.685193e-01
3.300000e-02  5.557652e-01
3.600000e-02  5.441866e-01
3.900000e-02  5.335979e-01
4.200000e-02  5.238535e-01
4.500000e-02  5.148370e-01
4.800000e-02  5.064542e-01
5.100000e-02  4.986276e-01
5.400000e-02  4.912927e-01
5.700000e-02  4.843957e-01
6.000000e-02  4.778906e-01
6.300000e-02  4.717384e-01
6.600000e-02  4.659053e-01
6.900000e-02  4.603622e-01
7.200000e-02  4.550837e-01
7.500000e-02  4.500473e-01
7.800000e-02  4.452335e-01
8.100000e-02  4.406247e-01
8.400000e-02  4.362055e-01
8.700000e-02  4.319620e-01
9.000000e-02  4.278817e-01
9.300000e-02  4.239535e-01
9.600000e-02  4.201673e-01
9.900000e-02  4.165138e-01
1.020000e-01  4.129849e-01
1.050000e-01  4.095728e-01
1.080000e-01  4.062706e-01
1.110000e-01  4.030720e-01
1.140000e-01  3.999712e-01
1.170000e-01  3.969628e-01
1.200000e-01  3.940419e-01
1.230000e-01  3.912038e-01
1.260000e-01  3.884443e-01
1.290000e-01  3.857596e-01
1.320000e-01  3.831460e-01
1.350000e-01  3.806000e-01
1.380000e-01  3.781185e-01
1.410000e-01  3.756986e-01
1.440000e-01  3.733375e-01
1.470000e-01  3.710326e-01
1.500000e-01  3.687814e-01
1.530000e-01  3.665818e-01
1.560000e-01  3.644316e-01
1.590000e-01  3.623288e-01
1.620000e-01  3.602714e-01
1.650000e-01  3.582577e-01
1.680000e-01  3.562860e-01
1.710000e-01  3.543547e-01
1.740000e-01  3.524623e-01
1.770000e-01  3.506074e-01
1.800000e-01  3.487886e-01
1.830000e-01  3.470047e-01
1.860000e-01  3.452544e-01
1.890000e-01  3.435365e-01
1.920000e-01  3.418500e-01
1.950000e-01  3.401938e-01
1.980000e-01  3.385670e-01
2.010000e-01  3.369685e-01
2.040000e-01  3.353975e-01
2.070000e-01  3.338532e-01
2.100000e-01  3.323345e-01
2.130000e-01  3.308409e-01
2.160000e-01  3.293715e-01
2.190000e-01  3.279256e-01
2.220000e-01  3.265026e-01
2.250000e-01  3.251017e-01
2.280000e-01  3.237223e-01
2.310000e-01  3.223639e-01
2.340000e-01  3.210258e-01
2.370000e-01  3.197074e-01
2.400000e-01  3.184083e-01
2.430000e-01  3.171279e-01
2.460000e-01  3.158658e-01
2.490000e-01  3.146213e-01
2.520000e-01  3.133942e-01
2.550000e-01  3.121839e-01
2.580000e-01  3.109900e-01
2.610000e-01  3.098121e-01
2.640000e-01  3.086498e-01
2.670000e-01  3.075027e-01
2.700000e-01  3.063705e-01
2.730000e-01  3.052528e-01
2.760000e-01  3.041492e-01
2.790000e-01  3.030594e-01
2.820000e-01  3.019832e-01
2.850000e-01  3.009201e-01
2.880000e-01  2.998699e-01
2.910000e-01  2.988323e-01
2.940000e-01  2.978070e-01
2.970000e-01  2.967937e-01
3.000000e-01  2.957923e-01
3.030000e-01  2.948023e-01
3.060000e-01  2.938237e-01
3.090000e-01  2.928561e-01
3.120000e-01  2.918992e-01
3.150000e-01  2.909530e-01
3.180000e-01  2.900171e-01
3.210000e-01  2.890913e-01
3.240000e-01  2.881756e-01
3.270000e-01  2.872695e-01
3.300000e-01  2.863730e-01
3.330000e-01  2.854858e-01
3.360000e-01  2.846079e-01
3.390000e-01  2.837389e-01
3.420000e-01  2.828788e-01
3.450000e-01  2.820273e-01
3.480000e-01  2.811843e-01
3.510000e-01  2.803496e-01
3.540000e-01  2.795231e-01
3.570000e-01  2.787046e-01
3.600000e-01  2.778941e-01
3.630000e-01  2.770912e-01
3.660000e-01  2.762960e-01
3.690000e-01  2.755082e-01
3.720000e-01  2.747277e-01
3.750000e-01  2.739545e-01
3.780000e-01  2.731883e-01
3.810000e-01  2.724291e-01
3.840000e-01  2.716767e-01
3.870000e-01  2.709310e-01
3.900000e-01  2.701919e-01
3.930000e-01  2.694594e-01
3.960000e-01  2.687332e-01
3.990000e-01  2.680133e-01
4.020000e-01  2.672995e-01
4.050000e-01  2.665919e-01
4.080000e-01  2.658902e-01
4.110000e-01  2.651944e-01
4.140000e-01  2.645043e-01
4.170000e-01  2.638200e-01
4.200000e-01  2.631413e-01
4.230000e-01  2.624681e-01
4.260000e-01  2.618003e-01
4.290000e-01  2.611379e-01
4.320000e-01  2.604807e-01
4.350000e-01  2.598288e-01
4.380000e-01  2.591819e-01
4.410000e-01  2.585401e-01
4.440000e-01  2.579032e-01
4.470000e-01  2.572712e-01
4.500000e-01  2.566440e-01
4.530000e-01  2.560216e-01
4.560000e-01  2.554038e-01
4.590000e-01  2.547906e-01
4.620000e-01  2.541820e-01
4.650000e-01  2.535778e-01
4.680000e-01  2.529781e-01
4.710000e-01  2.523827e-01
4.740000e-01  2.517916e-01
4.770000e-01  2.512047e-01
4.800000e-01  2.506220e-01
4.830000e-01  2.500434e-01
4.860000e-01  2.494688e-01
4.890000e-01  2.488982e-01
4.920000e-01  2.483317e-01
4.950000e-01  2.477689e-01
4.980000e-01  2.472101e-01
5.010000e-01  2.466550e-01
5.040000e-01  2.461037e-01
5.070000e-01  2.455560e-01
5.100000e-01  2.450120e-01
5.130000e-01  2.444716e-01
5.160000e-01  2.439348e-01
5.190000e-01  2.434014e-01
5.220000e-01  2.428715e-01
5.250000e-01  2.423450e-01
5.280000e-01  2.418219e-01
5.310000e-01  2.413022e-01
5.340000e-01  2.407857e-01
5.370000e-01  2.402725e-01
5.400000e-01  2.397624e-01
5.430000e-01  2.392556e-01
5.460000e-01  2.387518e-01
5.490000e-01  2.382512e-01
5.520000e-01  2.377536e-01
5.550000e-01  2.372591e-01
5.580000e-01  2.367675e-01
5.610000e-01  2.362789e-01
5.640000e-01  2.357931e-01
5.670000e-01  2.353103e-01
5.700000e-01  2.348303e-01
5.730000e-01  2.343531e-01
5.760000e-01  2.338787e-01
5.790000e-01  2.334070e-01
5.820000e-01  2.329381e-01
5.850000e-01  2.324718e-01
5.880000e-01  2.320082e-01
5.910000e-01  2.315472e-01
5.940000e-01  2.310888e-01
5.970000e-01  2.306330e-01
6.000000e-01  2.301797e-01
6.030000e-01  2.297289e-01
6.060000e-01  2.292806e-01
6.090000e-01  2.288348e-01
6.120000e-01  2.283913e-01
6.150000e-01  2.279503e-01
6.180000e-01  2.275116e-01
6.210000e-01  2.270753e-01
6.240000e-01  2.266413e-01
6.270000e-01  2.262097e-01
6.300000e-01  2.257802e-01
6.330000e-01  2.253531e-01
6.360000e-01  2.249281e-01
6.390000e-01  2.245054e-01
6.420000e-01  2.240848e-01
6.450000e-01  2.236664e-01
6.480000e-01  2.232502e-01
6.510000e-01  2.228360e-01
6.540000e-01  2.224240e-01
6.570000e-01  2.220140e-01
6.600000e-01  2.216060e-01
6.630000e-01  2.212001e-01
6.660000e-01  2.207962e-01
6.690000e-01  2.203943e-01
6.720000e-01  2.199943e-01
6.750000e-01  2.195963e-01
6.780000e-01  2.192002e-01
6.810000e-01  2.188060e-01
6.840000e-01  2.184137e-01
6.870000e-01  2.180233e-01
6.900000e-01  2.176348e-01
6.930000e-01  2.172480e-01
6.960000e-01  2.168631e-01
6.990000e-01  2.164800e-01
7.020000e-01  2.160987e-01
7.050000e-01  2.157191e-01
7.080000e-01  2.153413e-01
7.110000e-01  2.149652e-01
7.140000e-01  2.145909e-01
7.170000e-01  2.142182e-01
7.200000e-01  2.138472e-01
7.230000e-01  2.134779e-01
7.260000e-01  2.131102e-01
7.290000e-01  2.127442e-01
7.320000e-01  2.123798e-01
7.350000e-01  2.120170e-01
7.380000e-01  2.116558e-01
7.410000e-01  2.112961e-01
7.440000e-01  2.109381e-01
7.470000e-01  2.105816e-01
7.500000e-01  2.102266e-01
7.530000e-01  2.098731e-01
7.560000e-01  2.095212e-01
7.590000e-01  2.091707e-01
7.620000e-01  2.088217e-01
7.650000e-01  2.084742e-01
7.680000e-01  2.081281e-01
7.710000e-01  2.077835e-01
7.740000e-01  2.074403e-01
7.770000e-01  2.070985e-01
7.800000e-01  2.067582e-01
7.830000e-01  2.064192e-01
7.860000e-01  2.060816e-01
7.890000e-01  2.057453e-01
7.920000e-01  2.054105e-01
7.950000e-01  2.050769e-01
7.980000e-01  2.047447e-01
8.010000e-01  2.044138e-01
8.040000e-01  2.040843e-01
8.070000e-01  2.037560e-01
8.100000e-01  2.034290e-01
8.130000e-01  2.031033e-01
8.160000e-01  2.027789e-01
8.190000e-01  2.024557e-01
8.220000e-01  2.021337e-01
8.250000e-01  2.018130e-01
8.280000e-01  2.014935e-01
8.310000e-01  2.011753e-01
8.340000e-01  2.008582e-01
8.370000e-01  2.005423e-01
8.400000e-01  2.002277e-01
8.430000e-01  1.999141e-01
8.460000e-01  1.996018e-01
8.490000e-01  1.992906e-01
8.520000e-01  1.989806e-01
8.550000e-01  1.986717e-01
8.580000e-01  1.983639e-01
8.610000e-01  1.980573e-01
8.640000e-01  1.977517e-01
8.670000e-01  1.974473e-01
8.700000e-01  1.971439e-01
8.730000e-01  1.968417e-01
8.760000e-01  1.965405e-01
8.790000e-01  1.962403e-01
8.820000e-01  1.959413e-01
8.850000e-01  1.956433e-01
8.880000e-01  1.953463e-01
8.910000e-01  1.950504e-01
8.940000e-01  1.947554e-01
8.970000e-01  1.944615e-01
9.000000e-01  1.941687e-01
9.030000e-01  1.938768e-01
9.060000e-01  1.935859e-01
9.090000e-01  1.932960e-01
9.120000e-01  1.930071e-01
9.150000e-01  1.927191e-01
9.180000e-01  1.924321e-01
9.210000e-01  1.921461e-01
9.240000e-01  1.918611e-01
9.270000e-01  1.915769e-01
9.300000e-01  1.912937e-01
9.330000e-01  1.910114e-01
9.360000e-01  1.907301e-01
9.390000e-01  1.904497e-01
9.420000e-01  1.901702e-01
9.450000e-01  1.898915e-01
9.480000e-01  1.896138e-01
9.510000e-01  1.893370e-01
9.540000e-01  1.890610e-01
9.570000e-01  1.887859e-01
9.600000e-01  1.885117e-01
9.630000e-01  1.882384e-01
9.660000e-01  1.879659e-01
9.690000e-01  1.876942e-01
9.720000e-01  1.874235e-01
9.750000e-01  1.871535e-01
9.780000e-01  1.868844e-01
9.810000e-01  1.866161e-01
9.840000e-01  1.863486e-01
9.870000e-01  1.860819e-01
9.900000e-01  1.858160e-01
9.930000e-01  1.855510e-01
9.960000e-01  1.852867e-01
9.990000e-01  1.850232e-01
