000000  000001
3.000000e-03  8.396830e-01
6.000000e-03  7.609325e-01
9.000000e-03  7.091405e-01
1.200000e-02  6.708936e-01
1.500000e-02  6.407748e-01
1.800000e-02  6.160576e-01
2.100000e-02  5.951793e-01
2.400000e-02  5.771625e-01
2.700000e-02  5.613566e-01
3.000000e-02  5.473068e-01
3.300000e-02  5.346838e-01
3.600000e-02  5.232411e-01
3.900000e-02  5.127901e-01
4.200000e-02  5.031832e-01
4.500000e-02  4.943028e-01
4.800000e-02  4.860537e-01
5.100000e-02  4.783580e-01
5.400000e-02  4.711510e-01
5.700000e-02  4.643785e-01
6.000000e-02  4.579946e-01
6.300000e-02  4.519602e-01
6.600000e-02  4.462416e-01
6.900000e-02  4.408098e-01
7.200000e-02  4.356392e-01
7.500000e-02  4.307078e-01
7.800000e-02  4.259959e-01
8.100000e-02  4.214862e-01
8.400000e-02  4.171632e-01
8.700000e-02  4.130133e-01
9.000000e-02  4.090241e-01
9.300000e-02  4.051844e-01
9.600000e-02  4.014844e-01
9.900000e-02  3.979148e-01
1.020000e-01  3.944675e-01
1.050000e-01  3.911350e-01
1.080000e-01  3.879104e-01
1.110000e-01  3.847875e-01
1.140000e-01  3.817604e-01
1.170000e-01  3.788240e-01
1.200000e-01  3.759732e-01
1.230000e-01  3.732037e-01
1.260000e-01  3.705112e-01
1.290000e-01  3.678919e-01
1.320000e-01  3.653422e-01
1.350000e-01  3.628587e-01
1.380000e-01  3.604383e-01
1.410000e-01  3.580782e-01
1.440000e-01  3.557756e-01
1.470000e-01  3.535279e-01
1.500000e-01  3.513328e-01
1.530000e-01  3.491881e-01
1.560000e-01  3.470916e-01
1.590000e-01  3.450414e-01
1.620000e-01  3.430356e-01
1.650000e-01  3.410725e-01
1.680000e-01  3.391504e-01
1.710000e-01  3.372678e-01
1.740000e-01  3.354231e-01
1.770000e-01  3.336150e-01
1.800000e-01  3.318421e-01
1.830000e-01  3.301032e-01
1.860000e-01  3.283971e-01
1.890000e-01  3.267227e-01
1.920000e-01  3.250789e-01
1.950000e-01  3.234646e-01
1.980000e-01  3.218790e-01
2.010000e-01  3.203209e-01
2.040000e-01  3.187897e-01
2.070000e-01  3.172844e-01
2.100000e-01  3.158041e-01
2.130000e-01  3.143483e-01
2.160000e-01  3.129160e-01
2.190000e-01  3.115066e-01
2.220000e-01  3.101195e-01
2.250000e-01  3.087540e-01
2.280000e-01  3.074093e-01
2.310000e-01  3.060851e-01
2.340000e-01  3.047807e-01
2.370000e-01  3.034955e-01
2.400000e-01  3.022290e-01
2.430000e-01  3.009807e-01
2.460000e-01  2.997502e-01
2.490000e-01  2.985369e-01
2.520000e-01  2.973404e-01
2.550000e-01  2.961603e-01
2.580000e-01  2.949962e-01
2.610000e-01  2.938476e-01
2.640000e-01  2.927142e-01
2.670000e-01  2.915956e-01
2.700000e-01  2.904914e-01
2.730000e-01  2.894013e-01
2.760000e-01  2.883250e-01
2.790000e-01  2.872621e-01
2.820000e-01  2.862123e-01
2.850000e-01  2.851754e-01
2.880000e-01  2.841509e-01
2.910000e-01  2.831387e-01
2.940000e-01  2.821384e-01
2.970000e-01  2.811499e-01
3.000000e-01  2.801728e-01
3.030000e-01  2.792068e-01
3.060000e-01  2.782519e-01
3.090000e-01  2.773076e-01
3.120000e-01  2.763739e-01
3.150000e-01  2.754504e-01
3.180000e-01  2.745369e-01
3.210000e-01  2.736333e-01
3.240000e-01  2.727394e-01
3.270000e-01  2.718549e-01
3.300000e-01  2.709797e-01
3.330000e-01  2.701136e-01
3.360000e-01  2.692564e-01
3.390000e-01  2.684079e-01
3.420000e-01  2.675679e-01
3.450000e-01  2.667364e-01
3.480000e-01  2.659131e-01
3.510000e-01  2.650979e-01
3.540000e-01  2.642906e-01
3.570000e-01  2.634911e-01
3.600000e-01  2.626992e-01
3.630000e-01  2.619149e-01
3.660000e-01  2.611379e-01
3.690000e-01  2.603681e-01
3.720000e-01  2.596055e-01
3.750000e-01  2.588498e-01
3.780000e-01  2.581010e-01
3.810000e-01  2.573590e-01
3.840000e-01  2.566235e-01
3.870000e-01  2.558946e-01
3.900000e-01  2.551721e-01
3.930000e-01  2.544558e-01
3.960000e-01  2.537458e-01
3.990000e-01  2.530418e-01
4.020000e-01  2.523438e-01
4.050000e-01  2.516517e-01
4.080000e-01  2.509654e-01
4.110000e-01  2.502847e-01
4.140000e-01  2.496097e-01
4.170000e-01  2.489402e-01
4.200000e-01  2.482761e-01
4.230000e-01  2.476174e-01
4.260000e-01  2.469639e-01
4.290000e-01  2.463156e-01
4.320000e-01  2.456724e-01
4.350000e-01  2.450342e-01
4.380000e-01  2.444010e-01
4.410000e-01  2.437726e-01
4.440000e-01  2.431491e-01
4.470000e-01  2.425302e-01
4.500000e-01  2.419160e-01
4.530000e-01  2.413064e-01
4.560000e-01  2.407013e-01
4.590000e-01  2.401007e-01
4.620000e-01  2.395044e-01
4.650000e-01  2.389125e-01
4.680000e-01  2.383249e-01
4.710000e-01  2.377414e-01
4.740000e-01  2.371621e-01
4.770000e-01  2.365869e-01
4.800000e-01  2.360157e-01
4.830000e-01  2.354485e-01
4.860000e-01  2.348852e-01
4.890000e-01  2.343258e-01
4.920000e-01  2.337702e-01
4.950000e-01  2.332184e-01
4.980000e-01  2.326702e-01
5.010000e-01  2.321258e-01
5.040000e-01  2.315849e-01
5.070000e-01  2.310476e-01
5.100000e-01  2.305138e-01
5.130000e-01  2.299836e-01
5.160000e-01  2.294567e-01
5.190000e-01  2.289332e-01
5.220000e-01  2.284131e-01
5.250000e-01  2.278962e-01
5.280000e-01  2.273826e-01
5.310000e-01  2.268723e-01
5.340000e-01  2.263651e-01
5.370000e-01  2.258610e-01
5.400000e-01  2.253601e-01
5.430000e-01  2.248622e-01
5.460000e-01  2.243673e-01
5.490000e-01  2.238754e-01
5.520000e-01  2.233864e-01
5.550000e-01  2.229004e-01
5.580000e-01  2.224172e-01
5.610000e-01  2.219369e-01
5.640000e-01  2.214594e-01
5.670000e-01  2.209847e-01
5.700000e-01  2.205127e-01
5.730000e-01  2.200434e-01
5.760000e-01  2.195768e-01
5.790000e-01  2.191128e-01
5.820000e-01  2.186515e-01
5.850000e-01  2.181927e-01
5.880000e-01  2.177365e-01
5.910000e-01  2.172828e-01
5.940000e-01  2.168317e-01
5.970000e-01  2.163830e-01
6.000000e-01  2.159367e-01
6.030000e-01  2.154928e-01
6.060000e-01  2.150514e-01
6.090000e-01  2.146123e-01
6.120000e-01  2.141755e-01
6.150000e-01  2.137411e-01
6.180000e-01  2.133089e-01
6.210000e-01  2.128790e-01
6.240000e-01  2.124514e-01
6.270000e-01  2.120259e-01
6.300000e-01  2.116026e-01
6.330000e-01  2.111815e-01
6.360000e-01  2.107626e-01
6.390000e-01  2.103457e-01
6.420000e-01  2.099310e-01
6.450000e-01  2.095183e-01
6.480000e-01  2.091076e-01
6.510000e-01  2.086990e-01
6.540000e-01  2.082925e-01
6.570000e-01  2.078879e-01
6.600000e-01  2.074852e-01
6.630000e-01  2.070846e-01
6.660000e-01  2.066858e-01
6.690000e-01  2.062889e-01
6.720000e-01  2.058940e-01
6.750000e-01  2.055009e-01
6.780000e-01  2.051097e-01
6.810000e-01  2.047203e-01
6.840000e-01  2.043327e-01
6.870000e-01  2.039469e-01
6.900000e-01  2.035629e-01
6.930000e-01  2.031806e-01
6.960000e-01  2.028001e-01
6.990000e-01  2.024213e-01
7.020000e-01  2.020442e-01
7.050000e-01  2.016688e-01
7.080000e-01  2.012951e-01
7.110000e-01  2.009231e-01
7.140000e-01  2.005527e-01
7.170000e-01  2.001839e-01
7.200000e-01  1.998167e-01
7.230000e-01  1.994512e-01
7.260000e-01  1.990872e-01
7.290000e-01  1.987248e-01
7.320000e-01  1.983639e-01
7.350000e-01  1.980046e-01
7.380000e-01  1.976468e-01
7.410000e-01  1.972905e-01
7.440000e-01  1.969357e-01
7.470000e-01  1.965824e-01
7.500000e-01  1.962305e-01
7.530000e-01  1.958801e-01
7.560000e-01  1.955312e-01
7.590000e-01  1.951836e-01
7.620000e-01  1.948375e-01
7.650000e-01  1.944928e-01
7.680000e-01  1.941495e-01
7.710000e-01  1.938075e-01
7.740000e-01  1.934670e-01
7.770000e-01  1.931277e-01
7.800000e-01  1.927898e-01
7.830000e-01  1.924533e-01
7.860000e-01  1.921180e-01
7.890000e-01  1.917841e-01
7.920000e-01  1.914515e-01
7.950000e-01  1.911201e-01
7.980000e-01  1.907900e-01
8.010000e-01  1.904612e-01
8.040000e-01  1.901336e-01
8.070000e-01  1.898072e-01
8.100000e-01  1.894821e-01
8.130000e-01  1.891582e-01
8.160000e-01  1.888355e-01
8.190000e-01  1.885140e-01
8.220000e-01  1.881936e-01
8.250000e-01  1.878745e-01
8.280000e-01  1.875565e-01
8.310000e-01  1.872397e-01
8.340000e-01  1.869240e-01
8.370000e-01  1.866095e-01
8.400000e-01  1.862960e-01
8.430000e-01  1.859837e-01
8.460000e-01  1.856725e-01
8.490000e-01  1.853624e-01
8.520000e-01  1.850534e-01
8.550000e-01  1.847455e-01
8.580000e-01  1.844386e-01
8.610000e-01  1.841328e-01
8.640000e-01  1.838281e-01
8.670000e-01  1.835244e-01
8.700000e-01  1.832217e-01
8.730000e-01  1.829201e-01
8.760000e-01  1.826195e-01
8.790000e-01  1.823198e-01
8.820000e-01  1.820212e-01
8.850000e-01  1.817236e-01
8.880000e-01  1.814270e-01
8.910000e-01  1.811313e-01
8.940000e-01  1.808367e-01
8.970000e-01  1.805429e-01
9.000000e-01  1.802502e-01
9.030000e-01  1.799584e-01
9.060000e-01  1.796675e-01
9.090000e-01  1.793775e-01
9.120000e-01  1.790885e-01
9.150000e-01  1.788004e-01
9.180000e-01  1.785132e-01
9.210000e-01  1.782269e-01
9.240000e-01  1.779415e-01
9.270000e-01  1.776570e-01
9.300000e-01  1.773734e-01
9.330000e-01  1.770906e-01
9.360000e-01  1.768087e-01
9.390000e-01  1.765277e-01
9.420000e-01  1.762475e-01
9.450000e-01  1.759682e-01
9.480000e-01  1.756897e-01
9.510000e-01  1.754121e-01
9.540000e-01  1.751352e-01
9.570000e-01  1.748592e-01
9.600000e-01  1.745840e-01
9.630000e-01  1.743097e-01
9.660000e-01  1.740361e-01
9.690000e-01  1.737633e-01
9.720000e-01  1.734913e-01
9.750000e-01  1.732201e-01
9.780000e-01  1.729497e-01
9.810000e-01  1.726800e-01
9.840000e-01  1.724111e-01
9.870000e-01  1.721430e-01
9.900000e-01  1.718756e-01
9.930000e-01  1.716090e-01
9.960000e-01  1.713431e-01
9.990000e-01  1.710780e-01
