000000  000001
3.000000e-03  7.223533e-01
6.000000e-03  6.297881e-01
9.000000e-03  5.749389e-01
1.200000e-02  5.365644e-01
1.500000e-02  5.073569e-01
1.800000e-02  4.839503e-01
2.100000e-02  4.645246e-01
2.400000e-02  4.479887e-01
2.700000e-02  4.336391e-01
3.000000e-02  4.209969e-01
3.300000e-02  4.097220e-01
3.600000e-02  3.995649e-01
3.900000e-02  3.903371e-01
4.200000e-02  3.818930e-01
4.500000e-02  3.741181e-01
4.800000e-02  3.669207e-01
5.100000e-02  3.602262e-01
5.400000e-02  3.539732e-01
5.700000e-02  3.481107e-01
6.000000e-02  3.425958e-01
6.300000e-02  3.373921e-01
6.600000e-02  3.324685e-01
6.900000e-02  3.277982e-01
7.200000e-02  3.233581e-01
7.500000e-02  3.191277e-01
7.800000e-02  3.150894e-01
8.100000e-02  3.112275e-01
8.400000e-02  3.075280e-01
8.700000e-02  3.039788e-01
9.000000e-02  3.005686e-01
9.300000e-02  2.972876e-01
9.600000e-02  2.941270e-01
9.900000e-02  2.910785e-01
1.020000e-01  2.881351e-01
1.050000e-01  2.852899e-01
1.080000e-01  2.825371e-01
1.110000e-01  2.798711e-01
1.140000e-01  2.772868e-01
1.170000e-01  2.747795e-01
1.200000e-01  2.723452e-01
1.230000e-01  2.699797e-01
1.260000e-01  2.676794e-01
1.290000e-01  2.654411e-01
1.320000e-01  2.632616e-01
1.350000e-01  2.611379e-01
1.380000e-01  2.590674e-01
1.410000e-01  2.570476e-01
1.440000e-01  2.550762e-01
1.470000e-01  2.531509e-01
1.500000e-01  2.512697e-01
1.530000e-01  2.494306e-01
1.560000e-01  2.476320e-01
1.590000e-01  2.458720e-01
1.620000e-01  2.441491e-01
1.650000e-01  2.424617e-01
1.680000e-01  2.408086e-01
1.710000e-01  2.391882e-01
1.740000e-01  2.375994e-01
1.770000e-01  2.360410e-01
1.800000e-01  2.345119e-01
1.830000e-01  2.330109e-01
1.860000e-01  2.315370e-01
1.890000e-01  2.300893e-01
1.920000e-01  2.286669e-01
1.950000e-01  2.272690e-01
1.980000e-01  2.258945e-01
2.010000e-01  2.245429e-01
2.040000e-01  2.232133e-01
2.070000e-01  2.219050e-01
2.100000e-01  2.206173e-01
2.130000e-01  2.193496e-01
2.160000e-01  2.181013e-01
2.190000e-01  2.168717e-01
2.220000e-01  2.156602e-01
2.250000e-01  2.144665e-01
2.280000e-01  2.132898e-01
2.310000e-01  2.121297e-01
2.340000e-01  2.109857e-01
2.370000e-01  2.098574e-01
2.400000e-01  2.087444e-01
2.430000e-01  2.076461e-01
2.460000e-01  2.065621e-01
2.490000e-01  2.054922e-01
2.520000e-01  2.044359e-01
2.550000e-01  2.033927e-01
2.580000e-01  2.023625e-01
2.610000e-01  2.013449e-01
2.640000e-01  2.003394e-01
2.670000e-01  1.993459e-01
2.700000e-01  1.983639e-01
2.730000e-01  1.973932e-01
2.760000e-01  1.964336e-01
2.790000e-01  1.954847e-01
2.820000e-01  1.945463e-01
2.850000e-01  1.936182e-01
2.880000e-01  1.927000e-01
2.910000e-01  1.917915e-01
2.940000e-01  1.908925e-01
2.970000e-01  1.900029e-01
3.000000e-01  1.891223e-01
3.030000e-01  1.882505e-01
3.060000e-01  1.873874e-01
3.090000e-01  1.865328e-01
3.120000e-01  1.856863e-01
3.150000e-01  1.848480e-01
3.180000e-01  1.840176e-01
3.210000e-01  1.831949e-01
3.240000e-01  1.823797e-01
3.270000e-01  1.815719e-01
3.300000e-01  1.807713e-01
3.330000e-01  1.799778e-01
3.360000e-01  1.791912e-01
3.390000e-01  1.784113e-01
3.420000e-01  1.776381e-01
3.450000e-01  1.768713e-01
3.480000e-01  1.761109e-01
3.510000e-01  1.753566e-01
3.540000e-01  1.746085e-01
3.570000e-01  1.738663e-01
3.600000e-01  1.731299e-01
3.630000e-01  1.723992e-01
3.660000e-01  1.716741e-01
3.690000e-01  1.709545e-01
3.720000e-01  1.702402e-01
3.750000e-01  1.695312e-01
3.780000e-01  1.688273e-01
3.810000e-01  1.681285e-01
3.840000e-01  1.674346e-01
3.870000e-01  1.667455e-01
3.900000e-01  1.660612e-01
3.930000e-01  1.653815e-01
3.960000e-01  1.647064e-01
3.990000e-01  1.640357e-01
4.020000e-01  1.633694e-01
4.050000e-01  1.627074e-01
4.080000e-01  1.620496e-01
4.110000e-01  1.613958e-01
4.140000e-01  1.607462e-01
4.170000e-01  1.601004e-01
4.200000e-01  1.594586e-01
4.230000e-01  1.588205e-01
4.260000e-01  1.581862e-01
4.290000e-01  1.575555e-01
4.320000e-01  1.569283e-01
4.350000e-01  1.563047e-01
4.380000e-01  1.556845e-01
4.410000e-01  1.550676e-01
4.440000e-01  1.544540e-01
4.470000e-01  1.538437e-01
4.500000e-01  1.532365e-01
4.530000e-01  1.526324e-01
4.560000e-01  1.520313e-01
4.590000e-01  1.514331e-01
4.620000e-01  1.508379e-01
4.650000e-01  1.502455e-01
4.680000e-01  1.496559e-01
4.710000e-01  1.490690e-01
4.740000e-01  1.484847e-01
4.770000e-01  1.479031e-01
4.800000e-01  1.473240e-01
4.830000e-01  1.467473e-01
4.860000e-01  1.461731e-01
4.890000e-01  1.456013e-01
4.920000e-01  1.450318e-01
4.950000e-01  1.444645e-01
4.980000e-01  1.438995e-01
5.010000e-01  1.433366e-01
5.040000e-01  1.427758e-01
5.070000e-01  1.422170e-01
5.100000e-01  1.416603e-01
5.130000e-01  1.411055e-01
5.160000e-01  1.405525e-01
5.190000e-01  1.400015e-01
5.220000e-01  1.394522e-01
5.250000e-01  1.389046e-01
5.280000e-01  1.383587e-01
5.310000e-01  1.378145e-01
5.340000e-01  1.372719e-01
5.370000e-01  1.367308e-01
5.400000e-01  1.361912e-01
5.430000e-01  1.356530e-01
5.460000e-01  1.351162e-01
5.490000e-01  1.345807e-01
5.520000e-01  1.340466e-01
5.550000e-01  1.335137e-01
5.580000e-01  1.329819e-01
5.610000e-01  1.324513e-01
5.640000e-01  1.319218e-01
5.670000e-01  1.313933e-01
5.700000e-01  1.308659e-01
5.730000e-01  1.303393e-01
5.760000e-01  1.298136e-01
5.790000e-01  1.292888e-01
5.820000e-01  1.287648e-01
5.850000e-01  1.282414e-01
5.880000e-01  1.277188e-01
5.910000e-01  1.271968e-01
5.940000e-01  1.266753e-01
5.970000e-01  1.261544e-01
6.000000e-01  1.256339e-01
6.030000e-01  1.251138e-01
6.060000e-01  1.245941e-01
6.090000e-01  1.240746e-01
6.120000e-01  1.235554e-01
6.150000e-01  1.230363e-01
6.180000e-01  1.225173e-01
6.210000e-01  000000
6.240000e-01  000000
6.270000e-01  000000
6.300000e-01  000000
6.330000e-01  000000
6.360000e-01  000000
6.390000e-01  000000
6.420000e-01  000000
6.450000e-01  000000
6.480000e-01  000000
6.510000e-01  000000
6.540000e-01  000000
6.570000e-01  000000
6.600000e-01  000000
6.630000e-01  000000
6.660000e-01  000000
6.690000e-01  000000
6.720000e-01  000000
6.750000e-01  000000
6.780000e-01  000000
6.810000e-01  000000
6.840000e-01  000000
6.870000e-01  000000
6.900000e-01  000000
6.930000e-01  000000
6.960000e-01  000000
6.990000e-01  000000
7.020000e-01  000000
7.050000e-01  000000
7.080000e-01  000000
7.110000e-01  000000
7.140000e-01  000000
7.170000e-01  000000
7.200000e-01  000000
7.230000e-01  000000
7.260000e-01  000000
7.290000e-01  000000
7.320000e-01  000000
7.350000e-01  000000
7.380000e-01  000000
7.410000e-01  000000
7.440000e-01  000000
7.470000e-01  000000
7.500000e-01  000000
7.530000e-01  000000
7.560000e-01  000000
7.590000e-01  000000
7.620000e-01  000000
7.650000e-01  000000
7.680000e-01  000000
7.710000e-01  000000
7.740000e-01  000000
7.770000e-01  000000
7.800000e-01  000000
7.830000e-01  000000
7.860000e-01  000000
7.890000e-01  000000
7.920000e-01  000000
7.950000e-01  000000
7.980000e-01  000000
8.010000e-01  000000
8.040000e-01  000000
8.070000e-01  000000
8.100000e-01  000000
8.130000e-01  000000
8.160000e-01  000000
8.190000e-01  000000
8.220000e-01  000000
8.250000e-01  000000
8.280000e-01  000000
8.310000e-01  000000
8.340000e-01  000000
8.370000e-01  000000
8.400000e-01  000000
8.430000e-01  000000
8.460000e-01  000000
8.490000e-01  000000
8.520000e-01  000000
8.550000e-01  000000
8.580000e-01  000000
8.610000e-01  000000
8.640000e-01  000000
8.670000e-01  000000
8.700000e-01  000000
8.730000e-01  000000
8.760000e-01  000000
8.790000e-01  000000
8.820000e-01  000000
8.850000e-01  000000
8.880000e-01  000000
8.910000e-01  000000
8.940000e-01  000000
8.970000e-01  000000
9.000000e-01  000000
9.030000e-01  000000
9.060000e-01  000000
9.090000e-01  000000
9.120000e-01  000000
9.150000e-01  000000
9.180000e-01  000000
9.210000e-01  000000
9.240000e-01  000000
9.270000e-01  000000
9.300000e-01  000000
9.330000e-01  000000
9.360000e-01  000000
9.390000e-01  000000
9.420000e-01  000000
9.450000e-01  000000
9.480000e-01  000000
9.510000e-01  000000
9.540000e-01  000000
9.570000e-01  000000
9.600000e-01  000000
9.630000e-01  000000
9.660000e-01  000000
9.690000e-01  000000
9.720000e-01  000000
9.750000e-01  000000
9.780000e-01  000000
9.810000e-01  000000
9.840000e-01  000000
9.870000e-01  000000
9.900000e-01  000000
9.930000e-01  000000
9.960000e-01  000000
9.990000e-01  000000
