000000  000001
3.000000e-03  9.929564e-01
6.000000e-03  9.861965e-01
9.000000e-03  9.796966e-01
1.200000e-02  9.734362e-01
1.500000e-02  9.673967e-01
1.800000e-02  9.615619e-01
2.100000e-02  9.559174e-01
2.400000e-02  9.504501e-01
2.700000e-02  9.451484e-01
3.000000e-02  9.400017e-01
3.300000e-02  9.350005e-01
3.600000e-02  9.301361e-01
3.900000e-02  9.254006e-01
4.200000e-02  9.207866e-01
4.500000e-02  9.162877e-01
4.800000e-02  9.118976e-01
5.100000e-02  9.076107e-01
5.400000e-02  9.034219e-01
5.700000e-02  8.993263e-01
6.000000e-02  8.953195e-01
6.300000e-02  8.913972e-01
6.600000e-02  8.875557e-01
6.900000e-02  8.837913e-01
7.200000e-02  8.801007e-01
7.500000e-02  8.764807e-01
7.800000e-02  8.729283e-01
8.100000e-02  8.694408e-01
8.400000e-02  8.660156e-01
8.700000e-02  8.626503e-01
9.000000e-02  8.593424e-01
9.300000e-02  8.560899e-01
9.600000e-02  8.528906e-01
9.900000e-02  8.497427e-01
1.020000e-01  8.466442e-01
1.050000e-01  8.435935e-01
1.080000e-01  8.405888e-01
1.110000e-01  8.376287e-01
1.140000e-01  8.347115e-01
1.170000e-01  8.318360e-01
1.200000e-01  8.290007e-01
1.230000e-01  8.262043e-01
1.260000e-01  8.234457e-01
1.290000e-01  8.207235e-01
1.320000e-01  8.180369e-01
1.350000e-01  8.153845e-01
1.380000e-01  8.127655e-01
1.410000e-01  8.101788e-01
1.440000e-01  8.076235e-01
1.470000e-01  8.050988e-01
1.500000e-01  8.026036e-01
1.530000e-01  8.001373e-01
1.560000e-01  7.976990e-01
1.590000e-01  7.952880e-01
1.620000e-01  7.929034e-01
1.650000e-01  7.905447e-01
1.680000e-01  7.882111e-01
1.710000e-01  7.859020e-01
1.740000e-01  7.836168e-01
1.770000e-01  7.813547e-01
1.800000e-01  7.791154e-01
1.830000e-01  7.768981e-01
1.860000e-01  7.747023e-01
1.890000e-01  7.725276e-01
1.920000e-01  7.703734e-01
1.950000e-01  7.682392e-01
1.980000e-01  7.661245e-01
2.010000e-01  7.640290e-01
2.040000e-01  7.619520e-01
2.070000e-01  7.598933e-01
2.100000e-01  7.578523e-01
2.130000e-01  7.558287e-01
2.160000e-01  7.538221e-01
2.190000e-01  7.518321e-01
2.220000e-01  7.498584e-01
2.250000e-01  7.479005e-01
2.280000e-01  7.459582e-01
2.310000e-01  7.440311e-01
2.340000e-01  7.421188e-01
2.370000e-01  7.402211e-01
2.400000e-01  7.383376e-01
2.430000e-01  7.364681e-01
2.460000e-01  7.346122e-01
2.490000e-01  7.327697e-01
2.520000e-01  7.309403e-01
2.550000e-01  7.291237e-01
2.580000e-01  7.273197e-01
2.610000e-01  7.255279e-01
2.640000e-01  7.237482e-01
2.670000e-01  7.219803e-01
2.700000e-01  7.202240e-01
2.730000e-01  7.184790e-01
2.760000e-01  7.167452e-01
2.790000e-01  7.150222e-01
2.820000e-01  7.133099e-01
2.850000e-01  7.116081e-01
2.880000e-01  7.099165e-01
2.910000e-01  7.082350e-01
2.940000e-01  7.065634e-01
2.970000e-01  7.049014e-01
3.000000e-01  7.032490e-01
3.030000e-01  7.016058e-01
3.060000e-01  6.999718e-01
3.090000e-01  6.983468e-01
3.120000e-01  6.967305e-01
3.150000e-01  6.951228e-01
3.180000e-01  6.935236e-01
3.210000e-01  6.919326e-01
3.240000e-01  6.903498e-01
3.270000e-01  6.887750e-01
3.300000e-01  6.872080e-01
3.330000e-01  6.856487e-01
3.360000e-01  6.840969e-01
3.390000e-01  6.825525e-01
3.420000e-01  6.810154e-01
3.450000e-01  6.794853e-01
3.480000e-01  6.779622e-01
3.510000e-01  6.764460e-01
3.540000e-01  6.749365e-01
3.570000e-01  6.734335e-01
3.600000e-01  6.719371e-01
3.630000e-01  6.704469e-01
3.660000e-01  6.689630e-01
3.690000e-01  6.674851e-01
3.720000e-01  6.660132e-01
3.750000e-01  6.645472e-01
3.780000e-01  6.630869e-01
3.810000e-01  6.616322e-01
3.840000e-01  6.601831e-01
3.870000e-01  6.587394e-01
3.900000e-01  6.573009e-01
3.930000e-01  6.558677e-01
3.960000e-01  6.544395e-01
3.990000e-01  6.530163e-01
4.020000e-01  6.515980e-01
4.050000e-01  6.501845e-01
4.080000e-01  6.487757e-01
4.110000e-01  6.473714e-01
4.140000e-01  6.459716e-01
4.170000e-01  6.445762e-01
4.200000e-01  6.431851e-01
4.230000e-01  6.417982e-01
4.260000e-01  6.404154e-01
4.290000e-01  6.390366e-01
4.320000e-01  6.376618e-01
4.350000e-01  6.362907e-01
4.380000e-01  6.349234e-01
4.410000e-01  6.335598e-01
4.440000e-01  6.321997e-01
4.470000e-01  6.308431e-01
4.500000e-01  6.294899e-01
4.530000e-01  6.281400e-01
4.560000e-01  6.267933e-01
4.590000e-01  6.254497e-01
4.620000e-01  6.241092e-01
4.650000e-01  6.227717e-01
4.680000e-01  6.214370e-01
4.710000e-01  6.201052e-01
4.740000e-01  6.187760e-01
4.770000e-01  6.174495e-01
4.800000e-01  6.161256e-01
4.830000e-01  6.148041e-01
4.860000e-01  6.134850e-01
4.890000e-01  6.121682e-01
4.920000e-01  6.108537e-01
4.950000e-01  6.095413e-01
4.980000e-01  6.082309e-01
5.010000e-01  6.069226e-01
5.040000e-01  6.056161e-01
5.070000e-01  6.043115e-01
5.100000e-01  6.030086e-01
5.130000e-01  6.017074e-01
5.160000e-01  6.004078e-01
5.190000e-01  5.991097e-01
5.220000e-01  5.978130e-01
5.250000e-01  5.965177e-01
5.280000e-01  5.952236e-01
5.310000e-01  5.939307e-01
5.340000e-01  5.926389e-01
5.370000e-01  5.913482e-01
5.400000e-01  5.900583e-01
5.430000e-01  5.887693e-01
5.460000e-01  5.874811e-01
5.490000e-01  5.861936e-01
5.520000e-01  5.849067e-01
5.550000e-01  5.836202e-01
5.580000e-01  5.823343e-01
5.610000e-01  5.810486e-01
5.640000e-01  5.797632e-01
5.670000e-01  5.784780e-01
5.700000e-01  000000
5.730000e-01  000000
5.760000e-01  000000
5.790000e-01  000000
5.820000e-01  000000
5.850000e-01  000000
5.880000e-01  000000
5.910000e-01  000000
5.940000e-01  000000
5.970000e-01  000000
6.000000e-01  000000
6.030000e-01  000000
6.060000e-01  000000
6.090000e-01  000000
6.120000e-01  000000
6.150000e-01  000000
6.180000e-01  000000
6.210000e-01  000000
6.240000e-01  000000
6.270000e-01  000000
6.300000e-01  000000
6.330000e-01  000000
6.360000e-01  000000
6.390000e-01  000000
6.420000e-01  000000
6.450000e-01  000000
6.480000e-01  000000
6.510000e-01  000000
6.540000e-01  000000
6.570000e-01  000000
6.600000e-01  000000
6.630000e-01  000000
6.660000e-01  000000
6.690000e-01  000000
6.720000e-01  000000
6.750000e-01  000000
6.780000e-01  000000
6.810000e-01  000000
6.840000e-01  000000
6.870000e-01  000000
6.900000e-01  000000
6.930000e-01  000000
6.960000e-01  000000
6.990000e-01  000000
7.020000e-01  000000
7.050000e-01  000000
7.080000e-01  000000
7.110000e-01  000000
7.140000e-01  000000
7.170000e-01  000000
7.200000e-01  000000
7.230000e-01  000000
7.260000e-01  000000
7.290000e-01  000000
7.320000e-01  000000
7.350000e-01  000000
7.380000e-01  000000
7.410000e-01  000000
7.440000e-01  000000
7.470000e-01  000000
7.500000e-01  000000
7.530000e-01  000000
7.560000e-01  000000
7.590000e-01  000000
7.620000e-01  000000
7.650000e-01  000000
7.680000e-01  000000
7.710000e-01  000000
7.740000e-01  000000
7.770000e-01  000000
7.800000e-01  000000
7.830000e-01  000000
7.860000e-01  000000
7.890000e-01  000000
7.920000e-01  000000
7.950000e-01  000000
7.980000e-01  000000
8.010000e-01  000000
8.040000e-01  000000
8.070000e-01  000000
8.100000e-01  000000
8.130000e-01  000000
8.160000e-01  000000
8.190000e-01  000000
8.220000e-01  000000
8.250000e-01  000000
8.280000e-01  000000
8.310000e-01  000000
8.340000e-01  000000
8.370000e-01  000000
8.400000e-01  000000
8.430000e-01  000000
8.460000e-01  000000
8.490000e-01  000000
8.520000e-01  000000
8.550000e-01  000000
8.580000e-01  000000
8.610000e-01  000000
8.640000e-01  000000
8.670000e-01  000000
8.700000e-01  000000
8.730000e-01  000000
8.760000e-01  000000
8.790000e-01  000000
8.820000e-01  000000
8.850000e-01  000000
8.880000e-01  000000
8.910000e-01  000000
8.940000e-01  000000
8.970000e-01  000000
9.000000e-01  000000
9.030000e-01  000000
9.060000e-01  000000
9.090000e-01  000000
9.120000e-01  000000
9.150000e-01  000000
9.180000e-01  000000
9.210000e-01  000000
9.240000e-01  000000
9.270000e-01  000000
9.300000e-01  000000
9.330000e-01  000000
9.360000e-01  000000
9.390000e-01  000000
9.420000e-01  000000
9.450000e-01  000000
9.480000e-01  000000
9.510000e-01  000000
9.540000e-01  000000
9.570000e-01  000000
9.600000e-01  000000
9.630000e-01  000000
9.660000e-01  000000
9.690000e-01  000000
9.720000e-01  000000
9.750000e-01  000000
9.780000e-01  000000
9.810000e-01  000000
9.840000e-01  000000
9.870000e-01  000000
9.900000e-01  000000
9.930000e-01  000000
9.960000e-01  000000
9.990000e-01  000000
