000000  000001
3.000000e-03  9.938641e-01
6.000000e-03  9.879449e-01
9.000000e-03  9.822263e-01
1.200000e-02  9.766942e-01
1.500000e-02  9.713360e-01
1.800000e-02  9.661402e-01
2.100000e-02  9.610964e-01
2.400000e-02  9.561953e-01
2.700000e-02  9.514284e-01
3.000000e-02  9.467881e-01
3.300000e-02  9.422671e-01
3.600000e-02  9.378590e-01
3.900000e-02  9.335578e-01
4.200000e-02  9.293580e-01
4.500000e-02  9.252546e-01
4.800000e-02  9.212428e-01
5.100000e-02  9.173182e-01
5.400000e-02  9.134768e-01
5.700000e-02  9.097148e-01
6.000000e-02  9.060287e-01
6.300000e-02  9.024152e-01
6.600000e-02  8.988712e-01
6.900000e-02  8.953938e-01
7.200000e-02  8.919803e-01
7.500000e-02  8.886282e-01
7.800000e-02  8.853350e-01
8.100000e-02  8.820985e-01
8.400000e-02  8.789166e-01
8.700000e-02  8.757872e-01
9.000000e-02  8.727085e-01
9.300000e-02  8.696786e-01
9.600000e-02  8.666958e-01
9.900000e-02  8.637586e-01
1.020000e-01  8.608653e-01
1.050000e-01  8.580145e-01
1.080000e-01  8.552048e-01
1.110000e-01  8.524350e-01
1.140000e-01  8.497036e-01
1.170000e-01  8.470096e-01
1.200000e-01  8.443518e-01
1.230000e-01  8.417290e-01
1.260000e-01  8.391403e-01
1.290000e-01  8.365846e-01
1.320000e-01  8.340610e-01
1.350000e-01  8.315685e-01
1.380000e-01  8.291063e-01
1.410000e-01  8.266735e-01
1.440000e-01  8.242694e-01
1.470000e-01  8.218930e-01
1.500000e-01  8.195438e-01
1.530000e-01  8.172210e-01
1.560000e-01  8.149238e-01
1.590000e-01  8.126517e-01
1.620000e-01  8.104039e-01
1.650000e-01  8.081799e-01
1.680000e-01  8.059790e-01
1.710000e-01  8.038008e-01
1.740000e-01  8.016446e-01
1.770000e-01  7.995099e-01
1.800000e-01  7.973962e-01
1.830000e-01  7.953030e-01
1.860000e-01  7.932298e-01
1.890000e-01  7.911761e-01
1.920000e-01  7.891416e-01
1.950000e-01  7.871257e-01
1.980000e-01  7.851281e-01
2.010000e-01  7.831483e-01
2.040000e-01  7.811860e-01
2.070000e-01  7.792407e-01
2.100000e-01  7.773122e-01
2.130000e-01  7.753999e-01
2.160000e-01  7.735037e-01
2.190000e-01  7.716231e-01
2.220000e-01  7.697578e-01
2.250000e-01  7.679075e-01
2.280000e-01  7.660719e-01
2.310000e-01  7.642507e-01
2.340000e-01  7.624436e-01
2.370000e-01  7.606503e-01
2.400000e-01  7.588706e-01
2.430000e-01  7.571041e-01
2.460000e-01  7.553506e-01
2.490000e-01  7.536099e-01
2.520000e-01  7.518817e-01
2.550000e-01  7.501657e-01
2.580000e-01  7.484618e-01
2.610000e-01  7.467697e-01
2.640000e-01  7.450891e-01
2.670000e-01  7.434199e-01
2.700000e-01  7.417619e-01
2.730000e-01  7.401148e-01
2.760000e-01  7.384784e-01
2.790000e-01  7.368526e-01
2.820000e-01  7.352371e-01
2.850000e-01  7.336318e-01
2.880000e-01  7.320364e-01
2.910000e-01  7.304509e-01
2.940000e-01  7.288749e-01
2.970000e-01  7.273084e-01
3.000000e-01  7.257512e-01
3.030000e-01  7.242031e-01
3.060000e-01  7.226640e-01
3.090000e-01  7.211337e-01
3.120000e-01  7.196120e-01
3.150000e-01  7.180988e-01
3.180000e-01  7.165940e-01
3.210000e-01  7.150973e-01
3.240000e-01  7.136088e-01
3.270000e-01  7.121282e-01
3.300000e-01  7.106553e-01
3.330000e-01  7.091902e-01
3.360000e-01  7.077325e-01
3.390000e-01  7.062823e-01
3.420000e-01  7.048393e-01
3.450000e-01  7.034035e-01
3.480000e-01  7.019747e-01
3.510000e-01  7.005529e-01
3.540000e-01  6.991379e-01
3.570000e-01  6.977295e-01
3.600000e-01  6.963277e-01
3.630000e-01  6.949325e-01
3.660000e-01  6.935435e-01
3.690000e-01  6.921608e-01
3.720000e-01  6.907843e-01
3.750000e-01  6.894138e-01
3.780000e-01  6.880493e-01
3.810000e-01  6.866907e-01
3.840000e-01  6.853377e-01
3.870000e-01  6.839905e-01
3.900000e-01  6.826488e-01
3.930000e-01  6.813126e-01
3.960000e-01  6.799818e-01
3.990000e-01  6.786563e-01
4.020000e-01  6.773360e-01
4.050000e-01  6.760208e-01
4.080000e-01  6.747106e-01
4.110000e-01  6.734054e-01
4.140000e-01  6.721051e-01
4.170000e-01  6.708096e-01
4.200000e-01  6.695187e-01
4.230000e-01  6.682325e-01
4.260000e-01  6.669509e-01
4.290000e-01  6.656737e-01
4.320000e-01  6.644009e-01
4.350000e-01  6.631325e-01
4.380000e-01  6.618683e-01
4.410000e-01  6.606082e-01
4.440000e-01  6.593523e-01
4.470000e-01  6.581004e-01
4.500000e-01  6.568525e-01
4.530000e-01  6.556084e-01
4.560000e-01  6.543682e-01
4.590000e-01  6.531318e-01
4.620000e-01  6.518990e-01
4.650000e-01  6.506699e-01
4.680000e-01  6.494443e-01
4.710000e-01  6.482222e-01
4.740000e-01  6.470035e-01
4.770000e-01  6.457882e-01
4.800000e-01  6.445762e-01
4.830000e-01  6.433675e-01
4.860000e-01  6.421619e-01
4.890000e-01  6.409594e-01
4.920000e-01  6.397600e-01
4.950000e-01  6.385636e-01
4.980000e-01  6.373701e-01
5.010000e-01  6.361795e-01
5.040000e-01  6.349917e-01
5.070000e-01  6.338067e-01
5.100000e-01  6.326244e-01
5.130000e-01  6.314447e-01
5.160000e-01  6.302676e-01
5.190000e-01  6.290930e-01
5.220000e-01  6.279209e-01
5.250000e-01  6.267513e-01
5.280000e-01  6.255840e-01
5.310000e-01  6.244190e-01
5.340000e-01  6.232562e-01
5.370000e-01  6.220957e-01
5.400000e-01  6.209373e-01
5.430000e-01  6.197809e-01
5.460000e-01  6.186267e-01
5.490000e-01  6.174744e-01
5.520000e-01  6.163240e-01
5.550000e-01  6.151755e-01
5.580000e-01  6.140288e-01
5.610000e-01  6.128839e-01
5.640000e-01  6.117407e-01
5.670000e-01  6.105992e-01
5.700000e-01  6.094593e-01
5.730000e-01  6.083209e-01
5.760000e-01  6.071841e-01
5.790000e-01  6.060487e-01
5.820000e-01  6.049147e-01
5.850000e-01  6.037820e-01
5.880000e-01  6.026507e-01
5.910000e-01  6.015205e-01
5.940000e-01  6.003916e-01
5.970000e-01  5.992638e-01
6.000000e-01  5.981371e-01
6.030000e-01  5.970114e-01
6.060000e-01  5.958867e-01
6.090000e-01  5.947629e-01
6.120000e-01  5.936400e-01
6.150000e-01  5.925179e-01
6.180000e-01  5.913966e-01
6.210000e-01  5.902759e-01
6.240000e-01  5.891560e-01
6.270000e-01  5.880366e-01
6.300000e-01  5.869177e-01
6.330000e-01  5.857994e-01
6.360000e-01  5.846815e-01
6.390000e-01  5.835640e-01
6.420000e-01  5.824468e-01
6.450000e-01  5.813298e-01
6.480000e-01  5.802131e-01
6.510000e-01  5.790965e-01
6.540000e-01  5.779800e-01
6.570000e-01  000000
6.600000e-01  000000
6.630000e-01  000000
6.660000e-01  000000
6.690000e-01  000000
6.720000e-01  000000
6.750000e-01  000000
6.780000e-01  000000
6.810000e-01  000000
6.840000e-01  000000
6.870000e-01  000000
6.900000e-01  000000
6.930000e-01  000000
6.960000e-01  000000
6.990000e-01  000000
7.020000e-01  000000
7.050000e-01  000000
7.080000e-01  000000
7.110000e-01  000000
7.140000e-01  000000
7.170000e-01  000000
7.200000e-01  000000
7.230000e-01  000000
7.260000e-01  000000
7.290000e-01  000000
7.320000e-01  000000
7.350000e-01  000000
7.380000e-01  000000
7.410000e-01  000000
7.440000e-01  000000
7.470000e-01  000000
7.500000e-01  000000
7.530000e-01  000000
7.560000e-01  000000
7.590000e-01  000000
7.620000e-01  000000
7.650000e-01  000000
7.680000e-01  000000
7.710000e-01  000000
7.740000e-01  000000
7.770000e-01  000000
7.800000e-01  000000
7.830000e-01  000000
7.860000e-01  000000
7.890000e-01  000000
7.920000e-01  000000
7.950000e-01  000000
7.980000e-01  000000
8.010000e-01  000000
8.040000e-01  000000
8.070000e-01  000000
8.100000e-01  000000
8.130000e-01  000000
8.160000e-01  000000
8.190000e-01  000000
8.220000e-01  000000
8.250000e-01  000000
8.280000e-01  000000
8.310000e-01  000000
8.340000e-01  000000
8.370000e-01  000000
8.400000e-01  000000
8.430000e-01  000000
8.460000e-01  000000
8.490000e-01  000000
8.520000e-01  000000
8.550000e-01  000000
8.580000e-01  000000
8.610000e-01  000000
8.640000e-01  000000
8.670000e-01  000000
8.700000e-01  000000
8.730000e-01  000000
8.760000e-01  000000
8.790000e-01  000000
8.820000e-01  000000
8.850000e-01  000000
8.880000e-01  000000
8.910000e-01  000000
8.940000e-01  000000
8.970000e-01  000000
9.000000e-01  000000
9.030000e-01  000000
9.060000e-01  000000
9.090000e-01  000000
9.120000e-01  000000
9.150000e-01  000000
9.180000e-01  000000
9.210000e-01  000000
9.240000e-01  000000
9.270000e-01  000000
9.300000e-01  000000
9.330000e-01  000000
9.360000e-01  000000
9.390000e-01  000000
9.420000e-01  000000
9.450000e-01  000000
9.480000e-01  000000
9.510000e-01  000000
9.540000e-01  000000
9.570000e-01  000000
9.600000e-01  000000
9.630000e-01  000000
9.660000e-01  000000
9.690000e-01  000000
9.720000e-01  000000
9.750000e-01  000000
9.780000e-01  000000
9.810000e-01  000000
9.840000e-01  000000
9.870000e-01  000000
9.900000e-01  000000
9.930000e-01  000000
9.960000e-01  000000
9.990000e-01  000000
