000000  000001
3.000000e-03  9.924225e-01
6.000000e-03  9.851723e-01
9.000000e-03  9.782201e-01
1.200000e-02  9.715406e-01
1.500000e-02  9.651117e-01
1.800000e-02  9.589137e-01
2.100000e-02  9.529294e-01
2.400000e-02  9.471434e-01
2.700000e-02  9.415420e-01
3.000000e-02  9.361126e-01
3.300000e-02  9.308443e-01
3.600000e-02  9.257269e-01
3.900000e-02  9.207513e-01
4.200000e-02  9.159092e-01
4.500000e-02  9.111928e-01
4.800000e-02  9.065954e-01
5.100000e-02  9.021103e-01
5.400000e-02  8.977318e-01
5.700000e-02  8.934545e-01
6.000000e-02  8.892731e-01
6.300000e-02  8.851832e-01
6.600000e-02  8.811804e-01
6.900000e-02  8.772606e-01
7.200000e-02  8.734200e-01
7.500000e-02  8.696553e-01
7.800000e-02  8.659630e-01
8.100000e-02  8.623402e-01
8.400000e-02  8.587838e-01
8.700000e-02  8.552913e-01
9.000000e-02  8.518601e-01
9.300000e-02  8.484878e-01
9.600000e-02  8.451721e-01
9.900000e-02  8.419109e-01
1.020000e-01  8.387021e-01
1.050000e-01  8.355439e-01
1.080000e-01  8.324345e-01
1.110000e-01  8.293721e-01
1.140000e-01  8.263551e-01
1.170000e-01  8.233819e-01
1.200000e-01  8.204512e-01
1.230000e-01  8.175615e-01
1.260000e-01  8.147114e-01
1.290000e-01  8.118997e-01
1.320000e-01  8.091252e-01
1.350000e-01  8.063868e-01
1.380000e-01  8.036832e-01
1.410000e-01  8.010135e-01
1.440000e-01  7.983767e-01
1.470000e-01  7.957718e-01
1.500000e-01  7.931978e-01
1.530000e-01  7.906539e-01
1.560000e-01  7.881392e-01
1.590000e-01  7.856529e-01
1.620000e-01  7.831942e-01
1.650000e-01  7.807623e-01
1.680000e-01  7.783566e-01
1.710000e-01  7.759763e-01
1.740000e-01  7.736208e-01
1.770000e-01  7.712894e-01
1.800000e-01  7.689814e-01
1.830000e-01  7.666964e-01
1.860000e-01  7.644336e-01
1.890000e-01  7.621926e-01
1.920000e-01  7.599727e-01
1.950000e-01  7.577735e-01
1.980000e-01  7.555945e-01
2.010000e-01  7.534352e-01
2.040000e-01  7.512950e-01
2.070000e-01  7.491736e-01
2.100000e-01  7.470705e-01
2.130000e-01  7.449853e-01
2.160000e-01  7.429175e-01
2.190000e-01  7.408668e-01
2.220000e-01  7.388327e-01
2.250000e-01  7.368149e-01
2.280000e-01  7.348130e-01
2.310000e-01  7.328267e-01
2.340000e-01  7.308555e-01
2.370000e-01  7.288993e-01
2.400000e-01  7.269576e-01
2.430000e-01  7.250301e-01
2.460000e-01  7.231165e-01
2.490000e-01  7.212165e-01
2.520000e-01  7.193298e-01
2.550000e-01  7.174562e-01
2.580000e-01  7.155953e-01
2.610000e-01  7.137469e-01
2.640000e-01  7.119107e-01
2.670000e-01  7.100865e-01
2.700000e-01  7.082740e-01
2.730000e-01  7.064730e-01
2.760000e-01  7.046831e-01
2.790000e-01  7.029043e-01
2.820000e-01  7.011362e-01
2.850000e-01  6.993787e-01
2.880000e-01  6.976315e-01
2.910000e-01  6.958944e-01
2.940000e-01  6.941672e-01
2.970000e-01  6.924497e-01
3.000000e-01  6.907417e-01
3.030000e-01  6.890430e-01
3.060000e-01  6.873535e-01
3.090000e-01  6.856728e-01
3.120000e-01  6.840009e-01
3.150000e-01  6.823376e-01
3.180000e-01  6.806827e-01
3.210000e-01  6.790359e-01
3.240000e-01  6.773973e-01
3.270000e-01  6.757665e-01
3.300000e-01  6.741434e-01
3.330000e-01  6.725279e-01
3.360000e-01  6.709198e-01
3.390000e-01  6.693190e-01
3.420000e-01  6.677253e-01
3.450000e-01  6.661385e-01
3.480000e-01  6.645585e-01
3.510000e-01  6.629852e-01
3.540000e-01  6.614185e-01
3.570000e-01  6.598581e-01
3.600000e-01  6.583039e-01
3.630000e-01  6.567559e-01
3.660000e-01  6.552139e-01
3.690000e-01  6.536777e-01
3.720000e-01  6.521472e-01
3.750000e-01  6.506223e-01
3.780000e-01  6.491029e-01
3.810000e-01  6.475888e-01
3.840000e-01  6.460800e-01
3.870000e-01  6.445762e-01
3.900000e-01  6.430775e-01
3.930000e-01  6.415836e-01
3.960000e-01  6.400944e-01
3.990000e-01  6.386099e-01
4.020000e-01  6.371299e-01
4.050000e-01  6.356543e-01
4.080000e-01  6.341830e-01
4.110000e-01  6.327159e-01
4.140000e-01  6.312529e-01
4.170000e-01  6.297938e-01
4.200000e-01  6.283386e-01
4.230000e-01  6.268871e-01
4.260000e-01  6.254393e-01
4.290000e-01  6.239951e-01
4.320000e-01  6.225542e-01
4.350000e-01  6.211167e-01
4.380000e-01  6.196824e-01
4.410000e-01  6.182513e-01
4.440000e-01  6.168232e-01
4.470000e-01  6.153979e-01
4.500000e-01  6.139755e-01
4.530000e-01  6.125559e-01
4.560000e-01  6.111388e-01
4.590000e-01  6.097243e-01
4.620000e-01  6.083121e-01
4.650000e-01  6.069023e-01
4.680000e-01  6.054947e-01
4.710000e-01  6.040892e-01
4.740000e-01  6.026857e-01
4.770000e-01  6.012841e-01
4.800000e-01  5.998844e-01
4.830000e-01  5.984863e-01
4.860000e-01  5.970899e-01
4.890000e-01  5.956950e-01
4.920000e-01  5.943014e-01
4.950000e-01  5.929092e-01
4.980000e-01  5.915182e-01
5.010000e-01  5.901283e-01
5.040000e-01  5.887394e-01
5.070000e-01  5.873513e-01
5.100000e-01  5.859641e-01
5.130000e-01  5.845775e-01
5.160000e-01  5.831915e-01
5.190000e-01  5.818060e-01
5.220000e-01  5.804208e-01
5.250000e-01  5.790359e-01
5.280000e-01  5.776511e-01
5.310000e-01  000000
5.340000e-01  000000
5.370000e-01  000000
5.400000e-01  000000
5.430000e-01  000000
5.460000e-01  000000
5.490000e-01  000000
5.520000e-01  000000
5.550000e-01  000000
5.580000e-01  000000
5.610000e-01  000000
5.640000e-01  000000
5.670000e-01  000000
5.700000e-01  000000
5.730000e-01  000000
5.760000e-01  000000
5.790000e-01  000000
5.820000e-01  000000
5.850000e-01  000000
5.880000e-01  000000
5.910000e-01  000000
5.940000e-01  000000
5.970000e-01  000000
6.000000e-01  000000
6.030000e-01  000000
6.060000e-01  000000
6.090000e-01  000000
6.120000e-01  000000
6.150000e-01  000000
6.180000e-01  000000
6.210000e-01  000000
6.240000e-01  000000
6.270000e-01  000000
6.300000e-01  000000
6.330000e-01  000000
6.360000e-01  000000
6.390000e-01  000000
6.420000e-01  000000
6.450000e-01  000000
6.480000e-01  000000
6.510000e-01  000000
6.540000e-01  000000
6.570000e-01  000000
6.600000e-01  000000
6.630000e-01  000000
6.660000e-01  000000
6.690000e-01  000000
6.720000e-01  000000
6.750000e-01  000000
6.780000e-01  000000
6.810000e-01  000000
6.840000e-01  000000
6.870000e-01  000000
6.900000e-01  000000
6.930000e-01  000000
6.960000e-01  000000
6.990000e-01  000000
7.020000e-01  000000
7.050000e-01  000000
7.080000e-01  000000
7.110000e-01  000000
7.140000e-01  000000
7.170000e-01  000000
7.200000e-01  000000
7.230000e-01  000000
7.260000e-01  000000
7.290000e-01  000000
7.320000e-01  000000
7.350000e-01  000000
7.380000e-01  000000
7.410000e-01  000000
7.440000e-01  000000
7.470000e-01  000000
7.500000e-01  000000
7.530000e-01  000000
7.560000e-01  000000
7.590000e-01  000000
7.620000e-01  000000
7.650000e-01  000000
7.680000e-01  000000
7.710000e-01  000000
7.740000e-01  000000
7.770000e-01  000000
7.800000e-01  000000
7.830000e-01  000000
7.860000e-01  000000
7.890000e-01  000000
7.920000e-01  000000
7.950000e-01  000000
7.980000e-01  000000
8.010000e-01  000000
8.040000e-01  000000
8.070000e-01  000000
8.100000e-01  000000
8.130000e-01  000000
8.160000e-01  000000
8.190000e-01  000000
8.220000e-01  000000
8.250000e-01  000000
8.280000e-01  000000
8.310000e-01  000000
8.340000e-01  000000
8.370000e-01  000000
8.400000e-01  000000
8.430000e-01  000000
8.460000e-01  000000
8.490000e-01  000000
8.520000e-01  000000
8.550000e-01  000000
8.580000e-01  000000
8.610000e-01  000000
8.640000e-01  000000
8.670000e-01  000000
8.700000e-01  000000
8.730000e-01  000000
8.760000e-01  000000
8.790000e-01  000000
8.820000e-01  000000
8.850000e-01  000000
8.880000e-01  000000
8.910000e-01  000000
8.940000e-01  000000
8.970000e-01  000000
9.000000e-01  000000
9.030000e-01  000000
9.060000e-01  000000
9.090000e-01  000000
9.120000e-01  000000
9.150000e-01  000000
9.180000e-01  000000
9.210000e-01  000000
9.240000e-01  000000
9.270000e-01  000000
9.300000e-01  000000
9.330000e-01  000000
9.360000e-01  000000
9.390000e-01  000000
9.420000e-01  000000
9.450000e-01  000000
9.480000e-01  000000
9.510000e-01  000000
9.540000e-01  000000
9.570000e-01  000000
9.600000e-01  000000
9.630000e-01  000000
9.660000e-01  000000
9.690000e-01  000000
9.720000e-01  000000
9.750000e-01  000000
9.780000e-01  000000
9.810000e-01  000000
9.840000e-01  000000
9.870000e-01  000000
9.900000e-01  000000
9.930000e-01  000000
9.960000e-01  000000
9.990000e-01  000000
