000000  000001
3.000000e-03  9.884997e-01
6.000000e-03  9.777342e-01
9.000000e-03  9.676087e-01
1.200000e-02  9.580461e-01
1.500000e-02  9.489825e-01
1.800000e-02  9.403644e-01
2.100000e-02  9.321469e-01
2.400000e-02  9.242912e-01
2.700000e-02  9.167644e-01
3.000000e-02  9.095376e-01
3.300000e-02  9.025857e-01
3.600000e-02  8.958866e-01
3.900000e-02  8.894209e-01
4.200000e-02  8.831712e-01
4.500000e-02  8.771221e-01
4.800000e-02  8.712597e-01
5.100000e-02  8.655716e-01
5.400000e-02  8.600465e-01
5.700000e-02  8.546742e-01
6.000000e-02  8.494455e-01
6.300000e-02  8.443518e-01
6.600000e-02  8.393854e-01
6.900000e-02  8.345392e-01
7.200000e-02  8.298067e-01
7.500000e-02  8.251819e-01
7.800000e-02  8.206592e-01
8.100000e-02  8.162334e-01
8.400000e-02  8.118997e-01
8.700000e-02  8.076538e-01
9.000000e-02  8.034914e-01
9.300000e-02  7.994087e-01
9.600000e-02  7.954022e-01
9.900000e-02  7.914683e-01
1.020000e-01  7.876040e-01
1.050000e-01  7.838063e-01
1.080000e-01  7.800724e-01
1.110000e-01  7.763996e-01
1.140000e-01  7.727854e-01
1.170000e-01  7.692276e-01
1.200000e-01  7.657239e-01
1.230000e-01  7.622722e-01
1.260000e-01  7.588706e-01
1.290000e-01  7.555171e-01
1.320000e-01  7.522099e-01
1.350000e-01  7.489474e-01
1.380000e-01  7.457280e-01
1.410000e-01  7.425501e-01
1.440000e-01  7.394122e-01
1.470000e-01  7.363129e-01
1.500000e-01  7.332510e-01
1.530000e-01  7.302251e-01
1.560000e-01  7.272341e-01
1.590000e-01  7.242766e-01
1.620000e-01  7.213518e-01
1.650000e-01  7.184583e-01
1.680000e-01  7.155953e-01
1.710000e-01  7.127618e-01
1.740000e-01  7.099567e-01
1.770000e-01  7.071792e-01
1.800000e-01  7.044284e-01
1.830000e-01  7.017034e-01
1.860000e-01  6.990034e-01
1.890000e-01  6.963277e-01
1.920000e-01  6.936755e-01
1.950000e-01  6.910460e-01
1.980000e-01  6.884386e-01
2.010000e-01  6.858525e-01
2.040000e-01  6.832870e-01
2.070000e-01  6.807416e-01
2.100000e-01  6.782156e-01
2.130000e-01  6.757084e-01
2.160000e-01  6.732194e-01
2.190000e-01  6.707480e-01
2.220000e-01  6.682937e-01
2.250000e-01  6.658559e-01
2.280000e-01  6.634341e-01
2.310000e-01  6.610278e-01
2.340000e-01  6.586364e-01
2.370000e-01  6.562596e-01
2.400000e-01  6.538968e-01
2.430000e-01  6.515475e-01
2.460000e-01  6.492112e-01
2.490000e-01  6.468876e-01
2.520000e-01  6.445762e-01
2.550000e-01  6.422766e-01
2.580000e-01  6.399882e-01
2.610000e-01  6.377108e-01
2.640000e-01  6.354439e-01
2.670000e-01  6.331870e-01
2.700000e-01  6.309399e-01
2.730000e-01  6.287021e-01
2.760000e-01  6.264731e-01
2.790000e-01  6.242527e-01
2.820000e-01  6.220405e-01
2.850000e-01  6.198360e-01
2.880000e-01  6.176389e-01
2.910000e-01  6.154488e-01
2.940000e-01  6.132654e-01
2.970000e-01  6.110882e-01
3.000000e-01  6.089170e-01
3.030000e-01  6.067514e-01
3.060000e-01  6.045909e-01
3.090000e-01  6.024353e-01
3.120000e-01  6.002841e-01
3.150000e-01  5.981371e-01
3.180000e-01  5.959938e-01
3.210000e-01  5.938538e-01
3.240000e-01  5.917169e-01
3.270000e-01  5.895825e-01
3.300000e-01  5.874505e-01
3.330000e-01  5.853203e-01
3.360000e-01  5.831915e-01
3.390000e-01  5.810639e-01
3.420000e-01  5.789370e-01
3.450000e-01  000000
3.480000e-01  000000
3.510000e-01  000000
3.540000e-01  000000
3.570000e-01  000000
3.600000e-01  000000
3.630000e-01  000000
3.660000e-01  000000
3.690000e-01  000000
3.720000e-01  000000
3.750000e-01  000000
3.780000e-01  000000
3.810000e-01  000000
3.840000e-01  000000
3.870000e-01  000000
3.900000e-01  000000
3.930000e-01  000000
3.960000e-01  000000
3.990000e-01  000000
4.020000e-01  000000
4.050000e-01  000000
4.080000e-01  000000
4.110000e-01  000000
4.140000e-01  000000
4.170000e-01  000000
4.200000e-01  000000
4.230000e-01  000000
4.260000e-01  000000
4.290000e-01  000000
4.320000e-01  000000
4.350000e-01  000000
4.380000e-01  000000
4.410000e-01  000000
4.440000e-01  000000
4.470000e-01  000000
4.500000e-01  000000
4.530000e-01  000000
4.560000e-01  000000
4.590000e-01  000000
4.620000e-01  000000
4.650000e-01  000000
4.680000e-01  000000
4.710000e-01  000000
4.740000e-01  000000
4.770000e-01  000000
4.800000e-01  000000
4.830000e-01  000000
4.860000e-01  000000
4.890000e-01  000000
4.920000e-01  000000
4.950000e-01  000000
4.980000e-01  000000
5.010000e-01  000000
5.040000e-01  000000
5.070000e-01  000000
5.100000e-01  000000
5.130000e-01  000000
5.160000e-01  000000
5.190000e-01  000000
5.220000e-01  000000
5.250000e-01  000000
5.280000e-01  000000
5.310000e-01  000000
5.340000e-01  000000
5.370000e-01  000000
5.400000e-01  000000
5.430000e-01  000000
5.460000e-01  000000
5.490000e-01  000000
5.520000e-01  000000
5.550000e-01  000000
5.580000e-01  000000
5.610000e-01  000000
5.640000e-01  000000
5.670000e-01  000000
5.700000e-01  000000
5.730000e-01  000000
5.760000e-01  000000
5.790000e-01  000000
5.820000e-01  000000
5.850000e-01  000000
5.880000e-01  000000
5.910000e-01  000000
5.940000e-01  000000
5.970000e-01  000000
6.000000e-01  000000
6.030000e-01  000000
6.060000e-01  000000
6.090000e-01  000000
6.120000e-01  000000
6.150000e-01  000000
6.180000e-01  000000
6.210000e-01  000000
6.240000e-01  000000
6.270000e-01  000000
6.300000e-01  000000
6.330000e-01  000000
6.360000e-01  000000
6.390000e-01  000000
6.420000e-01  000000
6.450000e-01  000000
6.480000e-01  000000
6.510000e-01  000000
6.540000e-01  000000
6.570000e-01  000000
6.600000e-01  000000
6.630000e-01  000000
6.660000e-01  000000
6.690000e-01  000000
6.720000e-01  000000
6.750000e-01  000000
6.780000e-01  000000
6.810000e-01  000000
6.840000e-01  000000
6.870000e-01  000000
6.900000e-01  000000
6.930000e-01  000000
6.960000e-01  000000
6.990000e-01  000000
7.020000e-01  000000
7.050000e-01  000000
7.080000e-01  000000
7.110000e-01  000000
7.140000e-01  000000
7.170000e-01  000000
7.200000e-01  000000
7.230000e-01  000000
7.260000e-01  000000
7.290000e-01  000000
7.320000e-01  000000
7.350000e-01  000000
7.380000e-01  000000
7.410000e-01  000000
7.440000e-01  000000
7.470000e-01  000000
7.500000e-01  000000
7.530000e-01  000000
7.560000e-01  000000
7.590000e-01  000000
7.620000e-01  000000
7.650000e-01  000000
7.680000e-01  000000
7.710000e-01  000000
7.740000e-01  000000
7.770000e-01  000000
7.800000e-01  000000
7.830000e-01  000000
7.860000e-01  000000
7.890000e-01  000000
7.920000e-01  000000
7.950000e-01  000000
7.980000e-01  000000
8.010000e-01  000000
8.040000e-01  000000
8.070000e-01  000000
8.100000e-01  000000
8.130000e-01  000000
8.160000e-01  000000
8.190000e-01  000000
8.220000e-01  000000
8.250000e-01  000000
8.280000e-01  000000
8.310000e-01  000000
8.340000e-01  000000
8.370000e-01  000000
8.400000e-01  000000
8.430000e-01  000000
8.460000e-01  000000
8.490000e-01  000000
8.520000e-01  000000
8.550000e-01  000000
8.580000e-01  000000
8.610000e-01  000000
8.640000e-01  000000
8.670000e-01  000000
8.700000e-01  000000
8.730000e-01  000000
8.760000e-01  000000
8.790000e-01  000000
8.820000e-01  000000
8.850000e-01  000000
8.880000e-01  000000
8.910000e-01  000000
8.940000e-01  000000
8.970000e-01  000000
9.000000e-01  000000
9.030000e-01  000000
9.060000e-01  000000
9.090000e-01  000000
9.120000e-01  000000
9.150000e-01  000000
9.180000e-01  000000
9.210000e-01  000000
9.240000e-01  000000
9.270000e-01  000000
9.300000e-01  000000
9.330000e-01  000000
9.360000e-01  000000
9.390000e-01  000000
9.420000e-01  000000
9.450000e-01  000000
9.480000e-01  000000
9.510000e-01  000000
9.540000e-01  000000
9.570000e-01  000000
9.600000e-01  000000
9.630000e-01  000000
9.660000e-01  000000
9.690000e-01  000000
9.720000e-01  000000
9.750000e-01  000000
9.780000e-01  000000
9.810000e-01  000000
9.840000e-01  000000
9.870000e-01  000000
9.900000e-01  000000
9.930000e-01  000000
9.960000e-01  000000
9.990000e-01  000000
