000000  000001
3.000000e-03  9.915230e-01
6.000000e-03  9.834531e-01
9.000000e-03  9.757502e-01
1.200000e-02  9.683800e-01
1.500000e-02  9.613126e-01
1.800000e-02  9.545224e-01
2.100000e-02  9.479868e-01
2.400000e-02  9.416858e-01
2.700000e-02  9.356019e-01
3.000000e-02  9.297193e-01
3.300000e-02  9.240241e-01
3.600000e-02  9.185036e-01
3.900000e-02  9.131466e-01
4.200000e-02  9.079426e-01
4.500000e-02  9.028825e-01
4.800000e-02  8.979577e-01
5.100000e-02  8.931605e-01
5.400000e-02  8.884838e-01
5.700000e-02  8.839210e-01
6.000000e-02  8.794661e-01
6.300000e-02  8.751137e-01
6.600000e-02  8.708585e-01
6.900000e-02  8.666958e-01
7.200000e-02  8.626213e-01
7.500000e-02  8.586307e-01
7.800000e-02  8.547203e-01
8.100000e-02  8.508865e-01
8.400000e-02  8.471260e-01
8.700000e-02  8.434356e-01
9.000000e-02  8.398124e-01
9.300000e-02  8.362536e-01
9.600000e-02  8.327567e-01
9.900000e-02  8.293192e-01
1.020000e-01  8.259388e-01
1.050000e-01  8.226134e-01
1.080000e-01  8.193408e-01
1.110000e-01  8.161192e-01
1.140000e-01  8.129466e-01
1.170000e-01  8.098214e-01
1.200000e-01  8.067419e-01
1.230000e-01  8.037066e-01
1.260000e-01  8.007138e-01
1.290000e-01  7.977623e-01
1.320000e-01  7.948506e-01
1.350000e-01  7.919774e-01
1.380000e-01  7.891416e-01
1.410000e-01  7.863419e-01
1.440000e-01  7.835772e-01
1.470000e-01  7.808465e-01
1.500000e-01  7.781486e-01
1.530000e-01  7.754827e-01
1.560000e-01  7.728478e-01
1.590000e-01  7.702429e-01
1.620000e-01  7.676673e-01
1.650000e-01  7.651199e-01
1.680000e-01  7.626002e-01
1.710000e-01  7.601072e-01
1.740000e-01  7.576403e-01
1.770000e-01  7.551987e-01
1.800000e-01  7.527818e-01
1.830000e-01  7.503889e-01
1.860000e-01  7.480192e-01
1.890000e-01  7.456724e-01
1.920000e-01  7.433476e-01
1.950000e-01  7.410444e-01
1.980000e-01  7.387622e-01
2.010000e-01  7.365005e-01
2.040000e-01  7.342587e-01
2.070000e-01  7.320364e-01
2.100000e-01  7.298330e-01
2.130000e-01  7.276482e-01
2.160000e-01  7.254813e-01
2.190000e-01  7.233321e-01
2.220000e-01  7.212000e-01
2.250000e-01  7.190847e-01
2.280000e-01  7.169857e-01
2.310000e-01  7.149027e-01
2.340000e-01  7.128353e-01
2.370000e-01  7.107831e-01
2.400000e-01  7.087457e-01
2.430000e-01  7.067229e-01
2.460000e-01  7.047142e-01
2.490000e-01  7.027193e-01
2.520000e-01  7.007380e-01
2.550000e-01  6.987698e-01
2.580000e-01  6.968146e-01
2.610000e-01  6.948719e-01
2.640000e-01  6.929416e-01
2.670000e-01  6.910233e-01
2.700000e-01  6.891167e-01
2.730000e-01  6.872216e-01
2.760000e-01  6.853377e-01
2.790000e-01  6.834648e-01
2.820000e-01  6.816026e-01
2.850000e-01  6.797509e-01
2.880000e-01  6.779094e-01
2.910000e-01  6.760779e-01
2.940000e-01  6.742561e-01
2.970000e-01  6.724438e-01
3.000000e-01  6.706409e-01
3.030000e-01  6.688471e-01
3.060000e-01  6.670621e-01
3.090000e-01  6.652859e-01
3.120000e-01  6.635181e-01
3.150000e-01  6.617585e-01
3.180000e-01  6.600071e-01
3.210000e-01  6.582635e-01
3.240000e-01  6.565276e-01
3.270000e-01  6.547992e-01
3.300000e-01  6.530781e-01
3.330000e-01  6.513642e-01
3.360000e-01  6.496572e-01
3.390000e-01  6.479570e-01
3.420000e-01  6.462634e-01
3.450000e-01  6.445762e-01
3.480000e-01  6.428953e-01
3.510000e-01  6.412206e-01
3.540000e-01  6.395517e-01
3.570000e-01  6.378886e-01
3.600000e-01  6.362312e-01
3.630000e-01  6.345792e-01
3.660000e-01  6.329325e-01
3.690000e-01  6.312910e-01
3.720000e-01  6.296545e-01
3.750000e-01  6.280228e-01
3.780000e-01  6.263957e-01
3.810000e-01  6.247733e-01
3.840000e-01  6.231552e-01
3.870000e-01  6.215414e-01
3.900000e-01  6.199317e-01
3.930000e-01  6.183259e-01
3.960000e-01  6.167239e-01
3.990000e-01  6.151256e-01
4.020000e-01  6.135308e-01
4.050000e-01  6.119394e-01
4.080000e-01  6.103513e-01
4.110000e-01  6.087662e-01
4.140000e-01  6.071841e-01
4.170000e-01  6.056048e-01
4.200000e-01  6.040281e-01
4.230000e-01  6.024540e-01
4.260000e-01  6.008823e-01
4.290000e-01  5.993128e-01
4.320000e-01  5.977454e-01
4.350000e-01  5.961800e-01
4.380000e-01  5.946164e-01
4.410000e-01  5.930544e-01
4.440000e-01  5.914940e-01
4.470000e-01  5.899350e-01
4.500000e-01  5.883772e-01
4.530000e-01  5.868205e-01
4.560000e-01  5.852647e-01
4.590000e-01  5.837097e-01
4.620000e-01  5.821554e-01
4.650000e-01  5.806015e-01
4.680000e-01  5.790480e-01
4.710000e-01  5.774946e-01
4.740000e-01  000000
4.770000e-01  000000
4.800000e-01  000000
4.830000e-01  000000
4.860000e-01  000000
4.890000e-01  000000
4.920000e-01  000000
4.950000e-01  000000
4.980000e-01  000000
5.010000e-01  000000
5.040000e-01  000000
5.070000e-01  000000
5.100000e-01  000000
5.130000e-01  000000
5.160000e-01  000000
5.190000e-01  000000
5.220000e-01  000000
5.250000e-01  000000
5.280000e-01  000000
5.310000e-01  000000
5.340000e-01  000000
5.370000e-01  000000
5.400000e-01  000000
5.430000e-01  000000
5.460000e-01  000000
5.490000e-01  000000
5.520000e-01  000000
5.550000e-01  000000
5.580000e-01  000000
5.610000e-01  000000
5.640000e-01  000000
5.670000e-01  000000
5.700000e-01  000000
5.730000e-01  000000
5.760000e-01  000000
5.790000e-01  000000
5.820000e-01  000000
5.850000e-01  000000
5.880000e-01  000000
5.910000e-01  000000
5.940000e-01  000000
5.970000e-01  000000
6.000000e-01  000000
6.030000e-01  000000
6.060000e-01  000000
6.090000e-01  000000
6.120000e-01  000000
6.150000e-01  000000
6.180000e-01  000000
6.210000e-01  000000
6.240000e-01  000000
6.270000e-01  000000
6.300000e-01  000000
6.330000e-01  000000
6.360000e-01  000000
6.390000e-01  000000
6.420000e-01  000000
6.450000e-01  000000
6.480000e-01  000000
6.510000e-01  000000
6.540000e-01  000000
6.570000e-01  000000
6.600000e-01  000000
6.630000e-01  000000
6.660000e-01  000000
6.690000e-01  000000
6.720000e-01  000000
6.750000e-01  000000
6.780000e-01  000000
6.810000e-01  000000
6.840000e-01  000000
6.870000e-01  000000
6.900000e-01  000000
6.930000e-01  000000
6.960000e-01  000000
6.990000e-01  000000
7.020000e-01  000000
7.050000e-01  000000
7.080000e-01  000000
7.110000e-01  000000
7.140000e-01  000000
7.170000e-01  000000
7.200000e-01  000000
7.230000e-01  000000
7.260000e-01  000000
7.290000e-01  000000
7.320000e-01  000000
7.350000e-01  000000
7.380000e-01  000000
7.410000e-01  000000
7.440000e-01  000000
7.470000e-01  000000
7.500000e-01  000000
7.530000e-01  000000
7.560000e-01  000000
7.590000e-01  000000
7.620000e-01  000000
7.650000e-01  000000
7.680000e-01  000000
7.710000e-01  000000
7.740000e-01  000000
7.770000e-01  000000
7.800000e-01  000000
7.830000e-01  000000
7.860000e-01  000000
7.890000e-01  000000
7.920000e-01  000000
7.950000e-01  000000
7.980000e-01  000000
8.010000e-01  000000
8.040000e-01  000000
8.070000e-01  000000
8.100000e-01  000000
8.130000e-01  000000
8.160000e-01  000000
8.190000e-01  000000
8.220000e-01  000000
8.250000e-01  000000
8.280000e-01  000000
8.310000e-01  000000
8.340000e-01  000000
8.370000e-01  000000
8.400000e-01  000000
8.430000e-01  000000
8.460000e-01  000000
8.490000e-01  000000
8.520000e-01  000000
8.550000e-01  000000
8.580000e-01  000000
8.610000e-01  000000
8.640000e-01  000000
8.670000e-01  000000
8.700000e-01  000000
8.730000e-01  000000
8.760000e-01  000000
8.790000e-01  000000
8.820000e-01  000000
8.850000e-01  000000
8.880000e-01  000000
8.910000e-01  000000
8.940000e-01  000000
8.970000e-01  000000
9.000000e-01  000000
9.030000e-01  000000
9.060000e-01  000000
9.090000e-01  000000
9.120000e-01  000000
9.150000e-01  000000
9.180000e-01  000000
9.210000e-01  000000
9.240000e-01  000000
9.270000e-01  000000
9.300000e-01  000000
9.330000e-01  000000
9.360000e-01  000000
9.390000e-01  000000
9.420000e-01  000000
9.450000e-01  000000
9.480000e-01  000000
9.510000e-01  000000
9.540000e-01  000000
9.570000e-01  000000
9.600000e-01  000000
9.630000e-01  000000
9.660000e-01  000000
9.690000e-01  000000
9.720000e-01  000000
9.750000e-01  000000
9.780000e-01  000000
9.810000e-01  000000
9.840000e-01  000000
9.870000e-01  000000
9.900000e-01  000000
9.930000e-01  000000
9.960000e-01  000000
9.990000e-01  000000
