000000  000001
3.000000e-03  9.896864e-01
6.000000e-03  9.799682e-01
9.000000e-03  9.707757e-01
1.200000e-02  9.620509e-01
1.500000e-02  9.537449e-01
1.800000e-02  9.458164e-01
2.100000e-02  9.382299e-01
2.400000e-02  9.309548e-01
2.700000e-02  9.239645e-01
3.000000e-02  9.172356e-01
3.300000e-02  9.107476e-01
3.600000e-02  9.044824e-01
3.900000e-02  8.984236e-01
4.200000e-02  8.925569e-01
4.500000e-02  8.868693e-01
4.800000e-02  8.813490e-01
5.100000e-02  8.759854e-01
5.400000e-02  8.707690e-01
5.700000e-02  8.656909e-01
6.000000e-02  8.607431e-01
6.300000e-02  8.559184e-01
6.600000e-02  8.512099e-01
6.900000e-02  8.466115e-01
7.200000e-02  8.421174e-01
7.500000e-02  8.377225e-01
7.800000e-02  8.334217e-01
8.100000e-02  8.292105e-01
8.400000e-02  8.250846e-01
8.700000e-02  8.210402e-01
9.000000e-02  8.170736e-01
9.300000e-02  8.131812e-01
9.600000e-02  8.093599e-01
9.900000e-02  8.056067e-01
1.020000e-01  8.019186e-01
1.050000e-01  7.982931e-01
1.080000e-01  7.947275e-01
1.110000e-01  7.912196e-01
1.140000e-01  7.877671e-01
1.170000e-01  7.843678e-01
1.200000e-01  7.810198e-01
1.230000e-01  7.777211e-01
1.260000e-01  7.744700e-01
1.290000e-01  7.712647e-01
1.320000e-01  7.681036e-01
1.350000e-01  7.649852e-01
1.380000e-01  7.619080e-01
1.410000e-01  7.588706e-01
1.440000e-01  7.558716e-01
1.470000e-01  7.529098e-01
1.500000e-01  7.499839e-01
1.530000e-01  7.470928e-01
1.560000e-01  7.442354e-01
1.590000e-01  7.414105e-01
1.620000e-01  7.386173e-01
1.650000e-01  7.358546e-01
1.680000e-01  7.331215e-01
1.710000e-01  7.304172e-01
1.740000e-01  7.277408e-01
1.770000e-01  7.250914e-01
1.800000e-01  7.224682e-01
1.830000e-01  7.198704e-01
1.860000e-01  7.172973e-01
1.890000e-01  7.147482e-01
1.920000e-01  7.122224e-01
1.950000e-01  7.097192e-01
1.980000e-01  7.072380e-01
2.010000e-01  7.047781e-01
2.040000e-01  7.023389e-01
2.070000e-01  6.999198e-01
2.100000e-01  6.975203e-01
2.130000e-01  6.951399e-01
2.160000e-01  6.927779e-01
2.190000e-01  6.904338e-01
2.220000e-01  6.881073e-01
2.250000e-01  6.857977e-01
2.280000e-01  6.835046e-01
2.310000e-01  6.812275e-01
2.340000e-01  6.789660e-01
2.370000e-01  6.767197e-01
2.400000e-01  6.744881e-01
2.430000e-01  6.722708e-01
2.460000e-01  6.700674e-01
2.490000e-01  6.678776e-01
2.520000e-01  6.657008e-01
2.550000e-01  6.635368e-01
2.580000e-01  6.613852e-01
2.610000e-01  6.592456e-01
2.640000e-01  6.571177e-01
2.670000e-01  6.550011e-01
2.700000e-01  6.528954e-01
2.730000e-01  6.508005e-01
2.760000e-01  6.487158e-01
2.790000e-01  6.466412e-01
2.820000e-01  6.445762e-01
2.850000e-01  6.425207e-01
2.880000e-01  6.404742e-01
2.910000e-01  6.384365e-01
2.940000e-01  6.364073e-01
2.970000e-01  6.343863e-01
3.000000e-01  6.323731e-01
3.030000e-01  6.303677e-01
3.060000e-01  6.283695e-01
3.090000e-01  6.263785e-01
3.120000e-01  6.243942e-01
3.150000e-01  6.224164e-01
3.180000e-01  6.204450e-01
3.210000e-01  6.184795e-01
3.240000e-01  6.165197e-01
3.270000e-01  6.145653e-01
3.300000e-01  6.126162e-01
3.330000e-01  6.106720e-01
3.360000e-01  6.087325e-01
3.390000e-01  6.067974e-01
3.420000e-01  6.048664e-01
3.450000e-01  6.029394e-01
3.480000e-01  6.010160e-01
3.510000e-01  5.990959e-01
3.540000e-01  5.971790e-01
3.570000e-01  5.952649e-01
3.600000e-01  5.933534e-01
3.630000e-01  5.914443e-01
3.660000e-01  5.895371e-01
3.690000e-01  5.876318e-01
3.720000e-01  5.857280e-01
3.750000e-01  5.838255e-01
3.780000e-01  5.819239e-01
3.810000e-01  5.800230e-01
3.840000e-01  5.781226e-01
3.870000e-01  000000
3.900000e-01  000000
3.930000e-01  000000
3.960000e-01  000000
3.990000e-01  000000
4.020000e-01  000000
4.050000e-01  000000
4.080000e-01  000000
4.110000e-01  000000
4.140000e-01  000000
4.170000e-01  000000
4.200000e-01  000000
4.230000e-01  000000
4.260000e-01  000000
4.290000e-01  000000
4.320000e-01  000000
4.350000e-01  000000
4.380000e-01  000000
4.410000e-01  000000
4.440000e-01  000000
4.470000e-01  000000
4.500000e-01  000000
4.530000e-01  000000
4.560000e-01  000000
4.590000e-01  000000
4.620000e-01  000000
4.650000e-01  000000
4.680000e-01  000000
4.710000e-01  000000
4.740000e-01  000000
4.770000e-01  000000
4.800000e-01  000000
4.830000e-01  000000
4.860000e-01  000000
4.890000e-01  000000
4.920000e-01  000000
4.950000e-01  000000
4.980000e-01  000000
5.010000e-01  000000
5.040000e-01  000000
5.070000e-01  000000
5.100000e-01  000000
5.130000e-01  000000
5.160000e-01  000000
5.190000e-01  000000
5.220000e-01  000000
5.250000e-01  000000
5.280000e-01  000000
5.310000e-01  000000
5.340000e-01  000000
5.370000e-01  000000
5.400000e-01  000000
5.430000e-01  000000
5.460000e-01  000000
5.490000e-01  000000
5.520000e-01  000000
5.550000e-01  000000
5.580000e-01  000000
5.610000e-01  000000
5.640000e-01  000000
5.670000e-01  000000
5.700000e-01  000000
5.730000e-01  000000
5.760000e-01  000000
5.790000e-01  000000
5.820000e-01  000000
5.850000e-01  000000
5.880000e-01  000000
5.910000e-01  000000
5.940000e-01  000000
5.970000e-01  000000
6.000000e-01  000000
6.030000e-01  000000
6.060000e-01  000000
6.090000e-01  000000
6.120000e-01  000000
6.150000e-01  000000
6.180000e-01  000000
6.210000e-01  000000
6.240000e-01  000000
6.270000e-01  000000
6.300000e-01  000000
6.330000e-01  000000
6.360000e-01  000000
6.390000e-01  000000
6.420000e-01  000000
6.450000e-01  000000
6.480000e-01  000000
6.510000e-01  000000
6.540000e-01  000000
6.570000e-01  000000
6.600000e-01  000000
6.630000e-01  000000
6.660000e-01  000000
6.690000e-01  000000
6.720000e-01  000000
6.750000e-01  000000
6.780000e-01  000000
6.810000e-01  000000
6.840000e-01  000000
6.870000e-01  000000
6.900000e-01  000000
6.930000e-01  000000
6.960000e-01  000000
6.990000e-01  000000
7.020000e-01  000000
7.050000e-01  000000
7.080000e-01  000000
7.110000e-01  000000
7.140000e-01  000000
7.170000e-01  000000
7.200000e-01  000000
7.230000e-01  000000
7.260000e-01  000000
7.290000e-01  000000
7.320000e-01  000000
7.350000e-01  000000
7.380000e-01  000000
7.410000e-01  000000
7.440000e-01  000000
7.470000e-01  000000
7.500000e-01  000000
7.530000e-01  000000
7.560000e-01  000000
7.590000e-01  000000
7.620000e-01  000000
7.650000e-01  000000
7.680000e-01  000000
7.710000e-01  000000
7.740000e-01  000000
7.770000e-01  000000
7.800000e-01  000000
7.830000e-01  000000
7.860000e-01  000000
7.890000e-01  000000
7.920000e-01  000000
7.950000e-01  000000
7.980000e-01  000000
8.010000e-01  000000
8.040000e-01  000000
8.070000e-01  000000
8.100000e-01  000000
8.130000e-01  000000
8.160000e-01  000000
8.190000e-01  000000
8.220000e-01  000000
8.250000e-01  000000
8.280000e-01  000000
8.310000e-01  000000
8.340000e-01  000000
8.370000e-01  000000
8.400000e-01  000000
8.430000e-01  000000
8.460000e-01  000000
8.490000e-01  000000
8.520000e-01  000000
8.550000e-01  000000
8.580000e-01  000000
8.610000e-01  000000
8.640000e-01  000000
8.670000e-01  000000
8.700000e-01  000000
8.730000e-01  000000
8.760000e-01  000000
8.790000e-01  000000
8.820000e-01  000000
8.850000e-01  000000
8.880000e-01  000000
8.910000e-01  000000
8.940000e-01  000000
8.970000e-01  000000
9.000000e-01  000000
9.030000e-01  000000
9.060000e-01  000000
9.090000e-01  000000
9.120000e-01  000000
9.150000e-01  000000
9.180000e-01  000000
9.210000e-01  000000
9.240000e-01  000000
9.270000e-01  000000
9.300000e-01  000000
9.330000e-01  000000
9.360000e-01  000000
9.390000e-01  000000
9.420000e-01  000000
9.450000e-01  000000
9.480000e-01  000000
9.510000e-01  000000
9.540000e-01  000000
9.570000e-01  000000
9.600000e-01  000000
9.630000e-01  000000
9.660000e-01  000000
9.690000e-01  000000
9.720000e-01  000000
9.750000e-01  000000
9.780000e-01  000000
9.810000e-01  000000
9.840000e-01  000000
9.870000e-01  000000
9.900000e-01  000000
9.930000e-01  000000
9.960000e-01  000000
9.990000e-01  000000
