000000  000001
3.000000e-03  9.451553e-01
6.000000e-03  9.039609e-01
9.000000e-03  8.709964e-01
1.200000e-02  8.435526e-01
1.500000e-02  8.200734e-01
1.800000e-02  7.995801e-01
2.100000e-02  7.814167e-01
2.400000e-02  7.651214e-01
2.700000e-02  7.503570e-01
3.000000e-02  7.368695e-01
3.300000e-02  7.244629e-01
3.600000e-02  7.129830e-01
3.900000e-02  7.023060e-01
4.200000e-02  6.923311e-01
4.500000e-02  6.829753e-01
4.800000e-02  6.741693e-01
5.100000e-02  6.658547e-01
5.400000e-02  6.579818e-01
5.700000e-02  6.505081e-01
6.000000e-02  6.433966e-01
6.300000e-02  6.366155e-01
6.600000e-02  6.301367e-01
6.900000e-02  6.239357e-01
7.200000e-02  6.179905e-01
7.500000e-02  6.122820e-01
7.800000e-02  6.067927e-01
8.100000e-02  6.015073e-01
8.400000e-02  5.964117e-01
8.700000e-02  5.914935e-01
9.000000e-02  5.867413e-01
9.300000e-02  5.821447e-01
9.600000e-02  5.776943e-01
9.900000e-02  5.733815e-01
1.020000e-01  5.691984e-01
1.050000e-01  5.651378e-01
1.080000e-01  5.611931e-01
1.110000e-01  5.573580e-01
1.140000e-01  5.536270e-01
1.170000e-01  5.499948e-01
1.200000e-01  5.464565e-01
1.230000e-01  5.430076e-01
1.260000e-01  5.396438e-01
1.290000e-01  5.363613e-01
1.320000e-01  5.331564e-01
1.350000e-01  5.300256e-01
1.380000e-01  5.269658e-01
1.410000e-01  5.239738e-01
1.440000e-01  5.210470e-01
1.470000e-01  5.181826e-01
1.500000e-01  5.153781e-01
1.530000e-01  5.126311e-01
1.560000e-01  5.099396e-01
1.590000e-01  5.073012e-01
1.620000e-01  5.047142e-01
1.650000e-01  5.021765e-01
1.680000e-01  4.996864e-01
1.710000e-01  4.972422e-01
1.740000e-01  4.948423e-01
1.770000e-01  4.924852e-01
1.800000e-01  4.901694e-01
1.830000e-01  4.878936e-01
1.860000e-01  4.856565e-01
1.890000e-01  4.834568e-01
1.920000e-01  4.812932e-01
1.950000e-01  4.791648e-01
1.980000e-01  4.770703e-01
2.010000e-01  4.750088e-01
2.040000e-01  4.729793e-01
2.070000e-01  4.709807e-01
2.100000e-01  4.690123e-01
2.130000e-01  4.670732e-01
2.160000e-01  4.651624e-01
2.190000e-01  4.632793e-01
2.220000e-01  4.614230e-01
2.250000e-01  4.595928e-01
2.280000e-01  4.577880e-01
2.310000e-01  4.560080e-01
2.340000e-01  4.542520e-01
2.370000e-01  4.525194e-01
2.400000e-01  4.508097e-01
2.430000e-01  4.491223e-01
2.460000e-01  4.474565e-01
2.490000e-01  4.458119e-01
2.520000e-01  4.441879e-01
2.550000e-01  4.425841e-01
2.580000e-01  4.409999e-01
2.610000e-01  4.394349e-01
2.640000e-01  4.378886e-01
2.670000e-01  4.363606e-01
2.700000e-01  4.348505e-01
2.730000e-01  4.333578e-01
2.760000e-01  4.318822e-01
2.790000e-01  4.304233e-01
2.820000e-01  4.289807e-01
2.850000e-01  4.275540e-01
2.880000e-01  4.261430e-01
2.910000e-01  4.247472e-01
2.940000e-01  4.233664e-01
2.970000e-01  4.220002e-01
3.000000e-01  4.206483e-01
3.030000e-01  4.193105e-01
3.060000e-01  4.179864e-01
3.090000e-01  4.166757e-01
3.120000e-01  4.153783e-01
3.150000e-01  4.140938e-01
3.180000e-01  4.128220e-01
3.210000e-01  4.115626e-01
3.240000e-01  4.103153e-01
3.270000e-01  4.090800e-01
3.300000e-01  4.078565e-01
3.330000e-01  4.066444e-01
3.360000e-01  4.054436e-01
3.390000e-01  4.042539e-01
3.420000e-01  4.030751e-01
3.450000e-01  4.019069e-01
3.480000e-01  4.007492e-01
3.510000e-01  3.996018e-01
3.540000e-01  3.984645e-01
3.570000e-01  3.973371e-01
3.600000e-01  3.962194e-01
3.630000e-01  3.951114e-01
3.660000e-01  3.940127e-01
3.690000e-01  3.929233e-01
3.720000e-01  3.918430e-01
3.750000e-01  3.907716e-01
3.780000e-01  3.897090e-01
3.810000e-01  3.886550e-01
3.840000e-01  3.876095e-01
3.870000e-01  3.865724e-01
3.900000e-01  3.855435e-01
3.930000e-01  3.845227e-01
3.960000e-01  3.835099e-01
3.990000e-01  3.825049e-01
4.020000e-01  3.815075e-01
4.050000e-01  3.805178e-01
4.080000e-01  3.795355e-01
4.110000e-01  3.785606e-01
4.140000e-01  3.775929e-01
4.170000e-01  3.766323e-01
4.200000e-01  3.756787e-01
4.230000e-01  3.747321e-01
4.260000e-01  3.737922e-01
4.290000e-01  3.728591e-01
4.320000e-01  3.719325e-01
4.350000e-01  3.710124e-01
4.380000e-01  3.700988e-01
4.410000e-01  3.691915e-01
4.440000e-01  3.682903e-01
4.470000e-01  3.673953e-01
4.500000e-01  3.665064e-01
4.530000e-01  3.656234e-01
4.560000e-01  3.647463e-01
4.590000e-01  3.638750e-01
4.620000e-01  3.630094e-01
4.650000e-01  3.621494e-01
4.680000e-01  3.612950e-01
4.710000e-01  3.604460e-01
4.740000e-01  3.596024e-01
4.770000e-01  3.587642e-01
4.800000e-01  3.579312e-01
4.830000e-01  3.571034e-01
4.860000e-01  3.562808e-01
4.890000e-01  3.554631e-01
4.920000e-01  3.546505e-01
4.950000e-01  3.538427e-01
4.980000e-01  3.530398e-01
5.010000e-01  3.522417e-01
5.040000e-01  3.514483e-01
5.070000e-01  3.506596e-01
5.100000e-01  3.498755e-01
5.130000e-01  3.490959e-01
5.160000e-01  3.483208e-01
5.190000e-01  3.475501e-01
5.220000e-01  3.467838e-01
5.250000e-01  3.460219e-01
5.280000e-01  3.452642e-01
5.310000e-01  3.445107e-01
5.340000e-01  3.437613e-01
5.370000e-01  3.430161e-01
5.400000e-01  3.422749e-01
5.430000e-01  3.415377e-01
5.460000e-01  3.408045e-01
5.490000e-01  3.400752e-01
5.520000e-01  3.393498e-01
5.550000e-01  3.386282e-01
5.580000e-01  3.379104e-01
5.610000e-01  3.371962e-01
5.640000e-01  3.364858e-01
5.670000e-01  3.357790e-01
5.700000e-01  3.350758e-01
5.730000e-01  3.343762e-01
5.760000e-01  3.336801e-01
5.790000e-01  3.329874e-01
5.820000e-01  3.322982e-01
5.850000e-01  3.316124e-01
5.880000e-01  3.309300e-01
5.910000e-01  3.302508e-01
5.940000e-01  3.295750e-01
5.970000e-01  3.289024e-01
6.000000e-01  3.282330e-01
6.030000e-01  3.275667e-01
6.060000e-01  3.269036e-01
6.090000e-01  3.262436e-01
6.120000e-01  3.255867e-01
6.150000e-01  3.249328e-01
6.180000e-01  3.242819e-01
6.210000e-01  3.236339e-01
6.240000e-01  3.229889e-01
6.270000e-01  3.223468e-01
6.300000e-01  3.217076e-01
6.330000e-01  3.210712e-01
6.360000e-01  3.204376e-01
6.390000e-01  3.198068e-01
6.420000e-01  3.191788e-01
6.450000e-01  3.185534e-01
6.480000e-01  3.179308e-01
6.510000e-01  3.173108e-01
6.540000e-01  3.166934e-01
6.570000e-01  3.160787e-01
6.600000e-01  3.154665e-01
6.630000e-01  3.148569e-01
6.660000e-01  3.142498e-01
6.690000e-01  3.136453e-01
6.720000e-01  3.130431e-01
6.750000e-01  3.124435e-01
6.780000e-01  3.118462e-01
6.810000e-01  3.112514e-01
6.840000e-01  3.106589e-01
6.870000e-01  3.100688e-01
6.900000e-01  3.094810e-01
6.930000e-01  3.088955e-01
6.960000e-01  3.083122e-01
6.990000e-01  3.077313e-01
7.020000e-01  3.071525e-01
7.050000e-01  3.065760e-01
7.080000e-01  3.060017e-01
7.110000e-01  3.054295e-01
7.140000e-01  3.048595e-01
7.170000e-01  3.042915e-01
7.200000e-01  3.037257e-01
7.230000e-01  3.031620e-01
7.260000e-01  3.026003e-01
7.290000e-01  3.020407e-01
7.320000e-01  3.014831e-01
7.350000e-01  3.009275e-01
7.380000e-01  3.003738e-01
7.410000e-01  2.998221e-01
7.440000e-01  2.992724e-01
7.470000e-01  2.987246e-01
7.500000e-01  2.981787e-01
7.530000e-01  2.976346e-01
7.560000e-01  2.970925e-01
7.590000e-01  2.965522e-01
7.620000e-01  2.960137e-01
7.650000e-01  2.954770e-01
7.680000e-01  2.949421e-01
7.710000e-01  2.944090e-01
7.740000e-01  2.938777e-01
7.770000e-01  2.933481e-01
7.800000e-01  2.928202e-01
7.830000e-01  2.922940e-01
7.860000e-01  2.917695e-01
7.890000e-01  2.912467e-01
7.920000e-01  2.907256e-01
7.950000e-01  2.902061e-01
7.980000e-01  2.896882e-01
8.010000e-01  2.891720e-01
8.040000e-01  2.886573e-01
8.070000e-01  2.881443e-01
8.100000e-01  2.876328e-01
8.130000e-01  2.871228e-01
8.160000e-01  2.866144e-01
8.190000e-01  2.861075e-01
8.220000e-01  2.856021e-01
8.250000e-01  2.850982e-01
8.280000e-01  2.845958e-01
8.310000e-01  2.840949e-01
8.340000e-01  2.835954e-01
8.370000e-01  2.830973e-01
8.400000e-01  2.826007e-01
8.430000e-01  2.821055e-01
8.460000e-01  2.816116e-01
8.490000e-01  2.811192e-01
8.520000e-01  2.806281e-01
8.550000e-01  2.801384e-01
8.580000e-01  2.796500e-01
8.610000e-01  2.791630e-01
8.640000e-01  2.786773e-01
8.670000e-01  2.781929e-01
8.700000e-01  2.777098e-01
8.730000e-01  2.772279e-01
8.760000e-01  2.767474e-01
8.790000e-01  2.762680e-01
8.820000e-01  2.757900e-01
8.850000e-01  2.753131e-01
8.880000e-01  2.748375e-01
8.910000e-01  2.743631e-01
8.940000e-01  2.738899e-01
8.970000e-01  2.734179e-01
9.000000e-01  2.729471e-01
9.030000e-01  2.724774e-01
9.060000e-01  2.720088e-01
9.090000e-01  2.715414e-01
9.120000e-01  2.710752e-01
9.150000e-01  2.706100e-01
9.180000e-01  2.701460e-01
9.210000e-01  2.696831e-01
9.240000e-01  2.692212e-01
9.270000e-01  2.687604e-01
9.300000e-01  2.683007e-01
9.330000e-01  2.678421e-01
9.360000e-01  2.673844e-01
9.390000e-01  2.669279e-01
9.420000e-01  2.664723e-01
9.450000e-01  2.660177e-01
9.480000e-01  2.655642e-01
9.510000e-01  2.651116e-01
9.540000e-01  2.646601e-01
9.570000e-01  2.642095e-01
9.600000e-01  2.637598e-01
9.630000e-01  2.633111e-01
9.660000e-01  2.628634e-01
9.690000e-01  2.624166e-01
9.720000e-01  2.619707e-01
9.750000e-01  2.615257e-01
9.780000e-01  2.610816e-01
9.810000e-01  2.606384e-01
9.840000e-01  2.601961e-01
9.870000e-01  2.597547e-01
9.900000e-01  2.593142e-01
9.930000e-01  2.588745e-01
9.960000e-01  2.584356e-01
9.990000e-01  2.579976e-01
