000000  000001
3.000000e-03  8.816355e-01
6.000000e-03  8.134294e-01
9.000000e-03  7.656562e-01
1.200000e-02  7.290522e-01
1.500000e-02  6.994880e-01
1.800000e-02  6.747603e-01
2.100000e-02  6.535547e-01
2.400000e-02  6.350250e-01
2.700000e-02  6.185943e-01
3.000000e-02  6.038523e-01
3.300000e-02  5.904970e-01
3.600000e-02  5.782997e-01
3.900000e-02  5.670832e-01
4.200000e-02  5.567075e-01
4.500000e-02  5.470601e-01
4.800000e-02  5.380493e-01
5.100000e-02  5.295994e-01
5.400000e-02  5.216473e-01
5.700000e-02  5.141397e-01
6.000000e-02  5.070313e-01
6.300000e-02  5.002832e-01
6.600000e-02  4.938619e-01
6.900000e-02  4.877381e-01
7.200000e-02  4.818865e-01
7.500000e-02  4.762845e-01
7.800000e-02  4.709124e-01
8.100000e-02  4.657524e-01
8.400000e-02  4.607890e-01
8.700000e-02  4.560080e-01
9.000000e-02  4.513967e-01
9.300000e-02  4.469439e-01
9.600000e-02  4.426391e-01
9.900000e-02  4.384730e-01
1.020000e-01  4.344370e-01
1.050000e-01  4.305234e-01
1.080000e-01  4.267250e-01
1.110000e-01  4.230353e-01
1.140000e-01  4.194482e-01
1.170000e-01  4.159583e-01
1.200000e-01  4.125604e-01
1.230000e-01  4.092497e-01
1.260000e-01  4.060219e-01
1.290000e-01  4.028729e-01
1.320000e-01  3.997989e-01
1.350000e-01  3.967963e-01
1.380000e-01  3.938619e-01
1.410000e-01  3.909925e-01
1.440000e-01  3.881853e-01
1.470000e-01  3.854376e-01
1.500000e-01  3.827467e-01
1.530000e-01  3.801104e-01
1.560000e-01  3.775264e-01
1.590000e-01  3.749925e-01
1.620000e-01  3.725068e-01
1.650000e-01  3.700674e-01
1.680000e-01  3.676725e-01
1.710000e-01  3.653203e-01
1.740000e-01  3.630094e-01
1.770000e-01  3.607381e-01
1.800000e-01  3.585051e-01
1.830000e-01  3.563090e-01
1.860000e-01  3.541485e-01
1.890000e-01  3.520224e-01
1.920000e-01  3.499294e-01
1.950000e-01  3.478685e-01
1.980000e-01  3.458386e-01
2.010000e-01  3.438386e-01
2.040000e-01  3.418677e-01
2.070000e-01  3.399248e-01
2.100000e-01  3.380091e-01
2.130000e-01  3.361198e-01
2.160000e-01  3.342559e-01
2.190000e-01  3.324168e-01
2.220000e-01  3.306017e-01
2.250000e-01  3.288098e-01
2.280000e-01  3.270406e-01
2.310000e-01  3.252932e-01
2.340000e-01  3.235671e-01
2.370000e-01  3.218616e-01
2.400000e-01  3.201763e-01
2.430000e-01  3.185104e-01
2.460000e-01  3.168635e-01
2.490000e-01  3.152350e-01
2.520000e-01  3.136244e-01
2.550000e-01  3.120313e-01
2.580000e-01  3.104551e-01
2.610000e-01  3.088955e-01
2.640000e-01  3.073519e-01
2.670000e-01  3.058239e-01
2.700000e-01  3.043111e-01
2.730000e-01  3.028131e-01
2.760000e-01  3.013296e-01
2.790000e-01  2.998601e-01
2.820000e-01  2.984043e-01
2.850000e-01  2.969619e-01
2.880000e-01  2.955324e-01
2.910000e-01  2.941156e-01
2.940000e-01  2.927112e-01
2.970000e-01  2.913188e-01
3.000000e-01  2.899380e-01
3.030000e-01  2.885688e-01
3.060000e-01  2.872106e-01
3.090000e-01  2.858633e-01
3.120000e-01  2.845266e-01
3.150000e-01  2.832002e-01
3.180000e-01  2.818839e-01
3.210000e-01  2.805774e-01
3.240000e-01  2.792804e-01
3.270000e-01  2.779928e-01
3.300000e-01  2.767143e-01
3.330000e-01  2.754446e-01
3.360000e-01  2.741835e-01
3.390000e-01  2.729308e-01
3.420000e-01  2.716864e-01
3.450000e-01  2.704499e-01
3.480000e-01  2.692212e-01
3.510000e-01  2.680001e-01
3.540000e-01  2.667864e-01
3.570000e-01  2.655798e-01
3.600000e-01  2.643803e-01
3.630000e-01  2.631875e-01
3.660000e-01  2.620014e-01
3.690000e-01  2.608217e-01
3.720000e-01  2.596483e-01
3.750000e-01  2.584810e-01
3.780000e-01  2.573196e-01
3.810000e-01  2.561639e-01
3.840000e-01  2.550138e-01
3.870000e-01  2.538691e-01
3.900000e-01  2.527297e-01
3.930000e-01  2.515954e-01
3.960000e-01  2.504659e-01
3.990000e-01  2.493413e-01
4.020000e-01  2.482212e-01
4.050000e-01  2.471056e-01
4.080000e-01  2.459943e-01
4.110000e-01  2.448872e-01
4.140000e-01  2.437840e-01
4.170000e-01  2.426847e-01
4.200000e-01  2.415890e-01
4.230000e-01  2.404969e-01
4.260000e-01  2.394082e-01
4.290000e-01  2.383227e-01
4.320000e-01  2.372402e-01
4.350000e-01  2.361607e-01
4.380000e-01  2.350840e-01
4.410000e-01  2.340099e-01
4.440000e-01  2.329383e-01
4.470000e-01  2.318690e-01
4.500000e-01  2.308019e-01
4.530000e-01  2.297367e-01
4.560000e-01  2.286735e-01
4.590000e-01  2.276119e-01
4.620000e-01  2.265519e-01
4.650000e-01  2.254932e-01
4.680000e-01  2.244357e-01
4.710000e-01  2.233793e-01
4.740000e-01  2.223238e-01
4.770000e-01  2.212690e-01
4.800000e-01  2.202147e-01
4.830000e-01  2.191607e-01
4.860000e-01  000000
4.890000e-01  000000
4.920000e-01  000000
4.950000e-01  000000
4.980000e-01  000000
5.010000e-01  000000
5.040000e-01  000000
5.070000e-01  000000
5.100000e-01  000000
5.130000e-01  000000
5.160000e-01  000000
5.190000e-01  000000
5.220000e-01  000000
5.250000e-01  000000
5.280000e-01  000000
5.310000e-01  000000
5.340000e-01  000000
5.370000e-01  000000
5.400000e-01  000000
5.430000e-01  000000
5.460000e-01  000000
5.490000e-01  000000
5.520000e-01  000000
5.550000e-01  000000
5.580000e-01  000000
5.610000e-01  000000
5.640000e-01  000000
5.670000e-01  000000
5.700000e-01  000000
5.730000e-01  000000
5.760000e-01  000000
5.790000e-01  000000
5.820000e-01  000000
5.850000e-01  000000
5.880000e-01  000000
5.910000e-01  000000
5.940000e-01  000000
5.970000e-01  000000
6.000000e-01  000000
6.030000e-01  000000
6.060000e-01  000000
6.090000e-01  000000
6.120000e-01  000000
6.150000e-01  000000
6.180000e-01  000000
6.210000e-01  000000
6.240000e-01  000000
6.270000e-01  000000
6.300000e-01  000000
6.330000e-01  000000
6.360000e-01  000000
6.390000e-01  000000
6.420000e-01  000000
6.450000e-01  000000
6.480000e-01  000000
6.510000e-01  000000
6.540000e-01  000000
6.570000e-01  000000
6.600000e-01  000000
6.630000e-01  000000
6.660000e-01  000000
6.690000e-01  000000
6.720000e-01  000000
6.750000e-01  000000
6.780000e-01  000000
6.810000e-01  000000
6.840000e-01  000000
6.870000e-01  000000
6.900000e-01  000000
6.930000e-01  000000
6.960000e-01  000000
6.990000e-01  000000
7.020000e-01  000000
7.050000e-01  000000
7.080000e-01  000000
7.110000e-01  000000
7.140000e-01  000000
7.170000e-01  000000
7.200000e-01  000000
7.230000e-01  000000
7.260000e-01  000000
7.290000e-01  000000
7.320000e-01  000000
7.350000e-01  000000
7.380000e-01  000000
7.410000e-01  000000
7.440000e-01  000000
7.470000e-01  000000
7.500000e-01  000000
7.530000e-01  000000
7.560000e-01  000000
7.590000e-01  000000
7.620000e-01  000000
7.650000e-01  000000
7.680000e-01  000000
7.710000e-01  000000
7.740000e-01  000000
7.770000e-01  000000
7.800000e-01  000000
7.830000e-01  000000
7.860000e-01  000000
7.890000e-01  000000
7.920000e-01  000000
7.950000e-01  000000
7.980000e-01  000000
8.010000e-01  000000
8.040000e-01  000000
8.070000e-01  000000
8.100000e-01  000000
8.130000e-01  000000
8.160000e-01  000000
8.190000e-01  000000
8.220000e-01  000000
8.250000e-01  000000
8.280000e-01  000000
8.310000e-01  000000
8.340000e-01  000000
8.370000e-01  000000
8.400000e-01  000000
8.430000e-01  000000
8.460000e-01  000000
8.490000e-01  000000
8.520000e-01  000000
8.550000e-01  000000
8.580000e-01  000000
8.610000e-01  000000
8.640000e-01  000000
8.670000e-01  000000
8.700000e-01  000000
8.730000e-01  000000
8.760000e-01  000000
8.790000e-01  000000
8.820000e-01  000000
8.850000e-01  000000
8.880000e-01  000000
8.910000e-01  000000
8.940000e-01  000000
8.970000e-01  000000
9.000000e-01  000000
9.030000e-01  000000
9.060000e-01  000000
9.090000e-01  000000
9.120000e-01  000000
9.150000e-01  000000
9.180000e-01  000000
9.210000e-01  000000
9.240000e-01  000000
9.270000e-01  000000
9.300000e-01  000000
9.330000e-01  000000
9.360000e-01  000000
9.390000e-01  000000
9.420000e-01  000000
9.450000e-01  000000
9.480000e-01  000000
9.510000e-01  000000
9.540000e-01  000000
9.570000e-01  000000
9.600000e-01  000000
9.630000e-01  000000
9.660000e-01  000000
9.690000e-01  000000
9.720000e-01  000000
9.750000e-01  000000
9.780000e-01  000000
9.810000e-01  000000
9.840000e-01  000000
9.870000e-01  000000
9.900000e-01  000000
9.930000e-01  000000
9.960000e-01  000000
9.990000e-01  000000
