000000  000001
3.000000e-03  9.300133e-01
6.000000e-03  8.809012e-01
9.000000e-03  8.431139e-01
1.200000e-02  8.124638e-01
1.500000e-02  7.867286e-01
1.800000e-02  7.645838e-01
2.100000e-02  7.451759e-01
2.400000e-02  7.279221e-01
2.700000e-02  7.124071e-01
3.000000e-02  6.983241e-01
3.300000e-02  6.854405e-01
3.600000e-02  6.735756e-01
3.900000e-02  6.625863e-01
4.200000e-02  6.523572e-01
4.500000e-02  6.427943e-01
4.800000e-02  6.338195e-01
5.100000e-02  6.253678e-01
5.400000e-02  6.173841e-01
5.700000e-02  6.098215e-01
6.000000e-02  6.026397e-01
6.300000e-02  5.958037e-01
6.600000e-02  5.892834e-01
6.900000e-02  5.830520e-01
7.200000e-02  5.770862e-01
7.500000e-02  5.713651e-01
7.800000e-02  5.658705e-01
8.100000e-02  5.605857e-01
8.400000e-02  5.554961e-01
8.700000e-02  5.505883e-01
9.000000e-02  5.458504e-01
9.300000e-02  5.412715e-01
9.600000e-02  5.368416e-01
9.900000e-02  5.325518e-01
1.020000e-01  5.283939e-01
1.050000e-01  5.243603e-01
1.080000e-01  5.204441e-01
1.110000e-01  5.166389e-01
1.140000e-01  5.129389e-01
1.170000e-01  5.093385e-01
1.200000e-01  5.058328e-01
1.230000e-01  5.024171e-01
1.260000e-01  4.990871e-01
1.290000e-01  4.958387e-01
1.320000e-01  4.926682e-01
1.350000e-01  4.895720e-01
1.380000e-01  4.865468e-01
1.410000e-01  4.835896e-01
1.440000e-01  4.806975e-01
1.470000e-01  4.778677e-01
1.500000e-01  4.750978e-01
1.530000e-01  4.723852e-01
1.560000e-01  4.697278e-01
1.590000e-01  4.671234e-01
1.620000e-01  4.645700e-01
1.650000e-01  4.620657e-01
1.680000e-01  4.596086e-01
1.710000e-01  4.571971e-01
1.740000e-01  4.548296e-01
1.770000e-01  4.525045e-01
1.800000e-01  4.502203e-01
1.830000e-01  4.479757e-01
1.860000e-01  4.457693e-01
1.890000e-01  4.435999e-01
1.920000e-01  4.414663e-01
1.950000e-01  4.393673e-01
1.980000e-01  4.373018e-01
2.010000e-01  4.352689e-01
2.040000e-01  4.332675e-01
2.070000e-01  4.312966e-01
2.100000e-01  4.293554e-01
2.130000e-01  4.274430e-01
2.160000e-01  4.255585e-01
2.190000e-01  4.237012e-01
2.220000e-01  4.218702e-01
2.250000e-01  4.200649e-01
2.280000e-01  4.182845e-01
2.310000e-01  4.165284e-01
2.340000e-01  4.147959e-01
2.370000e-01  4.130864e-01
2.400000e-01  4.113992e-01
2.430000e-01  4.097338e-01
2.460000e-01  4.080897e-01
2.490000e-01  4.064662e-01
2.520000e-01  4.048629e-01
2.550000e-01  4.032793e-01
2.580000e-01  4.017149e-01
2.610000e-01  4.001692e-01
2.640000e-01  3.986418e-01
2.670000e-01  3.971323e-01
2.700000e-01  3.956401e-01
2.730000e-01  3.941650e-01
2.760000e-01  3.927065e-01
2.790000e-01  3.912642e-01
2.820000e-01  3.898379e-01
2.850000e-01  3.884270e-01
2.880000e-01  3.870314e-01
2.910000e-01  3.856505e-01
2.940000e-01  3.842842e-01
2.970000e-01  3.829321e-01
3.000000e-01  3.815940e-01
3.030000e-01  3.802694e-01
3.060000e-01  3.789582e-01
3.090000e-01  3.776600e-01
3.120000e-01  3.763746e-01
3.150000e-01  3.751017e-01
3.180000e-01  3.738411e-01
3.210000e-01  3.725925e-01
3.240000e-01  3.713557e-01
3.270000e-01  3.701305e-01
3.300000e-01  3.689165e-01
3.330000e-01  3.677137e-01
3.360000e-01  3.665218e-01
3.390000e-01  3.653406e-01
3.420000e-01  3.641698e-01
3.450000e-01  3.630094e-01
3.480000e-01  3.618590e-01
3.510000e-01  3.607186e-01
3.540000e-01  3.595878e-01
3.570000e-01  3.584666e-01
3.600000e-01  3.573548e-01
3.630000e-01  3.562522e-01
3.660000e-01  3.551587e-01
3.690000e-01  3.540740e-01
3.720000e-01  3.529981e-01
3.750000e-01  3.519307e-01
3.780000e-01  3.508718e-01
3.810000e-01  3.498211e-01
3.840000e-01  3.487786e-01
3.870000e-01  3.477441e-01
3.900000e-01  3.467174e-01
3.930000e-01  3.456985e-01
3.960000e-01  3.446872e-01
3.990000e-01  3.436834e-01
4.020000e-01  3.426869e-01
4.050000e-01  3.416977e-01
4.080000e-01  3.407155e-01
4.110000e-01  3.397404e-01
4.140000e-01  3.387722e-01
4.170000e-01  3.378108e-01
4.200000e-01  3.368560e-01
4.230000e-01  3.359078e-01
4.260000e-01  3.349661e-01
4.290000e-01  3.340307e-01
4.320000e-01  3.331016e-01
4.350000e-01  3.321787e-01
4.380000e-01  3.312619e-01
4.410000e-01  3.303510e-01
4.440000e-01  3.294461e-01
4.470000e-01  3.285469e-01
4.500000e-01  3.276534e-01
4.530000e-01  3.267656e-01
4.560000e-01  3.258833e-01
4.590000e-01  3.250065e-01
4.620000e-01  3.241351e-01
4.650000e-01  3.232690e-01
4.680000e-01  3.224081e-01
4.710000e-01  3.215524e-01
4.740000e-01  3.207017e-01
4.770000e-01  3.198561e-01
4.800000e-01  3.190154e-01
4.830000e-01  3.181795e-01
4.860000e-01  3.173485e-01
4.890000e-01  3.165221e-01
4.920000e-01  3.157004e-01
4.950000e-01  3.148834e-01
4.980000e-01  3.140708e-01
5.010000e-01  3.132628e-01
5.040000e-01  3.124591e-01
5.070000e-01  3.116598e-01
5.100000e-01  3.108647e-01
5.130000e-01  3.100739e-01
5.160000e-01  3.092872e-01
5.190000e-01  3.085047e-01
5.220000e-01  3.077262e-01
5.250000e-01  3.069518e-01
5.280000e-01  3.061812e-01
5.310000e-01  3.054146e-01
5.340000e-01  3.046518e-01
5.370000e-01  3.038928e-01
5.400000e-01  3.031375e-01
5.430000e-01  3.023860e-01
5.460000e-01  3.016380e-01
5.490000e-01  3.008937e-01
5.520000e-01  3.001529e-01
5.550000e-01  2.994156e-01
5.580000e-01  2.986818e-01
5.610000e-01  2.979514e-01
5.640000e-01  2.972243e-01
5.670000e-01  2.965006e-01
5.700000e-01  2.957801e-01
5.730000e-01  2.950629e-01
5.760000e-01  2.943489e-01
5.790000e-01  2.936380e-01
5.820000e-01  2.929302e-01
5.850000e-01  2.922255e-01
5.880000e-01  2.915238e-01
5.910000e-01  2.908252e-01
5.940000e-01  2.901295e-01
5.970000e-01  2.894367e-01
6.000000e-01  2.887467e-01
6.030000e-01  2.880596e-01
6.060000e-01  2.873754e-01
6.090000e-01  2.866939e-01
6.120000e-01  2.860151e-01
6.150000e-01  2.853390e-01
6.180000e-01  2.846656e-01
6.210000e-01  2.839948e-01
6.240000e-01  2.833267e-01
6.270000e-01  2.826611e-01
6.300000e-01  2.819980e-01
6.330000e-01  2.813374e-01
6.360000e-01  2.806793e-01
6.390000e-01  2.800236e-01
6.420000e-01  2.793704e-01
6.450000e-01  2.787195e-01
6.480000e-01  2.780709e-01
6.510000e-01  2.774247e-01
6.540000e-01  2.767807e-01
6.570000e-01  2.761391e-01
6.600000e-01  2.754996e-01
6.630000e-01  2.748623e-01
6.660000e-01  2.742272e-01
6.690000e-01  2.735943e-01
6.720000e-01  2.729634e-01
6.750000e-01  2.723347e-01
6.780000e-01  2.717079e-01
6.810000e-01  2.710833e-01
6.840000e-01  2.704606e-01
6.870000e-01  2.698399e-01
6.900000e-01  2.692212e-01
6.930000e-01  2.686044e-01
6.960000e-01  2.679895e-01
6.990000e-01  2.673765e-01
7.020000e-01  2.667653e-01
7.050000e-01  2.661560e-01
7.080000e-01  2.655484e-01
7.110000e-01  2.649427e-01
7.140000e-01  2.643387e-01
7.170000e-01  2.637364e-01
7.200000e-01  2.631358e-01
7.230000e-01  2.625369e-01
7.260000e-01  2.619397e-01
7.290000e-01  2.613441e-01
7.320000e-01  2.607501e-01
7.350000e-01  2.601577e-01
7.380000e-01  2.595669e-01
7.410000e-01  2.589776e-01
7.440000e-01  2.583899e-01
7.470000e-01  2.578036e-01
7.500000e-01  2.572188e-01
7.530000e-01  2.566355e-01
7.560000e-01  2.560537e-01
7.590000e-01  2.554732e-01
7.620000e-01  2.548941e-01
7.650000e-01  2.543164e-01
7.680000e-01  2.537401e-01
7.710000e-01  2.531651e-01
7.740000e-01  2.525913e-01
7.770000e-01  2.520189e-01
7.800000e-01  2.514478e-01
7.830000e-01  2.508779e-01
7.860000e-01  2.503092e-01
7.890000e-01  2.497417e-01
7.920000e-01  2.491754e-01
7.950000e-01  2.486103e-01
7.980000e-01  2.480463e-01
8.010000e-01  2.474835e-01
8.040000e-01  2.469217e-01
8.070000e-01  2.463611e-01
8.100000e-01  2.458015e-01
8.130000e-01  2.452430e-01
8.160000e-01  2.446854e-01
8.190000e-01  2.441289e-01
8.220000e-01  2.435734e-01
8.250000e-01  2.430189e-01
8.280000e-01  2.424653e-01
8.310000e-01  2.419126e-01
8.340000e-01  2.413608e-01
8.370000e-01  2.408099e-01
8.400000e-01  2.402599e-01
8.430000e-01  2.397108e-01
8.460000e-01  2.391625e-01
8.490000e-01  2.386150e-01
8.520000e-01  2.380683e-01
8.550000e-01  2.375223e-01
8.580000e-01  2.369771e-01
8.610000e-01  2.364327e-01
8.640000e-01  2.358890e-01
8.670000e-01  2.353459e-01
8.700000e-01  2.348036e-01
8.730000e-01  2.342619e-01
8.760000e-01  2.337208e-01
8.790000e-01  2.331804e-01
8.820000e-01  2.326405e-01
8.850000e-01  2.321013e-01
8.880000e-01  2.315626e-01
8.910000e-01  2.310244e-01
8.940000e-01  2.304868e-01
8.970000e-01  2.299496e-01
9.000000e-01  2.294129e-01
9.030000e-01  2.288767e-01
9.060000e-01  2.283410e-01
9.090000e-01  2.278056e-01
9.120000e-01  2.272707e-01
9.150000e-01  2.267361e-01
9.180000e-01  2.262019e-01
9.210000e-01  2.256680e-01
9.240000e-01  2.251345e-01
9.270000e-01  2.246012e-01
9.300000e-01  2.240682e-01
9.330000e-01  2.235354e-01
9.360000e-01  2.230029e-01
9.390000e-01  2.224706e-01
9.420000e-01  2.219385e-01
9.450000e-01  2.214065e-01
9.480000e-01  2.208747e-01
9.510000e-01  2.203430e-01
9.540000e-01  2.198114e-01
9.570000e-01  2.192798e-01
9.600000e-01  2.187483e-01
9.630000e-01  000000
9.660000e-01  000000
9.690000e-01  000000
9.720000e-01  000000
9.750000e-01  000000
9.780000e-01  000000
9.810000e-01  000000
9.840000e-01  000000
9.870000e-01  000000
9.900000e-01  000000
9.930000e-01  000000
9.960000e-01  000000
9.990000e-01  000000
