000000  000001
3.000000e-03  9.367421e-01
6.000000e-03  8.910105e-01
9.000000e-03  8.552319e-01
1.200000e-02  8.258931e-01
1.500000e-02  8.010669e-01
1.800000e-02  7.795789e-01
2.100000e-02  7.606600e-01
2.400000e-02  7.437784e-01
2.700000e-02  7.285513e-01
3.000000e-02  7.146941e-01
3.300000e-02  7.019891e-01
3.600000e-02  6.902663e-01
3.900000e-02  6.793904e-01
4.200000e-02  6.692522e-01
4.500000e-02  6.597618e-01
4.800000e-02  6.508448e-01
5.100000e-02  6.424387e-01
5.400000e-02  6.344906e-01
5.700000e-02  6.269552e-01
6.000000e-02  6.197938e-01
6.300000e-02  6.129724e-01
6.600000e-02  6.064617e-01
6.900000e-02  6.002359e-01
7.200000e-02  5.942721e-01
7.500000e-02  5.885501e-01
7.800000e-02  5.830520e-01
8.100000e-02  5.777617e-01
8.400000e-02  5.726646e-01
8.700000e-02  5.677479e-01
9.000000e-02  5.629997e-01
9.300000e-02  5.584094e-01
9.600000e-02  5.539672e-01
9.900000e-02  5.496644e-01
1.020000e-01  5.454927e-01
1.050000e-01  5.414448e-01
1.080000e-01  5.375138e-01
1.110000e-01  5.336935e-01
1.140000e-01  5.299780e-01
1.170000e-01  5.263620e-01
1.200000e-01  5.228406e-01
1.230000e-01  5.194090e-01
1.260000e-01  5.160630e-01
1.290000e-01  5.127986e-01
1.320000e-01  5.096120e-01
1.350000e-01  5.064998e-01
1.380000e-01  5.034588e-01
1.410000e-01  5.004858e-01
1.440000e-01  4.975779e-01
1.470000e-01  4.947326e-01
1.500000e-01  4.919472e-01
1.530000e-01  4.892193e-01
1.560000e-01  4.865468e-01
1.590000e-01  4.839274e-01
1.620000e-01  4.813593e-01
1.650000e-01  4.788404e-01
1.680000e-01  4.763689e-01
1.710000e-01  4.739433e-01
1.740000e-01  4.715618e-01
1.770000e-01  4.692229e-01
1.800000e-01  4.669252e-01
1.830000e-01  4.646673e-01
1.860000e-01  4.624478e-01
1.890000e-01  4.602656e-01
1.920000e-01  4.581193e-01
1.950000e-01  4.560080e-01
1.980000e-01  4.539304e-01
2.010000e-01  4.518855e-01
2.040000e-01  4.498724e-01
2.070000e-01  4.478901e-01
2.100000e-01  4.459377e-01
2.130000e-01  4.440143e-01
2.160000e-01  4.421190e-01
2.190000e-01  4.402512e-01
2.220000e-01  4.384099e-01
2.250000e-01  4.365945e-01
2.280000e-01  4.348043e-01
2.310000e-01  4.330386e-01
2.340000e-01  4.312966e-01
2.370000e-01  4.295779e-01
2.400000e-01  4.278818e-01
2.430000e-01  4.262077e-01
2.460000e-01  4.245551e-01
2.490000e-01  4.229234e-01
2.520000e-01  4.213121e-01
2.550000e-01  4.197206e-01
2.580000e-01  4.181486e-01
2.610000e-01  4.165955e-01
2.640000e-01  4.150609e-01
2.670000e-01  4.135444e-01
2.700000e-01  4.120455e-01
2.730000e-01  4.105638e-01
2.760000e-01  4.090989e-01
2.790000e-01  4.076506e-01
2.820000e-01  4.062182e-01
2.850000e-01  4.048017e-01
2.880000e-01  4.034004e-01
2.910000e-01  4.020143e-01
2.940000e-01  4.006429e-01
2.970000e-01  3.992858e-01
3.000000e-01  3.979429e-01
3.030000e-01  3.966138e-01
3.060000e-01  3.952982e-01
3.090000e-01  3.939959e-01
3.120000e-01  3.927065e-01
3.150000e-01  3.914298e-01
3.180000e-01  3.901656e-01
3.210000e-01  3.889137e-01
3.240000e-01  3.876736e-01
3.270000e-01  3.864454e-01
3.300000e-01  3.852286e-01
3.330000e-01  3.840231e-01
3.360000e-01  3.828287e-01
3.390000e-01  3.816452e-01
3.420000e-01  3.804723e-01
3.450000e-01  3.793099e-01
3.480000e-01  3.781577e-01
3.510000e-01  3.770157e-01
3.540000e-01  3.758835e-01
3.570000e-01  3.747611e-01
3.600000e-01  3.736482e-01
3.630000e-01  3.725447e-01
3.660000e-01  3.714504e-01
3.690000e-01  3.703652e-01
3.720000e-01  3.692889e-01
3.750000e-01  3.682213e-01
3.780000e-01  3.671623e-01
3.810000e-01  3.661117e-01
3.840000e-01  3.650695e-01
3.870000e-01  3.640354e-01
3.900000e-01  3.630094e-01
3.930000e-01  3.619912e-01
3.960000e-01  3.609809e-01
3.990000e-01  3.599781e-01
4.020000e-01  3.589829e-01
4.050000e-01  3.579951e-01
4.080000e-01  3.570146e-01
4.110000e-01  3.560412e-01
4.140000e-01  3.550749e-01
4.170000e-01  3.541156e-01
4.200000e-01  3.531630e-01
4.230000e-01  3.522172e-01
4.260000e-01  3.512781e-01
4.290000e-01  3.503454e-01
4.320000e-01  3.494192e-01
4.350000e-01  3.484993e-01
4.380000e-01  3.475856e-01
4.410000e-01  3.466781e-01
4.440000e-01  3.457766e-01
4.470000e-01  3.448811e-01
4.500000e-01  3.439914e-01
4.530000e-01  3.431076e-01
4.560000e-01  3.422294e-01
4.590000e-01  3.413569e-01
4.620000e-01  3.404899e-01
4.650000e-01  3.396284e-01
4.680000e-01  3.387722e-01
4.710000e-01  3.379214e-01
4.740000e-01  3.370758e-01
4.770000e-01  3.362353e-01
4.800000e-01  3.353999e-01
4.830000e-01  3.345696e-01
4.860000e-01  3.337442e-01
4.890000e-01  3.329237e-01
4.920000e-01  3.321080e-01
4.950000e-01  3.312970e-01
4.980000e-01  3.304908e-01
5.010000e-01  3.296891e-01
5.040000e-01  3.288920e-01
5.070000e-01  3.280994e-01
5.100000e-01  3.273113e-01
5.130000e-01  3.265275e-01
5.160000e-01  3.257481e-01
5.190000e-01  3.249729e-01
5.220000e-01  3.242020e-01
5.250000e-01  3.234352e-01
5.280000e-01  3.226725e-01
5.310000e-01  3.219138e-01
5.340000e-01  3.211592e-01
5.370000e-01  3.204084e-01
5.400000e-01  3.196616e-01
5.430000e-01  3.189187e-01
5.460000e-01  3.181795e-01
5.490000e-01  3.174441e-01
5.520000e-01  3.167124e-01
5.550000e-01  3.159844e-01
5.580000e-01  3.152599e-01
5.610000e-01  3.145391e-01
5.640000e-01  3.138217e-01
5.670000e-01  3.131079e-01
5.700000e-01  3.123974e-01
5.730000e-01  3.116904e-01
5.760000e-01  3.109867e-01
5.790000e-01  3.102864e-01
5.820000e-01  3.095893e-01
5.850000e-01  3.088955e-01
5.880000e-01  3.082048e-01
5.910000e-01  3.075173e-01
5.940000e-01  3.068330e-01
5.970000e-01  3.061517e-01
6.000000e-01  3.054734e-01
6.030000e-01  3.047982e-01
6.060000e-01  3.041259e-01
6.090000e-01  3.034566e-01
6.120000e-01  3.027902e-01
6.150000e-01  3.021267e-01
6.180000e-01  3.014660e-01
6.210000e-01  3.008080e-01
6.240000e-01  3.001529e-01
6.270000e-01  2.995005e-01
6.300000e-01  2.988508e-01
6.330000e-01  2.982038e-01
6.360000e-01  2.975595e-01
6.390000e-01  2.969177e-01
6.420000e-01  2.962786e-01
6.450000e-01  2.956419e-01
6.480000e-01  2.950078e-01
6.510000e-01  2.943763e-01
6.540000e-01  2.937471e-01
6.570000e-01  2.931205e-01
6.600000e-01  2.924962e-01
6.630000e-01  2.918743e-01
6.660000e-01  2.912548e-01
6.690000e-01  2.906376e-01
6.720000e-01  2.900227e-01
6.750000e-01  2.894101e-01
6.780000e-01  2.887997e-01
6.810000e-01  2.881916e-01
6.840000e-01  2.875856e-01
6.870000e-01  2.869819e-01
6.900000e-01  2.863803e-01
6.930000e-01  2.857808e-01
6.960000e-01  2.851834e-01
6.990000e-01  2.845881e-01
7.020000e-01  2.839948e-01
7.050000e-01  2.834036e-01
7.080000e-01  2.828144e-01
7.110000e-01  2.822272e-01
7.140000e-01  2.816420e-01
7.170000e-01  2.810587e-01
7.200000e-01  2.804773e-01
7.230000e-01  2.798978e-01
7.260000e-01  2.793202e-01
7.290000e-01  2.787445e-01
7.320000e-01  2.781706e-01
7.350000e-01  2.775984e-01
7.380000e-01  2.770281e-01
7.410000e-01  2.764596e-01
7.440000e-01  2.758928e-01
7.470000e-01  2.753278e-01
7.500000e-01  2.747645e-01
7.530000e-01  2.742028e-01
7.560000e-01  2.736429e-01
7.590000e-01  2.730846e-01
7.620000e-01  2.725279e-01
7.650000e-01  2.719728e-01
7.680000e-01  2.714194e-01
7.710000e-01  2.708675e-01
7.740000e-01  2.703172e-01
7.770000e-01  2.697685e-01
7.800000e-01  2.692212e-01
7.830000e-01  2.686755e-01
7.860000e-01  2.681312e-01
7.890000e-01  2.675885e-01
7.920000e-01  2.670472e-01
7.950000e-01  2.665073e-01
7.980000e-01  2.659689e-01
8.010000e-01  2.654318e-01
8.040000e-01  2.648961e-01
8.070000e-01  2.643619e-01
8.100000e-01  2.638289e-01
8.130000e-01  2.632973e-01
8.160000e-01  2.627671e-01
8.190000e-01  2.622381e-01
8.220000e-01  2.617104e-01
8.250000e-01  2.611840e-01
8.280000e-01  2.606589e-01
8.310000e-01  2.601350e-01
8.340000e-01  2.596123e-01
8.370000e-01  2.590908e-01
8.400000e-01  2.585706e-01
8.430000e-01  2.580515e-01
8.460000e-01  2.575335e-01
8.490000e-01  2.570168e-01
8.520000e-01  2.565011e-01
8.550000e-01  2.559866e-01
8.580000e-01  2.554732e-01
8.610000e-01  2.549609e-01
8.640000e-01  2.544496e-01
8.670000e-01  2.539394e-01
8.700000e-01  2.534303e-01
8.730000e-01  2.529222e-01
8.760000e-01  2.524151e-01
8.790000e-01  2.519090e-01
8.820000e-01  2.514039e-01
8.850000e-01  2.508998e-01
8.880000e-01  2.503966e-01
8.910000e-01  2.498944e-01
8.940000e-01  2.493931e-01
8.970000e-01  2.488927e-01
9.000000e-01  2.483933e-01
9.030000e-01  2.478947e-01
9.060000e-01  2.473970e-01
9.090000e-01  2.469002e-01
9.120000e-01  2.464042e-01
9.150000e-01  2.459090e-01
9.180000e-01  2.454147e-01
9.210000e-01  2.449212e-01
9.240000e-01  2.444285e-01
9.270000e-01  2.439365e-01
9.300000e-01  2.434454e-01
9.330000e-01  2.429549e-01
9.360000e-01  2.424653e-01
9.390000e-01  2.419763e-01
9.420000e-01  2.414881e-01
9.450000e-01  2.410005e-01
9.480000e-01  2.405137e-01
9.510000e-01  2.400275e-01
9.540000e-01  2.395420e-01
9.570000e-01  2.390571e-01
9.600000e-01  2.385729e-01
9.630000e-01  2.380893e-01
9.660000e-01  2.376063e-01
9.690000e-01  2.371238e-01
9.720000e-01  2.366420e-01
9.750000e-01  2.361607e-01
9.780000e-01  2.356800e-01
9.810000e-01  2.351998e-01
9.840000e-01  2.347202e-01
9.870000e-01  2.342411e-01
9.900000e-01  2.337624e-01
9.930000e-01  2.332843e-01
9.960000e-01  2.328066e-01
9.990000e-01  2.323294e-01
