000000  000001
3.000000e-03  9.409006e-01
6.000000e-03  8.973666e-01
9.000000e-03  8.629340e-01
1.200000e-02  8.344932e-01
1.500000e-02  8.103005e-01
1.800000e-02  7.892774e-01
2.100000e-02  7.707094e-01
2.400000e-02  7.540986e-01
2.700000e-02  7.390841e-01
3.000000e-02  7.253957e-01
3.300000e-02  7.128262e-01
3.600000e-02  7.012131e-01
3.900000e-02  6.904264e-01
4.200000e-02  6.803608e-01
4.500000e-02  6.709298e-01
4.800000e-02  6.620614e-01
5.100000e-02  6.536949e-01
5.400000e-02  6.457789e-01
5.700000e-02  6.382695e-01
6.000000e-02  6.311287e-01
6.300000e-02  6.243236e-01
6.600000e-02  6.178254e-01
6.900000e-02  6.116088e-01
7.200000e-02  6.056516e-01
7.500000e-02  5.999338e-01
7.800000e-02  5.944378e-01
8.100000e-02  5.891479e-01
8.400000e-02  5.840498e-01
8.700000e-02  5.791306e-01
9.000000e-02  5.743789e-01
9.300000e-02  5.697841e-01
9.600000e-02  5.653366e-01
9.900000e-02  5.610277e-01
1.020000e-01  5.568493e-01
1.050000e-01  5.527942e-01
1.080000e-01  5.488556e-01
1.110000e-01  5.450272e-01
1.140000e-01  5.413034e-01
1.170000e-01  5.376788e-01
1.200000e-01  5.341484e-01
1.230000e-01  5.307077e-01
1.260000e-01  5.273525e-01
1.290000e-01  5.240788e-01
1.320000e-01  5.208828e-01
1.350000e-01  5.177611e-01
1.380000e-01  5.147105e-01
1.410000e-01  5.117279e-01
1.440000e-01  5.088105e-01
1.470000e-01  5.059556e-01
1.500000e-01  5.031606e-01
1.530000e-01  5.004232e-01
1.560000e-01  4.977412e-01
1.590000e-01  4.951125e-01
1.620000e-01  4.925349e-01
1.650000e-01  4.900067e-01
1.680000e-01  4.875261e-01
1.710000e-01  4.850913e-01
1.740000e-01  4.827008e-01
1.770000e-01  4.803530e-01
1.800000e-01  4.780465e-01
1.830000e-01  4.757799e-01
1.860000e-01  4.735518e-01
1.890000e-01  4.713611e-01
1.920000e-01  4.692065e-01
1.950000e-01  4.670868e-01
1.980000e-01  4.650011e-01
2.010000e-01  4.629482e-01
2.040000e-01  4.609272e-01
2.070000e-01  4.589371e-01
2.100000e-01  4.569770e-01
2.130000e-01  4.550461e-01
2.160000e-01  4.531434e-01
2.190000e-01  4.512683e-01
2.220000e-01  4.494199e-01
2.250000e-01  4.475974e-01
2.280000e-01  4.458003e-01
2.310000e-01  4.440278e-01
2.340000e-01  4.422792e-01
2.370000e-01  4.405540e-01
2.400000e-01  4.388515e-01
2.430000e-01  4.371711e-01
2.460000e-01  4.355123e-01
2.490000e-01  4.338746e-01
2.520000e-01  4.322574e-01
2.550000e-01  4.306601e-01
2.580000e-01  4.290824e-01
2.610000e-01  4.275238e-01
2.640000e-01  4.259838e-01
2.670000e-01  4.244620e-01
2.700000e-01  4.229579e-01
2.730000e-01  4.214712e-01
2.760000e-01  4.200014e-01
2.790000e-01  4.185482e-01
2.820000e-01  4.171111e-01
2.850000e-01  4.156900e-01
2.880000e-01  4.142843e-01
2.910000e-01  4.128938e-01
2.940000e-01  4.115181e-01
2.970000e-01  4.101570e-01
3.000000e-01  4.088100e-01
3.030000e-01  4.074770e-01
3.060000e-01  4.061577e-01
3.090000e-01  4.048516e-01
3.120000e-01  4.035587e-01
3.150000e-01  4.022786e-01
3.180000e-01  4.010110e-01
3.210000e-01  3.997558e-01
3.240000e-01  3.985127e-01
3.270000e-01  3.972814e-01
3.300000e-01  3.960617e-01
3.330000e-01  3.948534e-01
3.360000e-01  3.936563e-01
3.390000e-01  3.924701e-01
3.420000e-01  3.912948e-01
3.450000e-01  3.901300e-01
3.480000e-01  3.889755e-01
3.510000e-01  3.878313e-01
3.540000e-01  3.866970e-01
3.570000e-01  3.855726e-01
3.600000e-01  3.844579e-01
3.630000e-01  3.833526e-01
3.660000e-01  3.822566e-01
3.690000e-01  3.811698e-01
3.720000e-01  3.800919e-01
3.750000e-01  3.790229e-01
3.780000e-01  3.779626e-01
3.810000e-01  3.769109e-01
3.840000e-01  3.758675e-01
3.870000e-01  3.748325e-01
3.900000e-01  3.738055e-01
3.930000e-01  3.727865e-01
3.960000e-01  3.717754e-01
3.990000e-01  3.707721e-01
4.020000e-01  3.697763e-01
4.050000e-01  3.687881e-01
4.080000e-01  3.678072e-01
4.110000e-01  3.668336e-01
4.140000e-01  3.658671e-01
4.170000e-01  3.649076e-01
4.200000e-01  3.639551e-01
4.230000e-01  3.630094e-01
4.260000e-01  3.620704e-01
4.290000e-01  3.611380e-01
4.320000e-01  3.602121e-01
4.350000e-01  3.592927e-01
4.380000e-01  3.583796e-01
4.410000e-01  3.574727e-01
4.440000e-01  3.565719e-01
4.470000e-01  3.556772e-01
4.500000e-01  3.547884e-01
4.530000e-01  3.539056e-01
4.560000e-01  3.530285e-01
4.590000e-01  3.521571e-01
4.620000e-01  3.512913e-01
4.650000e-01  3.504311e-01
4.680000e-01  3.495764e-01
4.710000e-01  3.487270e-01
4.740000e-01  3.478830e-01
4.770000e-01  3.470442e-01
4.800000e-01  3.462106e-01
4.830000e-01  3.453821e-01
4.860000e-01  3.445586e-01
4.890000e-01  3.437401e-01
4.920000e-01  3.429265e-01
4.950000e-01  3.421177e-01
4.980000e-01  3.413137e-01
5.010000e-01  3.405144e-01
5.040000e-01  3.397198e-01
5.070000e-01  3.389297e-01
5.100000e-01  3.381441e-01
5.130000e-01  3.373630e-01
5.160000e-01  3.365864e-01
5.190000e-01  3.358140e-01
5.220000e-01  3.350460e-01
5.250000e-01  3.342822e-01
5.280000e-01  3.335226e-01
5.310000e-01  3.327671e-01
5.340000e-01  3.320157e-01
5.370000e-01  3.312684e-01
5.400000e-01  3.305250e-01
5.430000e-01  3.297855e-01
5.460000e-01  3.290500e-01
5.490000e-01  3.283182e-01
5.520000e-01  3.275903e-01
5.550000e-01  3.268661e-01
5.580000e-01  3.261456e-01
5.610000e-01  3.254287e-01
5.640000e-01  3.247155e-01
5.670000e-01  3.240058e-01
5.700000e-01  3.232996e-01
5.730000e-01  3.225969e-01
5.760000e-01  3.218977e-01
5.790000e-01  3.212019e-01
5.820000e-01  3.205094e-01
5.850000e-01  3.198202e-01
5.880000e-01  3.191343e-01
5.910000e-01  3.184517e-01
5.940000e-01  3.177722e-01
5.970000e-01  3.170960e-01
6.000000e-01  3.164228e-01
6.030000e-01  3.157528e-01
6.060000e-01  3.150858e-01
6.090000e-01  3.144218e-01
6.120000e-01  3.137608e-01
6.150000e-01  3.131028e-01
6.180000e-01  3.124477e-01
6.210000e-01  3.117955e-01
6.240000e-01  3.111462e-01
6.270000e-01  3.104996e-01
6.300000e-01  3.098559e-01
6.330000e-01  3.092149e-01
6.360000e-01  3.085767e-01
6.390000e-01  3.079412e-01
6.420000e-01  3.073083e-01
6.450000e-01  3.066781e-01
6.480000e-01  3.060505e-01
6.510000e-01  3.054254e-01
6.540000e-01  3.048030e-01
6.570000e-01  3.041830e-01
6.600000e-01  3.035656e-01
6.630000e-01  3.029506e-01
6.660000e-01  3.023381e-01
6.690000e-01  3.017280e-01
6.720000e-01  3.011203e-01
6.750000e-01  3.005150e-01
6.780000e-01  2.999120e-01
6.810000e-01  2.993113e-01
6.840000e-01  2.987130e-01
6.870000e-01  2.981168e-01
6.900000e-01  2.975230e-01
6.930000e-01  2.969313e-01
6.960000e-01  2.963419e-01
6.990000e-01  2.957546e-01
7.020000e-01  2.951695e-01
7.050000e-01  2.945865e-01
7.080000e-01  2.940056e-01
7.110000e-01  2.934268e-01
7.140000e-01  2.928501e-01
7.170000e-01  2.922754e-01
7.200000e-01  2.917027e-01
7.230000e-01  2.911320e-01
7.260000e-01  2.905633e-01
7.290000e-01  2.899966e-01
7.320000e-01  2.894317e-01
7.350000e-01  2.888688e-01
7.380000e-01  2.883078e-01
7.410000e-01  2.877487e-01
7.440000e-01  2.871914e-01
7.470000e-01  2.866360e-01
7.500000e-01  2.860824e-01
7.530000e-01  2.855305e-01
7.560000e-01  2.849805e-01
7.590000e-01  2.844322e-01
7.620000e-01  2.838857e-01
7.650000e-01  2.833409e-01
7.680000e-01  2.827978e-01
7.710000e-01  2.822563e-01
7.740000e-01  2.817166e-01
7.770000e-01  2.811785e-01
7.800000e-01  2.806420e-01
7.830000e-01  2.801072e-01
7.860000e-01  2.795740e-01
7.890000e-01  2.790423e-01
7.920000e-01  2.785122e-01
7.950000e-01  2.779837e-01
7.980000e-01  2.774567e-01
8.010000e-01  2.769313e-01
8.040000e-01  2.764073e-01
8.070000e-01  2.758848e-01
8.100000e-01  2.753638e-01
8.130000e-01  2.748443e-01
8.160000e-01  2.743262e-01
8.190000e-01  2.738095e-01
8.220000e-01  2.732942e-01
8.250000e-01  2.727804e-01
8.280000e-01  2.722679e-01
8.310000e-01  2.717568e-01
8.340000e-01  2.712470e-01
8.370000e-01  2.707386e-01
8.400000e-01  2.702315e-01
8.430000e-01  2.697257e-01
8.460000e-01  2.692212e-01
8.490000e-01  2.687180e-01
8.520000e-01  2.682161e-01
8.550000e-01  2.677154e-01
8.580000e-01  2.672159e-01
8.610000e-01  2.667177e-01
8.640000e-01  2.662207e-01
8.670000e-01  2.657249e-01
8.700000e-01  2.652303e-01
8.730000e-01  2.647369e-01
8.760000e-01  2.642446e-01
8.790000e-01  2.637534e-01
8.820000e-01  2.632635e-01
8.850000e-01  2.627746e-01
8.880000e-01  2.622868e-01
8.910000e-01  2.618001e-01
8.940000e-01  2.613146e-01
8.970000e-01  2.608301e-01
9.000000e-01  2.603466e-01
9.030000e-01  2.598642e-01
9.060000e-01  2.593828e-01
9.090000e-01  2.589025e-01
9.120000e-01  2.584232e-01
9.150000e-01  2.579449e-01
9.180000e-01  2.574675e-01
9.210000e-01  2.569911e-01
9.240000e-01  2.565157e-01
9.270000e-01  2.560413e-01
9.300000e-01  2.555678e-01
9.330000e-01  2.550952e-01
9.360000e-01  2.546235e-01
9.390000e-01  2.541528e-01
9.420000e-01  2.536829e-01
9.450000e-01  2.532139e-01
9.480000e-01  2.527458e-01
9.510000e-01  2.522786e-01
9.540000e-01  2.518122e-01
9.570000e-01  2.513466e-01
9.600000e-01  2.508819e-01
9.630000e-01  2.504180e-01
9.660000e-01  2.499549e-01
9.690000e-01  2.494926e-01
9.720000e-01  2.490310e-01
9.750000e-01  2.485703e-01
9.780000e-01  2.481103e-01
9.810000e-01  2.476510e-01
9.840000e-01  2.471925e-01
9.870000e-01  2.467347e-01
9.900000e-01  2.462777e-01
9.930000e-01  2.458213e-01
9.960000e-01  2.453657e-01
9.990000e-01  2.449107e-01
