000000  000001
3.000000e-03  9.309932e-01
6.000000e-03  8.823604e-01
9.000000e-03  8.448533e-01
1.200000e-02  8.143841e-01
1.500000e-02  7.887731e-01
1.800000e-02  7.667173e-01
2.100000e-02  7.473752e-01
2.400000e-02  7.301710e-01
2.700000e-02  7.146941e-01
3.000000e-02  7.006408e-01
3.300000e-02  6.877804e-01
3.600000e-02  6.759339e-01
3.900000e-02  6.649590e-01
4.200000e-02  6.547413e-01
4.500000e-02  6.451874e-01
4.800000e-02  6.362196e-01
5.100000e-02  6.277734e-01
5.400000e-02  6.197938e-01
5.700000e-02  6.122341e-01
6.000000e-02  6.050544e-01
6.300000e-02  5.982199e-01
6.600000e-02  5.917002e-01
6.900000e-02  5.854690e-01
7.200000e-02  5.795029e-01
7.500000e-02  5.737813e-01
7.800000e-02  5.682857e-01
8.100000e-02  5.629997e-01
8.400000e-02  5.579087e-01
8.700000e-02  5.529993e-01
9.000000e-02  5.482596e-01
9.300000e-02  5.436787e-01
9.600000e-02  5.392469e-01
9.900000e-02  5.349550e-01
1.020000e-01  5.307949e-01
1.050000e-01  5.267590e-01
1.080000e-01  5.228406e-01
1.110000e-01  5.190330e-01
1.140000e-01  5.153306e-01
1.170000e-01  5.117279e-01
1.200000e-01  5.082199e-01
1.230000e-01  5.048018e-01
1.260000e-01  5.014694e-01
1.290000e-01  4.982186e-01
1.320000e-01  4.950457e-01
1.350000e-01  4.919472e-01
1.380000e-01  4.889197e-01
1.410000e-01  4.859602e-01
1.440000e-01  4.830658e-01
1.470000e-01  4.802338e-01
1.500000e-01  4.774616e-01
1.530000e-01  4.747468e-01
1.560000e-01  4.720873e-01
1.590000e-01  4.694807e-01
1.620000e-01  4.669252e-01
1.650000e-01  4.644188e-01
1.680000e-01  4.619597e-01
1.710000e-01  4.595462e-01
1.740000e-01  4.571767e-01
1.770000e-01  4.548496e-01
1.800000e-01  4.525636e-01
1.830000e-01  4.503171e-01
1.860000e-01  4.481089e-01
1.890000e-01  4.459377e-01
1.920000e-01  4.438023e-01
1.950000e-01  4.417016e-01
1.980000e-01  4.396345e-01
2.010000e-01  4.375999e-01
2.040000e-01  4.355969e-01
2.070000e-01  4.336245e-01
2.100000e-01  4.316817e-01
2.130000e-01  4.297678e-01
2.160000e-01  4.278818e-01
2.190000e-01  4.260231e-01
2.220000e-01  4.241907e-01
2.250000e-01  4.223840e-01
2.280000e-01  4.206023e-01
2.310000e-01  4.188449e-01
2.340000e-01  4.171111e-01
2.370000e-01  4.154004e-01
2.400000e-01  4.137120e-01
2.430000e-01  4.120455e-01
2.460000e-01  4.104002e-01
2.490000e-01  4.087757e-01
2.520000e-01  4.071714e-01
2.550000e-01  4.055867e-01
2.580000e-01  4.040213e-01
2.610000e-01  4.024747e-01
2.640000e-01  4.009464e-01
2.670000e-01  3.994359e-01
2.700000e-01  3.979429e-01
2.730000e-01  3.964670e-01
2.760000e-01  3.950077e-01
2.790000e-01  3.935647e-01
2.820000e-01  3.921375e-01
2.850000e-01  3.907260e-01
2.880000e-01  3.893296e-01
2.910000e-01  3.879482e-01
2.940000e-01  3.865813e-01
2.970000e-01  3.852286e-01
3.000000e-01  3.838899e-01
3.030000e-01  3.825648e-01
3.060000e-01  3.812530e-01
3.090000e-01  3.799544e-01
3.120000e-01  3.786686e-01
3.150000e-01  3.773953e-01
3.180000e-01  3.761343e-01
3.210000e-01  3.748853e-01
3.240000e-01  3.736482e-01
3.270000e-01  3.724227e-01
3.300000e-01  3.712085e-01
3.330000e-01  3.700054e-01
3.360000e-01  3.688133e-01
3.390000e-01  3.676319e-01
3.420000e-01  3.664610e-01
3.450000e-01  3.653004e-01
3.480000e-01  3.641499e-01
3.510000e-01  3.630094e-01
3.540000e-01  3.618786e-01
3.570000e-01  3.607574e-01
3.600000e-01  3.596456e-01
3.630000e-01  3.585430e-01
3.660000e-01  3.574495e-01
3.690000e-01  3.563649e-01
3.720000e-01  3.552891e-01
3.750000e-01  3.542218e-01
3.780000e-01  3.531630e-01
3.810000e-01  3.521126e-01
3.840000e-01  3.510702e-01
3.870000e-01  3.500360e-01
3.900000e-01  3.490096e-01
3.930000e-01  3.479909e-01
3.960000e-01  3.469799e-01
3.990000e-01  3.459764e-01
4.020000e-01  3.449803e-01
4.050000e-01  3.439914e-01
4.080000e-01  3.430097e-01
4.110000e-01  3.420351e-01
4.140000e-01  3.410673e-01
4.170000e-01  3.401063e-01
4.200000e-01  3.391521e-01
4.230000e-01  3.382044e-01
4.260000e-01  3.372632e-01
4.290000e-01  3.363284e-01
4.320000e-01  3.353999e-01
4.350000e-01  3.344776e-01
4.380000e-01  3.335614e-01
4.410000e-01  3.326513e-01
4.440000e-01  3.317470e-01
4.470000e-01  3.308485e-01
4.500000e-01  3.299558e-01
4.530000e-01  3.290688e-01
4.560000e-01  3.281873e-01
4.590000e-01  3.273113e-01
4.620000e-01  3.264407e-01
4.650000e-01  3.255755e-01
4.680000e-01  3.247155e-01
4.710000e-01  3.238607e-01
4.740000e-01  3.230109e-01
4.770000e-01  3.221662e-01
4.800000e-01  3.213265e-01
4.830000e-01  3.204917e-01
4.860000e-01  3.196616e-01
4.890000e-01  3.188364e-01
4.920000e-01  3.180158e-01
4.950000e-01  3.171998e-01
4.980000e-01  3.163884e-01
5.010000e-01  3.155814e-01
5.040000e-01  3.147790e-01
5.070000e-01  3.139808e-01
5.100000e-01  3.131870e-01
5.130000e-01  3.123974e-01
5.160000e-01  3.116121e-01
5.190000e-01  3.108308e-01
5.220000e-01  3.100537e-01
5.250000e-01  3.092805e-01
5.280000e-01  3.085114e-01
5.310000e-01  3.077461e-01
5.340000e-01  3.069848e-01
5.370000e-01  3.062272e-01
5.400000e-01  3.054734e-01
5.430000e-01  3.047234e-01
5.460000e-01  3.039769e-01
5.490000e-01  3.032342e-01
5.520000e-01  3.024949e-01
5.550000e-01  3.017593e-01
5.580000e-01  3.010270e-01
5.610000e-01  3.002983e-01
5.640000e-01  2.995729e-01
5.670000e-01  2.988508e-01
5.700000e-01  2.981321e-01
5.730000e-01  2.974166e-01
5.760000e-01  2.967044e-01
5.790000e-01  2.959953e-01
5.820000e-01  2.952894e-01
5.850000e-01  2.945865e-01
5.880000e-01  2.938867e-01
5.910000e-01  2.931900e-01
5.940000e-01  2.924962e-01
5.970000e-01  2.918053e-01
6.000000e-01  2.911174e-01
6.030000e-01  2.904324e-01
6.060000e-01  2.897501e-01
6.090000e-01  2.890707e-01
6.120000e-01  2.883940e-01
6.150000e-01  2.877201e-01
6.180000e-01  2.870488e-01
6.210000e-01  2.863803e-01
6.240000e-01  2.857143e-01
6.270000e-01  2.850509e-01
6.300000e-01  2.843901e-01
6.330000e-01  2.837318e-01
6.360000e-01  2.830761e-01
6.390000e-01  2.824228e-01
6.420000e-01  2.817719e-01
6.450000e-01  2.811234e-01
6.480000e-01  2.804773e-01
6.510000e-01  2.798335e-01
6.540000e-01  2.791921e-01
6.570000e-01  2.785530e-01
6.600000e-01  2.779161e-01
6.630000e-01  2.772814e-01
6.660000e-01  2.766489e-01
6.690000e-01  2.760186e-01
6.720000e-01  2.753905e-01
6.750000e-01  2.747645e-01
6.780000e-01  2.741405e-01
6.810000e-01  2.735187e-01
6.840000e-01  2.728988e-01
6.870000e-01  2.722810e-01
6.900000e-01  2.716652e-01
6.930000e-01  2.710513e-01
6.960000e-01  2.704394e-01
6.990000e-01  2.698293e-01
7.020000e-01  2.692212e-01
7.050000e-01  2.686149e-01
7.080000e-01  2.680105e-01
7.110000e-01  2.674079e-01
7.140000e-01  2.668070e-01
7.170000e-01  2.662080e-01
7.200000e-01  2.656107e-01
7.230000e-01  2.650151e-01
7.260000e-01  2.644212e-01
7.290000e-01  2.638289e-01
7.320000e-01  2.632384e-01
7.350000e-01  2.626494e-01
7.380000e-01  2.620621e-01
7.410000e-01  2.614763e-01
7.440000e-01  2.608921e-01
7.470000e-01  2.603095e-01
7.500000e-01  2.597283e-01
7.530000e-01  2.591487e-01
7.560000e-01  2.585706e-01
7.590000e-01  2.579939e-01
7.620000e-01  2.574186e-01
7.650000e-01  2.568448e-01
7.680000e-01  2.562723e-01
7.710000e-01  2.557012e-01
7.740000e-01  2.551315e-01
7.770000e-01  2.545631e-01
7.800000e-01  2.539961e-01
7.830000e-01  2.534303e-01
7.860000e-01  2.528658e-01
7.890000e-01  2.523025e-01
7.920000e-01  2.517405e-01
7.950000e-01  2.511797e-01
7.980000e-01  2.506201e-01
8.010000e-01  2.500617e-01
8.040000e-01  2.495044e-01
8.070000e-01  2.489483e-01
8.100000e-01  2.483933e-01
8.130000e-01  2.478394e-01
8.160000e-01  2.472865e-01
8.190000e-01  2.467347e-01
8.220000e-01  2.461840e-01
8.250000e-01  2.456343e-01
8.280000e-01  2.450856e-01
8.310000e-01  2.445379e-01
8.340000e-01  2.439911e-01
8.370000e-01  2.434454e-01
8.400000e-01  2.429005e-01
8.430000e-01  2.423565e-01
8.460000e-01  2.418135e-01
8.490000e-01  2.412713e-01
8.520000e-01  2.407300e-01
8.550000e-01  2.401895e-01
8.580000e-01  2.396498e-01
8.610000e-01  2.391110e-01
8.640000e-01  2.385729e-01
8.670000e-01  2.380356e-01
8.700000e-01  2.374990e-01
8.730000e-01  2.369632e-01
8.760000e-01  2.364280e-01
8.790000e-01  2.358936e-01
8.820000e-01  2.353598e-01
8.850000e-01  2.348267e-01
8.880000e-01  2.342943e-01
8.910000e-01  2.337624e-01
8.940000e-01  2.332312e-01
8.970000e-01  2.327005e-01
9.000000e-01  2.321704e-01
9.030000e-01  2.316408e-01
9.060000e-01  2.311118e-01
9.090000e-01  2.305832e-01
9.120000e-01  2.300552e-01
9.150000e-01  2.295276e-01
9.180000e-01  2.290004e-01
9.210000e-01  2.284737e-01
9.240000e-01  2.279474e-01
9.270000e-01  2.274215e-01
9.300000e-01  2.268960e-01
9.330000e-01  2.263708e-01
9.360000e-01  2.258459e-01
9.390000e-01  2.253214e-01
9.420000e-01  2.247971e-01
9.450000e-01  2.242732e-01
9.480000e-01  2.237494e-01
9.510000e-01  2.232259e-01
9.540000e-01  2.227026e-01
9.570000e-01  2.221795e-01
9.600000e-01  2.216566e-01
9.630000e-01  2.211338e-01
9.660000e-01  2.206111e-01
9.690000e-01  2.200885e-01
9.720000e-01  2.195660e-01
9.750000e-01  2.190436e-01
9.780000e-01  2.185212e-01
9.810000e-01  000000
9.840000e-01  000000
9.870000e-01  000000
9.900000e-01  000000
9.930000e-01  000000
9.960000e-01  000000
9.990000e-01  000000
