000000  000001
3.000000e-03  8.858508e-01
6.000000e-03  8.190021e-01
9.000000e-03  7.718624e-01
1.200000e-02  7.356040e-01
1.500000e-02  7.062443e-01
1.800000e-02  6.816430e-01
2.100000e-02  6.605172e-01
2.400000e-02  6.420375e-01
2.700000e-02  6.256372e-01
3.000000e-02  6.109124e-01
3.300000e-02  5.975651e-01
3.600000e-02  5.853692e-01
3.900000e-02  5.741494e-01
4.200000e-02  5.637670e-01
4.500000e-02  5.541106e-01
4.800000e-02  5.450891e-01
5.100000e-02  5.366274e-01
5.400000e-02  5.286627e-01
5.700000e-02  5.211419e-01
6.000000e-02  5.140201e-01
6.300000e-02  5.072584e-01
6.600000e-02  5.008236e-01
6.900000e-02  4.946864e-01
7.200000e-02  4.888216e-01
7.500000e-02  4.832067e-01
7.800000e-02  4.778218e-01
8.100000e-02  4.726495e-01
8.400000e-02  4.676741e-01
8.700000e-02  4.628815e-01
9.000000e-02  4.582590e-01
9.300000e-02  4.537953e-01
9.600000e-02  4.494801e-01
9.900000e-02  4.453039e-01
1.020000e-01  4.412583e-01
1.050000e-01  4.373354e-01
1.080000e-01  4.335282e-01
1.110000e-01  4.298301e-01
1.140000e-01  4.262350e-01
1.170000e-01  4.227375e-01
1.200000e-01  4.193323e-01
1.230000e-01  4.160148e-01
1.260000e-01  4.127805e-01
1.290000e-01  4.096253e-01
1.320000e-01  4.065456e-01
1.350000e-01  4.035376e-01
1.380000e-01  4.005981e-01
1.410000e-01  3.977241e-01
1.440000e-01  3.949125e-01
1.470000e-01  3.921608e-01
1.500000e-01  3.894663e-01
1.530000e-01  3.868267e-01
1.560000e-01  3.842397e-01
1.590000e-01  3.817031e-01
1.620000e-01  3.792151e-01
1.650000e-01  3.767736e-01
1.680000e-01  3.743769e-01
1.710000e-01  3.720233e-01
1.740000e-01  3.697113e-01
1.770000e-01  3.674392e-01
1.800000e-01  3.652057e-01
1.830000e-01  3.630094e-01
1.860000e-01  3.608489e-01
1.890000e-01  3.587231e-01
1.920000e-01  3.566308e-01
1.950000e-01  3.545708e-01
1.980000e-01  3.525421e-01
2.010000e-01  3.505436e-01
2.040000e-01  3.485744e-01
2.070000e-01  3.466336e-01
2.100000e-01  3.447202e-01
2.130000e-01  3.428335e-01
2.160000e-01  3.409725e-01
2.190000e-01  3.391365e-01
2.220000e-01  3.373247e-01
2.250000e-01  3.355365e-01
2.280000e-01  3.337712e-01
2.310000e-01  3.320280e-01
2.340000e-01  3.303064e-01
2.370000e-01  3.286057e-01
2.400000e-01  3.269253e-01
2.430000e-01  3.252647e-01
2.460000e-01  3.236233e-01
2.490000e-01  3.220007e-01
2.520000e-01  3.203962e-01
2.550000e-01  3.188094e-01
2.580000e-01  3.172398e-01
2.610000e-01  3.156870e-01
2.640000e-01  3.141506e-01
2.670000e-01  3.126300e-01
2.700000e-01  3.111249e-01
2.730000e-01  3.096349e-01
2.760000e-01  3.081596e-01
2.790000e-01  3.066987e-01
2.820000e-01  3.052517e-01
2.850000e-01  3.038183e-01
2.880000e-01  3.023983e-01
2.910000e-01  3.009911e-01
2.940000e-01  2.995966e-01
2.970000e-01  2.982144e-01
3.000000e-01  2.968442e-01
3.030000e-01  2.954858e-01
3.060000e-01  2.941388e-01
3.090000e-01  2.928029e-01
3.120000e-01  2.914779e-01
3.150000e-01  2.901636e-01
3.180000e-01  2.888596e-01
3.210000e-01  2.875658e-01
3.240000e-01  2.862818e-01
3.270000e-01  2.850075e-01
3.300000e-01  2.837426e-01
3.330000e-01  2.824869e-01
3.360000e-01  2.812402e-01
3.390000e-01  2.800022e-01
3.420000e-01  2.787727e-01
3.450000e-01  2.775516e-01
3.480000e-01  2.763387e-01
3.510000e-01  2.751337e-01
3.540000e-01  2.739364e-01
3.570000e-01  2.727467e-01
3.600000e-01  2.715644e-01
3.630000e-01  2.703893e-01
3.660000e-01  2.692212e-01
3.690000e-01  2.680600e-01
3.720000e-01  2.669054e-01
3.750000e-01  2.657574e-01
3.780000e-01  2.646157e-01
3.810000e-01  2.634802e-01
3.840000e-01  2.623507e-01
3.870000e-01  2.612271e-01
3.900000e-01  2.601092e-01
3.930000e-01  2.589969e-01
3.960000e-01  2.578900e-01
3.990000e-01  2.567884e-01
4.020000e-01  2.556919e-01
4.050000e-01  2.546004e-01
4.080000e-01  2.535137e-01
4.110000e-01  2.524317e-01
4.140000e-01  2.513543e-01
4.170000e-01  2.502813e-01
4.200000e-01  2.492125e-01
4.230000e-01  2.481480e-01
4.260000e-01  2.470874e-01
4.290000e-01  2.460307e-01
4.320000e-01  2.449778e-01
4.350000e-01  2.439285e-01
4.380000e-01  2.428826e-01
4.410000e-01  2.418402e-01
4.440000e-01  2.408009e-01
4.470000e-01  2.397648e-01
4.500000e-01  2.387316e-01
4.530000e-01  2.377012e-01
4.560000e-01  2.366736e-01
4.590000e-01  2.356485e-01
4.620000e-01  2.346259e-01
4.650000e-01  2.336056e-01
4.680000e-01  2.325875e-01
4.710000e-01  2.315714e-01
4.740000e-01  2.305572e-01
4.770000e-01  2.295449e-01
4.800000e-01  2.285342e-01
4.830000e-01  2.275250e-01
4.860000e-01  2.265171e-01
4.890000e-01  2.255105e-01
4.920000e-01  2.245050e-01
4.950000e-01  2.235005e-01
4.980000e-01  2.224968e-01
5.010000e-01  2.214937e-01
5.040000e-01  2.204912e-01
5.070000e-01  2.194890e-01
5.100000e-01  2.184870e-01
5.130000e-01  000000
5.160000e-01  000000
5.190000e-01  000000
5.220000e-01  000000
5.250000e-01  000000
5.280000e-01  000000
5.310000e-01  000000
5.340000e-01  000000
5.370000e-01  000000
5.400000e-01  000000
5.430000e-01  000000
5.460000e-01  000000
5.490000e-01  000000
5.520000e-01  000000
5.550000e-01  000000
5.580000e-01  000000
5.610000e-01  000000
5.640000e-01  000000
5.670000e-01  000000
5.700000e-01  000000
5.730000e-01  000000
5.760000e-01  000000
5.790000e-01  000000
5.820000e-01  000000
5.850000e-01  000000
5.880000e-01  000000
5.910000e-01  000000
5.940000e-01  000000
5.970000e-01  000000
6.000000e-01  000000
6.030000e-01  000000
6.060000e-01  000000
6.090000e-01  000000
6.120000e-01  000000
6.150000e-01  000000
6.180000e-01  000000
6.210000e-01  000000
6.240000e-01  000000
6.270000e-01  000000
6.300000e-01  000000
6.330000e-01  000000
6.360000e-01  000000
6.390000e-01  000000
6.420000e-01  000000
6.450000e-01  000000
6.480000e-01  000000
6.510000e-01  000000
6.540000e-01  000000
6.570000e-01  000000
6.600000e-01  000000
6.630000e-01  000000
6.660000e-01  000000
6.690000e-01  000000
6.720000e-01  000000
6.750000e-01  000000
6.780000e-01  000000
6.810000e-01  000000
6.840000e-01  000000
6.870000e-01  000000
6.900000e-01  000000
6.930000e-01  000000
6.960000e-01  000000
6.990000e-01  000000
7.020000e-01  000000
7.050000e-01  000000
7.080000e-01  000000
7.110000e-01  000000
7.140000e-01  000000
7.170000e-01  000000
7.200000e-01  000000
7.230000e-01  000000
7.260000e-01  000000
7.290000e-01  000000
7.320000e-01  000000
7.350000e-01  000000
7.380000e-01  000000
7.410000e-01  000000
7.440000e-01  000000
7.470000e-01  000000
7.500000e-01  000000
7.530000e-01  000000
7.560000e-01  000000
7.590000e-01  000000
7.620000e-01  000000
7.650000e-01  000000
7.680000e-01  000000
7.710000e-01  000000
7.740000e-01  000000
7.770000e-01  000000
7.800000e-01  000000
7.830000e-01  000000
7.860000e-01  000000
7.890000e-01  000000
7.920000e-01  000000
7.950000e-01  000000
7.980000e-01  000000
8.010000e-01  000000
8.040000e-01  000000
8.070000e-01  000000
8.100000e-01  000000
8.130000e-01  000000
8.160000e-01  000000
8.190000e-01  000000
8.220000e-01  000000
8.250000e-01  000000
8.280000e-01  000000
8.310000e-01  000000
8.340000e-01  000000
8.370000e-01  000000
8.400000e-01  000000
8.430000e-01  000000
8.460000e-01  000000
8.490000e-01  000000
8.520000e-01  000000
8.550000e-01  000000
8.580000e-01  000000
8.610000e-01  000000
8.640000e-01  000000
8.670000e-01  000000
8.700000e-01  000000
8.730000e-01  000000
8.760000e-01  000000
8.790000e-01  000000
8.820000e-01  000000
8.850000e-01  000000
8.880000e-01  000000
8.910000e-01  000000
8.940000e-01  000000
8.970000e-01  000000
9.000000e-01  000000
9.030000e-01  000000
9.060000e-01  000000
9.090000e-01  000000
9.120000e-01  000000
9.150000e-01  000000
9.180000e-01  000000
9.210000e-01  000000
9.240000e-01  000000
9.270000e-01  000000
9.300000e-01  000000
9.330000e-01  000000
9.360000e-01  000000
9.390000e-01  000000
9.420000e-01  000000
9.450000e-01  000000
9.480000e-01  000000
9.510000e-01  000000
9.540000e-01  000000
9.570000e-01  000000
9.600000e-01  000000
9.630000e-01  000000
9.660000e-01  000000
9.690000e-01  000000
9.720000e-01  000000
9.750000e-01  000000
9.780000e-01  000000
9.810000e-01  000000
9.840000e-01  000000
9.870000e-01  000000
9.900000e-01  000000
9.930000e-01  000000
9.960000e-01  000000
9.990000e-01  000000
