000000  000001
3.000000e-03  9.148502e-01
6.000000e-03  8.588433e-01
9.000000e-03  8.171853e-01
1.200000e-02  7.841095e-01
1.500000e-02  7.567478e-01
1.800000e-02  7.334624e-01
2.100000e-02  7.132290e-01
2.400000e-02  6.953645e-01
2.700000e-02  6.793904e-01
3.000000e-02  6.649590e-01
3.300000e-02  6.518093e-01
3.600000e-02  6.397408e-01
3.900000e-02  6.285962e-01
4.200000e-02  6.182496e-01
4.500000e-02  6.085991e-01
4.800000e-02  5.995607e-01
5.100000e-02  5.910645e-01
5.400000e-02  5.830520e-01
5.700000e-02  5.754733e-01
6.000000e-02  5.682857e-01
6.300000e-02  5.614526e-01
6.600000e-02  5.549420e-01
6.900000e-02  5.487262e-01
7.200000e-02  5.427807e-01
7.500000e-02  5.370840e-01
7.800000e-02  5.316167e-01
8.100000e-02  5.263620e-01
8.400000e-02  5.213046e-01
8.700000e-02  5.164306e-01
9.000000e-02  5.117279e-01
9.300000e-02  5.071852e-01
9.600000e-02  5.027923e-01
9.900000e-02  4.985401e-01
1.020000e-01  4.944202e-01
1.050000e-01  4.904248e-01
1.080000e-01  4.865468e-01
1.110000e-01  4.827798e-01
1.140000e-01  4.791179e-01
1.170000e-01  4.755554e-01
1.200000e-01  4.720873e-01
1.230000e-01  4.687088e-01
1.260000e-01  4.654156e-01
1.290000e-01  4.622035e-01
1.320000e-01  4.590688e-01
1.350000e-01  4.560080e-01
1.380000e-01  4.530176e-01
1.410000e-01  4.500946e-01
1.440000e-01  4.472360e-01
1.470000e-01  4.444392e-01
1.500000e-01  4.417016e-01
1.530000e-01  4.390207e-01
1.560000e-01  4.363944e-01
1.590000e-01  4.338203e-01
1.620000e-01  4.312966e-01
1.650000e-01  4.288214e-01
1.680000e-01  4.263927e-01
1.710000e-01  4.240089e-01
1.740000e-01  4.216684e-01
1.770000e-01  4.193696e-01
1.800000e-01  4.171111e-01
1.830000e-01  4.148915e-01
1.860000e-01  4.127095e-01
1.890000e-01  4.105638e-01
1.920000e-01  4.084532e-01
1.950000e-01  4.063766e-01
1.980000e-01  4.043329e-01
2.010000e-01  4.023210e-01
2.040000e-01  4.003401e-01
2.070000e-01  3.983890e-01
2.100000e-01  3.964670e-01
2.130000e-01  3.945731e-01
2.160000e-01  3.927065e-01
2.190000e-01  3.908665e-01
2.220000e-01  3.890522e-01
2.250000e-01  3.872629e-01
2.280000e-01  3.854980e-01
2.310000e-01  3.837567e-01
2.340000e-01  3.820385e-01
2.370000e-01  3.803426e-01
2.400000e-01  3.786686e-01
2.430000e-01  3.770157e-01
2.460000e-01  3.753835e-01
2.490000e-01  3.737714e-01
2.520000e-01  3.721789e-01
2.550000e-01  3.706056e-01
2.580000e-01  3.690509e-01
2.610000e-01  3.675143e-01
2.640000e-01  3.659955e-01
2.670000e-01  3.644940e-01
2.700000e-01  3.630094e-01
2.730000e-01  3.615412e-01
2.760000e-01  3.600892e-01
2.790000e-01  3.586529e-01
2.820000e-01  3.572319e-01
2.850000e-01  3.558259e-01
2.880000e-01  3.544346e-01
2.910000e-01  3.530576e-01
2.940000e-01  3.516947e-01
2.970000e-01  3.503454e-01
3.000000e-01  3.490096e-01
3.030000e-01  3.476868e-01
3.060000e-01  3.463769e-01
3.090000e-01  3.450796e-01
3.120000e-01  3.437945e-01
3.150000e-01  3.425215e-01
3.180000e-01  3.412603e-01
3.210000e-01  3.400106e-01
3.240000e-01  3.387722e-01
3.270000e-01  3.375449e-01
3.300000e-01  3.363284e-01
3.330000e-01  3.351226e-01
3.360000e-01  3.339272e-01
3.390000e-01  3.327420e-01
3.420000e-01  3.315668e-01
3.450000e-01  3.304015e-01
3.480000e-01  3.292457e-01
3.510000e-01  3.280994e-01
3.540000e-01  3.269624e-01
3.570000e-01  3.258345e-01
3.600000e-01  3.247155e-01
3.630000e-01  3.236052e-01
3.660000e-01  3.225035e-01
3.690000e-01  3.214103e-01
3.720000e-01  3.203253e-01
3.750000e-01  3.192484e-01
3.780000e-01  3.181795e-01
3.810000e-01  3.171184e-01
3.840000e-01  3.160651e-01
3.870000e-01  3.150192e-01
3.900000e-01  3.139808e-01
3.930000e-01  3.129497e-01
3.960000e-01  3.119257e-01
3.990000e-01  3.109088e-01
4.020000e-01  3.098987e-01
4.050000e-01  3.088955e-01
4.080000e-01  3.078989e-01
4.110000e-01  3.069088e-01
4.140000e-01  3.059253e-01
4.170000e-01  3.049480e-01
4.200000e-01  3.039769e-01
4.230000e-01  3.030120e-01
4.260000e-01  3.020531e-01
4.290000e-01  3.011001e-01
4.320000e-01  3.001529e-01
4.350000e-01  2.992114e-01
4.380000e-01  2.982756e-01
4.410000e-01  2.973453e-01
4.440000e-01  2.964204e-01
4.470000e-01  2.955008e-01
4.500000e-01  2.945865e-01
4.530000e-01  2.936774e-01
4.560000e-01  2.927733e-01
4.590000e-01  2.918743e-01
4.620000e-01  2.909802e-01
4.650000e-01  2.900909e-01
4.680000e-01  2.892064e-01
4.710000e-01  2.883265e-01
4.740000e-01  2.874513e-01
4.770000e-01  2.865805e-01
4.800000e-01  2.857143e-01
4.830000e-01  2.848524e-01
4.860000e-01  2.839948e-01
4.890000e-01  2.831415e-01
4.920000e-01  2.822924e-01
4.950000e-01  2.814473e-01
4.980000e-01  2.806063e-01
5.010000e-01  2.797693e-01
5.040000e-01  2.789362e-01
5.070000e-01  2.781069e-01
5.100000e-01  2.772814e-01
5.130000e-01  2.764596e-01
5.160000e-01  2.756415e-01
5.190000e-01  2.748270e-01
5.220000e-01  2.740160e-01
5.250000e-01  2.732085e-01
5.280000e-01  2.724044e-01
5.310000e-01  2.716037e-01
5.340000e-01  2.708063e-01
5.370000e-01  2.700122e-01
5.400000e-01  2.692212e-01
5.430000e-01  2.684334e-01
5.460000e-01  2.676487e-01
5.490000e-01  2.668671e-01
5.520000e-01  2.660884e-01
5.550000e-01  2.653126e-01
5.580000e-01  2.645398e-01
5.610000e-01  2.637698e-01
5.640000e-01  2.630026e-01
5.670000e-01  2.622381e-01
5.700000e-01  2.614763e-01
5.730000e-01  2.607172e-01
5.760000e-01  2.599606e-01
5.790000e-01  2.592066e-01
5.820000e-01  2.584551e-01
5.850000e-01  2.577061e-01
5.880000e-01  2.569594e-01
5.910000e-01  2.562151e-01
5.940000e-01  2.554732e-01
5.970000e-01  2.547335e-01
6.000000e-01  2.539961e-01
6.030000e-01  2.532608e-01
6.060000e-01  2.525277e-01
6.090000e-01  2.517967e-01
6.120000e-01  2.510677e-01
6.150000e-01  2.503408e-01
6.180000e-01  2.496158e-01
6.210000e-01  2.488927e-01
6.240000e-01  2.481716e-01
6.270000e-01  2.474523e-01
6.300000e-01  2.467347e-01
6.330000e-01  2.460190e-01
6.360000e-01  2.453050e-01
6.390000e-01  2.445926e-01
6.420000e-01  2.438819e-01
6.450000e-01  2.431728e-01
6.480000e-01  2.424653e-01
6.510000e-01  2.417592e-01
6.540000e-01  2.410547e-01
6.570000e-01  2.403516e-01
6.600000e-01  2.396498e-01
6.630000e-01  2.389495e-01
6.660000e-01  2.382504e-01
6.690000e-01  2.375526e-01
6.720000e-01  2.368561e-01
6.750000e-01  2.361607e-01
6.780000e-01  2.354665e-01
6.810000e-01  2.347735e-01
6.840000e-01  2.340815e-01
6.870000e-01  2.333905e-01
6.900000e-01  2.327005e-01
6.930000e-01  2.320114e-01
6.960000e-01  2.313233e-01
6.990000e-01  2.306361e-01
7.020000e-01  2.299496e-01
7.050000e-01  2.292640e-01
7.080000e-01  2.285790e-01
7.110000e-01  2.278948e-01
7.140000e-01  2.272113e-01
7.170000e-01  2.265283e-01
7.200000e-01  2.258459e-01
7.230000e-01  2.251641e-01
7.260000e-01  2.244827e-01
7.290000e-01  2.238018e-01
7.320000e-01  2.231212e-01
7.350000e-01  2.224410e-01
7.380000e-01  2.217611e-01
7.410000e-01  2.210815e-01
7.440000e-01  2.204021e-01
7.470000e-01  2.197228e-01
7.500000e-01  2.190436e-01
7.530000e-01  2.183645e-01
7.560000e-01  000000
7.590000e-01  000000
7.620000e-01  000000
7.650000e-01  000000
7.680000e-01  000000
7.710000e-01  000000
7.740000e-01  000000
7.770000e-01  000000
7.800000e-01  000000
7.830000e-01  000000
7.860000e-01  000000
7.890000e-01  000000
7.920000e-01  000000
7.950000e-01  000000
7.980000e-01  000000
8.010000e-01  000000
8.040000e-01  000000
8.070000e-01  000000
8.100000e-01  000000
8.130000e-01  000000
8.160000e-01  000000
8.190000e-01  000000
8.220000e-01  000000
8.250000e-01  000000
8.280000e-01  000000
8.310000e-01  000000
8.340000e-01  000000
8.370000e-01  000000
8.400000e-01  000000
8.430000e-01  000000
8.460000e-01  000000
8.490000e-01  000000
8.520000e-01  000000
8.550000e-01  000000
8.580000e-01  000000
8.610000e-01  000000
8.640000e-01  000000
8.670000e-01  000000
8.700000e-01  000000
8.730000e-01  000000
8.760000e-01  000000
8.790000e-01  000000
8.820000e-01  000000
8.850000e-01  000000
8.880000e-01  000000
8.910000e-01  000000
8.940000e-01  000000
8.970000e-01  000000
9.000000e-01  000000
9.030000e-01  000000
9.060000e-01  000000
9.090000e-01  000000
9.120000e-01  000000
9.150000e-01  000000
9.180000e-01  000000
9.210000e-01  000000
9.240000e-01  000000
9.270000e-01  000000
9.300000e-01  000000
9.330000e-01  000000
9.360000e-01  000000
9.390000e-01  000000
9.420000e-01  000000
9.450000e-01  000000
9.480000e-01  000000
9.510000e-01  000000
9.540000e-01  000000
9.570000e-01  000000
9.600000e-01  000000
9.630000e-01  000000
9.660000e-01  000000
9.690000e-01  000000
9.720000e-01  000000
9.750000e-01  000000
9.780000e-01  000000
9.810000e-01  000000
9.840000e-01  000000
9.870000e-01  000000
9.900000e-01  000000
9.930000e-01  000000
9.960000e-01  000000
9.990000e-01  000000
