000000  000001
3.000000e-03  8.357050e-01
6.000000e-03  7.561996e-01
9.000000e-03  7.041985e-01
1.200000e-02  6.659219e-01
1.500000e-02  6.358482e-01
1.800000e-02  6.112112e-01
2.100000e-02  5.904302e-01
2.400000e-02  5.725192e-01
2.700000e-02  5.568226e-01
3.000000e-02  5.428831e-01
3.300000e-02  5.303699e-01
3.600000e-02  5.190356e-01
3.900000e-02  5.086911e-01
4.200000e-02  4.991885e-01
4.500000e-02  4.904102e-01
4.800000e-02  4.822608e-01
5.100000e-02  4.746626e-01
5.400000e-02  4.675508e-01
5.700000e-02  4.608713e-01
6.000000e-02  4.545783e-01
6.300000e-02  4.486328e-01
6.600000e-02  4.430011e-01
6.900000e-02  4.376543e-01
7.200000e-02  4.325671e-01
7.500000e-02  4.277172e-01
7.800000e-02  4.230853e-01
8.100000e-02  4.186540e-01
8.400000e-02  4.144079e-01
8.700000e-02  4.103335e-01
9.000000e-02  4.064184e-01
9.300000e-02  4.026516e-01
9.600000e-02  3.990232e-01
9.900000e-02  3.955240e-01
1.020000e-01  3.921460e-01
1.050000e-01  3.888817e-01
1.080000e-01  3.857242e-01
1.110000e-01  3.826674e-01
1.140000e-01  3.797055e-01
1.170000e-01  3.768332e-01
1.200000e-01  3.740458e-01
1.230000e-01  3.713388e-01
1.260000e-01  3.687079e-01
1.290000e-01  3.661494e-01
1.320000e-01  3.636597e-01
1.350000e-01  3.612355e-01
1.380000e-01  3.588737e-01
1.410000e-01  3.565715e-01
1.440000e-01  3.543260e-01
1.470000e-01  3.521349e-01
1.500000e-01  3.499958e-01
1.530000e-01  3.479063e-01
1.560000e-01  3.458646e-01
1.590000e-01  3.438685e-01
1.620000e-01  3.419163e-01
1.650000e-01  3.400063e-01
1.680000e-01  3.381367e-01
1.710000e-01  3.363060e-01
1.740000e-01  3.345129e-01
1.770000e-01  3.327558e-01
1.800000e-01  3.310335e-01
1.830000e-01  3.293448e-01
1.860000e-01  3.276884e-01
1.890000e-01  3.260632e-01
1.920000e-01  3.244682e-01
1.950000e-01  3.229024e-01
1.980000e-01  3.213647e-01
2.010000e-01  3.198544e-01
2.040000e-01  3.183704e-01
2.070000e-01  3.169120e-01
2.100000e-01  3.154783e-01
2.130000e-01  3.140686e-01
2.160000e-01  3.126822e-01
2.190000e-01  3.113184e-01
2.220000e-01  3.099765e-01
2.250000e-01  3.086558e-01
2.280000e-01  3.073558e-01
2.310000e-01  3.060759e-01
2.340000e-01  3.048154e-01
2.370000e-01  3.035739e-01
2.400000e-01  3.023509e-01
2.430000e-01  3.011457e-01
2.460000e-01  2.999581e-01
2.490000e-01  2.987874e-01
2.520000e-01  2.976333e-01
2.550000e-01  2.964953e-01
2.580000e-01  2.953730e-01
2.610000e-01  2.942661e-01
2.640000e-01  2.931741e-01
2.670000e-01  2.920966e-01
2.700000e-01  2.910334e-01
2.730000e-01  2.899840e-01
2.760000e-01  2.889482e-01
2.790000e-01  2.879256e-01
2.820000e-01  2.869159e-01
2.850000e-01  2.859188e-01
2.880000e-01  2.849340e-01
2.910000e-01  2.839613e-01
2.940000e-01  2.830003e-01
2.970000e-01  2.820508e-01
3.000000e-01  2.811126e-01
3.030000e-01  2.801854e-01
3.060000e-01  2.792690e-01
3.090000e-01  2.783632e-01
3.120000e-01  2.774676e-01
3.150000e-01  2.765821e-01
3.180000e-01  2.757066e-01
3.210000e-01  2.748407e-01
3.240000e-01  2.739843e-01
3.270000e-01  2.731373e-01
3.300000e-01  2.722993e-01
3.330000e-01  2.714703e-01
3.360000e-01  2.706500e-01
3.390000e-01  2.698383e-01
3.420000e-01  2.690351e-01
3.450000e-01  2.682401e-01
3.480000e-01  2.674532e-01
3.510000e-01  2.666742e-01
3.540000e-01  2.659030e-01
3.570000e-01  2.651395e-01
3.600000e-01  2.643836e-01
3.630000e-01  2.636350e-01
3.660000e-01  2.628936e-01
3.690000e-01  2.621593e-01
3.720000e-01  2.614321e-01
3.750000e-01  2.607117e-01
3.780000e-01  2.599980e-01
3.810000e-01  2.592910e-01
3.840000e-01  2.585905e-01
3.870000e-01  2.578964e-01
3.900000e-01  2.572085e-01
3.930000e-01  2.565269e-01
3.960000e-01  2.558514e-01
3.990000e-01  2.551818e-01
4.020000e-01  2.545181e-01
4.050000e-01  2.538602e-01
4.080000e-01  2.532080e-01
4.110000e-01  2.525614e-01
4.140000e-01  2.519203e-01
4.170000e-01  2.512846e-01
4.200000e-01  2.506543e-01
4.230000e-01  2.500292e-01
4.260000e-01  2.494092e-01
4.290000e-01  2.487944e-01
4.320000e-01  2.481846e-01
4.350000e-01  2.475797e-01
4.380000e-01  2.469797e-01
4.410000e-01  2.463845e-01
4.440000e-01  2.457940e-01
4.470000e-01  2.452081e-01
4.500000e-01  2.446268e-01
4.530000e-01  2.440501e-01
4.560000e-01  2.434777e-01
4.590000e-01  2.429098e-01
4.620000e-01  2.423462e-01
4.650000e-01  2.417868e-01
4.680000e-01  2.412316e-01
4.710000e-01  2.406806e-01
4.740000e-01  2.401336e-01
4.770000e-01  2.395907e-01
4.800000e-01  2.390517e-01
4.830000e-01  2.385166e-01
4.860000e-01  2.379854e-01
4.890000e-01  2.374581e-01
4.920000e-01  2.369344e-01
4.950000e-01  2.364145e-01
4.980000e-01  2.358982e-01
5.010000e-01  2.353855e-01
5.040000e-01  2.348764e-01
5.070000e-01  2.343708e-01
5.100000e-01  2.338686e-01
5.130000e-01  2.333699e-01
5.160000e-01  2.328745e-01
5.190000e-01  2.323825e-01
5.220000e-01  2.318938e-01
5.250000e-01  2.314083e-01
5.280000e-01  2.309260e-01
5.310000e-01  2.304469e-01
5.340000e-01  2.299710e-01
5.370000e-01  2.294980e-01
5.400000e-01  2.290282e-01
5.430000e-01  2.285614e-01
5.460000e-01  2.280975e-01
5.490000e-01  2.276366e-01
5.520000e-01  2.271786e-01
5.550000e-01  2.267235e-01
5.580000e-01  2.262712e-01
5.610000e-01  2.258217e-01
5.640000e-01  2.253750e-01
5.670000e-01  2.249310e-01
5.700000e-01  2.244897e-01
5.730000e-01  2.240511e-01
5.760000e-01  2.236151e-01
5.790000e-01  2.231817e-01
5.820000e-01  2.227510e-01
5.850000e-01  2.223227e-01
5.880000e-01  2.218970e-01
5.910000e-01  2.214738e-01
5.940000e-01  2.210531e-01
5.970000e-01  2.206348e-01
6.000000e-01  2.202189e-01
6.030000e-01  2.198054e-01
6.060000e-01  2.193942e-01
6.090000e-01  2.189854e-01
6.120000e-01  2.185789e-01
6.150000e-01  2.181746e-01
6.180000e-01  2.177727e-01
6.210000e-01  2.173729e-01
6.240000e-01  2.169754e-01
6.270000e-01  2.165801e-01
6.300000e-01  2.161869e-01
6.330000e-01  2.157958e-01
6.360000e-01  2.154069e-01
6.390000e-01  2.150201e-01
6.420000e-01  2.146353e-01
6.450000e-01  2.142526e-01
6.480000e-01  2.138719e-01
6.510000e-01  2.134932e-01
6.540000e-01  2.131166e-01
6.570000e-01  2.127419e-01
6.600000e-01  2.123691e-01
6.630000e-01  2.119982e-01
6.660000e-01  2.116293e-01
6.690000e-01  2.112623e-01
6.720000e-01  2.108971e-01
6.750000e-01  2.105338e-01
6.780000e-01  2.101724e-01
6.810000e-01  2.098127e-01
6.840000e-01  2.094548e-01
6.870000e-01  2.090987e-01
6.900000e-01  2.087444e-01
6.930000e-01  2.083919e-01
6.960000e-01  2.080410e-01
6.990000e-01  2.076919e-01
7.020000e-01  2.073445e-01
7.050000e-01  2.069987e-01
7.080000e-01  2.066546e-01
7.110000e-01  2.063122e-01
7.140000e-01  2.059714e-01
7.170000e-01  2.056322e-01
7.200000e-01  2.052946e-01
7.230000e-01  2.049587e-01
7.260000e-01  2.046242e-01
7.290000e-01  2.042914e-01
7.320000e-01  2.039601e-01
7.350000e-01  2.036303e-01
7.380000e-01  2.033020e-01
7.410000e-01  2.029753e-01
7.440000e-01  2.026500e-01
7.470000e-01  2.023262e-01
7.500000e-01  2.020038e-01
7.530000e-01  2.016830e-01
7.560000e-01  2.013635e-01
7.590000e-01  2.010455e-01
7.620000e-01  2.007289e-01
7.650000e-01  2.004137e-01
7.680000e-01  2.000998e-01
7.710000e-01  1.997874e-01
7.740000e-01  1.994763e-01
7.770000e-01  1.991665e-01
7.800000e-01  1.988581e-01
7.830000e-01  1.985511e-01
7.860000e-01  1.982453e-01
7.890000e-01  1.979409e-01
7.920000e-01  1.976377e-01
7.950000e-01  1.973358e-01
7.980000e-01  1.970352e-01
8.010000e-01  1.967359e-01
8.040000e-01  1.964378e-01
8.070000e-01  1.961409e-01
8.100000e-01  1.958453e-01
8.130000e-01  1.955509e-01
8.160000e-01  1.952577e-01
8.190000e-01  1.949657e-01
8.220000e-01  1.946749e-01
8.250000e-01  1.943853e-01
8.280000e-01  1.940968e-01
8.310000e-01  1.938096e-01
8.340000e-01  1.935234e-01
8.370000e-01  1.932384e-01
8.400000e-01  1.929546e-01
8.430000e-01  1.926718e-01
8.460000e-01  1.923902e-01
8.490000e-01  1.921097e-01
8.520000e-01  1.918302e-01
8.550000e-01  1.915519e-01
8.580000e-01  1.912747e-01
8.610000e-01  1.909985e-01
8.640000e-01  1.907234e-01
8.670000e-01  1.904493e-01
8.700000e-01  1.901763e-01
8.730000e-01  1.899043e-01
8.760000e-01  1.896333e-01
8.790000e-01  1.893634e-01
8.820000e-01  1.890945e-01
8.850000e-01  1.888266e-01
8.880000e-01  1.885597e-01
8.910000e-01  1.882938e-01
8.940000e-01  1.880288e-01
8.970000e-01  1.877649e-01
9.000000e-01  1.875019e-01
9.030000e-01  1.872399e-01
9.060000e-01  1.869788e-01
9.090000e-01  1.867187e-01
9.120000e-01  1.864595e-01
9.150000e-01  1.862012e-01
9.180000e-01  1.859439e-01
9.210000e-01  1.856875e-01
9.240000e-01  1.854320e-01
9.270000e-01  1.851775e-01
9.300000e-01  1.849238e-01
9.330000e-01  1.846710e-01
9.360000e-01  1.844191e-01
9.390000e-01  1.841681e-01
9.420000e-01  1.839179e-01
9.450000e-01  1.836686e-01
9.480000e-01  1.834202e-01
9.510000e-01  1.831726e-01
9.540000e-01  1.829259e-01
9.570000e-01  1.826800e-01
9.600000e-01  1.824350e-01
9.630000e-01  1.821908e-01
9.660000e-01  1.819474e-01
9.690000e-01  1.817048e-01
9.720000e-01  1.814631e-01
9.750000e-01  1.812221e-01
9.780000e-01  1.809820e-01
9.810000e-01  1.807427e-01
9.840000e-01  1.805041e-01
9.870000e-01  1.802663e-01
9.900000e-01  1.800294e-01
9.930000e-01  1.797931e-01
9.960000e-01  1.795577e-01
9.990000e-01  1.793230e-01
