000000  000001
3.000000e-03  8.344005e-01
6.000000e-03  7.546341e-01
9.000000e-03  7.025431e-01
1.200000e-02  6.642326e-01
1.500000e-02  6.341486e-01
1.800000e-02  6.095126e-01
2.100000e-02  5.887387e-01
2.400000e-02  5.708378e-01
2.700000e-02  5.551530e-01
3.000000e-02  5.412262e-01
3.300000e-02  5.287258e-01
3.600000e-02  5.174046e-01
3.900000e-02  5.070730e-01
4.200000e-02  4.975831e-01
4.500000e-02  4.888170e-01
4.800000e-02  4.806797e-01
5.100000e-02  4.730931e-01
5.400000e-02  4.659926e-01
5.700000e-02  4.593241e-01
6.000000e-02  4.530417e-01
6.300000e-02  4.471064e-01
6.600000e-02  4.414847e-01
6.900000e-02  4.361475e-01
7.200000e-02  4.310696e-01
7.500000e-02  4.262287e-01
7.800000e-02  4.216055e-01
8.100000e-02  4.171827e-01
8.400000e-02  4.129449e-01
8.700000e-02  4.088784e-01
9.000000e-02  4.049711e-01
9.300000e-02  4.012118e-01
9.600000e-02  3.975907e-01
9.900000e-02  3.940987e-01
1.020000e-01  3.907276e-01
1.050000e-01  3.874700e-01
1.080000e-01  3.843191e-01
1.110000e-01  3.812687e-01
1.140000e-01  3.783130e-01
1.170000e-01  3.754469e-01
1.200000e-01  3.726654e-01
1.230000e-01  3.699641e-01
1.260000e-01  3.673389e-01
1.290000e-01  3.647859e-01
1.320000e-01  3.623017e-01
1.350000e-01  3.598827e-01
1.380000e-01  3.575261e-01
1.410000e-01  3.552289e-01
1.440000e-01  3.529884e-01
1.470000e-01  3.508021e-01
1.500000e-01  3.486677e-01
1.530000e-01  3.465829e-01
1.560000e-01  3.445457e-01
1.590000e-01  3.425541e-01
1.620000e-01  3.406063e-01
1.650000e-01  3.387005e-01
1.680000e-01  3.368351e-01
1.710000e-01  3.350086e-01
1.740000e-01  3.332194e-01
1.770000e-01  3.314663e-01
1.800000e-01  3.297479e-01
1.830000e-01  3.280630e-01
1.860000e-01  3.264103e-01
1.890000e-01  3.247889e-01
1.920000e-01  3.231975e-01
1.950000e-01  3.216352e-01
1.980000e-01  3.201011e-01
2.010000e-01  3.185941e-01
2.040000e-01  3.171135e-01
2.070000e-01  3.156584e-01
2.100000e-01  3.142280e-01
2.130000e-01  3.128216e-01
2.160000e-01  3.114384e-01
2.190000e-01  3.100776e-01
2.220000e-01  3.087388e-01
2.250000e-01  3.074211e-01
2.280000e-01  3.061241e-01
2.310000e-01  3.048471e-01
2.340000e-01  3.035895e-01
2.370000e-01  3.023509e-01
2.400000e-01  3.011306e-01
2.430000e-01  2.999282e-01
2.460000e-01  2.987433e-01
2.490000e-01  2.975753e-01
2.520000e-01  2.964238e-01
2.550000e-01  2.952884e-01
2.580000e-01  2.941687e-01
2.610000e-01  2.930643e-01
2.640000e-01  2.919748e-01
2.670000e-01  2.908998e-01
2.700000e-01  2.898390e-01
2.730000e-01  2.887920e-01
2.760000e-01  2.877585e-01
2.790000e-01  2.867383e-01
2.820000e-01  2.857308e-01
2.850000e-01  2.847360e-01
2.880000e-01  2.837535e-01
2.910000e-01  2.827829e-01
2.940000e-01  2.818242e-01
2.970000e-01  2.808769e-01
3.000000e-01  2.799408e-01
3.030000e-01  2.790157e-01
3.060000e-01  2.781014e-01
3.090000e-01  2.771975e-01
3.120000e-01  2.763040e-01
3.150000e-01  2.754206e-01
3.180000e-01  2.745470e-01
3.210000e-01  2.736831e-01
3.240000e-01  2.728286e-01
3.270000e-01  2.719834e-01
3.300000e-01  2.711474e-01
3.330000e-01  2.703202e-01
3.360000e-01  2.695018e-01
3.390000e-01  2.686919e-01
3.420000e-01  2.678904e-01
3.450000e-01  2.670972e-01
3.480000e-01  2.663121e-01
3.510000e-01  2.655348e-01
3.540000e-01  2.647654e-01
3.570000e-01  2.640036e-01
3.600000e-01  2.632493e-01
3.630000e-01  2.625023e-01
3.660000e-01  2.617626e-01
3.690000e-01  2.610300e-01
3.720000e-01  2.603043e-01
3.750000e-01  2.595855e-01
3.780000e-01  2.588735e-01
3.810000e-01  2.581680e-01
3.840000e-01  2.574690e-01
3.870000e-01  2.567764e-01
3.900000e-01  2.560901e-01
3.930000e-01  2.554100e-01
3.960000e-01  2.547359e-01
3.990000e-01  2.540678e-01
4.020000e-01  2.534055e-01
4.050000e-01  2.527491e-01
4.080000e-01  2.520982e-01
4.110000e-01  2.514530e-01
4.140000e-01  2.508133e-01
4.170000e-01  2.501790e-01
4.200000e-01  2.495500e-01
4.230000e-01  2.489263e-01
4.260000e-01  2.483077e-01
4.290000e-01  2.476942e-01
4.320000e-01  2.470857e-01
4.350000e-01  2.464821e-01
4.380000e-01  2.458834e-01
4.410000e-01  2.452894e-01
4.440000e-01  2.447002e-01
4.470000e-01  2.441155e-01
4.500000e-01  2.435355e-01
4.530000e-01  2.429599e-01
4.560000e-01  2.423888e-01
4.590000e-01  2.418221e-01
4.620000e-01  2.412596e-01
4.650000e-01  2.407014e-01
4.680000e-01  2.401474e-01
4.710000e-01  2.395975e-01
4.740000e-01  2.390517e-01
4.770000e-01  2.385099e-01
4.800000e-01  2.379721e-01
4.830000e-01  2.374381e-01
4.860000e-01  2.369080e-01
4.890000e-01  2.363817e-01
4.920000e-01  2.358591e-01
4.950000e-01  2.353402e-01
4.980000e-01  2.348250e-01
5.010000e-01  2.343134e-01
5.040000e-01  2.338053e-01
5.070000e-01  2.333007e-01
5.100000e-01  2.327996e-01
5.130000e-01  2.323019e-01
5.160000e-01  2.318075e-01
5.190000e-01  2.313165e-01
5.220000e-01  2.308287e-01
5.250000e-01  2.303442e-01
5.280000e-01  2.298629e-01
5.310000e-01  2.293848e-01
5.340000e-01  2.289097e-01
5.370000e-01  2.284378e-01
5.400000e-01  2.279689e-01
5.430000e-01  2.275030e-01
5.460000e-01  2.270401e-01
5.490000e-01  2.265801e-01
5.520000e-01  2.261230e-01
5.550000e-01  2.256687e-01
5.580000e-01  2.252173e-01
5.610000e-01  2.247687e-01
5.640000e-01  2.243228e-01
5.670000e-01  2.238797e-01
5.700000e-01  2.234393e-01
5.730000e-01  2.230015e-01
5.760000e-01  2.225664e-01
5.790000e-01  2.221338e-01
5.820000e-01  2.217039e-01
5.850000e-01  2.212765e-01
5.880000e-01  2.208516e-01
5.910000e-01  2.204292e-01
5.940000e-01  2.200092e-01
5.970000e-01  2.195917e-01
6.000000e-01  2.191766e-01
6.030000e-01  2.187638e-01
6.060000e-01  2.183535e-01
6.090000e-01  2.179454e-01
6.120000e-01  2.175396e-01
6.150000e-01  2.171362e-01
6.180000e-01  2.167349e-01
6.210000e-01  2.163359e-01
6.240000e-01  2.159391e-01
6.270000e-01  2.155445e-01
6.300000e-01  2.151520e-01
6.330000e-01  2.147617e-01
6.360000e-01  2.143735e-01
6.390000e-01  2.139873e-01
6.420000e-01  2.136033e-01
6.450000e-01  2.132213e-01
6.480000e-01  2.128413e-01
6.510000e-01  2.124633e-01
6.540000e-01  2.120873e-01
6.570000e-01  2.117132e-01
6.600000e-01  2.113411e-01
6.630000e-01  2.109709e-01
6.660000e-01  2.106027e-01
6.690000e-01  2.102363e-01
6.720000e-01  2.098718e-01
6.750000e-01  2.095091e-01
6.780000e-01  2.091482e-01
6.810000e-01  2.087892e-01
6.840000e-01  2.084319e-01
6.870000e-01  2.080765e-01
6.900000e-01  2.077228e-01
6.930000e-01  2.073708e-01
6.960000e-01  2.070206e-01
6.990000e-01  2.066720e-01
7.020000e-01  2.063252e-01
7.050000e-01  2.059800e-01
7.080000e-01  2.056365e-01
7.110000e-01  2.052946e-01
7.140000e-01  2.049544e-01
7.170000e-01  2.046158e-01
7.200000e-01  2.042788e-01
7.230000e-01  2.039433e-01
7.260000e-01  2.036095e-01
7.290000e-01  2.032771e-01
7.320000e-01  2.029464e-01
7.350000e-01  2.026171e-01
7.380000e-01  2.022894e-01
7.410000e-01  2.019631e-01
7.440000e-01  2.016384e-01
7.470000e-01  2.013151e-01
7.500000e-01  2.009933e-01
7.530000e-01  2.006729e-01
7.560000e-01  2.003540e-01
7.590000e-01  2.000364e-01
7.620000e-01  1.997203e-01
7.650000e-01  1.994056e-01
7.680000e-01  1.990922e-01
7.710000e-01  1.987803e-01
7.740000e-01  1.984697e-01
7.770000e-01  1.981604e-01
7.800000e-01  1.978525e-01
7.830000e-01  1.975459e-01
7.860000e-01  1.972406e-01
7.890000e-01  1.969366e-01
7.920000e-01  1.966339e-01
7.950000e-01  1.963324e-01
7.980000e-01  1.960323e-01
8.010000e-01  1.957334e-01
8.040000e-01  1.954357e-01
8.070000e-01  1.951393e-01
8.100000e-01  1.948441e-01
8.130000e-01  1.945501e-01
8.160000e-01  1.942574e-01
8.190000e-01  1.939658e-01
8.220000e-01  1.936754e-01
8.250000e-01  1.933862e-01
8.280000e-01  1.930981e-01
8.310000e-01  1.928113e-01
8.340000e-01  1.925255e-01
8.370000e-01  1.922409e-01
8.400000e-01  1.919574e-01
8.430000e-01  1.916751e-01
8.460000e-01  1.913938e-01
8.490000e-01  1.911137e-01
8.520000e-01  1.908347e-01
8.550000e-01  1.905567e-01
8.580000e-01  1.902798e-01
8.610000e-01  1.900040e-01
8.640000e-01  1.897293e-01
8.670000e-01  1.894556e-01
8.700000e-01  1.891829e-01
8.730000e-01  1.889113e-01
8.760000e-01  1.886407e-01
8.790000e-01  1.883711e-01
8.820000e-01  1.881025e-01
8.850000e-01  1.878350e-01
8.880000e-01  1.875684e-01
8.910000e-01  1.873028e-01
8.940000e-01  1.870382e-01
8.970000e-01  1.867746e-01
9.000000e-01  1.865119e-01
9.030000e-01  1.862502e-01
9.060000e-01  1.859895e-01
9.090000e-01  1.857297e-01
9.120000e-01  1.854708e-01
9.150000e-01  1.852128e-01
9.180000e-01  1.849558e-01
9.210000e-01  1.846997e-01
9.240000e-01  1.844446e-01
9.270000e-01  1.841903e-01
9.300000e-01  1.839369e-01
9.330000e-01  1.836844e-01
9.360000e-01  1.834328e-01
9.390000e-01  1.831820e-01
9.420000e-01  1.829322e-01
9.450000e-01  1.826831e-01
9.480000e-01  1.824350e-01
9.510000e-01  1.821877e-01
9.540000e-01  1.819413e-01
9.570000e-01  1.816956e-01
9.600000e-01  1.814509e-01
9.630000e-01  1.812069e-01
9.660000e-01  1.809638e-01
9.690000e-01  1.807215e-01
9.720000e-01  1.804800e-01
9.750000e-01  1.802393e-01
9.780000e-01  1.799994e-01
9.810000e-01  1.797603e-01
9.840000e-01  1.795220e-01
9.870000e-01  1.792845e-01
9.900000e-01  1.790477e-01
9.930000e-01  1.788117e-01
9.960000e-01  1.785765e-01
9.990000e-01  1.783421e-01
