000000  000001
3.000000e-03  6.590276e-01
6.000000e-03  5.656701e-01
9.000000e-03  5.123972e-01
1.200000e-02  4.758284e-01
1.500000e-02  4.483288e-01
1.800000e-02  4.264779e-01
2.100000e-02  4.084599e-01
2.400000e-02  3.932001e-01
2.700000e-02  3.800129e-01
3.000000e-02  3.684352e-01
3.300000e-02  3.581404e-01
3.600000e-02  3.488900e-01
3.900000e-02  3.405049e-01
4.200000e-02  3.328474e-01
4.500000e-02  3.258094e-01
4.800000e-02  3.193046e-01
5.100000e-02  3.132632e-01
5.400000e-02  3.076278e-01
5.700000e-02  3.023509e-01
6.000000e-02  2.973924e-01
6.300000e-02  2.927187e-01
6.600000e-02  2.883008e-01
6.900000e-02  2.841140e-01
7.200000e-02  2.801369e-01
7.500000e-02  2.763508e-01
7.800000e-02  2.727392e-01
8.100000e-02  2.692878e-01
8.400000e-02  2.659839e-01
8.700000e-02  2.628160e-01
9.000000e-02  2.597740e-01
9.300000e-02  2.568490e-01
9.600000e-02  2.540328e-01
9.900000e-02  2.513179e-01
1.020000e-01  2.486978e-01
1.050000e-01  2.461664e-01
1.080000e-01  2.437182e-01
1.110000e-01  2.413482e-01
1.140000e-01  2.390517e-01
1.170000e-01  2.368246e-01
1.200000e-01  2.346631e-01
1.230000e-01  2.325634e-01
1.260000e-01  2.305224e-01
1.290000e-01  2.285369e-01
1.320000e-01  2.266042e-01
1.350000e-01  2.247216e-01
1.380000e-01  2.228867e-01
1.410000e-01  2.210972e-01
1.440000e-01  2.193511e-01
1.470000e-01  2.176462e-01
1.500000e-01  2.159808e-01
1.530000e-01  2.143531e-01
1.560000e-01  2.127615e-01
1.590000e-01  2.112045e-01
1.620000e-01  2.096806e-01
1.650000e-01  2.081885e-01
1.680000e-01  2.067269e-01
1.710000e-01  2.052946e-01
1.740000e-01  2.038905e-01
1.770000e-01  2.025135e-01
1.800000e-01  2.011625e-01
1.830000e-01  1.998366e-01
1.860000e-01  1.985349e-01
1.890000e-01  1.972566e-01
1.920000e-01  1.960007e-01
1.950000e-01  1.947666e-01
1.980000e-01  1.935535e-01
2.010000e-01  1.923606e-01
2.040000e-01  1.911873e-01
2.070000e-01  1.900330e-01
2.100000e-01  1.888970e-01
2.130000e-01  1.877788e-01
2.160000e-01  1.866777e-01
2.190000e-01  1.855933e-01
2.220000e-01  1.845250e-01
2.250000e-01  1.834724e-01
2.280000e-01  1.824350e-01
2.310000e-01  1.814123e-01
2.340000e-01  1.804039e-01
2.370000e-01  1.794094e-01
2.400000e-01  1.784284e-01
2.430000e-01  1.774604e-01
2.460000e-01  1.765052e-01
2.490000e-01  1.755625e-01
2.520000e-01  1.746317e-01
2.550000e-01  1.737127e-01
2.580000e-01  1.728050e-01
2.610000e-01  1.719085e-01
2.640000e-01  1.710228e-01
2.670000e-01  1.701476e-01
2.700000e-01  1.692826e-01
2.730000e-01  1.684277e-01
2.760000e-01  1.675825e-01
2.790000e-01  1.667468e-01
2.820000e-01  1.659203e-01
2.850000e-01  1.651029e-01
2.880000e-01  1.642942e-01
2.910000e-01  1.634942e-01
2.940000e-01  1.627025e-01
2.970000e-01  1.619191e-01
3.000000e-01  1.611436e-01
3.030000e-01  1.603760e-01
3.060000e-01  1.596159e-01
3.090000e-01  1.588633e-01
3.120000e-01  1.581180e-01
3.150000e-01  1.573798e-01
3.180000e-01  1.566485e-01
3.210000e-01  1.559240e-01
3.240000e-01  1.552061e-01
3.270000e-01  1.544948e-01
3.300000e-01  1.537897e-01
3.330000e-01  1.530909e-01
3.360000e-01  1.523982e-01
3.390000e-01  1.517113e-01
3.420000e-01  1.510303e-01
3.450000e-01  1.503550e-01
3.480000e-01  1.496852e-01
3.510000e-01  1.490209e-01
3.540000e-01  1.483618e-01
3.570000e-01  1.477080e-01
3.600000e-01  1.470593e-01
3.630000e-01  1.464156e-01
3.660000e-01  1.457768e-01
3.690000e-01  1.451427e-01
3.720000e-01  1.445133e-01
3.750000e-01  1.438885e-01
3.780000e-01  1.432682e-01
3.810000e-01  1.426523e-01
3.840000e-01  1.420407e-01
3.870000e-01  1.414334e-01
3.900000e-01  1.408301e-01
3.930000e-01  1.402309e-01
3.960000e-01  1.396356e-01
3.990000e-01  1.390443e-01
4.020000e-01  1.384567e-01
4.050000e-01  1.378728e-01
4.080000e-01  1.372926e-01
4.110000e-01  1.367160e-01
4.140000e-01  1.361428e-01
4.170000e-01  1.355731e-01
4.200000e-01  1.350067e-01
4.230000e-01  1.344435e-01
4.260000e-01  1.338836e-01
4.290000e-01  1.333269e-01
4.320000e-01  1.327732e-01
4.350000e-01  1.322225e-01
4.380000e-01  1.316748e-01
4.410000e-01  1.311299e-01
4.440000e-01  1.305879e-01
4.470000e-01  1.300486e-01
4.500000e-01  1.295120e-01
4.530000e-01  1.289780e-01
4.560000e-01  1.284467e-01
4.590000e-01  1.279178e-01
4.620000e-01  1.273914e-01
4.650000e-01  1.268675e-01
4.680000e-01  1.263459e-01
4.710000e-01  1.258265e-01
4.740000e-01  1.253094e-01
4.770000e-01  1.247946e-01
4.800000e-01  1.242818e-01
4.830000e-01  1.237711e-01
4.860000e-01  1.232625e-01
4.890000e-01  1.227558e-01
4.920000e-01  1.222511e-01
4.950000e-01  1.217482e-01
4.980000e-01  1.212472e-01
5.010000e-01  1.207479e-01
5.040000e-01  1.202504e-01
5.070000e-01  1.197545e-01
5.100000e-01  1.192603e-01
5.130000e-01  1.187676e-01
5.160000e-01  1.182765e-01
5.190000e-01  1.177868e-01
5.220000e-01  1.172986e-01
5.250000e-01  1.168118e-01
5.280000e-01  1.163263e-01
5.310000e-01  1.158421e-01
5.340000e-01  1.153591e-01
5.370000e-01  1.148773e-01
5.400000e-01  1.143966e-01
5.430000e-01  1.139170e-01
5.460000e-01  1.134385e-01
5.490000e-01  1.129610e-01
5.520000e-01  1.124844e-01
5.550000e-01  1.120087e-01
5.580000e-01  1.115338e-01
5.610000e-01  1.110597e-01
5.640000e-01  1.105864e-01
5.670000e-01  1.101138e-01
5.700000e-01  1.096418e-01
5.730000e-01  1.091703e-01
5.760000e-01  1.086995e-01
5.790000e-01  1.082291e-01
5.820000e-01  1.077591e-01
5.850000e-01  1.072895e-01
5.880000e-01  1.068202e-01
5.910000e-01  1.063511e-01
5.940000e-01  1.058823e-01
5.970000e-01  1.054135e-01
6.000000e-01  1.049449e-01
6.030000e-01  000000
6.060000e-01  000000
6.090000e-01  000000
6.120000e-01  000000
6.150000e-01  000000
6.180000e-01  000000
6.210000e-01  000000
6.240000e-01  000000
6.270000e-01  000000
6.300000e-01  000000
6.330000e-01  000000
6.360000e-01  000000
6.390000e-01  000000
6.420000e-01  000000
6.450000e-01  000000
6.480000e-01  000000
6.510000e-01  000000
6.540000e-01  000000
6.570000e-01  000000
6.600000e-01  000000
6.630000e-01  000000
6.660000e-01  000000
6.690000e-01  000000
6.720000e-01  000000
6.750000e-01  000000
6.780000e-01  000000
6.810000e-01  000000
6.840000e-01  000000
6.870000e-01  000000
6.900000e-01  000000
6.930000e-01  000000
6.960000e-01  000000
6.990000e-01  000000
7.020000e-01  000000
7.050000e-01  000000
7.080000e-01  000000
7.110000e-01  000000
7.140000e-01  000000
7.170000e-01  000000
7.200000e-01  000000
7.230000e-01  000000
7.260000e-01  000000
7.290000e-01  000000
7.320000e-01  000000
7.350000e-01  000000
7.380000e-01  000000
7.410000e-01  000000
7.440000e-01  000000
7.470000e-01  000000
7.500000e-01  000000
7.530000e-01  000000
7.560000e-01  000000
7.590000e-01  000000
7.620000e-01  000000
7.650000e-01  000000
7.680000e-01  000000
7.710000e-01  000000
7.740000e-01  000000
7.770000e-01  000000
7.800000e-01  000000
7.830000e-01  000000
7.860000e-01  000000
7.890000e-01  000000
7.920000e-01  000000
7.950000e-01  000000
7.980000e-01  000000
8.010000e-01  000000
8.040000e-01  000000
8.070000e-01  000000
8.100000e-01  000000
8.130000e-01  000000
8.160000e-01  000000
8.190000e-01  000000
8.220000e-01  000000
8.250000e-01  000000
8.280000e-01  000000
8.310000e-01  000000
8.340000e-01  000000
8.370000e-01  000000
8.400000e-01  000000
8.430000e-01  000000
8.460000e-01  000000
8.490000e-01  000000
8.520000e-01  000000
8.550000e-01  000000
8.580000e-01  000000
8.610000e-01  000000
8.640000e-01  000000
8.670000e-01  000000
8.700000e-01  000000
8.730000e-01  000000
8.760000e-01  000000
8.790000e-01  000000
8.820000e-01  000000
8.850000e-01  000000
8.880000e-01  000000
8.910000e-01  000000
8.940000e-01  000000
8.970000e-01  000000
9.000000e-01  000000
9.030000e-01  000000
9.060000e-01  000000
9.090000e-01  000000
9.120000e-01  000000
9.150000e-01  000000
9.180000e-01  000000
9.210000e-01  000000
9.240000e-01  000000
9.270000e-01  000000
9.300000e-01  000000
9.330000e-01  000000
9.360000e-01  000000
9.390000e-01  000000
9.420000e-01  000000
9.450000e-01  000000
9.480000e-01  000000
9.510000e-01  000000
9.540000e-01  000000
9.570000e-01  000000
9.600000e-01  000000
9.630000e-01  000000
9.660000e-01  000000
9.690000e-01  000000
9.720000e-01  000000
9.750000e-01  000000
9.780000e-01  000000
9.810000e-01  000000
9.840000e-01  000000
9.870000e-01  000000
9.900000e-01  000000
9.930000e-01  000000
9.960000e-01  000000
9.990000e-01  000000
