000000  000001
3.000000e-03  8.184177e-01
6.000000e-03  7.357137e-01
9.000000e-03  6.826703e-01
1.200000e-02  6.440356e-01
1.500000e-02  6.138858e-01
1.800000e-02  5.893048e-01
2.100000e-02  5.686462e-01
2.400000e-02  5.508911e-01
2.700000e-02  5.353671e-01
3.000000e-02  5.216072e-01
3.300000e-02  5.092750e-01
3.600000e-02  4.981202e-01
3.900000e-02  4.879518e-01
4.200000e-02  4.786208e-01
4.500000e-02  4.700089e-01
4.800000e-02  4.620207e-01
5.100000e-02  4.545783e-01
5.400000e-02  4.476170e-01
5.700000e-02  4.410829e-01
6.000000e-02  4.349302e-01
6.300000e-02  4.291202e-01
6.600000e-02  4.236195e-01
6.900000e-02  4.183992e-01
7.200000e-02  4.134343e-01
7.500000e-02  4.087028e-01
7.800000e-02  4.041854e-01
8.100000e-02  3.998650e-01
8.400000e-02  3.957264e-01
8.700000e-02  3.917562e-01
9.000000e-02  3.879422e-01
9.300000e-02  3.842735e-01
9.600000e-02  3.807404e-01
9.900000e-02  3.773338e-01
1.020000e-01  3.740458e-01
1.050000e-01  3.708691e-01
1.080000e-01  3.677968e-01
1.110000e-01  3.648230e-01
1.140000e-01  3.619419e-01
1.170000e-01  3.591485e-01
1.200000e-01  3.564378e-01
1.230000e-01  3.538057e-01
1.260000e-01  3.512479e-01
1.290000e-01  3.487608e-01
1.320000e-01  3.463408e-01
1.350000e-01  3.439847e-01
1.380000e-01  3.416895e-01
1.410000e-01  3.394523e-01
1.440000e-01  3.372704e-01
1.470000e-01  3.351416e-01
1.500000e-01  3.330633e-01
1.530000e-01  3.310335e-01
1.560000e-01  3.290501e-01
1.590000e-01  3.271113e-01
1.620000e-01  3.252151e-01
1.650000e-01  3.233600e-01
1.680000e-01  3.215442e-01
1.710000e-01  3.197664e-01
1.740000e-01  3.180250e-01
1.770000e-01  3.163187e-01
1.800000e-01  3.146462e-01
1.830000e-01  3.130064e-01
1.860000e-01  3.113980e-01
1.890000e-01  3.098200e-01
1.920000e-01  3.082714e-01
1.950000e-01  3.067510e-01
1.980000e-01  3.052581e-01
2.010000e-01  3.037916e-01
2.040000e-01  3.023509e-01
2.070000e-01  3.009349e-01
2.100000e-01  2.995430e-01
2.130000e-01  2.981744e-01
2.160000e-01  2.968284e-01
2.190000e-01  2.955043e-01
2.220000e-01  2.942014e-01
2.250000e-01  2.929193e-01
2.280000e-01  2.916571e-01
2.310000e-01  2.904144e-01
2.340000e-01  2.891907e-01
2.370000e-01  2.879854e-01
2.400000e-01  2.867979e-01
2.430000e-01  2.856279e-01
2.460000e-01  2.844747e-01
2.490000e-01  2.833381e-01
2.520000e-01  2.822176e-01
2.550000e-01  2.811126e-01
2.580000e-01  2.800229e-01
2.610000e-01  2.789481e-01
2.640000e-01  2.778878e-01
2.670000e-01  2.768415e-01
2.700000e-01  2.758091e-01
2.730000e-01  2.747901e-01
2.760000e-01  2.737842e-01
2.790000e-01  2.727911e-01
2.820000e-01  2.718106e-01
2.850000e-01  2.708422e-01
2.880000e-01  2.698858e-01
2.910000e-01  2.689411e-01
2.940000e-01  2.680078e-01
2.970000e-01  2.670856e-01
3.000000e-01  2.661743e-01
3.030000e-01  2.652737e-01
3.060000e-01  2.643836e-01
3.090000e-01  2.635036e-01
3.120000e-01  2.626336e-01
3.150000e-01  2.617735e-01
3.180000e-01  2.609229e-01
3.210000e-01  2.600816e-01
3.240000e-01  2.592496e-01
3.270000e-01  2.584266e-01
3.300000e-01  2.576124e-01
3.330000e-01  2.568068e-01
3.360000e-01  2.560098e-01
3.390000e-01  2.552210e-01
3.420000e-01  2.544404e-01
3.450000e-01  2.536678e-01
3.480000e-01  2.529030e-01
3.510000e-01  2.521459e-01
3.540000e-01  2.513964e-01
3.570000e-01  2.506543e-01
3.600000e-01  2.499194e-01
3.630000e-01  2.491917e-01
3.660000e-01  2.484710e-01
3.690000e-01  2.477571e-01
3.720000e-01  2.470501e-01
3.750000e-01  2.463496e-01
3.780000e-01  2.456557e-01
3.810000e-01  2.449682e-01
3.840000e-01  2.442870e-01
3.870000e-01  2.436120e-01
3.900000e-01  2.429431e-01
3.930000e-01  2.422801e-01
3.960000e-01  2.416231e-01
3.990000e-01  2.409718e-01
4.020000e-01  2.403262e-01
4.050000e-01  2.396862e-01
4.080000e-01  2.390517e-01
4.110000e-01  2.384226e-01
4.140000e-01  2.377989e-01
4.170000e-01  2.371804e-01
4.200000e-01  2.365670e-01
4.230000e-01  2.359587e-01
4.260000e-01  2.353555e-01
4.290000e-01  2.347571e-01
4.320000e-01  2.341636e-01
4.350000e-01  2.335748e-01
4.380000e-01  2.329908e-01
4.410000e-01  2.324114e-01
4.440000e-01  2.318365e-01
4.470000e-01  2.312661e-01
4.500000e-01  2.307002e-01
4.530000e-01  2.301386e-01
4.560000e-01  2.295813e-01
4.590000e-01  2.290282e-01
4.620000e-01  2.284793e-01
4.650000e-01  2.279345e-01
4.680000e-01  2.273938e-01
4.710000e-01  2.268571e-01
4.740000e-01  2.263243e-01
4.770000e-01  2.257953e-01
4.800000e-01  2.252703e-01
4.830000e-01  2.247490e-01
4.860000e-01  2.242314e-01
4.890000e-01  2.237175e-01
4.920000e-01  2.232072e-01
4.950000e-01  2.227004e-01
4.980000e-01  2.221973e-01
5.010000e-01  2.216976e-01
5.040000e-01  2.212013e-01
5.070000e-01  2.207084e-01
5.100000e-01  2.202189e-01
5.130000e-01  2.197326e-01
5.160000e-01  2.192497e-01
5.190000e-01  2.187699e-01
5.220000e-01  2.182933e-01
5.250000e-01  2.178198e-01
5.280000e-01  2.173495e-01
5.310000e-01  2.168822e-01
5.340000e-01  2.164179e-01
5.370000e-01  2.159566e-01
5.400000e-01  2.154982e-01
5.430000e-01  2.150428e-01
5.460000e-01  2.145902e-01
5.490000e-01  2.141404e-01
5.520000e-01  2.136935e-01
5.550000e-01  2.132493e-01
5.580000e-01  2.128078e-01
5.610000e-01  2.123691e-01
5.640000e-01  2.119330e-01
5.670000e-01  2.114996e-01
5.700000e-01  2.110688e-01
5.730000e-01  2.106405e-01
5.760000e-01  2.102148e-01
5.790000e-01  2.097916e-01
5.820000e-01  2.093709e-01
5.850000e-01  2.089527e-01
5.880000e-01  2.085368e-01
5.910000e-01  2.081234e-01
5.940000e-01  2.077124e-01
5.970000e-01  2.073037e-01
6.000000e-01  2.068973e-01
6.030000e-01  2.064933e-01
6.060000e-01  2.060915e-01
6.090000e-01  2.056920e-01
6.120000e-01  2.052946e-01
6.150000e-01  2.048995e-01
6.180000e-01  2.045066e-01
6.210000e-01  2.041158e-01
6.240000e-01  2.037271e-01
6.270000e-01  2.033406e-01
6.300000e-01  2.029561e-01
6.330000e-01  2.025737e-01
6.360000e-01  2.021933e-01
6.390000e-01  2.018149e-01
6.420000e-01  2.014385e-01
6.450000e-01  2.010642e-01
6.480000e-01  2.006917e-01
6.510000e-01  2.003212e-01
6.540000e-01  1.999526e-01
6.570000e-01  1.995859e-01
6.600000e-01  1.992211e-01
6.630000e-01  1.988581e-01
6.660000e-01  1.984970e-01
6.690000e-01  1.981377e-01
6.720000e-01  1.977802e-01
6.750000e-01  1.974245e-01
6.780000e-01  1.970705e-01
6.810000e-01  1.967183e-01
6.840000e-01  1.963678e-01
6.870000e-01  1.960191e-01
6.900000e-01  1.956720e-01
6.930000e-01  1.953266e-01
6.960000e-01  1.949829e-01
6.990000e-01  1.946408e-01
7.020000e-01  1.943003e-01
7.050000e-01  1.939615e-01
7.080000e-01  1.936243e-01
7.110000e-01  1.932886e-01
7.140000e-01  1.929546e-01
7.170000e-01  1.926220e-01
7.200000e-01  1.922911e-01
7.230000e-01  1.919616e-01
7.260000e-01  1.916337e-01
7.290000e-01  1.913072e-01
7.320000e-01  1.909823e-01
7.350000e-01  1.906588e-01
7.380000e-01  1.903367e-01
7.410000e-01  1.900162e-01
7.440000e-01  1.896970e-01
7.470000e-01  1.893793e-01
7.500000e-01  1.890629e-01
7.530000e-01  1.887480e-01
7.560000e-01  1.884344e-01
7.590000e-01  1.881222e-01
7.620000e-01  1.878114e-01
7.650000e-01  1.875019e-01
7.680000e-01  1.871937e-01
7.710000e-01  1.868869e-01
7.740000e-01  1.865814e-01
7.770000e-01  1.862771e-01
7.800000e-01  1.859742e-01
7.830000e-01  1.856725e-01
7.860000e-01  1.853721e-01
7.890000e-01  1.850729e-01
7.920000e-01  1.847750e-01
7.950000e-01  1.844783e-01
7.980000e-01  1.841828e-01
8.010000e-01  1.838885e-01
8.040000e-01  1.835955e-01
8.070000e-01  1.833036e-01
8.100000e-01  1.830129e-01
8.130000e-01  1.827234e-01
8.160000e-01  1.824350e-01
8.190000e-01  1.821478e-01
8.220000e-01  1.818617e-01
8.250000e-01  1.815768e-01
8.280000e-01  1.812929e-01
8.310000e-01  1.810102e-01
8.340000e-01  1.807286e-01
8.370000e-01  1.804481e-01
8.400000e-01  1.801687e-01
8.430000e-01  1.798903e-01
8.460000e-01  1.796130e-01
8.490000e-01  1.793368e-01
8.520000e-01  1.790616e-01
8.550000e-01  1.787875e-01
8.580000e-01  1.785144e-01
8.610000e-01  1.782423e-01
8.640000e-01  1.779713e-01
8.670000e-01  1.777012e-01
8.700000e-01  1.774322e-01
8.730000e-01  1.771641e-01
8.760000e-01  1.768970e-01
8.790000e-01  1.766310e-01
8.820000e-01  1.763658e-01
8.850000e-01  1.761017e-01
8.880000e-01  1.758385e-01
8.910000e-01  1.755762e-01
8.940000e-01  1.753149e-01
8.970000e-01  1.750545e-01
9.000000e-01  1.747951e-01
9.030000e-01  1.745366e-01
9.060000e-01  1.742789e-01
9.090000e-01  1.740222e-01
9.120000e-01  1.737664e-01
9.150000e-01  1.735115e-01
9.180000e-01  1.732574e-01
9.210000e-01  1.730043e-01
9.240000e-01  1.727520e-01
9.270000e-01  1.725006e-01
9.300000e-01  1.722500e-01
9.330000e-01  1.720003e-01
9.360000e-01  1.717514e-01
9.390000e-01  1.715034e-01
9.420000e-01  1.712562e-01
9.450000e-01  1.710098e-01
9.480000e-01  1.707643e-01
9.510000e-01  1.705196e-01
9.540000e-01  1.702756e-01
9.570000e-01  1.700325e-01
9.600000e-01  1.697902e-01
9.630000e-01  1.695487e-01
9.660000e-01  1.693079e-01
9.690000e-01  1.690680e-01
9.720000e-01  1.688288e-01
9.750000e-01  1.685904e-01
9.780000e-01  1.683527e-01
9.810000e-01  1.681158e-01
9.840000e-01  1.678797e-01
9.870000e-01  1.676443e-01
9.900000e-01  1.674096e-01
9.930000e-01  1.671757e-01
9.960000e-01  1.669426e-01
9.990000e-01  1.667101e-01
