000000  000001
3.000000e-03  7.923847e-01
6.000000e-03  7.058314e-01
9.000000e-03  6.517459e-01
1.200000e-02  6.128889e-01
1.500000e-02  5.828295e-01
1.800000e-02  5.584728e-01
2.100000e-02  5.380970e-01
2.400000e-02  5.206482e-01
2.700000e-02  5.054364e-01
3.000000e-02  4.919857e-01
3.300000e-02  4.799552e-01
3.600000e-02  4.690921e-01
3.900000e-02  4.592043e-01
4.200000e-02  4.501428e-01
4.500000e-02  4.417893e-01
4.800000e-02  4.340487e-01
5.100000e-02  4.268436e-01
5.400000e-02  4.201098e-01
5.700000e-02  4.137938e-01
6.000000e-02  4.078506e-01
6.300000e-02  4.022418e-01
6.600000e-02  3.969345e-01
6.900000e-02  3.919004e-01
7.200000e-02  3.871147e-01
7.500000e-02  3.825560e-01
7.800000e-02  3.782053e-01
8.100000e-02  3.740458e-01
8.400000e-02  3.700628e-01
8.700000e-02  3.662429e-01
9.000000e-02  3.625744e-01
9.300000e-02  3.590466e-01
9.600000e-02  3.556500e-01
9.900000e-02  3.523758e-01
1.020000e-01  3.492162e-01
1.050000e-01  3.461641e-01
1.080000e-01  3.432130e-01
1.110000e-01  3.403569e-01
1.140000e-01  3.375903e-01
1.170000e-01  3.349082e-01
1.200000e-01  3.323060e-01
1.230000e-01  3.297794e-01
1.260000e-01  3.273246e-01
1.290000e-01  3.249377e-01
1.320000e-01  3.226155e-01
1.350000e-01  3.203548e-01
1.380000e-01  3.181527e-01
1.410000e-01  3.160064e-01
1.440000e-01  3.139135e-01
1.470000e-01  3.118714e-01
1.500000e-01  3.098779e-01
1.530000e-01  3.079311e-01
1.560000e-01  3.060288e-01
1.590000e-01  3.041693e-01
1.620000e-01  3.023509e-01
1.650000e-01  3.005717e-01
1.680000e-01  2.988305e-01
1.710000e-01  2.971256e-01
1.740000e-01  2.954556e-01
1.770000e-01  2.938194e-01
1.800000e-01  2.922156e-01
1.830000e-01  2.906431e-01
1.860000e-01  2.891008e-01
1.890000e-01  2.875876e-01
1.920000e-01  2.861025e-01
1.950000e-01  2.846445e-01
1.980000e-01  2.832128e-01
2.010000e-01  2.818065e-01
2.040000e-01  2.804248e-01
2.070000e-01  2.790668e-01
2.100000e-01  2.777319e-01
2.130000e-01  2.764193e-01
2.160000e-01  2.751283e-01
2.190000e-01  2.738583e-01
2.220000e-01  2.726086e-01
2.250000e-01  2.713787e-01
2.280000e-01  2.701680e-01
2.310000e-01  2.689759e-01
2.340000e-01  2.678019e-01
2.370000e-01  2.666455e-01
2.400000e-01  2.655062e-01
2.430000e-01  2.643836e-01
2.460000e-01  2.632771e-01
2.490000e-01  2.621864e-01
2.520000e-01  2.611111e-01
2.550000e-01  2.600507e-01
2.580000e-01  2.590048e-01
2.610000e-01  2.579732e-01
2.640000e-01  2.569554e-01
2.670000e-01  2.559511e-01
2.700000e-01  2.549599e-01
2.730000e-01  2.539816e-01
2.760000e-01  2.530158e-01
2.790000e-01  2.520623e-01
2.820000e-01  2.511207e-01
2.850000e-01  2.501907e-01
2.880000e-01  2.492722e-01
2.910000e-01  2.483648e-01
2.940000e-01  2.474683e-01
2.970000e-01  2.465824e-01
3.000000e-01  2.457069e-01
3.030000e-01  2.448416e-01
3.060000e-01  2.439863e-01
3.090000e-01  2.431407e-01
3.120000e-01  2.423046e-01
3.150000e-01  2.414779e-01
3.180000e-01  2.406603e-01
3.210000e-01  2.398516e-01
3.240000e-01  2.390517e-01
3.270000e-01  2.382604e-01
3.300000e-01  2.374775e-01
3.330000e-01  2.367029e-01
3.360000e-01  2.359363e-01
3.390000e-01  2.351776e-01
3.420000e-01  2.344268e-01
3.450000e-01  2.336835e-01
3.480000e-01  2.329477e-01
3.510000e-01  2.322192e-01
3.540000e-01  2.314980e-01
3.570000e-01  2.307837e-01
3.600000e-01  2.300765e-01
3.630000e-01  2.293760e-01
3.660000e-01  2.286821e-01
3.690000e-01  2.279949e-01
3.720000e-01  2.273140e-01
3.750000e-01  2.266395e-01
3.780000e-01  2.259712e-01
3.810000e-01  2.253090e-01
3.840000e-01  2.246528e-01
3.870000e-01  2.240025e-01
3.900000e-01  2.233580e-01
3.930000e-01  2.227192e-01
3.960000e-01  2.220859e-01
3.990000e-01  2.214582e-01
4.020000e-01  2.208359e-01
4.050000e-01  2.202189e-01
4.080000e-01  2.196071e-01
4.110000e-01  2.190005e-01
4.140000e-01  2.183989e-01
4.170000e-01  2.178024e-01
4.200000e-01  2.172107e-01
4.230000e-01  2.166239e-01
4.260000e-01  2.160418e-01
4.290000e-01  2.154644e-01
4.320000e-01  2.148916e-01
4.350000e-01  2.143233e-01
4.380000e-01  2.137595e-01
4.410000e-01  2.132001e-01
4.440000e-01  2.126450e-01
4.470000e-01  2.120942e-01
4.500000e-01  2.115476e-01
4.530000e-01  2.110051e-01
4.560000e-01  2.104668e-01
4.590000e-01  2.099324e-01
4.620000e-01  2.094020e-01
4.650000e-01  2.088755e-01
4.680000e-01  2.083528e-01
4.710000e-01  2.078339e-01
4.740000e-01  2.073188e-01
4.770000e-01  2.068074e-01
4.800000e-01  2.062995e-01
4.830000e-01  2.057953e-01
4.860000e-01  2.052946e-01
4.890000e-01  2.047974e-01
4.920000e-01  2.043037e-01
4.950000e-01  2.038133e-01
4.980000e-01  2.033263e-01
5.010000e-01  2.028426e-01
5.040000e-01  2.023621e-01
5.070000e-01  2.018848e-01
5.100000e-01  2.014107e-01
5.130000e-01  2.009398e-01
5.160000e-01  2.004719e-01
5.190000e-01  2.000071e-01
5.220000e-01  1.995453e-01
5.250000e-01  1.990865e-01
5.280000e-01  1.986306e-01
5.310000e-01  1.981775e-01
5.340000e-01  1.977274e-01
5.370000e-01  1.972801e-01
5.400000e-01  1.968355e-01
5.430000e-01  1.963937e-01
5.460000e-01  1.959547e-01
5.490000e-01  1.955183e-01
5.520000e-01  1.950845e-01
5.550000e-01  1.946534e-01
5.580000e-01  1.942249e-01
5.610000e-01  1.937989e-01
5.640000e-01  1.933755e-01
5.670000e-01  1.929546e-01
5.700000e-01  1.925361e-01
5.730000e-01  1.921200e-01
5.760000e-01  1.917064e-01
5.790000e-01  1.912952e-01
5.820000e-01  1.908863e-01
5.850000e-01  1.904797e-01
5.880000e-01  1.900754e-01
5.910000e-01  1.896734e-01
5.940000e-01  1.892737e-01
5.970000e-01  1.888761e-01
6.000000e-01  1.884808e-01
6.030000e-01  1.880876e-01
6.060000e-01  1.876966e-01
6.090000e-01  1.873077e-01
6.120000e-01  1.869209e-01
6.150000e-01  1.865362e-01
6.180000e-01  1.861535e-01
6.210000e-01  1.857729e-01
6.240000e-01  1.853943e-01
6.270000e-01  1.850176e-01
6.300000e-01  1.846430e-01
6.330000e-01  1.842702e-01
6.360000e-01  1.838994e-01
6.390000e-01  1.835305e-01
6.420000e-01  1.831635e-01
6.450000e-01  1.827983e-01
6.480000e-01  1.824350e-01
6.510000e-01  1.820735e-01
6.540000e-01  1.817138e-01
6.570000e-01  1.813559e-01
6.600000e-01  1.809998e-01
6.630000e-01  1.806454e-01
6.660000e-01  1.802927e-01
6.690000e-01  1.799418e-01
6.720000e-01  1.795925e-01
6.750000e-01  1.792450e-01
6.780000e-01  1.788990e-01
6.810000e-01  1.785548e-01
6.840000e-01  1.782121e-01
6.870000e-01  1.778711e-01
6.900000e-01  1.775317e-01
6.930000e-01  1.771938e-01
6.960000e-01  1.768576e-01
6.990000e-01  1.765228e-01
7.020000e-01  1.761896e-01
7.050000e-01  1.758580e-01
7.080000e-01  1.755278e-01
7.110000e-01  1.751991e-01
7.140000e-01  1.748719e-01
7.170000e-01  1.745461e-01
7.200000e-01  1.742218e-01
7.230000e-01  1.738989e-01
7.260000e-01  1.735775e-01
7.290000e-01  1.732574e-01
7.320000e-01  1.729388e-01
7.350000e-01  1.726215e-01
7.380000e-01  1.723056e-01
7.410000e-01  1.719911e-01
7.440000e-01  1.716778e-01
7.470000e-01  1.713660e-01
7.500000e-01  1.710554e-01
7.530000e-01  1.707461e-01
7.560000e-01  1.704382e-01
7.590000e-01  1.701315e-01
7.620000e-01  1.698261e-01
7.650000e-01  1.695219e-01
7.680000e-01  1.692190e-01
7.710000e-01  1.689173e-01
7.740000e-01  1.686168e-01
7.770000e-01  1.683176e-01
7.800000e-01  1.680195e-01
7.830000e-01  1.677227e-01
7.860000e-01  1.674270e-01
7.890000e-01  1.671325e-01
7.920000e-01  1.668392e-01
7.950000e-01  1.665470e-01
7.980000e-01  1.662559e-01
8.010000e-01  1.659660e-01
8.040000e-01  1.656772e-01
8.070000e-01  1.653895e-01
8.100000e-01  1.651029e-01
8.130000e-01  1.648173e-01
8.160000e-01  1.645329e-01
8.190000e-01  1.642496e-01
8.220000e-01  1.639673e-01
8.250000e-01  1.636860e-01
8.280000e-01  1.634058e-01
8.310000e-01  1.631267e-01
8.340000e-01  1.628485e-01
8.370000e-01  1.625714e-01
8.400000e-01  1.622953e-01
8.430000e-01  1.620202e-01
8.460000e-01  1.617461e-01
8.490000e-01  1.614730e-01
8.520000e-01  1.612008e-01
8.550000e-01  1.609296e-01
8.580000e-01  1.606594e-01
8.610000e-01  1.603901e-01
8.640000e-01  1.601218e-01
8.670000e-01  1.598544e-01
8.700000e-01  1.595879e-01
8.730000e-01  1.593224e-01
8.760000e-01  1.590577e-01
8.790000e-01  1.587940e-01
8.820000e-01  1.585312e-01
8.850000e-01  1.582692e-01
8.880000e-01  1.580082e-01
8.910000e-01  1.577480e-01
8.940000e-01  1.574887e-01
8.970000e-01  1.572302e-01
9.000000e-01  1.569727e-01
9.030000e-01  1.567159e-01
9.060000e-01  1.564600e-01
9.090000e-01  1.562049e-01
9.120000e-01  1.559507e-01
9.150000e-01  1.556973e-01
9.180000e-01  1.554447e-01
9.210000e-01  1.551929e-01
9.240000e-01  1.549419e-01
9.270000e-01  1.546917e-01
9.300000e-01  1.544423e-01
9.330000e-01  1.541937e-01
9.360000e-01  1.539459e-01
9.390000e-01  1.536988e-01
9.420000e-01  1.534525e-01
9.450000e-01  1.532070e-01
9.480000e-01  1.529622e-01
9.510000e-01  1.527181e-01
9.540000e-01  1.524748e-01
9.570000e-01  1.522323e-01
9.600000e-01  1.519904e-01
9.630000e-01  1.517494e-01
9.660000e-01  1.515090e-01
9.690000e-01  1.512693e-01
9.720000e-01  1.510303e-01
9.750000e-01  1.507921e-01
9.780000e-01  1.505545e-01
9.810000e-01  1.503176e-01
9.840000e-01  1.500814e-01
9.870000e-01  1.498460e-01
9.900000e-01  1.496111e-01
9.930000e-01  1.493770e-01
9.960000e-01  1.491435e-01
9.990000e-01  1.489107e-01
