000000  000001
3.000000e-03  6.692352e-01
6.000000e-03  5.758230e-01
9.000000e-03  5.222429e-01
1.200000e-02  4.853715e-01
1.500000e-02  4.576024e-01
1.800000e-02  4.355148e-01
2.100000e-02  4.172883e-01
2.400000e-02  4.018436e-01
2.700000e-02  3.884910e-01
3.000000e-02  3.767643e-01
3.300000e-02  3.663342e-01
3.600000e-02  3.569605e-01
3.900000e-02  3.484622e-01
4.200000e-02  3.407003e-01
4.500000e-02  3.335657e-01
4.800000e-02  3.269711e-01
5.100000e-02  3.208460e-01
5.400000e-02  3.151323e-01
5.700000e-02  3.097819e-01
6.000000e-02  3.047544e-01
6.300000e-02  3.000156e-01
6.600000e-02  2.955363e-01
6.900000e-02  2.912914e-01
7.200000e-02  2.872592e-01
7.500000e-02  2.834207e-01
7.800000e-02  2.797594e-01
8.100000e-02  2.762607e-01
8.400000e-02  2.729116e-01
8.700000e-02  2.697006e-01
9.000000e-02  2.666175e-01
9.300000e-02  2.636531e-01
9.600000e-02  2.607992e-01
9.900000e-02  2.580482e-01
1.020000e-01  2.553934e-01
1.050000e-01  2.528288e-01
1.080000e-01  2.503487e-01
1.110000e-01  2.479480e-01
1.140000e-01  2.456220e-01
1.170000e-01  2.433666e-01
1.200000e-01  2.411777e-01
1.230000e-01  2.390517e-01
1.260000e-01  2.369853e-01
1.290000e-01  2.349754e-01
1.320000e-01  2.330192e-01
1.350000e-01  2.311139e-01
1.380000e-01  2.292570e-01
1.410000e-01  2.274464e-01
1.440000e-01  2.256798e-01
1.470000e-01  2.239552e-01
1.500000e-01  2.222707e-01
1.530000e-01  2.206246e-01
1.560000e-01  2.190152e-01
1.590000e-01  2.174410e-01
1.620000e-01  2.159005e-01
1.650000e-01  2.143924e-01
1.680000e-01  2.129153e-01
1.710000e-01  2.114680e-01
1.740000e-01  2.100493e-01
1.770000e-01  2.086583e-01
1.800000e-01  2.072938e-01
1.830000e-01  2.059548e-01
1.860000e-01  2.046405e-01
1.890000e-01  2.033500e-01
1.920000e-01  2.020823e-01
1.950000e-01  2.008368e-01
1.980000e-01  1.996127e-01
2.010000e-01  1.984092e-01
2.040000e-01  1.972257e-01
2.070000e-01  1.960615e-01
2.100000e-01  1.949160e-01
2.130000e-01  1.937886e-01
2.160000e-01  1.926787e-01
2.190000e-01  1.915858e-01
2.220000e-01  1.905094e-01
2.250000e-01  1.894489e-01
2.280000e-01  1.884039e-01
2.310000e-01  1.873740e-01
2.340000e-01  1.863586e-01
2.370000e-01  1.853574e-01
2.400000e-01  1.843700e-01
2.430000e-01  1.833960e-01
2.460000e-01  1.824350e-01
2.490000e-01  1.814866e-01
2.520000e-01  1.805506e-01
2.550000e-01  1.796265e-01
2.580000e-01  1.787141e-01
2.610000e-01  1.778131e-01
2.640000e-01  1.769231e-01
2.670000e-01  1.760438e-01
2.700000e-01  1.751751e-01
2.730000e-01  1.743166e-01
2.760000e-01  1.734681e-01
2.790000e-01  1.726292e-01
2.820000e-01  1.717999e-01
2.850000e-01  1.709798e-01
2.880000e-01  1.701688e-01
2.910000e-01  1.693666e-01
2.940000e-01  1.685730e-01
2.970000e-01  1.677877e-01
3.000000e-01  1.670107e-01
3.030000e-01  1.662417e-01
3.060000e-01  1.654806e-01
3.090000e-01  1.647271e-01
3.120000e-01  1.639810e-01
3.150000e-01  1.632423e-01
3.180000e-01  1.625107e-01
3.210000e-01  1.617861e-01
3.240000e-01  1.610684e-01
3.270000e-01  1.603573e-01
3.300000e-01  1.596528e-01
3.330000e-01  1.589547e-01
3.360000e-01  1.582629e-01
3.390000e-01  1.575771e-01
3.420000e-01  1.568974e-01
3.450000e-01  1.562236e-01
3.480000e-01  1.555555e-01
3.510000e-01  1.548930e-01
3.540000e-01  1.542361e-01
3.570000e-01  1.535846e-01
3.600000e-01  1.529383e-01
3.630000e-01  1.522973e-01
3.660000e-01  1.516613e-01
3.690000e-01  1.510303e-01
3.720000e-01  1.504042e-01
3.750000e-01  1.497829e-01
3.780000e-01  1.491662e-01
3.810000e-01  1.485542e-01
3.840000e-01  1.479466e-01
3.870000e-01  1.473435e-01
3.900000e-01  1.467447e-01
3.930000e-01  1.461501e-01
3.960000e-01  1.455597e-01
3.990000e-01  1.449734e-01
4.020000e-01  1.443911e-01
4.050000e-01  1.438126e-01
4.080000e-01  1.432381e-01
4.110000e-01  1.426673e-01
4.140000e-01  1.421002e-01
4.170000e-01  1.415368e-01
4.200000e-01  1.409769e-01
4.230000e-01  1.404205e-01
4.260000e-01  1.398675e-01
4.290000e-01  1.393178e-01
4.320000e-01  1.387715e-01
4.350000e-01  1.382284e-01
4.380000e-01  1.376885e-01
4.410000e-01  1.371516e-01
4.440000e-01  1.366179e-01
4.470000e-01  1.360871e-01
4.500000e-01  1.355592e-01
4.530000e-01  1.350342e-01
4.560000e-01  1.345120e-01
4.590000e-01  1.339926e-01
4.620000e-01  1.334759e-01
4.650000e-01  1.329619e-01
4.680000e-01  1.324505e-01
4.710000e-01  1.319416e-01
4.740000e-01  1.314352e-01
4.770000e-01  1.309313e-01
4.800000e-01  1.304297e-01
4.830000e-01  1.299306e-01
4.860000e-01  1.294337e-01
4.890000e-01  1.289391e-01
4.920000e-01  1.284467e-01
4.950000e-01  1.279564e-01
4.980000e-01  1.274683e-01
5.010000e-01  1.269823e-01
5.040000e-01  1.264983e-01
5.070000e-01  1.260163e-01
5.100000e-01  1.255362e-01
5.130000e-01  1.250580e-01
5.160000e-01  1.245817e-01
5.190000e-01  1.241072e-01
5.220000e-01  1.236345e-01
5.250000e-01  1.231635e-01
5.280000e-01  1.226942e-01
5.310000e-01  1.222265e-01
5.340000e-01  1.217605e-01
5.370000e-01  1.212960e-01
5.400000e-01  1.208330e-01
5.430000e-01  1.203716e-01
5.460000e-01  1.199116e-01
5.490000e-01  1.194530e-01
5.520000e-01  1.189957e-01
5.550000e-01  1.185398e-01
5.580000e-01  1.180852e-01
5.610000e-01  1.176319e-01
5.640000e-01  1.171797e-01
5.670000e-01  1.167288e-01
5.700000e-01  1.162790e-01
5.730000e-01  1.158303e-01
5.760000e-01  1.153826e-01
5.790000e-01  1.149360e-01
5.820000e-01  1.144903e-01
5.850000e-01  1.140456e-01
5.880000e-01  1.136018e-01
5.910000e-01  1.131589e-01
5.940000e-01  1.127167e-01
5.970000e-01  1.122754e-01
6.000000e-01  1.118348e-01
6.030000e-01  1.113950e-01
6.060000e-01  1.109558e-01
6.090000e-01  1.105172e-01
6.120000e-01  1.100792e-01
6.150000e-01  1.096418e-01
6.180000e-01  1.092048e-01
6.210000e-01  1.087683e-01
6.240000e-01  1.083323e-01
6.270000e-01  1.078966e-01
6.300000e-01  1.074612e-01
6.330000e-01  1.070262e-01
6.360000e-01  1.065913e-01
6.390000e-01  1.061567e-01
6.420000e-01  1.057222e-01
6.450000e-01  1.052878e-01
6.480000e-01  000000
6.510000e-01  000000
6.540000e-01  000000
6.570000e-01  000000
6.600000e-01  000000
6.630000e-01  000000
6.660000e-01  000000
6.690000e-01  000000
6.720000e-01  000000
6.750000e-01  000000
6.780000e-01  000000
6.810000e-01  000000
6.840000e-01  000000
6.870000e-01  000000
6.900000e-01  000000
6.930000e-01  000000
6.960000e-01  000000
6.990000e-01  000000
7.020000e-01  000000
7.050000e-01  000000
7.080000e-01  000000
7.110000e-01  000000
7.140000e-01  000000
7.170000e-01  000000
7.200000e-01  000000
7.230000e-01  000000
7.260000e-01  000000
7.290000e-01  000000
7.320000e-01  000000
7.350000e-01  000000
7.380000e-01  000000
7.410000e-01  000000
7.440000e-01  000000
7.470000e-01  000000
7.500000e-01  000000
7.530000e-01  000000
7.560000e-01  000000
7.590000e-01  000000
7.620000e-01  000000
7.650000e-01  000000
7.680000e-01  000000
7.710000e-01  000000
7.740000e-01  000000
7.770000e-01  000000
7.800000e-01  000000
7.830000e-01  000000
7.860000e-01  000000
7.890000e-01  000000
7.920000e-01  000000
7.950000e-01  000000
7.980000e-01  000000
8.010000e-01  000000
8.040000e-01  000000
8.070000e-01  000000
8.100000e-01  000000
8.130000e-01  000000
8.160000e-01  000000
8.190000e-01  000000
8.220000e-01  000000
8.250000e-01  000000
8.280000e-01  000000
8.310000e-01  000000
8.340000e-01  000000
8.370000e-01  000000
8.400000e-01  000000
8.430000e-01  000000
8.460000e-01  000000
8.490000e-01  000000
8.520000e-01  000000
8.550000e-01  000000
8.580000e-01  000000
8.610000e-01  000000
8.640000e-01  000000
8.670000e-01  000000
8.700000e-01  000000
8.730000e-01  000000
8.760000e-01  000000
8.790000e-01  000000
8.820000e-01  000000
8.850000e-01  000000
8.880000e-01  000000
8.910000e-01  000000
8.940000e-01  000000
8.970000e-01  000000
9.000000e-01  000000
9.030000e-01  000000
9.060000e-01  000000
9.090000e-01  000000
9.120000e-01  000000
9.150000e-01  000000
9.180000e-01  000000
9.210000e-01  000000
9.240000e-01  000000
9.270000e-01  000000
9.300000e-01  000000
9.330000e-01  000000
9.360000e-01  000000
9.390000e-01  000000
9.420000e-01  000000
9.450000e-01  000000
9.480000e-01  000000
9.510000e-01  000000
9.540000e-01  000000
9.570000e-01  000000
9.600000e-01  000000
9.630000e-01  000000
9.660000e-01  000000
9.690000e-01  000000
9.720000e-01  000000
9.750000e-01  000000
9.780000e-01  000000
9.810000e-01  000000
9.840000e-01  000000
9.870000e-01  000000
9.900000e-01  000000
9.930000e-01  000000
9.960000e-01  000000
9.990000e-01  000000
