000000  000001
3.000000e-03  7.890914e-01
6.000000e-03  7.021257e-01
9.000000e-03  6.479472e-01
1.200000e-02  6.090847e-01
1.500000e-02  5.790511e-01
1.800000e-02  5.547325e-01
2.100000e-02  5.343991e-01
2.400000e-02  5.169939e-01
2.700000e-02  5.018250e-01
3.000000e-02  4.884160e-01
3.300000e-02  4.764253e-01
3.600000e-02  4.656004e-01
3.900000e-02  4.557491e-01
4.200000e-02  4.467222e-01
4.500000e-02  4.384017e-01
4.800000e-02  4.306926e-01
5.100000e-02  4.235175e-01
5.400000e-02  4.168124e-01
5.700000e-02  4.105238e-01
6.000000e-02  4.046068e-01
6.300000e-02  3.990232e-01
6.600000e-02  3.937400e-01
6.900000e-02  3.887289e-01
7.200000e-02  3.839655e-01
7.500000e-02  3.794282e-01
7.800000e-02  3.750980e-01
8.100000e-02  3.709584e-01
8.400000e-02  3.669944e-01
8.700000e-02  3.631930e-01
9.000000e-02  3.595423e-01
9.300000e-02  3.560318e-01
9.600000e-02  3.526518e-01
9.900000e-02  3.493938e-01
1.020000e-01  3.462499e-01
1.050000e-01  3.432130e-01
1.080000e-01  3.402766e-01
1.110000e-01  3.374348e-01
1.140000e-01  3.346821e-01
1.170000e-01  3.320135e-01
1.200000e-01  3.294244e-01
1.230000e-01  3.269106e-01
1.260000e-01  3.244682e-01
1.290000e-01  3.220935e-01
1.320000e-01  3.197831e-01
1.350000e-01  3.175339e-01
1.380000e-01  3.153430e-01
1.410000e-01  3.132077e-01
1.440000e-01  3.111254e-01
1.470000e-01  3.090937e-01
1.500000e-01  3.071105e-01
1.530000e-01  3.051736e-01
1.560000e-01  3.032810e-01
1.590000e-01  3.014311e-01
1.620000e-01  2.996219e-01
1.650000e-01  2.978519e-01
1.680000e-01  2.961195e-01
1.710000e-01  2.944233e-01
1.740000e-01  2.927619e-01
1.770000e-01  2.911340e-01
1.800000e-01  2.895385e-01
1.830000e-01  2.879740e-01
1.860000e-01  2.864395e-01
1.890000e-01  2.849340e-01
1.920000e-01  2.834564e-01
1.950000e-01  2.820059e-01
1.980000e-01  2.805815e-01
2.010000e-01  2.791823e-01
2.040000e-01  2.778076e-01
2.070000e-01  2.764565e-01
2.100000e-01  2.751283e-01
2.130000e-01  2.738223e-01
2.160000e-01  2.725378e-01
2.190000e-01  2.712742e-01
2.220000e-01  2.700308e-01
2.250000e-01  2.688071e-01
2.280000e-01  2.676024e-01
2.310000e-01  2.664163e-01
2.340000e-01  2.652482e-01
2.370000e-01  2.640975e-01
2.400000e-01  2.629639e-01
2.430000e-01  2.618468e-01
2.460000e-01  2.607458e-01
2.490000e-01  2.596605e-01
2.520000e-01  2.585905e-01
2.550000e-01  2.575353e-01
2.580000e-01  2.564946e-01
2.610000e-01  2.554680e-01
2.640000e-01  2.544552e-01
2.670000e-01  2.534558e-01
2.700000e-01  2.524694e-01
2.730000e-01  2.514959e-01
2.760000e-01  2.505348e-01
2.790000e-01  2.495858e-01
2.820000e-01  2.486488e-01
2.850000e-01  2.477233e-01
2.880000e-01  2.468092e-01
2.910000e-01  2.459061e-01
2.940000e-01  2.450139e-01
2.970000e-01  2.441322e-01
3.000000e-01  2.432609e-01
3.030000e-01  2.423997e-01
3.060000e-01  2.415484e-01
3.090000e-01  2.407067e-01
3.120000e-01  2.398746e-01
3.150000e-01  2.390517e-01
3.180000e-01  2.382379e-01
3.210000e-01  2.374330e-01
3.240000e-01  2.366368e-01
3.270000e-01  2.358492e-01
3.300000e-01  2.350699e-01
3.330000e-01  2.342988e-01
3.360000e-01  2.335358e-01
3.390000e-01  2.327806e-01
3.420000e-01  2.320331e-01
3.450000e-01  2.312932e-01
3.480000e-01  2.305607e-01
3.510000e-01  2.298355e-01
3.540000e-01  2.291175e-01
3.570000e-01  2.284064e-01
3.600000e-01  2.277023e-01
3.630000e-01  2.270049e-01
3.660000e-01  2.263142e-01
3.690000e-01  2.256299e-01
3.720000e-01  2.249521e-01
3.750000e-01  2.242805e-01
3.780000e-01  2.236151e-01
3.810000e-01  2.229558e-01
3.840000e-01  2.223024e-01
3.870000e-01  2.216549e-01
3.900000e-01  2.210131e-01
3.930000e-01  2.203770e-01
3.960000e-01  2.197465e-01
3.990000e-01  2.191214e-01
4.020000e-01  2.185017e-01
4.050000e-01  2.178873e-01
4.080000e-01  2.172781e-01
4.110000e-01  2.166740e-01
4.140000e-01  2.160749e-01
4.170000e-01  2.154808e-01
4.200000e-01  2.148916e-01
4.230000e-01  2.143071e-01
4.260000e-01  2.137274e-01
4.290000e-01  2.131524e-01
4.320000e-01  2.125819e-01
4.350000e-01  2.120159e-01
4.380000e-01  2.114543e-01
4.410000e-01  2.108971e-01
4.440000e-01  2.103443e-01
4.470000e-01  2.097956e-01
4.500000e-01  2.092511e-01
4.530000e-01  2.087108e-01
4.560000e-01  2.081745e-01
4.590000e-01  2.076422e-01
4.620000e-01  2.071138e-01
4.650000e-01  2.065893e-01
4.680000e-01  2.060686e-01
4.710000e-01  2.055517e-01
4.740000e-01  2.050385e-01
4.770000e-01  2.045290e-01
4.800000e-01  2.040231e-01
4.830000e-01  2.035207e-01
4.860000e-01  2.030218e-01
4.890000e-01  2.025265e-01
4.920000e-01  2.020345e-01
4.950000e-01  2.015459e-01
4.980000e-01  2.010606e-01
5.010000e-01  2.005786e-01
5.040000e-01  2.000998e-01
5.070000e-01  1.996243e-01
5.100000e-01  1.991518e-01
5.130000e-01  1.986825e-01
5.160000e-01  1.982163e-01
5.190000e-01  1.977530e-01
5.220000e-01  1.972928e-01
5.250000e-01  1.968355e-01
5.280000e-01  1.963811e-01
5.310000e-01  1.959297e-01
5.340000e-01  1.954810e-01
5.370000e-01  1.950351e-01
5.400000e-01  1.945920e-01
5.430000e-01  1.941517e-01
5.460000e-01  1.937140e-01
5.490000e-01  1.932791e-01
5.520000e-01  1.928467e-01
5.550000e-01  1.924170e-01
5.580000e-01  1.919898e-01
5.610000e-01  1.915651e-01
5.640000e-01  1.911430e-01
5.670000e-01  1.907234e-01
5.700000e-01  1.903061e-01
5.730000e-01  1.898914e-01
5.760000e-01  1.894790e-01
5.790000e-01  1.890689e-01
5.820000e-01  1.886613e-01
5.850000e-01  1.882559e-01
5.880000e-01  1.878528e-01
5.910000e-01  1.874519e-01
5.940000e-01  1.870533e-01
5.970000e-01  1.866569e-01
6.000000e-01  1.862627e-01
6.030000e-01  1.858706e-01
6.060000e-01  1.854806e-01
6.090000e-01  1.850928e-01
6.120000e-01  1.847070e-01
6.150000e-01  1.843233e-01
6.180000e-01  1.839417e-01
6.210000e-01  1.835621e-01
6.240000e-01  1.831844e-01
6.270000e-01  1.828087e-01
6.300000e-01  1.824350e-01
6.330000e-01  1.820632e-01
6.360000e-01  1.816933e-01
6.390000e-01  1.813253e-01
6.420000e-01  1.809592e-01
6.450000e-01  1.805949e-01
6.480000e-01  1.802324e-01
6.510000e-01  1.798718e-01
6.540000e-01  1.795129e-01
6.570000e-01  1.791559e-01
6.600000e-01  1.788005e-01
6.630000e-01  1.784469e-01
6.660000e-01  1.780950e-01
6.690000e-01  1.777449e-01
6.720000e-01  1.773964e-01
6.750000e-01  1.770495e-01
6.780000e-01  1.767043e-01
6.810000e-01  1.763608e-01
6.840000e-01  1.760189e-01
6.870000e-01  1.756785e-01
6.900000e-01  1.753398e-01
6.930000e-01  1.750026e-01
6.960000e-01  1.746669e-01
6.990000e-01  1.743328e-01
7.020000e-01  1.740003e-01
7.050000e-01  1.736692e-01
7.080000e-01  1.733396e-01
7.110000e-01  1.730115e-01
7.140000e-01  1.726849e-01
7.170000e-01  1.723597e-01
7.200000e-01  1.720359e-01
7.230000e-01  1.717136e-01
7.260000e-01  1.713926e-01
7.290000e-01  1.710731e-01
7.320000e-01  1.707550e-01
7.350000e-01  1.704382e-01
7.380000e-01  1.701227e-01
7.410000e-01  1.698086e-01
7.440000e-01  1.694959e-01
7.470000e-01  1.691844e-01
7.500000e-01  1.688743e-01
7.530000e-01  1.685654e-01
7.560000e-01  1.682579e-01
7.590000e-01  1.679516e-01
7.620000e-01  1.676465e-01
7.650000e-01  1.673427e-01
7.680000e-01  1.670402e-01
7.710000e-01  1.667388e-01
7.740000e-01  1.664387e-01
7.770000e-01  1.661398e-01
7.800000e-01  1.658421e-01
7.830000e-01  1.655455e-01
7.860000e-01  1.652501e-01
7.890000e-01  1.649559e-01
7.920000e-01  1.646628e-01
7.950000e-01  1.643709e-01
7.980000e-01  1.640801e-01
8.010000e-01  1.637904e-01
8.040000e-01  1.635018e-01
8.070000e-01  1.632143e-01
8.100000e-01  1.629279e-01
8.130000e-01  1.626426e-01
8.160000e-01  1.623583e-01
8.190000e-01  1.620751e-01
8.220000e-01  1.617930e-01
8.250000e-01  1.615119e-01
8.280000e-01  1.612319e-01
8.310000e-01  1.609528e-01
8.340000e-01  1.606748e-01
8.370000e-01  1.603978e-01
8.400000e-01  1.601218e-01
8.430000e-01  1.598468e-01
8.460000e-01  1.595727e-01
8.490000e-01  1.592996e-01
8.520000e-01  1.590275e-01
8.550000e-01  1.587564e-01
8.580000e-01  1.584862e-01
8.610000e-01  1.582169e-01
8.640000e-01  1.579486e-01
8.670000e-01  1.576812e-01
8.700000e-01  1.574148e-01
8.730000e-01  1.571492e-01
8.760000e-01  1.568845e-01
8.790000e-01  1.566208e-01
8.820000e-01  1.563579e-01
8.850000e-01  1.560959e-01
8.880000e-01  1.558348e-01
8.910000e-01  1.555745e-01
8.940000e-01  1.553151e-01
8.970000e-01  1.550566e-01
9.000000e-01  1.547988e-01
9.030000e-01  1.545420e-01
9.060000e-01  1.542860e-01
9.090000e-01  1.540308e-01
9.120000e-01  1.537764e-01
9.150000e-01  1.535228e-01
9.180000e-01  1.532700e-01
9.210000e-01  1.530181e-01
9.240000e-01  1.527669e-01
9.270000e-01  1.525165e-01
9.300000e-01  1.522669e-01
9.330000e-01  1.520181e-01
9.360000e-01  1.517700e-01
9.390000e-01  1.515227e-01
9.420000e-01  1.512761e-01
9.450000e-01  1.510303e-01
9.480000e-01  1.507853e-01
9.510000e-01  1.505410e-01
9.540000e-01  1.502974e-01
9.570000e-01  1.500545e-01
9.600000e-01  1.498124e-01
9.630000e-01  1.495709e-01
9.660000e-01  1.493302e-01
9.690000e-01  1.490902e-01
9.720000e-01  1.488509e-01
9.750000e-01  1.486123e-01
9.780000e-01  1.483743e-01
9.810000e-01  1.481371e-01
9.840000e-01  1.479005e-01
9.870000e-01  1.476646e-01
9.900000e-01  1.474294e-01
9.930000e-01  1.471948e-01
9.960000e-01  1.469609e-01
9.990000e-01  1.467276e-01
