000000  000001
3.000000e-03  8.136567e-01
6.000000e-03  7.301221e-01
9.000000e-03  6.767925e-01
1.200000e-02  6.380386e-01
1.500000e-02  6.078370e-01
1.800000e-02  5.832357e-01
2.100000e-02  5.625723e-01
2.400000e-02  5.448207e-01
2.700000e-02  5.293041e-01
3.000000e-02  5.155537e-01
3.300000e-02  5.032317e-01
3.600000e-02  4.920871e-01
3.900000e-02  4.819284e-01
4.200000e-02  4.726065e-01
4.500000e-02  4.640029e-01
4.800000e-02  4.560222e-01
5.100000e-02  4.485864e-01
5.400000e-02  4.416308e-01
5.700000e-02  4.351015e-01
6.000000e-02  4.289529e-01
6.300000e-02  4.231462e-01
6.600000e-02  4.176480e-01
6.900000e-02  4.124295e-01
7.200000e-02  4.074657e-01
7.500000e-02  4.027347e-01
7.800000e-02  3.982172e-01
8.100000e-02  3.938961e-01
8.400000e-02  3.897564e-01
8.700000e-02  3.857845e-01
9.000000e-02  3.819683e-01
9.300000e-02  3.782970e-01
9.600000e-02  3.747608e-01
9.900000e-02  3.713508e-01
1.020000e-01  3.680590e-01
1.050000e-01  3.648781e-01
1.080000e-01  3.618013e-01
1.110000e-01  3.588226e-01
1.140000e-01  3.559364e-01
1.170000e-01  3.531375e-01
1.200000e-01  3.504211e-01
1.230000e-01  3.477830e-01
1.260000e-01  3.452190e-01
1.290000e-01  3.427254e-01
1.320000e-01  3.402987e-01
1.350000e-01  3.379357e-01
1.380000e-01  3.356333e-01
1.410000e-01  3.333887e-01
1.440000e-01  3.311994e-01
1.470000e-01  3.290628e-01
1.500000e-01  3.269767e-01
1.530000e-01  3.249389e-01
1.560000e-01  3.229473e-01
1.590000e-01  3.210000e-01
1.620000e-01  3.190954e-01
1.650000e-01  3.172316e-01
1.680000e-01  3.154070e-01
1.710000e-01  3.136203e-01
1.740000e-01  3.118699e-01
1.770000e-01  3.101544e-01
1.800000e-01  3.084727e-01
1.830000e-01  3.068235e-01
1.860000e-01  3.052056e-01
1.890000e-01  3.036180e-01
1.920000e-01  3.020597e-01
1.950000e-01  3.005295e-01
1.980000e-01  2.990267e-01
2.010000e-01  2.975503e-01
2.040000e-01  2.960994e-01
2.070000e-01  2.946733e-01
2.100000e-01  2.932712e-01
2.130000e-01  2.918922e-01
2.160000e-01  2.905358e-01
2.190000e-01  2.892013e-01
2.220000e-01  2.878879e-01
2.250000e-01  2.865951e-01
2.280000e-01  2.853223e-01
2.310000e-01  2.840689e-01
2.340000e-01  2.828343e-01
2.370000e-01  2.816181e-01
2.400000e-01  2.804197e-01
2.430000e-01  2.792387e-01
2.460000e-01  2.780745e-01
2.490000e-01  2.769267e-01
2.520000e-01  2.757950e-01
2.550000e-01  2.746789e-01
2.580000e-01  2.735779e-01
2.610000e-01  2.724917e-01
2.640000e-01  2.714200e-01
2.670000e-01  2.703624e-01
2.700000e-01  2.693185e-01
2.730000e-01  2.682879e-01
2.760000e-01  2.672705e-01
2.790000e-01  2.662658e-01
2.820000e-01  2.652736e-01
2.850000e-01  2.642936e-01
2.880000e-01  2.633254e-01
2.910000e-01  2.623689e-01
2.940000e-01  2.614238e-01
2.970000e-01  2.604897e-01
3.000000e-01  2.595666e-01
3.030000e-01  2.586540e-01
3.060000e-01  2.577519e-01
3.090000e-01  2.568599e-01
3.120000e-01  2.559779e-01
3.150000e-01  2.551057e-01
3.180000e-01  2.542430e-01
3.210000e-01  2.533896e-01
3.240000e-01  2.525454e-01
3.270000e-01  2.517101e-01
3.300000e-01  2.508837e-01
3.330000e-01  2.500659e-01
3.360000e-01  2.492565e-01
3.390000e-01  2.484554e-01
3.420000e-01  2.476624e-01
3.450000e-01  2.468774e-01
3.480000e-01  2.461001e-01
3.510000e-01  2.453306e-01
3.540000e-01  2.445686e-01
3.570000e-01  2.438139e-01
3.600000e-01  2.430665e-01
3.630000e-01  2.423262e-01
3.660000e-01  2.415929e-01
3.690000e-01  2.408664e-01
3.720000e-01  2.401467e-01
3.750000e-01  2.394335e-01
3.780000e-01  2.387269e-01
3.810000e-01  2.380267e-01
3.840000e-01  2.373327e-01
3.870000e-01  2.366449e-01
3.900000e-01  2.359632e-01
3.930000e-01  2.352873e-01
3.960000e-01  2.346174e-01
3.990000e-01  2.339532e-01
4.020000e-01  2.332947e-01
4.050000e-01  2.326418e-01
4.080000e-01  2.319943e-01
4.110000e-01  2.313522e-01
4.140000e-01  2.307154e-01
4.170000e-01  2.300839e-01
4.200000e-01  2.294575e-01
4.230000e-01  2.288361e-01
4.260000e-01  2.282197e-01
4.290000e-01  2.276082e-01
4.320000e-01  2.270015e-01
4.350000e-01  2.263995e-01
4.380000e-01  2.258023e-01
4.410000e-01  2.252096e-01
4.440000e-01  2.246215e-01
4.470000e-01  2.240379e-01
4.500000e-01  2.234586e-01
4.530000e-01  2.228837e-01
4.560000e-01  2.223130e-01
4.590000e-01  2.217466e-01
4.620000e-01  2.211843e-01
4.650000e-01  2.206261e-01
4.680000e-01  2.200719e-01
4.710000e-01  2.195217e-01
4.740000e-01  2.189754e-01
4.770000e-01  2.184330e-01
4.800000e-01  2.178944e-01
4.830000e-01  2.173595e-01
4.860000e-01  2.168283e-01
4.890000e-01  2.163008e-01
4.920000e-01  2.157769e-01
4.950000e-01  2.152566e-01
4.980000e-01  2.147397e-01
5.010000e-01  2.142263e-01
5.040000e-01  2.137163e-01
5.070000e-01  2.132097e-01
5.100000e-01  2.127064e-01
5.130000e-01  2.122064e-01
5.160000e-01  2.117096e-01
5.190000e-01  2.112160e-01
5.220000e-01  2.107256e-01
5.250000e-01  2.102383e-01
5.280000e-01  2.097540e-01
5.310000e-01  2.092728e-01
5.340000e-01  2.087946e-01
5.370000e-01  2.083193e-01
5.400000e-01  2.078470e-01
5.430000e-01  2.073775e-01
5.460000e-01  2.069109e-01
5.490000e-01  2.064471e-01
5.520000e-01  2.059861e-01
5.550000e-01  2.055278e-01
5.580000e-01  2.050723e-01
5.610000e-01  2.046194e-01
5.640000e-01  2.041691e-01
5.670000e-01  2.037215e-01
5.700000e-01  2.032765e-01
5.730000e-01  2.028340e-01
5.760000e-01  2.023940e-01
5.790000e-01  2.019566e-01
5.820000e-01  2.015216e-01
5.850000e-01  2.010890e-01
5.880000e-01  2.006589e-01
5.910000e-01  2.002311e-01
5.940000e-01  1.998057e-01
5.970000e-01  1.993826e-01
6.000000e-01  1.989618e-01
6.030000e-01  1.985433e-01
6.060000e-01  1.981270e-01
6.090000e-01  1.977130e-01
6.120000e-01  1.973011e-01
6.150000e-01  1.968915e-01
6.180000e-01  1.964839e-01
6.210000e-01  1.960786e-01
6.240000e-01  1.956753e-01
6.270000e-01  1.952741e-01
6.300000e-01  1.948749e-01
6.330000e-01  1.944778e-01
6.360000e-01  1.940827e-01
6.390000e-01  1.936896e-01
6.420000e-01  1.932985e-01
6.450000e-01  1.929093e-01
6.480000e-01  1.925220e-01
6.510000e-01  1.921367e-01
6.540000e-01  1.917532e-01
6.570000e-01  1.913717e-01
6.600000e-01  1.909919e-01
6.630000e-01  1.906140e-01
6.660000e-01  1.902379e-01
6.690000e-01  1.898637e-01
6.720000e-01  1.894911e-01
6.750000e-01  1.891204e-01
6.780000e-01  1.887514e-01
6.810000e-01  1.883841e-01
6.840000e-01  1.880185e-01
6.870000e-01  1.876546e-01
6.900000e-01  1.872923e-01
6.930000e-01  1.869317e-01
6.960000e-01  1.865728e-01
6.990000e-01  1.862155e-01
7.020000e-01  1.858598e-01
7.050000e-01  1.855056e-01
7.080000e-01  1.851531e-01
7.110000e-01  1.848021e-01
7.140000e-01  1.844526e-01
7.170000e-01  1.841047e-01
7.200000e-01  1.837583e-01
7.230000e-01  1.834134e-01
7.260000e-01  1.830700e-01
7.290000e-01  1.827280e-01
7.320000e-01  1.823875e-01
7.350000e-01  1.820485e-01
7.380000e-01  1.817109e-01
7.410000e-01  1.813747e-01
7.440000e-01  1.810399e-01
7.470000e-01  1.807064e-01
7.500000e-01  1.803744e-01
7.530000e-01  1.800437e-01
7.560000e-01  1.797144e-01
7.590000e-01  1.793864e-01
7.620000e-01  1.790598e-01
7.650000e-01  1.787344e-01
7.680000e-01  1.784104e-01
7.710000e-01  1.780876e-01
7.740000e-01  1.777662e-01
7.770000e-01  1.774460e-01
7.800000e-01  1.771270e-01
7.830000e-01  1.768093e-01
7.860000e-01  1.764928e-01
7.890000e-01  1.761776e-01
7.920000e-01  1.758636e-01
7.950000e-01  1.755507e-01
7.980000e-01  1.752391e-01
8.010000e-01  1.749286e-01
8.040000e-01  1.746193e-01
8.070000e-01  1.743112e-01
8.100000e-01  1.740042e-01
8.130000e-01  1.736983e-01
8.160000e-01  1.733936e-01
8.190000e-01  1.730900e-01
8.220000e-01  1.727875e-01
8.250000e-01  1.724861e-01
8.280000e-01  1.721858e-01
8.310000e-01  1.718866e-01
8.340000e-01  1.715884e-01
8.370000e-01  1.712913e-01
8.400000e-01  1.709953e-01
8.430000e-01  1.707003e-01
8.460000e-01  1.704063e-01
8.490000e-01  1.701134e-01
8.520000e-01  1.698215e-01
8.550000e-01  1.695305e-01
8.580000e-01  1.692406e-01
8.610000e-01  1.689517e-01
8.640000e-01  1.686638e-01
8.670000e-01  1.683768e-01
8.700000e-01  1.680908e-01
8.730000e-01  1.678058e-01
8.760000e-01  1.675217e-01
8.790000e-01  1.672386e-01
8.820000e-01  1.669564e-01
8.850000e-01  1.666751e-01
8.880000e-01  1.663947e-01
8.910000e-01  1.661153e-01
8.940000e-01  1.658367e-01
8.970000e-01  1.655591e-01
9.000000e-01  1.652823e-01
9.030000e-01  1.650065e-01
9.060000e-01  1.647315e-01
9.090000e-01  1.644573e-01
9.120000e-01  1.641841e-01
9.150000e-01  1.639117e-01
9.180000e-01  1.636401e-01
9.210000e-01  1.633694e-01
9.240000e-01  1.630995e-01
9.270000e-01  1.628304e-01
9.300000e-01  1.625622e-01
9.330000e-01  1.622948e-01
9.360000e-01  1.620281e-01
9.390000e-01  1.617623e-01
9.420000e-01  1.614973e-01
9.450000e-01  1.612331e-01
9.480000e-01  1.609696e-01
9.510000e-01  1.607069e-01
9.540000e-01  1.604450e-01
9.570000e-01  1.601839e-01
9.600000e-01  1.599235e-01
9.630000e-01  1.596639e-01
9.660000e-01  1.594050e-01
9.690000e-01  1.591468e-01
9.720000e-01  1.588894e-01
9.750000e-01  1.586327e-01
9.780000e-01  1.583767e-01
9.810000e-01  1.581215e-01
9.840000e-01  1.578669e-01
9.870000e-01  1.576131e-01
9.900000e-01  1.573600e-01
9.930000e-01  1.571075e-01
9.960000e-01  1.568558e-01
9.990000e-01  1.566047e-01
