000000  000001
3.000000e-03  6.355559e-01
6.000000e-03  5.423941e-01
9.000000e-03  4.897502e-01
1.200000e-02  4.537653e-01
1.500000e-02  4.267643e-01
1.800000e-02  4.053355e-01
2.100000e-02  3.876767e-01
2.400000e-02  3.727254e-01
2.700000e-02  3.598050e-01
3.000000e-02  3.484597e-01
3.300000e-02  3.383686e-01
3.600000e-02  3.292977e-01
3.900000e-02  3.210714e-01
4.200000e-02  3.135548e-01
4.500000e-02  3.066422e-01
4.800000e-02  3.002492e-01
5.100000e-02  2.943075e-01
5.400000e-02  2.887612e-01
5.700000e-02  2.835637e-01
6.000000e-02  2.786760e-01
6.300000e-02  2.740654e-01
6.600000e-02  2.697035e-01
6.900000e-02  2.655663e-01
7.200000e-02  2.616328e-01
7.500000e-02  2.578849e-01
7.800000e-02  2.543065e-01
8.100000e-02  2.508837e-01
8.400000e-02  2.476039e-01
8.700000e-02  2.444563e-01
9.000000e-02  2.414308e-01
9.300000e-02  2.385188e-01
9.600000e-02  2.357122e-01
9.900000e-02  2.330038e-01
1.020000e-01  2.303873e-01
1.050000e-01  2.278567e-01
1.080000e-01  2.254067e-01
1.110000e-01  2.230323e-01
1.140000e-01  2.207292e-01
1.170000e-01  2.184931e-01
1.200000e-01  2.163203e-01
1.230000e-01  2.142074e-01
1.260000e-01  2.121510e-01
1.290000e-01  2.101484e-01
1.320000e-01  2.081966e-01
1.350000e-01  2.062931e-01
1.380000e-01  2.044356e-01
1.410000e-01  2.026219e-01
1.440000e-01  2.008498e-01
1.470000e-01  1.991174e-01
1.500000e-01  1.974229e-01
1.530000e-01  1.957647e-01
1.560000e-01  1.941411e-01
1.590000e-01  1.925507e-01
1.620000e-01  1.909919e-01
1.650000e-01  1.894636e-01
1.680000e-01  1.879644e-01
1.710000e-01  1.864932e-01
1.740000e-01  1.850489e-01
1.770000e-01  1.836304e-01
1.800000e-01  1.822367e-01
1.830000e-01  1.808668e-01
1.860000e-01  1.795199e-01
1.890000e-01  1.781951e-01
1.920000e-01  1.768916e-01
1.950000e-01  1.756086e-01
1.980000e-01  1.743454e-01
2.010000e-01  1.731012e-01
2.040000e-01  1.718755e-01
2.070000e-01  1.706676e-01
2.100000e-01  1.694768e-01
2.130000e-01  1.683026e-01
2.160000e-01  1.671444e-01
2.190000e-01  1.660017e-01
2.220000e-01  1.648739e-01
2.250000e-01  1.637607e-01
2.280000e-01  1.626614e-01
2.310000e-01  1.615757e-01
2.340000e-01  1.605032e-01
2.370000e-01  1.594433e-01
2.400000e-01  1.583957e-01
2.430000e-01  1.573600e-01
2.460000e-01  1.563358e-01
2.490000e-01  1.553228e-01
2.520000e-01  1.543206e-01
2.550000e-01  1.533289e-01
2.580000e-01  1.523473e-01
2.610000e-01  1.513755e-01
2.640000e-01  1.504133e-01
2.670000e-01  1.494603e-01
2.700000e-01  1.485162e-01
2.730000e-01  1.475808e-01
2.760000e-01  1.466538e-01
2.790000e-01  1.457349e-01
2.820000e-01  1.448238e-01
2.850000e-01  1.439204e-01
2.880000e-01  1.430244e-01
2.910000e-01  1.421354e-01
2.940000e-01  1.412534e-01
2.970000e-01  1.403781e-01
3.000000e-01  1.395092e-01
3.030000e-01  1.386465e-01
3.060000e-01  1.377898e-01
3.090000e-01  1.369390e-01
3.120000e-01  1.360938e-01
3.150000e-01  1.352539e-01
3.180000e-01  1.344193e-01
3.210000e-01  1.335897e-01
3.240000e-01  1.327649e-01
3.270000e-01  1.319447e-01
3.300000e-01  1.311290e-01
3.330000e-01  1.303175e-01
3.360000e-01  1.295100e-01
3.390000e-01  1.287065e-01
3.420000e-01  1.279066e-01
3.450000e-01  1.271103e-01
3.480000e-01  1.263173e-01
3.510000e-01  1.255274e-01
3.540000e-01  1.247406e-01
3.570000e-01  1.239565e-01
3.600000e-01  1.231750e-01
3.630000e-01  1.223959e-01
3.660000e-01  1.216191e-01
3.690000e-01  1.208443e-01
3.720000e-01  1.200714e-01
3.750000e-01  1.193002e-01
3.780000e-01  1.185304e-01
3.810000e-01  1.177620e-01
3.840000e-01  1.169945e-01
3.870000e-01  1.162280e-01
3.900000e-01  1.154621e-01
3.930000e-01  1.146967e-01
3.960000e-01  000000
3.990000e-01  000000
4.020000e-01  000000
4.050000e-01  000000
4.080000e-01  000000
4.110000e-01  000000
4.140000e-01  000000
4.170000e-01  000000
4.200000e-01  000000
4.230000e-01  000000
4.260000e-01  000000
4.290000e-01  000000
4.320000e-01  000000
4.350000e-01  000000
4.380000e-01  000000
4.410000e-01  000000
4.440000e-01  000000
4.470000e-01  000000
4.500000e-01  000000
4.530000e-01  000000
4.560000e-01  000000
4.590000e-01  000000
4.620000e-01  000000
4.650000e-01  000000
4.680000e-01  000000
4.710000e-01  000000
4.740000e-01  000000
4.770000e-01  000000
4.800000e-01  000000
4.830000e-01  000000
4.860000e-01  000000
4.890000e-01  000000
4.920000e-01  000000
4.950000e-01  000000
4.980000e-01  000000
5.010000e-01  000000
5.040000e-01  000000
5.070000e-01  000000
5.100000e-01  000000
5.130000e-01  000000
5.160000e-01  000000
5.190000e-01  000000
5.220000e-01  000000
5.250000e-01  000000
5.280000e-01  000000
5.310000e-01  000000
5.340000e-01  000000
5.370000e-01  000000
5.400000e-01  000000
5.430000e-01  000000
5.460000e-01  000000
5.490000e-01  000000
5.520000e-01  000000
5.550000e-01  000000
5.580000e-01  000000
5.610000e-01  000000
5.640000e-01  000000
5.670000e-01  000000
5.700000e-01  000000
5.730000e-01  000000
5.760000e-01  000000
5.790000e-01  000000
5.820000e-01  000000
5.850000e-01  000000
5.880000e-01  000000
5.910000e-01  000000
5.940000e-01  000000
5.970000e-01  000000
6.000000e-01  000000
6.030000e-01  000000
6.060000e-01  000000
6.090000e-01  000000
6.120000e-01  000000
6.150000e-01  000000
6.180000e-01  000000
6.210000e-01  000000
6.240000e-01  000000
6.270000e-01  000000
6.300000e-01  000000
6.330000e-01  000000
6.360000e-01  000000
6.390000e-01  000000
6.420000e-01  000000
6.450000e-01  000000
6.480000e-01  000000
6.510000e-01  000000
6.540000e-01  000000
6.570000e-01  000000
6.600000e-01  000000
6.630000e-01  000000
6.660000e-01  000000
6.690000e-01  000000
6.720000e-01  000000
6.750000e-01  000000
6.780000e-01  000000
6.810000e-01  000000
6.840000e-01  000000
6.870000e-01  000000
6.900000e-01  000000
6.930000e-01  000000
6.960000e-01  000000
6.990000e-01  000000
7.020000e-01  000000
7.050000e-01  000000
7.080000e-01  000000
7.110000e-01  000000
7.140000e-01  000000
7.170000e-01  000000
7.200000e-01  000000
7.230000e-01  000000
7.260000e-01  000000
7.290000e-01  000000
7.320000e-01  000000
7.350000e-01  000000
7.380000e-01  000000
7.410000e-01  000000
7.440000e-01  000000
7.470000e-01  000000
7.500000e-01  000000
7.530000e-01  000000
7.560000e-01  000000
7.590000e-01  000000
7.620000e-01  000000
7.650000e-01  000000
7.680000e-01  000000
7.710000e-01  000000
7.740000e-01  000000
7.770000e-01  000000
7.800000e-01  000000
7.830000e-01  000000
7.860000e-01  000000
7.890000e-01  000000
7.920000e-01  000000
7.950000e-01  000000
7.980000e-01  000000
8.010000e-01  000000
8.040000e-01  000000
8.070000e-01  000000
8.100000e-01  000000
8.130000e-01  000000
8.160000e-01  000000
8.190000e-01  000000
8.220000e-01  000000
8.250000e-01  000000
8.280000e-01  000000
8.310000e-01  000000
8.340000e-01  000000
8.370000e-01  000000
8.400000e-01  000000
8.430000e-01  000000
8.460000e-01  000000
8.490000e-01  000000
8.520000e-01  000000
8.550000e-01  000000
8.580000e-01  000000
8.610000e-01  000000
8.640000e-01  000000
8.670000e-01  000000
8.700000e-01  000000
8.730000e-01  000000
8.760000e-01  000000
8.790000e-01  000000
8.820000e-01  000000
8.850000e-01  000000
8.880000e-01  000000
8.910000e-01  000000
8.940000e-01  000000
8.970000e-01  000000
9.000000e-01  000000
9.030000e-01  000000
9.060000e-01  000000
9.090000e-01  000000
9.120000e-01  000000
9.150000e-01  000000
9.180000e-01  000000
9.210000e-01  000000
9.240000e-01  000000
9.270000e-01  000000
9.300000e-01  000000
9.330000e-01  000000
9.360000e-01  000000
9.390000e-01  000000
9.420000e-01  000000
9.450000e-01  000000
9.480000e-01  000000
9.510000e-01  000000
9.540000e-01  000000
9.570000e-01  000000
9.600000e-01  000000
9.630000e-01  000000
9.660000e-01  000000
9.690000e-01  000000
9.720000e-01  000000
9.750000e-01  000000
9.780000e-01  000000
9.810000e-01  000000
9.840000e-01  000000
9.870000e-01  000000
9.900000e-01  000000
9.930000e-01  000000
9.960000e-01  000000
9.990000e-01  000000
