000000  000001
3.000000e-03  7.474077e-01
6.000000e-03  6.563840e-01
9.000000e-03  6.015483e-01
1.200000e-02  5.628754e-01
1.500000e-02  5.333004e-01
1.800000e-02  5.095250e-01
2.100000e-02  4.897502e-01
2.400000e-02  4.728908e-01
2.700000e-02  4.582437e-01
3.000000e-02  4.453284e-01
3.300000e-02  4.338030e-01
3.600000e-02  4.234155e-01
3.900000e-02  4.139754e-01
4.200000e-02  4.053355e-01
4.500000e-02  3.973795e-01
4.800000e-02  3.900141e-01
5.100000e-02  3.831636e-01
5.400000e-02  3.767655e-01
5.700000e-02  3.707678e-01
6.000000e-02  3.651266e-01
6.300000e-02  3.598050e-01
6.600000e-02  3.547710e-01
6.900000e-02  3.499973e-01
7.200000e-02  3.454601e-01
7.500000e-02  3.411387e-01
7.800000e-02  3.370149e-01
8.100000e-02  3.330727e-01
8.400000e-02  3.292977e-01
8.700000e-02  3.256774e-01
9.000000e-02  3.222003e-01
9.300000e-02  3.188565e-01
9.600000e-02  3.156366e-01
9.900000e-02  3.125325e-01
1.020000e-01  3.095366e-01
1.050000e-01  3.066422e-01
1.080000e-01  3.038430e-01
1.110000e-01  3.011334e-01
1.140000e-01  2.985082e-01
1.170000e-01  2.959625e-01
1.200000e-01  2.934921e-01
1.230000e-01  2.910929e-01
1.260000e-01  2.887612e-01
1.290000e-01  2.864934e-01
1.320000e-01  2.842863e-01
1.350000e-01  2.821371e-01
1.380000e-01  2.800429e-01
1.410000e-01  2.780011e-01
1.440000e-01  2.760094e-01
1.470000e-01  2.740654e-01
1.500000e-01  2.721670e-01
1.530000e-01  2.703124e-01
1.560000e-01  2.684995e-01
1.590000e-01  2.667267e-01
1.620000e-01  2.649924e-01
1.650000e-01  2.632949e-01
1.680000e-01  2.616328e-01
1.710000e-01  2.600048e-01
1.740000e-01  2.584096e-01
1.770000e-01  2.568459e-01
1.800000e-01  2.553125e-01
1.830000e-01  2.538083e-01
1.860000e-01  2.523324e-01
1.890000e-01  2.508837e-01
1.920000e-01  2.494612e-01
1.950000e-01  2.480642e-01
1.980000e-01  2.466916e-01
2.010000e-01  2.453427e-01
2.040000e-01  2.440168e-01
2.070000e-01  2.427131e-01
2.100000e-01  2.414308e-01
2.130000e-01  2.401694e-01
2.160000e-01  2.389282e-01
2.190000e-01  2.377064e-01
2.220000e-01  2.365037e-01
2.250000e-01  2.353194e-01
2.280000e-01  2.341529e-01
2.310000e-01  2.330038e-01
2.340000e-01  2.318716e-01
2.370000e-01  2.307557e-01
2.400000e-01  2.296558e-01
2.430000e-01  2.285713e-01
2.460000e-01  2.275019e-01
2.490000e-01  2.264472e-01
2.520000e-01  2.254067e-01
2.550000e-01  2.243801e-01
2.580000e-01  2.233671e-01
2.610000e-01  2.223672e-01
2.640000e-01  2.213802e-01
2.670000e-01  2.204057e-01
2.700000e-01  2.194434e-01
2.730000e-01  2.184931e-01
2.760000e-01  2.175543e-01
2.790000e-01  2.166270e-01
2.820000e-01  2.157106e-01
2.850000e-01  2.148051e-01
2.880000e-01  2.139102e-01
2.910000e-01  2.130256e-01
2.940000e-01  2.121510e-01
2.970000e-01  2.112863e-01
3.000000e-01  2.104313e-01
3.030000e-01  2.095856e-01
3.060000e-01  2.087492e-01
3.090000e-01  2.079218e-01
3.120000e-01  2.071031e-01
3.150000e-01  2.062931e-01
3.180000e-01  2.054916e-01
3.210000e-01  2.046983e-01
3.240000e-01  2.039130e-01
3.270000e-01  2.031357e-01
3.300000e-01  2.023662e-01
3.330000e-01  2.016042e-01
3.360000e-01  2.008498e-01
3.390000e-01  2.001025e-01
3.420000e-01  1.993625e-01
3.450000e-01  1.986295e-01
3.480000e-01  1.979033e-01
3.510000e-01  1.971839e-01
3.540000e-01  1.964710e-01
3.570000e-01  1.957647e-01
3.600000e-01  1.950647e-01
3.630000e-01  1.943710e-01
3.660000e-01  1.936834e-01
3.690000e-01  1.930018e-01
3.720000e-01  1.923261e-01
3.750000e-01  1.916562e-01
3.780000e-01  1.909919e-01
3.810000e-01  1.903333e-01
3.840000e-01  1.896801e-01
3.870000e-01  1.890324e-01
3.900000e-01  1.883899e-01
3.930000e-01  1.877526e-01
3.960000e-01  1.871204e-01
3.990000e-01  1.864932e-01
4.020000e-01  1.858710e-01
4.050000e-01  1.852537e-01
4.080000e-01  1.846410e-01
4.110000e-01  1.840331e-01
4.140000e-01  1.834298e-01
4.170000e-01  1.828310e-01
4.200000e-01  1.822367e-01
4.230000e-01  1.816467e-01
4.260000e-01  1.810611e-01
4.290000e-01  1.804797e-01
4.320000e-01  1.799024e-01
4.350000e-01  1.793293e-01
4.380000e-01  1.787602e-01
4.410000e-01  1.781951e-01
4.440000e-01  1.776339e-01
4.470000e-01  1.770765e-01
4.500000e-01  1.765229e-01
4.530000e-01  1.759731e-01
4.560000e-01  1.754269e-01
4.590000e-01  1.748844e-01
4.620000e-01  1.743454e-01
4.650000e-01  1.738099e-01
4.680000e-01  1.732778e-01
4.710000e-01  1.727492e-01
4.740000e-01  1.722239e-01
4.770000e-01  1.717019e-01
4.800000e-01  1.711831e-01
4.830000e-01  1.706676e-01
4.860000e-01  1.701552e-01
4.890000e-01  1.696459e-01
4.920000e-01  1.691396e-01
4.950000e-01  1.686364e-01
4.980000e-01  1.681362e-01
5.010000e-01  1.676388e-01
5.040000e-01  1.671444e-01
5.070000e-01  1.666528e-01
5.100000e-01  1.661640e-01
5.130000e-01  1.656780e-01
5.160000e-01  1.651947e-01
5.190000e-01  1.647140e-01
5.220000e-01  1.642361e-01
5.250000e-01  1.637607e-01
5.280000e-01  1.632879e-01
5.310000e-01  1.628176e-01
5.340000e-01  1.623499e-01
5.370000e-01  1.618846e-01
5.400000e-01  1.614217e-01
5.430000e-01  1.609613e-01
5.460000e-01  1.605032e-01
5.490000e-01  1.600474e-01
5.520000e-01  1.595939e-01
5.550000e-01  1.591427e-01
5.580000e-01  1.586937e-01
5.610000e-01  1.582470e-01
5.640000e-01  1.578024e-01
5.670000e-01  1.573600e-01
5.700000e-01  1.569196e-01
5.730000e-01  1.564814e-01
5.760000e-01  1.560452e-01
5.790000e-01  1.556111e-01
5.820000e-01  1.551790e-01
5.850000e-01  1.547488e-01
5.880000e-01  1.543206e-01
5.910000e-01  1.538943e-01
5.940000e-01  1.534699e-01
5.970000e-01  1.530474e-01
6.000000e-01  1.526267e-01
6.030000e-01  1.522078e-01
6.060000e-01  1.517908e-01
6.090000e-01  1.513755e-01
6.120000e-01  1.509620e-01
6.150000e-01  1.505502e-01
6.180000e-01  1.501401e-01
6.210000e-01  1.497316e-01
6.240000e-01  1.493249e-01
6.270000e-01  1.489197e-01
6.300000e-01  1.485162e-01
6.330000e-01  1.481143e-01
6.360000e-01  1.477139e-01
6.390000e-01  1.473151e-01
6.420000e-01  1.469178e-01
6.450000e-01  1.465220e-01
6.480000e-01  1.461277e-01
6.510000e-01  1.457349e-01
6.540000e-01  1.453435e-01
6.570000e-01  1.449535e-01
6.600000e-01  1.445650e-01
6.630000e-01  1.441778e-01
6.660000e-01  1.437920e-01
6.690000e-01  1.434075e-01
6.720000e-01  1.430244e-01
6.750000e-01  1.426425e-01
6.780000e-01  1.422620e-01
6.810000e-01  1.418827e-01
6.840000e-01  1.415047e-01
6.870000e-01  1.411280e-01
6.900000e-01  1.407524e-01
6.930000e-01  1.403781e-01
6.960000e-01  1.400049e-01
6.990000e-01  1.396329e-01
7.020000e-01  1.392621e-01
7.050000e-01  1.388923e-01
7.080000e-01  1.385237e-01
7.110000e-01  1.381563e-01
7.140000e-01  1.377898e-01
7.170000e-01  1.374245e-01
7.200000e-01  1.370602e-01
7.230000e-01  1.366969e-01
7.260000e-01  1.363347e-01
7.290000e-01  1.359735e-01
7.320000e-01  1.356132e-01
7.350000e-01  1.352539e-01
7.380000e-01  1.348956e-01
7.410000e-01  1.345382e-01
7.440000e-01  1.341818e-01
7.470000e-01  1.338262e-01
7.500000e-01  1.334716e-01
7.530000e-01  1.331178e-01
7.560000e-01  1.327649e-01
7.590000e-01  1.324128e-01
7.620000e-01  1.320616e-01
7.650000e-01  1.317112e-01
7.680000e-01  1.313616e-01
7.710000e-01  1.310128e-01
7.740000e-01  1.306647e-01
7.770000e-01  1.303175e-01
7.800000e-01  1.299709e-01
7.830000e-01  1.296251e-01
7.860000e-01  1.292801e-01
7.890000e-01  1.289357e-01
7.920000e-01  1.285920e-01
7.950000e-01  1.282490e-01
7.980000e-01  1.279066e-01
8.010000e-01  1.275649e-01
8.040000e-01  1.272239e-01
8.070000e-01  1.268834e-01
8.100000e-01  1.265435e-01
8.130000e-01  1.262043e-01
8.160000e-01  1.258656e-01
8.190000e-01  1.255274e-01
8.220000e-01  1.251899e-01
8.250000e-01  1.248528e-01
8.280000e-01  1.245163e-01
8.310000e-01  1.241802e-01
8.340000e-01  1.238447e-01
8.370000e-01  1.235096e-01
8.400000e-01  1.231750e-01
8.430000e-01  1.228408e-01
8.460000e-01  1.225071e-01
8.490000e-01  1.221738e-01
8.520000e-01  1.218408e-01
8.550000e-01  1.215083e-01
8.580000e-01  1.211761e-01
8.610000e-01  1.208443e-01
8.640000e-01  1.205129e-01
8.670000e-01  1.201817e-01
8.700000e-01  1.198509e-01
8.730000e-01  1.195204e-01
8.760000e-01  1.191901e-01
8.790000e-01  1.188602e-01
8.820000e-01  1.185304e-01
8.850000e-01  1.182009e-01
8.880000e-01  1.178717e-01
8.910000e-01  1.175426e-01
8.940000e-01  1.172137e-01
8.970000e-01  1.168850e-01
9.000000e-01  1.165564e-01
9.030000e-01  1.162280e-01
9.060000e-01  1.158997e-01
9.090000e-01  1.155715e-01
9.120000e-01  1.152434e-01
9.150000e-01  1.149154e-01
9.180000e-01  1.145874e-01
9.210000e-01  1.142594e-01
9.240000e-01  000000
9.270000e-01  000000
9.300000e-01  000000
9.330000e-01  000000
9.360000e-01  000000
9.390000e-01  000000
9.420000e-01  000000
9.450000e-01  000000
9.480000e-01  000000
9.510000e-01  000000
9.540000e-01  000000
9.570000e-01  000000
9.600000e-01  000000
9.630000e-01  000000
9.660000e-01  000000
9.690000e-01  000000
9.720000e-01  000000
9.750000e-01  000000
9.780000e-01  000000
9.810000e-01  000000
9.840000e-01  000000
9.870000e-01  000000
9.900000e-01  000000
9.930000e-01  000000
9.960000e-01  000000
9.990000e-01  000000
