000000  000001
3.000000e-03  6.705581e-01
6.000000e-03  5.769835e-01
9.000000e-03  5.232169e-01
1.200000e-02  4.861718e-01
1.500000e-02  4.582437e-01
1.800000e-02  4.360100e-01
2.100000e-02  4.176480e-01
2.400000e-02  4.020767e-01
2.700000e-02  3.886050e-01
3.000000e-02  3.767655e-01
3.300000e-02  3.662282e-01
3.600000e-02  3.567519e-01
3.900000e-02  3.481552e-01
4.200000e-02  3.402987e-01
4.500000e-02  3.330727e-01
4.800000e-02  3.263896e-01
5.100000e-02  3.201787e-01
5.400000e-02  3.143815e-01
5.700000e-02  3.089498e-01
6.000000e-02  3.038430e-01
6.300000e-02  2.990267e-01
6.600000e-02  2.944715e-01
6.900000e-02  2.901523e-01
7.200000e-02  2.860472e-01
7.500000e-02  2.821371e-01
7.800000e-02  2.784054e-01
8.100000e-02  2.748374e-01
8.400000e-02  2.714200e-01
8.700000e-02  2.681418e-01
9.000000e-02  2.649924e-01
9.300000e-02  2.619625e-01
9.600000e-02  2.590438e-01
9.900000e-02  2.562289e-01
1.020000e-01  2.535109e-01
1.050000e-01  2.508837e-01
1.080000e-01  2.483416e-01
1.110000e-01  2.458795e-01
1.140000e-01  2.434927e-01
1.170000e-01  2.411769e-01
1.200000e-01  2.389282e-01
1.230000e-01  2.367428e-01
1.260000e-01  2.346174e-01
1.290000e-01  2.325489e-01
1.320000e-01  2.305345e-01
1.350000e-01  2.285713e-01
1.380000e-01  2.266570e-01
1.410000e-01  2.247891e-01
1.440000e-01  2.229656e-01
1.470000e-01  2.211843e-01
1.500000e-01  2.194434e-01
1.530000e-01  2.177412e-01
1.560000e-01  2.160759e-01
1.590000e-01  2.144459e-01
1.620000e-01  2.128499e-01
1.650000e-01  2.112863e-01
1.680000e-01  2.097540e-01
1.710000e-01  2.082517e-01
1.740000e-01  2.067781e-01
1.770000e-01  2.053323e-01
1.800000e-01  2.039130e-01
1.830000e-01  2.025195e-01
1.860000e-01  2.011507e-01
1.890000e-01  1.998057e-01
1.920000e-01  1.984837e-01
1.950000e-01  1.971839e-01
1.980000e-01  1.959055e-01
2.010000e-01  1.946478e-01
2.040000e-01  1.934100e-01
2.070000e-01  1.921916e-01
2.100000e-01  1.909919e-01
2.130000e-01  1.898103e-01
2.160000e-01  1.886462e-01
2.190000e-01  1.874991e-01
2.220000e-01  1.863684e-01
2.250000e-01  1.852537e-01
2.280000e-01  1.841543e-01
2.310000e-01  1.830700e-01
2.340000e-01  1.820002e-01
2.370000e-01  1.809445e-01
2.400000e-01  1.799024e-01
2.430000e-01  1.788737e-01
2.460000e-01  1.778579e-01
2.490000e-01  1.768546e-01
2.520000e-01  1.758636e-01
2.550000e-01  1.748844e-01
2.580000e-01  1.739167e-01
2.610000e-01  1.729602e-01
2.640000e-01  1.720147e-01
2.670000e-01  1.710798e-01
2.700000e-01  1.701552e-01
2.730000e-01  1.692406e-01
2.760000e-01  1.683359e-01
2.790000e-01  1.674407e-01
2.820000e-01  1.665548e-01
2.850000e-01  1.656780e-01
2.880000e-01  1.648099e-01
2.910000e-01  1.639505e-01
2.940000e-01  1.630995e-01
2.970000e-01  1.622566e-01
3.000000e-01  1.614217e-01
3.030000e-01  1.605946e-01
3.060000e-01  1.597750e-01
3.090000e-01  1.589629e-01
3.120000e-01  1.581579e-01
3.150000e-01  1.573600e-01
3.180000e-01  1.565689e-01
3.210000e-01  1.557845e-01
3.240000e-01  1.550066e-01
3.270000e-01  1.542352e-01
3.300000e-01  1.534699e-01
3.330000e-01  1.527107e-01
3.360000e-01  1.519574e-01
3.390000e-01  1.512099e-01
3.420000e-01  1.504680e-01
3.450000e-01  1.497316e-01
3.480000e-01  1.490006e-01
3.510000e-01  1.482749e-01
3.540000e-01  1.475542e-01
3.570000e-01  1.468385e-01
3.600000e-01  1.461277e-01
3.630000e-01  1.454216e-01
3.660000e-01  1.447202e-01
3.690000e-01  1.440233e-01
3.720000e-01  1.433308e-01
3.750000e-01  1.426425e-01
3.780000e-01  1.419585e-01
3.810000e-01  1.412785e-01
3.840000e-01  1.406025e-01
3.870000e-01  1.399304e-01
3.900000e-01  1.392621e-01
3.930000e-01  1.385974e-01
3.960000e-01  1.379363e-01
3.990000e-01  1.372787e-01
4.020000e-01  1.366244e-01
4.050000e-01  1.359735e-01
4.080000e-01  1.353257e-01
4.110000e-01  1.346811e-01
4.140000e-01  1.340394e-01
4.170000e-01  1.334007e-01
4.200000e-01  1.327649e-01
4.230000e-01  1.321318e-01
4.260000e-01  1.315013e-01
4.290000e-01  1.308735e-01
4.320000e-01  1.302481e-01
4.350000e-01  1.296251e-01
4.380000e-01  1.290045e-01
4.410000e-01  1.283861e-01
4.440000e-01  1.277699e-01
4.470000e-01  1.271557e-01
4.500000e-01  1.265435e-01
4.530000e-01  1.259333e-01
4.560000e-01  1.253248e-01
4.590000e-01  1.247181e-01
4.620000e-01  1.241131e-01
4.650000e-01  1.235096e-01
4.680000e-01  1.229076e-01
4.710000e-01  1.223070e-01
4.740000e-01  1.217078e-01
4.770000e-01  1.211098e-01
4.800000e-01  1.205129e-01
4.830000e-01  1.199171e-01
4.860000e-01  1.193222e-01
4.890000e-01  1.187282e-01
4.920000e-01  1.181351e-01
4.950000e-01  1.175426e-01
4.980000e-01  1.169507e-01
5.010000e-01  1.163594e-01
5.040000e-01  1.157684e-01
5.070000e-01  1.151778e-01
5.100000e-01  1.145874e-01
5.130000e-01  000000
5.160000e-01  000000
5.190000e-01  000000
5.220000e-01  000000
5.250000e-01  000000
5.280000e-01  000000
5.310000e-01  000000
5.340000e-01  000000
5.370000e-01  000000
5.400000e-01  000000
5.430000e-01  000000
5.460000e-01  000000
5.490000e-01  000000
5.520000e-01  000000
5.550000e-01  000000
5.580000e-01  000000
5.610000e-01  000000
5.640000e-01  000000
5.670000e-01  000000
5.700000e-01  000000
5.730000e-01  000000
5.760000e-01  000000
5.790000e-01  000000
5.820000e-01  000000
5.850000e-01  000000
5.880000e-01  000000
5.910000e-01  000000
5.940000e-01  000000
5.970000e-01  000000
6.000000e-01  000000
6.030000e-01  000000
6.060000e-01  000000
6.090000e-01  000000
6.120000e-01  000000
6.150000e-01  000000
6.180000e-01  000000
6.210000e-01  000000
6.240000e-01  000000
6.270000e-01  000000
6.300000e-01  000000
6.330000e-01  000000
6.360000e-01  000000
6.390000e-01  000000
6.420000e-01  000000
6.450000e-01  000000
6.480000e-01  000000
6.510000e-01  000000
6.540000e-01  000000
6.570000e-01  000000
6.600000e-01  000000
6.630000e-01  000000
6.660000e-01  000000
6.690000e-01  000000
6.720000e-01  000000
6.750000e-01  000000
6.780000e-01  000000
6.810000e-01  000000
6.840000e-01  000000
6.870000e-01  000000
6.900000e-01  000000
6.930000e-01  000000
6.960000e-01  000000
6.990000e-01  000000
7.020000e-01  000000
7.050000e-01  000000
7.080000e-01  000000
7.110000e-01  000000
7.140000e-01  000000
7.170000e-01  000000
7.200000e-01  000000
7.230000e-01  000000
7.260000e-01  000000
7.290000e-01  000000
7.320000e-01  000000
7.350000e-01  000000
7.380000e-01  000000
7.410000e-01  000000
7.440000e-01  000000
7.470000e-01  000000
7.500000e-01  000000
7.530000e-01  000000
7.560000e-01  000000
7.590000e-01  000000
7.620000e-01  000000
7.650000e-01  000000
7.680000e-01  000000
7.710000e-01  000000
7.740000e-01  000000
7.770000e-01  000000
7.800000e-01  000000
7.830000e-01  000000
7.860000e-01  000000
7.890000e-01  000000
7.920000e-01  000000
7.950000e-01  000000
7.980000e-01  000000
8.010000e-01  000000
8.040000e-01  000000
8.070000e-01  000000
8.100000e-01  000000
8.130000e-01  000000
8.160000e-01  000000
8.190000e-01  000000
8.220000e-01  000000
8.250000e-01  000000
8.280000e-01  000000
8.310000e-01  000000
8.340000e-01  000000
8.370000e-01  000000
8.400000e-01  000000
8.430000e-01  000000
8.460000e-01  000000
8.490000e-01  000000
8.520000e-01  000000
8.550000e-01  000000
8.580000e-01  000000
8.610000e-01  000000
8.640000e-01  000000
8.670000e-01  000000
8.700000e-01  000000
8.730000e-01  000000
8.760000e-01  000000
8.790000e-01  000000
8.820000e-01  000000
8.850000e-01  000000
8.880000e-01  000000
8.910000e-01  000000
8.940000e-01  000000
8.970000e-01  000000
9.000000e-01  000000
9.030000e-01  000000
9.060000e-01  000000
9.090000e-01  000000
9.120000e-01  000000
9.150000e-01  000000
9.180000e-01  000000
9.210000e-01  000000
9.240000e-01  000000
9.270000e-01  000000
9.300000e-01  000000
9.330000e-01  000000
9.360000e-01  000000
9.390000e-01  000000
9.420000e-01  000000
9.450000e-01  000000
9.480000e-01  000000
9.510000e-01  000000
9.540000e-01  000000
9.570000e-01  000000
9.600000e-01  000000
9.630000e-01  000000
9.660000e-01  000000
9.690000e-01  000000
9.720000e-01  000000
9.750000e-01  000000
9.780000e-01  000000
9.810000e-01  000000
9.840000e-01  000000
9.870000e-01  000000
9.900000e-01  000000
9.930000e-01  000000
9.960000e-01  000000
9.990000e-01  000000
