000000  000001
3.000000e-03  7.797964e-01
6.000000e-03  6.916856e-01
9.000000e-03  6.372162e-01
1.200000e-02  5.982933e-01
1.500000e-02  5.682813e-01
1.800000e-02  5.440164e-01
2.100000e-02  5.237489e-01
2.400000e-02  5.064129e-01
2.700000e-02  4.913124e-01
3.000000e-02  4.779691e-01
3.300000e-02  4.660406e-01
3.600000e-02  4.552739e-01
3.900000e-02  4.454770e-01
4.200000e-02  4.365007e-01
4.500000e-02  4.282272e-01
4.800000e-02  4.205617e-01
5.100000e-02  4.134270e-01
5.400000e-02  4.067593e-01
5.700000e-02  4.005055e-01
6.000000e-02  3.946206e-01
6.300000e-02  3.890667e-01
6.600000e-02  3.838111e-01
6.900000e-02  3.788256e-01
7.200000e-02  3.740858e-01
7.500000e-02  3.695703e-01
7.800000e-02  3.652603e-01
8.100000e-02  3.611392e-01
8.400000e-02  3.571924e-01
8.700000e-02  3.534068e-01
9.000000e-02  3.497706e-01
9.300000e-02  3.462734e-01
9.600000e-02  3.429055e-01
9.900000e-02  3.396586e-01
1.020000e-01  3.365247e-01
1.050000e-01  3.334969e-01
1.080000e-01  3.305687e-01
1.110000e-01  3.277342e-01
1.140000e-01  3.249880e-01
1.170000e-01  3.223252e-01
1.200000e-01  3.197411e-01
1.230000e-01  3.172316e-01
1.260000e-01  3.147928e-01
1.290000e-01  3.124210e-01
1.320000e-01  3.101130e-01
1.350000e-01  3.078656e-01
1.380000e-01  3.056760e-01
1.410000e-01  3.035413e-01
1.440000e-01  3.014592e-01
1.470000e-01  2.994273e-01
1.500000e-01  2.974433e-01
1.530000e-01  2.955051e-01
1.560000e-01  2.936110e-01
1.590000e-01  2.917589e-01
1.620000e-01  2.899473e-01
1.650000e-01  2.881744e-01
1.680000e-01  2.864388e-01
1.710000e-01  2.847391e-01
1.740000e-01  2.830737e-01
1.770000e-01  2.814416e-01
1.800000e-01  2.798414e-01
1.830000e-01  2.782721e-01
1.860000e-01  2.767324e-01
1.890000e-01  2.752214e-01
1.920000e-01  2.737381e-01
1.950000e-01  2.722815e-01
1.980000e-01  2.708508e-01
2.010000e-01  2.694450e-01
2.040000e-01  2.680635e-01
2.070000e-01  2.667053e-01
2.100000e-01  2.653699e-01
2.130000e-01  2.640564e-01
2.160000e-01  2.627641e-01
2.190000e-01  2.614926e-01
2.220000e-01  2.602410e-01
2.250000e-01  2.590089e-01
2.280000e-01  2.577957e-01
2.310000e-01  2.566007e-01
2.340000e-01  2.554237e-01
2.370000e-01  2.542639e-01
2.400000e-01  2.531209e-01
2.430000e-01  2.519943e-01
2.460000e-01  2.508837e-01
2.490000e-01  2.497885e-01
2.520000e-01  2.487085e-01
2.550000e-01  2.476431e-01
2.580000e-01  2.465921e-01
2.610000e-01  2.455550e-01
2.640000e-01  2.445316e-01
2.670000e-01  2.435214e-01
2.700000e-01  2.425241e-01
2.730000e-01  2.415395e-01
2.760000e-01  2.405672e-01
2.790000e-01  2.396069e-01
2.820000e-01  2.386583e-01
2.850000e-01  2.377212e-01
2.880000e-01  2.367953e-01
2.910000e-01  2.358804e-01
2.940000e-01  2.349762e-01
2.970000e-01  2.340824e-01
3.000000e-01  2.331988e-01
3.030000e-01  2.323253e-01
3.060000e-01  2.314615e-01
3.090000e-01  2.306072e-01
3.120000e-01  2.297624e-01
3.150000e-01  2.289267e-01
3.180000e-01  2.281000e-01
3.210000e-01  2.272820e-01
3.240000e-01  2.264727e-01
3.270000e-01  2.256718e-01
3.300000e-01  2.248792e-01
3.330000e-01  2.240946e-01
3.360000e-01  2.233180e-01
3.390000e-01  2.225491e-01
3.420000e-01  2.217879e-01
3.450000e-01  2.210341e-01
3.480000e-01  2.202877e-01
3.510000e-01  2.195485e-01
3.540000e-01  2.188163e-01
3.570000e-01  2.180910e-01
3.600000e-01  2.173725e-01
3.630000e-01  2.166607e-01
3.660000e-01  2.159554e-01
3.690000e-01  2.152566e-01
3.720000e-01  2.145640e-01
3.750000e-01  2.138777e-01
3.780000e-01  2.131974e-01
3.810000e-01  2.125231e-01
3.840000e-01  2.118547e-01
3.870000e-01  2.111920e-01
3.900000e-01  2.105351e-01
3.930000e-01  2.098836e-01
3.960000e-01  2.092377e-01
3.990000e-01  2.085972e-01
4.020000e-01  2.079619e-01
4.050000e-01  2.073319e-01
4.080000e-01  2.067069e-01
4.110000e-01  2.060871e-01
4.140000e-01  2.054721e-01
4.170000e-01  2.048621e-01
4.200000e-01  2.042568e-01
4.230000e-01  2.036562e-01
4.260000e-01  2.030603e-01
4.290000e-01  2.024690e-01
4.320000e-01  2.018821e-01
4.350000e-01  2.012997e-01
4.380000e-01  2.007217e-01
4.410000e-01  2.001479e-01
4.440000e-01  1.995784e-01
4.470000e-01  1.990130e-01
4.500000e-01  1.984517e-01
4.530000e-01  1.978945e-01
4.560000e-01  1.973412e-01
4.590000e-01  1.967919e-01
4.620000e-01  1.962464e-01
4.650000e-01  1.957047e-01
4.680000e-01  1.951668e-01
4.710000e-01  1.946325e-01
4.740000e-01  1.941019e-01
4.770000e-01  1.935749e-01
4.800000e-01  1.930515e-01
4.830000e-01  1.925315e-01
4.860000e-01  1.920149e-01
4.890000e-01  1.915017e-01
4.920000e-01  1.909919e-01
4.950000e-01  1.904854e-01
4.980000e-01  1.899821e-01
5.010000e-01  1.894821e-01
5.040000e-01  1.889852e-01
5.070000e-01  1.884914e-01
5.100000e-01  1.880007e-01
5.130000e-01  1.875130e-01
5.160000e-01  1.870283e-01
5.190000e-01  1.865466e-01
5.220000e-01  1.860678e-01
5.250000e-01  1.855919e-01
5.280000e-01  1.851188e-01
5.310000e-01  1.846485e-01
5.340000e-01  1.841810e-01
5.370000e-01  1.837162e-01
5.400000e-01  1.832541e-01
5.430000e-01  1.827946e-01
5.460000e-01  1.823378e-01
5.490000e-01  1.818836e-01
5.520000e-01  1.814320e-01
5.550000e-01  1.809828e-01
5.580000e-01  1.805362e-01
5.610000e-01  1.800920e-01
5.640000e-01  1.796503e-01
5.670000e-01  1.792110e-01
5.700000e-01  1.787740e-01
5.730000e-01  1.783394e-01
5.760000e-01  1.779071e-01
5.790000e-01  1.774772e-01
5.820000e-01  1.770494e-01
5.850000e-01  1.766239e-01
5.880000e-01  1.762006e-01
5.910000e-01  1.757795e-01
5.940000e-01  1.753606e-01
5.970000e-01  1.749437e-01
6.000000e-01  1.745290e-01
6.030000e-01  1.741164e-01
6.060000e-01  1.737058e-01
6.090000e-01  1.732972e-01
6.120000e-01  1.728907e-01
6.150000e-01  1.724861e-01
6.180000e-01  1.720835e-01
6.210000e-01  1.716828e-01
6.240000e-01  1.712841e-01
6.270000e-01  1.708872e-01
6.300000e-01  1.704922e-01
6.330000e-01  1.700991e-01
6.360000e-01  1.697078e-01
6.390000e-01  1.693183e-01
6.420000e-01  1.689306e-01
6.450000e-01  1.685447e-01
6.480000e-01  1.681605e-01
6.510000e-01  1.677780e-01
6.540000e-01  1.673973e-01
6.570000e-01  1.670182e-01
6.600000e-01  1.666408e-01
6.630000e-01  1.662651e-01
6.660000e-01  1.658910e-01
6.690000e-01  1.655185e-01
6.720000e-01  1.651477e-01
6.750000e-01  1.647784e-01
6.780000e-01  1.644106e-01
6.810000e-01  1.640444e-01
6.840000e-01  1.636798e-01
6.870000e-01  1.633167e-01
6.900000e-01  1.629550e-01
6.930000e-01  1.625949e-01
6.960000e-01  1.622362e-01
6.990000e-01  1.618789e-01
7.020000e-01  1.615231e-01
7.050000e-01  1.611687e-01
7.080000e-01  1.608158e-01
7.110000e-01  1.604642e-01
7.140000e-01  1.601139e-01
7.170000e-01  1.597651e-01
7.200000e-01  1.594176e-01
7.230000e-01  1.590714e-01
7.260000e-01  1.587265e-01
7.290000e-01  1.583830e-01
7.320000e-01  1.580407e-01
7.350000e-01  1.576997e-01
7.380000e-01  1.573600e-01
7.410000e-01  1.570215e-01
7.440000e-01  1.566842e-01
7.470000e-01  1.563482e-01
7.500000e-01  1.560134e-01
7.530000e-01  1.556798e-01
7.560000e-01  1.553474e-01
7.590000e-01  1.550161e-01
7.620000e-01  1.546860e-01
7.650000e-01  1.543571e-01
7.680000e-01  1.540293e-01
7.710000e-01  1.537026e-01
7.740000e-01  1.533770e-01
7.770000e-01  1.530525e-01
7.800000e-01  1.527291e-01
7.830000e-01  1.524068e-01
7.860000e-01  1.520856e-01
7.890000e-01  1.517654e-01
7.920000e-01  1.514463e-01
7.950000e-01  1.511282e-01
7.980000e-01  1.508111e-01
8.010000e-01  1.504951e-01
8.040000e-01  1.501800e-01
8.070000e-01  1.498659e-01
8.100000e-01  1.495529e-01
8.130000e-01  1.492408e-01
8.160000e-01  1.489296e-01
8.190000e-01  1.486194e-01
8.220000e-01  1.483101e-01
8.250000e-01  1.480018e-01
8.280000e-01  1.476944e-01
8.310000e-01  1.473879e-01
8.340000e-01  1.470823e-01
8.370000e-01  1.467777e-01
8.400000e-01  1.464739e-01
8.430000e-01  1.461709e-01
8.460000e-01  1.458689e-01
8.490000e-01  1.455676e-01
8.520000e-01  1.452673e-01
8.550000e-01  1.449678e-01
8.580000e-01  1.446691e-01
8.610000e-01  1.443712e-01
8.640000e-01  1.440741e-01
8.670000e-01  1.437779e-01
8.700000e-01  1.434824e-01
8.730000e-01  1.431877e-01
8.760000e-01  1.428938e-01
8.790000e-01  1.426007e-01
8.820000e-01  1.423083e-01
8.850000e-01  1.420167e-01
8.880000e-01  1.417259e-01
8.910000e-01  1.414357e-01
8.940000e-01  1.411463e-01
8.970000e-01  1.408576e-01
9.000000e-01  1.405697e-01
9.030000e-01  1.402824e-01
9.060000e-01  1.399958e-01
9.090000e-01  1.397099e-01
9.120000e-01  1.394247e-01
9.150000e-01  1.391402e-01
9.180000e-01  1.388563e-01
9.210000e-01  1.385731e-01
9.240000e-01  1.382906e-01
9.270000e-01  1.380087e-01
9.300000e-01  1.377274e-01
9.330000e-01  1.374467e-01
9.360000e-01  1.371667e-01
9.390000e-01  1.368873e-01
9.420000e-01  1.366085e-01
9.450000e-01  1.363303e-01
9.480000e-01  1.360527e-01
9.510000e-01  1.357756e-01
9.540000e-01  1.354992e-01
9.570000e-01  1.352233e-01
9.600000e-01  1.349480e-01
9.630000e-01  1.346732e-01
9.660000e-01  1.343990e-01
9.690000e-01  1.341253e-01
9.720000e-01  1.338522e-01
9.750000e-01  1.335796e-01
9.780000e-01  1.333075e-01
9.810000e-01  1.330359e-01
9.840000e-01  1.327649e-01
9.870000e-01  1.324943e-01
9.900000e-01  1.322243e-01
9.930000e-01  1.319547e-01
9.960000e-01  1.316856e-01
9.990000e-01  1.314170e-01
