000000  000001
3.000000e-03  6.304478e-01
6.000000e-03  5.374136e-01
9.000000e-03  4.849588e-01
1.200000e-02  4.491406e-01
1.500000e-02  4.222810e-01
1.800000e-02  4.009729e-01
2.100000e-02  3.834184e-01
2.400000e-02  3.685581e-01
2.700000e-02  3.557180e-01
3.000000e-02  3.444444e-01
3.300000e-02  3.344177e-01
3.600000e-02  3.254049e-01
3.900000e-02  3.172316e-01
4.200000e-02  3.097634e-01
4.500000e-02  3.028952e-01
4.800000e-02  2.965432e-01
5.100000e-02  2.906394e-01
5.400000e-02  2.851282e-01
5.700000e-02  2.799634e-01
6.000000e-02  2.751063e-01
6.300000e-02  2.705242e-01
6.600000e-02  2.661891e-01
6.900000e-02  2.620769e-01
7.200000e-02  2.581670e-01
7.500000e-02  2.544412e-01
7.800000e-02  2.508837e-01
8.100000e-02  2.474805e-01
8.400000e-02  2.442193e-01
8.700000e-02  2.410892e-01
9.000000e-02  2.380803e-01
9.300000e-02  2.351839e-01
9.600000e-02  2.323921e-01
9.900000e-02  2.296978e-01
1.020000e-01  2.270945e-01
1.050000e-01  2.245765e-01
1.080000e-01  2.221383e-01
1.110000e-01  2.197752e-01
1.140000e-01  2.174826e-01
1.170000e-01  2.152566e-01
1.200000e-01  2.130933e-01
1.230000e-01  2.109893e-01
1.260000e-01  2.089414e-01
1.290000e-01  2.069467e-01
1.320000e-01  2.050024e-01
1.350000e-01  2.031060e-01
1.380000e-01  2.012551e-01
1.410000e-01  1.994475e-01
1.440000e-01  1.976812e-01
1.470000e-01  1.959542e-01
1.500000e-01  1.942648e-01
1.530000e-01  1.926112e-01
1.560000e-01  1.909919e-01
1.590000e-01  1.894054e-01
1.620000e-01  1.878503e-01
1.650000e-01  1.863252e-01
1.680000e-01  1.848290e-01
1.710000e-01  1.833605e-01
1.740000e-01  1.819185e-01
1.770000e-01  1.805019e-01
1.800000e-01  1.791099e-01
1.830000e-01  1.777415e-01
1.860000e-01  1.763957e-01
1.890000e-01  1.750718e-01
1.920000e-01  1.737688e-01
1.950000e-01  1.724861e-01
1.980000e-01  1.712229e-01
2.010000e-01  1.699785e-01
2.040000e-01  1.687523e-01
2.070000e-01  1.675435e-01
2.100000e-01  1.663517e-01
2.130000e-01  1.651761e-01
2.160000e-01  1.640163e-01
2.190000e-01  1.628718e-01
2.220000e-01  1.617419e-01
2.250000e-01  1.606263e-01
2.280000e-01  1.595244e-01
2.310000e-01  1.584357e-01
2.340000e-01  1.573600e-01
2.370000e-01  1.562966e-01
2.400000e-01  1.552453e-01
2.430000e-01  1.542056e-01
2.460000e-01  1.531772e-01
2.490000e-01  1.521596e-01
2.520000e-01  1.511526e-01
2.550000e-01  1.501558e-01
2.580000e-01  1.491689e-01
2.610000e-01  1.481914e-01
2.640000e-01  1.472233e-01
2.670000e-01  1.462640e-01
2.700000e-01  1.453134e-01
2.730000e-01  1.443712e-01
2.760000e-01  1.434370e-01
2.790000e-01  1.425107e-01
2.820000e-01  1.415918e-01
2.850000e-01  1.406803e-01
2.880000e-01  1.397758e-01
2.910000e-01  1.388781e-01
2.940000e-01  1.379870e-01
2.970000e-01  1.371022e-01
3.000000e-01  1.362234e-01
3.030000e-01  1.353506e-01
3.060000e-01  1.344833e-01
3.090000e-01  1.336215e-01
3.120000e-01  1.327649e-01
3.150000e-01  1.319132e-01
3.180000e-01  1.310664e-01
3.210000e-01  1.302241e-01
3.240000e-01  1.293862e-01
3.270000e-01  1.285524e-01
3.300000e-01  1.277226e-01
3.330000e-01  1.268965e-01
3.360000e-01  1.260739e-01
3.390000e-01  1.252547e-01
3.420000e-01  1.244387e-01
3.450000e-01  1.236255e-01
3.480000e-01  1.228151e-01
3.510000e-01  1.220072e-01
3.540000e-01  1.212017e-01
3.570000e-01  1.203982e-01
3.600000e-01  1.195966e-01
3.630000e-01  1.187967e-01
3.660000e-01  1.179983e-01
3.690000e-01  1.172011e-01
3.720000e-01  1.164048e-01
3.750000e-01  1.156094e-01
3.780000e-01  1.148145e-01
3.810000e-01  1.140198e-01
3.840000e-01  000000
3.870000e-01  000000
3.900000e-01  000000
3.930000e-01  000000
3.960000e-01  000000
3.990000e-01  000000
4.020000e-01  000000
4.050000e-01  000000
4.080000e-01  000000
4.110000e-01  000000
4.140000e-01  000000
4.170000e-01  000000
4.200000e-01  000000
4.230000e-01  000000
4.260000e-01  000000
4.290000e-01  000000
4.320000e-01  000000
4.350000e-01  000000
4.380000e-01  000000
4.410000e-01  000000
4.440000e-01  000000
4.470000e-01  000000
4.500000e-01  000000
4.530000e-01  000000
4.560000e-01  000000
4.590000e-01  000000
4.620000e-01  000000
4.650000e-01  000000
4.680000e-01  000000
4.710000e-01  000000
4.740000e-01  000000
4.770000e-01  000000
4.800000e-01  000000
4.830000e-01  000000
4.860000e-01  000000
4.890000e-01  000000
4.920000e-01  000000
4.950000e-01  000000
4.980000e-01  000000
5.010000e-01  000000
5.040000e-01  000000
5.070000e-01  000000
5.100000e-01  000000
5.130000e-01  000000
5.160000e-01  000000
5.190000e-01  000000
5.220000e-01  000000
5.250000e-01  000000
5.280000e-01  000000
5.310000e-01  000000
5.340000e-01  000000
5.370000e-01  000000
5.400000e-01  000000
5.430000e-01  000000
5.460000e-01  000000
5.490000e-01  000000
5.520000e-01  000000
5.550000e-01  000000
5.580000e-01  000000
5.610000e-01  000000
5.640000e-01  000000
5.670000e-01  000000
5.700000e-01  000000
5.730000e-01  000000
5.760000e-01  000000
5.790000e-01  000000
5.820000e-01  000000
5.850000e-01  000000
5.880000e-01  000000
5.910000e-01  000000
5.940000e-01  000000
5.970000e-01  000000
6.000000e-01  000000
6.030000e-01  000000
6.060000e-01  000000
6.090000e-01  000000
6.120000e-01  000000
6.150000e-01  000000
6.180000e-01  000000
6.210000e-01  000000
6.240000e-01  000000
6.270000e-01  000000
6.300000e-01  000000
6.330000e-01  000000
6.360000e-01  000000
6.390000e-01  000000
6.420000e-01  000000
6.450000e-01  000000
6.480000e-01  000000
6.510000e-01  000000
6.540000e-01  000000
6.570000e-01  000000
6.600000e-01  000000
6.630000e-01  000000
6.660000e-01  000000
6.690000e-01  000000
6.720000e-01  000000
6.750000e-01  000000
6.780000e-01  000000
6.810000e-01  000000
6.840000e-01  000000
6.870000e-01  000000
6.900000e-01  000000
6.930000e-01  000000
6.960000e-01  000000
6.990000e-01  000000
7.020000e-01  000000
7.050000e-01  000000
7.080000e-01  000000
7.110000e-01  000000
7.140000e-01  000000
7.170000e-01  000000
7.200000e-01  000000
7.230000e-01  000000
7.260000e-01  000000
7.290000e-01  000000
7.320000e-01  000000
7.350000e-01  000000
7.380000e-01  000000
7.410000e-01  000000
7.440000e-01  000000
7.470000e-01  000000
7.500000e-01  000000
7.530000e-01  000000
7.560000e-01  000000
7.590000e-01  000000
7.620000e-01  000000
7.650000e-01  000000
7.680000e-01  000000
7.710000e-01  000000
7.740000e-01  000000
7.770000e-01  000000
7.800000e-01  000000
7.830000e-01  000000
7.860000e-01  000000
7.890000e-01  000000
7.920000e-01  000000
7.950000e-01  000000
7.980000e-01  000000
8.010000e-01  000000
8.040000e-01  000000
8.070000e-01  000000
8.100000e-01  000000
8.130000e-01  000000
8.160000e-01  000000
8.190000e-01  000000
8.220000e-01  000000
8.250000e-01  000000
8.280000e-01  000000
8.310000e-01  000000
8.340000e-01  000000
8.370000e-01  000000
8.400000e-01  000000
8.430000e-01  000000
8.460000e-01  000000
8.490000e-01  000000
8.520000e-01  000000
8.550000e-01  000000
8.580000e-01  000000
8.610000e-01  000000
8.640000e-01  000000
8.670000e-01  000000
8.700000e-01  000000
8.730000e-01  000000
8.760000e-01  000000
8.790000e-01  000000
8.820000e-01  000000
8.850000e-01  000000
8.880000e-01  000000
8.910000e-01  000000
8.940000e-01  000000
8.970000e-01  000000
9.000000e-01  000000
9.030000e-01  000000
9.060000e-01  000000
9.090000e-01  000000
9.120000e-01  000000
9.150000e-01  000000
9.180000e-01  000000
9.210000e-01  000000
9.240000e-01  000000
9.270000e-01  000000
9.300000e-01  000000
9.330000e-01  000000
9.360000e-01  000000
9.390000e-01  000000
9.420000e-01  000000
9.450000e-01  000000
9.480000e-01  000000
9.510000e-01  000000
9.540000e-01  000000
9.570000e-01  000000
9.600000e-01  000000
9.630000e-01  000000
9.660000e-01  000000
9.690000e-01  000000
9.720000e-01  000000
9.750000e-01  000000
9.780000e-01  000000
9.810000e-01  000000
9.840000e-01  000000
9.870000e-01  000000
9.900000e-01  000000
9.930000e-01  000000
9.960000e-01  000000
9.990000e-01  000000
