000000  000001
3.000000e-03  8.348326e-01
6.000000e-03  7.551187e-01
9.000000e-03  7.030161e-01
1.200000e-02  6.646735e-01
1.500000e-02  6.345497e-01
1.800000e-02  6.098710e-01
2.100000e-02  5.890534e-01
2.400000e-02  5.711088e-01
2.700000e-02  5.553809e-01
3.000000e-02  5.414117e-01
3.300000e-02  5.288700e-01
3.600000e-02  5.175082e-01
3.900000e-02  5.071371e-01
4.200000e-02  4.976085e-01
4.500000e-02  4.888047e-01
4.800000e-02  4.806304e-01
5.100000e-02  4.730077e-01
5.400000e-02  4.658719e-01
5.700000e-02  4.591687e-01
6.000000e-02  4.528524e-01
6.300000e-02  4.468839e-01
6.600000e-02  4.412295e-01
6.900000e-02  4.358603e-01
7.200000e-02  4.307509e-01
7.500000e-02  4.258791e-01
7.800000e-02  4.212255e-01
8.100000e-02  4.167727e-01
8.400000e-02  4.125055e-01
8.700000e-02  4.084100e-01
9.000000e-02  4.044741e-01
9.300000e-02  4.006866e-01
9.600000e-02  3.970377e-01
9.900000e-02  3.935182e-01
1.020000e-01  3.901201e-01
1.050000e-01  3.868358e-01
1.080000e-01  3.836585e-01
1.110000e-01  3.805820e-01
1.140000e-01  3.776006e-01
1.170000e-01  3.747090e-01
1.200000e-01  3.719023e-01
1.230000e-01  3.691762e-01
1.260000e-01  3.665263e-01
1.290000e-01  3.639490e-01
1.320000e-01  3.614406e-01
1.350000e-01  3.589978e-01
1.380000e-01  3.566175e-01
1.410000e-01  3.542968e-01
1.440000e-01  3.520332e-01
1.470000e-01  3.498239e-01
1.500000e-01  3.476666e-01
1.530000e-01  3.455592e-01
1.560000e-01  3.434996e-01
1.590000e-01  3.414858e-01
1.620000e-01  3.395159e-01
1.650000e-01  3.375882e-01
1.680000e-01  3.357011e-01
1.710000e-01  3.338531e-01
1.740000e-01  3.320426e-01
1.770000e-01  3.302683e-01
1.800000e-01  3.285288e-01
1.830000e-01  3.268230e-01
1.860000e-01  3.251496e-01
1.890000e-01  3.235075e-01
1.920000e-01  3.218956e-01
1.950000e-01  3.203130e-01
1.980000e-01  3.187586e-01
2.010000e-01  3.172316e-01
2.040000e-01  3.157310e-01
2.070000e-01  3.142561e-01
2.100000e-01  3.128059e-01
2.130000e-01  3.113799e-01
2.160000e-01  3.099772e-01
2.190000e-01  3.085971e-01
2.220000e-01  3.072389e-01
2.250000e-01  3.059021e-01
2.280000e-01  3.045860e-01
2.310000e-01  3.032900e-01
2.340000e-01  3.020136e-01
2.370000e-01  3.007561e-01
2.400000e-01  2.995172e-01
2.430000e-01  2.982962e-01
2.460000e-01  2.970928e-01
2.490000e-01  2.959064e-01
2.520000e-01  2.947366e-01
2.550000e-01  2.935830e-01
2.580000e-01  2.924452e-01
2.610000e-01  2.913227e-01
2.640000e-01  2.902152e-01
2.670000e-01  2.891223e-01
2.700000e-01  2.880436e-01
2.730000e-01  2.869789e-01
2.760000e-01  2.859277e-01
2.790000e-01  2.848898e-01
2.820000e-01  2.838649e-01
2.850000e-01  2.828526e-01
2.880000e-01  2.818527e-01
2.910000e-01  2.808648e-01
2.940000e-01  2.798887e-01
2.970000e-01  2.789242e-01
3.000000e-01  2.779710e-01
3.030000e-01  2.770289e-01
3.060000e-01  2.760975e-01
3.090000e-01  2.751767e-01
3.120000e-01  2.742663e-01
3.150000e-01  2.733660e-01
3.180000e-01  2.724757e-01
3.210000e-01  2.715950e-01
3.240000e-01  2.707239e-01
3.270000e-01  2.698621e-01
3.300000e-01  2.690095e-01
3.330000e-01  2.681658e-01
3.360000e-01  2.673309e-01
3.390000e-01  2.665046e-01
3.420000e-01  2.656868e-01
3.450000e-01  2.648772e-01
3.480000e-01  2.640758e-01
3.510000e-01  2.632824e-01
3.540000e-01  2.624967e-01
3.570000e-01  2.617188e-01
3.600000e-01  2.609484e-01
3.630000e-01  2.601854e-01
3.660000e-01  2.594297e-01
3.690000e-01  2.586811e-01
3.720000e-01  2.579396e-01
3.750000e-01  2.572049e-01
3.780000e-01  2.564770e-01
3.810000e-01  2.557557e-01
3.840000e-01  2.550410e-01
3.870000e-01  2.543326e-01
3.900000e-01  2.536306e-01
3.930000e-01  2.529349e-01
3.960000e-01  2.522452e-01
3.990000e-01  2.515615e-01
4.020000e-01  2.508837e-01
4.050000e-01  2.502117e-01
4.080000e-01  2.495454e-01
4.110000e-01  2.488848e-01
4.140000e-01  2.482297e-01
4.170000e-01  2.475800e-01
4.200000e-01  2.469357e-01
4.230000e-01  2.462966e-01
4.260000e-01  2.456627e-01
4.290000e-01  2.450340e-01
4.320000e-01  2.444103e-01
4.350000e-01  2.437915e-01
4.380000e-01  2.431776e-01
4.410000e-01  2.425685e-01
4.440000e-01  2.419641e-01
4.470000e-01  2.413644e-01
4.500000e-01  2.407693e-01
4.530000e-01  2.401787e-01
4.560000e-01  2.395926e-01
4.590000e-01  2.390109e-01
4.620000e-01  2.384335e-01
4.650000e-01  2.378604e-01
4.680000e-01  2.372915e-01
4.710000e-01  2.367267e-01
4.740000e-01  2.361660e-01
4.770000e-01  2.356094e-01
4.800000e-01  2.350567e-01
4.830000e-01  2.345080e-01
4.860000e-01  2.339631e-01
4.890000e-01  2.334221e-01
4.920000e-01  2.328848e-01
4.950000e-01  2.323512e-01
4.980000e-01  2.318213e-01
5.010000e-01  2.312950e-01
5.040000e-01  2.307723e-01
5.070000e-01  2.302531e-01
5.100000e-01  2.297373e-01
5.130000e-01  2.292250e-01
5.160000e-01  2.287161e-01
5.190000e-01  2.282105e-01
5.220000e-01  2.277082e-01
5.250000e-01  2.272092e-01
5.280000e-01  2.267134e-01
5.310000e-01  2.262208e-01
5.340000e-01  2.257313e-01
5.370000e-01  2.252449e-01
5.400000e-01  2.247616e-01
5.430000e-01  2.242812e-01
5.460000e-01  2.238039e-01
5.490000e-01  2.233295e-01
5.520000e-01  2.228580e-01
5.550000e-01  2.223894e-01
5.580000e-01  2.219237e-01
5.610000e-01  2.214607e-01
5.640000e-01  2.210005e-01
5.670000e-01  2.205431e-01
5.700000e-01  2.200884e-01
5.730000e-01  2.196364e-01
5.760000e-01  2.191869e-01
5.790000e-01  2.187402e-01
5.820000e-01  2.182960e-01
5.850000e-01  2.178543e-01
5.880000e-01  2.174152e-01
5.910000e-01  2.169786e-01
5.940000e-01  2.165445e-01
5.970000e-01  2.161127e-01
6.000000e-01  2.156835e-01
6.030000e-01  2.152566e-01
6.060000e-01  2.148320e-01
6.090000e-01  2.144098e-01
6.120000e-01  2.139899e-01
6.150000e-01  2.135723e-01
6.180000e-01  2.131570e-01
6.210000e-01  2.127439e-01
6.240000e-01  2.123330e-01
6.270000e-01  2.119243e-01
6.300000e-01  2.115177e-01
6.330000e-01  2.111133e-01
6.360000e-01  2.107110e-01
6.390000e-01  2.103108e-01
6.420000e-01  2.099127e-01
6.450000e-01  2.095166e-01
6.480000e-01  2.091226e-01
6.510000e-01  2.087306e-01
6.540000e-01  2.083405e-01
6.570000e-01  2.079525e-01
6.600000e-01  2.075664e-01
6.630000e-01  2.071822e-01
6.660000e-01  2.067999e-01
6.690000e-01  2.064195e-01
6.720000e-01  2.060410e-01
6.750000e-01  2.056643e-01
6.780000e-01  2.052895e-01
6.810000e-01  2.049165e-01
6.840000e-01  2.045453e-01
6.870000e-01  2.041758e-01
6.900000e-01  2.038082e-01
6.930000e-01  2.034423e-01
6.960000e-01  2.030780e-01
6.990000e-01  2.027156e-01
7.020000e-01  2.023548e-01
7.050000e-01  2.019957e-01
7.080000e-01  2.016382e-01
7.110000e-01  2.012824e-01
7.140000e-01  2.009282e-01
7.170000e-01  2.005757e-01
7.200000e-01  2.002247e-01
7.230000e-01  1.998754e-01
7.260000e-01  1.995276e-01
7.290000e-01  1.991813e-01
7.320000e-01  1.988366e-01
7.350000e-01  1.984935e-01
7.380000e-01  1.981518e-01
7.410000e-01  1.978116e-01
7.440000e-01  1.974730e-01
7.470000e-01  1.971358e-01
7.500000e-01  1.968000e-01
7.530000e-01  1.964658e-01
7.560000e-01  1.961329e-01
7.590000e-01  1.958014e-01
7.620000e-01  1.954714e-01
7.650000e-01  1.951428e-01
7.680000e-01  1.948155e-01
7.710000e-01  1.944896e-01
7.740000e-01  1.941651e-01
7.770000e-01  1.938419e-01
7.800000e-01  1.935201e-01
7.830000e-01  1.931995e-01
7.860000e-01  1.928803e-01
7.890000e-01  1.925624e-01
7.920000e-01  1.922458e-01
7.950000e-01  1.919304e-01
7.980000e-01  1.916163e-01
8.010000e-01  1.913035e-01
8.040000e-01  1.909919e-01
8.070000e-01  1.906816e-01
8.100000e-01  1.903725e-01
8.130000e-01  1.900645e-01
8.160000e-01  1.897578e-01
8.190000e-01  1.894523e-01
8.220000e-01  1.891480e-01
8.250000e-01  1.888448e-01
8.280000e-01  1.885428e-01
8.310000e-01  1.882420e-01
8.340000e-01  1.879423e-01
8.370000e-01  1.876437e-01
8.400000e-01  1.873463e-01
8.430000e-01  1.870500e-01
8.460000e-01  1.867547e-01
8.490000e-01  1.864606e-01
8.520000e-01  1.861676e-01
8.550000e-01  1.858757e-01
8.580000e-01  1.855848e-01
8.610000e-01  1.852950e-01
8.640000e-01  1.850062e-01
8.670000e-01  1.847185e-01
8.700000e-01  1.844318e-01
8.730000e-01  1.841462e-01
8.760000e-01  1.838616e-01
8.790000e-01  1.835779e-01
8.820000e-01  1.832953e-01
8.850000e-01  1.830137e-01
8.880000e-01  1.827331e-01
8.910000e-01  1.824535e-01
8.940000e-01  1.821748e-01
8.970000e-01  1.818971e-01
9.000000e-01  1.816204e-01
9.030000e-01  1.813446e-01
9.060000e-01  1.810698e-01
9.090000e-01  1.807959e-01
9.120000e-01  1.805229e-01
9.150000e-01  1.802509e-01
9.180000e-01  1.799797e-01
9.210000e-01  1.797095e-01
9.240000e-01  1.794402e-01
9.270000e-01  1.791718e-01
9.300000e-01  1.789042e-01
9.330000e-01  1.786376e-01
9.360000e-01  1.783718e-01
9.390000e-01  1.781069e-01
9.420000e-01  1.778428e-01
9.450000e-01  1.775796e-01
9.480000e-01  1.773173e-01
9.510000e-01  1.770558e-01
9.540000e-01  1.767951e-01
9.570000e-01  1.765353e-01
9.600000e-01  1.762763e-01
9.630000e-01  1.760181e-01
9.660000e-01  1.757607e-01
9.690000e-01  1.755041e-01
9.720000e-01  1.752484e-01
9.750000e-01  1.749934e-01
9.780000e-01  1.747392e-01
9.810000e-01  1.744858e-01
9.840000e-01  1.742332e-01
9.870000e-01  1.739813e-01
9.900000e-01  1.737302e-01
9.930000e-01  1.734799e-01
9.960000e-01  1.732303e-01
9.990000e-01  1.729815e-01
