000000  000001
3.000000e-03  8.213441e-01
6.000000e-03  7.391029e-01
9.000000e-03  6.861666e-01
1.200000e-02  6.475304e-01
1.500000e-02  6.173363e-01
1.800000e-02  5.926927e-01
2.100000e-02  5.719632e-01
2.400000e-02  5.541342e-01
2.700000e-02  5.385354e-01
3.000000e-02  5.247016e-01
3.300000e-02  5.122968e-01
3.600000e-02  5.010710e-01
3.900000e-02  4.908335e-01
4.200000e-02  4.814353e-01
4.500000e-02  4.727582e-01
4.800000e-02  4.647067e-01
5.100000e-02  4.572026e-01
5.400000e-02  4.501815e-01
5.700000e-02  4.435890e-01
6.000000e-02  4.373797e-01
6.300000e-02  4.315144e-01
6.600000e-02  4.259598e-01
6.900000e-02  4.206870e-01
7.200000e-02  4.156708e-01
7.500000e-02  4.108892e-01
7.800000e-02  4.063228e-01
8.100000e-02  4.019545e-01
8.400000e-02  3.977691e-01
8.700000e-02  3.937529e-01
9.000000e-02  3.898939e-01
9.300000e-02  3.861811e-01
9.600000e-02  3.826046e-01
9.900000e-02  3.791556e-01
1.020000e-01  3.758259e-01
1.050000e-01  3.726081e-01
1.080000e-01  3.694955e-01
1.110000e-01  3.664821e-01
1.140000e-01  3.635620e-01
1.170000e-01  3.607301e-01
1.200000e-01  3.579817e-01
1.230000e-01  3.553123e-01
1.260000e-01  3.527179e-01
1.290000e-01  3.501946e-01
1.320000e-01  3.477389e-01
1.350000e-01  3.453476e-01
1.380000e-01  3.430177e-01
1.410000e-01  3.407462e-01
1.440000e-01  3.385306e-01
1.470000e-01  3.363683e-01
1.500000e-01  3.342570e-01
1.530000e-01  3.321946e-01
1.560000e-01  3.301790e-01
1.590000e-01  3.282083e-01
1.620000e-01  3.262806e-01
1.650000e-01  3.243943e-01
1.680000e-01  3.225477e-01
1.710000e-01  3.207393e-01
1.740000e-01  3.189678e-01
1.770000e-01  3.172316e-01
1.800000e-01  3.155295e-01
1.830000e-01  3.138604e-01
1.860000e-01  3.122230e-01
1.890000e-01  3.106162e-01
1.920000e-01  3.090391e-01
1.950000e-01  3.074905e-01
1.980000e-01  3.059696e-01
2.010000e-01  3.044754e-01
2.040000e-01  3.030071e-01
2.070000e-01  3.015639e-01
2.100000e-01  3.001449e-01
2.130000e-01  2.987495e-01
2.160000e-01  2.973768e-01
2.190000e-01  2.960263e-01
2.220000e-01  2.946973e-01
2.250000e-01  2.933891e-01
2.280000e-01  2.921011e-01
2.310000e-01  2.908328e-01
2.340000e-01  2.895836e-01
2.370000e-01  2.883530e-01
2.400000e-01  2.871404e-01
2.430000e-01  2.859454e-01
2.460000e-01  2.847676e-01
2.490000e-01  2.836063e-01
2.520000e-01  2.824613e-01
2.550000e-01  2.813321e-01
2.580000e-01  2.802183e-01
2.610000e-01  2.791195e-01
2.640000e-01  2.780353e-01
2.670000e-01  2.769654e-01
2.700000e-01  2.759094e-01
2.730000e-01  2.748670e-01
2.760000e-01  2.738378e-01
2.790000e-01  2.728216e-01
2.820000e-01  2.718180e-01
2.850000e-01  2.708268e-01
2.880000e-01  2.698476e-01
2.910000e-01  2.688802e-01
2.940000e-01  2.679243e-01
2.970000e-01  2.669797e-01
3.000000e-01  2.660461e-01
3.030000e-01  2.651233e-01
3.060000e-01  2.642111e-01
3.090000e-01  2.633091e-01
3.120000e-01  2.624173e-01
3.150000e-01  2.615353e-01
3.180000e-01  2.606631e-01
3.210000e-01  2.598003e-01
3.240000e-01  2.589468e-01
3.270000e-01  2.581023e-01
3.300000e-01  2.572669e-01
3.330000e-01  2.564401e-01
3.360000e-01  2.556219e-01
3.390000e-01  2.548122e-01
3.420000e-01  2.540106e-01
3.450000e-01  2.532171e-01
3.480000e-01  2.524316e-01
3.510000e-01  2.516538e-01
3.540000e-01  2.508837e-01
3.570000e-01  2.501210e-01
3.600000e-01  2.493657e-01
3.630000e-01  2.486176e-01
3.660000e-01  2.478766e-01
3.690000e-01  2.471426e-01
3.720000e-01  2.464154e-01
3.750000e-01  2.456948e-01
3.780000e-01  2.449809e-01
3.810000e-01  2.442735e-01
3.840000e-01  2.435724e-01
3.870000e-01  2.428776e-01
3.900000e-01  2.421889e-01
3.930000e-01  2.415063e-01
3.960000e-01  2.408296e-01
3.990000e-01  2.401588e-01
4.020000e-01  2.394937e-01
4.050000e-01  2.388343e-01
4.080000e-01  2.381804e-01
4.110000e-01  2.375320e-01
4.140000e-01  2.368890e-01
4.170000e-01  2.362513e-01
4.200000e-01  2.356188e-01
4.230000e-01  2.349914e-01
4.260000e-01  2.343691e-01
4.290000e-01  2.337517e-01
4.320000e-01  2.331393e-01
4.350000e-01  2.325317e-01
4.380000e-01  2.319288e-01
4.410000e-01  2.313306e-01
4.440000e-01  2.307369e-01
4.470000e-01  2.301479e-01
4.500000e-01  2.295633e-01
4.530000e-01  2.289831e-01
4.560000e-01  2.284072e-01
4.590000e-01  2.278356e-01
4.620000e-01  2.272683e-01
4.650000e-01  2.267050e-01
4.680000e-01  2.261459e-01
4.710000e-01  2.255908e-01
4.740000e-01  2.250397e-01
4.770000e-01  2.244925e-01
4.800000e-01  2.239492e-01
4.830000e-01  2.234097e-01
4.860000e-01  2.228740e-01
4.890000e-01  2.223419e-01
4.920000e-01  2.218136e-01
4.950000e-01  2.212888e-01
4.980000e-01  2.207676e-01
5.010000e-01  2.202499e-01
5.040000e-01  2.197357e-01
5.070000e-01  2.192249e-01
5.100000e-01  2.187175e-01
5.130000e-01  2.182134e-01
5.160000e-01  2.177126e-01
5.190000e-01  2.172151e-01
5.220000e-01  2.167208e-01
5.250000e-01  2.162296e-01
5.280000e-01  2.157415e-01
5.310000e-01  2.152566e-01
5.340000e-01  2.147746e-01
5.370000e-01  2.142957e-01
5.400000e-01  2.138198e-01
5.430000e-01  2.133468e-01
5.460000e-01  2.128767e-01
5.490000e-01  2.124094e-01
5.520000e-01  2.119450e-01
5.550000e-01  2.114833e-01
5.580000e-01  2.110245e-01
5.610000e-01  2.105683e-01
5.640000e-01  2.101149e-01
5.670000e-01  2.096641e-01
5.700000e-01  2.092159e-01
5.730000e-01  2.087704e-01
5.760000e-01  2.083274e-01
5.790000e-01  2.078869e-01
5.820000e-01  2.074490e-01
5.850000e-01  2.070135e-01
5.880000e-01  2.065805e-01
5.910000e-01  2.061499e-01
5.940000e-01  2.057217e-01
5.970000e-01  2.052958e-01
6.000000e-01  2.048724e-01
6.030000e-01  2.044512e-01
6.060000e-01  2.040323e-01
6.090000e-01  2.036157e-01
6.120000e-01  2.032013e-01
6.150000e-01  2.027891e-01
6.180000e-01  2.023792e-01
6.210000e-01  2.019714e-01
6.240000e-01  2.015657e-01
6.270000e-01  2.011622e-01
6.300000e-01  2.007607e-01
6.330000e-01  2.003614e-01
6.360000e-01  1.999640e-01
6.390000e-01  1.995688e-01
6.420000e-01  1.991755e-01
6.450000e-01  1.987842e-01
6.480000e-01  1.983949e-01
6.510000e-01  1.980075e-01
6.540000e-01  1.976220e-01
6.570000e-01  1.972385e-01
6.600000e-01  1.968569e-01
6.630000e-01  1.964771e-01
6.660000e-01  1.960991e-01
6.690000e-01  1.957230e-01
6.720000e-01  1.953487e-01
6.750000e-01  1.949762e-01
6.780000e-01  1.946055e-01
6.810000e-01  1.942365e-01
6.840000e-01  1.938693e-01
6.870000e-01  1.935037e-01
6.900000e-01  1.931399e-01
6.930000e-01  1.927778e-01
6.960000e-01  1.924173e-01
6.990000e-01  1.920586e-01
7.020000e-01  1.917014e-01
7.050000e-01  1.913459e-01
7.080000e-01  1.909919e-01
7.110000e-01  1.906396e-01
7.140000e-01  1.902888e-01
7.170000e-01  1.899396e-01
7.200000e-01  1.895920e-01
7.230000e-01  1.892459e-01
7.260000e-01  1.889012e-01
7.290000e-01  1.885582e-01
7.320000e-01  1.882165e-01
7.350000e-01  1.878764e-01
7.380000e-01  1.875377e-01
7.410000e-01  1.872005e-01
7.440000e-01  1.868647e-01
7.470000e-01  1.865303e-01
7.500000e-01  1.861973e-01
7.530000e-01  1.858658e-01
7.560000e-01  1.855356e-01
7.590000e-01  1.852067e-01
7.620000e-01  1.848793e-01
7.650000e-01  1.845532e-01
7.680000e-01  1.842284e-01
7.710000e-01  1.839049e-01
7.740000e-01  1.835827e-01
7.770000e-01  1.832619e-01
7.800000e-01  1.829423e-01
7.830000e-01  1.826240e-01
7.860000e-01  1.823069e-01
7.890000e-01  1.819912e-01
7.920000e-01  1.816766e-01
7.950000e-01  1.813633e-01
7.980000e-01  1.810512e-01
8.010000e-01  1.807403e-01
8.040000e-01  1.804306e-01
8.070000e-01  1.801221e-01
8.100000e-01  1.798147e-01
8.130000e-01  1.795086e-01
8.160000e-01  1.792035e-01
8.190000e-01  1.788997e-01
8.220000e-01  1.785970e-01
8.250000e-01  1.782954e-01
8.280000e-01  1.779949e-01
8.310000e-01  1.776955e-01
8.340000e-01  1.773972e-01
8.370000e-01  1.771000e-01
8.400000e-01  1.768039e-01
8.430000e-01  1.765089e-01
8.460000e-01  1.762149e-01
8.490000e-01  1.759220e-01
8.520000e-01  1.756302e-01
8.550000e-01  1.753393e-01
8.580000e-01  1.750495e-01
8.610000e-01  1.747607e-01
8.640000e-01  1.744729e-01
8.670000e-01  1.741862e-01
8.700000e-01  1.739004e-01
8.730000e-01  1.736156e-01
8.760000e-01  1.733318e-01
8.790000e-01  1.730489e-01
8.820000e-01  1.727670e-01
8.850000e-01  1.724861e-01
8.880000e-01  1.722061e-01
8.910000e-01  1.719271e-01
8.940000e-01  1.716490e-01
8.970000e-01  1.713718e-01
9.000000e-01  1.710955e-01
9.030000e-01  1.708201e-01
9.060000e-01  1.705457e-01
9.090000e-01  1.702721e-01
9.120000e-01  1.699994e-01
9.150000e-01  1.697277e-01
9.180000e-01  1.694567e-01
9.210000e-01  1.691867e-01
9.240000e-01  1.689175e-01
9.270000e-01  1.686492e-01
9.300000e-01  1.683817e-01
9.330000e-01  1.681150e-01
9.360000e-01  1.678492e-01
9.390000e-01  1.675842e-01
9.420000e-01  1.673200e-01
9.450000e-01  1.670567e-01
9.480000e-01  1.667941e-01
9.510000e-01  1.665324e-01
9.540000e-01  1.662715e-01
9.570000e-01  1.660113e-01
9.600000e-01  1.657519e-01
9.630000e-01  1.654933e-01
9.660000e-01  1.652355e-01
9.690000e-01  1.649785e-01
9.720000e-01  1.647222e-01
9.750000e-01  1.644666e-01
9.780000e-01  1.642118e-01
9.810000e-01  1.639578e-01
9.840000e-01  1.637045e-01
9.870000e-01  1.634519e-01
9.900000e-01  1.632000e-01
9.930000e-01  1.629489e-01
9.960000e-01  1.626985e-01
9.990000e-01  1.624488e-01
