000000  000001
3.000000e-03  7.513329e-01
6.000000e-03  6.605951e-01
9.000000e-03  6.057725e-01
1.200000e-02  5.670520e-01
1.500000e-02  5.374136e-01
1.800000e-02  5.135721e-01
2.100000e-02  4.937332e-01
2.400000e-02  4.768131e-01
2.700000e-02  4.621090e-01
3.000000e-02  4.491406e-01
3.300000e-02  4.375654e-01
3.600000e-02  4.271315e-01
3.900000e-02  4.176480e-01
4.200000e-02  4.089673e-01
4.500000e-02  4.009729e-01
4.800000e-02  3.935714e-01
5.100000e-02  3.866868e-01
5.400000e-02  3.802565e-01
5.700000e-02  3.742282e-01
6.000000e-02  3.685581e-01
6.300000e-02  3.632088e-01
6.600000e-02  3.581485e-01
6.900000e-02  3.533498e-01
7.200000e-02  3.487887e-01
7.500000e-02  3.444444e-01
7.800000e-02  3.402987e-01
8.100000e-02  3.363354e-01
8.400000e-02  3.325403e-01
8.700000e-02  3.289006e-01
9.000000e-02  3.254049e-01
9.300000e-02  3.220432e-01
9.600000e-02  3.188060e-01
9.900000e-02  3.156853e-01
1.020000e-01  3.126733e-01
1.050000e-01  3.097634e-01
1.080000e-01  3.069492e-01
1.110000e-01  3.042251e-01
1.140000e-01  3.015859e-01
1.170000e-01  2.990267e-01
1.200000e-01  2.965432e-01
1.230000e-01  2.941312e-01
1.260000e-01  2.917871e-01
1.290000e-01  2.895073e-01
1.320000e-01  2.872887e-01
1.350000e-01  2.851282e-01
1.380000e-01  2.830230e-01
1.410000e-01  2.809706e-01
1.440000e-01  2.789685e-01
1.470000e-01  2.770145e-01
1.500000e-01  2.751063e-01
1.530000e-01  2.732422e-01
1.560000e-01  2.714200e-01
1.590000e-01  2.696382e-01
1.620000e-01  2.678951e-01
1.650000e-01  2.661891e-01
1.680000e-01  2.645187e-01
1.710000e-01  2.628825e-01
1.740000e-01  2.612794e-01
1.770000e-01  2.597079e-01
1.800000e-01  2.581670e-01
1.830000e-01  2.566555e-01
1.860000e-01  2.551724e-01
1.890000e-01  2.537167e-01
1.920000e-01  2.522874e-01
1.950000e-01  2.508837e-01
1.980000e-01  2.495046e-01
2.010000e-01  2.481494e-01
2.040000e-01  2.468173e-01
2.070000e-01  2.455075e-01
2.100000e-01  2.442193e-01
2.130000e-01  2.429521e-01
2.160000e-01  2.417052e-01
2.190000e-01  2.404780e-01
2.220000e-01  2.392699e-01
2.250000e-01  2.380803e-01
2.280000e-01  2.369087e-01
2.310000e-01  2.357546e-01
2.340000e-01  2.346174e-01
2.370000e-01  2.334967e-01
2.400000e-01  2.323921e-01
2.430000e-01  2.313030e-01
2.460000e-01  2.302292e-01
2.490000e-01  2.291700e-01
2.520000e-01  2.281253e-01
2.550000e-01  2.270945e-01
2.580000e-01  2.260774e-01
2.610000e-01  2.250735e-01
2.640000e-01  2.240826e-01
2.670000e-01  2.231043e-01
2.700000e-01  2.221383e-01
2.730000e-01  2.211843e-01
2.760000e-01  2.202420e-01
2.790000e-01  2.193111e-01
2.820000e-01  2.183914e-01
2.850000e-01  2.174826e-01
2.880000e-01  2.165844e-01
2.910000e-01  2.156966e-01
2.940000e-01  2.148190e-01
2.970000e-01  2.139513e-01
3.000000e-01  2.130933e-01
3.030000e-01  2.122448e-01
3.060000e-01  2.114055e-01
3.090000e-01  2.105753e-01
3.120000e-01  2.097540e-01
3.150000e-01  2.089414e-01
3.180000e-01  2.081373e-01
3.210000e-01  2.073415e-01
3.240000e-01  2.065539e-01
3.270000e-01  2.057742e-01
3.300000e-01  2.050024e-01
3.330000e-01  2.042382e-01
3.360000e-01  2.034816e-01
3.390000e-01  2.027323e-01
3.420000e-01  2.019901e-01
3.450000e-01  2.012551e-01
3.480000e-01  2.005270e-01
3.510000e-01  1.998057e-01
3.540000e-01  1.990910e-01
3.570000e-01  1.983829e-01
3.600000e-01  1.976812e-01
3.630000e-01  1.969858e-01
3.660000e-01  1.962966e-01
3.690000e-01  1.956134e-01
3.720000e-01  1.949362e-01
3.750000e-01  1.942648e-01
3.780000e-01  1.935992e-01
3.810000e-01  1.929392e-01
3.840000e-01  1.922847e-01
3.870000e-01  1.916356e-01
3.900000e-01  1.909919e-01
3.930000e-01  1.903535e-01
3.960000e-01  1.897202e-01
3.990000e-01  1.890919e-01
4.020000e-01  1.884687e-01
4.050000e-01  1.878503e-01
4.080000e-01  1.872367e-01
4.110000e-01  1.866279e-01
4.140000e-01  1.860237e-01
4.170000e-01  1.854241e-01
4.200000e-01  1.848290e-01
4.230000e-01  1.842384e-01
4.260000e-01  1.836520e-01
4.290000e-01  1.830700e-01
4.320000e-01  1.824921e-01
4.350000e-01  1.819185e-01
4.380000e-01  1.813489e-01
4.410000e-01  1.807833e-01
4.440000e-01  1.802216e-01
4.470000e-01  1.796639e-01
4.500000e-01  1.791099e-01
4.530000e-01  1.785598e-01
4.560000e-01  1.780133e-01
4.590000e-01  1.774706e-01
4.620000e-01  1.769314e-01
4.650000e-01  1.763957e-01
4.680000e-01  1.758636e-01
4.710000e-01  1.753349e-01
4.740000e-01  1.748095e-01
4.770000e-01  1.742875e-01
4.800000e-01  1.737688e-01
4.830000e-01  1.732533e-01
4.860000e-01  1.727411e-01
4.890000e-01  1.722319e-01
4.920000e-01  1.717259e-01
4.950000e-01  1.712229e-01
4.980000e-01  1.707229e-01
5.010000e-01  1.702259e-01
5.040000e-01  1.697318e-01
5.070000e-01  1.692406e-01
5.100000e-01  1.687523e-01
5.130000e-01  1.682667e-01
5.160000e-01  1.677839e-01
5.190000e-01  1.673038e-01
5.220000e-01  1.668264e-01
5.250000e-01  1.663517e-01
5.280000e-01  1.658795e-01
5.310000e-01  1.654099e-01
5.340000e-01  1.649429e-01
5.370000e-01  1.644784e-01
5.400000e-01  1.640163e-01
5.430000e-01  1.635567e-01
5.460000e-01  1.630995e-01
5.490000e-01  1.626446e-01
5.520000e-01  1.621921e-01
5.550000e-01  1.617419e-01
5.580000e-01  1.612940e-01
5.610000e-01  1.608483e-01
5.640000e-01  1.604048e-01
5.670000e-01  1.599635e-01
5.700000e-01  1.595244e-01
5.730000e-01  1.590873e-01
5.760000e-01  1.586524e-01
5.790000e-01  1.582196e-01
5.820000e-01  1.577888e-01
5.850000e-01  1.573600e-01
5.880000e-01  1.569332e-01
5.910000e-01  1.565083e-01
5.940000e-01  1.560854e-01
5.970000e-01  1.556644e-01
6.000000e-01  1.552453e-01
6.030000e-01  1.548281e-01
6.060000e-01  1.544126e-01
6.090000e-01  1.539990e-01
6.120000e-01  1.535872e-01
6.150000e-01  1.531772e-01
6.180000e-01  1.527689e-01
6.210000e-01  1.523623e-01
6.240000e-01  1.519574e-01
6.270000e-01  1.515542e-01
6.300000e-01  1.511526e-01
6.330000e-01  1.507527e-01
6.360000e-01  1.503544e-01
6.390000e-01  1.499576e-01
6.420000e-01  1.495625e-01
6.450000e-01  1.491689e-01
6.480000e-01  1.487768e-01
6.510000e-01  1.483862e-01
6.540000e-01  1.479971e-01
6.570000e-01  1.476095e-01
6.600000e-01  1.472233e-01
6.630000e-01  1.468385e-01
6.660000e-01  1.464552e-01
6.690000e-01  1.460732e-01
6.720000e-01  1.456927e-01
6.750000e-01  1.453134e-01
6.780000e-01  1.449356e-01
6.810000e-01  1.445590e-01
6.840000e-01  1.441837e-01
6.870000e-01  1.438097e-01
6.900000e-01  1.434370e-01
6.930000e-01  1.430656e-01
6.960000e-01  1.426953e-01
6.990000e-01  1.423263e-01
7.020000e-01  1.419585e-01
7.050000e-01  1.415918e-01
7.080000e-01  1.412264e-01
7.110000e-01  1.408621e-01
7.140000e-01  1.404989e-01
7.170000e-01  1.401368e-01
7.200000e-01  1.397758e-01
7.230000e-01  1.394160e-01
7.260000e-01  1.390572e-01
7.290000e-01  1.386994e-01
7.320000e-01  1.383427e-01
7.350000e-01  1.379870e-01
7.380000e-01  1.376323e-01
7.410000e-01  1.372787e-01
7.440000e-01  1.369260e-01
7.470000e-01  1.365742e-01
7.500000e-01  1.362234e-01
7.530000e-01  1.358736e-01
7.560000e-01  1.355247e-01
7.590000e-01  1.351767e-01
7.620000e-01  1.348296e-01
7.650000e-01  1.344833e-01
7.680000e-01  1.341380e-01
7.710000e-01  1.337934e-01
7.740000e-01  1.334498e-01
7.770000e-01  1.331069e-01
7.800000e-01  1.327649e-01
7.830000e-01  1.324236e-01
7.860000e-01  1.320832e-01
7.890000e-01  1.317435e-01
7.920000e-01  1.314046e-01
7.950000e-01  1.310664e-01
7.980000e-01  1.307289e-01
8.010000e-01  1.303922e-01
8.040000e-01  1.300562e-01
8.070000e-01  1.297208e-01
8.100000e-01  1.293862e-01
8.130000e-01  1.290522e-01
8.160000e-01  1.287188e-01
8.190000e-01  1.283861e-01
8.220000e-01  1.280540e-01
8.250000e-01  1.277226e-01
8.280000e-01  1.273917e-01
8.310000e-01  1.270614e-01
8.340000e-01  1.267317e-01
8.370000e-01  1.264025e-01
8.400000e-01  1.260739e-01
8.430000e-01  1.257459e-01
8.460000e-01  1.254183e-01
8.490000e-01  1.250913e-01
8.520000e-01  1.247647e-01
8.550000e-01  1.244387e-01
8.580000e-01  1.241131e-01
8.610000e-01  1.237879e-01
8.640000e-01  1.234632e-01
8.670000e-01  1.231390e-01
8.700000e-01  1.228151e-01
8.730000e-01  1.224917e-01
8.760000e-01  1.221686e-01
8.790000e-01  1.218460e-01
8.820000e-01  1.215236e-01
8.850000e-01  1.212017e-01
8.880000e-01  1.208801e-01
8.910000e-01  1.205587e-01
8.940000e-01  1.202378e-01
8.970000e-01  1.199171e-01
9.000000e-01  1.195966e-01
9.030000e-01  1.192765e-01
9.060000e-01  1.189566e-01
9.090000e-01  1.186369e-01
9.120000e-01  1.183175e-01
9.150000e-01  1.179983e-01
9.180000e-01  1.176793e-01
9.210000e-01  1.173604e-01
9.240000e-01  1.170417e-01
9.270000e-01  1.167232e-01
9.300000e-01  1.164048e-01
9.330000e-01  1.160866e-01
9.360000e-01  1.157684e-01
9.390000e-01  1.154504e-01
9.420000e-01  1.151324e-01
9.450000e-01  1.148145e-01
9.480000e-01  1.144966e-01
9.510000e-01  1.141787e-01
9.540000e-01  000000
9.570000e-01  000000
9.600000e-01  000000
9.630000e-01  000000
9.660000e-01  000000
9.690000e-01  000000
9.720000e-01  000000
9.750000e-01  000000
9.780000e-01  000000
9.810000e-01  000000
9.840000e-01  000000
9.870000e-01  000000
9.900000e-01  000000
9.930000e-01  000000
9.960000e-01  000000
9.990000e-01  000000
