000000  000001
3.000000e-03  8.063088e-01
6.000000e-03  7.216310e-01
9.000000e-03  6.679761e-01
1.200000e-02  6.291399e-01
1.500000e-02  5.989504e-01
1.800000e-02  5.744027e-01
2.100000e-02  5.538118e-01
2.400000e-02  5.361409e-01
2.700000e-02  5.207077e-01
3.000000e-02  5.070407e-01
3.300000e-02  4.948006e-01
3.600000e-02  4.837355e-01
3.900000e-02  4.736535e-01
4.200000e-02  4.644055e-01
4.500000e-02  4.558729e-01
4.800000e-02  4.479603e-01
5.100000e-02  4.405898e-01
5.400000e-02  4.336970e-01
5.700000e-02  4.272279e-01
6.000000e-02  4.211372e-01
6.300000e-02  4.153860e-01
6.600000e-02  4.099413e-01
6.900000e-02  4.047743e-01
7.200000e-02  3.998601e-01
7.500000e-02  3.951769e-01
7.800000e-02  3.907055e-01
8.100000e-02  3.864290e-01
8.400000e-02  3.823323e-01
8.700000e-02  3.784020e-01
9.000000e-02  3.746261e-01
9.300000e-02  3.709938e-01
9.600000e-02  3.674953e-01
9.900000e-02  3.641219e-01
1.020000e-01  3.608656e-01
1.050000e-01  3.577192e-01
1.080000e-01  3.546759e-01
1.110000e-01  3.517297e-01
1.140000e-01  3.488751e-01
1.170000e-01  3.461070e-01
1.200000e-01  3.434206e-01
1.230000e-01  3.408116e-01
1.260000e-01  3.382759e-01
1.290000e-01  3.358100e-01
1.320000e-01  3.334103e-01
1.350000e-01  3.310735e-01
1.380000e-01  3.287968e-01
1.410000e-01  3.265773e-01
1.440000e-01  3.244124e-01
1.470000e-01  3.222997e-01
1.500000e-01  3.202369e-01
1.530000e-01  3.182218e-01
1.560000e-01  3.162525e-01
1.590000e-01  3.143271e-01
1.620000e-01  3.124437e-01
1.650000e-01  3.106008e-01
1.680000e-01  3.087967e-01
1.710000e-01  3.070299e-01
1.740000e-01  3.052990e-01
1.770000e-01  3.036027e-01
1.800000e-01  3.019398e-01
1.830000e-01  3.003090e-01
1.860000e-01  2.987091e-01
1.890000e-01  2.971392e-01
1.920000e-01  2.955982e-01
1.950000e-01  2.940851e-01
1.980000e-01  2.925989e-01
2.010000e-01  2.911389e-01
2.040000e-01  2.897040e-01
2.070000e-01  2.882937e-01
2.100000e-01  2.869070e-01
2.130000e-01  2.855433e-01
2.160000e-01  2.842018e-01
2.190000e-01  2.828819e-01
2.220000e-01  2.815829e-01
2.250000e-01  2.803043e-01
2.280000e-01  2.790454e-01
2.310000e-01  2.778056e-01
2.340000e-01  2.765845e-01
2.370000e-01  2.753814e-01
2.400000e-01  2.741960e-01
2.430000e-01  2.730277e-01
2.460000e-01  2.718761e-01
2.490000e-01  2.707407e-01
2.520000e-01  2.696211e-01
2.550000e-01  2.685169e-01
2.580000e-01  2.674277e-01
2.610000e-01  2.663531e-01
2.640000e-01  2.652928e-01
2.670000e-01  2.642463e-01
2.700000e-01  2.632134e-01
2.730000e-01  2.621937e-01
2.760000e-01  2.611870e-01
2.790000e-01  2.601928e-01
2.820000e-01  2.592109e-01
2.850000e-01  2.582411e-01
2.880000e-01  2.572830e-01
2.910000e-01  2.563364e-01
2.940000e-01  2.554010e-01
2.970000e-01  2.544765e-01
3.000000e-01  2.535628e-01
3.030000e-01  2.526596e-01
3.060000e-01  2.517666e-01
3.090000e-01  2.508837e-01
3.120000e-01  2.500106e-01
3.150000e-01  2.491471e-01
3.180000e-01  2.482930e-01
3.210000e-01  2.474482e-01
3.240000e-01  2.466124e-01
3.270000e-01  2.457854e-01
3.300000e-01  2.449671e-01
3.330000e-01  2.441574e-01
3.360000e-01  2.433559e-01
3.390000e-01  2.425626e-01
3.420000e-01  2.417773e-01
3.450000e-01  2.409999e-01
3.480000e-01  2.402302e-01
3.510000e-01  2.394680e-01
3.540000e-01  2.387133e-01
3.570000e-01  2.379658e-01
3.600000e-01  2.372255e-01
3.630000e-01  2.364921e-01
3.660000e-01  2.357657e-01
3.690000e-01  2.350460e-01
3.720000e-01  2.343330e-01
3.750000e-01  2.336265e-01
3.780000e-01  2.329264e-01
3.810000e-01  2.322325e-01
3.840000e-01  2.315449e-01
3.870000e-01  2.308634e-01
3.900000e-01  2.301878e-01
3.930000e-01  2.295180e-01
3.960000e-01  2.288541e-01
3.990000e-01  2.281958e-01
4.020000e-01  2.275432e-01
4.050000e-01  2.268960e-01
4.080000e-01  2.262542e-01
4.110000e-01  2.256177e-01
4.140000e-01  2.249864e-01
4.170000e-01  2.243603e-01
4.200000e-01  2.237393e-01
4.230000e-01  2.231232e-01
4.260000e-01  2.225120e-01
4.290000e-01  2.219056e-01
4.320000e-01  2.213040e-01
4.350000e-01  2.207071e-01
4.380000e-01  2.201148e-01
4.410000e-01  2.195270e-01
4.440000e-01  2.189437e-01
4.470000e-01  2.183648e-01
4.500000e-01  2.177902e-01
4.530000e-01  2.172199e-01
4.560000e-01  2.166538e-01
4.590000e-01  2.160918e-01
4.620000e-01  2.155340e-01
4.650000e-01  2.149801e-01
4.680000e-01  2.144303e-01
4.710000e-01  2.138843e-01
4.740000e-01  2.133422e-01
4.770000e-01  2.128039e-01
4.800000e-01  2.122693e-01
4.830000e-01  2.117385e-01
4.860000e-01  2.112113e-01
4.890000e-01  2.106876e-01
4.920000e-01  2.101676e-01
4.950000e-01  2.096510e-01
4.980000e-01  2.091379e-01
5.010000e-01  2.086281e-01
5.040000e-01  2.081218e-01
5.070000e-01  2.076187e-01
5.100000e-01  2.071189e-01
5.130000e-01  2.066224e-01
5.160000e-01  2.061290e-01
5.190000e-01  2.056388e-01
5.220000e-01  2.051517e-01
5.250000e-01  2.046676e-01
5.280000e-01  2.041866e-01
5.310000e-01  2.037085e-01
5.340000e-01  2.032334e-01
5.370000e-01  2.027612e-01
5.400000e-01  2.022919e-01
5.430000e-01  2.018254e-01
5.460000e-01  2.013617e-01
5.490000e-01  2.009008e-01
5.520000e-01  2.004426e-01
5.550000e-01  1.999871e-01
5.580000e-01  1.995343e-01
5.610000e-01  1.990841e-01
5.640000e-01  1.986366e-01
5.670000e-01  1.981915e-01
5.700000e-01  1.977491e-01
5.730000e-01  1.973091e-01
5.760000e-01  1.968716e-01
5.790000e-01  1.964366e-01
5.820000e-01  1.960040e-01
5.850000e-01  1.955738e-01
5.880000e-01  1.951460e-01
5.910000e-01  1.947205e-01
5.940000e-01  1.942973e-01
5.970000e-01  1.938764e-01
6.000000e-01  1.934577e-01
6.030000e-01  1.930413e-01
6.060000e-01  1.926271e-01
6.090000e-01  1.922151e-01
6.120000e-01  1.918052e-01
6.150000e-01  1.913975e-01
6.180000e-01  1.909919e-01
6.210000e-01  1.905884e-01
6.240000e-01  1.901870e-01
6.270000e-01  1.897876e-01
6.300000e-01  1.893902e-01
6.330000e-01  1.889948e-01
6.360000e-01  1.886014e-01
6.390000e-01  1.882099e-01
6.420000e-01  1.878204e-01
6.450000e-01  1.874328e-01
6.480000e-01  1.870471e-01
6.510000e-01  1.866633e-01
6.540000e-01  1.862813e-01
6.570000e-01  1.859011e-01
6.600000e-01  1.855228e-01
6.630000e-01  1.851463e-01
6.660000e-01  1.847715e-01
6.690000e-01  1.843985e-01
6.720000e-01  1.840272e-01
6.750000e-01  1.836577e-01
6.780000e-01  1.832899e-01
6.810000e-01  1.829237e-01
6.840000e-01  1.825593e-01
6.870000e-01  1.821964e-01
6.900000e-01  1.818353e-01
6.930000e-01  1.814757e-01
6.960000e-01  1.811177e-01
6.990000e-01  1.807614e-01
7.020000e-01  1.804066e-01
7.050000e-01  1.800533e-01
7.080000e-01  1.797016e-01
7.110000e-01  1.793515e-01
7.140000e-01  1.790028e-01
7.170000e-01  1.786557e-01
7.200000e-01  1.783100e-01
7.230000e-01  1.779658e-01
7.260000e-01  1.776230e-01
7.290000e-01  1.772817e-01
7.320000e-01  1.769418e-01
7.350000e-01  1.766033e-01
7.380000e-01  1.762662e-01
7.410000e-01  1.759305e-01
7.440000e-01  1.755962e-01
7.470000e-01  1.752633e-01
7.500000e-01  1.749316e-01
7.530000e-01  1.746013e-01
7.560000e-01  1.742724e-01
7.590000e-01  1.739447e-01
7.620000e-01  1.736183e-01
7.650000e-01  1.732933e-01
7.680000e-01  1.729695e-01
7.710000e-01  1.726469e-01
7.740000e-01  1.723256e-01
7.770000e-01  1.720055e-01
7.800000e-01  1.716867e-01
7.830000e-01  1.713691e-01
7.860000e-01  1.710527e-01
7.890000e-01  1.707375e-01
7.920000e-01  1.704234e-01
7.950000e-01  1.701105e-01
7.980000e-01  1.697988e-01
8.010000e-01  1.694883e-01
8.040000e-01  1.691788e-01
8.070000e-01  1.688705e-01
8.100000e-01  1.685634e-01
8.130000e-01  1.682573e-01
8.160000e-01  1.679523e-01
8.190000e-01  1.676485e-01
8.220000e-01  1.673457e-01
8.250000e-01  1.670439e-01
8.280000e-01  1.667433e-01
8.310000e-01  1.664436e-01
8.340000e-01  1.661451e-01
8.370000e-01  1.658475e-01
8.400000e-01  1.655510e-01
8.430000e-01  1.652555e-01
8.460000e-01  1.649610e-01
8.490000e-01  1.646675e-01
8.520000e-01  1.643750e-01
8.550000e-01  1.640835e-01
8.580000e-01  1.637929e-01
8.610000e-01  1.635033e-01
8.640000e-01  1.632147e-01
8.670000e-01  1.629270e-01
8.700000e-01  1.626402e-01
8.730000e-01  1.623544e-01
8.760000e-01  1.620695e-01
8.790000e-01  1.617855e-01
8.820000e-01  1.615024e-01
8.850000e-01  1.612203e-01
8.880000e-01  1.609390e-01
8.910000e-01  1.606586e-01
8.940000e-01  1.603790e-01
8.970000e-01  1.601004e-01
9.000000e-01  1.598226e-01
9.030000e-01  1.595456e-01
9.060000e-01  1.592695e-01
9.090000e-01  1.589943e-01
9.120000e-01  1.587198e-01
9.150000e-01  1.584463e-01
9.180000e-01  1.581735e-01
9.210000e-01  1.579015e-01
9.240000e-01  1.576303e-01
9.270000e-01  1.573600e-01
9.300000e-01  1.570904e-01
9.330000e-01  1.568216e-01
9.360000e-01  1.565536e-01
9.390000e-01  1.562864e-01
9.420000e-01  1.560199e-01
9.450000e-01  1.557542e-01
9.480000e-01  1.554892e-01
9.510000e-01  1.552250e-01
9.540000e-01  1.549615e-01
9.570000e-01  1.546988e-01
9.600000e-01  1.544368e-01
9.630000e-01  1.541755e-01
9.660000e-01  1.539149e-01
9.690000e-01  1.536551e-01
9.720000e-01  1.533959e-01
9.750000e-01  1.531375e-01
9.780000e-01  1.528797e-01
9.810000e-01  1.526226e-01
9.840000e-01  1.523662e-01
9.870000e-01  1.521105e-01
9.900000e-01  1.518555e-01
9.930000e-01  1.516011e-01
9.960000e-01  1.513474e-01
9.990000e-01  1.510943e-01
