000000  000001
3.000000e-03  9.418182e-01
6.000000e-03  8.987870e-01
9.000000e-03  8.646742e-01
1.200000e-02  8.364564e-01
1.500000e-02  8.124295e-01
1.800000e-02  7.915355e-01
2.100000e-02  7.730718e-01
2.400000e-02  7.565479e-01
2.700000e-02  7.416074e-01
3.000000e-02  7.279835e-01
3.300000e-02  7.154712e-01
3.600000e-02  7.039093e-01
3.900000e-02  6.931694e-01
4.200000e-02  6.831469e-01
4.500000e-02  6.737559e-01
4.800000e-02  6.649250e-01
5.100000e-02  6.565938e-01
5.400000e-02  6.487115e-01
5.700000e-02  6.412342e-01
6.000000e-02  6.341242e-01
6.300000e-02  6.273488e-01
6.600000e-02  6.208794e-01
6.900000e-02  6.146907e-01
7.200000e-02  6.087606e-01
7.500000e-02  6.030693e-01
7.800000e-02  5.975993e-01
8.100000e-02  5.923348e-01
8.400000e-02  5.872617e-01
8.700000e-02  5.823671e-01
9.000000e-02  5.776396e-01
9.300000e-02  5.730687e-01
9.600000e-02  5.686447e-01
9.900000e-02  5.643591e-01
1.020000e-01  5.602038e-01
1.050000e-01  5.561715e-01
1.080000e-01  5.522555e-01
1.110000e-01  5.484496e-01
1.140000e-01  5.447480e-01
1.170000e-01  5.411455e-01
1.200000e-01  5.376371e-01
1.230000e-01  5.342183e-01
1.260000e-01  5.308848e-01
1.290000e-01  5.276326e-01
1.320000e-01  5.244581e-01
1.350000e-01  5.213578e-01
1.380000e-01  5.183285e-01
1.410000e-01  5.153671e-01
1.440000e-01  5.124708e-01
1.470000e-01  5.096370e-01
1.500000e-01  5.068630e-01
1.530000e-01  5.041465e-01
1.560000e-01  5.014854e-01
1.590000e-01  4.988774e-01
1.620000e-01  4.963207e-01
1.650000e-01  4.938132e-01
1.680000e-01  4.913532e-01
1.710000e-01  4.889391e-01
1.740000e-01  4.865692e-01
1.770000e-01  4.842419e-01
1.800000e-01  4.819559e-01
1.830000e-01  4.797098e-01
1.860000e-01  4.775022e-01
1.890000e-01  4.753319e-01
1.920000e-01  4.731977e-01
1.950000e-01  4.710984e-01
1.980000e-01  4.690331e-01
2.010000e-01  4.670005e-01
2.040000e-01  4.649998e-01
2.070000e-01  4.630301e-01
2.100000e-01  4.610903e-01
2.130000e-01  4.591796e-01
2.160000e-01  4.572972e-01
2.190000e-01  4.554424e-01
2.220000e-01  4.536142e-01
2.250000e-01  4.518120e-01
2.280000e-01  4.500351e-01
2.310000e-01  4.482829e-01
2.340000e-01  4.465545e-01
2.370000e-01  4.448495e-01
2.400000e-01  4.431672e-01
2.430000e-01  4.415071e-01
2.460000e-01  4.398685e-01
2.490000e-01  4.382510e-01
2.520000e-01  4.366540e-01
2.550000e-01  4.350770e-01
2.580000e-01  4.335195e-01
2.610000e-01  4.319811e-01
2.640000e-01  4.304613e-01
2.670000e-01  4.289597e-01
2.700000e-01  4.274759e-01
2.730000e-01  4.260094e-01
2.760000e-01  4.245599e-01
2.790000e-01  4.231269e-01
2.820000e-01  4.217102e-01
2.850000e-01  4.203093e-01
2.880000e-01  4.189239e-01
2.910000e-01  4.175537e-01
2.940000e-01  4.161983e-01
2.970000e-01  4.148575e-01
3.000000e-01  4.135309e-01
3.030000e-01  4.122183e-01
3.060000e-01  4.109193e-01
3.090000e-01  4.096336e-01
3.120000e-01  4.083611e-01
3.150000e-01  4.071014e-01
3.180000e-01  4.058542e-01
3.210000e-01  4.046194e-01
3.240000e-01  4.033968e-01
3.270000e-01  4.021859e-01
3.300000e-01  4.009867e-01
3.330000e-01  3.997989e-01
3.360000e-01  3.986224e-01
3.390000e-01  3.974568e-01
3.420000e-01  3.963020e-01
3.450000e-01  3.951577e-01
3.480000e-01  3.940239e-01
3.510000e-01  3.929003e-01
3.540000e-01  3.917867e-01
3.570000e-01  3.906829e-01
3.600000e-01  3.895889e-01
3.630000e-01  3.885043e-01
3.660000e-01  3.874291e-01
3.690000e-01  3.863630e-01
3.720000e-01  3.853059e-01
3.750000e-01  3.842578e-01
3.780000e-01  3.832183e-01
3.810000e-01  3.821874e-01
3.840000e-01  3.811650e-01
3.870000e-01  3.801508e-01
3.900000e-01  3.791448e-01
3.930000e-01  3.781468e-01
3.960000e-01  3.771567e-01
3.990000e-01  3.761744e-01
4.020000e-01  3.751997e-01
4.050000e-01  3.742325e-01
4.080000e-01  3.732727e-01
4.110000e-01  3.723202e-01
4.140000e-01  3.713749e-01
4.170000e-01  3.704367e-01
4.200000e-01  3.695054e-01
4.230000e-01  3.685810e-01
4.260000e-01  3.676633e-01
4.290000e-01  3.667522e-01
4.320000e-01  3.658477e-01
4.350000e-01  3.649497e-01
4.380000e-01  3.640580e-01
4.410000e-01  3.631726e-01
4.440000e-01  3.622933e-01
4.470000e-01  3.614201e-01
4.500000e-01  3.605530e-01
4.530000e-01  3.596917e-01
4.560000e-01  3.588363e-01
4.590000e-01  3.579866e-01
4.620000e-01  3.571425e-01
4.650000e-01  3.563041e-01
4.680000e-01  3.554712e-01
4.710000e-01  3.546437e-01
4.740000e-01  3.538215e-01
4.770000e-01  3.530046e-01
4.800000e-01  3.521930e-01
4.830000e-01  3.513865e-01
4.860000e-01  3.505850e-01
4.890000e-01  3.497886e-01
4.920000e-01  3.489971e-01
4.950000e-01  3.482105e-01
4.980000e-01  3.474287e-01
5.010000e-01  3.466517e-01
5.040000e-01  3.458793e-01
5.070000e-01  3.451116e-01
5.100000e-01  3.443484e-01
5.130000e-01  3.435898e-01
5.160000e-01  3.428356e-01
5.190000e-01  3.420858e-01
5.220000e-01  3.413403e-01
5.250000e-01  3.405991e-01
5.280000e-01  3.398622e-01
5.310000e-01  3.391294e-01
5.340000e-01  3.384008e-01
5.370000e-01  3.376763e-01
5.400000e-01  3.369558e-01
5.430000e-01  3.362392e-01
5.460000e-01  3.355266e-01
5.490000e-01  3.348179e-01
5.520000e-01  3.341130e-01
5.550000e-01  3.334119e-01
5.580000e-01  3.327146e-01
5.610000e-01  3.320210e-01
5.640000e-01  3.313310e-01
5.670000e-01  3.306446e-01
5.700000e-01  3.299619e-01
5.730000e-01  3.292826e-01
5.760000e-01  3.286069e-01
5.790000e-01  3.279346e-01
5.820000e-01  3.272657e-01
5.850000e-01  3.266002e-01
5.880000e-01  3.259380e-01
5.910000e-01  3.252792e-01
5.940000e-01  3.246236e-01
5.970000e-01  3.239712e-01
6.000000e-01  3.233220e-01
6.030000e-01  3.226760e-01
6.060000e-01  3.220331e-01
6.090000e-01  3.213932e-01
6.120000e-01  3.207565e-01
6.150000e-01  3.201227e-01
6.180000e-01  3.194919e-01
6.210000e-01  3.188641e-01
6.240000e-01  3.182392e-01
6.270000e-01  3.176172e-01
6.300000e-01  3.169981e-01
6.330000e-01  3.163818e-01
6.360000e-01  3.157682e-01
6.390000e-01  3.151575e-01
6.420000e-01  3.145495e-01
6.450000e-01  3.139442e-01
6.480000e-01  3.133416e-01
6.510000e-01  3.127416e-01
6.540000e-01  3.121443e-01
6.570000e-01  3.115495e-01
6.600000e-01  3.109574e-01
6.630000e-01  3.103677e-01
6.660000e-01  3.097806e-01
6.690000e-01  3.091960e-01
6.720000e-01  3.086139e-01
6.750000e-01  3.080342e-01
6.780000e-01  3.074569e-01
6.810000e-01  3.068820e-01
6.840000e-01  3.063095e-01
6.870000e-01  3.057394e-01
6.900000e-01  3.051715e-01
6.930000e-01  3.046060e-01
6.960000e-01  3.040427e-01
6.990000e-01  3.034817e-01
7.020000e-01  3.029229e-01
7.050000e-01  3.023663e-01
7.080000e-01  3.018119e-01
7.110000e-01  3.012597e-01
7.140000e-01  3.007097e-01
7.170000e-01  3.001617e-01
7.200000e-01  2.996159e-01
7.230000e-01  2.990721e-01
7.260000e-01  2.985304e-01
7.290000e-01  2.979907e-01
7.320000e-01  2.974531e-01
7.350000e-01  2.969175e-01
7.380000e-01  2.963838e-01
7.410000e-01  2.958522e-01
7.440000e-01  2.953224e-01
7.470000e-01  2.947946e-01
7.500000e-01  2.942687e-01
7.530000e-01  2.937447e-01
7.560000e-01  2.932226e-01
7.590000e-01  2.927023e-01
7.620000e-01  2.921839e-01
7.650000e-01  2.916673e-01
7.680000e-01  2.911525e-01
7.710000e-01  2.906395e-01
7.740000e-01  2.901282e-01
7.770000e-01  2.896187e-01
7.800000e-01  2.891109e-01
7.830000e-01  2.886049e-01
7.860000e-01  2.881006e-01
7.890000e-01  2.875979e-01
7.920000e-01  2.870970e-01
7.950000e-01  2.865977e-01
7.980000e-01  2.861000e-01
8.010000e-01  2.856040e-01
8.040000e-01  2.851096e-01
8.070000e-01  2.846168e-01
8.100000e-01  2.841255e-01
8.130000e-01  2.836359e-01
8.160000e-01  2.831477e-01
8.190000e-01  2.826612e-01
8.220000e-01  2.821761e-01
8.250000e-01  2.816926e-01
8.280000e-01  2.812106e-01
8.310000e-01  2.807300e-01
8.340000e-01  2.802510e-01
8.370000e-01  2.797734e-01
8.400000e-01  2.792972e-01
8.430000e-01  2.788225e-01
8.460000e-01  2.783492e-01
8.490000e-01  2.778772e-01
8.520000e-01  2.774067e-01
8.550000e-01  2.769376e-01
8.580000e-01  2.764699e-01
8.610000e-01  2.760034e-01
8.640000e-01  2.755384e-01
8.670000e-01  2.750747e-01
8.700000e-01  2.746123e-01
8.730000e-01  2.741512e-01
8.760000e-01  2.736914e-01
8.790000e-01  2.732329e-01
8.820000e-01  2.727756e-01
8.850000e-01  2.723197e-01
8.880000e-01  2.718650e-01
8.910000e-01  2.714115e-01
8.940000e-01  2.709592e-01
8.970000e-01  2.705082e-01
9.000000e-01  2.700584e-01
9.030000e-01  2.696097e-01
9.060000e-01  2.691623e-01
9.090000e-01  2.687160e-01
9.120000e-01  2.682709e-01
9.150000e-01  2.678270e-01
9.180000e-01  2.673841e-01
9.210000e-01  2.669425e-01
9.240000e-01  2.665019e-01
9.270000e-01  2.660625e-01
9.300000e-01  2.656241e-01
9.330000e-01  2.651869e-01
9.360000e-01  2.647508e-01
9.390000e-01  2.643157e-01
9.420000e-01  2.638816e-01
9.450000e-01  2.634487e-01
9.480000e-01  2.630167e-01
9.510000e-01  2.625859e-01
9.540000e-01  2.621560e-01
9.570000e-01  2.617271e-01
9.600000e-01  2.612993e-01
9.630000e-01  2.608725e-01
9.660000e-01  2.604466e-01
9.690000e-01  2.600217e-01
9.720000e-01  2.595978e-01
9.750000e-01  2.591749e-01
9.780000e-01  2.587529e-01
9.810000e-01  2.583319e-01
9.840000e-01  2.579117e-01
9.870000e-01  2.574926e-01
9.900000e-01  2.570743e-01
9.930000e-01  2.566569e-01
9.960000e-01  2.562405e-01
9.990000e-01  2.558249e-01
