000000  000001
3.000000e-03  8.351333e-01
6.000000e-03  7.549478e-01
9.000000e-03  7.022064e-01
1.200000e-02  6.631770e-01
1.500000e-02  6.323563e-01
1.800000e-02  6.069849e-01
2.100000e-02  5.854847e-01
2.400000e-02  5.668703e-01
2.700000e-02  5.504856e-01
3.000000e-02  5.358730e-01
3.300000e-02  5.227003e-01
3.600000e-02  5.107197e-01
3.900000e-02  4.997410e-01
4.200000e-02  4.896155e-01
4.500000e-02  4.802247e-01
4.800000e-02  4.714727e-01
5.100000e-02  4.632809e-01
5.400000e-02  4.555841e-01
5.700000e-02  4.483275e-01
6.000000e-02  4.414648e-01
6.300000e-02  4.349565e-01
6.600000e-02  4.287685e-01
6.900000e-02  4.228715e-01
7.200000e-02  4.172396e-01
7.500000e-02  4.118505e-01
7.800000e-02  4.066843e-01
8.100000e-02  4.017233e-01
8.400000e-02  3.969521e-01
8.700000e-02  3.923565e-01
9.000000e-02  3.879242e-01
9.300000e-02  3.836437e-01
9.600000e-02  3.795050e-01
9.900000e-02  3.754988e-01
1.020000e-01  3.716166e-01
1.050000e-01  3.678510e-01
1.080000e-01  3.641948e-01
1.110000e-01  3.606416e-01
1.140000e-01  3.571857e-01
1.170000e-01  3.538215e-01
1.200000e-01  3.505441e-01
1.230000e-01  3.473488e-01
1.260000e-01  3.442314e-01
1.290000e-01  3.411879e-01
1.320000e-01  3.382146e-01
1.350000e-01  3.353081e-01
1.380000e-01  3.324652e-01
1.410000e-01  3.296828e-01
1.440000e-01  3.269581e-01
1.470000e-01  3.242886e-01
1.500000e-01  3.216718e-01
1.530000e-01  3.191052e-01
1.560000e-01  3.165869e-01
1.590000e-01  3.141146e-01
1.620000e-01  3.116865e-01
1.650000e-01  3.093008e-01
1.680000e-01  3.069556e-01
1.710000e-01  3.046494e-01
1.740000e-01  3.023806e-01
1.770000e-01  3.001477e-01
1.800000e-01  2.979493e-01
1.830000e-01  2.957841e-01
1.860000e-01  2.936509e-01
1.890000e-01  2.915483e-01
1.920000e-01  2.894753e-01
1.950000e-01  2.874308e-01
1.980000e-01  2.854136e-01
2.010000e-01  2.834229e-01
2.040000e-01  2.814576e-01
2.070000e-01  2.795168e-01
2.100000e-01  2.775996e-01
2.130000e-01  2.757052e-01
2.160000e-01  2.738327e-01
2.190000e-01  2.719814e-01
2.220000e-01  2.701505e-01
2.250000e-01  2.683393e-01
2.280000e-01  2.665471e-01
2.310000e-01  2.647731e-01
2.340000e-01  2.630167e-01
2.370000e-01  2.612774e-01
2.400000e-01  2.595544e-01
2.430000e-01  2.578472e-01
2.460000e-01  2.561552e-01
2.490000e-01  2.544778e-01
2.520000e-01  2.528144e-01
2.550000e-01  2.511646e-01
2.580000e-01  2.495278e-01
2.610000e-01  2.479035e-01
2.640000e-01  2.462912e-01
2.670000e-01  2.446904e-01
2.700000e-01  2.431006e-01
2.730000e-01  2.415214e-01
2.760000e-01  2.399522e-01
2.790000e-01  2.383927e-01
2.820000e-01  2.368423e-01
2.850000e-01  2.353006e-01
2.880000e-01  2.337673e-01
2.910000e-01  2.322418e-01
2.940000e-01  2.307237e-01
2.970000e-01  2.292125e-01
3.000000e-01  2.277079e-01
3.030000e-01  2.262094e-01
3.060000e-01  2.247166e-01
3.090000e-01  2.232290e-01
3.120000e-01  2.217462e-01
3.150000e-01  2.202677e-01
3.180000e-01  2.187932e-01
3.210000e-01  2.173221e-01
3.240000e-01  2.158540e-01
3.270000e-01  2.143884e-01
3.300000e-01  2.129249e-01
3.330000e-01  2.114630e-01
3.360000e-01  2.100021e-01
3.390000e-01  000000
3.420000e-01  000000
3.450000e-01  000000
3.480000e-01  000000
3.510000e-01  000000
3.540000e-01  000000
3.570000e-01  000000
3.600000e-01  000000
3.630000e-01  000000
3.660000e-01  000000
3.690000e-01  000000
3.720000e-01  000000
3.750000e-01  000000
3.780000e-01  000000
3.810000e-01  000000
3.840000e-01  000000
3.870000e-01  000000
3.900000e-01  000000
3.930000e-01  000000
3.960000e-01  000000
3.990000e-01  000000
4.020000e-01  000000
4.050000e-01  000000
4.080000e-01  000000
4.110000e-01  000000
4.140000e-01  000000
4.170000e-01  000000
4.200000e-01  000000
4.230000e-01  000000
4.260000e-01  000000
4.290000e-01  000000
4.320000e-01  000000
4.350000e-01  000000
4.380000e-01  000000
4.410000e-01  000000
4.440000e-01  000000
4.470000e-01  000000
4.500000e-01  000000
4.530000e-01  000000
4.560000e-01  000000
4.590000e-01  000000
4.620000e-01  000000
4.650000e-01  000000
4.680000e-01  000000
4.710000e-01  000000
4.740000e-01  000000
4.770000e-01  000000
4.800000e-01  000000
4.830000e-01  000000
4.860000e-01  000000
4.890000e-01  000000
4.920000e-01  000000
4.950000e-01  000000
4.980000e-01  000000
5.010000e-01  000000
5.040000e-01  000000
5.070000e-01  000000
5.100000e-01  000000
5.130000e-01  000000
5.160000e-01  000000
5.190000e-01  000000
5.220000e-01  000000
5.250000e-01  000000
5.280000e-01  000000
5.310000e-01  000000
5.340000e-01  000000
5.370000e-01  000000
5.400000e-01  000000
5.430000e-01  000000
5.460000e-01  000000
5.490000e-01  000000
5.520000e-01  000000
5.550000e-01  000000
5.580000e-01  000000
5.610000e-01  000000
5.640000e-01  000000
5.670000e-01  000000
5.700000e-01  000000
5.730000e-01  000000
5.760000e-01  000000
5.790000e-01  000000
5.820000e-01  000000
5.850000e-01  000000
5.880000e-01  000000
5.910000e-01  000000
5.940000e-01  000000
5.970000e-01  000000
6.000000e-01  000000
6.030000e-01  000000
6.060000e-01  000000
6.090000e-01  000000
6.120000e-01  000000
6.150000e-01  000000
6.180000e-01  000000
6.210000e-01  000000
6.240000e-01  000000
6.270000e-01  000000
6.300000e-01  000000
6.330000e-01  000000
6.360000e-01  000000
6.390000e-01  000000
6.420000e-01  000000
6.450000e-01  000000
6.480000e-01  000000
6.510000e-01  000000
6.540000e-01  000000
6.570000e-01  000000
6.600000e-01  000000
6.630000e-01  000000
6.660000e-01  000000
6.690000e-01  000000
6.720000e-01  000000
6.750000e-01  000000
6.780000e-01  000000
6.810000e-01  000000
6.840000e-01  000000
6.870000e-01  000000
6.900000e-01  000000
6.930000e-01  000000
6.960000e-01  000000
6.990000e-01  000000
7.020000e-01  000000
7.050000e-01  000000
7.080000e-01  000000
7.110000e-01  000000
7.140000e-01  000000
7.170000e-01  000000
7.200000e-01  000000
7.230000e-01  000000
7.260000e-01  000000
7.290000e-01  000000
7.320000e-01  000000
7.350000e-01  000000
7.380000e-01  000000
7.410000e-01  000000
7.440000e-01  000000
7.470000e-01  000000
7.500000e-01  000000
7.530000e-01  000000
7.560000e-01  000000
7.590000e-01  000000
7.620000e-01  000000
7.650000e-01  000000
7.680000e-01  000000
7.710000e-01  000000
7.740000e-01  000000
7.770000e-01  000000
7.800000e-01  000000
7.830000e-01  000000
7.860000e-01  000000
7.890000e-01  000000
7.920000e-01  000000
7.950000e-01  000000
7.980000e-01  000000
8.010000e-01  000000
8.040000e-01  000000
8.070000e-01  000000
8.100000e-01  000000
8.130000e-01  000000
8.160000e-01  000000
8.190000e-01  000000
8.220000e-01  000000
8.250000e-01  000000
8.280000e-01  000000
8.310000e-01  000000
8.340000e-01  000000
8.370000e-01  000000
8.400000e-01  000000
8.430000e-01  000000
8.460000e-01  000000
8.490000e-01  000000
8.520000e-01  000000
8.550000e-01  000000
8.580000e-01  000000
8.610000e-01  000000
8.640000e-01  000000
8.670000e-01  000000
8.700000e-01  000000
8.730000e-01  000000
8.760000e-01  000000
8.790000e-01  000000
8.820000e-01  000000
8.850000e-01  000000
8.880000e-01  000000
8.910000e-01  000000
8.940000e-01  000000
8.970000e-01  000000
9.000000e-01  000000
9.030000e-01  000000
9.060000e-01  000000
9.090000e-01  000000
9.120000e-01  000000
9.150000e-01  000000
9.180000e-01  000000
9.210000e-01  000000
9.240000e-01  000000
9.270000e-01  000000
9.300000e-01  000000
9.330000e-01  000000
9.360000e-01  000000
9.390000e-01  000000
9.420000e-01  000000
9.450000e-01  000000
9.480000e-01  000000
9.510000e-01  000000
9.540000e-01  000000
9.570000e-01  000000
9.600000e-01  000000
9.630000e-01  000000
9.660000e-01  000000
9.690000e-01  000000
9.720000e-01  000000
9.750000e-01  000000
9.780000e-01  000000
9.810000e-01  000000
9.840000e-01  000000
9.870000e-01  000000
9.900000e-01  000000
9.930000e-01  000000
9.960000e-01  000000
9.990000e-01  000000
