000000  000001
3.000000e-03  8.634936e-01
6.000000e-03  7.900362e-01
9.000000e-03  7.399726e-01
1.200000e-02  7.022064e-01
1.500000e-02  6.720162e-01
1.800000e-02  6.469515e-01
2.100000e-02  6.255781e-01
2.400000e-02  6.069849e-01
2.700000e-02  5.905577e-01
3.000000e-02  5.758636e-01
3.300000e-02  5.625856e-01
3.600000e-02  5.504856e-01
3.900000e-02  5.393798e-01
4.200000e-02  5.291237e-01
4.500000e-02  5.196017e-01
4.800000e-02  5.107197e-01
5.100000e-02  5.024004e-01
5.400000e-02  4.945796e-01
5.700000e-02  4.872030e-01
6.000000e-02  4.802247e-01
6.300000e-02  4.736053e-01
6.600000e-02  4.673111e-01
6.900000e-02  4.613126e-01
7.200000e-02  4.555841e-01
7.500000e-02  4.501030e-01
7.800000e-02  4.448495e-01
8.100000e-02  4.398059e-01
8.400000e-02  4.349565e-01
8.700000e-02  4.302872e-01
9.000000e-02  4.257853e-01
9.300000e-02  4.214396e-01
9.600000e-02  4.172396e-01
9.900000e-02  4.131762e-01
1.020000e-01  4.092407e-01
1.050000e-01  4.054254e-01
1.080000e-01  4.017233e-01
1.110000e-01  3.981279e-01
1.140000e-01  3.946332e-01
1.170000e-01  3.912336e-01
1.200000e-01  3.879242e-01
1.230000e-01  3.847002e-01
1.260000e-01  3.815572e-01
1.290000e-01  3.784913e-01
1.320000e-01  3.754988e-01
1.350000e-01  3.725760e-01
1.380000e-01  3.697197e-01
1.410000e-01  3.669269e-01
1.440000e-01  3.641948e-01
1.470000e-01  3.615206e-01
1.500000e-01  3.589019e-01
1.530000e-01  3.563362e-01
1.560000e-01  3.538215e-01
1.590000e-01  3.513556e-01
1.620000e-01  3.489365e-01
1.650000e-01  3.465623e-01
1.680000e-01  3.442314e-01
1.710000e-01  3.419421e-01
1.740000e-01  3.396927e-01
1.770000e-01  3.374819e-01
1.800000e-01  3.353081e-01
1.830000e-01  3.331701e-01
1.860000e-01  3.310666e-01
1.890000e-01  3.289963e-01
1.920000e-01  3.269581e-01
1.950000e-01  3.249510e-01
1.980000e-01  3.229738e-01
2.010000e-01  3.210255e-01
2.040000e-01  3.191052e-01
2.070000e-01  3.172121e-01
2.100000e-01  3.153451e-01
2.130000e-01  3.135035e-01
2.160000e-01  3.116865e-01
2.190000e-01  3.098933e-01
2.220000e-01  3.081232e-01
2.250000e-01  3.063755e-01
2.280000e-01  3.046494e-01
2.310000e-01  3.029444e-01
2.340000e-01  3.012597e-01
2.370000e-01  2.995949e-01
2.400000e-01  2.979493e-01
2.430000e-01  2.963224e-01
2.460000e-01  2.947136e-01
2.490000e-01  2.931224e-01
2.520000e-01  2.915483e-01
2.550000e-01  2.899909e-01
2.580000e-01  2.884496e-01
2.610000e-01  2.869240e-01
2.640000e-01  2.854136e-01
2.670000e-01  2.839182e-01
2.700000e-01  2.824371e-01
2.730000e-01  2.809701e-01
2.760000e-01  2.795168e-01
2.790000e-01  2.780767e-01
2.820000e-01  2.766496e-01
2.850000e-01  2.752350e-01
2.880000e-01  2.738327e-01
2.910000e-01  2.724423e-01
2.940000e-01  2.710635e-01
2.970000e-01  2.696959e-01
3.000000e-01  2.683393e-01
3.030000e-01  2.669934e-01
3.060000e-01  2.656578e-01
3.090000e-01  2.643324e-01
3.120000e-01  2.630167e-01
3.150000e-01  2.617107e-01
3.180000e-01  2.604139e-01
3.210000e-01  2.591262e-01
3.240000e-01  2.578472e-01
3.270000e-01  2.565768e-01
3.300000e-01  2.553147e-01
3.330000e-01  2.540606e-01
3.360000e-01  2.528144e-01
3.390000e-01  2.515758e-01
3.420000e-01  2.503446e-01
3.450000e-01  2.491206e-01
3.480000e-01  2.479035e-01
3.510000e-01  2.466932e-01
3.540000e-01  2.454894e-01
3.570000e-01  2.442919e-01
3.600000e-01  2.431006e-01
3.630000e-01  2.419152e-01
3.660000e-01  2.407355e-01
3.690000e-01  2.395614e-01
3.720000e-01  2.383927e-01
3.750000e-01  2.372290e-01
3.780000e-01  2.360704e-01
3.810000e-01  2.349166e-01
3.840000e-01  2.337673e-01
3.870000e-01  2.326224e-01
3.900000e-01  2.314818e-01
3.930000e-01  2.303452e-01
3.960000e-01  2.292125e-01
3.990000e-01  2.280835e-01
4.020000e-01  2.269579e-01
4.050000e-01  2.258357e-01
4.080000e-01  2.247166e-01
4.110000e-01  2.236004e-01
4.140000e-01  2.224870e-01
4.170000e-01  2.213762e-01
4.200000e-01  2.202677e-01
4.230000e-01  2.191615e-01
4.260000e-01  2.180572e-01
4.290000e-01  2.169548e-01
4.320000e-01  2.158540e-01
4.350000e-01  2.147546e-01
4.380000e-01  2.136565e-01
4.410000e-01  2.125593e-01
4.440000e-01  2.114630e-01
4.470000e-01  2.103672e-01
4.500000e-01  2.092719e-01
4.530000e-01  000000
4.560000e-01  000000
4.590000e-01  000000
4.620000e-01  000000
4.650000e-01  000000
4.680000e-01  000000
4.710000e-01  000000
4.740000e-01  000000
4.770000e-01  000000
4.800000e-01  000000
4.830000e-01  000000
4.860000e-01  000000
4.890000e-01  000000
4.920000e-01  000000
4.950000e-01  000000
4.980000e-01  000000
5.010000e-01  000000
5.040000e-01  000000
5.070000e-01  000000
5.100000e-01  000000
5.130000e-01  000000
5.160000e-01  000000
5.190000e-01  000000
5.220000e-01  000000
5.250000e-01  000000
5.280000e-01  000000
5.310000e-01  000000
5.340000e-01  000000
5.370000e-01  000000
5.400000e-01  000000
5.430000e-01  000000
5.460000e-01  000000
5.490000e-01  000000
5.520000e-01  000000
5.550000e-01  000000
5.580000e-01  000000
5.610000e-01  000000
5.640000e-01  000000
5.670000e-01  000000
5.700000e-01  000000
5.730000e-01  000000
5.760000e-01  000000
5.790000e-01  000000
5.820000e-01  000000
5.850000e-01  000000
5.880000e-01  000000
5.910000e-01  000000
5.940000e-01  000000
5.970000e-01  000000
6.000000e-01  000000
6.030000e-01  000000
6.060000e-01  000000
6.090000e-01  000000
6.120000e-01  000000
6.150000e-01  000000
6.180000e-01  000000
6.210000e-01  000000
6.240000e-01  000000
6.270000e-01  000000
6.300000e-01  000000
6.330000e-01  000000
6.360000e-01  000000
6.390000e-01  000000
6.420000e-01  000000
6.450000e-01  000000
6.480000e-01  000000
6.510000e-01  000000
6.540000e-01  000000
6.570000e-01  000000
6.600000e-01  000000
6.630000e-01  000000
6.660000e-01  000000
6.690000e-01  000000
6.720000e-01  000000
6.750000e-01  000000
6.780000e-01  000000
6.810000e-01  000000
6.840000e-01  000000
6.870000e-01  000000
6.900000e-01  000000
6.930000e-01  000000
6.960000e-01  000000
6.990000e-01  000000
7.020000e-01  000000
7.050000e-01  000000
7.080000e-01  000000
7.110000e-01  000000
7.140000e-01  000000
7.170000e-01  000000
7.200000e-01  000000
7.230000e-01  000000
7.260000e-01  000000
7.290000e-01  000000
7.320000e-01  000000
7.350000e-01  000000
7.380000e-01  000000
7.410000e-01  000000
7.440000e-01  000000
7.470000e-01  000000
7.500000e-01  000000
7.530000e-01  000000
7.560000e-01  000000
7.590000e-01  000000
7.620000e-01  000000
7.650000e-01  000000
7.680000e-01  000000
7.710000e-01  000000
7.740000e-01  000000
7.770000e-01  000000
7.800000e-01  000000
7.830000e-01  000000
7.860000e-01  000000
7.890000e-01  000000
7.920000e-01  000000
7.950000e-01  000000
7.980000e-01  000000
8.010000e-01  000000
8.040000e-01  000000
8.070000e-01  000000
8.100000e-01  000000
8.130000e-01  000000
8.160000e-01  000000
8.190000e-01  000000
8.220000e-01  000000
8.250000e-01  000000
8.280000e-01  000000
8.310000e-01  000000
8.340000e-01  000000
8.370000e-01  000000
8.400000e-01  000000
8.430000e-01  000000
8.460000e-01  000000
8.490000e-01  000000
8.520000e-01  000000
8.550000e-01  000000
8.580000e-01  000000
8.610000e-01  000000
8.640000e-01  000000
8.670000e-01  000000
8.700000e-01  000000
8.730000e-01  000000
8.760000e-01  000000
8.790000e-01  000000
8.820000e-01  000000
8.850000e-01  000000
8.880000e-01  000000
8.910000e-01  000000
8.940000e-01  000000
8.970000e-01  000000
9.000000e-01  000000
9.030000e-01  000000
9.060000e-01  000000
9.090000e-01  000000
9.120000e-01  000000
9.150000e-01  000000
9.180000e-01  000000
9.210000e-01  000000
9.240000e-01  000000
9.270000e-01  000000
9.300000e-01  000000
9.330000e-01  000000
9.360000e-01  000000
9.390000e-01  000000
9.420000e-01  000000
9.450000e-01  000000
9.480000e-01  000000
9.510000e-01  000000
9.540000e-01  000000
9.570000e-01  000000
9.600000e-01  000000
9.630000e-01  000000
9.660000e-01  000000
9.690000e-01  000000
9.720000e-01  000000
9.750000e-01  000000
9.780000e-01  000000
9.810000e-01  000000
9.840000e-01  000000
9.870000e-01  000000
9.900000e-01  000000
9.930000e-01  000000
9.960000e-01  000000
9.990000e-01  000000
