000000  000001
3.000000e-03  8.377569e-01
6.000000e-03  7.581240e-01
9.000000e-03  7.055884e-01
1.200000e-02  6.666494e-01
1.500000e-02  6.358692e-01
1.800000e-02  6.105137e-01
2.100000e-02  5.890163e-01
2.400000e-02  5.703972e-01
2.700000e-02  5.540037e-01
3.000000e-02  5.393798e-01
3.300000e-02  5.261947e-01
3.600000e-02  5.142009e-01
3.900000e-02  5.032090e-01
4.200000e-02  4.930703e-01
4.500000e-02  4.836666e-01
4.800000e-02  4.749022e-01
5.100000e-02  4.666984e-01
5.400000e-02  4.589901e-01
5.700000e-02  4.517226e-01
6.000000e-02  4.448495e-01
6.300000e-02  4.383314e-01
6.600000e-02  4.321341e-01
6.900000e-02  4.262283e-01
7.200000e-02  4.205882e-01
7.500000e-02  4.151914e-01
7.800000e-02  4.100179e-01
8.100000e-02  4.050502e-01
8.400000e-02  4.002727e-01
8.700000e-02  3.956713e-01
9.000000e-02  3.912336e-01
9.300000e-02  3.869482e-01
9.600000e-02  3.828049e-01
9.900000e-02  3.787946e-01
1.020000e-01  3.749087e-01
1.050000e-01  3.711397e-01
1.080000e-01  3.674805e-01
1.110000e-01  3.639248e-01
1.140000e-01  3.604666e-01
1.170000e-01  3.571005e-01
1.200000e-01  3.538215e-01
1.230000e-01  3.506250e-01
1.260000e-01  3.475067e-01
1.290000e-01  3.444626e-01
1.320000e-01  3.414891e-01
1.350000e-01  3.385826e-01
1.380000e-01  3.357400e-01
1.410000e-01  3.329582e-01
1.440000e-01  3.302345e-01
1.470000e-01  3.275663e-01
1.500000e-01  3.249510e-01
1.530000e-01  3.223863e-01
1.560000e-01  3.198700e-01
1.590000e-01  3.174002e-01
1.620000e-01  3.149748e-01
1.650000e-01  3.125920e-01
1.680000e-01  3.102501e-01
1.710000e-01  3.079475e-01
1.740000e-01  3.056825e-01
1.770000e-01  3.034537e-01
1.800000e-01  3.012597e-01
1.830000e-01  2.990992e-01
1.860000e-01  2.969710e-01
1.890000e-01  2.948737e-01
1.920000e-01  2.928062e-01
1.950000e-01  2.907675e-01
1.980000e-01  2.887566e-01
2.010000e-01  2.867723e-01
2.040000e-01  2.848137e-01
2.070000e-01  2.828799e-01
2.100000e-01  2.809701e-01
2.130000e-01  2.790834e-01
2.160000e-01  2.772189e-01
2.190000e-01  2.753759e-01
2.220000e-01  2.735537e-01
2.250000e-01  2.717515e-01
2.280000e-01  2.699685e-01
2.310000e-01  2.682042e-01
2.340000e-01  2.664579e-01
2.370000e-01  2.647290e-01
2.400000e-01  2.630167e-01
2.430000e-01  2.613207e-01
2.460000e-01  2.596402e-01
2.490000e-01  2.579747e-01
2.520000e-01  2.563237e-01
2.550000e-01  2.546867e-01
2.580000e-01  2.530630e-01
2.610000e-01  2.514524e-01
2.640000e-01  2.498542e-01
2.670000e-01  2.482679e-01
2.700000e-01  2.466932e-01
2.730000e-01  2.451295e-01
2.760000e-01  2.435764e-01
2.790000e-01  2.420335e-01
2.820000e-01  2.405003e-01
2.850000e-01  2.389764e-01
2.880000e-01  2.374614e-01
2.910000e-01  2.359548e-01
2.940000e-01  2.344563e-01
2.970000e-01  2.329654e-01
3.000000e-01  2.314818e-01
3.030000e-01  2.300050e-01
3.060000e-01  2.285347e-01
3.090000e-01  2.270703e-01
3.120000e-01  2.256116e-01
3.150000e-01  2.241581e-01
3.180000e-01  2.227095e-01
3.210000e-01  2.212652e-01
3.240000e-01  2.198250e-01
3.270000e-01  2.183883e-01
3.300000e-01  2.169548e-01
3.330000e-01  2.155241e-01
3.360000e-01  2.140956e-01
3.390000e-01  2.126690e-01
3.420000e-01  2.112438e-01
3.450000e-01  2.098195e-01
3.480000e-01  000000
3.510000e-01  000000
3.540000e-01  000000
3.570000e-01  000000
3.600000e-01  000000
3.630000e-01  000000
3.660000e-01  000000
3.690000e-01  000000
3.720000e-01  000000
3.750000e-01  000000
3.780000e-01  000000
3.810000e-01  000000
3.840000e-01  000000
3.870000e-01  000000
3.900000e-01  000000
3.930000e-01  000000
3.960000e-01  000000
3.990000e-01  000000
4.020000e-01  000000
4.050000e-01  000000
4.080000e-01  000000
4.110000e-01  000000
4.140000e-01  000000
4.170000e-01  000000
4.200000e-01  000000
4.230000e-01  000000
4.260000e-01  000000
4.290000e-01  000000
4.320000e-01  000000
4.350000e-01  000000
4.380000e-01  000000
4.410000e-01  000000
4.440000e-01  000000
4.470000e-01  000000
4.500000e-01  000000
4.530000e-01  000000
4.560000e-01  000000
4.590000e-01  000000
4.620000e-01  000000
4.650000e-01  000000
4.680000e-01  000000
4.710000e-01  000000
4.740000e-01  000000
4.770000e-01  000000
4.800000e-01  000000
4.830000e-01  000000
4.860000e-01  000000
4.890000e-01  000000
4.920000e-01  000000
4.950000e-01  000000
4.980000e-01  000000
5.010000e-01  000000
5.040000e-01  000000
5.070000e-01  000000
5.100000e-01  000000
5.130000e-01  000000
5.160000e-01  000000
5.190000e-01  000000
5.220000e-01  000000
5.250000e-01  000000
5.280000e-01  000000
5.310000e-01  000000
5.340000e-01  000000
5.370000e-01  000000
5.400000e-01  000000
5.430000e-01  000000
5.460000e-01  000000
5.490000e-01  000000
5.520000e-01  000000
5.550000e-01  000000
5.580000e-01  000000
5.610000e-01  000000
5.640000e-01  000000
5.670000e-01  000000
5.700000e-01  000000
5.730000e-01  000000
5.760000e-01  000000
5.790000e-01  000000
5.820000e-01  000000
5.850000e-01  000000
5.880000e-01  000000
5.910000e-01  000000
5.940000e-01  000000
5.970000e-01  000000
6.000000e-01  000000
6.030000e-01  000000
6.060000e-01  000000
6.090000e-01  000000
6.120000e-01  000000
6.150000e-01  000000
6.180000e-01  000000
6.210000e-01  000000
6.240000e-01  000000
6.270000e-01  000000
6.300000e-01  000000
6.330000e-01  000000
6.360000e-01  000000
6.390000e-01  000000
6.420000e-01  000000
6.450000e-01  000000
6.480000e-01  000000
6.510000e-01  000000
6.540000e-01  000000
6.570000e-01  000000
6.600000e-01  000000
6.630000e-01  000000
6.660000e-01  000000
6.690000e-01  000000
6.720000e-01  000000
6.750000e-01  000000
6.780000e-01  000000
6.810000e-01  000000
6.840000e-01  000000
6.870000e-01  000000
6.900000e-01  000000
6.930000e-01  000000
6.960000e-01  000000
6.990000e-01  000000
7.020000e-01  000000
7.050000e-01  000000
7.080000e-01  000000
7.110000e-01  000000
7.140000e-01  000000
7.170000e-01  000000
7.200000e-01  000000
7.230000e-01  000000
7.260000e-01  000000
7.290000e-01  000000
7.320000e-01  000000
7.350000e-01  000000
7.380000e-01  000000
7.410000e-01  000000
7.440000e-01  000000
7.470000e-01  000000
7.500000e-01  000000
7.530000e-01  000000
7.560000e-01  000000
7.590000e-01  000000
7.620000e-01  000000
7.650000e-01  000000
7.680000e-01  000000
7.710000e-01  000000
7.740000e-01  000000
7.770000e-01  000000
7.800000e-01  000000
7.830000e-01  000000
7.860000e-01  000000
7.890000e-01  000000
7.920000e-01  000000
7.950000e-01  000000
7.980000e-01  000000
8.010000e-01  000000
8.040000e-01  000000
8.070000e-01  000000
8.100000e-01  000000
8.130000e-01  000000
8.160000e-01  000000
8.190000e-01  000000
8.220000e-01  000000
8.250000e-01  000000
8.280000e-01  000000
8.310000e-01  000000
8.340000e-01  000000
8.370000e-01  000000
8.400000e-01  000000
8.430000e-01  000000
8.460000e-01  000000
8.490000e-01  000000
8.520000e-01  000000
8.550000e-01  000000
8.580000e-01  000000
8.610000e-01  000000
8.640000e-01  000000
8.670000e-01  000000
8.700000e-01  000000
8.730000e-01  000000
8.760000e-01  000000
8.790000e-01  000000
8.820000e-01  000000
8.850000e-01  000000
8.880000e-01  000000
8.910000e-01  000000
8.940000e-01  000000
8.970000e-01  000000
9.000000e-01  000000
9.030000e-01  000000
9.060000e-01  000000
9.090000e-01  000000
9.120000e-01  000000
9.150000e-01  000000
9.180000e-01  000000
9.210000e-01  000000
9.240000e-01  000000
9.270000e-01  000000
9.300000e-01  000000
9.330000e-01  000000
9.360000e-01  000000
9.390000e-01  000000
9.420000e-01  000000
9.450000e-01  000000
9.480000e-01  000000
9.510000e-01  000000
9.540000e-01  000000
9.570000e-01  000000
9.600000e-01  000000
9.630000e-01  000000
9.660000e-01  000000
9.690000e-01  000000
9.720000e-01  000000
9.750000e-01  000000
9.780000e-01  000000
9.810000e-01  000000
9.840000e-01  000000
9.870000e-01  000000
9.900000e-01  000000
9.930000e-01  000000
9.960000e-01  000000
9.990000e-01  000000
