000000  000001
3.000000e-03  9.098603e-01
6.000000e-03  8.518014e-01
9.000000e-03  8.090684e-01
1.200000e-02  7.753612e-01
1.500000e-02  7.476053e-01
1.800000e-02  7.240659e-01
2.100000e-02  7.036675e-01
2.400000e-02  6.856974e-01
2.700000e-02  6.696588e-01
3.000000e-02  6.551921e-01
3.300000e-02  6.420285e-01
3.600000e-02  6.299621e-01
3.900000e-02  6.188316e-01
4.200000e-02  6.085083e-01
4.500000e-02  5.988881e-01
4.800000e-02  5.898855e-01
5.100000e-02  5.814294e-01
5.400000e-02  5.734602e-01
5.700000e-02  5.659273e-01
6.000000e-02  5.587877e-01
6.300000e-02  5.520040e-01
6.600000e-02  5.455441e-01
6.900000e-02  5.393798e-01
7.200000e-02  5.334865e-01
7.500000e-02  5.278423e-01
7.800000e-02  5.224280e-01
8.100000e-02  5.172263e-01
8.400000e-02  5.122220e-01
8.700000e-02  5.074011e-01
9.000000e-02  5.027514e-01
9.300000e-02  4.982615e-01
9.600000e-02  4.939212e-01
9.900000e-02  4.897214e-01
1.020000e-01  4.856535e-01
1.050000e-01  4.817099e-01
1.080000e-01  4.778834e-01
1.110000e-01  4.741676e-01
1.140000e-01  4.705564e-01
1.170000e-01  4.670444e-01
1.200000e-01  4.636264e-01
1.230000e-01  4.602976e-01
1.260000e-01  4.570538e-01
1.290000e-01  4.538907e-01
1.320000e-01  4.508046e-01
1.350000e-01  4.477920e-01
1.380000e-01  4.448495e-01
1.410000e-01  4.419740e-01
1.440000e-01  4.391627e-01
1.470000e-01  4.364127e-01
1.500000e-01  4.337216e-01
1.530000e-01  4.310868e-01
1.560000e-01  4.285063e-01
1.590000e-01  4.259777e-01
1.620000e-01  4.234992e-01
1.650000e-01  4.210687e-01
1.680000e-01  4.186845e-01
1.710000e-01  4.163450e-01
1.740000e-01  4.140484e-01
1.770000e-01  4.117932e-01
1.800000e-01  4.095780e-01
1.830000e-01  4.074014e-01
1.860000e-01  4.052622e-01
1.890000e-01  4.031589e-01
1.920000e-01  4.010905e-01
1.950000e-01  3.990559e-01
1.980000e-01  3.970539e-01
2.010000e-01  3.950835e-01
2.040000e-01  3.931437e-01
2.070000e-01  3.912336e-01
2.100000e-01  3.893523e-01
2.130000e-01  3.874989e-01
2.160000e-01  3.856726e-01
2.190000e-01  3.838726e-01
2.220000e-01  3.820982e-01
2.250000e-01  3.803486e-01
2.280000e-01  3.786231e-01
2.310000e-01  3.769211e-01
2.340000e-01  3.752419e-01
2.370000e-01  3.735849e-01
2.400000e-01  3.719495e-01
2.430000e-01  3.703351e-01
2.460000e-01  3.687412e-01
2.490000e-01  3.671673e-01
2.520000e-01  3.656128e-01
2.550000e-01  3.640773e-01
2.580000e-01  3.625603e-01
2.610000e-01  3.610612e-01
2.640000e-01  3.595798e-01
2.670000e-01  3.581155e-01
2.700000e-01  3.566680e-01
2.730000e-01  3.552367e-01
2.760000e-01  3.538215e-01
2.790000e-01  3.524218e-01
2.820000e-01  3.510374e-01
2.850000e-01  3.496679e-01
2.880000e-01  3.483129e-01
2.910000e-01  3.469721e-01
2.940000e-01  3.456452e-01
2.970000e-01  3.443319e-01
3.000000e-01  3.430319e-01
3.030000e-01  3.417449e-01
3.060000e-01  3.404707e-01
3.090000e-01  3.392089e-01
3.120000e-01  3.379593e-01
3.150000e-01  3.367217e-01
3.180000e-01  3.354957e-01
3.210000e-01  3.342812e-01
3.240000e-01  3.330780e-01
3.270000e-01  3.318857e-01
3.300000e-01  3.307042e-01
3.330000e-01  3.295332e-01
3.360000e-01  3.283726e-01
3.390000e-01  3.272222e-01
3.420000e-01  3.260817e-01
3.450000e-01  3.249510e-01
3.480000e-01  3.238298e-01
3.510000e-01  3.227180e-01
3.540000e-01  3.216154e-01
3.570000e-01  3.205219e-01
3.600000e-01  3.194372e-01
3.630000e-01  3.183613e-01
3.660000e-01  3.172938e-01
3.690000e-01  3.162348e-01
3.720000e-01  3.151840e-01
3.750000e-01  3.141413e-01
3.780000e-01  3.131065e-01
3.810000e-01  3.120795e-01
3.840000e-01  3.110602e-01
3.870000e-01  3.100484e-01
3.900000e-01  3.090439e-01
3.930000e-01  3.080468e-01
3.960000e-01  3.070568e-01
3.990000e-01  3.060737e-01
4.020000e-01  3.050976e-01
4.050000e-01  3.041283e-01
4.080000e-01  3.031656e-01
4.110000e-01  3.022094e-01
4.140000e-01  3.012597e-01
4.170000e-01  3.003163e-01
4.200000e-01  2.993792e-01
4.230000e-01  2.984481e-01
4.260000e-01  2.975231e-01
4.290000e-01  2.966040e-01
4.320000e-01  2.956907e-01
4.350000e-01  2.947832e-01
4.380000e-01  2.938812e-01
4.410000e-01  2.929848e-01
4.440000e-01  2.920939e-01
4.470000e-01  2.912083e-01
4.500000e-01  2.903280e-01
4.530000e-01  2.894529e-01
4.560000e-01  2.885830e-01
4.590000e-01  2.877180e-01
4.620000e-01  2.868580e-01
4.650000e-01  2.860028e-01
4.680000e-01  2.851525e-01
4.710000e-01  2.843069e-01
4.740000e-01  2.834659e-01
4.770000e-01  2.826295e-01
4.800000e-01  2.817976e-01
4.830000e-01  2.809701e-01
4.860000e-01  2.801470e-01
4.890000e-01  2.793282e-01
4.920000e-01  2.785136e-01
4.950000e-01  2.777032e-01
4.980000e-01  2.768969e-01
5.010000e-01  2.760946e-01
5.040000e-01  2.752963e-01
5.070000e-01  2.745019e-01
5.100000e-01  2.737113e-01
5.130000e-01  2.729246e-01
5.160000e-01  2.721416e-01
5.190000e-01  2.713623e-01
5.220000e-01  2.705865e-01
5.250000e-01  2.698144e-01
5.280000e-01  2.690458e-01
5.310000e-01  2.682806e-01
5.340000e-01  2.675188e-01
5.370000e-01  2.667604e-01
5.400000e-01  2.660052e-01
5.430000e-01  2.652534e-01
5.460000e-01  2.645047e-01
5.490000e-01  2.637592e-01
5.520000e-01  2.630167e-01
5.550000e-01  2.622774e-01
5.580000e-01  2.615410e-01
5.610000e-01  2.608076e-01
5.640000e-01  2.600771e-01
5.670000e-01  2.593495e-01
5.700000e-01  2.586247e-01
5.730000e-01  2.579026e-01
5.760000e-01  2.571833e-01
5.790000e-01  2.564667e-01
5.820000e-01  2.557527e-01
5.850000e-01  2.550414e-01
5.880000e-01  2.543326e-01
5.910000e-01  2.536263e-01
5.940000e-01  2.529225e-01
5.970000e-01  2.522211e-01
6.000000e-01  2.515221e-01
6.030000e-01  2.508255e-01
6.060000e-01  2.501312e-01
6.090000e-01  2.494392e-01
6.120000e-01  2.487494e-01
6.150000e-01  2.480619e-01
6.180000e-01  2.473765e-01
6.210000e-01  2.466932e-01
6.240000e-01  2.460120e-01
6.270000e-01  2.453328e-01
6.300000e-01  2.446557e-01
6.330000e-01  2.439806e-01
6.360000e-01  2.433073e-01
6.390000e-01  2.426361e-01
6.420000e-01  2.419666e-01
6.450000e-01  2.412990e-01
6.480000e-01  2.406332e-01
6.510000e-01  2.399692e-01
6.540000e-01  2.393069e-01
6.570000e-01  2.386463e-01
6.600000e-01  2.379873e-01
6.630000e-01  2.373300e-01
6.660000e-01  2.366743e-01
6.690000e-01  2.360201e-01
6.720000e-01  2.353675e-01
6.750000e-01  2.347164e-01
6.780000e-01  2.340667e-01
6.810000e-01  2.334184e-01
6.840000e-01  2.327715e-01
6.870000e-01  2.321260e-01
6.900000e-01  2.314818e-01
6.930000e-01  2.308389e-01
6.960000e-01  2.301973e-01
6.990000e-01  2.295569e-01
7.020000e-01  2.289176e-01
7.050000e-01  2.282796e-01
7.080000e-01  2.276426e-01
7.110000e-01  2.270068e-01
7.140000e-01  2.263720e-01
7.170000e-01  2.257383e-01
7.200000e-01  2.251055e-01
7.230000e-01  2.244737e-01
7.260000e-01  2.238428e-01
7.290000e-01  2.232128e-01
7.320000e-01  2.225837e-01
7.350000e-01  2.219554e-01
7.380000e-01  2.213279e-01
7.410000e-01  2.207012e-01
7.440000e-01  2.200752e-01
7.470000e-01  2.194499e-01
7.500000e-01  2.188252e-01
7.530000e-01  2.182012e-01
7.560000e-01  2.175777e-01
7.590000e-01  2.169548e-01
7.620000e-01  2.163324e-01
7.650000e-01  2.157105e-01
7.680000e-01  2.150891e-01
7.710000e-01  2.144680e-01
7.740000e-01  2.138474e-01
7.770000e-01  2.132270e-01
7.800000e-01  2.126070e-01
7.830000e-01  2.119872e-01
7.860000e-01  2.113677e-01
7.890000e-01  2.107483e-01
7.920000e-01  2.101291e-01
7.950000e-01  2.095100e-01
7.980000e-01  2.088909e-01
8.010000e-01  000000
8.040000e-01  000000
8.070000e-01  000000
8.100000e-01  000000
8.130000e-01  000000
8.160000e-01  000000
8.190000e-01  000000
8.220000e-01  000000
8.250000e-01  000000
8.280000e-01  000000
8.310000e-01  000000
8.340000e-01  000000
8.370000e-01  000000
8.400000e-01  000000
8.430000e-01  000000
8.460000e-01  000000
8.490000e-01  000000
8.520000e-01  000000
8.550000e-01  000000
8.580000e-01  000000
8.610000e-01  000000
8.640000e-01  000000
8.670000e-01  000000
8.700000e-01  000000
8.730000e-01  000000
8.760000e-01  000000
8.790000e-01  000000
8.820000e-01  000000
8.850000e-01  000000
8.880000e-01  000000
8.910000e-01  000000
8.940000e-01  000000
8.970000e-01  000000
9.000000e-01  000000
9.030000e-01  000000
9.060000e-01  000000
9.090000e-01  000000
9.120000e-01  000000
9.150000e-01  000000
9.180000e-01  000000
9.210000e-01  000000
9.240000e-01  000000
9.270000e-01  000000
9.300000e-01  000000
9.330000e-01  000000
9.360000e-01  000000
9.390000e-01  000000
9.420000e-01  000000
9.450000e-01  000000
9.480000e-01  000000
9.510000e-01  000000
9.540000e-01  000000
9.570000e-01  000000
9.600000e-01  000000
9.630000e-01  000000
9.660000e-01  000000
9.690000e-01  000000
9.720000e-01  000000
9.750000e-01  000000
9.780000e-01  000000
9.810000e-01  000000
9.840000e-01  000000
9.870000e-01  000000
9.900000e-01  000000
9.930000e-01  000000
9.960000e-01  000000
9.990000e-01  000000
