000000  000001
3.000000e-03  8.427448e-01
6.000000e-03  7.641996e-01
9.000000e-03  7.120769e-01
1.200000e-02  6.733232e-01
1.500000e-02  6.426291e-01
1.800000e-02  6.173101e-01
2.100000e-02  5.958224e-01
2.400000e-02  5.771977e-01
2.700000e-02  5.607897e-01
3.000000e-02  5.461462e-01
3.300000e-02  5.329385e-01
3.600000e-02  5.209208e-01
3.900000e-02  5.099042e-01
4.200000e-02  4.997410e-01
4.500000e-02  4.903131e-01
4.800000e-02  4.815251e-01
5.100000e-02  4.732985e-01
5.400000e-02  4.655683e-01
5.700000e-02  4.582798e-01
6.000000e-02  4.513867e-01
6.300000e-02  4.448495e-01
6.600000e-02  4.386342e-01
6.900000e-02  4.327113e-01
7.200000e-02  4.270552e-01
7.500000e-02  4.216431e-01
7.800000e-02  4.164554e-01
8.100000e-02  4.114743e-01
8.400000e-02  4.066843e-01
8.700000e-02  4.020712e-01
9.000000e-02  3.976226e-01
9.300000e-02  3.933271e-01
9.600000e-02  3.891746e-01
9.900000e-02  3.851557e-01
1.020000e-01  3.812620e-01
1.050000e-01  3.774859e-01
1.080000e-01  3.738203e-01
1.110000e-01  3.702588e-01
1.140000e-01  3.667955e-01
1.170000e-01  3.634249e-01
1.200000e-01  3.601421e-01
1.230000e-01  3.569424e-01
1.260000e-01  3.538215e-01
1.290000e-01  3.507754e-01
1.320000e-01  3.478004e-01
1.350000e-01  3.448931e-01
1.380000e-01  3.420502e-01
1.410000e-01  3.392687e-01
1.440000e-01  3.365458e-01
1.470000e-01  3.338789e-01
1.500000e-01  3.312655e-01
1.530000e-01  3.287032e-01
1.560000e-01  3.261899e-01
1.590000e-01  3.237235e-01
1.620000e-01  3.213021e-01
1.650000e-01  3.189238e-01
1.680000e-01  3.165869e-01
1.710000e-01  3.142897e-01
1.740000e-01  3.120308e-01
1.770000e-01  3.098085e-01
1.800000e-01  3.076216e-01
1.830000e-01  3.054687e-01
1.860000e-01  3.033484e-01
1.890000e-01  3.012597e-01
1.920000e-01  2.992014e-01
1.950000e-01  2.971723e-01
1.980000e-01  2.951714e-01
2.010000e-01  2.931978e-01
2.040000e-01  2.912504e-01
2.070000e-01  2.893284e-01
2.100000e-01  2.874308e-01
2.130000e-01  2.855568e-01
2.160000e-01  2.837057e-01
2.190000e-01  2.818766e-01
2.220000e-01  2.800689e-01
2.250000e-01  2.782816e-01
2.280000e-01  2.765143e-01
2.310000e-01  2.747663e-01
2.340000e-01  2.730368e-01
2.370000e-01  2.713252e-01
2.400000e-01  2.696311e-01
2.430000e-01  2.679537e-01
2.460000e-01  2.662925e-01
2.490000e-01  2.646471e-01
2.520000e-01  2.630167e-01
2.550000e-01  2.614011e-01
2.580000e-01  2.597996e-01
2.610000e-01  2.582117e-01
2.640000e-01  2.566371e-01
2.670000e-01  2.550752e-01
2.700000e-01  2.535256e-01
2.730000e-01  2.519879e-01
2.760000e-01  2.504616e-01
2.790000e-01  2.489463e-01
2.820000e-01  2.474416e-01
2.850000e-01  2.459472e-01
2.880000e-01  2.444626e-01
2.910000e-01  2.429874e-01
2.940000e-01  2.415214e-01
2.970000e-01  2.400640e-01
3.000000e-01  2.386149e-01
3.030000e-01  2.371738e-01
3.060000e-01  2.357403e-01
3.090000e-01  2.343140e-01
3.120000e-01  2.328946e-01
3.150000e-01  2.314818e-01
3.180000e-01  2.300752e-01
3.210000e-01  2.286744e-01
3.240000e-01  2.272792e-01
3.270000e-01  2.258891e-01
3.300000e-01  2.245038e-01
3.330000e-01  2.231229e-01
3.360000e-01  2.217462e-01
3.390000e-01  2.203732e-01
3.420000e-01  2.190036e-01
3.450000e-01  2.176371e-01
3.480000e-01  2.162732e-01
3.510000e-01  2.149116e-01
3.540000e-01  2.135519e-01
3.570000e-01  2.121938e-01
3.600000e-01  2.108368e-01
3.630000e-01  2.094805e-01
3.660000e-01  000000
3.690000e-01  000000
3.720000e-01  000000
3.750000e-01  000000
3.780000e-01  000000
3.810000e-01  000000
3.840000e-01  000000
3.870000e-01  000000
3.900000e-01  000000
3.930000e-01  000000
3.960000e-01  000000
3.990000e-01  000000
4.020000e-01  000000
4.050000e-01  000000
4.080000e-01  000000
4.110000e-01  000000
4.140000e-01  000000
4.170000e-01  000000
4.200000e-01  000000
4.230000e-01  000000
4.260000e-01  000000
4.290000e-01  000000
4.320000e-01  000000
4.350000e-01  000000
4.380000e-01  000000
4.410000e-01  000000
4.440000e-01  000000
4.470000e-01  000000
4.500000e-01  000000
4.530000e-01  000000
4.560000e-01  000000
4.590000e-01  000000
4.620000e-01  000000
4.650000e-01  000000
4.680000e-01  000000
4.710000e-01  000000
4.740000e-01  000000
4.770000e-01  000000
4.800000e-01  000000
4.830000e-01  000000
4.860000e-01  000000
4.890000e-01  000000
4.920000e-01  000000
4.950000e-01  000000
4.980000e-01  000000
5.010000e-01  000000
5.040000e-01  000000
5.070000e-01  000000
5.100000e-01  000000
5.130000e-01  000000
5.160000e-01  000000
5.190000e-01  000000
5.220000e-01  000000
5.250000e-01  000000
5.280000e-01  000000
5.310000e-01  000000
5.340000e-01  000000
5.370000e-01  000000
5.400000e-01  000000
5.430000e-01  000000
5.460000e-01  000000
5.490000e-01  000000
5.520000e-01  000000
5.550000e-01  000000
5.580000e-01  000000
5.610000e-01  000000
5.640000e-01  000000
5.670000e-01  000000
5.700000e-01  000000
5.730000e-01  000000
5.760000e-01  000000
5.790000e-01  000000
5.820000e-01  000000
5.850000e-01  000000
5.880000e-01  000000
5.910000e-01  000000
5.940000e-01  000000
5.970000e-01  000000
6.000000e-01  000000
6.030000e-01  000000
6.060000e-01  000000
6.090000e-01  000000
6.120000e-01  000000
6.150000e-01  000000
6.180000e-01  000000
6.210000e-01  000000
6.240000e-01  000000
6.270000e-01  000000
6.300000e-01  000000
6.330000e-01  000000
6.360000e-01  000000
6.390000e-01  000000
6.420000e-01  000000
6.450000e-01  000000
6.480000e-01  000000
6.510000e-01  000000
6.540000e-01  000000
6.570000e-01  000000
6.600000e-01  000000
6.630000e-01  000000
6.660000e-01  000000
6.690000e-01  000000
6.720000e-01  000000
6.750000e-01  000000
6.780000e-01  000000
6.810000e-01  000000
6.840000e-01  000000
6.870000e-01  000000
6.900000e-01  000000
6.930000e-01  000000
6.960000e-01  000000
6.990000e-01  000000
7.020000e-01  000000
7.050000e-01  000000
7.080000e-01  000000
7.110000e-01  000000
7.140000e-01  000000
7.170000e-01  000000
7.200000e-01  000000
7.230000e-01  000000
7.260000e-01  000000
7.290000e-01  000000
7.320000e-01  000000
7.350000e-01  000000
7.380000e-01  000000
7.410000e-01  000000
7.440000e-01  000000
7.470000e-01  000000
7.500000e-01  000000
7.530000e-01  000000
7.560000e-01  000000
7.590000e-01  000000
7.620000e-01  000000
7.650000e-01  000000
7.680000e-01  000000
7.710000e-01  000000
7.740000e-01  000000
7.770000e-01  000000
7.800000e-01  000000
7.830000e-01  000000
7.860000e-01  000000
7.890000e-01  000000
7.920000e-01  000000
7.950000e-01  000000
7.980000e-01  000000
8.010000e-01  000000
8.040000e-01  000000
8.070000e-01  000000
8.100000e-01  000000
8.130000e-01  000000
8.160000e-01  000000
8.190000e-01  000000
8.220000e-01  000000
8.250000e-01  000000
8.280000e-01  000000
8.310000e-01  000000
8.340000e-01  000000
8.370000e-01  000000
8.400000e-01  000000
8.430000e-01  000000
8.460000e-01  000000
8.490000e-01  000000
8.520000e-01  000000
8.550000e-01  000000
8.580000e-01  000000
8.610000e-01  000000
8.640000e-01  000000
8.670000e-01  000000
8.700000e-01  000000
8.730000e-01  000000
8.760000e-01  000000
8.790000e-01  000000
8.820000e-01  000000
8.850000e-01  000000
8.880000e-01  000000
8.910000e-01  000000
8.940000e-01  000000
8.970000e-01  000000
9.000000e-01  000000
9.030000e-01  000000
9.060000e-01  000000
9.090000e-01  000000
9.120000e-01  000000
9.150000e-01  000000
9.180000e-01  000000
9.210000e-01  000000
9.240000e-01  000000
9.270000e-01  000000
9.300000e-01  000000
9.330000e-01  000000
9.360000e-01  000000
9.390000e-01  000000
9.420000e-01  000000
9.450000e-01  000000
9.480000e-01  000000
9.510000e-01  000000
9.540000e-01  000000
9.570000e-01  000000
9.600000e-01  000000
9.630000e-01  000000
9.660000e-01  000000
9.690000e-01  000000
9.720000e-01  000000
9.750000e-01  000000
9.780000e-01  000000
9.810000e-01  000000
9.840000e-01  000000
9.870000e-01  000000
9.900000e-01  000000
9.930000e-01  000000
9.960000e-01  000000
9.990000e-01  000000
