000000  000001
3.000000e-03  8.236537e-01
6.000000e-03  7.412010e-01
9.000000e-03  6.876454e-01
1.200000e-02  6.482737e-01
1.500000e-02  6.173101e-01
1.800000e-02  5.918927e-01
2.100000e-02  5.703972e-01
2.400000e-02  5.518151e-01
2.700000e-02  5.354780e-01
3.000000e-02  5.209208e-01
3.300000e-02  5.078075e-01
3.600000e-02  4.958874e-01
3.900000e-02  4.849689e-01
4.200000e-02  4.749022e-01
4.500000e-02  4.655683e-01
4.800000e-02  4.568709e-01
5.100000e-02  4.487311e-01
5.400000e-02  4.410837e-01
5.700000e-02  4.338738e-01
6.000000e-02  4.270552e-01
6.300000e-02  4.205882e-01
6.600000e-02  4.144391e-01
6.900000e-02  4.085783e-01
7.200000e-02  4.029803e-01
7.500000e-02  3.976226e-01
7.800000e-02  3.924855e-01
8.100000e-02  3.875515e-01
8.400000e-02  3.828049e-01
8.700000e-02  3.782320e-01
9.000000e-02  3.738203e-01
9.300000e-02  3.695584e-01
9.600000e-02  3.654364e-01
9.900000e-02  3.614450e-01
1.020000e-01  3.575759e-01
1.050000e-01  3.538215e-01
1.080000e-01  3.501748e-01
1.110000e-01  3.466296e-01
1.140000e-01  3.431798e-01
1.170000e-01  3.398202e-01
1.200000e-01  3.365458e-01
1.230000e-01  3.333520e-01
1.260000e-01  3.302345e-01
1.290000e-01  3.271895e-01
1.320000e-01  3.242131e-01
1.350000e-01  3.213021e-01
1.380000e-01  3.184532e-01
1.410000e-01  3.156634e-01
1.440000e-01  3.129299e-01
1.470000e-01  3.102501e-01
1.500000e-01  3.076216e-01
1.530000e-01  3.050420e-01
1.560000e-01  3.025092e-01
1.590000e-01  3.000211e-01
1.620000e-01  2.975758e-01
1.650000e-01  2.951714e-01
1.680000e-01  2.928062e-01
1.710000e-01  2.904786e-01
1.740000e-01  2.881869e-01
1.770000e-01  2.859298e-01
1.800000e-01  2.837057e-01
1.830000e-01  2.815134e-01
1.860000e-01  2.793515e-01
1.890000e-01  2.772189e-01
1.920000e-01  2.751144e-01
1.950000e-01  2.730368e-01
1.980000e-01  2.709850e-01
2.010000e-01  2.689581e-01
2.040000e-01  2.669551e-01
2.070000e-01  2.649749e-01
2.100000e-01  2.630167e-01
2.130000e-01  2.610797e-01
2.160000e-01  2.591628e-01
2.190000e-01  2.572654e-01
2.220000e-01  2.553866e-01
2.250000e-01  2.535256e-01
2.280000e-01  2.516817e-01
2.310000e-01  2.498542e-01
2.340000e-01  2.480423e-01
2.370000e-01  2.462453e-01
2.400000e-01  2.444626e-01
2.430000e-01  2.426935e-01
2.460000e-01  2.409374e-01
2.490000e-01  2.391935e-01
2.520000e-01  2.374614e-01
2.550000e-01  2.357403e-01
2.580000e-01  2.340296e-01
2.610000e-01  2.323287e-01
2.640000e-01  2.306371e-01
2.670000e-01  2.289541e-01
2.700000e-01  2.272792e-01
2.730000e-01  2.256116e-01
2.760000e-01  2.239509e-01
2.790000e-01  2.222964e-01
2.820000e-01  2.206475e-01
2.850000e-01  2.190036e-01
2.880000e-01  2.173641e-01
2.910000e-01  2.157283e-01
2.940000e-01  2.140956e-01
2.970000e-01  2.124653e-01
3.000000e-01  2.108368e-01
3.030000e-01  2.092093e-01
3.060000e-01  000000
3.090000e-01  000000
3.120000e-01  000000
3.150000e-01  000000
3.180000e-01  000000
3.210000e-01  000000
3.240000e-01  000000
3.270000e-01  000000
3.300000e-01  000000
3.330000e-01  000000
3.360000e-01  000000
3.390000e-01  000000
3.420000e-01  000000
3.450000e-01  000000
3.480000e-01  000000
3.510000e-01  000000
3.540000e-01  000000
3.570000e-01  000000
3.600000e-01  000000
3.630000e-01  000000
3.660000e-01  000000
3.690000e-01  000000
3.720000e-01  000000
3.750000e-01  000000
3.780000e-01  000000
3.810000e-01  000000
3.840000e-01  000000
3.870000e-01  000000
3.900000e-01  000000
3.930000e-01  000000
3.960000e-01  000000
3.990000e-01  000000
4.020000e-01  000000
4.050000e-01  000000
4.080000e-01  000000
4.110000e-01  000000
4.140000e-01  000000
4.170000e-01  000000
4.200000e-01  000000
4.230000e-01  000000
4.260000e-01  000000
4.290000e-01  000000
4.320000e-01  000000
4.350000e-01  000000
4.380000e-01  000000
4.410000e-01  000000
4.440000e-01  000000
4.470000e-01  000000
4.500000e-01  000000
4.530000e-01  000000
4.560000e-01  000000
4.590000e-01  000000
4.620000e-01  000000
4.650000e-01  000000
4.680000e-01  000000
4.710000e-01  000000
4.740000e-01  000000
4.770000e-01  000000
4.800000e-01  000000
4.830000e-01  000000
4.860000e-01  000000
4.890000e-01  000000
4.920000e-01  000000
4.950000e-01  000000
4.980000e-01  000000
5.010000e-01  000000
5.040000e-01  000000
5.070000e-01  000000
5.100000e-01  000000
5.130000e-01  000000
5.160000e-01  000000
5.190000e-01  000000
5.220000e-01  000000
5.250000e-01  000000
5.280000e-01  000000
5.310000e-01  000000
5.340000e-01  000000
5.370000e-01  000000
5.400000e-01  000000
5.430000e-01  000000
5.460000e-01  000000
5.490000e-01  000000
5.520000e-01  000000
5.550000e-01  000000
5.580000e-01  000000
5.610000e-01  000000
5.640000e-01  000000
5.670000e-01  000000
5.700000e-01  000000
5.730000e-01  000000
5.760000e-01  000000
5.790000e-01  000000
5.820000e-01  000000
5.850000e-01  000000
5.880000e-01  000000
5.910000e-01  000000
5.940000e-01  000000
5.970000e-01  000000
6.000000e-01  000000
6.030000e-01  000000
6.060000e-01  000000
6.090000e-01  000000
6.120000e-01  000000
6.150000e-01  000000
6.180000e-01  000000
6.210000e-01  000000
6.240000e-01  000000
6.270000e-01  000000
6.300000e-01  000000
6.330000e-01  000000
6.360000e-01  000000
6.390000e-01  000000
6.420000e-01  000000
6.450000e-01  000000
6.480000e-01  000000
6.510000e-01  000000
6.540000e-01  000000
6.570000e-01  000000
6.600000e-01  000000
6.630000e-01  000000
6.660000e-01  000000
6.690000e-01  000000
6.720000e-01  000000
6.750000e-01  000000
6.780000e-01  000000
6.810000e-01  000000
6.840000e-01  000000
6.870000e-01  000000
6.900000e-01  000000
6.930000e-01  000000
6.960000e-01  000000
6.990000e-01  000000
7.020000e-01  000000
7.050000e-01  000000
7.080000e-01  000000
7.110000e-01  000000
7.140000e-01  000000
7.170000e-01  000000
7.200000e-01  000000
7.230000e-01  000000
7.260000e-01  000000
7.290000e-01  000000
7.320000e-01  000000
7.350000e-01  000000
7.380000e-01  000000
7.410000e-01  000000
7.440000e-01  000000
7.470000e-01  000000
7.500000e-01  000000
7.530000e-01  000000
7.560000e-01  000000
7.590000e-01  000000
7.620000e-01  000000
7.650000e-01  000000
7.680000e-01  000000
7.710000e-01  000000
7.740000e-01  000000
7.770000e-01  000000
7.800000e-01  000000
7.830000e-01  000000
7.860000e-01  000000
7.890000e-01  000000
7.920000e-01  000000
7.950000e-01  000000
7.980000e-01  000000
8.010000e-01  000000
8.040000e-01  000000
8.070000e-01  000000
8.100000e-01  000000
8.130000e-01  000000
8.160000e-01  000000
8.190000e-01  000000
8.220000e-01  000000
8.250000e-01  000000
8.280000e-01  000000
8.310000e-01  000000
8.340000e-01  000000
8.370000e-01  000000
8.400000e-01  000000
8.430000e-01  000000
8.460000e-01  000000
8.490000e-01  000000
8.520000e-01  000000
8.550000e-01  000000
8.580000e-01  000000
8.610000e-01  000000
8.640000e-01  000000
8.670000e-01  000000
8.700000e-01  000000
8.730000e-01  000000
8.760000e-01  000000
8.790000e-01  000000
8.820000e-01  000000
8.850000e-01  000000
8.880000e-01  000000
8.910000e-01  000000
8.940000e-01  000000
8.970000e-01  000000
9.000000e-01  000000
9.030000e-01  000000
9.060000e-01  000000
9.090000e-01  000000
9.120000e-01  000000
9.150000e-01  000000
9.180000e-01  000000
9.210000e-01  000000
9.240000e-01  000000
9.270000e-01  000000
9.300000e-01  000000
9.330000e-01  000000
9.360000e-01  000000
9.390000e-01  000000
9.420000e-01  000000
9.450000e-01  000000
9.480000e-01  000000
9.510000e-01  000000
9.540000e-01  000000
9.570000e-01  000000
9.600000e-01  000000
9.630000e-01  000000
9.660000e-01  000000
9.690000e-01  000000
9.720000e-01  000000
9.750000e-01  000000
9.780000e-01  000000
9.810000e-01  000000
9.840000e-01  000000
9.870000e-01  000000
9.900000e-01  000000
9.930000e-01  000000
9.960000e-01  000000
9.990000e-01  000000
