000000  000001
3.000000e-03  8.947930e-01
6.000000e-03  8.310221e-01
9.000000e-03  7.853895e-01
1.200000e-02  7.499968e-01
1.500000e-02  7.211831e-01
1.800000e-02  6.969481e-01
2.100000e-02  6.760794e-01
2.400000e-02  6.577865e-01
2.700000e-02  6.415260e-01
3.000000e-02  6.269083e-01
3.300000e-02  6.136449e-01
3.600000e-02  6.015161e-01
3.900000e-02  5.903512e-01
4.200000e-02  5.800147e-01
4.500000e-02  5.703972e-01
4.800000e-02  5.614096e-01
5.100000e-02  5.529780e-01
5.400000e-02  5.450405e-01
5.700000e-02  5.375448e-01
6.000000e-02  5.304465e-01
6.300000e-02  5.237074e-01
6.600000e-02  5.172943e-01
6.900000e-02  5.111786e-01
7.200000e-02  5.053348e-01
7.500000e-02  4.997410e-01
7.800000e-02  4.943773e-01
8.100000e-02  4.892264e-01
8.400000e-02  4.842727e-01
8.700000e-02  4.795021e-01
9.000000e-02  4.749022e-01
9.300000e-02  4.704615e-01
9.600000e-02  4.661698e-01
9.900000e-02  4.620177e-01
1.020000e-01  4.579967e-01
1.050000e-01  4.540991e-01
1.080000e-01  4.503178e-01
1.110000e-01  4.466461e-01
1.140000e-01  4.430781e-01
1.170000e-01  4.396083e-01
1.200000e-01  4.362315e-01
1.230000e-01  4.329430e-01
1.260000e-01  4.297383e-01
1.290000e-01  4.266135e-01
1.320000e-01  4.235646e-01
1.350000e-01  4.205882e-01
1.380000e-01  4.176810e-01
1.410000e-01  4.148397e-01
1.440000e-01  4.120617e-01
1.470000e-01  4.093440e-01
1.500000e-01  4.066843e-01
1.530000e-01  4.040800e-01
1.560000e-01  4.015289e-01
1.590000e-01  3.990290e-01
1.620000e-01  3.965781e-01
1.650000e-01  3.941745e-01
1.680000e-01  3.918163e-01
1.710000e-01  3.895017e-01
1.740000e-01  3.872294e-01
1.770000e-01  3.849976e-01
1.800000e-01  3.828049e-01
1.830000e-01  3.806501e-01
1.860000e-01  3.785317e-01
1.890000e-01  3.764486e-01
1.920000e-01  3.743996e-01
1.950000e-01  3.723835e-01
1.980000e-01  3.703993e-01
2.010000e-01  3.684459e-01
2.040000e-01  3.665225e-01
2.070000e-01  3.646280e-01
2.100000e-01  3.627615e-01
2.130000e-01  3.609222e-01
2.160000e-01  3.591094e-01
2.190000e-01  3.573221e-01
2.220000e-01  3.555597e-01
2.250000e-01  3.538215e-01
2.280000e-01  3.521067e-01
2.310000e-01  3.504147e-01
2.340000e-01  3.487449e-01
2.370000e-01  3.470966e-01
2.400000e-01  3.454693e-01
2.430000e-01  3.438624e-01
2.460000e-01  3.422753e-01
2.490000e-01  3.407076e-01
2.520000e-01  3.391587e-01
2.550000e-01  3.376281e-01
2.580000e-01  3.361154e-01
2.610000e-01  3.346201e-01
2.640000e-01  3.331418e-01
2.670000e-01  3.316801e-01
2.700000e-01  3.302345e-01
2.730000e-01  3.288047e-01
2.760000e-01  3.273903e-01
2.790000e-01  3.259909e-01
2.820000e-01  3.246061e-01
2.850000e-01  3.232357e-01
2.880000e-01  3.218792e-01
2.910000e-01  3.205364e-01
2.940000e-01  3.192070e-01
2.970000e-01  3.178906e-01
3.000000e-01  3.165869e-01
3.030000e-01  3.152957e-01
3.060000e-01  3.140167e-01
3.090000e-01  3.127496e-01
3.120000e-01  3.114941e-01
3.150000e-01  3.102501e-01
3.180000e-01  3.090172e-01
3.210000e-01  3.077953e-01
3.240000e-01  3.065840e-01
3.270000e-01  3.053832e-01
3.300000e-01  3.041927e-01
3.330000e-01  3.030122e-01
3.360000e-01  3.018415e-01
3.390000e-01  3.006804e-01
3.420000e-01  2.995287e-01
3.450000e-01  2.983863e-01
3.480000e-01  2.972529e-01
3.510000e-01  2.961284e-01
3.540000e-01  2.950125e-01
3.570000e-01  2.939052e-01
3.600000e-01  2.928062e-01
3.630000e-01  2.917154e-01
3.660000e-01  2.906326e-01
3.690000e-01  2.895577e-01
3.720000e-01  2.884905e-01
3.750000e-01  2.874308e-01
3.780000e-01  2.863785e-01
3.810000e-01  2.853335e-01
3.840000e-01  2.842956e-01
3.870000e-01  2.832648e-01
3.900000e-01  2.822407e-01
3.930000e-01  2.812234e-01
3.960000e-01  2.802127e-01
3.990000e-01  2.792085e-01
4.020000e-01  2.782106e-01
4.050000e-01  2.772189e-01
4.080000e-01  2.762334e-01
4.110000e-01  2.752538e-01
4.140000e-01  2.742802e-01
4.170000e-01  2.733123e-01
4.200000e-01  2.723500e-01
4.230000e-01  2.713934e-01
4.260000e-01  2.704421e-01
4.290000e-01  2.694963e-01
4.320000e-01  2.685556e-01
4.350000e-01  2.676202e-01
4.380000e-01  2.666898e-01
4.410000e-01  2.657643e-01
4.440000e-01  2.648437e-01
4.470000e-01  2.639279e-01
4.500000e-01  2.630167e-01
4.530000e-01  2.621102e-01
4.560000e-01  2.612082e-01
4.590000e-01  2.603105e-01
4.620000e-01  2.594173e-01
4.650000e-01  2.585282e-01
4.680000e-01  2.576434e-01
4.710000e-01  2.567626e-01
4.740000e-01  2.558858e-01
4.770000e-01  2.550130e-01
4.800000e-01  2.541440e-01
4.830000e-01  2.532788e-01
4.860000e-01  2.524173e-01
4.890000e-01  2.515594e-01
4.920000e-01  2.507050e-01
4.950000e-01  2.498542e-01
4.980000e-01  2.490067e-01
5.010000e-01  2.481626e-01
5.040000e-01  2.473217e-01
5.070000e-01  2.464841e-01
5.100000e-01  2.456495e-01
5.130000e-01  2.448180e-01
5.160000e-01  2.439895e-01
5.190000e-01  2.431640e-01
5.220000e-01  2.423413e-01
5.250000e-01  2.415214e-01
5.280000e-01  2.407042e-01
5.310000e-01  2.398896e-01
5.340000e-01  2.390777e-01
5.370000e-01  2.382683e-01
5.400000e-01  2.374614e-01
5.430000e-01  2.366568e-01
5.460000e-01  2.358547e-01
5.490000e-01  2.350548e-01
5.520000e-01  2.342571e-01
5.550000e-01  2.334616e-01
5.580000e-01  2.326682e-01
5.610000e-01  2.318768e-01
5.640000e-01  2.310874e-01
5.670000e-01  2.302999e-01
5.700000e-01  2.295142e-01
5.730000e-01  2.287304e-01
5.760000e-01  2.279482e-01
5.790000e-01  2.271678e-01
5.820000e-01  2.263889e-01
5.850000e-01  2.256116e-01
5.880000e-01  2.248358e-01
5.910000e-01  2.240614e-01
5.940000e-01  2.232884e-01
5.970000e-01  2.225167e-01
6.000000e-01  2.217462e-01
6.030000e-01  2.209769e-01
6.060000e-01  2.202087e-01
6.090000e-01  2.194415e-01
6.120000e-01  2.186754e-01
6.150000e-01  2.179101e-01
6.180000e-01  2.171458e-01
6.210000e-01  2.163822e-01
6.240000e-01  2.156194e-01
6.270000e-01  2.148572e-01
6.300000e-01  2.140956e-01
6.330000e-01  2.133345e-01
6.360000e-01  2.125739e-01
6.390000e-01  2.118137e-01
6.420000e-01  2.110539e-01
6.450000e-01  2.102942e-01
6.480000e-01  2.095347e-01
6.510000e-01  2.087754e-01
6.540000e-01  000000
6.570000e-01  000000
6.600000e-01  000000
6.630000e-01  000000
6.660000e-01  000000
6.690000e-01  000000
6.720000e-01  000000
6.750000e-01  000000
6.780000e-01  000000
6.810000e-01  000000
6.840000e-01  000000
6.870000e-01  000000
6.900000e-01  000000
6.930000e-01  000000
6.960000e-01  000000
6.990000e-01  000000
7.020000e-01  000000
7.050000e-01  000000
7.080000e-01  000000
7.110000e-01  000000
7.140000e-01  000000
7.170000e-01  000000
7.200000e-01  000000
7.230000e-01  000000
7.260000e-01  000000
7.290000e-01  000000
7.320000e-01  000000
7.350000e-01  000000
7.380000e-01  000000
7.410000e-01  000000
7.440000e-01  000000
7.470000e-01  000000
7.500000e-01  000000
7.530000e-01  000000
7.560000e-01  000000
7.590000e-01  000000
7.620000e-01  000000
7.650000e-01  000000
7.680000e-01  000000
7.710000e-01  000000
7.740000e-01  000000
7.770000e-01  000000
7.800000e-01  000000
7.830000e-01  000000
7.860000e-01  000000
7.890000e-01  000000
7.920000e-01  000000
7.950000e-01  000000
7.980000e-01  000000
8.010000e-01  000000
8.040000e-01  000000
8.070000e-01  000000
8.100000e-01  000000
8.130000e-01  000000
8.160000e-01  000000
8.190000e-01  000000
8.220000e-01  000000
8.250000e-01  000000
8.280000e-01  000000
8.310000e-01  000000
8.340000e-01  000000
8.370000e-01  000000
8.400000e-01  000000
8.430000e-01  000000
8.460000e-01  000000
8.490000e-01  000000
8.520000e-01  000000
8.550000e-01  000000
8.580000e-01  000000
8.610000e-01  000000
8.640000e-01  000000
8.670000e-01  000000
8.700000e-01  000000
8.730000e-01  000000
8.760000e-01  000000
8.790000e-01  000000
8.820000e-01  000000
8.850000e-01  000000
8.880000e-01  000000
8.910000e-01  000000
8.940000e-01  000000
8.970000e-01  000000
9.000000e-01  000000
9.030000e-01  000000
9.060000e-01  000000
9.090000e-01  000000
9.120000e-01  000000
9.150000e-01  000000
9.180000e-01  000000
9.210000e-01  000000
9.240000e-01  000000
9.270000e-01  000000
9.300000e-01  000000
9.330000e-01  000000
9.360000e-01  000000
9.390000e-01  000000
9.420000e-01  000000
9.450000e-01  000000
9.480000e-01  000000
9.510000e-01  000000
9.540000e-01  000000
9.570000e-01  000000
9.600000e-01  000000
9.630000e-01  000000
9.660000e-01  000000
9.690000e-01  000000
9.720000e-01  000000
9.750000e-01  000000
9.780000e-01  000000
9.810000e-01  000000
9.840000e-01  000000
9.870000e-01  000000
9.900000e-01  000000
9.930000e-01  000000
9.960000e-01  000000
9.990000e-01  000000
