000000  000001
3.000000e-03  9.374719e-01
6.000000e-03  8.921272e-01
9.000000e-03  8.565919e-01
1.200000e-02  8.274229e-01
1.500000e-02  8.027239e-01
1.800000e-02  7.813363e-01
2.100000e-02  7.624998e-01
2.400000e-02  7.456882e-01
2.700000e-02  7.305221e-01
3.000000e-02  7.167190e-01
3.300000e-02  7.040630e-01
3.600000e-02  6.923851e-01
3.900000e-02  6.815510e-01
4.200000e-02  6.714518e-01
4.500000e-02  6.619984e-01
4.800000e-02  6.531167e-01
5.100000e-02  6.447444e-01
5.400000e-02  6.368288e-01
5.700000e-02  6.293250e-01
6.000000e-02  6.221941e-01
6.300000e-02  6.154025e-01
6.600000e-02  6.089209e-01
6.900000e-02  6.027235e-01
7.200000e-02  5.967877e-01
7.500000e-02  5.910932e-01
7.800000e-02  5.856222e-01
8.100000e-02  5.803586e-01
8.400000e-02  5.752879e-01
8.700000e-02  5.703972e-01
9.000000e-02  5.656748e-01
9.300000e-02  5.611100e-01
9.600000e-02  5.566931e-01
9.900000e-02  5.524154e-01
1.020000e-01  5.482686e-01
1.050000e-01  5.442454e-01
1.080000e-01  5.403389e-01
1.110000e-01  5.365430e-01
1.140000e-01  5.328518e-01
1.170000e-01  5.292600e-01
1.200000e-01  5.257625e-01
1.230000e-01  5.223548e-01
1.260000e-01  5.190326e-01
1.290000e-01  5.157919e-01
1.320000e-01  5.126290e-01
1.350000e-01  5.095403e-01
1.380000e-01  5.065227e-01
1.410000e-01  5.035730e-01
1.440000e-01  5.006885e-01
1.470000e-01  4.978664e-01
1.500000e-01  4.951041e-01
1.530000e-01  4.923994e-01
1.560000e-01  4.897499e-01
1.590000e-01  4.871535e-01
1.620000e-01  4.846083e-01
1.650000e-01  4.821123e-01
1.680000e-01  4.796637e-01
1.710000e-01  4.772609e-01
1.740000e-01  4.749022e-01
1.770000e-01  4.725861e-01
1.800000e-01  4.703111e-01
1.830000e-01  4.680758e-01
1.860000e-01  4.658790e-01
1.890000e-01  4.637194e-01
1.920000e-01  4.615958e-01
1.950000e-01  4.595070e-01
1.980000e-01  4.574520e-01
2.010000e-01  4.554297e-01
2.040000e-01  4.534391e-01
2.070000e-01  4.514793e-01
2.100000e-01  4.495493e-01
2.130000e-01  4.476484e-01
2.160000e-01  4.457756e-01
2.190000e-01  4.439302e-01
2.220000e-01  4.421114e-01
2.250000e-01  4.403184e-01
2.280000e-01  4.385506e-01
2.310000e-01  4.368073e-01
2.340000e-01  4.350878e-01
2.370000e-01  4.333915e-01
2.400000e-01  4.317178e-01
2.430000e-01  4.300661e-01
2.460000e-01  4.284358e-01
2.490000e-01  4.268265e-01
2.520000e-01  4.252376e-01
2.550000e-01  4.236685e-01
2.580000e-01  4.221189e-01
2.610000e-01  4.205882e-01
2.640000e-01  4.190760e-01
2.670000e-01  4.175819e-01
2.700000e-01  4.161054e-01
2.730000e-01  4.146462e-01
2.760000e-01  4.132037e-01
2.790000e-01  4.117778e-01
2.820000e-01  4.103679e-01
2.850000e-01  4.089738e-01
2.880000e-01  4.075950e-01
2.910000e-01  4.062314e-01
2.940000e-01  4.048824e-01
2.970000e-01  4.035479e-01
3.000000e-01  4.022275e-01
3.030000e-01  4.009209e-01
3.060000e-01  3.996279e-01
3.090000e-01  3.983481e-01
3.120000e-01  3.970813e-01
3.150000e-01  3.958272e-01
3.180000e-01  3.945856e-01
3.210000e-01  3.933563e-01
3.240000e-01  3.921389e-01
3.270000e-01  3.909333e-01
3.300000e-01  3.897392e-01
3.330000e-01  3.885564e-01
3.360000e-01  3.873848e-01
3.390000e-01  3.862240e-01
3.420000e-01  3.850739e-01
3.450000e-01  3.839343e-01
3.480000e-01  3.828049e-01
3.510000e-01  3.816857e-01
3.540000e-01  3.805764e-01
3.570000e-01  3.794769e-01
3.600000e-01  3.783870e-01
3.630000e-01  3.773064e-01
3.660000e-01  3.762351e-01
3.690000e-01  3.751729e-01
3.720000e-01  3.741196e-01
3.750000e-01  3.730751e-01
3.780000e-01  3.720392e-01
3.810000e-01  3.710117e-01
3.840000e-01  3.699927e-01
3.870000e-01  3.689818e-01
3.900000e-01  3.679790e-01
3.930000e-01  3.669841e-01
3.960000e-01  3.659970e-01
3.990000e-01  3.650176e-01
4.020000e-01  3.640457e-01
4.050000e-01  3.630813e-01
4.080000e-01  3.621242e-01
4.110000e-01  3.611743e-01
4.140000e-01  3.602315e-01
4.170000e-01  3.592957e-01
4.200000e-01  3.583668e-01
4.230000e-01  3.574446e-01
4.260000e-01  3.565291e-01
4.290000e-01  3.556201e-01
4.320000e-01  3.547176e-01
4.350000e-01  3.538215e-01
4.380000e-01  3.529317e-01
4.410000e-01  3.520480e-01
4.440000e-01  3.511704e-01
4.470000e-01  3.502989e-01
4.500000e-01  3.494332e-01
4.530000e-01  3.485734e-01
4.560000e-01  3.477193e-01
4.590000e-01  3.468709e-01
4.620000e-01  3.460281e-01
4.650000e-01  3.451908e-01
4.680000e-01  3.443589e-01
4.710000e-01  3.435324e-01
4.740000e-01  3.427112e-01
4.770000e-01  3.418951e-01
4.800000e-01  3.410843e-01
4.830000e-01  3.402784e-01
4.860000e-01  3.394776e-01
4.890000e-01  3.386817e-01
4.920000e-01  3.378907e-01
4.950000e-01  3.371045e-01
4.980000e-01  3.363230e-01
5.010000e-01  3.355462e-01
5.040000e-01  3.347740e-01
5.070000e-01  3.340064e-01
5.100000e-01  3.332433e-01
5.130000e-01  3.324846e-01
5.160000e-01  3.317303e-01
5.190000e-01  3.309803e-01
5.220000e-01  3.302345e-01
5.250000e-01  3.294930e-01
5.280000e-01  3.287557e-01
5.310000e-01  3.280225e-01
5.340000e-01  3.272933e-01
5.370000e-01  3.265682e-01
5.400000e-01  3.258470e-01
5.430000e-01  3.251297e-01
5.460000e-01  3.244163e-01
5.490000e-01  3.237067e-01
5.520000e-01  3.230008e-01
5.550000e-01  3.222987e-01
5.580000e-01  3.216003e-01
5.610000e-01  3.209055e-01
5.640000e-01  3.202143e-01
5.670000e-01  3.195267e-01
5.700000e-01  3.188425e-01
5.730000e-01  3.181619e-01
5.760000e-01  3.174846e-01
5.790000e-01  3.168108e-01
5.820000e-01  3.161403e-01
5.850000e-01  3.154731e-01
5.880000e-01  3.148091e-01
5.910000e-01  3.141484e-01
5.940000e-01  3.134909e-01
5.970000e-01  3.128366e-01
6.000000e-01  3.121854e-01
6.030000e-01  3.115372e-01
6.060000e-01  3.108922e-01
6.090000e-01  3.102501e-01
6.120000e-01  3.096110e-01
6.150000e-01  3.089749e-01
6.180000e-01  3.083417e-01
6.210000e-01  3.077114e-01
6.240000e-01  3.070840e-01
6.270000e-01  3.064593e-01
6.300000e-01  3.058375e-01
6.330000e-01  3.052184e-01
6.360000e-01  3.046021e-01
6.390000e-01  3.039884e-01
6.420000e-01  3.033775e-01
6.450000e-01  3.027692e-01
6.480000e-01  3.021634e-01
6.510000e-01  3.015603e-01
6.540000e-01  3.009598e-01
6.570000e-01  3.003618e-01
6.600000e-01  2.997662e-01
6.630000e-01  2.991732e-01
6.660000e-01  2.985826e-01
6.690000e-01  2.979945e-01
6.720000e-01  2.974087e-01
6.750000e-01  2.968253e-01
6.780000e-01  2.962443e-01
6.810000e-01  2.956656e-01
6.840000e-01  2.950892e-01
6.870000e-01  2.945151e-01
6.900000e-01  2.939433e-01
6.930000e-01  2.933736e-01
6.960000e-01  2.928062e-01
6.990000e-01  2.922410e-01
7.020000e-01  2.916779e-01
7.050000e-01  2.911170e-01
7.080000e-01  2.905582e-01
7.110000e-01  2.900015e-01
7.140000e-01  2.894469e-01
7.170000e-01  2.888944e-01
7.200000e-01  2.883438e-01
7.230000e-01  2.877953e-01
7.260000e-01  2.872488e-01
7.290000e-01  2.867043e-01
7.320000e-01  2.861617e-01
7.350000e-01  2.856211e-01
7.380000e-01  2.850823e-01
7.410000e-01  2.845455e-01
7.440000e-01  2.840106e-01
7.470000e-01  2.834775e-01
7.500000e-01  2.829462e-01
7.530000e-01  2.824168e-01
7.560000e-01  2.818892e-01
7.590000e-01  2.813633e-01
7.620000e-01  2.808393e-01
7.650000e-01  2.803170e-01
7.680000e-01  2.797964e-01
7.710000e-01  2.792775e-01
7.740000e-01  2.787604e-01
7.770000e-01  2.782449e-01
7.800000e-01  2.777311e-01
7.830000e-01  2.772189e-01
7.860000e-01  2.767084e-01
7.890000e-01  2.761995e-01
7.920000e-01  2.756922e-01
7.950000e-01  2.751865e-01
7.980000e-01  2.746823e-01
8.010000e-01  2.741798e-01
8.040000e-01  2.736787e-01
8.070000e-01  2.731792e-01
8.100000e-01  2.726812e-01
8.130000e-01  2.721847e-01
8.160000e-01  2.716897e-01
8.190000e-01  2.711961e-01
8.220000e-01  2.707040e-01
8.250000e-01  2.702133e-01
8.280000e-01  2.697241e-01
8.310000e-01  2.692363e-01
8.340000e-01  2.687498e-01
8.370000e-01  2.682648e-01
8.400000e-01  2.677811e-01
8.430000e-01  2.672988e-01
8.460000e-01  2.668178e-01
8.490000e-01  2.663381e-01
8.520000e-01  2.658598e-01
8.550000e-01  2.653828e-01
8.580000e-01  2.649070e-01
8.610000e-01  2.644326e-01
8.640000e-01  2.639594e-01
8.670000e-01  2.634874e-01
8.700000e-01  2.630167e-01
8.730000e-01  2.625473e-01
8.760000e-01  2.620790e-01
8.790000e-01  2.616120e-01
8.820000e-01  2.611461e-01
8.850000e-01  2.606814e-01
8.880000e-01  2.602179e-01
8.910000e-01  2.597556e-01
8.940000e-01  2.592944e-01
8.970000e-01  2.588343e-01
9.000000e-01  2.583754e-01
9.030000e-01  2.579175e-01
9.060000e-01  2.574608e-01
9.090000e-01  2.570052e-01
9.120000e-01  2.565506e-01
9.150000e-01  2.560971e-01
9.180000e-01  2.556446e-01
9.210000e-01  2.551932e-01
9.240000e-01  2.547429e-01
9.270000e-01  2.542935e-01
9.300000e-01  2.538452e-01
9.330000e-01  2.533979e-01
9.360000e-01  2.529516e-01
9.390000e-01  2.525062e-01
9.420000e-01  2.520618e-01
9.450000e-01  2.516184e-01
9.480000e-01  2.511759e-01
9.510000e-01  2.507344e-01
9.540000e-01  2.502938e-01
9.570000e-01  2.498542e-01
9.600000e-01  2.494154e-01
9.630000e-01  2.489775e-01
9.660000e-01  2.485406e-01
9.690000e-01  2.481045e-01
9.720000e-01  2.476693e-01
9.750000e-01  2.472349e-01
9.780000e-01  2.468014e-01
9.810000e-01  2.463688e-01
9.840000e-01  2.459369e-01
9.870000e-01  2.455059e-01
9.900000e-01  2.450758e-01
9.930000e-01  2.446464e-01
9.960000e-01  2.442178e-01
9.990000e-01  2.437900e-01
