000000  000001
3.000000e-03  9.311274e-01
6.000000e-03  8.825700e-01
9.000000e-03  8.451179e-01
1.200000e-02  8.146947e-01
1.500000e-02  7.891250e-01
1.800000e-02  7.671078e-01
2.100000e-02  7.478025e-01
2.400000e-02  7.306341e-01
2.700000e-02  7.151920e-01
3.000000e-02  7.011729e-01
3.300000e-02  6.883463e-01
3.600000e-02  6.765330e-01
3.900000e-02  6.655909e-01
4.200000e-02  6.554058e-01
4.500000e-02  6.458841e-01
4.800000e-02  6.369483e-01
5.100000e-02  6.285337e-01
5.400000e-02  6.205855e-01
5.700000e-02  6.130571e-01
6.000000e-02  6.059083e-01
6.300000e-02  5.991045e-01
6.600000e-02  5.926155e-01
6.900000e-02  5.864146e-01
7.200000e-02  5.804787e-01
7.500000e-02  5.747871e-01
7.800000e-02  5.693213e-01
8.100000e-02  5.640651e-01
8.400000e-02  5.590035e-01
8.700000e-02  5.541235e-01
9.000000e-02  5.494131e-01
9.300000e-02  5.448613e-01
9.600000e-02  5.404584e-01
9.900000e-02  5.361953e-01
1.020000e-01  5.320639e-01
1.050000e-01  5.280567e-01
1.080000e-01  5.241666e-01
1.110000e-01  5.203875e-01
1.140000e-01  5.167133e-01
1.170000e-01  5.131387e-01
1.200000e-01  5.096587e-01
1.230000e-01  5.062686e-01
1.260000e-01  5.029640e-01
1.290000e-01  4.997410e-01
1.320000e-01  4.965957e-01
1.350000e-01  4.935247e-01
1.380000e-01  4.905247e-01
1.410000e-01  4.875927e-01
1.440000e-01  4.847256e-01
1.470000e-01  4.819208e-01
1.500000e-01  4.791758e-01
1.530000e-01  4.764882e-01
1.560000e-01  4.738557e-01
1.590000e-01  4.712761e-01
1.620000e-01  4.687475e-01
1.650000e-01  4.662680e-01
1.680000e-01  4.638357e-01
1.710000e-01  4.614489e-01
1.740000e-01  4.591061e-01
1.770000e-01  4.568057e-01
1.800000e-01  4.545462e-01
1.830000e-01  4.523263e-01
1.860000e-01  4.501446e-01
1.890000e-01  4.479999e-01
1.920000e-01  4.458909e-01
1.950000e-01  4.438166e-01
1.980000e-01  4.417758e-01
2.010000e-01  4.397676e-01
2.040000e-01  4.377908e-01
2.070000e-01  4.358447e-01
2.100000e-01  4.339281e-01
2.130000e-01  4.320404e-01
2.160000e-01  4.301806e-01
2.190000e-01  4.283480e-01
2.220000e-01  4.265417e-01
2.250000e-01  4.247611e-01
2.280000e-01  4.230055e-01
2.310000e-01  4.212741e-01
2.340000e-01  4.195664e-01
2.370000e-01  4.178816e-01
2.400000e-01  4.162193e-01
2.430000e-01  4.145787e-01
2.460000e-01  4.129594e-01
2.490000e-01  4.113608e-01
2.520000e-01  4.097824e-01
2.550000e-01  4.082237e-01
2.580000e-01  4.066843e-01
2.610000e-01  4.051636e-01
2.640000e-01  4.036611e-01
2.670000e-01  4.021766e-01
2.700000e-01  4.007095e-01
2.730000e-01  3.992594e-01
2.760000e-01  3.978260e-01
2.790000e-01  3.964089e-01
2.820000e-01  3.950077e-01
2.850000e-01  3.936221e-01
2.880000e-01  3.922516e-01
2.910000e-01  3.908961e-01
2.940000e-01  3.895551e-01
2.970000e-01  3.882283e-01
3.000000e-01  3.869155e-01
3.030000e-01  3.856164e-01
3.060000e-01  3.843306e-01
3.090000e-01  3.830579e-01
3.120000e-01  3.817981e-01
3.150000e-01  3.805508e-01
3.180000e-01  3.793158e-01
3.210000e-01  3.780929e-01
3.240000e-01  3.768818e-01
3.270000e-01  3.756823e-01
3.300000e-01  3.744942e-01
3.330000e-01  3.733172e-01
3.360000e-01  3.721512e-01
3.390000e-01  3.709959e-01
3.420000e-01  3.698511e-01
3.450000e-01  3.687167e-01
3.480000e-01  3.675924e-01
3.510000e-01  3.664781e-01
3.540000e-01  3.653735e-01
3.570000e-01  3.642786e-01
3.600000e-01  3.631931e-01
3.630000e-01  3.621168e-01
3.660000e-01  3.610497e-01
3.690000e-01  3.599915e-01
3.720000e-01  3.589421e-01
3.750000e-01  3.579013e-01
3.780000e-01  3.568689e-01
3.810000e-01  3.558450e-01
3.840000e-01  3.548292e-01
3.870000e-01  3.538215e-01
3.900000e-01  3.528217e-01
3.930000e-01  3.518297e-01
3.960000e-01  3.508454e-01
3.990000e-01  3.498687e-01
4.020000e-01  3.488993e-01
4.050000e-01  3.479373e-01
4.080000e-01  3.469824e-01
4.110000e-01  3.460346e-01
4.140000e-01  3.450938e-01
4.170000e-01  3.441598e-01
4.200000e-01  3.432326e-01
4.230000e-01  3.423120e-01
4.260000e-01  3.413979e-01
4.290000e-01  3.404903e-01
4.320000e-01  3.395891e-01
4.350000e-01  3.386940e-01
4.380000e-01  3.378051e-01
4.410000e-01  3.369223e-01
4.440000e-01  3.360455e-01
4.470000e-01  3.351745e-01
4.500000e-01  3.343093e-01
4.530000e-01  3.334499e-01
4.560000e-01  3.325960e-01
4.590000e-01  3.317477e-01
4.620000e-01  3.309049e-01
4.650000e-01  3.300675e-01
4.680000e-01  3.292354e-01
4.710000e-01  3.284085e-01
4.740000e-01  3.275868e-01
4.770000e-01  3.267701e-01
4.800000e-01  3.259585e-01
4.830000e-01  3.251519e-01
4.860000e-01  3.243501e-01
4.890000e-01  3.235531e-01
4.920000e-01  3.227609e-01
4.950000e-01  3.219734e-01
4.980000e-01  3.211905e-01
5.010000e-01  3.204122e-01
5.040000e-01  3.196384e-01
5.070000e-01  3.188690e-01
5.100000e-01  3.181040e-01
5.130000e-01  3.173433e-01
5.160000e-01  3.165869e-01
5.190000e-01  3.158347e-01
5.220000e-01  3.150867e-01
5.250000e-01  3.143427e-01
5.280000e-01  3.136028e-01
5.310000e-01  3.128670e-01
5.340000e-01  3.121350e-01
5.370000e-01  3.114070e-01
5.400000e-01  3.106828e-01
5.430000e-01  3.099624e-01
5.460000e-01  3.092458e-01
5.490000e-01  3.085329e-01
5.520000e-01  3.078236e-01
5.550000e-01  3.071179e-01
5.580000e-01  3.064159e-01
5.610000e-01  3.057173e-01
5.640000e-01  3.050222e-01
5.670000e-01  3.043306e-01
5.700000e-01  3.036424e-01
5.730000e-01  3.029575e-01
5.760000e-01  3.022759e-01
5.790000e-01  3.015976e-01
5.820000e-01  3.009226e-01
5.850000e-01  3.002508e-01
5.880000e-01  2.995821e-01
5.910000e-01  2.989165e-01
5.940000e-01  2.982540e-01
5.970000e-01  2.975946e-01
6.000000e-01  2.969382e-01
6.030000e-01  2.962848e-01
6.060000e-01  2.956343e-01
6.090000e-01  2.949867e-01
6.120000e-01  2.943420e-01
6.150000e-01  2.937001e-01
6.180000e-01  2.930611e-01
6.210000e-01  2.924248e-01
6.240000e-01  2.917913e-01
6.270000e-01  2.911604e-01
6.300000e-01  2.905323e-01
6.330000e-01  2.899068e-01
6.360000e-01  2.892839e-01
6.390000e-01  2.886637e-01
6.420000e-01  2.880460e-01
6.450000e-01  2.874308e-01
6.480000e-01  2.868181e-01
6.510000e-01  2.862079e-01
6.540000e-01  2.856001e-01
6.570000e-01  2.849948e-01
6.600000e-01  2.843919e-01
6.630000e-01  2.837913e-01
6.660000e-01  2.831931e-01
6.690000e-01  2.825972e-01
6.720000e-01  2.820035e-01
6.750000e-01  2.814122e-01
6.780000e-01  2.808230e-01
6.810000e-01  2.802361e-01
6.840000e-01  2.796514e-01
6.870000e-01  2.790689e-01
6.900000e-01  2.784884e-01
6.930000e-01  2.779101e-01
6.960000e-01  2.773339e-01
6.990000e-01  2.767598e-01
7.020000e-01  2.761877e-01
7.050000e-01  2.756176e-01
7.080000e-01  2.750496e-01
7.110000e-01  2.744835e-01
7.140000e-01  2.739193e-01
7.170000e-01  2.733572e-01
7.200000e-01  2.727969e-01
7.230000e-01  2.722385e-01
7.260000e-01  2.716820e-01
7.290000e-01  2.711274e-01
7.320000e-01  2.705745e-01
7.350000e-01  2.700235e-01
7.380000e-01  2.694743e-01
7.410000e-01  2.689269e-01
7.440000e-01  2.683812e-01
7.470000e-01  2.678373e-01
7.500000e-01  2.672950e-01
7.530000e-01  2.667545e-01
7.560000e-01  2.662157e-01
7.590000e-01  2.656785e-01
7.620000e-01  2.651429e-01
7.650000e-01  2.646090e-01
7.680000e-01  2.640767e-01
7.710000e-01  2.635459e-01
7.740000e-01  2.630167e-01
7.770000e-01  2.624891e-01
7.800000e-01  2.619631e-01
7.830000e-01  2.614385e-01
7.860000e-01  2.609154e-01
7.890000e-01  2.603939e-01
7.920000e-01  2.598738e-01
7.950000e-01  2.593551e-01
7.980000e-01  2.588379e-01
8.010000e-01  2.583221e-01
8.040000e-01  2.578077e-01
8.070000e-01  2.572947e-01
8.100000e-01  2.567830e-01
8.130000e-01  2.562727e-01
8.160000e-01  2.557638e-01
8.190000e-01  2.552562e-01
8.220000e-01  2.547499e-01
8.250000e-01  2.542448e-01
8.280000e-01  2.537411e-01
8.310000e-01  2.532386e-01
8.340000e-01  2.527374e-01
8.370000e-01  2.522374e-01
8.400000e-01  2.517386e-01
8.430000e-01  2.512411e-01
8.460000e-01  2.507447e-01
8.490000e-01  2.502495e-01
8.520000e-01  2.497554e-01
8.550000e-01  2.492626e-01
8.580000e-01  2.487708e-01
8.610000e-01  2.482802e-01
8.640000e-01  2.477906e-01
8.670000e-01  2.473022e-01
8.700000e-01  2.468148e-01
8.730000e-01  2.463286e-01
8.760000e-01  2.458433e-01
8.790000e-01  2.453591e-01
8.820000e-01  2.448760e-01
8.850000e-01  2.443938e-01
8.880000e-01  2.439126e-01
8.910000e-01  2.434325e-01
8.940000e-01  2.429533e-01
8.970000e-01  2.424750e-01
9.000000e-01  2.419977e-01
9.030000e-01  2.415214e-01
9.060000e-01  2.410459e-01
9.090000e-01  2.405714e-01
9.120000e-01  2.400977e-01
9.150000e-01  2.396250e-01
9.180000e-01  2.391531e-01
9.210000e-01  2.386821e-01
9.240000e-01  2.382119e-01
9.270000e-01  2.377426e-01
9.300000e-01  2.372741e-01
9.330000e-01  2.368063e-01
9.360000e-01  2.363394e-01
9.390000e-01  2.358733e-01
9.420000e-01  2.354079e-01
9.450000e-01  2.349433e-01
9.480000e-01  2.344795e-01
9.510000e-01  2.340164e-01
9.540000e-01  2.335540e-01
9.570000e-01  2.330923e-01
9.600000e-01  2.326313e-01
9.630000e-01  2.321710e-01
9.660000e-01  2.317114e-01
9.690000e-01  2.312524e-01
9.720000e-01  2.307941e-01
9.750000e-01  2.303364e-01
9.780000e-01  2.298794e-01
9.810000e-01  2.294230e-01
9.840000e-01  2.289671e-01
9.870000e-01  2.285119e-01
9.900000e-01  2.280573e-01
9.930000e-01  2.276032e-01
9.960000e-01  2.271496e-01
9.990000e-01  2.266966e-01
