000000  000001
3.000000e-03  9.303756e-01
6.000000e-03  8.814704e-01
9.000000e-03  8.438385e-01
1.200000e-02  8.133220e-01
1.500000e-02  7.877093e-01
1.800000e-02  7.656808e-01
2.100000e-02  7.463853e-01
2.400000e-02  7.292412e-01
2.700000e-02  7.138339e-01
3.000000e-02  6.998571e-01
3.300000e-02  6.870785e-01
3.600000e-02  6.753173e-01
3.900000e-02  6.644307e-01
4.200000e-02  6.543034e-01
4.500000e-02  6.448413e-01
4.800000e-02  6.359667e-01
5.100000e-02  6.276142e-01
5.400000e-02  6.197291e-01
5.700000e-02  6.122642e-01
6.000000e-02  6.051795e-01
6.300000e-02  5.984400e-01
6.600000e-02  5.920154e-01
6.900000e-02  5.858792e-01
7.200000e-02  5.800079e-01
7.500000e-02  5.743808e-01
7.800000e-02  5.689795e-01
8.100000e-02  5.637876e-01
8.400000e-02  5.587903e-01
8.700000e-02  5.539743e-01
9.000000e-02  5.493277e-01
9.300000e-02  5.448395e-01
9.600000e-02  5.405000e-01
9.900000e-02  5.363001e-01
1.020000e-01  5.322316e-01
1.050000e-01  5.282870e-01
1.080000e-01  5.244593e-01
1.110000e-01  5.207423e-01
1.140000e-01  5.171300e-01
1.170000e-01  5.136171e-01
1.200000e-01  5.101984e-01
1.230000e-01  5.068694e-01
1.260000e-01  5.036257e-01
1.290000e-01  5.004633e-01
1.320000e-01  4.973785e-01
1.350000e-01  4.943676e-01
1.380000e-01  4.914275e-01
1.410000e-01  4.885551e-01
1.440000e-01  4.857474e-01
1.470000e-01  4.830018e-01
1.500000e-01  4.803158e-01
1.530000e-01  4.776869e-01
1.560000e-01  4.751128e-01
1.590000e-01  4.725916e-01
1.620000e-01  4.701211e-01
1.650000e-01  4.676994e-01
1.680000e-01  4.653248e-01
1.710000e-01  4.629956e-01
1.740000e-01  4.607101e-01
1.770000e-01  4.584667e-01
1.800000e-01  4.562642e-01
1.830000e-01  4.541010e-01
1.860000e-01  4.519758e-01
1.890000e-01  4.498875e-01
1.920000e-01  4.478348e-01
1.950000e-01  4.458165e-01
1.980000e-01  4.438316e-01
2.010000e-01  4.418791e-01
2.040000e-01  4.399579e-01
2.070000e-01  4.380671e-01
2.100000e-01  4.362059e-01
2.130000e-01  4.343733e-01
2.160000e-01  4.325685e-01
2.190000e-01  4.307907e-01
2.220000e-01  4.290392e-01
2.250000e-01  4.273132e-01
2.280000e-01  4.256120e-01
2.310000e-01  4.239349e-01
2.340000e-01  4.222814e-01
2.370000e-01  4.206507e-01
2.400000e-01  4.190424e-01
2.430000e-01  4.174557e-01
2.460000e-01  4.158901e-01
2.490000e-01  4.143452e-01
2.520000e-01  4.128204e-01
2.550000e-01  4.113151e-01
2.580000e-01  4.098290e-01
2.610000e-01  4.083616e-01
2.640000e-01  4.069123e-01
2.670000e-01  4.054808e-01
2.700000e-01  4.040667e-01
2.730000e-01  4.026696e-01
2.760000e-01  4.012890e-01
2.790000e-01  3.999247e-01
2.820000e-01  3.985761e-01
2.850000e-01  3.972431e-01
2.880000e-01  3.959252e-01
2.910000e-01  3.946221e-01
2.940000e-01  3.933334e-01
2.970000e-01  3.920590e-01
3.000000e-01  3.907985e-01
3.030000e-01  3.895515e-01
3.060000e-01  3.883179e-01
3.090000e-01  3.870972e-01
3.120000e-01  3.858894e-01
3.150000e-01  3.846941e-01
3.180000e-01  3.835110e-01
3.210000e-01  3.823400e-01
3.240000e-01  3.811807e-01
3.270000e-01  3.800330e-01
3.300000e-01  3.788966e-01
3.330000e-01  3.777713e-01
3.360000e-01  3.766570e-01
3.390000e-01  3.755533e-01
3.420000e-01  3.744601e-01
3.450000e-01  3.733772e-01
3.480000e-01  3.723045e-01
3.510000e-01  3.712416e-01
3.540000e-01  3.701886e-01
3.570000e-01  3.691451e-01
3.600000e-01  3.681109e-01
3.630000e-01  3.670861e-01
3.660000e-01  3.660703e-01
3.690000e-01  3.650634e-01
3.720000e-01  3.640653e-01
3.750000e-01  3.630758e-01
3.780000e-01  3.620948e-01
3.810000e-01  3.611221e-01
3.840000e-01  3.601576e-01
3.870000e-01  3.592012e-01
3.900000e-01  3.582527e-01
3.930000e-01  3.573119e-01
3.960000e-01  3.563789e-01
3.990000e-01  3.554533e-01
4.020000e-01  3.545352e-01
4.050000e-01  3.536244e-01
4.080000e-01  3.527208e-01
4.110000e-01  3.518242e-01
4.140000e-01  3.509346e-01
4.170000e-01  3.500519e-01
4.200000e-01  3.491759e-01
4.230000e-01  3.483066e-01
4.260000e-01  3.474438e-01
4.290000e-01  3.465874e-01
4.320000e-01  3.457375e-01
4.350000e-01  3.448937e-01
4.380000e-01  3.440562e-01
4.410000e-01  3.432247e-01
4.440000e-01  3.423992e-01
4.470000e-01  3.415796e-01
4.500000e-01  3.407658e-01
4.530000e-01  3.399577e-01
4.560000e-01  3.391553e-01
4.590000e-01  3.383585e-01
4.620000e-01  3.375671e-01
4.650000e-01  3.367812e-01
4.680000e-01  3.360006e-01
4.710000e-01  3.352253e-01
4.740000e-01  3.344552e-01
4.770000e-01  3.336902e-01
4.800000e-01  3.329302e-01
4.830000e-01  3.321753e-01
4.860000e-01  3.314252e-01
4.890000e-01  3.306801e-01
4.920000e-01  3.299397e-01
4.950000e-01  3.292040e-01
4.980000e-01  3.284730e-01
5.010000e-01  3.277466e-01
5.040000e-01  3.270247e-01
5.070000e-01  3.263074e-01
5.100000e-01  3.255944e-01
5.130000e-01  3.248859e-01
5.160000e-01  3.241816e-01
5.190000e-01  3.234816e-01
5.220000e-01  3.227859e-01
5.250000e-01  3.220942e-01
5.280000e-01  3.214067e-01
5.310000e-01  3.207233e-01
5.340000e-01  3.200438e-01
5.370000e-01  3.193683e-01
5.400000e-01  3.186967e-01
5.430000e-01  3.180290e-01
5.460000e-01  3.173651e-01
5.490000e-01  3.167049e-01
5.520000e-01  3.160485e-01
5.550000e-01  3.153958e-01
5.580000e-01  3.147467e-01
5.610000e-01  3.141012e-01
5.640000e-01  3.134592e-01
5.670000e-01  3.128207e-01
5.700000e-01  3.121858e-01
5.730000e-01  3.115542e-01
5.760000e-01  3.109261e-01
5.790000e-01  3.103012e-01
5.820000e-01  3.096797e-01
5.850000e-01  3.090615e-01
5.880000e-01  3.084465e-01
5.910000e-01  3.078348e-01
5.940000e-01  3.072262e-01
5.970000e-01  3.066207e-01
6.000000e-01  3.060183e-01
6.030000e-01  3.054190e-01
6.060000e-01  3.048227e-01
6.090000e-01  3.042294e-01
6.120000e-01  3.036391e-01
6.150000e-01  3.030517e-01
6.180000e-01  3.024672e-01
6.210000e-01  3.018856e-01
6.240000e-01  3.013068e-01
6.270000e-01  3.007308e-01
6.300000e-01  3.001576e-01
6.330000e-01  2.995872e-01
6.360000e-01  2.990195e-01
6.390000e-01  2.984544e-01
6.420000e-01  2.978920e-01
6.450000e-01  2.973323e-01
6.480000e-01  2.967752e-01
6.510000e-01  2.962207e-01
6.540000e-01  2.956687e-01
6.570000e-01  2.951192e-01
6.600000e-01  2.945723e-01
6.630000e-01  2.940278e-01
6.660000e-01  2.934858e-01
6.690000e-01  2.929462e-01
6.720000e-01  2.924090e-01
6.750000e-01  2.918742e-01
6.780000e-01  2.913418e-01
6.810000e-01  2.908117e-01
6.840000e-01  2.902839e-01
6.870000e-01  2.897583e-01
6.900000e-01  2.892351e-01
6.930000e-01  2.887141e-01
6.960000e-01  2.881953e-01
6.990000e-01  2.876787e-01
7.020000e-01  2.871643e-01
7.050000e-01  2.866521e-01
7.080000e-01  2.861420e-01
7.110000e-01  2.856340e-01
7.140000e-01  2.851281e-01
7.170000e-01  2.846242e-01
7.200000e-01  2.841225e-01
7.230000e-01  2.836228e-01
7.260000e-01  2.831250e-01
7.290000e-01  2.826293e-01
7.320000e-01  2.821356e-01
7.350000e-01  2.816438e-01
7.380000e-01  2.811540e-01
7.410000e-01  2.806661e-01
7.440000e-01  2.801801e-01
7.470000e-01  2.796960e-01
7.500000e-01  2.792138e-01
7.530000e-01  2.787334e-01
7.560000e-01  2.782549e-01
7.590000e-01  2.777782e-01
7.620000e-01  2.773032e-01
7.650000e-01  2.768301e-01
7.680000e-01  2.763588e-01
7.710000e-01  2.758892e-01
7.740000e-01  2.754213e-01
7.770000e-01  2.749552e-01
7.800000e-01  2.744908e-01
7.830000e-01  2.740281e-01
7.860000e-01  2.735670e-01
7.890000e-01  2.731077e-01
7.920000e-01  2.726499e-01
7.950000e-01  2.721939e-01
7.980000e-01  2.717394e-01
8.010000e-01  2.712865e-01
8.040000e-01  2.708353e-01
8.070000e-01  2.703856e-01
8.100000e-01  2.699375e-01
8.130000e-01  2.694909e-01
8.160000e-01  2.690459e-01
8.190000e-01  2.686023e-01
8.220000e-01  2.681603e-01
8.250000e-01  2.677198e-01
8.280000e-01  2.672808e-01
8.310000e-01  2.668433e-01
8.340000e-01  2.664072e-01
8.370000e-01  2.659726e-01
8.400000e-01  2.655394e-01
8.430000e-01  2.651076e-01
8.460000e-01  2.646773e-01
8.490000e-01  2.642483e-01
8.520000e-01  2.638207e-01
8.550000e-01  2.633945e-01
8.580000e-01  2.629697e-01
8.610000e-01  2.625462e-01
8.640000e-01  2.621241e-01
8.670000e-01  2.617033e-01
8.700000e-01  2.612838e-01
8.730000e-01  2.608656e-01
8.760000e-01  2.604488e-01
8.790000e-01  2.600332e-01
8.820000e-01  2.596189e-01
8.850000e-01  2.592058e-01
8.880000e-01  2.587940e-01
8.910000e-01  2.583835e-01
8.940000e-01  2.579741e-01
8.970000e-01  2.575661e-01
9.000000e-01  2.571592e-01
9.030000e-01  2.567535e-01
9.060000e-01  2.563490e-01
9.090000e-01  2.559457e-01
9.120000e-01  2.555436e-01
9.150000e-01  2.551427e-01
9.180000e-01  2.547429e-01
9.210000e-01  2.543442e-01
9.240000e-01  2.539467e-01
9.270000e-01  2.535503e-01
9.300000e-01  2.531551e-01
9.330000e-01  2.527609e-01
9.360000e-01  2.523679e-01
9.390000e-01  2.519759e-01
9.420000e-01  2.515850e-01
9.450000e-01  2.511952e-01
9.480000e-01  2.508065e-01
9.510000e-01  2.504188e-01
9.540000e-01  2.500322e-01
9.570000e-01  2.496466e-01
9.600000e-01  2.492620e-01
9.630000e-01  2.488785e-01
9.660000e-01  2.484959e-01
9.690000e-01  2.481144e-01
9.720000e-01  2.477339e-01
9.750000e-01  2.473544e-01
9.780000e-01  2.469759e-01
9.810000e-01  2.465983e-01
9.840000e-01  2.462217e-01
9.870000e-01  2.458461e-01
9.900000e-01  2.454714e-01
9.930000e-01  2.450976e-01
9.960000e-01  2.447249e-01
9.990000e-01  2.443530e-01
