000000  000001
3.000000e-03  9.067415e-01
6.000000e-03  8.474787e-01
9.000000e-03  8.041613e-01
1.200000e-02  7.701471e-01
1.500000e-02  7.422310e-01
1.800000e-02  7.186173e-01
2.100000e-02  6.981984e-01
2.400000e-02  6.802431e-01
2.700000e-02  6.642435e-01
3.000000e-02  6.498326e-01
3.300000e-02  6.367369e-01
3.600000e-02  6.247471e-01
3.900000e-02  6.136993e-01
4.200000e-02  6.034635e-01
4.500000e-02  5.939341e-01
4.800000e-02  5.850247e-01
5.100000e-02  5.766636e-01
5.400000e-02  5.687906e-01
5.700000e-02  5.613547e-01
6.000000e-02  5.543125e-01
6.300000e-02  5.476266e-01
6.600000e-02  5.412644e-01
6.900000e-02  5.351977e-01
7.200000e-02  5.294018e-01
7.500000e-02  5.238547e-01
7.800000e-02  5.185370e-01
8.100000e-02  5.134316e-01
8.400000e-02  5.085230e-01
8.700000e-02  5.037974e-01
9.000000e-02  4.992424e-01
9.300000e-02  4.948466e-01
9.600000e-02  4.906000e-01
9.900000e-02  4.864932e-01
1.020000e-01  4.825179e-01
1.050000e-01  4.786662e-01
1.080000e-01  4.749310e-01
1.110000e-01  4.713060e-01
1.140000e-01  4.677851e-01
1.170000e-01  4.643628e-01
1.200000e-01  4.610339e-01
1.230000e-01  4.577939e-01
1.260000e-01  4.546382e-01
1.290000e-01  4.515628e-01
1.320000e-01  4.485639e-01
1.350000e-01  4.456379e-01
1.380000e-01  4.427816e-01
1.410000e-01  4.399919e-01
1.440000e-01  4.372659e-01
1.470000e-01  4.346008e-01
1.500000e-01  4.319941e-01
1.530000e-01  4.294435e-01
1.560000e-01  4.269466e-01
1.590000e-01  4.245013e-01
1.620000e-01  4.221056e-01
1.650000e-01  4.197577e-01
1.680000e-01  4.174557e-01
1.710000e-01  4.151979e-01
1.740000e-01  4.129828e-01
1.770000e-01  4.108088e-01
1.800000e-01  4.086745e-01
1.830000e-01  4.065784e-01
1.860000e-01  4.045194e-01
1.890000e-01  4.024961e-01
1.920000e-01  4.005074e-01
1.950000e-01  3.985522e-01
1.980000e-01  3.966293e-01
2.010000e-01  3.947378e-01
2.040000e-01  3.928767e-01
2.070000e-01  3.910450e-01
2.100000e-01  3.892419e-01
2.130000e-01  3.874664e-01
2.160000e-01  3.857179e-01
2.190000e-01  3.839954e-01
2.220000e-01  3.822984e-01
2.250000e-01  3.806259e-01
2.280000e-01  3.789774e-01
2.310000e-01  3.773522e-01
2.340000e-01  3.757496e-01
2.370000e-01  3.741691e-01
2.400000e-01  3.726100e-01
2.430000e-01  3.710717e-01
2.460000e-01  3.695539e-01
2.490000e-01  3.680558e-01
2.520000e-01  3.665771e-01
2.550000e-01  3.651171e-01
2.580000e-01  3.636756e-01
2.610000e-01  3.622519e-01
2.640000e-01  3.608457e-01
2.670000e-01  3.594566e-01
2.700000e-01  3.580841e-01
2.730000e-01  3.567279e-01
2.760000e-01  3.553875e-01
2.790000e-01  3.540626e-01
2.820000e-01  3.527529e-01
2.850000e-01  3.514580e-01
2.880000e-01  3.501776e-01
2.910000e-01  3.489113e-01
2.940000e-01  3.476589e-01
2.970000e-01  3.464200e-01
3.000000e-01  3.451943e-01
3.030000e-01  3.439817e-01
3.060000e-01  3.427817e-01
3.090000e-01  3.415942e-01
3.120000e-01  3.404188e-01
3.150000e-01  3.392553e-01
3.180000e-01  3.381035e-01
3.210000e-01  3.369632e-01
3.240000e-01  3.358341e-01
3.270000e-01  3.347159e-01
3.300000e-01  3.336085e-01
3.330000e-01  3.325117e-01
3.360000e-01  3.314252e-01
3.390000e-01  3.303489e-01
3.420000e-01  3.292826e-01
3.450000e-01  3.282260e-01
3.480000e-01  3.271791e-01
3.510000e-01  3.261415e-01
3.540000e-01  3.251132e-01
3.570000e-01  3.240939e-01
3.600000e-01  3.230835e-01
3.630000e-01  3.220819e-01
3.660000e-01  3.210889e-01
3.690000e-01  3.201043e-01
3.720000e-01  3.191280e-01
3.750000e-01  3.181599e-01
3.780000e-01  3.171997e-01
3.810000e-01  3.162474e-01
3.840000e-01  3.153028e-01
3.870000e-01  3.143659e-01
3.900000e-01  3.134363e-01
3.930000e-01  3.125142e-01
3.960000e-01  3.115992e-01
3.990000e-01  3.106914e-01
4.020000e-01  3.097905e-01
4.050000e-01  3.088965e-01
4.080000e-01  3.080092e-01
4.110000e-01  3.071286e-01
4.140000e-01  3.062546e-01
4.170000e-01  3.053870e-01
4.200000e-01  3.045257e-01
4.230000e-01  3.036706e-01
4.260000e-01  3.028217e-01
4.290000e-01  3.019789e-01
4.320000e-01  3.011419e-01
4.350000e-01  3.003109e-01
4.380000e-01  2.994856e-01
4.410000e-01  2.986660e-01
4.440000e-01  2.978520e-01
4.470000e-01  2.970435e-01
4.500000e-01  2.962404e-01
4.530000e-01  2.954427e-01
4.560000e-01  2.946503e-01
4.590000e-01  2.938630e-01
4.620000e-01  2.930809e-01
4.650000e-01  2.923038e-01
4.680000e-01  2.915317e-01
4.710000e-01  2.907644e-01
4.740000e-01  2.900020e-01
4.770000e-01  2.892444e-01
4.800000e-01  2.884915e-01
4.830000e-01  2.877432e-01
4.860000e-01  2.869994e-01
4.890000e-01  2.862602e-01
4.920000e-01  2.855254e-01
4.950000e-01  2.847950e-01
4.980000e-01  2.840688e-01
5.010000e-01  2.833470e-01
5.040000e-01  2.826293e-01
5.070000e-01  2.819158e-01
5.100000e-01  2.812064e-01
5.130000e-01  2.805010e-01
5.160000e-01  2.797996e-01
5.190000e-01  2.791021e-01
5.220000e-01  2.784085e-01
5.250000e-01  2.777187e-01
5.280000e-01  2.770327e-01
5.310000e-01  2.763504e-01
5.340000e-01  2.756718e-01
5.370000e-01  2.749968e-01
5.400000e-01  2.743254e-01
5.430000e-01  2.736575e-01
5.460000e-01  2.729931e-01
5.490000e-01  2.723321e-01
5.520000e-01  2.716746e-01
5.550000e-01  2.710204e-01
5.580000e-01  2.703695e-01
5.610000e-01  2.697219e-01
5.640000e-01  2.690776e-01
5.670000e-01  2.684364e-01
5.700000e-01  2.677984e-01
5.730000e-01  2.671635e-01
5.760000e-01  2.665317e-01
5.790000e-01  2.659029e-01
5.820000e-01  2.652771e-01
5.850000e-01  2.646543e-01
5.880000e-01  2.640344e-01
5.910000e-01  2.634173e-01
5.940000e-01  2.628032e-01
5.970000e-01  2.621919e-01
6.000000e-01  2.615833e-01
6.030000e-01  2.609775e-01
6.060000e-01  2.603745e-01
6.090000e-01  2.597741e-01
6.120000e-01  2.591763e-01
6.150000e-01  2.585812e-01
6.180000e-01  2.579887e-01
6.210000e-01  2.573988e-01
6.240000e-01  2.568114e-01
6.270000e-01  2.562265e-01
6.300000e-01  2.556440e-01
6.330000e-01  2.550640e-01
6.360000e-01  2.544865e-01
6.390000e-01  2.539113e-01
6.420000e-01  2.533384e-01
6.450000e-01  2.527679e-01
6.480000e-01  2.521997e-01
6.510000e-01  2.516338e-01
6.540000e-01  2.510701e-01
6.570000e-01  2.505087e-01
6.600000e-01  2.499494e-01
6.630000e-01  2.493924e-01
6.660000e-01  2.488374e-01
6.690000e-01  2.482846e-01
6.720000e-01  2.477339e-01
6.750000e-01  2.471853e-01
6.780000e-01  2.466387e-01
6.810000e-01  2.460941e-01
6.840000e-01  2.455516e-01
6.870000e-01  2.450110e-01
6.900000e-01  2.444724e-01
6.930000e-01  2.439357e-01
6.960000e-01  2.434010e-01
6.990000e-01  2.428681e-01
7.020000e-01  2.423371e-01
7.050000e-01  2.418079e-01
7.080000e-01  2.412806e-01
7.110000e-01  2.407551e-01
7.140000e-01  2.402313e-01
7.170000e-01  2.397093e-01
7.200000e-01  2.391891e-01
7.230000e-01  2.386706e-01
7.260000e-01  2.381538e-01
7.290000e-01  2.376386e-01
7.320000e-01  2.371252e-01
7.350000e-01  2.366133e-01
7.380000e-01  2.361031e-01
7.410000e-01  2.355945e-01
7.440000e-01  2.350875e-01
7.470000e-01  2.345821e-01
7.500000e-01  2.340782e-01
7.530000e-01  2.335759e-01
7.560000e-01  2.330751e-01
7.590000e-01  2.325757e-01
7.620000e-01  2.320779e-01
7.650000e-01  2.315815e-01
7.680000e-01  2.310865e-01
7.710000e-01  2.305930e-01
7.740000e-01  2.301009e-01
7.770000e-01  2.296102e-01
7.800000e-01  2.291208e-01
7.830000e-01  2.286328e-01
7.860000e-01  2.281462e-01
7.890000e-01  2.276609e-01
7.920000e-01  2.271769e-01
7.950000e-01  2.266942e-01
7.980000e-01  2.262128e-01
8.010000e-01  2.257326e-01
8.040000e-01  2.252537e-01
8.070000e-01  2.247760e-01
8.100000e-01  2.242996e-01
8.130000e-01  2.238243e-01
8.160000e-01  2.233503e-01
8.190000e-01  2.228774e-01
8.220000e-01  2.224056e-01
8.250000e-01  2.219350e-01
8.280000e-01  2.214656e-01
8.310000e-01  2.209972e-01
8.340000e-01  2.205299e-01
8.370000e-01  2.200638e-01
8.400000e-01  2.195986e-01
8.430000e-01  2.191346e-01
8.460000e-01  2.186716e-01
8.490000e-01  2.182096e-01
8.520000e-01  2.177486e-01
8.550000e-01  2.172886e-01
8.580000e-01  2.168297e-01
8.610000e-01  2.163716e-01
8.640000e-01  2.159146e-01
8.670000e-01  2.154584e-01
8.700000e-01  2.150033e-01
8.730000e-01  2.145490e-01
8.760000e-01  2.140956e-01
8.790000e-01  2.136431e-01
8.820000e-01  2.131915e-01
8.850000e-01  2.127408e-01
8.880000e-01  2.122909e-01
8.910000e-01  2.118418e-01
8.940000e-01  2.113936e-01
8.970000e-01  2.109462e-01
9.000000e-01  2.104995e-01
9.030000e-01  2.100537e-01
9.060000e-01  2.096086e-01
9.090000e-01  2.091643e-01
9.120000e-01  2.087207e-01
9.150000e-01  2.082779e-01
9.180000e-01  2.078358e-01
9.210000e-01  2.073943e-01
9.240000e-01  2.069536e-01
9.270000e-01  2.065136e-01
9.300000e-01  2.060742e-01
9.330000e-01  2.056355e-01
9.360000e-01  2.051974e-01
9.390000e-01  2.047599e-01
9.420000e-01  2.043231e-01
9.450000e-01  2.038869e-01
9.480000e-01  2.034512e-01
9.510000e-01  2.030161e-01
9.540000e-01  2.025816e-01
9.570000e-01  2.021477e-01
9.600000e-01  2.017143e-01
9.630000e-01  2.012814e-01
9.660000e-01  2.008490e-01
9.690000e-01  2.004171e-01
9.720000e-01  1.999857e-01
9.750000e-01  1.995548e-01
9.780000e-01  1.991244e-01
9.810000e-01  1.986944e-01
9.840000e-01  1.982648e-01
9.870000e-01  1.978357e-01
9.900000e-01  1.974069e-01
9.930000e-01  1.969786e-01
9.960000e-01  1.965506e-01
9.990000e-01  1.961231e-01
