000000  000001
3.000000e-03  9.289413e-01
6.000000e-03  8.793416e-01
9.000000e-03  8.413068e-01
1.200000e-02  8.105323e-01
1.500000e-02  7.847438e-01
1.800000e-02  7.625906e-01
2.100000e-02  7.432039e-01
2.400000e-02  7.259917e-01
2.700000e-02  7.105328e-01
3.000000e-02  6.965167e-01
3.300000e-02  6.837077e-01
3.600000e-02  6.719233e-01
3.900000e-02  6.610188e-01
4.200000e-02  6.508780e-01
4.500000e-02  6.414058e-01
4.800000e-02  6.325238e-01
5.100000e-02  6.241663e-01
5.400000e-02  6.162778e-01
5.700000e-02  6.088112e-01
6.000000e-02  6.017259e-01
6.300000e-02  5.949870e-01
6.600000e-02  5.885638e-01
6.900000e-02  5.824296e-01
7.200000e-02  5.765610e-01
7.500000e-02  5.709371e-01
7.800000e-02  5.655395e-01
8.100000e-02  5.603515e-01
8.400000e-02  5.553584e-01
8.700000e-02  5.505469e-01
9.000000e-02  5.459050e-01
9.300000e-02  5.414217e-01
9.600000e-02  5.370872e-01
9.900000e-02  5.328924e-01
1.020000e-01  5.288291e-01
1.050000e-01  5.248897e-01
1.080000e-01  5.210674e-01
1.110000e-01  5.173557e-01
1.140000e-01  5.137487e-01
1.170000e-01  5.102411e-01
1.200000e-01  5.068278e-01
1.230000e-01  5.035042e-01
1.260000e-01  5.002658e-01
1.290000e-01  4.971087e-01
1.320000e-01  4.940292e-01
1.350000e-01  4.910235e-01
1.380000e-01  4.880886e-01
1.410000e-01  4.852214e-01
1.440000e-01  4.824189e-01
1.470000e-01  4.796784e-01
1.500000e-01  4.769974e-01
1.530000e-01  4.743735e-01
1.560000e-01  4.718044e-01
1.590000e-01  4.692880e-01
1.620000e-01  4.668224e-01
1.650000e-01  4.644055e-01
1.680000e-01  4.620356e-01
1.710000e-01  4.597111e-01
1.740000e-01  4.574302e-01
1.770000e-01  4.551914e-01
1.800000e-01  4.529934e-01
1.830000e-01  4.508347e-01
1.860000e-01  4.487139e-01
1.890000e-01  4.466299e-01
1.920000e-01  4.445815e-01
1.950000e-01  4.425675e-01
1.980000e-01  4.405868e-01
2.010000e-01  4.386384e-01
2.040000e-01  4.367213e-01
2.070000e-01  4.348346e-01
2.100000e-01  4.329773e-01
2.130000e-01  4.311486e-01
2.160000e-01  4.293477e-01
2.190000e-01  4.275737e-01
2.220000e-01  4.258260e-01
2.250000e-01  4.241037e-01
2.280000e-01  4.224062e-01
2.310000e-01  4.207328e-01
2.340000e-01  4.190828e-01
2.370000e-01  4.174557e-01
2.400000e-01  4.158508e-01
2.430000e-01  4.142675e-01
2.460000e-01  4.127054e-01
2.490000e-01  4.111638e-01
2.520000e-01  4.096423e-01
2.550000e-01  4.081403e-01
2.580000e-01  4.066574e-01
2.610000e-01  4.051931e-01
2.640000e-01  4.037469e-01
2.670000e-01  4.023185e-01
2.700000e-01  4.009075e-01
2.730000e-01  3.995133e-01
2.760000e-01  3.981357e-01
2.790000e-01  3.967742e-01
2.820000e-01  3.954286e-01
2.850000e-01  3.940983e-01
2.880000e-01  3.927832e-01
2.910000e-01  3.914829e-01
2.940000e-01  3.901970e-01
2.970000e-01  3.889252e-01
3.000000e-01  3.876673e-01
3.030000e-01  3.864230e-01
3.060000e-01  3.851919e-01
3.090000e-01  3.839738e-01
3.120000e-01  3.827685e-01
3.150000e-01  3.815756e-01
3.180000e-01  3.803949e-01
3.210000e-01  3.792263e-01
3.240000e-01  3.780694e-01
3.270000e-01  3.769240e-01
3.300000e-01  3.757899e-01
3.330000e-01  3.746669e-01
3.360000e-01  3.735547e-01
3.390000e-01  3.724533e-01
3.420000e-01  3.713622e-01
3.450000e-01  3.702815e-01
3.480000e-01  3.692108e-01
3.510000e-01  3.681500e-01
3.540000e-01  3.670990e-01
3.570000e-01  3.660575e-01
3.600000e-01  3.650254e-01
3.630000e-01  3.640024e-01
3.660000e-01  3.629886e-01
3.690000e-01  3.619836e-01
3.720000e-01  3.609874e-01
3.750000e-01  3.599997e-01
3.780000e-01  3.590205e-01
3.810000e-01  3.580496e-01
3.840000e-01  3.570868e-01
3.870000e-01  3.561321e-01
3.900000e-01  3.551853e-01
3.930000e-01  3.542462e-01
3.960000e-01  3.533148e-01
3.990000e-01  3.523908e-01
4.020000e-01  3.514743e-01
4.050000e-01  3.505651e-01
4.080000e-01  3.496630e-01
4.110000e-01  3.487679e-01
4.140000e-01  3.478798e-01
4.170000e-01  3.469986e-01
4.200000e-01  3.461240e-01
4.230000e-01  3.452561e-01
4.260000e-01  3.443947e-01
4.290000e-01  3.435397e-01
4.320000e-01  3.426911e-01
4.350000e-01  3.418487e-01
4.380000e-01  3.410124e-01
4.410000e-01  3.401822e-01
4.440000e-01  3.393579e-01
4.470000e-01  3.385396e-01
4.500000e-01  3.377270e-01
4.530000e-01  3.369201e-01
4.560000e-01  3.361189e-01
4.590000e-01  3.353232e-01
4.620000e-01  3.345329e-01
4.650000e-01  3.337481e-01
4.680000e-01  3.329686e-01
4.710000e-01  3.321943e-01
4.740000e-01  3.314252e-01
4.770000e-01  3.306613e-01
4.800000e-01  3.299023e-01
4.830000e-01  3.291483e-01
4.860000e-01  3.283992e-01
4.890000e-01  3.276550e-01
4.920000e-01  3.269155e-01
4.950000e-01  3.261807e-01
4.980000e-01  3.254506e-01
5.010000e-01  3.247250e-01
5.040000e-01  3.240040e-01
5.070000e-01  3.232875e-01
5.100000e-01  3.225753e-01
5.130000e-01  3.218675e-01
5.160000e-01  3.211640e-01
5.190000e-01  3.204648e-01
5.220000e-01  3.197697e-01
5.250000e-01  3.190788e-01
5.280000e-01  3.183920e-01
5.310000e-01  3.177092e-01
5.340000e-01  3.170304e-01
5.370000e-01  3.163555e-01
5.400000e-01  3.156845e-01
5.430000e-01  3.150174e-01
5.460000e-01  3.143540e-01
5.490000e-01  3.136944e-01
5.520000e-01  3.130386e-01
5.550000e-01  3.123863e-01
5.580000e-01  3.117377e-01
5.610000e-01  3.110927e-01
5.640000e-01  3.104512e-01
5.670000e-01  3.098132e-01
5.700000e-01  3.091787e-01
5.730000e-01  3.085475e-01
5.760000e-01  3.079198e-01
5.790000e-01  3.072953e-01
5.820000e-01  3.066742e-01
5.850000e-01  3.060563e-01
5.880000e-01  3.054417e-01
5.910000e-01  3.048302e-01
5.940000e-01  3.042219e-01
5.970000e-01  3.036167e-01
6.000000e-01  3.030146e-01
6.030000e-01  3.024155e-01
6.060000e-01  3.018195e-01
6.090000e-01  3.012264e-01
6.120000e-01  3.006363e-01
6.150000e-01  3.000491e-01
6.180000e-01  2.994648e-01
6.210000e-01  2.988833e-01
6.240000e-01  2.983047e-01
6.270000e-01  2.977288e-01
6.300000e-01  2.971557e-01
6.330000e-01  2.965854e-01
6.360000e-01  2.960177e-01
6.390000e-01  2.954528e-01
6.420000e-01  2.948904e-01
6.450000e-01  2.943307e-01
6.480000e-01  2.937736e-01
6.510000e-01  2.932191e-01
6.540000e-01  2.926671e-01
6.570000e-01  2.921176e-01
6.600000e-01  2.915706e-01
6.630000e-01  2.910261e-01
6.660000e-01  2.904840e-01
6.690000e-01  2.899443e-01
6.720000e-01  2.894070e-01
6.750000e-01  2.888721e-01
6.780000e-01  2.883396e-01
6.810000e-01  2.878093e-01
6.840000e-01  2.872813e-01
6.870000e-01  2.867556e-01
6.900000e-01  2.862322e-01
6.930000e-01  2.857110e-01
6.960000e-01  2.851920e-01
6.990000e-01  2.846752e-01
7.020000e-01  2.841605e-01
7.050000e-01  2.836480e-01
7.080000e-01  2.831376e-01
7.110000e-01  2.826293e-01
7.140000e-01  2.821231e-01
7.170000e-01  2.816190e-01
7.200000e-01  2.811169e-01
7.230000e-01  2.806168e-01
7.260000e-01  2.801187e-01
7.290000e-01  2.796226e-01
7.320000e-01  2.791285e-01
7.350000e-01  2.786363e-01
7.380000e-01  2.781461e-01
7.410000e-01  2.776578e-01
7.440000e-01  2.771713e-01
7.470000e-01  2.766867e-01
7.500000e-01  2.762040e-01
7.530000e-01  2.757232e-01
7.560000e-01  2.752441e-01
7.590000e-01  2.747669e-01
7.620000e-01  2.742914e-01
7.650000e-01  2.738178e-01
7.680000e-01  2.733459e-01
7.710000e-01  2.728757e-01
7.740000e-01  2.724073e-01
7.770000e-01  2.719405e-01
7.800000e-01  2.714755e-01
7.830000e-01  2.710122e-01
7.860000e-01  2.705505e-01
7.890000e-01  2.700904e-01
7.920000e-01  2.696320e-01
7.950000e-01  2.691753e-01
7.980000e-01  2.687201e-01
8.010000e-01  2.682665e-01
8.040000e-01  2.678145e-01
8.070000e-01  2.673641e-01
8.100000e-01  2.669152e-01
8.130000e-01  2.664679e-01
8.160000e-01  2.660220e-01
8.190000e-01  2.655777e-01
8.220000e-01  2.651349e-01
8.250000e-01  2.646936e-01
8.280000e-01  2.642537e-01
8.310000e-01  2.638153e-01
8.340000e-01  2.633784e-01
8.370000e-01  2.629429e-01
8.400000e-01  2.625088e-01
8.430000e-01  2.620761e-01
8.460000e-01  2.616448e-01
8.490000e-01  2.612149e-01
8.520000e-01  2.607864e-01
8.550000e-01  2.603592e-01
8.580000e-01  2.599334e-01
8.610000e-01  2.595089e-01
8.640000e-01  2.590858e-01
8.670000e-01  2.586640e-01
8.700000e-01  2.582434e-01
8.730000e-01  2.578242e-01
8.760000e-01  2.574062e-01
8.790000e-01  2.569896e-01
8.820000e-01  2.565742e-01
8.850000e-01  2.561600e-01
8.880000e-01  2.557471e-01
8.910000e-01  2.553354e-01
8.940000e-01  2.549249e-01
8.970000e-01  2.545156e-01
9.000000e-01  2.541076e-01
9.030000e-01  2.537007e-01
9.060000e-01  2.532950e-01
9.090000e-01  2.528905e-01
9.120000e-01  2.524871e-01
9.150000e-01  2.520849e-01
9.180000e-01  2.516839e-01
9.210000e-01  2.512839e-01
9.240000e-01  2.508851e-01
9.270000e-01  2.504874e-01
9.300000e-01  2.500908e-01
9.330000e-01  2.496953e-01
9.360000e-01  2.493009e-01
9.390000e-01  2.489076e-01
9.420000e-01  2.485153e-01
9.450000e-01  2.481241e-01
9.480000e-01  2.477339e-01
9.510000e-01  2.473448e-01
9.540000e-01  2.469567e-01
9.570000e-01  2.465697e-01
9.600000e-01  2.461836e-01
9.630000e-01  2.457986e-01
9.660000e-01  2.454146e-01
9.690000e-01  2.450315e-01
9.720000e-01  2.446495e-01
9.750000e-01  2.442684e-01
9.780000e-01  2.438883e-01
9.810000e-01  2.435091e-01
9.840000e-01  2.431309e-01
9.870000e-01  2.427537e-01
9.900000e-01  2.423773e-01
9.930000e-01  2.420019e-01
9.960000e-01  2.416275e-01
9.990000e-01  2.412539e-01
