000000  000001
3.000000e-03  9.250786e-01
6.000000e-03  8.736536e-01
9.000000e-03  8.345749e-01
1.200000e-02  8.031389e-01
1.500000e-02  7.769038e-01
1.800000e-02  7.544359e-01
2.100000e-02  7.348209e-01
2.400000e-02  7.174397e-01
2.700000e-02  7.018540e-01
3.000000e-02  6.877417e-01
3.300000e-02  6.748598e-01
3.600000e-02  6.630200e-01
3.900000e-02  6.520739e-01
4.200000e-02  6.419021e-01
4.500000e-02  6.324075e-01
4.800000e-02  6.235099e-01
5.100000e-02  6.151423e-01
5.400000e-02  6.072482e-01
5.700000e-02  5.997797e-01
6.000000e-02  5.926956e-01
6.300000e-02  5.859603e-01
6.600000e-02  5.795428e-01
6.900000e-02  5.734161e-01
7.200000e-02  5.675563e-01
7.500000e-02  5.619424e-01
7.800000e-02  5.565558e-01
8.100000e-02  5.513796e-01
8.400000e-02  5.463990e-01
8.700000e-02  5.416005e-01
9.000000e-02  5.369720e-01
9.300000e-02  5.325025e-01
9.600000e-02  5.281820e-01
9.900000e-02  5.240015e-01
1.020000e-01  5.199526e-01
1.050000e-01  5.160278e-01
1.080000e-01  5.122200e-01
1.110000e-01  5.085230e-01
1.140000e-01  5.049307e-01
1.170000e-01  5.014378e-01
1.200000e-01  4.980391e-01
1.230000e-01  4.947300e-01
1.260000e-01  4.915061e-01
1.290000e-01  4.883633e-01
1.320000e-01  4.852980e-01
1.350000e-01  4.823066e-01
1.380000e-01  4.793857e-01
1.410000e-01  4.765323e-01
1.440000e-01  4.737436e-01
1.470000e-01  4.710167e-01
1.500000e-01  4.683492e-01
1.530000e-01  4.657387e-01
1.560000e-01  4.631828e-01
1.590000e-01  4.606795e-01
1.620000e-01  4.582267e-01
1.650000e-01  4.558226e-01
1.680000e-01  4.534653e-01
1.710000e-01  4.511531e-01
1.740000e-01  4.488845e-01
1.770000e-01  4.466579e-01
1.800000e-01  4.444718e-01
1.830000e-01  4.423248e-01
1.860000e-01  4.402157e-01
1.890000e-01  4.381432e-01
1.920000e-01  4.361061e-01
1.950000e-01  4.341032e-01
1.980000e-01  4.321336e-01
2.010000e-01  4.301960e-01
2.040000e-01  4.282897e-01
2.070000e-01  4.264135e-01
2.100000e-01  4.245667e-01
2.130000e-01  4.227483e-01
2.160000e-01  4.209575e-01
2.190000e-01  4.191936e-01
2.220000e-01  4.174557e-01
2.250000e-01  4.157431e-01
2.280000e-01  4.140552e-01
2.310000e-01  4.123912e-01
2.340000e-01  4.107506e-01
2.370000e-01  4.091327e-01
2.400000e-01  4.075368e-01
2.430000e-01  4.059625e-01
2.460000e-01  4.044091e-01
2.490000e-01  4.028762e-01
2.520000e-01  4.013632e-01
2.550000e-01  3.998697e-01
2.580000e-01  3.983951e-01
2.610000e-01  3.969390e-01
2.640000e-01  3.955009e-01
2.670000e-01  3.940805e-01
2.700000e-01  3.926773e-01
2.730000e-01  3.912908e-01
2.760000e-01  3.899208e-01
2.790000e-01  3.885669e-01
2.820000e-01  3.872286e-01
2.850000e-01  3.859056e-01
2.880000e-01  3.845977e-01
2.910000e-01  3.833044e-01
2.940000e-01  3.820255e-01
2.970000e-01  3.807606e-01
3.000000e-01  3.795095e-01
3.030000e-01  3.782718e-01
3.060000e-01  3.770473e-01
3.090000e-01  3.758357e-01
3.120000e-01  3.746367e-01
3.150000e-01  3.734501e-01
3.180000e-01  3.722756e-01
3.210000e-01  3.711130e-01
3.240000e-01  3.699621e-01
3.270000e-01  3.688226e-01
3.300000e-01  3.676944e-01
3.330000e-01  3.665771e-01
3.360000e-01  3.654706e-01
3.390000e-01  3.643746e-01
3.420000e-01  3.632891e-01
3.450000e-01  3.622137e-01
3.480000e-01  3.611483e-01
3.510000e-01  3.600928e-01
3.540000e-01  3.590468e-01
3.570000e-01  3.580104e-01
3.600000e-01  3.569832e-01
3.630000e-01  3.559652e-01
3.660000e-01  3.549561e-01
3.690000e-01  3.539559e-01
3.720000e-01  3.529643e-01
3.750000e-01  3.519812e-01
3.780000e-01  3.510065e-01
3.810000e-01  3.500400e-01
3.840000e-01  3.490816e-01
3.870000e-01  3.481312e-01
3.900000e-01  3.471885e-01
3.930000e-01  3.462536e-01
3.960000e-01  3.453262e-01
3.990000e-01  3.444063e-01
4.020000e-01  3.434937e-01
4.050000e-01  3.425883e-01
4.080000e-01  3.416900e-01
4.110000e-01  3.407987e-01
4.140000e-01  3.399142e-01
4.170000e-01  3.390365e-01
4.200000e-01  3.381655e-01
4.230000e-01  3.373010e-01
4.260000e-01  3.364430e-01
4.290000e-01  3.355914e-01
4.320000e-01  3.347460e-01
4.350000e-01  3.339068e-01
4.380000e-01  3.330736e-01
4.410000e-01  3.322465e-01
4.440000e-01  3.314252e-01
4.470000e-01  3.306098e-01
4.500000e-01  3.298001e-01
4.530000e-01  3.289961e-01
4.560000e-01  3.281976e-01
4.590000e-01  3.274046e-01
4.620000e-01  3.266170e-01
4.650000e-01  3.258348e-01
4.680000e-01  3.250578e-01
4.710000e-01  3.242860e-01
4.740000e-01  3.235194e-01
4.770000e-01  3.227578e-01
4.800000e-01  3.220011e-01
4.830000e-01  3.212494e-01
4.860000e-01  3.205025e-01
4.890000e-01  3.197604e-01
4.920000e-01  3.190230e-01
4.950000e-01  3.182902e-01
4.980000e-01  3.175621e-01
5.010000e-01  3.168385e-01
5.040000e-01  3.161193e-01
5.070000e-01  3.154046e-01
5.100000e-01  3.146942e-01
5.130000e-01  3.139881e-01
5.160000e-01  3.132863e-01
5.190000e-01  3.125887e-01
5.220000e-01  3.118952e-01
5.250000e-01  3.112058e-01
5.280000e-01  3.105204e-01
5.310000e-01  3.098390e-01
5.340000e-01  3.091616e-01
5.370000e-01  3.084880e-01
5.400000e-01  3.078183e-01
5.430000e-01  3.071524e-01
5.460000e-01  3.064902e-01
5.490000e-01  3.058317e-01
5.520000e-01  3.051769e-01
5.550000e-01  3.045257e-01
5.580000e-01  3.038781e-01
5.610000e-01  3.032339e-01
5.640000e-01  3.025933e-01
5.670000e-01  3.019562e-01
5.700000e-01  3.013224e-01
5.730000e-01  3.006920e-01
5.760000e-01  3.000649e-01
5.790000e-01  2.994412e-01
5.820000e-01  2.988206e-01
5.850000e-01  2.982033e-01
5.880000e-01  2.975892e-01
5.910000e-01  2.969782e-01
5.940000e-01  2.963703e-01
5.970000e-01  2.957655e-01
6.000000e-01  2.951637e-01
6.030000e-01  2.945649e-01
6.060000e-01  2.939691e-01
6.090000e-01  2.933762e-01
6.120000e-01  2.927862e-01
6.150000e-01  2.921991e-01
6.180000e-01  2.916149e-01
6.210000e-01  2.910334e-01
6.240000e-01  2.904548e-01
6.270000e-01  2.898789e-01
6.300000e-01  2.893057e-01
6.330000e-01  2.887352e-01
6.360000e-01  2.881673e-01
6.390000e-01  2.876021e-01
6.420000e-01  2.870395e-01
6.450000e-01  2.864795e-01
6.480000e-01  2.859220e-01
6.510000e-01  2.853671e-01
6.540000e-01  2.848146e-01
6.570000e-01  2.842647e-01
6.600000e-01  2.837171e-01
6.630000e-01  2.831720e-01
6.660000e-01  2.826293e-01
6.690000e-01  2.820890e-01
6.720000e-01  2.815510e-01
6.750000e-01  2.810154e-01
6.780000e-01  2.804820e-01
6.810000e-01  2.799509e-01
6.840000e-01  2.794221e-01
6.870000e-01  2.788955e-01
6.900000e-01  2.783711e-01
6.930000e-01  2.778489e-01
6.960000e-01  2.773289e-01
6.990000e-01  2.768110e-01
7.020000e-01  2.762952e-01
7.050000e-01  2.757816e-01
7.080000e-01  2.752700e-01
7.110000e-01  2.747605e-01
7.140000e-01  2.742530e-01
7.170000e-01  2.737475e-01
7.200000e-01  2.732441e-01
7.230000e-01  2.727426e-01
7.260000e-01  2.722431e-01
7.290000e-01  2.717455e-01
7.320000e-01  2.712499e-01
7.350000e-01  2.707562e-01
7.380000e-01  2.702643e-01
7.410000e-01  2.697743e-01
7.440000e-01  2.692862e-01
7.470000e-01  2.687999e-01
7.500000e-01  2.683155e-01
7.530000e-01  2.678328e-01
7.560000e-01  2.673519e-01
7.590000e-01  2.668728e-01
7.620000e-01  2.663954e-01
7.650000e-01  2.659198e-01
7.680000e-01  2.654459e-01
7.710000e-01  2.649737e-01
7.740000e-01  2.645032e-01
7.770000e-01  2.640344e-01
7.800000e-01  2.635672e-01
7.830000e-01  2.631016e-01
7.860000e-01  2.626377e-01
7.890000e-01  2.621754e-01
7.920000e-01  2.617147e-01
7.950000e-01  2.612555e-01
7.980000e-01  2.607979e-01
8.010000e-01  2.603419e-01
8.040000e-01  2.598875e-01
8.070000e-01  2.594345e-01
8.100000e-01  2.589831e-01
8.130000e-01  2.585331e-01
8.160000e-01  2.580846e-01
8.190000e-01  2.576377e-01
8.220000e-01  2.571921e-01
8.250000e-01  2.567480e-01
8.280000e-01  2.563054e-01
8.310000e-01  2.558641e-01
8.340000e-01  2.554243e-01
8.370000e-01  2.549858e-01
8.400000e-01  2.545488e-01
8.430000e-01  2.541131e-01
8.460000e-01  2.536788e-01
8.490000e-01  2.532458e-01
8.520000e-01  2.528141e-01
8.550000e-01  2.523838e-01
8.580000e-01  2.519547e-01
8.610000e-01  2.515270e-01
8.640000e-01  2.511005e-01
8.670000e-01  2.506754e-01
8.700000e-01  2.502515e-01
8.730000e-01  2.498288e-01
8.760000e-01  2.494074e-01
8.790000e-01  2.489872e-01
8.820000e-01  2.485682e-01
8.850000e-01  2.481505e-01
8.880000e-01  2.477339e-01
8.910000e-01  2.473186e-01
8.940000e-01  2.469044e-01
8.970000e-01  2.464913e-01
9.000000e-01  2.460795e-01
9.030000e-01  2.456687e-01
9.060000e-01  2.452592e-01
9.090000e-01  2.448507e-01
9.120000e-01  2.444434e-01
9.150000e-01  2.440371e-01
9.180000e-01  2.436320e-01
9.210000e-01  2.432279e-01
9.240000e-01  2.428250e-01
9.270000e-01  2.424231e-01
9.300000e-01  2.420222e-01
9.330000e-01  2.416224e-01
9.360000e-01  2.412237e-01
9.390000e-01  2.408260e-01
9.420000e-01  2.404293e-01
9.450000e-01  2.400336e-01
9.480000e-01  2.396389e-01
9.510000e-01  2.392452e-01
9.540000e-01  2.388526e-01
9.570000e-01  2.384608e-01
9.600000e-01  2.380701e-01
9.630000e-01  2.376803e-01
9.660000e-01  2.372915e-01
9.690000e-01  2.369036e-01
9.720000e-01  2.365167e-01
9.750000e-01  2.361307e-01
9.780000e-01  2.357456e-01
9.810000e-01  2.353614e-01
9.840000e-01  2.349781e-01
9.870000e-01  2.345957e-01
9.900000e-01  2.342143e-01
9.930000e-01  2.338337e-01
9.960000e-01  2.334539e-01
9.990000e-01  2.330751e-01
