000000  000001
3.000000e-03  9.274458e-01
6.000000e-03  8.771316e-01
9.000000e-03  8.386856e-01
1.200000e-02  8.076494e-01
1.500000e-02  7.816835e-01
1.800000e-02  7.594049e-01
2.100000e-02  7.399268e-01
2.400000e-02  7.226468e-01
2.700000e-02  7.071368e-01
3.000000e-02  6.930818e-01
3.300000e-02  6.802431e-01
3.600000e-02  6.684360e-01
3.900000e-02  6.575144e-01
4.200000e-02  6.473606e-01
4.500000e-02  6.378790e-01
4.800000e-02  6.289902e-01
5.100000e-02  6.206282e-01
5.400000e-02  6.127370e-01
5.700000e-02  6.052692e-01
6.000000e-02  5.981840e-01
6.300000e-02  5.914460e-01
6.600000e-02  5.850247e-01
6.900000e-02  5.788931e-01
7.200000e-02  5.730277e-01
7.500000e-02  5.674075e-01
7.800000e-02  5.620139e-01
8.100000e-02  5.568303e-01
8.400000e-02  5.518419e-01
8.700000e-02  5.470353e-01
9.000000e-02  5.423984e-01
9.300000e-02  5.379203e-01
9.600000e-02  5.335911e-01
9.900000e-02  5.294018e-01
1.020000e-01  5.253440e-01
1.050000e-01  5.214102e-01
1.080000e-01  5.175934e-01
1.110000e-01  5.138874e-01
1.140000e-01  5.102861e-01
1.170000e-01  5.067841e-01
1.200000e-01  5.033764e-01
1.230000e-01  5.000584e-01
1.260000e-01  4.968256e-01
1.290000e-01  4.936741e-01
1.320000e-01  4.906000e-01
1.350000e-01  4.875999e-01
1.380000e-01  4.846704e-01
1.410000e-01  4.818086e-01
1.440000e-01  4.790114e-01
1.470000e-01  4.762762e-01
1.500000e-01  4.736004e-01
1.530000e-01  4.709817e-01
1.560000e-01  4.684178e-01
1.590000e-01  4.659065e-01
1.620000e-01  4.634459e-01
1.650000e-01  4.610339e-01
1.680000e-01  4.586690e-01
1.710000e-01  4.563493e-01
1.740000e-01  4.540731e-01
1.770000e-01  4.518391e-01
1.800000e-01  4.496458e-01
1.830000e-01  4.474916e-01
1.860000e-01  4.453754e-01
1.890000e-01  4.432959e-01
1.920000e-01  4.412519e-01
1.950000e-01  4.392423e-01
1.980000e-01  4.372659e-01
2.010000e-01  4.353217e-01
2.040000e-01  4.334089e-01
2.070000e-01  4.315263e-01
2.100000e-01  4.296731e-01
2.130000e-01  4.278484e-01
2.160000e-01  4.260515e-01
2.190000e-01  4.242815e-01
2.220000e-01  4.225376e-01
2.250000e-01  4.208191e-01
2.280000e-01  4.191254e-01
2.310000e-01  4.174557e-01
2.340000e-01  4.158094e-01
2.370000e-01  4.141859e-01
2.400000e-01  4.125845e-01
2.430000e-01  4.110048e-01
2.460000e-01  4.094461e-01
2.490000e-01  4.079079e-01
2.520000e-01  4.063897e-01
2.550000e-01  4.048911e-01
2.580000e-01  4.034114e-01
2.610000e-01  4.019504e-01
2.640000e-01  4.005074e-01
2.670000e-01  3.990822e-01
2.700000e-01  3.976742e-01
2.730000e-01  3.962831e-01
2.760000e-01  3.949085e-01
2.790000e-01  3.935500e-01
2.820000e-01  3.922072e-01
2.850000e-01  3.908799e-01
2.880000e-01  3.895676e-01
2.910000e-01  3.882701e-01
2.940000e-01  3.869869e-01
2.970000e-01  3.857179e-01
3.000000e-01  3.844627e-01
3.030000e-01  3.832210e-01
3.060000e-01  3.819925e-01
3.090000e-01  3.807770e-01
3.120000e-01  3.795741e-01
3.150000e-01  3.783838e-01
3.180000e-01  3.772056e-01
3.210000e-01  3.760393e-01
3.240000e-01  3.748848e-01
3.270000e-01  3.737417e-01
3.300000e-01  3.726100e-01
3.330000e-01  3.714892e-01
3.360000e-01  3.703793e-01
3.390000e-01  3.692800e-01
3.420000e-01  3.681912e-01
3.450000e-01  3.671126e-01
3.480000e-01  3.660440e-01
3.510000e-01  3.649853e-01
3.540000e-01  3.639363e-01
3.570000e-01  3.628968e-01
3.600000e-01  3.618667e-01
3.630000e-01  3.608457e-01
3.660000e-01  3.598338e-01
3.690000e-01  3.588307e-01
3.720000e-01  3.578363e-01
3.750000e-01  3.568505e-01
3.780000e-01  3.558731e-01
3.810000e-01  3.549039e-01
3.840000e-01  3.539429e-01
3.870000e-01  3.529899e-01
3.900000e-01  3.520448e-01
3.930000e-01  3.511074e-01
3.960000e-01  3.501776e-01
3.990000e-01  3.492553e-01
4.020000e-01  3.483403e-01
4.050000e-01  3.474326e-01
4.080000e-01  3.465321e-01
4.110000e-01  3.456385e-01
4.140000e-01  3.447519e-01
4.170000e-01  3.438721e-01
4.200000e-01  3.429989e-01
4.230000e-01  3.421324e-01
4.260000e-01  3.412724e-01
4.290000e-01  3.404188e-01
4.320000e-01  3.395715e-01
4.350000e-01  3.387303e-01
4.380000e-01  3.378953e-01
4.410000e-01  3.370664e-01
4.440000e-01  3.362434e-01
4.470000e-01  3.354262e-01
4.500000e-01  3.346148e-01
4.530000e-01  3.338091e-01
4.560000e-01  3.330090e-01
4.590000e-01  3.322144e-01
4.620000e-01  3.314252e-01
4.650000e-01  3.306415e-01
4.680000e-01  3.298630e-01
4.710000e-01  3.290898e-01
4.740000e-01  3.283217e-01
4.770000e-01  3.275587e-01
4.800000e-01  3.268007e-01
4.830000e-01  3.260476e-01
4.860000e-01  3.252994e-01
4.890000e-01  3.245561e-01
4.920000e-01  3.238175e-01
4.950000e-01  3.230835e-01
4.980000e-01  3.223542e-01
5.010000e-01  3.216295e-01
5.040000e-01  3.209093e-01
5.070000e-01  3.201935e-01
5.100000e-01  3.194821e-01
5.130000e-01  3.187750e-01
5.160000e-01  3.180723e-01
5.190000e-01  3.173737e-01
5.220000e-01  3.166793e-01
5.250000e-01  3.159890e-01
5.280000e-01  3.153028e-01
5.310000e-01  3.146206e-01
5.340000e-01  3.139424e-01
5.370000e-01  3.132681e-01
5.400000e-01  3.125977e-01
5.430000e-01  3.119311e-01
5.460000e-01  3.112683e-01
5.490000e-01  3.106092e-01
5.520000e-01  3.099538e-01
5.550000e-01  3.093020e-01
5.580000e-01  3.086538e-01
5.610000e-01  3.080092e-01
5.640000e-01  3.073682e-01
5.670000e-01  3.067305e-01
5.700000e-01  3.060964e-01
5.730000e-01  3.054656e-01
5.760000e-01  3.048382e-01
5.790000e-01  3.042140e-01
5.820000e-01  3.035932e-01
5.850000e-01  3.029756e-01
5.880000e-01  3.023612e-01
5.910000e-01  3.017500e-01
5.940000e-01  3.011419e-01
5.970000e-01  3.005370e-01
6.000000e-01  2.999350e-01
6.030000e-01  2.993362e-01
6.060000e-01  2.987403e-01
6.090000e-01  2.981473e-01
6.120000e-01  2.975574e-01
6.150000e-01  2.969703e-01
6.180000e-01  2.963860e-01
6.210000e-01  2.958046e-01
6.240000e-01  2.952261e-01
6.270000e-01  2.946503e-01
6.300000e-01  2.940772e-01
6.330000e-01  2.935069e-01
6.360000e-01  2.929392e-01
6.390000e-01  2.923742e-01
6.420000e-01  2.918119e-01
6.450000e-01  2.912521e-01
6.480000e-01  2.906949e-01
6.510000e-01  2.901403e-01
6.540000e-01  2.895882e-01
6.570000e-01  2.890386e-01
6.600000e-01  2.884915e-01
6.630000e-01  2.879468e-01
6.660000e-01  2.874045e-01
6.690000e-01  2.868647e-01
6.720000e-01  2.863272e-01
6.750000e-01  2.857921e-01
6.780000e-01  2.852593e-01
6.810000e-01  2.847288e-01
6.840000e-01  2.842005e-01
6.870000e-01  2.836746e-01
6.900000e-01  2.831509e-01
6.930000e-01  2.826293e-01
6.960000e-01  2.821100e-01
6.990000e-01  2.815928e-01
7.020000e-01  2.810778e-01
7.050000e-01  2.805650e-01
7.080000e-01  2.800542e-01
7.110000e-01  2.795455e-01
7.140000e-01  2.790389e-01
7.170000e-01  2.785343e-01
7.200000e-01  2.780318e-01
7.230000e-01  2.775312e-01
7.260000e-01  2.770327e-01
7.290000e-01  2.765361e-01
7.320000e-01  2.760415e-01
7.350000e-01  2.755488e-01
7.380000e-01  2.750580e-01
7.410000e-01  2.745691e-01
7.440000e-01  2.740821e-01
7.470000e-01  2.735969e-01
7.500000e-01  2.731136e-01
7.530000e-01  2.726321e-01
7.560000e-01  2.721525e-01
7.590000e-01  2.716746e-01
7.620000e-01  2.711985e-01
7.650000e-01  2.707242e-01
7.680000e-01  2.702516e-01
7.710000e-01  2.697807e-01
7.740000e-01  2.693115e-01
7.770000e-01  2.688441e-01
7.800000e-01  2.683783e-01
7.830000e-01  2.679142e-01
7.860000e-01  2.674517e-01
7.890000e-01  2.669909e-01
7.920000e-01  2.665317e-01
7.950000e-01  2.660741e-01
7.980000e-01  2.656181e-01
8.010000e-01  2.651636e-01
8.040000e-01  2.647108e-01
8.070000e-01  2.642594e-01
8.100000e-01  2.638097e-01
8.130000e-01  2.633614e-01
8.160000e-01  2.629146e-01
8.190000e-01  2.624694e-01
8.220000e-01  2.620256e-01
8.250000e-01  2.615833e-01
8.280000e-01  2.611425e-01
8.310000e-01  2.607031e-01
8.340000e-01  2.602651e-01
8.370000e-01  2.598285e-01
8.400000e-01  2.593934e-01
8.430000e-01  2.589596e-01
8.460000e-01  2.585273e-01
8.490000e-01  2.580963e-01
8.520000e-01  2.576666e-01
8.550000e-01  2.572383e-01
8.580000e-01  2.568114e-01
8.610000e-01  2.563857e-01
8.640000e-01  2.559614e-01
8.670000e-01  2.555384e-01
8.700000e-01  2.551167e-01
8.730000e-01  2.546962e-01
8.760000e-01  2.542770e-01
8.790000e-01  2.538591e-01
8.820000e-01  2.534424e-01
8.850000e-01  2.530270e-01
8.880000e-01  2.526127e-01
8.910000e-01  2.521997e-01
8.940000e-01  2.517879e-01
8.970000e-01  2.513773e-01
9.000000e-01  2.509679e-01
9.030000e-01  2.505596e-01
9.060000e-01  2.501526e-01
9.090000e-01  2.497466e-01
9.120000e-01  2.493418e-01
9.150000e-01  2.489382e-01
9.180000e-01  2.485356e-01
9.210000e-01  2.481342e-01
9.240000e-01  2.477339e-01
9.270000e-01  2.473347e-01
9.300000e-01  2.469366e-01
9.330000e-01  2.465396e-01
9.360000e-01  2.461436e-01
9.390000e-01  2.457487e-01
9.420000e-01  2.453548e-01
9.450000e-01  2.449620e-01
9.480000e-01  2.445702e-01
9.510000e-01  2.441794e-01
9.540000e-01  2.437897e-01
9.570000e-01  2.434010e-01
9.600000e-01  2.430132e-01
9.630000e-01  2.426265e-01
9.660000e-01  2.422407e-01
9.690000e-01  2.418559e-01
9.720000e-01  2.414721e-01
9.750000e-01  2.410893e-01
9.780000e-01  2.407074e-01
9.810000e-01  2.403264e-01
9.840000e-01  2.399464e-01
9.870000e-01  2.395673e-01
9.900000e-01  2.391891e-01
9.930000e-01  2.388118e-01
9.960000e-01  2.384354e-01
9.990000e-01  2.380600e-01
