000000  000001
3.000000e-03  8.825058e-01
6.000000e-03  8.146834e-01
9.000000e-03  7.671915e-01
1.200000e-02  7.308317e-01
1.500000e-02  7.014934e-01
1.800000e-02  6.769808e-01
2.100000e-02  6.559830e-01
2.400000e-02  6.376554e-01
2.700000e-02  6.214224e-01
3.000000e-02  6.068744e-01
3.300000e-02  5.937097e-01
3.600000e-02  5.817002e-01
3.900000e-02  5.706687e-01
4.200000e-02  5.604757e-01
4.500000e-02  5.510087e-01
4.800000e-02  5.421764e-01
5.100000e-02  5.339030e-01
5.400000e-02  5.261258e-01
5.700000e-02  5.187913e-01
6.000000e-02  5.118546e-01
6.300000e-02  5.052767e-01
6.600000e-02  4.990243e-01
6.900000e-02  4.930683e-01
7.200000e-02  4.873832e-01
7.500000e-02  4.819467e-01
7.800000e-02  4.767389e-01
8.100000e-02  4.717424e-01
8.400000e-02  4.669415e-01
8.700000e-02  4.623222e-01
9.000000e-02  4.578719e-01
9.300000e-02  4.535792e-01
9.600000e-02  4.494339e-01
9.900000e-02  4.454266e-01
1.020000e-01  4.415489e-01
1.050000e-01  4.377929e-01
1.080000e-01  4.341517e-01
1.110000e-01  4.306187e-01
1.140000e-01  4.271878e-01
1.170000e-01  4.238537e-01
1.200000e-01  4.206112e-01
1.230000e-01  4.174557e-01
1.260000e-01  4.143826e-01
1.290000e-01  4.113881e-01
1.320000e-01  4.084683e-01
1.350000e-01  4.056197e-01
1.380000e-01  4.028391e-01
1.410000e-01  4.001233e-01
1.440000e-01  3.974696e-01
1.470000e-01  3.948752e-01
1.500000e-01  3.923376e-01
1.530000e-01  3.898544e-01
1.560000e-01  3.874235e-01
1.590000e-01  3.850427e-01
1.620000e-01  3.827100e-01
1.650000e-01  3.804236e-01
1.680000e-01  3.781817e-01
1.710000e-01  3.759827e-01
1.740000e-01  3.738250e-01
1.770000e-01  3.717070e-01
1.800000e-01  3.696274e-01
1.830000e-01  3.675849e-01
1.860000e-01  3.655780e-01
1.890000e-01  3.636057e-01
1.920000e-01  3.616668e-01
1.950000e-01  3.597601e-01
1.980000e-01  3.578846e-01
2.010000e-01  3.560394e-01
2.040000e-01  3.542234e-01
2.070000e-01  3.524357e-01
2.100000e-01  3.506756e-01
2.130000e-01  3.489420e-01
2.160000e-01  3.472343e-01
2.190000e-01  3.455517e-01
2.220000e-01  3.438934e-01
2.250000e-01  3.422588e-01
2.280000e-01  3.406472e-01
2.310000e-01  3.390579e-01
2.340000e-01  3.374902e-01
2.370000e-01  3.359437e-01
2.400000e-01  3.344178e-01
2.430000e-01  3.329118e-01
2.460000e-01  3.314252e-01
2.490000e-01  3.299577e-01
2.520000e-01  3.285085e-01
2.550000e-01  3.270774e-01
2.580000e-01  3.256638e-01
2.610000e-01  3.242673e-01
2.640000e-01  3.228874e-01
2.670000e-01  3.215238e-01
2.700000e-01  3.201761e-01
2.730000e-01  3.188438e-01
2.760000e-01  3.175267e-01
2.790000e-01  3.162243e-01
2.820000e-01  3.149363e-01
2.850000e-01  3.136624e-01
2.880000e-01  3.124022e-01
2.910000e-01  3.111555e-01
2.940000e-01  3.099219e-01
2.970000e-01  3.087011e-01
3.000000e-01  3.074930e-01
3.030000e-01  3.062971e-01
3.060000e-01  3.051132e-01
3.090000e-01  3.039411e-01
3.120000e-01  3.027805e-01
3.150000e-01  3.016311e-01
3.180000e-01  3.004928e-01
3.210000e-01  2.993653e-01
3.240000e-01  2.982484e-01
3.270000e-01  2.971418e-01
3.300000e-01  2.960454e-01
3.330000e-01  2.949589e-01
3.360000e-01  2.938821e-01
3.390000e-01  2.928150e-01
3.420000e-01  2.917571e-01
3.450000e-01  2.907085e-01
3.480000e-01  2.896688e-01
3.510000e-01  2.886380e-01
3.540000e-01  2.876159e-01
3.570000e-01  2.866022e-01
3.600000e-01  2.855969e-01
3.630000e-01  2.845997e-01
3.660000e-01  2.836106e-01
3.690000e-01  2.826293e-01
3.720000e-01  2.816558e-01
3.750000e-01  2.806899e-01
3.780000e-01  2.797314e-01
3.810000e-01  2.787802e-01
3.840000e-01  2.778362e-01
3.870000e-01  2.768992e-01
3.900000e-01  2.759692e-01
3.930000e-01  2.750460e-01
3.960000e-01  2.741295e-01
3.990000e-01  2.732196e-01
4.020000e-01  2.723161e-01
4.050000e-01  2.714189e-01
4.080000e-01  2.705280e-01
4.110000e-01  2.696432e-01
4.140000e-01  2.687644e-01
4.170000e-01  2.678916e-01
4.200000e-01  2.670245e-01
4.230000e-01  2.661632e-01
4.260000e-01  2.653075e-01
4.290000e-01  2.644574e-01
4.320000e-01  2.636127e-01
4.350000e-01  2.627733e-01
4.380000e-01  2.619392e-01
4.410000e-01  2.611103e-01
4.440000e-01  2.602864e-01
4.470000e-01  2.594676e-01
4.500000e-01  2.586537e-01
4.530000e-01  2.578446e-01
4.560000e-01  2.570403e-01
4.590000e-01  2.562407e-01
4.620000e-01  2.554457e-01
4.650000e-01  2.546553e-01
4.680000e-01  2.538693e-01
4.710000e-01  2.530877e-01
4.740000e-01  2.523104e-01
4.770000e-01  2.515374e-01
4.800000e-01  2.507686e-01
4.830000e-01  2.500039e-01
4.860000e-01  2.492433e-01
4.890000e-01  2.484866e-01
4.920000e-01  2.477339e-01
4.950000e-01  2.469851e-01
4.980000e-01  2.462401e-01
5.010000e-01  2.454988e-01
5.040000e-01  2.447612e-01
5.070000e-01  2.440272e-01
5.100000e-01  2.432968e-01
5.130000e-01  2.425700e-01
5.160000e-01  2.418466e-01
5.190000e-01  2.411266e-01
5.220000e-01  2.404099e-01
5.250000e-01  2.396966e-01
5.280000e-01  2.389865e-01
5.310000e-01  2.382796e-01
5.340000e-01  2.375759e-01
5.370000e-01  2.368753e-01
5.400000e-01  2.361777e-01
5.430000e-01  2.354831e-01
5.460000e-01  2.347915e-01
5.490000e-01  2.341028e-01
5.520000e-01  2.334169e-01
5.550000e-01  2.327339e-01
5.580000e-01  2.320536e-01
5.610000e-01  2.313761e-01
5.640000e-01  2.307012e-01
5.670000e-01  2.300290e-01
5.700000e-01  2.293594e-01
5.730000e-01  2.286923e-01
5.760000e-01  2.280277e-01
5.790000e-01  2.273656e-01
5.820000e-01  2.267060e-01
5.850000e-01  2.260487e-01
5.880000e-01  2.253938e-01
5.910000e-01  2.247411e-01
5.940000e-01  2.240908e-01
5.970000e-01  2.234427e-01
6.000000e-01  2.227967e-01
6.030000e-01  2.221530e-01
6.060000e-01  2.215113e-01
6.090000e-01  2.208717e-01
6.120000e-01  2.202342e-01
6.150000e-01  2.195986e-01
6.180000e-01  2.189651e-01
6.210000e-01  2.183334e-01
6.240000e-01  2.177037e-01
6.270000e-01  2.170758e-01
6.300000e-01  2.164498e-01
6.330000e-01  2.158255e-01
6.360000e-01  2.152030e-01
6.390000e-01  2.145822e-01
6.420000e-01  2.139631e-01
6.450000e-01  2.133456e-01
6.480000e-01  2.127298e-01
6.510000e-01  2.121155e-01
6.540000e-01  2.115028e-01
6.570000e-01  2.108917e-01
6.600000e-01  2.102820e-01
6.630000e-01  2.096737e-01
6.660000e-01  2.090669e-01
6.690000e-01  2.084614e-01
6.720000e-01  2.078573e-01
6.750000e-01  2.072545e-01
6.780000e-01  2.066530e-01
6.810000e-01  2.060528e-01
6.840000e-01  2.054537e-01
6.870000e-01  2.048559e-01
6.900000e-01  2.042592e-01
6.930000e-01  2.036636e-01
6.960000e-01  2.030692e-01
6.990000e-01  2.024757e-01
7.020000e-01  2.018833e-01
7.050000e-01  2.012919e-01
7.080000e-01  2.007015e-01
7.110000e-01  2.001120e-01
7.140000e-01  1.995233e-01
7.170000e-01  1.989356e-01
7.200000e-01  1.983486e-01
7.230000e-01  1.977624e-01
7.260000e-01  1.971770e-01
7.290000e-01  1.965924e-01
7.320000e-01  1.960084e-01
7.350000e-01  1.954251e-01
7.380000e-01  1.948424e-01
7.410000e-01  1.942603e-01
7.440000e-01  1.936787e-01
7.470000e-01  1.930977e-01
7.500000e-01  1.925171e-01
7.530000e-01  1.919370e-01
7.560000e-01  1.913573e-01
7.590000e-01  1.907780e-01
7.620000e-01  1.901991e-01
7.650000e-01  1.896204e-01
7.680000e-01  1.890420e-01
7.710000e-01  1.884638e-01
7.740000e-01  1.878859e-01
7.770000e-01  1.873080e-01
7.800000e-01  1.867303e-01
7.830000e-01  1.861527e-01
7.860000e-01  000000
7.890000e-01  000000
7.920000e-01  000000
7.950000e-01  000000
7.980000e-01  000000
8.010000e-01  000000
8.040000e-01  000000
8.070000e-01  000000
8.100000e-01  000000
8.130000e-01  000000
8.160000e-01  000000
8.190000e-01  000000
8.220000e-01  000000
8.250000e-01  000000
8.280000e-01  000000
8.310000e-01  000000
8.340000e-01  000000
8.370000e-01  000000
8.400000e-01  000000
8.430000e-01  000000
8.460000e-01  000000
8.490000e-01  000000
8.520000e-01  000000
8.550000e-01  000000
8.580000e-01  000000
8.610000e-01  000000
8.640000e-01  000000
8.670000e-01  000000
8.700000e-01  000000
8.730000e-01  000000
8.760000e-01  000000
8.790000e-01  000000
8.820000e-01  000000
8.850000e-01  000000
8.880000e-01  000000
8.910000e-01  000000
8.940000e-01  000000
8.970000e-01  000000
9.000000e-01  000000
9.030000e-01  000000
9.060000e-01  000000
9.090000e-01  000000
9.120000e-01  000000
9.150000e-01  000000
9.180000e-01  000000
9.210000e-01  000000
9.240000e-01  000000
9.270000e-01  000000
9.300000e-01  000000
9.330000e-01  000000
9.360000e-01  000000
9.390000e-01  000000
9.420000e-01  000000
9.450000e-01  000000
9.480000e-01  000000
9.510000e-01  000000
9.540000e-01  000000
9.570000e-01  000000
9.600000e-01  000000
9.630000e-01  000000
9.660000e-01  000000
9.690000e-01  000000
9.720000e-01  000000
9.750000e-01  000000
9.780000e-01  000000
9.810000e-01  000000
9.840000e-01  000000
9.870000e-01  000000
9.900000e-01  000000
9.930000e-01  000000
9.960000e-01  000000
9.990000e-01  000000
