000000  000001
3.000000e-03  7.967468e-01
6.000000e-03  7.101136e-01
9.000000e-03  6.554255e-01
1.200000e-02  6.158402e-01
1.500000e-02  5.850247e-01
1.800000e-02  5.599161e-01
2.100000e-02  5.388037e-01
2.400000e-02  5.206377e-01
2.700000e-02  5.047285e-01
3.000000e-02  4.906000e-01
3.300000e-02  4.779100e-01
3.600000e-02  4.664046e-01
3.900000e-02  4.558906e-01
4.200000e-02  4.462174e-01
4.500000e-02  4.372659e-01
4.800000e-02  4.289399e-01
5.100000e-02  4.211608e-01
5.400000e-02  4.138638e-01
5.700000e-02  4.069946e-01
6.000000e-02  4.005074e-01
6.300000e-02  3.943632e-01
6.600000e-02  3.885284e-01
6.900000e-02  3.829742e-01
7.200000e-02  3.776754e-01
7.500000e-02  3.726100e-01
7.800000e-02  3.677585e-01
8.100000e-02  3.631040e-01
8.400000e-02  3.586311e-01
8.700000e-02  3.543264e-01
9.000000e-02  3.501776e-01
9.300000e-02  3.461738e-01
9.600000e-02  3.423052e-01
9.900000e-02  3.385629e-01
1.020000e-01  3.349387e-01
1.050000e-01  3.314252e-01
1.080000e-01  3.280159e-01
1.110000e-01  3.247044e-01
1.140000e-01  3.214851e-01
1.170000e-01  3.183529e-01
1.200000e-01  3.153028e-01
1.230000e-01  3.123306e-01
1.260000e-01  3.094321e-01
1.290000e-01  3.066034e-01
1.320000e-01  3.038412e-01
1.350000e-01  3.011419e-01
1.380000e-01  2.985027e-01
1.410000e-01  2.959207e-01
1.440000e-01  2.933931e-01
1.470000e-01  2.909175e-01
1.500000e-01  2.884915e-01
1.530000e-01  2.861129e-01
1.560000e-01  2.837796e-01
1.590000e-01  2.814897e-01
1.620000e-01  2.792413e-01
1.650000e-01  2.770327e-01
1.680000e-01  2.748622e-01
1.710000e-01  2.727283e-01
1.740000e-01  2.706295e-01
1.770000e-01  2.685644e-01
1.800000e-01  2.665317e-01
1.830000e-01  2.645300e-01
1.860000e-01  2.625583e-01
1.890000e-01  2.606154e-01
1.920000e-01  2.587001e-01
1.950000e-01  2.568114e-01
1.980000e-01  2.549483e-01
2.010000e-01  2.531100e-01
2.040000e-01  2.512953e-01
2.070000e-01  2.495036e-01
2.100000e-01  2.477339e-01
2.130000e-01  2.459855e-01
2.160000e-01  2.442575e-01
2.190000e-01  2.425493e-01
2.220000e-01  2.408600e-01
2.250000e-01  2.391891e-01
2.280000e-01  2.375358e-01
2.310000e-01  2.358995e-01
2.340000e-01  2.342796e-01
2.370000e-01  2.326755e-01
2.400000e-01  2.310865e-01
2.430000e-01  2.295122e-01
2.460000e-01  2.279519e-01
2.490000e-01  2.264052e-01
2.520000e-01  2.248715e-01
2.550000e-01  2.233503e-01
2.580000e-01  2.218410e-01
2.610000e-01  2.203433e-01
2.640000e-01  2.188567e-01
2.670000e-01  2.173806e-01
2.700000e-01  2.159146e-01
2.730000e-01  2.144582e-01
2.760000e-01  2.130111e-01
2.790000e-01  2.115728e-01
2.820000e-01  2.101428e-01
2.850000e-01  2.087207e-01
2.880000e-01  2.073061e-01
2.910000e-01  2.058986e-01
2.940000e-01  2.044978e-01
2.970000e-01  2.031031e-01
3.000000e-01  2.017143e-01
3.030000e-01  2.003308e-01
3.060000e-01  1.989523e-01
3.090000e-01  1.975784e-01
3.120000e-01  1.962085e-01
3.150000e-01  1.948424e-01
3.180000e-01  1.934794e-01
3.210000e-01  1.921193e-01
3.240000e-01  1.907615e-01
3.270000e-01  1.894055e-01
3.300000e-01  1.880510e-01
3.330000e-01  1.866973e-01
3.360000e-01  000000
3.390000e-01  000000
3.420000e-01  000000
3.450000e-01  000000
3.480000e-01  000000
3.510000e-01  000000
3.540000e-01  000000
3.570000e-01  000000
3.600000e-01  000000
3.630000e-01  000000
3.660000e-01  000000
3.690000e-01  000000
3.720000e-01  000000
3.750000e-01  000000
3.780000e-01  000000
3.810000e-01  000000
3.840000e-01  000000
3.870000e-01  000000
3.900000e-01  000000
3.930000e-01  000000
3.960000e-01  000000
3.990000e-01  000000
4.020000e-01  000000
4.050000e-01  000000
4.080000e-01  000000
4.110000e-01  000000
4.140000e-01  000000
4.170000e-01  000000
4.200000e-01  000000
4.230000e-01  000000
4.260000e-01  000000
4.290000e-01  000000
4.320000e-01  000000
4.350000e-01  000000
4.380000e-01  000000
4.410000e-01  000000
4.440000e-01  000000
4.470000e-01  000000
4.500000e-01  000000
4.530000e-01  000000
4.560000e-01  000000
4.590000e-01  000000
4.620000e-01  000000
4.650000e-01  000000
4.680000e-01  000000
4.710000e-01  000000
4.740000e-01  000000
4.770000e-01  000000
4.800000e-01  000000
4.830000e-01  000000
4.860000e-01  000000
4.890000e-01  000000
4.920000e-01  000000
4.950000e-01  000000
4.980000e-01  000000
5.010000e-01  000000
5.040000e-01  000000
5.070000e-01  000000
5.100000e-01  000000
5.130000e-01  000000
5.160000e-01  000000
5.190000e-01  000000
5.220000e-01  000000
5.250000e-01  000000
5.280000e-01  000000
5.310000e-01  000000
5.340000e-01  000000
5.370000e-01  000000
5.400000e-01  000000
5.430000e-01  000000
5.460000e-01  000000
5.490000e-01  000000
5.520000e-01  000000
5.550000e-01  000000
5.580000e-01  000000
5.610000e-01  000000
5.640000e-01  000000
5.670000e-01  000000
5.700000e-01  000000
5.730000e-01  000000
5.760000e-01  000000
5.790000e-01  000000
5.820000e-01  000000
5.850000e-01  000000
5.880000e-01  000000
5.910000e-01  000000
5.940000e-01  000000
5.970000e-01  000000
6.000000e-01  000000
6.030000e-01  000000
6.060000e-01  000000
6.090000e-01  000000
6.120000e-01  000000
6.150000e-01  000000
6.180000e-01  000000
6.210000e-01  000000
6.240000e-01  000000
6.270000e-01  000000
6.300000e-01  000000
6.330000e-01  000000
6.360000e-01  000000
6.390000e-01  000000
6.420000e-01  000000
6.450000e-01  000000
6.480000e-01  000000
6.510000e-01  000000
6.540000e-01  000000
6.570000e-01  000000
6.600000e-01  000000
6.630000e-01  000000
6.660000e-01  000000
6.690000e-01  000000
6.720000e-01  000000
6.750000e-01  000000
6.780000e-01  000000
6.810000e-01  000000
6.840000e-01  000000
6.870000e-01  000000
6.900000e-01  000000
6.930000e-01  000000
6.960000e-01  000000
6.990000e-01  000000
7.020000e-01  000000
7.050000e-01  000000
7.080000e-01  000000
7.110000e-01  000000
7.140000e-01  000000
7.170000e-01  000000
7.200000e-01  000000
7.230000e-01  000000
7.260000e-01  000000
7.290000e-01  000000
7.320000e-01  000000
7.350000e-01  000000
7.380000e-01  000000
7.410000e-01  000000
7.440000e-01  000000
7.470000e-01  000000
7.500000e-01  000000
7.530000e-01  000000
7.560000e-01  000000
7.590000e-01  000000
7.620000e-01  000000
7.650000e-01  000000
7.680000e-01  000000
7.710000e-01  000000
7.740000e-01  000000
7.770000e-01  000000
7.800000e-01  000000
7.830000e-01  000000
7.860000e-01  000000
7.890000e-01  000000
7.920000e-01  000000
7.950000e-01  000000
7.980000e-01  000000
8.010000e-01  000000
8.040000e-01  000000
8.070000e-01  000000
8.100000e-01  000000
8.130000e-01  000000
8.160000e-01  000000
8.190000e-01  000000
8.220000e-01  000000
8.250000e-01  000000
8.280000e-01  000000
8.310000e-01  000000
8.340000e-01  000000
8.370000e-01  000000
8.400000e-01  000000
8.430000e-01  000000
8.460000e-01  000000
8.490000e-01  000000
8.520000e-01  000000
8.550000e-01  000000
8.580000e-01  000000
8.610000e-01  000000
8.640000e-01  000000
8.670000e-01  000000
8.700000e-01  000000
8.730000e-01  000000
8.760000e-01  000000
8.790000e-01  000000
8.820000e-01  000000
8.850000e-01  000000
8.880000e-01  000000
8.910000e-01  000000
8.940000e-01  000000
8.970000e-01  000000
9.000000e-01  000000
9.030000e-01  000000
9.060000e-01  000000
9.090000e-01  000000
9.120000e-01  000000
9.150000e-01  000000
9.180000e-01  000000
9.210000e-01  000000
9.240000e-01  000000
9.270000e-01  000000
9.300000e-01  000000
9.330000e-01  000000
9.360000e-01  000000
9.390000e-01  000000
9.420000e-01  000000
9.450000e-01  000000
9.480000e-01  000000
9.510000e-01  000000
9.540000e-01  000000
9.570000e-01  000000
9.600000e-01  000000
9.630000e-01  000000
9.660000e-01  000000
9.690000e-01  000000
9.720000e-01  000000
9.750000e-01  000000
9.780000e-01  000000
9.810000e-01  000000
9.840000e-01  000000
9.870000e-01  000000
9.900000e-01  000000
9.930000e-01  000000
9.960000e-01  000000
9.990000e-01  000000
