000000  000001
3.000000e-03  8.456815e-01
6.000000e-03  7.679386e-01
9.000000e-03  7.162501e-01
1.200000e-02  6.778043e-01
1.500000e-02  6.473606e-01
1.800000e-02  6.222613e-01
2.100000e-02  6.009745e-01
2.400000e-02  5.825387e-01
2.700000e-02  5.663112e-01
3.000000e-02  5.518419e-01
3.300000e-02  5.388037e-01
3.600000e-02  5.269518e-01
3.900000e-02  5.160981e-01
4.200000e-02  5.060952e-01
4.500000e-02  4.968256e-01
4.800000e-02  4.881942e-01
5.100000e-02  4.801227e-01
5.400000e-02  4.725462e-01
5.700000e-02  4.654104e-01
6.000000e-02  4.586690e-01
6.300000e-02  4.522826e-01
6.600000e-02  4.462174e-01
6.900000e-02  4.404440e-01
7.200000e-02  4.349367e-01
7.500000e-02  4.296731e-01
7.800000e-02  4.246334e-01
8.100000e-02  4.197999e-01
8.400000e-02  4.151573e-01
8.700000e-02  4.106914e-01
9.000000e-02  4.063897e-01
9.300000e-02  4.022411e-01
9.600000e-02  3.982354e-01
9.900000e-02  3.943632e-01
1.020000e-01  3.906163e-01
1.050000e-01  3.869869e-01
1.080000e-01  3.834682e-01
1.110000e-01  3.800538e-01
1.140000e-01  3.767376e-01
1.170000e-01  3.735145e-01
1.200000e-01  3.703793e-01
1.230000e-01  3.673275e-01
1.260000e-01  3.643548e-01
1.290000e-01  3.614572e-01
1.320000e-01  3.586311e-01
1.350000e-01  3.558731e-01
1.380000e-01  3.531799e-01
1.410000e-01  3.505486e-01
1.440000e-01  3.479764e-01
1.470000e-01  3.454606e-01
1.500000e-01  3.429989e-01
1.530000e-01  3.405890e-01
1.560000e-01  3.382286e-01
1.590000e-01  3.359158e-01
1.620000e-01  3.336486e-01
1.650000e-01  3.314252e-01
1.680000e-01  3.292440e-01
1.710000e-01  3.271033e-01
1.740000e-01  3.250015e-01
1.770000e-01  3.229373e-01
1.800000e-01  3.209093e-01
1.830000e-01  3.189161e-01
1.860000e-01  3.169566e-01
1.890000e-01  3.150295e-01
1.920000e-01  3.131337e-01
1.950000e-01  3.112683e-01
1.980000e-01  3.094321e-01
2.010000e-01  3.076242e-01
2.040000e-01  3.058436e-01
2.070000e-01  3.040896e-01
2.100000e-01  3.023612e-01
2.130000e-01  3.006577e-01
2.160000e-01  2.989783e-01
2.190000e-01  2.973222e-01
2.220000e-01  2.956887e-01
2.250000e-01  2.940772e-01
2.280000e-01  2.924870e-01
2.310000e-01  2.909175e-01
2.340000e-01  2.893681e-01
2.370000e-01  2.878382e-01
2.400000e-01  2.863272e-01
2.430000e-01  2.848347e-01
2.460000e-01  2.833601e-01
2.490000e-01  2.819029e-01
2.520000e-01  2.804626e-01
2.550000e-01  2.790389e-01
2.580000e-01  2.776312e-01
2.610000e-01  2.762391e-01
2.640000e-01  2.748622e-01
2.670000e-01  2.735001e-01
2.700000e-01  2.721525e-01
2.730000e-01  2.708189e-01
2.760000e-01  2.694990e-01
2.790000e-01  2.681924e-01
2.820000e-01  2.668989e-01
2.850000e-01  2.656181e-01
2.880000e-01  2.643496e-01
2.910000e-01  2.630932e-01
2.940000e-01  2.618485e-01
2.970000e-01  2.606154e-01
3.000000e-01  2.593934e-01
3.030000e-01  2.581824e-01
3.060000e-01  2.569820e-01
3.090000e-01  2.557921e-01
3.120000e-01  2.546123e-01
3.150000e-01  2.534424e-01
3.180000e-01  2.522822e-01
3.210000e-01  2.511315e-01
3.240000e-01  2.499900e-01
3.270000e-01  2.488576e-01
3.300000e-01  2.477339e-01
3.330000e-01  2.466189e-01
3.360000e-01  2.455122e-01
3.390000e-01  2.444138e-01
3.420000e-01  2.433233e-01
3.450000e-01  2.422407e-01
3.480000e-01  2.411658e-01
3.510000e-01  2.400983e-01
3.540000e-01  2.390381e-01
3.570000e-01  2.379850e-01
3.600000e-01  2.369388e-01
3.630000e-01  2.358995e-01
3.660000e-01  2.348668e-01
3.690000e-01  2.338406e-01
3.720000e-01  2.328207e-01
3.750000e-01  2.318069e-01
3.780000e-01  2.307992e-01
3.810000e-01  2.297974e-01
3.840000e-01  2.288013e-01
3.870000e-01  2.278108e-01
3.900000e-01  2.268257e-01
3.930000e-01  2.258460e-01
3.960000e-01  2.248715e-01
3.990000e-01  2.239020e-01
4.020000e-01  2.229375e-01
4.050000e-01  2.219778e-01
4.080000e-01  2.210227e-01
4.110000e-01  2.200722e-01
4.140000e-01  2.191262e-01
4.170000e-01  2.181844e-01
4.200000e-01  2.172469e-01
4.230000e-01  2.163134e-01
4.260000e-01  2.153839e-01
4.290000e-01  2.144582e-01
4.320000e-01  2.135363e-01
4.350000e-01  2.126180e-01
4.380000e-01  2.117032e-01
4.410000e-01  2.107918e-01
4.440000e-01  2.098837e-01
4.470000e-01  2.089787e-01
4.500000e-01  2.080768e-01
4.530000e-01  2.071779e-01
4.560000e-01  2.062818e-01
4.590000e-01  2.053885e-01
4.620000e-01  2.044978e-01
4.650000e-01  2.036096e-01
4.680000e-01  2.027238e-01
4.710000e-01  2.018403e-01
4.740000e-01  2.009590e-01
4.770000e-01  2.000798e-01
4.800000e-01  1.992026e-01
4.830000e-01  1.983273e-01
4.860000e-01  1.974537e-01
4.890000e-01  1.965818e-01
4.920000e-01  1.957114e-01
4.950000e-01  1.948424e-01
4.980000e-01  1.939747e-01
5.010000e-01  1.931082e-01
5.040000e-01  1.922428e-01
5.070000e-01  1.913784e-01
5.100000e-01  1.905148e-01
5.130000e-01  1.896520e-01
5.160000e-01  1.887897e-01
5.190000e-01  1.879279e-01
5.220000e-01  1.870664e-01
5.250000e-01  1.862052e-01
5.280000e-01  000000
5.310000e-01  000000
5.340000e-01  000000
5.370000e-01  000000
5.400000e-01  000000
5.430000e-01  000000
5.460000e-01  000000
5.490000e-01  000000
5.520000e-01  000000
5.550000e-01  000000
5.580000e-01  000000
5.610000e-01  000000
5.640000e-01  000000
5.670000e-01  000000
5.700000e-01  000000
5.730000e-01  000000
5.760000e-01  000000
5.790000e-01  000000
5.820000e-01  000000
5.850000e-01  000000
5.880000e-01  000000
5.910000e-01  000000
5.940000e-01  000000
5.970000e-01  000000
6.000000e-01  000000
6.030000e-01  000000
6.060000e-01  000000
6.090000e-01  000000
6.120000e-01  000000
6.150000e-01  000000
6.180000e-01  000000
6.210000e-01  000000
6.240000e-01  000000
6.270000e-01  000000
6.300000e-01  000000
6.330000e-01  000000
6.360000e-01  000000
6.390000e-01  000000
6.420000e-01  000000
6.450000e-01  000000
6.480000e-01  000000
6.510000e-01  000000
6.540000e-01  000000
6.570000e-01  000000
6.600000e-01  000000
6.630000e-01  000000
6.660000e-01  000000
6.690000e-01  000000
6.720000e-01  000000
6.750000e-01  000000
6.780000e-01  000000
6.810000e-01  000000
6.840000e-01  000000
6.870000e-01  000000
6.900000e-01  000000
6.930000e-01  000000
6.960000e-01  000000
6.990000e-01  000000
7.020000e-01  000000
7.050000e-01  000000
7.080000e-01  000000
7.110000e-01  000000
7.140000e-01  000000
7.170000e-01  000000
7.200000e-01  000000
7.230000e-01  000000
7.260000e-01  000000
7.290000e-01  000000
7.320000e-01  000000
7.350000e-01  000000
7.380000e-01  000000
7.410000e-01  000000
7.440000e-01  000000
7.470000e-01  000000
7.500000e-01  000000
7.530000e-01  000000
7.560000e-01  000000
7.590000e-01  000000
7.620000e-01  000000
7.650000e-01  000000
7.680000e-01  000000
7.710000e-01  000000
7.740000e-01  000000
7.770000e-01  000000
7.800000e-01  000000
7.830000e-01  000000
7.860000e-01  000000
7.890000e-01  000000
7.920000e-01  000000
7.950000e-01  000000
7.980000e-01  000000
8.010000e-01  000000
8.040000e-01  000000
8.070000e-01  000000
8.100000e-01  000000
8.130000e-01  000000
8.160000e-01  000000
8.190000e-01  000000
8.220000e-01  000000
8.250000e-01  000000
8.280000e-01  000000
8.310000e-01  000000
8.340000e-01  000000
8.370000e-01  000000
8.400000e-01  000000
8.430000e-01  000000
8.460000e-01  000000
8.490000e-01  000000
8.520000e-01  000000
8.550000e-01  000000
8.580000e-01  000000
8.610000e-01  000000
8.640000e-01  000000
8.670000e-01  000000
8.700000e-01  000000
8.730000e-01  000000
8.760000e-01  000000
8.790000e-01  000000
8.820000e-01  000000
8.850000e-01  000000
8.880000e-01  000000
8.910000e-01  000000
8.940000e-01  000000
8.970000e-01  000000
9.000000e-01  000000
9.030000e-01  000000
9.060000e-01  000000
9.090000e-01  000000
9.120000e-01  000000
9.150000e-01  000000
9.180000e-01  000000
9.210000e-01  000000
9.240000e-01  000000
9.270000e-01  000000
9.300000e-01  000000
9.330000e-01  000000
9.360000e-01  000000
9.390000e-01  000000
9.420000e-01  000000
9.450000e-01  000000
9.480000e-01  000000
9.510000e-01  000000
9.540000e-01  000000
9.570000e-01  000000
9.600000e-01  000000
9.630000e-01  000000
9.660000e-01  000000
9.690000e-01  000000
9.720000e-01  000000
9.750000e-01  000000
9.780000e-01  000000
9.810000e-01  000000
9.840000e-01  000000
9.870000e-01  000000
9.900000e-01  000000
9.930000e-01  000000
9.960000e-01  000000
9.990000e-01  000000
