000000  000001
3.000000e-03  9.126966e-01
6.000000e-03  8.558376e-01
9.000000e-03  8.137782e-01
1.200000e-02  7.805104e-01
1.500000e-02  7.530702e-01
1.800000e-02  7.297739e-01
2.100000e-02  7.095725e-01
2.400000e-02  6.917684e-01
2.700000e-02  6.758742e-01
3.000000e-02  6.615364e-01
3.300000e-02  6.484900e-01
3.600000e-02  6.365320e-01
3.900000e-02  6.255028e-01
4.200000e-02  6.152755e-01
4.500000e-02  6.057468e-01
4.800000e-02  5.968321e-01
5.100000e-02  5.884609e-01
5.400000e-02  5.805742e-01
5.700000e-02  5.731218e-01
6.000000e-02  5.660608e-01
6.300000e-02  5.593543e-01
6.600000e-02  5.529702e-01
6.900000e-02  5.468806e-01
7.200000e-02  5.410609e-01
7.500000e-02  5.354896e-01
7.800000e-02  5.301473e-01
8.100000e-02  5.250170e-01
8.400000e-02  5.200833e-01
8.700000e-02  5.153327e-01
9.000000e-02  5.107526e-01
9.300000e-02  5.063319e-01
9.600000e-02  5.020605e-01
9.900000e-02  4.979292e-01
1.020000e-01  4.939295e-01
1.050000e-01  4.900537e-01
1.080000e-01  4.862947e-01
1.110000e-01  4.826462e-01
1.140000e-01  4.791021e-01
1.170000e-01  4.756569e-01
1.200000e-01  4.723055e-01
1.230000e-01  4.690433e-01
1.260000e-01  4.658658e-01
1.290000e-01  4.627689e-01
1.320000e-01  4.597488e-01
1.350000e-01  4.568021e-01
1.380000e-01  4.539254e-01
1.410000e-01  4.511156e-01
1.440000e-01  4.483698e-01
1.470000e-01  4.456853e-01
1.500000e-01  4.430596e-01
1.530000e-01  4.404902e-01
1.560000e-01  4.379749e-01
1.590000e-01  4.355116e-01
1.620000e-01  4.330982e-01
1.650000e-01  4.307328e-01
1.680000e-01  4.284138e-01
1.710000e-01  4.261392e-01
1.740000e-01  4.239076e-01
1.770000e-01  4.217175e-01
1.800000e-01  4.195673e-01
1.830000e-01  4.174557e-01
1.860000e-01  4.153814e-01
1.890000e-01  4.133431e-01
1.920000e-01  4.113397e-01
1.950000e-01  4.093700e-01
1.980000e-01  4.074329e-01
2.010000e-01  4.055275e-01
2.040000e-01  4.036527e-01
2.070000e-01  4.018077e-01
2.100000e-01  3.999914e-01
2.130000e-01  3.982031e-01
2.160000e-01  3.964419e-01
2.190000e-01  3.947071e-01
2.220000e-01  3.929978e-01
2.250000e-01  3.913134e-01
2.280000e-01  3.896532e-01
2.310000e-01  3.880165e-01
2.340000e-01  3.864027e-01
2.370000e-01  3.848111e-01
2.400000e-01  3.832412e-01
2.430000e-01  3.816924e-01
2.460000e-01  3.801641e-01
2.490000e-01  3.786559e-01
2.520000e-01  3.771671e-01
2.550000e-01  3.756974e-01
2.580000e-01  3.742463e-01
2.610000e-01  3.728132e-01
2.640000e-01  3.713978e-01
2.670000e-01  3.699997e-01
2.700000e-01  3.686184e-01
2.730000e-01  3.672535e-01
2.760000e-01  3.659046e-01
2.790000e-01  3.645715e-01
2.820000e-01  3.632536e-01
2.850000e-01  3.619508e-01
2.880000e-01  3.606626e-01
2.910000e-01  3.593887e-01
2.940000e-01  3.581288e-01
2.970000e-01  3.568827e-01
3.000000e-01  3.556499e-01
3.030000e-01  3.544303e-01
3.060000e-01  3.532235e-01
3.090000e-01  3.520294e-01
3.120000e-01  3.508475e-01
3.150000e-01  3.496777e-01
3.180000e-01  3.485197e-01
3.210000e-01  3.473734e-01
3.240000e-01  3.462383e-01
3.270000e-01  3.451144e-01
3.300000e-01  3.440015e-01
3.330000e-01  3.428992e-01
3.360000e-01  3.418074e-01
3.390000e-01  3.407259e-01
3.420000e-01  3.396545e-01
3.450000e-01  3.385930e-01
3.480000e-01  3.375413e-01
3.510000e-01  3.364991e-01
3.540000e-01  3.354662e-01
3.570000e-01  3.344426e-01
3.600000e-01  3.334280e-01
3.630000e-01  3.324223e-01
3.660000e-01  3.314252e-01
3.690000e-01  3.304368e-01
3.720000e-01  3.294567e-01
3.750000e-01  3.284849e-01
3.780000e-01  3.275213e-01
3.810000e-01  3.265656e-01
3.840000e-01  3.256177e-01
3.870000e-01  3.246776e-01
3.900000e-01  3.237451e-01
3.930000e-01  3.228200e-01
3.960000e-01  3.219022e-01
3.990000e-01  3.209917e-01
4.020000e-01  3.200883e-01
4.050000e-01  3.191918e-01
4.080000e-01  3.183022e-01
4.110000e-01  3.174194e-01
4.140000e-01  3.165432e-01
4.170000e-01  3.156736e-01
4.200000e-01  3.148104e-01
4.230000e-01  3.139535e-01
4.260000e-01  3.131029e-01
4.290000e-01  3.122585e-01
4.320000e-01  3.114201e-01
4.350000e-01  3.105876e-01
4.380000e-01  3.097611e-01
4.410000e-01  3.089403e-01
4.440000e-01  3.081252e-01
4.470000e-01  3.073158e-01
4.500000e-01  3.065118e-01
4.530000e-01  3.057133e-01
4.560000e-01  3.049202e-01
4.590000e-01  3.041324e-01
4.620000e-01  3.033498e-01
4.650000e-01  3.025724e-01
4.680000e-01  3.018000e-01
4.710000e-01  3.010326e-01
4.740000e-01  3.002702e-01
4.770000e-01  2.995126e-01
4.800000e-01  2.987598e-01
4.830000e-01  2.980117e-01
4.860000e-01  2.972683e-01
4.890000e-01  2.965294e-01
4.920000e-01  2.957951e-01
4.950000e-01  2.950653e-01
4.980000e-01  2.943399e-01
5.010000e-01  2.936188e-01
5.040000e-01  2.929021e-01
5.070000e-01  2.921895e-01
5.100000e-01  2.914812e-01
5.130000e-01  2.907770e-01
5.160000e-01  2.900768e-01
5.190000e-01  2.893807e-01
5.220000e-01  2.886885e-01
5.250000e-01  2.880003e-01
5.280000e-01  2.873159e-01
5.310000e-01  2.866353e-01
5.340000e-01  2.859585e-01
5.370000e-01  2.852854e-01
5.400000e-01  2.846160e-01
5.430000e-01  2.839502e-01
5.460000e-01  2.832880e-01
5.490000e-01  2.826293e-01
5.520000e-01  2.819742e-01
5.550000e-01  2.813224e-01
5.580000e-01  2.806741e-01
5.610000e-01  2.800291e-01
5.640000e-01  2.793875e-01
5.670000e-01  2.787491e-01
5.700000e-01  2.781140e-01
5.730000e-01  2.774821e-01
5.760000e-01  2.768534e-01
5.790000e-01  2.762277e-01
5.820000e-01  2.756052e-01
5.850000e-01  2.749857e-01
5.880000e-01  2.743693e-01
5.910000e-01  2.737558e-01
5.940000e-01  2.731453e-01
5.970000e-01  2.725376e-01
6.000000e-01  2.719329e-01
6.030000e-01  2.713310e-01
6.060000e-01  2.707319e-01
6.090000e-01  2.701356e-01
6.120000e-01  2.695421e-01
6.150000e-01  2.689512e-01
6.180000e-01  2.683630e-01
6.210000e-01  2.677775e-01
6.240000e-01  2.671946e-01
6.270000e-01  2.666144e-01
6.300000e-01  2.660366e-01
6.330000e-01  2.654614e-01
6.360000e-01  2.648887e-01
6.390000e-01  2.643185e-01
6.420000e-01  2.637508e-01
6.450000e-01  2.631854e-01
6.480000e-01  2.626225e-01
6.510000e-01  2.620619e-01
6.540000e-01  2.615037e-01
6.570000e-01  2.609478e-01
6.600000e-01  2.603942e-01
6.630000e-01  2.598428e-01
6.660000e-01  2.592937e-01
6.690000e-01  2.587468e-01
6.720000e-01  2.582021e-01
6.750000e-01  2.576596e-01
6.780000e-01  2.571192e-01
6.810000e-01  2.565810e-01
6.840000e-01  2.560448e-01
6.870000e-01  2.555107e-01
6.900000e-01  2.549787e-01
6.930000e-01  2.544487e-01
6.960000e-01  2.539207e-01
6.990000e-01  2.533947e-01
7.020000e-01  2.528706e-01
7.050000e-01  2.523485e-01
7.080000e-01  2.518284e-01
7.110000e-01  2.513101e-01
7.140000e-01  2.507937e-01
7.170000e-01  2.502792e-01
7.200000e-01  2.497666e-01
7.230000e-01  2.492557e-01
7.260000e-01  2.487467e-01
7.290000e-01  2.482394e-01
7.320000e-01  2.477339e-01
7.350000e-01  2.472302e-01
7.380000e-01  2.467282e-01
7.410000e-01  2.462279e-01
7.440000e-01  2.457293e-01
7.470000e-01  2.452323e-01
7.500000e-01  2.447371e-01
7.530000e-01  2.442434e-01
7.560000e-01  2.437514e-01
7.590000e-01  2.432610e-01
7.620000e-01  2.427722e-01
7.650000e-01  2.422849e-01
7.680000e-01  2.417992e-01
7.710000e-01  2.413151e-01
7.740000e-01  2.408325e-01
7.770000e-01  2.403514e-01
7.800000e-01  2.398717e-01
7.830000e-01  2.393936e-01
7.860000e-01  2.389169e-01
7.890000e-01  2.384416e-01
7.920000e-01  2.379678e-01
7.950000e-01  2.374954e-01
7.980000e-01  2.370243e-01
8.010000e-01  2.365547e-01
8.040000e-01  2.360864e-01
8.070000e-01  2.356195e-01
8.100000e-01  2.351539e-01
8.130000e-01  2.346897e-01
8.160000e-01  2.342268e-01
8.190000e-01  2.337651e-01
8.220000e-01  2.333048e-01
8.250000e-01  2.328457e-01
8.280000e-01  2.323878e-01
8.310000e-01  2.319312e-01
8.340000e-01  2.314759e-01
8.370000e-01  2.310217e-01
8.400000e-01  2.305688e-01
8.430000e-01  2.301170e-01
8.460000e-01  2.296664e-01
8.490000e-01  2.292170e-01
8.520000e-01  2.287687e-01
8.550000e-01  2.283216e-01
8.580000e-01  2.278755e-01
8.610000e-01  2.274306e-01
8.640000e-01  2.269868e-01
8.670000e-01  2.265441e-01
8.700000e-01  2.261025e-01
8.730000e-01  2.256619e-01
8.760000e-01  2.252224e-01
8.790000e-01  2.247839e-01
8.820000e-01  2.243464e-01
8.850000e-01  2.239099e-01
8.880000e-01  2.234745e-01
8.910000e-01  2.230400e-01
8.940000e-01  2.226065e-01
8.970000e-01  2.221740e-01
9.000000e-01  2.217425e-01
9.030000e-01  2.213119e-01
9.060000e-01  2.208822e-01
9.090000e-01  2.204534e-01
9.120000e-01  2.200256e-01
9.150000e-01  2.195986e-01
9.180000e-01  2.191726e-01
9.210000e-01  2.187474e-01
9.240000e-01  2.183231e-01
9.270000e-01  2.178996e-01
9.300000e-01  2.174770e-01
9.330000e-01  2.170553e-01
9.360000e-01  2.166343e-01
9.390000e-01  2.162142e-01
9.420000e-01  2.157948e-01
9.450000e-01  2.153763e-01
9.480000e-01  2.149585e-01
9.510000e-01  2.145415e-01
9.540000e-01  2.141253e-01
9.570000e-01  2.137098e-01
9.600000e-01  2.132951e-01
9.630000e-01  2.128811e-01
9.660000e-01  2.124678e-01
9.690000e-01  2.120552e-01
9.720000e-01  2.116433e-01
9.750000e-01  2.112321e-01
9.780000e-01  2.108216e-01
9.810000e-01  2.104118e-01
9.840000e-01  2.100026e-01
9.870000e-01  2.095940e-01
9.900000e-01  2.091861e-01
9.930000e-01  2.087789e-01
9.960000e-01  2.083722e-01
9.990000e-01  2.079661e-01
