000000  000001
3.000000e-03  9.266738e-01
6.000000e-03  8.759947e-01
9.000000e-03  8.373399e-01
1.200000e-02  8.061714e-01
1.500000e-02  7.801162e-01
1.800000e-02  7.577746e-01
2.100000e-02  7.382509e-01
2.400000e-02  7.209371e-01
2.700000e-02  7.054017e-01
3.000000e-02  6.913274e-01
3.300000e-02  6.784742e-01
3.600000e-02  6.666560e-01
3.900000e-02  6.557260e-01
4.200000e-02  6.455661e-01
4.500000e-02  6.360799e-01
4.800000e-02  6.271880e-01
5.100000e-02  6.188240e-01
5.400000e-02  6.109317e-01
5.700000e-02  6.034635e-01
6.000000e-02  5.963785e-01
6.300000e-02  5.896413e-01
6.600000e-02  5.832211e-01
6.900000e-02  5.770910e-01
7.200000e-02  5.712273e-01
7.500000e-02  5.656091e-01
7.800000e-02  5.602177e-01
8.100000e-02  5.550365e-01
8.400000e-02  5.500505e-01
8.700000e-02  5.452465e-01
9.000000e-02  5.406123e-01
9.300000e-02  5.361370e-01
9.600000e-02  5.318106e-01
9.900000e-02  5.276241e-01
1.020000e-01  5.235692e-01
1.050000e-01  5.196383e-01
1.080000e-01  5.158245e-01
1.110000e-01  5.121214e-01
1.140000e-01  5.085230e-01
1.170000e-01  5.050240e-01
1.200000e-01  5.016192e-01
1.230000e-01  4.983041e-01
1.260000e-01  4.950742e-01
1.290000e-01  4.919255e-01
1.320000e-01  4.888543e-01
1.350000e-01  4.858570e-01
1.380000e-01  4.829304e-01
1.410000e-01  4.800713e-01
1.440000e-01  4.772768e-01
1.470000e-01  4.745444e-01
1.500000e-01  4.718713e-01
1.530000e-01  4.692553e-01
1.560000e-01  4.666940e-01
1.590000e-01  4.641853e-01
1.620000e-01  4.617272e-01
1.650000e-01  4.593179e-01
1.680000e-01  4.569554e-01
1.710000e-01  4.546382e-01
1.740000e-01  4.523645e-01
1.770000e-01  4.501329e-01
1.800000e-01  4.479419e-01
1.830000e-01  4.457902e-01
1.860000e-01  4.436763e-01
1.890000e-01  4.415991e-01
1.920000e-01  4.395573e-01
1.950000e-01  4.375499e-01
1.980000e-01  4.355758e-01
2.010000e-01  4.336338e-01
2.040000e-01  4.317230e-01
2.070000e-01  4.298426e-01
2.100000e-01  4.279915e-01
2.130000e-01  4.261689e-01
2.160000e-01  4.243740e-01
2.190000e-01  4.226059e-01
2.220000e-01  4.208640e-01
2.250000e-01  4.191475e-01
2.280000e-01  4.174557e-01
2.310000e-01  4.157879e-01
2.340000e-01  4.141434e-01
2.370000e-01  4.125218e-01
2.400000e-01  4.109222e-01
2.430000e-01  4.093443e-01
2.460000e-01  4.077873e-01
2.490000e-01  4.062509e-01
2.520000e-01  4.047344e-01
2.550000e-01  4.032375e-01
2.580000e-01  4.017595e-01
2.610000e-01  4.003001e-01
2.640000e-01  3.988587e-01
2.670000e-01  3.974351e-01
2.700000e-01  3.960287e-01
2.730000e-01  3.946391e-01
2.760000e-01  3.932660e-01
2.790000e-01  3.919090e-01
2.820000e-01  3.905678e-01
2.850000e-01  3.892419e-01
2.880000e-01  3.879310e-01
2.910000e-01  3.866349e-01
2.940000e-01  3.853531e-01
2.970000e-01  3.840855e-01
3.000000e-01  3.828316e-01
3.030000e-01  3.815912e-01
3.060000e-01  3.803641e-01
3.090000e-01  3.791498e-01
3.120000e-01  3.779483e-01
3.150000e-01  3.767592e-01
3.180000e-01  3.755822e-01
3.210000e-01  3.744172e-01
3.240000e-01  3.732638e-01
3.270000e-01  3.721220e-01
3.300000e-01  3.709913e-01
3.330000e-01  3.698718e-01
3.360000e-01  3.687630e-01
3.390000e-01  3.676648e-01
3.420000e-01  3.665771e-01
3.450000e-01  3.654995e-01
3.480000e-01  3.644320e-01
3.510000e-01  3.633744e-01
3.540000e-01  3.623264e-01
3.570000e-01  3.612879e-01
3.600000e-01  3.602588e-01
3.630000e-01  3.592388e-01
3.660000e-01  3.582278e-01
3.690000e-01  3.572257e-01
3.720000e-01  3.562322e-01
3.750000e-01  3.552473e-01
3.780000e-01  3.542708e-01
3.810000e-01  3.533025e-01
3.840000e-01  3.523424e-01
3.870000e-01  3.513903e-01
3.900000e-01  3.504460e-01
3.930000e-01  3.495094e-01
3.960000e-01  3.485804e-01
3.990000e-01  3.476589e-01
4.020000e-01  3.467447e-01
4.050000e-01  3.458378e-01
4.080000e-01  3.449380e-01
4.110000e-01  3.440452e-01
4.140000e-01  3.431593e-01
4.170000e-01  3.422802e-01
4.200000e-01  3.414078e-01
4.230000e-01  3.405419e-01
4.260000e-01  3.396826e-01
4.290000e-01  3.388296e-01
4.320000e-01  3.379830e-01
4.350000e-01  3.371425e-01
4.380000e-01  3.363081e-01
4.410000e-01  3.354798e-01
4.440000e-01  3.346574e-01
4.470000e-01  3.338408e-01
4.500000e-01  3.330300e-01
4.530000e-01  3.322248e-01
4.560000e-01  3.314252e-01
4.590000e-01  3.306312e-01
4.620000e-01  3.298426e-01
4.650000e-01  3.290594e-01
4.680000e-01  3.282814e-01
4.710000e-01  3.275086e-01
4.740000e-01  3.267410e-01
4.770000e-01  3.259785e-01
4.800000e-01  3.252210e-01
4.830000e-01  3.244684e-01
4.860000e-01  3.237206e-01
4.890000e-01  3.229777e-01
4.920000e-01  3.222395e-01
4.950000e-01  3.215060e-01
4.980000e-01  3.207771e-01
5.010000e-01  3.200527e-01
5.040000e-01  3.193329e-01
5.070000e-01  3.186175e-01
5.100000e-01  3.179064e-01
5.130000e-01  3.171997e-01
5.160000e-01  3.164972e-01
5.190000e-01  3.157990e-01
5.220000e-01  3.151049e-01
5.250000e-01  3.144150e-01
5.280000e-01  3.137291e-01
5.310000e-01  3.130472e-01
5.340000e-01  3.123692e-01
5.370000e-01  3.116952e-01
5.400000e-01  3.110250e-01
5.430000e-01  3.103587e-01
5.460000e-01  3.096961e-01
5.490000e-01  3.090372e-01
5.520000e-01  3.083820e-01
5.550000e-01  3.077304e-01
5.580000e-01  3.070825e-01
5.610000e-01  3.064381e-01
5.640000e-01  3.057971e-01
5.670000e-01  3.051597e-01
5.700000e-01  3.045257e-01
5.730000e-01  3.038950e-01
5.760000e-01  3.032678e-01
5.790000e-01  3.026438e-01
5.820000e-01  3.020231e-01
5.850000e-01  3.014056e-01
5.880000e-01  3.007913e-01
5.910000e-01  3.001802e-01
5.940000e-01  2.995722e-01
5.970000e-01  2.989673e-01
6.000000e-01  2.983655e-01
6.030000e-01  2.977666e-01
6.060000e-01  2.971708e-01
6.090000e-01  2.965779e-01
6.120000e-01  2.959879e-01
6.150000e-01  2.954009e-01
6.180000e-01  2.948167e-01
6.210000e-01  2.942353e-01
6.240000e-01  2.936567e-01
6.270000e-01  2.930809e-01
6.300000e-01  2.925078e-01
6.330000e-01  2.919374e-01
6.360000e-01  2.913697e-01
6.390000e-01  2.908047e-01
6.420000e-01  2.902423e-01
6.450000e-01  2.896825e-01
6.480000e-01  2.891252e-01
6.510000e-01  2.885705e-01
6.540000e-01  2.880183e-01
6.570000e-01  2.874686e-01
6.600000e-01  2.869214e-01
6.630000e-01  2.863766e-01
6.660000e-01  2.858342e-01
6.690000e-01  2.852942e-01
6.720000e-01  2.847566e-01
6.750000e-01  2.842214e-01
6.780000e-01  2.836884e-01
6.810000e-01  2.831577e-01
6.840000e-01  2.826293e-01
6.870000e-01  2.821032e-01
6.900000e-01  2.815793e-01
6.930000e-01  2.810576e-01
6.960000e-01  2.805380e-01
6.990000e-01  2.800207e-01
7.020000e-01  2.795054e-01
7.050000e-01  2.789923e-01
7.080000e-01  2.784813e-01
7.110000e-01  2.779724e-01
7.140000e-01  2.774655e-01
7.170000e-01  2.769607e-01
7.200000e-01  2.764579e-01
7.230000e-01  2.759571e-01
7.260000e-01  2.754582e-01
7.290000e-01  2.749613e-01
7.320000e-01  2.744664e-01
7.350000e-01  2.739734e-01
7.380000e-01  2.734823e-01
7.410000e-01  2.729931e-01
7.440000e-01  2.725057e-01
7.470000e-01  2.720203e-01
7.500000e-01  2.715366e-01
7.530000e-01  2.710548e-01
7.560000e-01  2.705747e-01
7.590000e-01  2.700965e-01
7.620000e-01  2.696200e-01
7.650000e-01  2.691453e-01
7.680000e-01  2.686723e-01
7.710000e-01  2.682010e-01
7.740000e-01  2.677314e-01
7.770000e-01  2.672635e-01
7.800000e-01  2.667973e-01
7.830000e-01  2.663328e-01
7.860000e-01  2.658699e-01
7.890000e-01  2.654086e-01
7.920000e-01  2.649489e-01
7.950000e-01  2.644908e-01
7.980000e-01  2.640344e-01
8.010000e-01  2.635794e-01
8.040000e-01  2.631261e-01
8.070000e-01  2.626743e-01
8.100000e-01  2.622240e-01
8.130000e-01  2.617752e-01
8.160000e-01  2.613279e-01
8.190000e-01  2.608821e-01
8.220000e-01  2.604378e-01
8.250000e-01  2.599950e-01
8.280000e-01  2.595536e-01
8.310000e-01  2.591136e-01
8.340000e-01  2.586750e-01
8.370000e-01  2.582379e-01
8.400000e-01  2.578022e-01
8.430000e-01  2.573678e-01
8.460000e-01  2.569348e-01
8.490000e-01  2.565032e-01
8.520000e-01  2.560730e-01
8.550000e-01  2.556440e-01
8.580000e-01  2.552164e-01
8.610000e-01  2.547901e-01
8.640000e-01  2.543652e-01
8.670000e-01  2.539415e-01
8.700000e-01  2.535191e-01
8.730000e-01  2.530979e-01
8.760000e-01  2.526781e-01
8.790000e-01  2.522594e-01
8.820000e-01  2.518420e-01
8.850000e-01  2.514259e-01
8.880000e-01  2.510109e-01
8.910000e-01  2.505972e-01
8.940000e-01  2.501846e-01
8.970000e-01  2.497733e-01
9.000000e-01  2.493631e-01
9.030000e-01  2.489541e-01
9.060000e-01  2.485462e-01
9.090000e-01  2.481395e-01
9.120000e-01  2.477339e-01
9.150000e-01  2.473295e-01
9.180000e-01  2.469261e-01
9.210000e-01  2.465239e-01
9.240000e-01  2.461228e-01
9.270000e-01  2.457227e-01
9.300000e-01  2.453237e-01
9.330000e-01  2.449259e-01
9.360000e-01  2.445290e-01
9.390000e-01  2.441332e-01
9.420000e-01  2.437385e-01
9.450000e-01  2.433448e-01
9.480000e-01  2.429521e-01
9.510000e-01  2.425604e-01
9.540000e-01  2.421698e-01
9.570000e-01  2.417801e-01
9.600000e-01  2.413914e-01
9.630000e-01  2.410038e-01
9.660000e-01  2.406170e-01
9.690000e-01  2.402313e-01
9.720000e-01  2.398465e-01
9.750000e-01  2.394627e-01
9.780000e-01  2.390798e-01
9.810000e-01  2.386978e-01
9.840000e-01  2.383168e-01
9.870000e-01  2.379366e-01
9.900000e-01  2.375574e-01
9.930000e-01  2.371791e-01
9.960000e-01  2.368017e-01
9.990000e-01  2.364252e-01
