000000  000001
3.000000e-03  9.198394e-01
6.000000e-03  8.660401e-01
9.000000e-03  8.256355e-01
1.200000e-02  7.933741e-01
1.500000e-02  7.665899e-01
1.800000e-02  7.437406e-01
2.100000e-02  7.238527e-01
2.400000e-02  7.062724e-01
2.700000e-02  6.905396e-01
3.000000e-02  6.763180e-01
3.300000e-02  6.633549e-01
3.600000e-02  6.514552e-01
3.900000e-02  6.404654e-01
4.200000e-02  6.302629e-01
4.500000e-02  6.207476e-01
4.800000e-02  6.118373e-01
5.100000e-02  6.034635e-01
5.400000e-02  5.955685e-01
5.700000e-02  5.881032e-01
6.000000e-02  5.810257e-01
6.300000e-02  5.742998e-01
6.600000e-02  5.678940e-01
6.900000e-02  5.617809e-01
7.200000e-02  5.559362e-01
7.500000e-02  5.503387e-01
7.800000e-02  5.449693e-01
8.100000e-02  5.398113e-01
8.400000e-02  5.348495e-01
8.700000e-02  5.300703e-01
9.000000e-02  5.254615e-01
9.300000e-02  5.210120e-01
9.600000e-02  5.167117e-01
9.900000e-02  5.125515e-01
1.020000e-01  5.085230e-01
1.050000e-01  5.046186e-01
1.080000e-01  5.008313e-01
1.110000e-01  4.971546e-01
1.140000e-01  4.935826e-01
1.170000e-01  4.901098e-01
1.200000e-01  4.867311e-01
1.230000e-01  4.834418e-01
1.260000e-01  4.802376e-01
1.290000e-01  4.771144e-01
1.320000e-01  4.740684e-01
1.350000e-01  4.710961e-01
1.380000e-01  4.681941e-01
1.410000e-01  4.653594e-01
1.440000e-01  4.625891e-01
1.470000e-01  4.598805e-01
1.500000e-01  4.572310e-01
1.530000e-01  4.546382e-01
1.560000e-01  4.520998e-01
1.590000e-01  4.496138e-01
1.620000e-01  4.471781e-01
1.650000e-01  4.447907e-01
1.680000e-01  4.424500e-01
1.710000e-01  4.401542e-01
1.740000e-01  4.379017e-01
1.770000e-01  4.356910e-01
1.800000e-01  4.335205e-01
1.830000e-01  4.313890e-01
1.860000e-01  4.292951e-01
1.890000e-01  4.272376e-01
1.920000e-01  4.252152e-01
1.950000e-01  4.232269e-01
1.980000e-01  4.212716e-01
2.010000e-01  4.193482e-01
2.040000e-01  4.174557e-01
2.070000e-01  4.155932e-01
2.100000e-01  4.137598e-01
2.130000e-01  4.119547e-01
2.160000e-01  4.101770e-01
2.190000e-01  4.084259e-01
2.220000e-01  4.067007e-01
2.250000e-01  4.050006e-01
2.280000e-01  4.033250e-01
2.310000e-01  4.016731e-01
2.340000e-01  4.000444e-01
2.370000e-01  3.984382e-01
2.400000e-01  3.968539e-01
2.430000e-01  3.952909e-01
2.460000e-01  3.937488e-01
2.490000e-01  3.922269e-01
2.520000e-01  3.907247e-01
2.550000e-01  3.892419e-01
2.580000e-01  3.877778e-01
2.610000e-01  3.863320e-01
2.640000e-01  3.849041e-01
2.670000e-01  3.834937e-01
2.700000e-01  3.821003e-01
2.730000e-01  3.807236e-01
2.760000e-01  3.793632e-01
2.790000e-01  3.780186e-01
2.820000e-01  3.766896e-01
2.850000e-01  3.753757e-01
2.880000e-01  3.740768e-01
2.910000e-01  3.727923e-01
2.940000e-01  3.715220e-01
2.970000e-01  3.702657e-01
3.000000e-01  3.690229e-01
3.030000e-01  3.677935e-01
3.060000e-01  3.665771e-01
3.090000e-01  3.653734e-01
3.120000e-01  3.641823e-01
3.150000e-01  3.630034e-01
3.180000e-01  3.618365e-01
3.210000e-01  3.606814e-01
3.240000e-01  3.595379e-01
3.270000e-01  3.584056e-01
3.300000e-01  3.572844e-01
3.330000e-01  3.561740e-01
3.360000e-01  3.550744e-01
3.390000e-01  3.539852e-01
3.420000e-01  3.529062e-01
3.450000e-01  3.518373e-01
3.480000e-01  3.507784e-01
3.510000e-01  3.497291e-01
3.540000e-01  3.486893e-01
3.570000e-01  3.476589e-01
3.600000e-01  3.466376e-01
3.630000e-01  3.456254e-01
3.660000e-01  3.446221e-01
3.690000e-01  3.436274e-01
3.720000e-01  3.426414e-01
3.750000e-01  3.416637e-01
3.780000e-01  3.406943e-01
3.810000e-01  3.397330e-01
3.840000e-01  3.387797e-01
3.870000e-01  3.378342e-01
3.900000e-01  3.368965e-01
3.930000e-01  3.359663e-01
3.960000e-01  3.350436e-01
3.990000e-01  3.341283e-01
4.020000e-01  3.332202e-01
4.050000e-01  3.323192e-01
4.080000e-01  3.314252e-01
4.110000e-01  3.305382e-01
4.140000e-01  3.296578e-01
4.170000e-01  3.287842e-01
4.200000e-01  3.279171e-01
4.230000e-01  3.270565e-01
4.260000e-01  3.262023e-01
4.290000e-01  3.253543e-01
4.320000e-01  3.245125e-01
4.350000e-01  3.236768e-01
4.380000e-01  3.228471e-01
4.410000e-01  3.220233e-01
4.440000e-01  3.212053e-01
4.470000e-01  3.203930e-01
4.500000e-01  3.195864e-01
4.530000e-01  3.187854e-01
4.560000e-01  3.179898e-01
4.590000e-01  3.171997e-01
4.620000e-01  3.164149e-01
4.650000e-01  3.156353e-01
4.680000e-01  3.148610e-01
4.710000e-01  3.140917e-01
4.740000e-01  3.133275e-01
4.770000e-01  3.125682e-01
4.800000e-01  3.118138e-01
4.830000e-01  3.110643e-01
4.860000e-01  3.103196e-01
4.890000e-01  3.095795e-01
4.920000e-01  3.088441e-01
4.950000e-01  3.081133e-01
4.980000e-01  3.073870e-01
5.010000e-01  3.066651e-01
5.040000e-01  3.059476e-01
5.070000e-01  3.052345e-01
5.100000e-01  3.045257e-01
5.130000e-01  3.038211e-01
5.160000e-01  3.031206e-01
5.190000e-01  3.024243e-01
5.220000e-01  3.017321e-01
5.250000e-01  3.010439e-01
5.280000e-01  3.003596e-01
5.310000e-01  2.996793e-01
5.340000e-01  2.990028e-01
5.370000e-01  2.983301e-01
5.400000e-01  2.976613e-01
5.430000e-01  2.969961e-01
5.460000e-01  2.963346e-01
5.490000e-01  2.956768e-01
5.520000e-01  2.950225e-01
5.550000e-01  2.943718e-01
5.580000e-01  2.937246e-01
5.610000e-01  2.930809e-01
5.640000e-01  2.924406e-01
5.670000e-01  2.918036e-01
5.700000e-01  2.911700e-01
5.730000e-01  2.905397e-01
5.760000e-01  2.899127e-01
5.790000e-01  2.892889e-01
5.820000e-01  2.886682e-01
5.850000e-01  2.880508e-01
5.880000e-01  2.874364e-01
5.910000e-01  2.868251e-01
5.940000e-01  2.862168e-01
5.970000e-01  2.856116e-01
6.000000e-01  2.850093e-01
6.030000e-01  2.844100e-01
6.060000e-01  2.838136e-01
6.090000e-01  2.832200e-01
6.120000e-01  2.826293e-01
6.150000e-01  2.820414e-01
6.180000e-01  2.814563e-01
6.210000e-01  2.808739e-01
6.240000e-01  2.802943e-01
6.270000e-01  2.797173e-01
6.300000e-01  2.791430e-01
6.330000e-01  2.785713e-01
6.360000e-01  2.780023e-01
6.390000e-01  2.774358e-01
6.420000e-01  2.768718e-01
6.450000e-01  2.763104e-01
6.480000e-01  2.757514e-01
6.510000e-01  2.751949e-01
6.540000e-01  2.746409e-01
6.570000e-01  2.740892e-01
6.600000e-01  2.735400e-01
6.630000e-01  2.729931e-01
6.660000e-01  2.724485e-01
6.690000e-01  2.719063e-01
6.720000e-01  2.713663e-01
6.750000e-01  2.708286e-01
6.780000e-01  2.702932e-01
6.810000e-01  2.697600e-01
6.840000e-01  2.692289e-01
6.870000e-01  2.687000e-01
6.900000e-01  2.681733e-01
6.930000e-01  2.676487e-01
6.960000e-01  2.671262e-01
6.990000e-01  2.666058e-01
7.020000e-01  2.660875e-01
7.050000e-01  2.655712e-01
7.080000e-01  2.650569e-01
7.110000e-01  2.645447e-01
7.140000e-01  2.640344e-01
7.170000e-01  2.635260e-01
7.200000e-01  2.630196e-01
7.230000e-01  2.625152e-01
7.260000e-01  2.620126e-01
7.290000e-01  2.615119e-01
7.320000e-01  2.610131e-01
7.350000e-01  2.605161e-01
7.380000e-01  2.600210e-01
7.410000e-01  2.595276e-01
7.440000e-01  2.590361e-01
7.470000e-01  2.585463e-01
7.500000e-01  2.580583e-01
7.530000e-01  2.575720e-01
7.560000e-01  2.570875e-01
7.590000e-01  2.566047e-01
7.620000e-01  2.561235e-01
7.650000e-01  2.556440e-01
7.680000e-01  2.551662e-01
7.710000e-01  2.546900e-01
7.740000e-01  2.542155e-01
7.770000e-01  2.537425e-01
7.800000e-01  2.532712e-01
7.830000e-01  2.528014e-01
7.860000e-01  2.523332e-01
7.890000e-01  2.518666e-01
7.920000e-01  2.514014e-01
7.950000e-01  2.509378e-01
7.980000e-01  2.504757e-01
8.010000e-01  2.500151e-01
8.040000e-01  2.495560e-01
8.070000e-01  2.490983e-01
8.100000e-01  2.486421e-01
8.130000e-01  2.481873e-01
8.160000e-01  2.477339e-01
8.190000e-01  2.472820e-01
8.220000e-01  2.468314e-01
8.250000e-01  2.463822e-01
8.280000e-01  2.459344e-01
8.310000e-01  2.454879e-01
8.340000e-01  2.450428e-01
8.370000e-01  2.445990e-01
8.400000e-01  2.441565e-01
8.430000e-01  2.437153e-01
8.460000e-01  2.432754e-01
8.490000e-01  2.428368e-01
8.520000e-01  2.423994e-01
8.550000e-01  2.419634e-01
8.580000e-01  2.415285e-01
8.610000e-01  2.410949e-01
8.640000e-01  2.406625e-01
8.670000e-01  2.402313e-01
8.700000e-01  2.398013e-01
8.730000e-01  2.393725e-01
8.760000e-01  2.389449e-01
8.790000e-01  2.385184e-01
8.820000e-01  2.380931e-01
8.850000e-01  2.376689e-01
8.880000e-01  2.372458e-01
8.910000e-01  2.368239e-01
8.940000e-01  2.364030e-01
8.970000e-01  2.359833e-01
9.000000e-01  2.355647e-01
9.030000e-01  2.351471e-01
9.060000e-01  2.347306e-01
9.090000e-01  2.343152e-01
9.120000e-01  2.339008e-01
9.150000e-01  2.334874e-01
9.180000e-01  2.330751e-01
9.210000e-01  2.326637e-01
9.240000e-01  2.322534e-01
9.270000e-01  2.318441e-01
9.300000e-01  2.314357e-01
9.330000e-01  2.310284e-01
9.360000e-01  2.306220e-01
9.390000e-01  2.302165e-01
9.420000e-01  2.298121e-01
9.450000e-01  2.294085e-01
9.480000e-01  2.290059e-01
9.510000e-01  2.286042e-01
9.540000e-01  2.282034e-01
9.570000e-01  2.278035e-01
9.600000e-01  2.274045e-01
9.630000e-01  2.270064e-01
9.660000e-01  2.266092e-01
9.690000e-01  2.262128e-01
9.720000e-01  2.258173e-01
9.750000e-01  2.254226e-01
9.780000e-01  2.250288e-01
9.810000e-01  2.246358e-01
9.840000e-01  2.242436e-01
9.870000e-01  2.238523e-01
9.900000e-01  2.234617e-01
9.930000e-01  2.230719e-01
9.960000e-01  2.226830e-01
9.990000e-01  2.222948e-01
