000000  000001
3.000000e-03  8.565292e-01
6.000000e-03  7.815718e-01
9.000000e-03  7.311634e-01
1.200000e-02  6.934712e-01
1.500000e-02  6.635429e-01
1.800000e-02  6.388342e-01
2.100000e-02  6.178661e-01
2.400000e-02  5.997045e-01
2.700000e-02  5.837222e-01
3.000000e-02  5.694785e-01
3.300000e-02  5.566522e-01
3.600000e-02  5.450022e-01
3.900000e-02  5.343431e-01
4.200000e-02  5.245293e-01
4.500000e-02  5.154446e-01
4.800000e-02  5.069948e-01
5.100000e-02  4.991022e-01
5.400000e-02  4.917027e-01
5.700000e-02  4.847420e-01
6.000000e-02  4.781744e-01
6.300000e-02  4.719606e-01
6.600000e-02  4.660671e-01
6.900000e-02  4.604645e-01
7.200000e-02  4.551273e-01
7.500000e-02  4.500333e-01
7.800000e-02  4.451626e-01
8.100000e-02  4.404978e-01
8.400000e-02  4.360233e-01
8.700000e-02  4.317253e-01
9.000000e-02  4.275913e-01
9.300000e-02  4.236101e-01
9.600000e-02  4.197715e-01
9.900000e-02  4.160663e-01
1.020000e-01  4.124862e-01
1.050000e-01  4.090236e-01
1.080000e-01  4.056715e-01
1.110000e-01  4.024236e-01
1.140000e-01  3.992740e-01
1.170000e-01  3.962172e-01
1.200000e-01  3.932484e-01
1.230000e-01  3.903630e-01
1.260000e-01  3.875567e-01
1.290000e-01  3.848255e-01
1.320000e-01  3.821659e-01
1.350000e-01  3.795743e-01
1.380000e-01  3.770477e-01
1.410000e-01  3.745830e-01
1.440000e-01  3.721775e-01
1.470000e-01  3.698286e-01
1.500000e-01  3.675338e-01
1.530000e-01  3.652909e-01
1.560000e-01  3.630977e-01
1.590000e-01  3.609522e-01
1.620000e-01  3.588524e-01
1.650000e-01  3.567967e-01
1.680000e-01  3.547833e-01
1.710000e-01  3.528106e-01
1.740000e-01  3.508771e-01
1.770000e-01  3.489813e-01
1.800000e-01  3.471219e-01
1.830000e-01  3.452976e-01
1.860000e-01  3.435072e-01
1.890000e-01  3.417495e-01
1.920000e-01  3.400234e-01
1.950000e-01  3.383278e-01
1.980000e-01  3.366618e-01
2.010000e-01  3.350245e-01
2.040000e-01  3.334147e-01
2.070000e-01  3.318319e-01
2.100000e-01  3.302749e-01
2.130000e-01  3.287432e-01
2.160000e-01  3.272359e-01
2.190000e-01  3.257524e-01
2.220000e-01  3.242918e-01
2.250000e-01  3.228536e-01
2.280000e-01  3.214370e-01
2.310000e-01  3.200416e-01
2.340000e-01  3.186667e-01
2.370000e-01  3.173117e-01
2.400000e-01  3.159761e-01
2.430000e-01  3.146594e-01
2.460000e-01  3.133610e-01
2.490000e-01  3.120806e-01
2.520000e-01  3.108175e-01
2.550000e-01  3.095715e-01
2.580000e-01  3.083420e-01
2.610000e-01  3.071287e-01
2.640000e-01  3.059310e-01
2.670000e-01  3.047488e-01
2.700000e-01  3.035815e-01
2.730000e-01  3.024288e-01
2.760000e-01  3.012904e-01
2.790000e-01  3.001660e-01
2.820000e-01  2.990551e-01
2.850000e-01  2.979576e-01
2.880000e-01  2.968730e-01
2.910000e-01  2.958012e-01
2.940000e-01  2.947418e-01
2.970000e-01  2.936945e-01
3.000000e-01  2.926591e-01
3.030000e-01  2.916353e-01
3.060000e-01  2.906229e-01
3.090000e-01  2.896217e-01
3.120000e-01  2.886313e-01
3.150000e-01  2.876516e-01
3.180000e-01  2.866824e-01
3.210000e-01  2.857234e-01
3.240000e-01  2.847744e-01
3.270000e-01  2.838353e-01
3.300000e-01  2.829057e-01
3.330000e-01  2.819857e-01
3.360000e-01  2.810748e-01
3.390000e-01  2.801731e-01
3.420000e-01  2.792802e-01
3.450000e-01  2.783961e-01
3.480000e-01  2.775206e-01
3.510000e-01  2.766534e-01
3.540000e-01  2.757945e-01
3.570000e-01  2.749437e-01
3.600000e-01  2.741009e-01
3.630000e-01  2.732658e-01
3.660000e-01  2.724384e-01
3.690000e-01  2.716186e-01
3.720000e-01  2.708061e-01
3.750000e-01  2.700009e-01
3.780000e-01  2.692028e-01
3.810000e-01  2.684117e-01
3.840000e-01  2.676275e-01
3.870000e-01  2.668501e-01
3.900000e-01  2.660794e-01
3.930000e-01  2.653151e-01
3.960000e-01  2.645574e-01
3.990000e-01  2.638059e-01
4.020000e-01  2.630607e-01
4.050000e-01  2.623216e-01
4.080000e-01  2.615885e-01
4.110000e-01  2.608613e-01
4.140000e-01  2.601400e-01
4.170000e-01  2.594244e-01
4.200000e-01  2.587145e-01
4.230000e-01  2.580101e-01
4.260000e-01  2.573112e-01
4.290000e-01  2.566176e-01
4.320000e-01  2.559294e-01
4.350000e-01  2.552464e-01
4.380000e-01  2.545685e-01
4.410000e-01  2.538957e-01
4.440000e-01  2.532279e-01
4.470000e-01  2.525651e-01
4.500000e-01  2.519070e-01
4.530000e-01  2.512537e-01
4.560000e-01  2.506051e-01
4.590000e-01  2.499612e-01
4.620000e-01  2.493218e-01
4.650000e-01  2.486869e-01
4.680000e-01  2.480565e-01
4.710000e-01  2.474304e-01
4.740000e-01  2.468087e-01
4.770000e-01  2.461912e-01
4.800000e-01  2.455779e-01
4.830000e-01  2.449687e-01
4.860000e-01  2.443636e-01
4.890000e-01  2.437625e-01
4.920000e-01  2.431654e-01
4.950000e-01  2.425722e-01
4.980000e-01  2.419828e-01
5.010000e-01  2.413973e-01
5.040000e-01  2.408155e-01
5.070000e-01  2.402374e-01
5.100000e-01  2.396630e-01
5.130000e-01  2.390922e-01
5.160000e-01  2.385250e-01
5.190000e-01  2.379613e-01
5.220000e-01  2.374010e-01
5.250000e-01  2.368442e-01
5.280000e-01  2.362907e-01
5.310000e-01  2.357407e-01
5.340000e-01  2.351938e-01
5.370000e-01  2.346503e-01
5.400000e-01  2.341100e-01
5.430000e-01  2.335728e-01
5.460000e-01  2.330388e-01
5.490000e-01  2.325079e-01
5.520000e-01  2.319801e-01
5.550000e-01  2.314552e-01
5.580000e-01  2.309334e-01
5.610000e-01  2.304145e-01
5.640000e-01  2.298985e-01
5.670000e-01  2.293854e-01
5.700000e-01  2.288752e-01
5.730000e-01  2.283677e-01
5.760000e-01  2.278630e-01
5.790000e-01  2.273611e-01
5.820000e-01  2.268619e-01
5.850000e-01  2.263654e-01
5.880000e-01  2.258715e-01
5.910000e-01  2.253803e-01
5.940000e-01  2.248916e-01
5.970000e-01  2.244055e-01
6.000000e-01  2.239220e-01
6.030000e-01  2.234409e-01
6.060000e-01  2.229623e-01
6.090000e-01  2.224862e-01
6.120000e-01  2.220124e-01
6.150000e-01  2.215411e-01
6.180000e-01  2.210721e-01
6.210000e-01  2.206055e-01
6.240000e-01  2.201412e-01
6.270000e-01  2.196792e-01
6.300000e-01  2.192194e-01
6.330000e-01  2.187619e-01
6.360000e-01  2.183066e-01
6.390000e-01  2.178535e-01
6.420000e-01  2.174025e-01
6.450000e-01  2.169537e-01
6.480000e-01  2.165070e-01
6.510000e-01  2.160624e-01
6.540000e-01  2.156199e-01
6.570000e-01  2.151795e-01
6.600000e-01  2.147410e-01
6.630000e-01  2.143046e-01
6.660000e-01  2.138702e-01
6.690000e-01  2.134378e-01
6.720000e-01  2.130072e-01
6.750000e-01  2.125787e-01
6.780000e-01  2.121520e-01
6.810000e-01  2.117272e-01
6.840000e-01  2.113043e-01
6.870000e-01  2.108833e-01
6.900000e-01  2.104640e-01
6.930000e-01  2.100466e-01
6.960000e-01  2.096310e-01
6.990000e-01  2.092172e-01
7.020000e-01  2.088051e-01
7.050000e-01  2.083947e-01
7.080000e-01  2.079861e-01
7.110000e-01  2.075792e-01
7.140000e-01  2.071740e-01
7.170000e-01  2.067705e-01
7.200000e-01  2.063686e-01
7.230000e-01  2.059683e-01
7.260000e-01  2.055697e-01
7.290000e-01  2.051727e-01
7.320000e-01  2.047773e-01
7.350000e-01  2.043835e-01
7.380000e-01  2.039912e-01
7.410000e-01  2.036004e-01
7.440000e-01  2.032112e-01
7.470000e-01  2.028236e-01
7.500000e-01  2.024374e-01
7.530000e-01  2.020527e-01
7.560000e-01  2.016695e-01
7.590000e-01  2.012877e-01
7.620000e-01  2.009074e-01
7.650000e-01  2.005286e-01
7.680000e-01  2.001511e-01
7.710000e-01  1.997751e-01
7.740000e-01  1.994004e-01
7.770000e-01  1.990271e-01
7.800000e-01  1.986552e-01
7.830000e-01  1.982847e-01
7.860000e-01  1.979155e-01
7.890000e-01  1.975476e-01
7.920000e-01  1.971810e-01
7.950000e-01  1.968158e-01
7.980000e-01  1.964518e-01
8.010000e-01  1.960891e-01
8.040000e-01  1.957277e-01
8.070000e-01  1.953676e-01
8.100000e-01  1.950086e-01
8.130000e-01  1.946510e-01
8.160000e-01  1.942945e-01
8.190000e-01  1.939393e-01
8.220000e-01  1.935852e-01
8.250000e-01  1.932324e-01
8.280000e-01  1.928807e-01
8.310000e-01  1.925302e-01
8.340000e-01  1.921809e-01
8.370000e-01  1.918327e-01
8.400000e-01  1.914856e-01
8.430000e-01  1.911397e-01
8.460000e-01  1.907949e-01
8.490000e-01  1.904512e-01
8.520000e-01  1.901085e-01
8.550000e-01  1.897670e-01
8.580000e-01  1.894266e-01
8.610000e-01  1.890872e-01
8.640000e-01  1.887489e-01
8.670000e-01  1.884116e-01
8.700000e-01  1.880754e-01
8.730000e-01  1.877402e-01
8.760000e-01  1.874060e-01
8.790000e-01  1.870729e-01
8.820000e-01  1.867407e-01
8.850000e-01  1.864095e-01
8.880000e-01  1.860794e-01
8.910000e-01  1.857502e-01
8.940000e-01  1.854219e-01
8.970000e-01  1.850946e-01
9.000000e-01  1.847683e-01
9.030000e-01  1.844429e-01
9.060000e-01  1.841185e-01
9.090000e-01  1.837950e-01
9.120000e-01  1.834724e-01
9.150000e-01  1.831507e-01
9.180000e-01  1.828299e-01
9.210000e-01  1.825100e-01
9.240000e-01  1.821910e-01
9.270000e-01  1.818729e-01
9.300000e-01  1.815556e-01
9.330000e-01  1.812392e-01
9.360000e-01  1.809237e-01
9.390000e-01  1.806090e-01
9.420000e-01  1.802951e-01
9.450000e-01  1.799821e-01
9.480000e-01  1.796699e-01
9.510000e-01  1.793586e-01
9.540000e-01  1.790480e-01
9.570000e-01  1.787382e-01
9.600000e-01  1.784293e-01
9.630000e-01  1.781211e-01
9.660000e-01  1.778137e-01
9.690000e-01  1.775071e-01
9.720000e-01  1.772013e-01
9.750000e-01  1.768962e-01
9.780000e-01  1.765919e-01
9.810000e-01  1.762883e-01
9.840000e-01  1.759855e-01
9.870000e-01  1.756834e-01
9.900000e-01  1.753820e-01
9.930000e-01  1.750814e-01
9.960000e-01  1.747815e-01
9.990000e-01  1.744822e-01
