000000  000001
3.000000e-03  8.783864e-01
6.000000e-03  8.094186e-01
9.000000e-03  7.615328e-01
1.200000e-02  7.250756e-01
1.500000e-02  6.957828e-01
1.800000e-02  6.713923e-01
2.100000e-02  6.505604e-01
2.400000e-02  6.324247e-01
2.700000e-02  6.163993e-01
3.000000e-02  6.020682e-01
3.300000e-02  5.891257e-01
3.600000e-02  5.773410e-01
3.900000e-02  5.665354e-01
4.200000e-02  5.565681e-01
4.500000e-02  5.473258e-01
4.800000e-02  5.387166e-01
5.100000e-02  5.306647e-01
5.400000e-02  5.231066e-01
5.700000e-02  5.159892e-01
6.000000e-02  5.092671e-01
6.300000e-02  5.029015e-01
6.600000e-02  4.968591e-01
6.900000e-02  4.911106e-01
7.200000e-02  4.856308e-01
7.500000e-02  4.803972e-01
7.800000e-02  4.753902e-01
8.100000e-02  4.705923e-01
8.400000e-02  4.659879e-01
8.700000e-02  4.615630e-01
9.000000e-02  4.573051e-01
9.300000e-02  4.532029e-01
9.600000e-02  4.492462e-01
9.900000e-02  4.454258e-01
1.020000e-01  4.417331e-01
1.050000e-01  4.381606e-01
1.080000e-01  4.347010e-01
1.110000e-01  4.313482e-01
1.140000e-01  4.280960e-01
1.170000e-01  4.249390e-01
1.200000e-01  4.218723e-01
1.230000e-01  4.188910e-01
1.260000e-01  4.159910e-01
1.290000e-01  4.131682e-01
1.320000e-01  4.104188e-01
1.350000e-01  4.077395e-01
1.380000e-01  4.051269e-01
1.410000e-01  4.025781e-01
1.440000e-01  4.000902e-01
1.470000e-01  3.976605e-01
1.500000e-01  3.952867e-01
1.530000e-01  3.929663e-01
1.560000e-01  3.906971e-01
1.590000e-01  3.884772e-01
1.620000e-01  3.863044e-01
1.650000e-01  3.841771e-01
1.680000e-01  3.820935e-01
1.710000e-01  3.800519e-01
1.740000e-01  3.780508e-01
1.770000e-01  3.760886e-01
1.800000e-01  3.741641e-01
1.830000e-01  3.722759e-01
1.860000e-01  3.704227e-01
1.890000e-01  3.686034e-01
1.920000e-01  3.668167e-01
1.950000e-01  3.650617e-01
1.980000e-01  3.633373e-01
2.010000e-01  3.616425e-01
2.040000e-01  3.599764e-01
2.070000e-01  3.583380e-01
2.100000e-01  3.567266e-01
2.130000e-01  3.551413e-01
2.160000e-01  3.535813e-01
2.190000e-01  3.520459e-01
2.220000e-01  3.505344e-01
2.250000e-01  3.490460e-01
2.280000e-01  3.475802e-01
2.310000e-01  3.461363e-01
2.340000e-01  3.447136e-01
2.370000e-01  3.433116e-01
2.400000e-01  3.419298e-01
2.430000e-01  3.405676e-01
2.460000e-01  3.392245e-01
2.490000e-01  3.378999e-01
2.520000e-01  3.365935e-01
2.550000e-01  3.353048e-01
2.580000e-01  3.340332e-01
2.610000e-01  3.327784e-01
2.640000e-01  3.315400e-01
2.670000e-01  3.303176e-01
2.700000e-01  3.291107e-01
2.730000e-01  3.279190e-01
2.760000e-01  3.267422e-01
2.790000e-01  3.255799e-01
2.820000e-01  3.244318e-01
2.850000e-01  3.232975e-01
2.880000e-01  3.221768e-01
2.910000e-01  3.210693e-01
2.940000e-01  3.199748e-01
2.970000e-01  3.188928e-01
3.000000e-01  3.178233e-01
3.030000e-01  3.167659e-01
3.060000e-01  3.157204e-01
3.090000e-01  3.146864e-01
3.120000e-01  3.136638e-01
3.150000e-01  3.126524e-01
3.180000e-01  3.116518e-01
3.210000e-01  3.106619e-01
3.240000e-01  3.096825e-01
3.270000e-01  3.087134e-01
3.300000e-01  3.077543e-01
3.330000e-01  3.068050e-01
3.360000e-01  3.058654e-01
3.390000e-01  3.049353e-01
3.420000e-01  3.040145e-01
3.450000e-01  3.031027e-01
3.480000e-01  3.022000e-01
3.510000e-01  3.013060e-01
3.540000e-01  3.004207e-01
3.570000e-01  2.995438e-01
3.600000e-01  2.986752e-01
3.630000e-01  2.978147e-01
3.660000e-01  2.969623e-01
3.690000e-01  2.961177e-01
3.720000e-01  2.952809e-01
3.750000e-01  2.944517e-01
3.780000e-01  2.936299e-01
3.810000e-01  2.928154e-01
3.840000e-01  2.920082e-01
3.870000e-01  2.912080e-01
3.900000e-01  2.904149e-01
3.930000e-01  2.896285e-01
3.960000e-01  2.888490e-01
3.990000e-01  2.880760e-01
4.020000e-01  2.873095e-01
4.050000e-01  2.865495e-01
4.080000e-01  2.857958e-01
4.110000e-01  2.850483e-01
4.140000e-01  2.843068e-01
4.170000e-01  2.835715e-01
4.200000e-01  2.828420e-01
4.230000e-01  2.821183e-01
4.260000e-01  2.814004e-01
4.290000e-01  2.806882e-01
4.320000e-01  2.799815e-01
4.350000e-01  2.792802e-01
4.380000e-01  2.785844e-01
4.410000e-01  2.778939e-01
4.440000e-01  2.772086e-01
4.470000e-01  2.765285e-01
4.500000e-01  2.758535e-01
4.530000e-01  2.751835e-01
4.560000e-01  2.745184e-01
4.590000e-01  2.738582e-01
4.620000e-01  2.732028e-01
4.650000e-01  2.725521e-01
4.680000e-01  2.719061e-01
4.710000e-01  2.712647e-01
4.740000e-01  2.706278e-01
4.770000e-01  2.699953e-01
4.800000e-01  2.693673e-01
4.830000e-01  2.687437e-01
4.860000e-01  2.681243e-01
4.890000e-01  2.675091e-01
4.920000e-01  2.668982e-01
4.950000e-01  2.662913e-01
4.980000e-01  2.656885e-01
5.010000e-01  2.650897e-01
5.040000e-01  2.644949e-01
5.070000e-01  2.639040e-01
5.100000e-01  2.633170e-01
5.130000e-01  2.627337e-01
5.160000e-01  2.621542e-01
5.190000e-01  2.615784e-01
5.220000e-01  2.610063e-01
5.250000e-01  2.604378e-01
5.280000e-01  2.598728e-01
5.310000e-01  2.593114e-01
5.340000e-01  2.587535e-01
5.370000e-01  2.581990e-01
5.400000e-01  2.576479e-01
5.430000e-01  2.571001e-01
5.460000e-01  2.565557e-01
5.490000e-01  2.560146e-01
5.520000e-01  2.554766e-01
5.550000e-01  2.549419e-01
5.580000e-01  2.544103e-01
5.610000e-01  2.538819e-01
5.640000e-01  2.533565e-01
5.670000e-01  2.528342e-01
5.700000e-01  2.523149e-01
5.730000e-01  2.517985e-01
5.760000e-01  2.512852e-01
5.790000e-01  2.507747e-01
5.820000e-01  2.502671e-01
5.850000e-01  2.497623e-01
5.880000e-01  2.492603e-01
5.910000e-01  2.487612e-01
5.940000e-01  2.482647e-01
5.970000e-01  2.477710e-01
6.000000e-01  2.472800e-01
6.030000e-01  2.467916e-01
6.060000e-01  2.463058e-01
6.090000e-01  2.458227e-01
6.120000e-01  2.453421e-01
6.150000e-01  2.448641e-01
6.180000e-01  2.443885e-01
6.210000e-01  2.439155e-01
6.240000e-01  2.434449e-01
6.270000e-01  2.429768e-01
6.300000e-01  2.425110e-01
6.330000e-01  2.420477e-01
6.360000e-01  2.415867e-01
6.390000e-01  2.411280e-01
6.420000e-01  2.406716e-01
6.450000e-01  2.402176e-01
6.480000e-01  2.397658e-01
6.510000e-01  2.393162e-01
6.540000e-01  2.388688e-01
6.570000e-01  2.384236e-01
6.600000e-01  2.379806e-01
6.630000e-01  2.375398e-01
6.660000e-01  2.371010e-01
6.690000e-01  2.366644e-01
6.720000e-01  2.362299e-01
6.750000e-01  2.357974e-01
6.780000e-01  2.353670e-01
6.810000e-01  2.349385e-01
6.840000e-01  2.345121e-01
6.870000e-01  2.340877e-01
6.900000e-01  2.336652e-01
6.930000e-01  2.332447e-01
6.960000e-01  2.328261e-01
6.990000e-01  2.324094e-01
7.020000e-01  2.319946e-01
7.050000e-01  2.315816e-01
7.080000e-01  2.311705e-01
7.110000e-01  2.307613e-01
7.140000e-01  2.303538e-01
7.170000e-01  2.299482e-01
7.200000e-01  2.295443e-01
7.230000e-01  2.291422e-01
7.260000e-01  2.287419e-01
7.290000e-01  2.283433e-01
7.320000e-01  2.279464e-01
7.350000e-01  2.275512e-01
7.380000e-01  2.271577e-01
7.410000e-01  2.267658e-01
7.440000e-01  2.263757e-01
7.470000e-01  2.259871e-01
7.500000e-01  2.256002e-01
7.530000e-01  2.252149e-01
7.560000e-01  2.248311e-01
7.590000e-01  2.244490e-01
7.620000e-01  2.240684e-01
7.650000e-01  2.236894e-01
7.680000e-01  2.233119e-01
7.710000e-01  2.229360e-01
7.740000e-01  2.225615e-01
7.770000e-01  2.221886e-01
7.800000e-01  2.218171e-01
7.830000e-01  2.214471e-01
7.860000e-01  2.210786e-01
7.890000e-01  2.207115e-01
7.920000e-01  2.203459e-01
7.950000e-01  2.199816e-01
7.980000e-01  2.196188e-01
8.010000e-01  2.192574e-01
8.040000e-01  2.188973e-01
8.070000e-01  2.185387e-01
8.100000e-01  2.181814e-01
8.130000e-01  2.178254e-01
8.160000e-01  2.174708e-01
8.190000e-01  2.171175e-01
8.220000e-01  2.167655e-01
8.250000e-01  2.164149e-01
8.280000e-01  2.160655e-01
8.310000e-01  2.157174e-01
8.340000e-01  2.153706e-01
8.370000e-01  2.150250e-01
8.400000e-01  2.146807e-01
8.430000e-01  2.143377e-01
8.460000e-01  2.139958e-01
8.490000e-01  2.136552e-01
8.520000e-01  2.133158e-01
8.550000e-01  2.129776e-01
8.580000e-01  2.126406e-01
8.610000e-01  2.123048e-01
8.640000e-01  2.119701e-01
8.670000e-01  2.116367e-01
8.700000e-01  2.113043e-01
8.730000e-01  2.109731e-01
8.760000e-01  2.106431e-01
8.790000e-01  2.103141e-01
8.820000e-01  2.099863e-01
8.850000e-01  2.096596e-01
8.880000e-01  2.093340e-01
8.910000e-01  2.090095e-01
8.940000e-01  2.086861e-01
8.970000e-01  2.083637e-01
9.000000e-01  2.080424e-01
9.030000e-01  2.077222e-01
9.060000e-01  2.074030e-01
9.090000e-01  2.070848e-01
9.120000e-01  2.067677e-01
9.150000e-01  2.064516e-01
9.180000e-01  2.061365e-01
9.210000e-01  2.058225e-01
9.240000e-01  2.055094e-01
9.270000e-01  2.051973e-01
9.300000e-01  2.048862e-01
9.330000e-01  2.045761e-01
9.360000e-01  2.042670e-01
9.390000e-01  2.039588e-01
9.420000e-01  2.036516e-01
9.450000e-01  2.033453e-01
9.480000e-01  2.030400e-01
9.510000e-01  2.027356e-01
9.540000e-01  2.024321e-01
9.570000e-01  2.021295e-01
9.600000e-01  2.018279e-01
9.630000e-01  2.015272e-01
9.660000e-01  2.012273e-01
9.690000e-01  2.009284e-01
9.720000e-01  2.006303e-01
9.750000e-01  2.003332e-01
9.780000e-01  2.000369e-01
9.810000e-01  1.997414e-01
9.840000e-01  1.994469e-01
9.870000e-01  1.991531e-01
9.900000e-01  1.988603e-01
9.930000e-01  1.985682e-01
9.960000e-01  1.982770e-01
9.990000e-01  1.979867e-01
