000000  000001
3.000000e-03  8.475845e-01
6.000000e-03  7.705039e-01
9.000000e-03  7.192733e-01
1.200000e-02  6.812135e-01
1.500000e-02  6.511202e-01
1.800000e-02  6.263495e-01
2.100000e-02  6.053763e-01
2.400000e-02  5.872423e-01
2.700000e-02  5.713072e-01
3.000000e-02  5.571224e-01
3.300000e-02  5.443619e-01
3.600000e-02  5.327815e-01
3.900000e-02  5.221938e-01
4.200000e-02  5.124521e-01
4.500000e-02  5.034392e-01
4.800000e-02  4.950603e-01
5.100000e-02  4.872375e-01
5.400000e-02  4.799062e-01
5.700000e-02  4.730123e-01
6.000000e-02  4.665097e-01
6.300000e-02  4.603594e-01
6.600000e-02  4.545275e-01
6.900000e-02  4.489849e-01
7.200000e-02  4.437061e-01
7.500000e-02  4.386687e-01
7.800000e-02  4.338531e-01
8.100000e-02  4.292418e-01
8.400000e-02  4.248194e-01
8.700000e-02  4.205721e-01
9.000000e-02  4.164873e-01
9.300000e-02  4.125540e-01
9.600000e-02  4.087619e-01
9.900000e-02  4.051021e-01
1.020000e-01  4.015662e-01
1.050000e-01  3.981466e-01
1.080000e-01  3.948364e-01
1.110000e-01  3.916293e-01
1.140000e-01  3.885194e-01
1.170000e-01  3.855015e-01
1.200000e-01  3.825705e-01
1.230000e-01  3.797220e-01
1.260000e-01  3.769518e-01
1.290000e-01  3.742558e-01
1.320000e-01  3.716305e-01
1.350000e-01  3.690725e-01
1.380000e-01  3.665787e-01
1.410000e-01  3.641460e-01
1.440000e-01  3.617718e-01
1.470000e-01  3.594535e-01
1.500000e-01  3.571887e-01
1.530000e-01  3.549751e-01
1.560000e-01  3.528106e-01
1.590000e-01  3.506931e-01
1.620000e-01  3.486209e-01
1.650000e-01  3.465921e-01
1.680000e-01  3.446050e-01
1.710000e-01  3.426581e-01
1.740000e-01  3.407499e-01
1.770000e-01  3.388788e-01
1.800000e-01  3.370437e-01
1.830000e-01  3.352432e-01
1.860000e-01  3.334762e-01
1.890000e-01  3.317413e-01
1.920000e-01  3.300377e-01
1.950000e-01  3.283641e-01
1.980000e-01  3.267197e-01
2.010000e-01  3.251035e-01
2.040000e-01  3.235146e-01
2.070000e-01  3.219521e-01
2.100000e-01  3.204153e-01
2.130000e-01  3.189032e-01
2.160000e-01  3.174152e-01
2.190000e-01  3.159506e-01
2.220000e-01  3.145086e-01
2.250000e-01  3.130887e-01
2.280000e-01  3.116901e-01
2.310000e-01  3.103123e-01
2.340000e-01  3.089547e-01
2.370000e-01  3.076167e-01
2.400000e-01  3.062979e-01
2.430000e-01  3.049976e-01
2.460000e-01  3.037154e-01
2.490000e-01  3.024508e-01
2.520000e-01  3.012034e-01
2.550000e-01  2.999727e-01
2.580000e-01  2.987583e-01
2.610000e-01  2.975598e-01
2.640000e-01  2.963768e-01
2.670000e-01  2.952088e-01
2.700000e-01  2.940556e-01
2.730000e-01  2.929168e-01
2.760000e-01  2.917921e-01
2.790000e-01  2.906810e-01
2.820000e-01  2.895834e-01
2.850000e-01  2.884988e-01
2.880000e-01  2.874270e-01
2.910000e-01  2.863677e-01
2.940000e-01  2.853207e-01
2.970000e-01  2.842856e-01
3.000000e-01  2.832621e-01
3.030000e-01  2.822501e-01
3.060000e-01  2.812493e-01
3.090000e-01  2.802594e-01
3.120000e-01  2.792802e-01
3.150000e-01  2.783116e-01
3.180000e-01  2.773532e-01
3.210000e-01  2.764048e-01
3.240000e-01  2.754664e-01
3.270000e-01  2.745375e-01
3.300000e-01  2.736182e-01
3.330000e-01  2.727081e-01
3.360000e-01  2.718071e-01
3.390000e-01  2.709150e-01
3.420000e-01  2.700317e-01
3.450000e-01  2.691570e-01
3.480000e-01  2.682906e-01
3.510000e-01  2.674325e-01
3.540000e-01  2.665826e-01
3.570000e-01  2.657405e-01
3.600000e-01  2.649063e-01
3.630000e-01  2.640797e-01
3.660000e-01  2.632607e-01
3.690000e-01  2.624491e-01
3.720000e-01  2.616447e-01
3.750000e-01  2.608474e-01
3.780000e-01  2.600572e-01
3.810000e-01  2.592738e-01
3.840000e-01  2.584971e-01
3.870000e-01  2.577272e-01
3.900000e-01  2.569637e-01
3.930000e-01  2.562067e-01
3.960000e-01  2.554560e-01
3.990000e-01  2.547115e-01
4.020000e-01  2.539731e-01
4.050000e-01  2.532407e-01
4.080000e-01  2.525143e-01
4.110000e-01  2.517936e-01
4.140000e-01  2.510786e-01
4.170000e-01  2.503693e-01
4.200000e-01  2.496655e-01
4.230000e-01  2.489672e-01
4.260000e-01  2.482742e-01
4.290000e-01  2.475865e-01
4.320000e-01  2.469040e-01
4.350000e-01  2.462267e-01
4.380000e-01  2.455544e-01
4.410000e-01  2.448870e-01
4.440000e-01  2.442245e-01
4.470000e-01  2.435668e-01
4.500000e-01  2.429139e-01
4.530000e-01  2.422657e-01
4.560000e-01  2.416220e-01
4.590000e-01  2.409829e-01
4.620000e-01  2.403483e-01
4.650000e-01  2.397181e-01
4.680000e-01  2.390922e-01
4.710000e-01  2.384706e-01
4.740000e-01  2.378533e-01
4.770000e-01  2.372400e-01
4.800000e-01  2.366309e-01
4.830000e-01  2.360259e-01
4.860000e-01  2.354248e-01
4.890000e-01  2.348276e-01
4.920000e-01  2.342344e-01
4.950000e-01  2.336450e-01
4.980000e-01  2.330593e-01
5.010000e-01  2.324774e-01
5.040000e-01  2.318991e-01
5.070000e-01  2.313245e-01
5.100000e-01  2.307534e-01
5.130000e-01  2.301859e-01
5.160000e-01  2.296219e-01
5.190000e-01  2.290613e-01
5.220000e-01  2.285040e-01
5.250000e-01  2.279502e-01
5.280000e-01  2.273996e-01
5.310000e-01  2.268524e-01
5.340000e-01  2.263083e-01
5.370000e-01  2.257674e-01
5.400000e-01  2.252297e-01
5.430000e-01  2.246950e-01
5.460000e-01  2.241634e-01
5.490000e-01  2.236349e-01
5.520000e-01  2.231093e-01
5.550000e-01  2.225867e-01
5.580000e-01  2.220670e-01
5.610000e-01  2.215502e-01
5.640000e-01  2.210362e-01
5.670000e-01  2.205250e-01
5.700000e-01  2.200166e-01
5.730000e-01  2.195109e-01
5.760000e-01  2.190080e-01
5.790000e-01  2.185077e-01
5.820000e-01  2.180101e-01
5.850000e-01  2.175151e-01
5.880000e-01  2.170226e-01
5.910000e-01  2.165327e-01
5.940000e-01  2.160454e-01
5.970000e-01  2.155605e-01
6.000000e-01  2.150781e-01
6.030000e-01  2.145981e-01
6.060000e-01  2.141206e-01
6.090000e-01  2.136454e-01
6.120000e-01  2.131726e-01
6.150000e-01  2.127021e-01
6.180000e-01  2.122339e-01
6.210000e-01  2.117680e-01
6.240000e-01  2.113043e-01
6.270000e-01  2.108429e-01
6.300000e-01  2.103836e-01
6.330000e-01  2.099266e-01
6.360000e-01  2.094716e-01
6.390000e-01  2.090188e-01
6.420000e-01  2.085681e-01
6.450000e-01  2.081195e-01
6.480000e-01  2.076730e-01
6.510000e-01  2.072285e-01
6.540000e-01  2.067860e-01
6.570000e-01  2.063455e-01
6.600000e-01  2.059069e-01
6.630000e-01  2.054703e-01
6.660000e-01  2.050357e-01
6.690000e-01  2.046029e-01
6.720000e-01  2.041720e-01
6.750000e-01  2.037430e-01
6.780000e-01  2.033159e-01
6.810000e-01  2.028906e-01
6.840000e-01  2.024671e-01
6.870000e-01  2.020453e-01
6.900000e-01  2.016254e-01
6.930000e-01  2.012072e-01
6.960000e-01  2.007907e-01
6.990000e-01  2.003760e-01
7.020000e-01  1.999629e-01
7.050000e-01  1.995516e-01
7.080000e-01  1.991419e-01
7.110000e-01  1.987338e-01
7.140000e-01  1.983274e-01
7.170000e-01  1.979226e-01
7.200000e-01  1.975194e-01
7.230000e-01  1.971177e-01
7.260000e-01  1.967177e-01
7.290000e-01  1.963191e-01
7.320000e-01  1.959222e-01
7.350000e-01  1.955267e-01
7.380000e-01  1.951327e-01
7.410000e-01  1.947403e-01
7.440000e-01  1.943493e-01
7.470000e-01  1.939597e-01
7.500000e-01  1.935716e-01
7.530000e-01  1.931850e-01
7.560000e-01  1.927997e-01
7.590000e-01  1.924159e-01
7.620000e-01  1.920334e-01
7.650000e-01  1.916523e-01
7.680000e-01  1.912726e-01
7.710000e-01  1.908942e-01
7.740000e-01  1.905172e-01
7.770000e-01  1.901415e-01
7.800000e-01  1.897670e-01
7.830000e-01  1.893939e-01
7.860000e-01  1.890221e-01
7.890000e-01  1.886515e-01
7.920000e-01  1.882822e-01
7.950000e-01  1.879141e-01
7.980000e-01  1.875473e-01
8.010000e-01  1.871817e-01
8.040000e-01  1.868173e-01
8.070000e-01  1.864541e-01
8.100000e-01  1.860920e-01
8.130000e-01  1.857312e-01
8.160000e-01  1.853715e-01
8.190000e-01  1.850130e-01
8.220000e-01  1.846556e-01
8.250000e-01  1.842993e-01
8.280000e-01  1.839442e-01
8.310000e-01  1.835901e-01
8.340000e-01  1.832372e-01
8.370000e-01  1.828854e-01
8.400000e-01  1.825346e-01
8.430000e-01  1.821849e-01
8.460000e-01  1.818362e-01
8.490000e-01  1.814886e-01
8.520000e-01  1.811420e-01
8.550000e-01  1.807965e-01
8.580000e-01  1.804520e-01
8.610000e-01  1.801084e-01
8.640000e-01  1.797659e-01
8.670000e-01  1.794244e-01
8.700000e-01  1.790838e-01
8.730000e-01  1.787442e-01
8.760000e-01  1.784056e-01
8.790000e-01  1.780679e-01
8.820000e-01  1.777311e-01
8.850000e-01  1.773953e-01
8.880000e-01  1.770604e-01
8.910000e-01  1.767264e-01
8.940000e-01  1.763933e-01
8.970000e-01  1.760611e-01
9.000000e-01  1.757298e-01
9.030000e-01  1.753994e-01
9.060000e-01  1.750698e-01
9.090000e-01  1.747411e-01
9.120000e-01  1.744133e-01
9.150000e-01  1.740863e-01
9.180000e-01  1.737601e-01
9.210000e-01  1.734348e-01
9.240000e-01  1.731103e-01
9.270000e-01  1.727866e-01
9.300000e-01  1.724637e-01
9.330000e-01  1.721415e-01
9.360000e-01  1.718202e-01
9.390000e-01  1.714997e-01
9.420000e-01  1.711799e-01
9.450000e-01  1.708609e-01
9.480000e-01  1.705426e-01
9.510000e-01  1.702251e-01
9.540000e-01  1.699084e-01
9.570000e-01  1.695923e-01
9.600000e-01  1.692770e-01
9.630000e-01  1.689624e-01
9.660000e-01  1.686485e-01
9.690000e-01  1.683354e-01
9.720000e-01  1.680229e-01
9.750000e-01  1.677111e-01
9.780000e-01  1.674000e-01
9.810000e-01  1.670895e-01
9.840000e-01  1.667798e-01
9.870000e-01  1.664707e-01
9.900000e-01  1.661622e-01
9.930000e-01  1.658544e-01
9.960000e-01  1.655472e-01
9.990000e-01  1.652407e-01
