000000  000001
3.000000e-03  7.815718e-01
6.000000e-03  6.934712e-01
9.000000e-03  6.388342e-01
1.200000e-02  5.997045e-01
1.500000e-02  5.694785e-01
1.800000e-02  5.450022e-01
2.100000e-02  5.245293e-01
2.400000e-02  5.069948e-01
2.700000e-02  4.917027e-01
3.000000e-02  4.781744e-01
3.300000e-02  4.660671e-01
3.600000e-02  4.551273e-01
3.900000e-02  4.451626e-01
4.200000e-02  4.360233e-01
4.500000e-02  4.275913e-01
4.800000e-02  4.197715e-01
5.100000e-02  4.124862e-01
5.400000e-02  4.056715e-01
5.700000e-02  3.992740e-01
6.000000e-02  3.932484e-01
6.300000e-02  3.875567e-01
6.600000e-02  3.821659e-01
6.900000e-02  3.770477e-01
7.200000e-02  3.721775e-01
7.500000e-02  3.675338e-01
7.800000e-02  3.630977e-01
8.100000e-02  3.588524e-01
8.400000e-02  3.547833e-01
8.700000e-02  3.508771e-01
9.000000e-02  3.471219e-01
9.300000e-02  3.435072e-01
9.600000e-02  3.400234e-01
9.900000e-02  3.366618e-01
1.020000e-01  3.334147e-01
1.050000e-01  3.302749e-01
1.080000e-01  3.272359e-01
1.110000e-01  3.242918e-01
1.140000e-01  3.214370e-01
1.170000e-01  3.186667e-01
1.200000e-01  3.159761e-01
1.230000e-01  3.133610e-01
1.260000e-01  3.108175e-01
1.290000e-01  3.083420e-01
1.320000e-01  3.059310e-01
1.350000e-01  3.035815e-01
1.380000e-01  3.012904e-01
1.410000e-01  2.990551e-01
1.440000e-01  2.968730e-01
1.470000e-01  2.947418e-01
1.500000e-01  2.926591e-01
1.530000e-01  2.906229e-01
1.560000e-01  2.886313e-01
1.590000e-01  2.866824e-01
1.620000e-01  2.847744e-01
1.650000e-01  2.829057e-01
1.680000e-01  2.810748e-01
1.710000e-01  2.792802e-01
1.740000e-01  2.775206e-01
1.770000e-01  2.757945e-01
1.800000e-01  2.741009e-01
1.830000e-01  2.724384e-01
1.860000e-01  2.708061e-01
1.890000e-01  2.692028e-01
1.920000e-01  2.676275e-01
1.950000e-01  2.660794e-01
1.980000e-01  2.645574e-01
2.010000e-01  2.630607e-01
2.040000e-01  2.615885e-01
2.070000e-01  2.601400e-01
2.100000e-01  2.587145e-01
2.130000e-01  2.573112e-01
2.160000e-01  2.559294e-01
2.190000e-01  2.545685e-01
2.220000e-01  2.532279e-01
2.250000e-01  2.519070e-01
2.280000e-01  2.506051e-01
2.310000e-01  2.493218e-01
2.340000e-01  2.480565e-01
2.370000e-01  2.468087e-01
2.400000e-01  2.455779e-01
2.430000e-01  2.443636e-01
2.460000e-01  2.431654e-01
2.490000e-01  2.419828e-01
2.520000e-01  2.408155e-01
2.550000e-01  2.396630e-01
2.580000e-01  2.385250e-01
2.610000e-01  2.374010e-01
2.640000e-01  2.362907e-01
2.670000e-01  2.351938e-01
2.700000e-01  2.341100e-01
2.730000e-01  2.330388e-01
2.760000e-01  2.319801e-01
2.790000e-01  2.309334e-01
2.820000e-01  2.298985e-01
2.850000e-01  2.288752e-01
2.880000e-01  2.278630e-01
2.910000e-01  2.268619e-01
2.940000e-01  2.258715e-01
2.970000e-01  2.248916e-01
3.000000e-01  2.239220e-01
3.030000e-01  2.229623e-01
3.060000e-01  2.220124e-01
3.090000e-01  2.210721e-01
3.120000e-01  2.201412e-01
3.150000e-01  2.192194e-01
3.180000e-01  2.183066e-01
3.210000e-01  2.174025e-01
3.240000e-01  2.165070e-01
3.270000e-01  2.156199e-01
3.300000e-01  2.147410e-01
3.330000e-01  2.138702e-01
3.360000e-01  2.130072e-01
3.390000e-01  2.121520e-01
3.420000e-01  2.113043e-01
3.450000e-01  2.104640e-01
3.480000e-01  2.096310e-01
3.510000e-01  2.088051e-01
3.540000e-01  2.079861e-01
3.570000e-01  2.071740e-01
3.600000e-01  2.063686e-01
3.630000e-01  2.055697e-01
3.660000e-01  2.047773e-01
3.690000e-01  2.039912e-01
3.720000e-01  2.032112e-01
3.750000e-01  2.024374e-01
3.780000e-01  2.016695e-01
3.810000e-01  2.009074e-01
3.840000e-01  2.001511e-01
3.870000e-01  1.994004e-01
3.900000e-01  1.986552e-01
3.930000e-01  1.979155e-01
3.960000e-01  1.971810e-01
3.990000e-01  1.964518e-01
4.020000e-01  1.957277e-01
4.050000e-01  1.950086e-01
4.080000e-01  1.942945e-01
4.110000e-01  1.935852e-01
4.140000e-01  1.928807e-01
4.170000e-01  1.921809e-01
4.200000e-01  1.914856e-01
4.230000e-01  1.907949e-01
4.260000e-01  1.901085e-01
4.290000e-01  1.894266e-01
4.320000e-01  1.887489e-01
4.350000e-01  1.880754e-01
4.380000e-01  1.874060e-01
4.410000e-01  1.867407e-01
4.440000e-01  1.860794e-01
4.470000e-01  1.854219e-01
4.500000e-01  1.847683e-01
4.530000e-01  1.841185e-01
4.560000e-01  1.834724e-01
4.590000e-01  1.828299e-01
4.620000e-01  1.821910e-01
4.650000e-01  1.815556e-01
4.680000e-01  1.809237e-01
4.710000e-01  1.802951e-01
4.740000e-01  1.796699e-01
4.770000e-01  1.790480e-01
4.800000e-01  1.784293e-01
4.830000e-01  1.778137e-01
4.860000e-01  1.772013e-01
4.890000e-01  1.765919e-01
4.920000e-01  1.759855e-01
4.950000e-01  1.753820e-01
4.980000e-01  1.747815e-01
5.010000e-01  1.741837e-01
5.040000e-01  1.735888e-01
5.070000e-01  1.729966e-01
5.100000e-01  1.724071e-01
5.130000e-01  1.718202e-01
5.160000e-01  1.712359e-01
5.190000e-01  1.706542e-01
5.220000e-01  1.700750e-01
5.250000e-01  1.694982e-01
5.280000e-01  1.689238e-01
5.310000e-01  1.683518e-01
5.340000e-01  1.677821e-01
5.370000e-01  1.672147e-01
5.400000e-01  1.666495e-01
5.430000e-01  1.660865e-01
5.460000e-01  1.655257e-01
5.490000e-01  1.649670e-01
5.520000e-01  1.644103e-01
5.550000e-01  1.638556e-01
5.580000e-01  1.633029e-01
5.610000e-01  1.627522e-01
5.640000e-01  1.622033e-01
5.670000e-01  1.616564e-01
5.700000e-01  1.611112e-01
5.730000e-01  1.605678e-01
5.760000e-01  1.600262e-01
5.790000e-01  1.594862e-01
5.820000e-01  1.589480e-01
5.850000e-01  1.584113e-01
5.880000e-01  1.578763e-01
5.910000e-01  1.573428e-01
5.940000e-01  1.568108e-01
5.970000e-01  1.562803e-01
6.000000e-01  1.557512e-01
6.030000e-01  1.552236e-01
6.060000e-01  1.546973e-01
6.090000e-01  1.541723e-01
6.120000e-01  1.536486e-01
6.150000e-01  1.531262e-01
6.180000e-01  1.526050e-01
6.210000e-01  1.520850e-01
6.240000e-01  1.515661e-01
6.270000e-01  1.510484e-01
6.300000e-01  1.505317e-01
6.330000e-01  1.500161e-01
6.360000e-01  1.495014e-01
6.390000e-01  1.489877e-01
6.420000e-01  1.484750e-01
6.450000e-01  1.479631e-01
6.480000e-01  1.474521e-01
6.510000e-01  1.469419e-01
6.540000e-01  1.464325e-01
6.570000e-01  1.459239e-01
6.600000e-01  1.454159e-01
6.630000e-01  1.449086e-01
6.660000e-01  1.444019e-01
6.690000e-01  1.438959e-01
6.720000e-01  1.433903e-01
6.750000e-01  1.428853e-01
6.780000e-01  1.423808e-01
6.810000e-01  1.418766e-01
6.840000e-01  1.413729e-01
6.870000e-01  1.408695e-01
6.900000e-01  1.403665e-01
6.930000e-01  1.398637e-01
6.960000e-01  1.393611e-01
6.990000e-01  1.388587e-01
7.020000e-01  1.383564e-01
7.050000e-01  1.378542e-01
7.080000e-01  000000
7.110000e-01  000000
7.140000e-01  000000
7.170000e-01  000000
7.200000e-01  000000
7.230000e-01  000000
7.260000e-01  000000
7.290000e-01  000000
7.320000e-01  000000
7.350000e-01  000000
7.380000e-01  000000
7.410000e-01  000000
7.440000e-01  000000
7.470000e-01  000000
7.500000e-01  000000
7.530000e-01  000000
7.560000e-01  000000
7.590000e-01  000000
7.620000e-01  000000
7.650000e-01  000000
7.680000e-01  000000
7.710000e-01  000000
7.740000e-01  000000
7.770000e-01  000000
7.800000e-01  000000
7.830000e-01  000000
7.860000e-01  000000
7.890000e-01  000000
7.920000e-01  000000
7.950000e-01  000000
7.980000e-01  000000
8.010000e-01  000000
8.040000e-01  000000
8.070000e-01  000000
8.100000e-01  000000
8.130000e-01  000000
8.160000e-01  000000
8.190000e-01  000000
8.220000e-01  000000
8.250000e-01  000000
8.280000e-01  000000
8.310000e-01  000000
8.340000e-01  000000
8.370000e-01  000000
8.400000e-01  000000
8.430000e-01  000000
8.460000e-01  000000
8.490000e-01  000000
8.520000e-01  000000
8.550000e-01  000000
8.580000e-01  000000
8.610000e-01  000000
8.640000e-01  000000
8.670000e-01  000000
8.700000e-01  000000
8.730000e-01  000000
8.760000e-01  000000
8.790000e-01  000000
8.820000e-01  000000
8.850000e-01  000000
8.880000e-01  000000
8.910000e-01  000000
8.940000e-01  000000
8.970000e-01  000000
9.000000e-01  000000
9.030000e-01  000000
9.060000e-01  000000
9.090000e-01  000000
9.120000e-01  000000
9.150000e-01  000000
9.180000e-01  000000
9.210000e-01  000000
9.240000e-01  000000
9.270000e-01  000000
9.300000e-01  000000
9.330000e-01  000000
9.360000e-01  000000
9.390000e-01  000000
9.420000e-01  000000
9.450000e-01  000000
9.480000e-01  000000
9.510000e-01  000000
9.540000e-01  000000
9.570000e-01  000000
9.600000e-01  000000
9.630000e-01  000000
9.660000e-01  000000
9.690000e-01  000000
9.720000e-01  000000
9.750000e-01  000000
9.780000e-01  000000
9.810000e-01  000000
9.840000e-01  000000
9.870000e-01  000000
9.900000e-01  000000
9.930000e-01  000000
9.960000e-01  000000
9.990000e-01  000000
