000000  000001
3.000000e-03  8.548302e-01
6.000000e-03  7.794557e-01
9.000000e-03  7.288826e-01
1.200000e-02  6.911151e-01
1.500000e-02  6.611518e-01
1.800000e-02  6.364286e-01
2.100000e-02  6.154576e-01
2.400000e-02  5.972997e-01
2.700000e-02  5.813253e-01
3.000000e-02  5.670919e-01
3.300000e-02  5.542775e-01
3.600000e-02  5.426402e-01
3.900000e-02  5.319942e-01
4.200000e-02  5.221938e-01
4.500000e-02  5.131225e-01
4.800000e-02  5.046859e-01
5.100000e-02  4.968065e-01
5.400000e-02  4.894198e-01
5.700000e-02  4.824717e-01
6.000000e-02  4.759164e-01
6.300000e-02  4.697147e-01
6.600000e-02  4.638328e-01
6.900000e-02  4.582416e-01
7.200000e-02  4.529156e-01
7.500000e-02  4.478323e-01
7.800000e-02  4.429721e-01
8.100000e-02  4.383176e-01
8.400000e-02  4.338531e-01
8.700000e-02  4.295648e-01
9.000000e-02  4.254402e-01
9.300000e-02  4.214681e-01
9.600000e-02  4.176385e-01
9.900000e-02  4.139420e-01
1.020000e-01  4.103704e-01
1.050000e-01  4.069160e-01
1.080000e-01  4.035720e-01
1.110000e-01  4.003319e-01
1.140000e-01  3.971899e-01
1.170000e-01  3.941407e-01
1.200000e-01  3.911792e-01
1.230000e-01  3.883008e-01
1.260000e-01  3.855015e-01
1.290000e-01  3.827771e-01
1.320000e-01  3.801241e-01
1.350000e-01  3.775390e-01
1.380000e-01  3.750187e-01
1.410000e-01  3.725602e-01
1.440000e-01  3.701608e-01
1.470000e-01  3.678177e-01
1.500000e-01  3.655288e-01
1.530000e-01  3.632915e-01
1.560000e-01  3.611039e-01
1.590000e-01  3.589638e-01
1.620000e-01  3.568694e-01
1.650000e-01  3.548189e-01
1.680000e-01  3.528106e-01
1.710000e-01  3.508429e-01
1.740000e-01  3.489142e-01
1.770000e-01  3.470233e-01
1.800000e-01  3.451686e-01
1.830000e-01  3.433489e-01
1.860000e-01  3.415630e-01
1.890000e-01  3.398098e-01
1.920000e-01  3.380880e-01
1.950000e-01  3.363968e-01
1.980000e-01  3.347350e-01
2.010000e-01  3.331017e-01
2.040000e-01  3.314961e-01
2.070000e-01  3.299171e-01
2.100000e-01  3.283641e-01
2.130000e-01  3.268363e-01
2.160000e-01  3.253327e-01
2.190000e-01  3.238529e-01
2.220000e-01  3.223959e-01
2.250000e-01  3.209613e-01
2.280000e-01  3.195482e-01
2.310000e-01  3.181562e-01
2.340000e-01  3.167847e-01
2.370000e-01  3.154330e-01
2.400000e-01  3.141007e-01
2.430000e-01  3.127872e-01
2.460000e-01  3.114920e-01
2.490000e-01  3.102147e-01
2.520000e-01  3.089547e-01
2.550000e-01  3.077117e-01
2.580000e-01  3.064851e-01
2.610000e-01  3.052747e-01
2.640000e-01  3.040799e-01
2.670000e-01  3.029005e-01
2.700000e-01  3.017360e-01
2.730000e-01  3.005860e-01
2.760000e-01  2.994503e-01
2.790000e-01  2.983285e-01
2.820000e-01  2.972202e-01
2.850000e-01  2.961252e-01
2.880000e-01  2.950432e-01
2.910000e-01  2.939738e-01
2.940000e-01  2.929168e-01
2.970000e-01  2.918720e-01
3.000000e-01  2.908389e-01
3.030000e-01  2.898175e-01
3.060000e-01  2.888074e-01
3.090000e-01  2.878084e-01
3.120000e-01  2.868202e-01
3.150000e-01  2.858427e-01
3.180000e-01  2.848756e-01
3.210000e-01  2.839187e-01
3.240000e-01  2.829718e-01
3.270000e-01  2.820347e-01
3.300000e-01  2.811072e-01
3.330000e-01  2.801891e-01
3.360000e-01  2.792802e-01
3.390000e-01  2.783804e-01
3.420000e-01  2.774895e-01
3.450000e-01  2.766072e-01
3.480000e-01  2.757335e-01
3.510000e-01  2.748682e-01
3.540000e-01  2.740110e-01
3.570000e-01  2.731620e-01
3.600000e-01  2.723208e-01
3.630000e-01  2.714875e-01
3.660000e-01  2.706618e-01
3.690000e-01  2.698435e-01
3.720000e-01  2.690327e-01
3.750000e-01  2.682291e-01
3.780000e-01  2.674325e-01
3.810000e-01  2.666430e-01
3.840000e-01  2.658603e-01
3.870000e-01  2.650844e-01
3.900000e-01  2.643151e-01
3.930000e-01  2.635524e-01
3.960000e-01  2.627960e-01
3.990000e-01  2.620460e-01
4.020000e-01  2.613021e-01
4.050000e-01  2.605644e-01
4.080000e-01  2.598326e-01
4.110000e-01  2.591068e-01
4.140000e-01  2.583867e-01
4.170000e-01  2.576724e-01
4.200000e-01  2.569637e-01
4.230000e-01  2.562606e-01
4.260000e-01  2.555629e-01
4.290000e-01  2.548705e-01
4.320000e-01  2.541835e-01
4.350000e-01  2.535016e-01
4.380000e-01  2.528249e-01
4.410000e-01  2.521532e-01
4.440000e-01  2.514865e-01
4.470000e-01  2.508247e-01
4.500000e-01  2.501677e-01
4.530000e-01  2.495154e-01
4.560000e-01  2.488679e-01
4.590000e-01  2.482249e-01
4.620000e-01  2.475865e-01
4.650000e-01  2.469526e-01
4.680000e-01  2.463231e-01
4.710000e-01  2.456980e-01
4.740000e-01  2.450772e-01
4.770000e-01  2.444606e-01
4.800000e-01  2.438481e-01
4.830000e-01  2.432398e-01
4.860000e-01  2.426355e-01
4.890000e-01  2.420353e-01
4.920000e-01  2.414390e-01
4.950000e-01  2.408466e-01
4.980000e-01  2.402580e-01
5.010000e-01  2.396732e-01
5.040000e-01  2.390922e-01
5.070000e-01  2.385149e-01
5.100000e-01  2.379412e-01
5.130000e-01  2.373711e-01
5.160000e-01  2.368045e-01
5.190000e-01  2.362415e-01
5.220000e-01  2.356819e-01
5.250000e-01  2.351257e-01
5.280000e-01  2.345729e-01
5.310000e-01  2.340234e-01
5.340000e-01  2.334772e-01
5.370000e-01  2.329343e-01
5.400000e-01  2.323945e-01
5.430000e-01  2.318580e-01
5.460000e-01  2.313245e-01
5.490000e-01  2.307941e-01
5.520000e-01  2.302668e-01
5.550000e-01  2.297424e-01
5.580000e-01  2.292211e-01
5.610000e-01  2.287027e-01
5.640000e-01  2.281872e-01
5.670000e-01  2.276745e-01
5.700000e-01  2.271647e-01
5.730000e-01  2.266577e-01
5.760000e-01  2.261534e-01
5.790000e-01  2.256519e-01
5.820000e-01  2.251531e-01
5.850000e-01  2.246569e-01
5.880000e-01  2.241634e-01
5.910000e-01  2.236725e-01
5.940000e-01  2.231842e-01
5.970000e-01  2.226984e-01
6.000000e-01  2.222152e-01
6.030000e-01  2.217344e-01
6.060000e-01  2.212561e-01
6.090000e-01  2.207802e-01
6.120000e-01  2.203068e-01
6.150000e-01  2.198357e-01
6.180000e-01  2.193670e-01
6.210000e-01  2.189005e-01
6.240000e-01  2.184365e-01
6.270000e-01  2.179746e-01
6.300000e-01  2.175151e-01
6.330000e-01  2.170577e-01
6.360000e-01  2.166026e-01
6.390000e-01  2.161496e-01
6.420000e-01  2.156988e-01
6.450000e-01  2.152501e-01
6.480000e-01  2.148035e-01
6.510000e-01  2.143591e-01
6.540000e-01  2.139167e-01
6.570000e-01  2.134763e-01
6.600000e-01  2.130379e-01
6.630000e-01  2.126016e-01
6.660000e-01  2.121672e-01
6.690000e-01  2.117348e-01
6.720000e-01  2.113043e-01
6.750000e-01  2.108758e-01
6.780000e-01  2.104491e-01
6.810000e-01  2.100243e-01
6.840000e-01  2.096014e-01
6.870000e-01  2.091803e-01
6.900000e-01  2.087610e-01
6.930000e-01  2.083436e-01
6.960000e-01  2.079279e-01
6.990000e-01  2.075140e-01
7.020000e-01  2.071018e-01
7.050000e-01  2.066914e-01
7.080000e-01  2.062827e-01
7.110000e-01  2.058757e-01
7.140000e-01  2.054703e-01
7.170000e-01  2.050666e-01
7.200000e-01  2.046646e-01
7.230000e-01  2.042642e-01
7.260000e-01  2.038654e-01
7.290000e-01  2.034682e-01
7.320000e-01  2.030726e-01
7.350000e-01  2.026786e-01
7.380000e-01  2.022861e-01
7.410000e-01  2.018951e-01
7.440000e-01  2.015057e-01
7.470000e-01  2.011178e-01
7.500000e-01  2.007314e-01
7.530000e-01  2.003464e-01
7.560000e-01  1.999629e-01
7.590000e-01  1.995809e-01
7.620000e-01  1.992003e-01
7.650000e-01  1.988211e-01
7.680000e-01  1.984433e-01
7.710000e-01  1.980670e-01
7.740000e-01  1.976920e-01
7.770000e-01  1.973183e-01
7.800000e-01  1.969461e-01
7.830000e-01  1.965752e-01
7.860000e-01  1.962056e-01
7.890000e-01  1.958373e-01
7.920000e-01  1.954703e-01
7.950000e-01  1.951047e-01
7.980000e-01  1.947403e-01
8.010000e-01  1.943772e-01
8.040000e-01  1.940153e-01
8.070000e-01  1.936547e-01
8.100000e-01  1.932953e-01
8.130000e-01  1.929372e-01
8.160000e-01  1.925802e-01
8.190000e-01  1.922245e-01
8.220000e-01  1.918699e-01
8.250000e-01  1.915166e-01
8.280000e-01  1.911644e-01
8.310000e-01  1.908133e-01
8.340000e-01  1.904634e-01
8.370000e-01  1.901147e-01
8.400000e-01  1.897670e-01
8.430000e-01  1.894205e-01
8.460000e-01  1.890751e-01
8.490000e-01  1.887308e-01
8.520000e-01  1.883876e-01
8.550000e-01  1.880454e-01
8.580000e-01  1.877043e-01
8.610000e-01  1.873643e-01
8.640000e-01  1.870253e-01
8.670000e-01  1.866874e-01
8.700000e-01  1.863505e-01
8.730000e-01  1.860146e-01
8.760000e-01  1.856797e-01
8.790000e-01  1.853459e-01
8.820000e-01  1.850130e-01
8.850000e-01  1.846811e-01
8.880000e-01  1.843501e-01
8.910000e-01  1.840202e-01
8.940000e-01  1.836912e-01
8.970000e-01  1.833631e-01
9.000000e-01  1.830360e-01
9.030000e-01  1.827098e-01
9.060000e-01  1.823846e-01
9.090000e-01  1.820602e-01
9.120000e-01  1.817368e-01
9.150000e-01  1.814143e-01
9.180000e-01  1.810926e-01
9.210000e-01  1.807719e-01
9.240000e-01  1.804520e-01
9.270000e-01  1.801329e-01
9.300000e-01  1.798148e-01
9.330000e-01  1.794975e-01
9.360000e-01  1.791810e-01
9.390000e-01  1.788654e-01
9.420000e-01  1.785506e-01
9.450000e-01  1.782366e-01
9.480000e-01  1.779234e-01
9.510000e-01  1.776111e-01
9.540000e-01  1.772995e-01
9.570000e-01  1.769887e-01
9.600000e-01  1.766788e-01
9.630000e-01  1.763696e-01
9.660000e-01  1.760611e-01
9.690000e-01  1.757535e-01
9.720000e-01  1.754465e-01
9.750000e-01  1.751404e-01
9.780000e-01  1.748350e-01
9.810000e-01  1.745303e-01
9.840000e-01  1.742263e-01
9.870000e-01  1.739231e-01
9.900000e-01  1.736206e-01
9.930000e-01  1.733188e-01
9.960000e-01  1.730177e-01
9.990000e-01  1.727173e-01
