000000  000001
3.000000e-03  8.866573e-01
6.000000e-03  8.202863e-01
9.000000e-03  7.735785e-01
1.200000e-02  7.377401e-01
1.500000e-02  7.087946e-01
1.800000e-02  6.846025e-01
2.100000e-02  6.638809e-01
2.400000e-02  6.458003e-01
2.700000e-02  6.297938e-01
3.000000e-02  6.154576e-01
3.300000e-02  6.024936e-01
3.600000e-02  5.906760e-01
3.900000e-02  5.798297e-01
4.200000e-02  5.698161e-01
4.500000e-02  5.605240e-01
4.800000e-02  5.518625e-01
5.100000e-02  5.437566e-01
5.400000e-02  5.361437e-01
5.700000e-02  5.289711e-01
6.000000e-02  5.221938e-01
6.300000e-02  5.157733e-01
6.600000e-02  5.096764e-01
6.900000e-02  5.038741e-01
7.200000e-02  4.983411e-01
7.500000e-02  4.930551e-01
7.800000e-02  4.879966e-01
8.100000e-02  4.831481e-01
8.400000e-02  4.784940e-01
8.700000e-02  4.740204e-01
9.000000e-02  4.697147e-01
9.300000e-02  4.655656e-01
9.600000e-02  4.615630e-01
9.900000e-02  4.576975e-01
1.020000e-01  4.539607e-01
1.050000e-01  4.503449e-01
1.080000e-01  4.468430e-01
1.110000e-01  4.434486e-01
1.140000e-01  4.401558e-01
1.170000e-01  4.369589e-01
1.200000e-01  4.338531e-01
1.230000e-01  4.308335e-01
1.260000e-01  4.278959e-01
1.290000e-01  4.250363e-01
1.320000e-01  4.222509e-01
1.350000e-01  4.195361e-01
1.380000e-01  4.168888e-01
1.410000e-01  4.143059e-01
1.440000e-01  4.117845e-01
1.470000e-01  4.093221e-01
1.500000e-01  4.069160e-01
1.530000e-01  4.045640e-01
1.560000e-01  4.022638e-01
1.590000e-01  4.000134e-01
1.620000e-01  3.978107e-01
1.650000e-01  3.956540e-01
1.680000e-01  3.935415e-01
1.710000e-01  3.914715e-01
1.740000e-01  3.894425e-01
1.770000e-01  3.874529e-01
1.800000e-01  3.855015e-01
1.830000e-01  3.835868e-01
1.860000e-01  3.817075e-01
1.890000e-01  3.798626e-01
1.920000e-01  3.780508e-01
1.950000e-01  3.762710e-01
1.980000e-01  3.745222e-01
2.010000e-01  3.728034e-01
2.040000e-01  3.711136e-01
2.070000e-01  3.694520e-01
2.100000e-01  3.678177e-01
2.130000e-01  3.662099e-01
2.160000e-01  3.646278e-01
2.190000e-01  3.630706e-01
2.220000e-01  3.615375e-01
2.250000e-01  3.600280e-01
2.280000e-01  3.585413e-01
2.310000e-01  3.570768e-01
2.340000e-01  3.556339e-01
2.370000e-01  3.542120e-01
2.400000e-01  3.528106e-01
2.430000e-01  3.514290e-01
2.460000e-01  3.500668e-01
2.490000e-01  3.487235e-01
2.520000e-01  3.473985e-01
2.550000e-01  3.460915e-01
2.580000e-01  3.448019e-01
2.610000e-01  3.435293e-01
2.640000e-01  3.422734e-01
2.670000e-01  3.410337e-01
2.700000e-01  3.398098e-01
2.730000e-01  3.386013e-01
2.760000e-01  3.374079e-01
2.790000e-01  3.362293e-01
2.820000e-01  3.350650e-01
2.850000e-01  3.339149e-01
2.880000e-01  3.327784e-01
2.910000e-01  3.316554e-01
2.940000e-01  3.305456e-01
2.970000e-01  3.294486e-01
3.000000e-01  3.283641e-01
3.030000e-01  3.272920e-01
3.060000e-01  3.262320e-01
3.090000e-01  3.251837e-01
3.120000e-01  3.241470e-01
3.150000e-01  3.231216e-01
3.180000e-01  3.221072e-01
3.210000e-01  3.211037e-01
3.240000e-01  3.201109e-01
3.270000e-01  3.191285e-01
3.300000e-01  3.181562e-01
3.330000e-01  3.171940e-01
3.360000e-01  3.162417e-01
3.390000e-01  3.152989e-01
3.420000e-01  3.143657e-01
3.450000e-01  3.134416e-01
3.480000e-01  3.125267e-01
3.510000e-01  3.116207e-01
3.540000e-01  3.107235e-01
3.570000e-01  3.098349e-01
3.600000e-01  3.089547e-01
3.630000e-01  3.080828e-01
3.660000e-01  3.072191e-01
3.690000e-01  3.063634e-01
3.720000e-01  3.055155e-01
3.750000e-01  3.046754e-01
3.780000e-01  3.038428e-01
3.810000e-01  3.030177e-01
3.840000e-01  3.022000e-01
3.870000e-01  3.013895e-01
3.900000e-01  3.005860e-01
3.930000e-01  2.997895e-01
3.960000e-01  2.989999e-01
3.990000e-01  2.982170e-01
4.020000e-01  2.974408e-01
4.050000e-01  2.966711e-01
4.080000e-01  2.959078e-01
4.110000e-01  2.951508e-01
4.140000e-01  2.944001e-01
4.170000e-01  2.936554e-01
4.200000e-01  2.929168e-01
4.230000e-01  2.921842e-01
4.260000e-01  2.914573e-01
4.290000e-01  2.907363e-01
4.320000e-01  2.900209e-01
4.350000e-01  2.893110e-01
4.380000e-01  2.886067e-01
4.410000e-01  2.879078e-01
4.440000e-01  2.872142e-01
4.470000e-01  2.865259e-01
4.500000e-01  2.858427e-01
4.530000e-01  2.851647e-01
4.560000e-01  2.844916e-01
4.590000e-01  2.838236e-01
4.620000e-01  2.831604e-01
4.650000e-01  2.825020e-01
4.680000e-01  2.818485e-01
4.710000e-01  2.811995e-01
4.740000e-01  2.805552e-01
4.770000e-01  2.799155e-01
4.800000e-01  2.792802e-01
4.830000e-01  2.786494e-01
4.860000e-01  2.780230e-01
4.890000e-01  2.774008e-01
4.920000e-01  2.767830e-01
4.950000e-01  2.761693e-01
4.980000e-01  2.755598e-01
5.010000e-01  2.749543e-01
5.040000e-01  2.743529e-01
5.070000e-01  2.737555e-01
5.100000e-01  2.731620e-01
5.130000e-01  2.725724e-01
5.160000e-01  2.719866e-01
5.190000e-01  2.714046e-01
5.220000e-01  2.708263e-01
5.250000e-01  2.702517e-01
5.280000e-01  2.696808e-01
5.310000e-01  2.691134e-01
5.340000e-01  2.685496e-01
5.370000e-01  2.679894e-01
5.400000e-01  2.674325e-01
5.430000e-01  2.668791e-01
5.460000e-01  2.663291e-01
5.490000e-01  2.657824e-01
5.520000e-01  2.652391e-01
5.550000e-01  2.646989e-01
5.580000e-01  2.641621e-01
5.610000e-01  2.636284e-01
5.640000e-01  2.630978e-01
5.670000e-01  2.625703e-01
5.700000e-01  2.620460e-01
5.730000e-01  2.615246e-01
5.760000e-01  2.610063e-01
5.790000e-01  2.604909e-01
5.820000e-01  2.599785e-01
5.850000e-01  2.594690e-01
5.880000e-01  2.589623e-01
5.910000e-01  2.584585e-01
5.940000e-01  2.579575e-01
5.970000e-01  2.574592e-01
6.000000e-01  2.569637e-01
6.030000e-01  2.564710e-01
6.060000e-01  2.559808e-01
6.090000e-01  2.554934e-01
6.120000e-01  2.550086e-01
6.150000e-01  2.545263e-01
6.180000e-01  2.540467e-01
6.210000e-01  2.535696e-01
6.240000e-01  2.530950e-01
6.270000e-01  2.526229e-01
6.300000e-01  2.521532e-01
6.330000e-01  2.516860e-01
6.360000e-01  2.512212e-01
6.390000e-01  2.507588e-01
6.420000e-01  2.502987e-01
6.450000e-01  2.498410e-01
6.480000e-01  2.493856e-01
6.510000e-01  2.489324e-01
6.540000e-01  2.484816e-01
6.570000e-01  2.480329e-01
6.600000e-01  2.475865e-01
6.630000e-01  2.471423e-01
6.660000e-01  2.467003e-01
6.690000e-01  2.462604e-01
6.720000e-01  2.458227e-01
6.750000e-01  2.453870e-01
6.780000e-01  2.449535e-01
6.810000e-01  2.445220e-01
6.840000e-01  2.440926e-01
6.870000e-01  2.436652e-01
6.900000e-01  2.432398e-01
6.930000e-01  2.428164e-01
6.960000e-01  2.423950e-01
6.990000e-01  2.419755e-01
7.020000e-01  2.415579e-01
7.050000e-01  2.411423e-01
7.080000e-01  2.407286e-01
7.110000e-01  2.403167e-01
7.140000e-01  2.399067e-01
7.170000e-01  2.394985e-01
7.200000e-01  2.390922e-01
7.230000e-01  2.386877e-01
7.260000e-01  2.382850e-01
7.290000e-01  2.378840e-01
7.320000e-01  2.374848e-01
7.350000e-01  2.370874e-01
7.380000e-01  2.366916e-01
7.410000e-01  2.362976e-01
7.440000e-01  2.359053e-01
7.470000e-01  2.355147e-01
7.500000e-01  2.351257e-01
7.530000e-01  2.347384e-01
7.560000e-01  2.343527e-01
7.590000e-01  2.339687e-01
7.620000e-01  2.335862e-01
7.650000e-01  2.332054e-01
7.680000e-01  2.328261e-01
7.710000e-01  2.324484e-01
7.740000e-01  2.320722e-01
7.770000e-01  2.316976e-01
7.800000e-01  2.313245e-01
7.830000e-01  2.309529e-01
7.860000e-01  2.305828e-01
7.890000e-01  2.302142e-01
7.920000e-01  2.298471e-01
7.950000e-01  2.294814e-01
7.980000e-01  2.291172e-01
8.010000e-01  2.287544e-01
8.040000e-01  2.283930e-01
8.070000e-01  2.280331e-01
8.100000e-01  2.276745e-01
8.130000e-01  2.273173e-01
8.160000e-01  2.269616e-01
8.190000e-01  2.266071e-01
8.220000e-01  2.262541e-01
8.250000e-01  2.259023e-01
8.280000e-01  2.255519e-01
8.310000e-01  2.252028e-01
8.340000e-01  2.248551e-01
8.370000e-01  2.245086e-01
8.400000e-01  2.241634e-01
8.430000e-01  2.238195e-01
8.460000e-01  2.234769e-01
8.490000e-01  2.231355e-01
8.520000e-01  2.227954e-01
8.550000e-01  2.224565e-01
8.580000e-01  2.221188e-01
8.610000e-01  2.217824e-01
8.640000e-01  2.214471e-01
8.670000e-01  2.211131e-01
8.700000e-01  2.207802e-01
8.730000e-01  2.204486e-01
8.760000e-01  2.201180e-01
8.790000e-01  2.197887e-01
8.820000e-01  2.194605e-01
8.850000e-01  2.191335e-01
8.880000e-01  2.188075e-01
8.910000e-01  2.184828e-01
8.940000e-01  2.181591e-01
8.970000e-01  2.178365e-01
9.000000e-01  2.175151e-01
9.030000e-01  2.171947e-01
9.060000e-01  2.168754e-01
9.090000e-01  2.165572e-01
9.120000e-01  2.162400e-01
9.150000e-01  2.159239e-01
9.180000e-01  2.156089e-01
9.210000e-01  2.152949e-01
9.240000e-01  2.149819e-01
9.270000e-01  2.146700e-01
9.300000e-01  2.143591e-01
9.330000e-01  2.140492e-01
9.360000e-01  2.137403e-01
9.390000e-01  2.134324e-01
9.420000e-01  2.131254e-01
9.450000e-01  2.128195e-01
9.480000e-01  2.125145e-01
9.510000e-01  2.122106e-01
9.540000e-01  2.119075e-01
9.570000e-01  2.116054e-01
9.600000e-01  2.113043e-01
9.630000e-01  2.110041e-01
9.660000e-01  2.107049e-01
9.690000e-01  2.104065e-01
9.720000e-01  2.101091e-01
9.750000e-01  2.098126e-01
9.780000e-01  2.095170e-01
9.810000e-01  2.092223e-01
9.840000e-01  2.089285e-01
9.870000e-01  2.086356e-01
9.900000e-01  2.083436e-01
9.930000e-01  2.080524e-01
9.960000e-01  2.077621e-01
9.990000e-01  2.074727e-01
