000000  000001
3.000000e-03  7.553886e-01
6.000000e-03  6.647221e-01
9.000000e-03  6.096671e-01
1.200000e-02  5.706568e-01
1.500000e-02  5.407220e-01
1.800000e-02  5.165918e-01
2.100000e-02  4.964755e-01
2.400000e-02  4.792901e-01
2.700000e-02  4.643324e-01
3.000000e-02  4.511210e-01
3.300000e-02  4.393128e-01
3.600000e-02  4.286546e-01
3.900000e-02  4.189550e-01
4.200000e-02  4.100655e-01
4.500000e-02  4.018689e-01
4.800000e-02  3.942714e-01
5.100000e-02  3.871963e-01
5.400000e-02  3.805805e-01
5.700000e-02  3.743715e-01
6.000000e-02  3.685250e-01
6.300000e-02  3.630034e-01
6.600000e-02  3.577745e-01
6.900000e-02  3.528106e-01
7.200000e-02  3.480875e-01
7.500000e-02  3.435843e-01
7.800000e-02  3.392825e-01
8.100000e-02  3.351657e-01
8.400000e-02  3.312196e-01
8.700000e-02  3.274312e-01
9.000000e-02  3.237890e-01
9.300000e-02  3.202828e-01
9.600000e-02  3.169032e-01
9.900000e-02  3.136417e-01
1.020000e-01  3.104909e-01
1.050000e-01  3.074436e-01
1.080000e-01  3.044937e-01
1.110000e-01  3.016354e-01
1.140000e-01  2.988633e-01
1.170000e-01  2.961726e-01
1.200000e-01  2.935588e-01
1.230000e-01  2.910177e-01
1.260000e-01  2.885457e-01
1.290000e-01  2.861391e-01
1.320000e-01  2.837946e-01
1.350000e-01  2.815093e-01
1.380000e-01  2.792802e-01
1.410000e-01  2.771048e-01
1.440000e-01  2.749806e-01
1.470000e-01  2.729051e-01
1.500000e-01  2.708764e-01
1.530000e-01  2.688924e-01
1.560000e-01  2.669511e-01
1.590000e-01  2.650508e-01
1.620000e-01  2.631898e-01
1.650000e-01  2.613666e-01
1.680000e-01  2.595795e-01
1.710000e-01  2.578272e-01
1.740000e-01  2.561084e-01
1.770000e-01  2.544219e-01
1.800000e-01  2.527663e-01
1.830000e-01  2.511406e-01
1.860000e-01  2.495437e-01
1.890000e-01  2.479746e-01
1.920000e-01  2.464323e-01
1.950000e-01  2.449159e-01
1.980000e-01  2.434245e-01
2.010000e-01  2.419573e-01
2.040000e-01  2.405134e-01
2.070000e-01  2.390922e-01
2.100000e-01  2.376929e-01
2.130000e-01  2.363147e-01
2.160000e-01  2.349571e-01
2.190000e-01  2.336194e-01
2.220000e-01  2.323010e-01
2.250000e-01  2.310013e-01
2.280000e-01  2.297197e-01
2.310000e-01  2.284558e-01
2.340000e-01  2.272089e-01
2.370000e-01  2.259787e-01
2.400000e-01  2.247646e-01
2.430000e-01  2.235662e-01
2.460000e-01  2.223830e-01
2.490000e-01  2.212146e-01
2.520000e-01  2.200607e-01
2.550000e-01  2.189208e-01
2.580000e-01  2.177945e-01
2.610000e-01  2.166816e-01
2.640000e-01  2.155815e-01
2.670000e-01  2.144941e-01
2.700000e-01  2.134190e-01
2.730000e-01  2.123558e-01
2.760000e-01  2.113043e-01
2.790000e-01  2.102642e-01
2.820000e-01  2.092351e-01
2.850000e-01  2.082169e-01
2.880000e-01  2.072092e-01
2.910000e-01  2.062118e-01
2.940000e-01  2.052244e-01
2.970000e-01  2.042468e-01
3.000000e-01  2.032788e-01
3.030000e-01  2.023202e-01
3.060000e-01  2.013706e-01
3.090000e-01  2.004300e-01
3.120000e-01  1.994980e-01
3.150000e-01  1.985746e-01
3.180000e-01  1.976594e-01
3.210000e-01  1.967524e-01
3.240000e-01  1.958533e-01
3.270000e-01  1.949619e-01
3.300000e-01  1.940781e-01
3.330000e-01  1.932017e-01
3.360000e-01  1.923326e-01
3.390000e-01  1.914706e-01
3.420000e-01  1.906154e-01
3.450000e-01  1.897670e-01
3.480000e-01  1.889253e-01
3.510000e-01  1.880900e-01
3.540000e-01  1.872610e-01
3.570000e-01  1.864383e-01
3.600000e-01  1.856216e-01
3.630000e-01  1.848108e-01
3.660000e-01  1.840059e-01
3.690000e-01  1.832066e-01
3.720000e-01  1.824128e-01
3.750000e-01  1.816245e-01
3.780000e-01  1.808415e-01
3.810000e-01  1.800637e-01
3.840000e-01  1.792910e-01
3.870000e-01  1.785232e-01
3.900000e-01  1.777604e-01
3.930000e-01  1.770022e-01
3.960000e-01  1.762488e-01
3.990000e-01  1.754999e-01
4.020000e-01  1.747554e-01
4.050000e-01  1.740153e-01
4.080000e-01  1.732795e-01
4.110000e-01  1.725478e-01
4.140000e-01  1.718202e-01
4.170000e-01  1.710966e-01
4.200000e-01  1.703769e-01
4.230000e-01  1.696610e-01
4.260000e-01  1.689488e-01
4.290000e-01  1.682402e-01
4.320000e-01  1.675352e-01
4.350000e-01  1.668336e-01
4.380000e-01  1.661354e-01
4.410000e-01  1.654405e-01
4.440000e-01  1.647489e-01
4.470000e-01  1.640604e-01
4.500000e-01  1.633749e-01
4.530000e-01  1.626924e-01
4.560000e-01  1.620129e-01
4.590000e-01  1.613362e-01
4.620000e-01  1.606622e-01
4.650000e-01  1.599909e-01
4.680000e-01  1.593222e-01
4.710000e-01  1.586561e-01
4.740000e-01  1.579925e-01
4.770000e-01  1.573312e-01
4.800000e-01  1.566723e-01
4.830000e-01  1.560156e-01
4.860000e-01  1.553611e-01
4.890000e-01  1.547087e-01
4.920000e-01  1.540583e-01
4.950000e-01  1.534100e-01
4.980000e-01  1.527635e-01
5.010000e-01  1.521189e-01
5.040000e-01  1.514760e-01
5.070000e-01  1.508348e-01
5.100000e-01  1.501953e-01
5.130000e-01  1.495573e-01
5.160000e-01  1.489208e-01
5.190000e-01  1.482857e-01
5.220000e-01  1.476520e-01
5.250000e-01  1.470195e-01
5.280000e-01  1.463883e-01
5.310000e-01  1.457581e-01
5.340000e-01  1.451291e-01
5.370000e-01  1.445010e-01
5.400000e-01  1.438739e-01
5.430000e-01  1.432476e-01
5.460000e-01  1.426220e-01
5.490000e-01  1.419971e-01
5.520000e-01  1.413729e-01
5.550000e-01  1.407492e-01
5.580000e-01  1.401260e-01
5.610000e-01  1.395031e-01
5.640000e-01  1.388805e-01
5.670000e-01  1.382581e-01
5.700000e-01  1.376359e-01
5.730000e-01  000000
5.760000e-01  000000
5.790000e-01  000000
5.820000e-01  000000
5.850000e-01  000000
5.880000e-01  000000
5.910000e-01  000000
5.940000e-01  000000
5.970000e-01  000000
6.000000e-01  000000
6.030000e-01  000000
6.060000e-01  000000
6.090000e-01  000000
6.120000e-01  000000
6.150000e-01  000000
6.180000e-01  000000
6.210000e-01  000000
6.240000e-01  000000
6.270000e-01  000000
6.300000e-01  000000
6.330000e-01  000000
6.360000e-01  000000
6.390000e-01  000000
6.420000e-01  000000
6.450000e-01  000000
6.480000e-01  000000
6.510000e-01  000000
6.540000e-01  000000
6.570000e-01  000000
6.600000e-01  000000
6.630000e-01  000000
6.660000e-01  000000
6.690000e-01  000000
6.720000e-01  000000
6.750000e-01  000000
6.780000e-01  000000
6.810000e-01  000000
6.840000e-01  000000
6.870000e-01  000000
6.900000e-01  000000
6.930000e-01  000000
6.960000e-01  000000
6.990000e-01  000000
7.020000e-01  000000
7.050000e-01  000000
7.080000e-01  000000
7.110000e-01  000000
7.140000e-01  000000
7.170000e-01  000000
7.200000e-01  000000
7.230000e-01  000000
7.260000e-01  000000
7.290000e-01  000000
7.320000e-01  000000
7.350000e-01  000000
7.380000e-01  000000
7.410000e-01  000000
7.440000e-01  000000
7.470000e-01  000000
7.500000e-01  000000
7.530000e-01  000000
7.560000e-01  000000
7.590000e-01  000000
7.620000e-01  000000
7.650000e-01  000000
7.680000e-01  000000
7.710000e-01  000000
7.740000e-01  000000
7.770000e-01  000000
7.800000e-01  000000
7.830000e-01  000000
7.860000e-01  000000
7.890000e-01  000000
7.920000e-01  000000
7.950000e-01  000000
7.980000e-01  000000
8.010000e-01  000000
8.040000e-01  000000
8.070000e-01  000000
8.100000e-01  000000
8.130000e-01  000000
8.160000e-01  000000
8.190000e-01  000000
8.220000e-01  000000
8.250000e-01  000000
8.280000e-01  000000
8.310000e-01  000000
8.340000e-01  000000
8.370000e-01  000000
8.400000e-01  000000
8.430000e-01  000000
8.460000e-01  000000
8.490000e-01  000000
8.520000e-01  000000
8.550000e-01  000000
8.580000e-01  000000
8.610000e-01  000000
8.640000e-01  000000
8.670000e-01  000000
8.700000e-01  000000
8.730000e-01  000000
8.760000e-01  000000
8.790000e-01  000000
8.820000e-01  000000
8.850000e-01  000000
8.880000e-01  000000
8.910000e-01  000000
8.940000e-01  000000
8.970000e-01  000000
9.000000e-01  000000
9.030000e-01  000000
9.060000e-01  000000
9.090000e-01  000000
9.120000e-01  000000
9.150000e-01  000000
9.180000e-01  000000
9.210000e-01  000000
9.240000e-01  000000
9.270000e-01  000000
9.300000e-01  000000
9.330000e-01  000000
9.360000e-01  000000
9.390000e-01  000000
9.420000e-01  000000
9.450000e-01  000000
9.480000e-01  000000
9.510000e-01  000000
9.540000e-01  000000
9.570000e-01  000000
9.600000e-01  000000
9.630000e-01  000000
9.660000e-01  000000
9.690000e-01  000000
9.720000e-01  000000
9.750000e-01  000000
9.780000e-01  000000
9.810000e-01  000000
9.840000e-01  000000
9.870000e-01  000000
9.900000e-01  000000
9.930000e-01  000000
9.960000e-01  000000
9.990000e-01  000000
