000000  000001
3.000000e-03  6.759514e-01
6.000000e-03  5.819284e-01
9.000000e-03  5.275853e-01
1.200000e-02  4.899939e-01
1.500000e-02  4.615630e-01
1.800000e-02  4.388658e-01
2.100000e-02  4.200735e-01
2.400000e-02  4.040999e-01
2.700000e-02  3.902493e-01
3.000000e-02  3.780508e-01
3.300000e-02  3.671715e-01
3.600000e-02  3.573680e-01
3.900000e-02  3.484570e-01
4.200000e-02  3.402975e-01
4.500000e-02  3.327784e-01
4.800000e-02  3.258113e-01
5.100000e-02  3.193241e-01
5.400000e-02  3.132579e-01
5.700000e-02  3.075636e-01
6.000000e-02  3.022000e-01
6.300000e-02  2.971321e-01
6.600000e-02  2.923302e-01
6.900000e-02  2.877686e-01
7.200000e-02  2.834251e-01
7.500000e-02  2.792802e-01
7.800000e-02  2.753171e-01
8.100000e-02  2.715207e-01
8.400000e-02  2.678777e-01
8.700000e-02  2.643764e-01
9.000000e-02  2.610063e-01
9.300000e-02  2.577579e-01
9.600000e-02  2.546226e-01
9.900000e-02  2.515928e-01
1.020000e-01  2.486616e-01
1.050000e-01  2.458227e-01
1.080000e-01  2.430702e-01
1.110000e-01  2.403989e-01
1.140000e-01  2.378040e-01
1.170000e-01  2.352811e-01
1.200000e-01  2.328261e-01
1.230000e-01  2.304352e-01
1.260000e-01  2.281049e-01
1.290000e-01  2.258321e-01
1.320000e-01  2.236138e-01
1.350000e-01  2.214471e-01
1.380000e-01  2.193296e-01
1.410000e-01  2.172587e-01
1.440000e-01  2.152322e-01
1.470000e-01  2.132481e-01
1.500000e-01  2.113043e-01
1.530000e-01  2.093990e-01
1.560000e-01  2.075305e-01
1.590000e-01  2.056971e-01
1.620000e-01  2.038973e-01
1.650000e-01  2.021295e-01
1.680000e-01  2.003925e-01
1.710000e-01  1.986849e-01
1.740000e-01  1.970055e-01
1.770000e-01  1.953532e-01
1.800000e-01  1.937267e-01
1.830000e-01  1.921251e-01
1.860000e-01  1.905473e-01
1.890000e-01  1.889924e-01
1.920000e-01  1.874594e-01
1.950000e-01  1.859476e-01
1.980000e-01  1.844559e-01
2.010000e-01  1.829838e-01
2.040000e-01  1.815303e-01
2.070000e-01  1.800947e-01
2.100000e-01  1.786764e-01
2.130000e-01  1.772746e-01
2.160000e-01  1.758887e-01
2.190000e-01  1.745181e-01
2.220000e-01  1.731621e-01
2.250000e-01  1.718202e-01
2.280000e-01  1.704918e-01
2.310000e-01  1.691763e-01
2.340000e-01  1.678731e-01
2.370000e-01  1.665819e-01
2.400000e-01  1.653019e-01
2.430000e-01  1.640329e-01
2.460000e-01  1.627742e-01
2.490000e-01  1.615254e-01
2.520000e-01  1.602859e-01
2.550000e-01  1.590555e-01
2.580000e-01  1.578335e-01
2.610000e-01  1.566196e-01
2.640000e-01  1.554134e-01
2.670000e-01  1.542142e-01
2.700000e-01  1.530219e-01
2.730000e-01  1.518358e-01
2.760000e-01  1.506556e-01
2.790000e-01  1.494809e-01
2.820000e-01  1.483111e-01
2.850000e-01  1.471459e-01
2.880000e-01  1.459849e-01
2.910000e-01  1.448275e-01
2.940000e-01  1.436734e-01
2.970000e-01  1.425220e-01
3.000000e-01  1.413729e-01
3.030000e-01  1.402256e-01
3.060000e-01  1.390797e-01
3.090000e-01  1.379346e-01
3.120000e-01  000000
3.150000e-01  000000
3.180000e-01  000000
3.210000e-01  000000
3.240000e-01  000000
3.270000e-01  000000
3.300000e-01  000000
3.330000e-01  000000
3.360000e-01  000000
3.390000e-01  000000
3.420000e-01  000000
3.450000e-01  000000
3.480000e-01  000000
3.510000e-01  000000
3.540000e-01  000000
3.570000e-01  000000
3.600000e-01  000000
3.630000e-01  000000
3.660000e-01  000000
3.690000e-01  000000
3.720000e-01  000000
3.750000e-01  000000
3.780000e-01  000000
3.810000e-01  000000
3.840000e-01  000000
3.870000e-01  000000
3.900000e-01  000000
3.930000e-01  000000
3.960000e-01  000000
3.990000e-01  000000
4.020000e-01  000000
4.050000e-01  000000
4.080000e-01  000000
4.110000e-01  000000
4.140000e-01  000000
4.170000e-01  000000
4.200000e-01  000000
4.230000e-01  000000
4.260000e-01  000000
4.290000e-01  000000
4.320000e-01  000000
4.350000e-01  000000
4.380000e-01  000000
4.410000e-01  000000
4.440000e-01  000000
4.470000e-01  000000
4.500000e-01  000000
4.530000e-01  000000
4.560000e-01  000000
4.590000e-01  000000
4.620000e-01  000000
4.650000e-01  000000
4.680000e-01  000000
4.710000e-01  000000
4.740000e-01  000000
4.770000e-01  000000
4.800000e-01  000000
4.830000e-01  000000
4.860000e-01  000000
4.890000e-01  000000
4.920000e-01  000000
4.950000e-01  000000
4.980000e-01  000000
5.010000e-01  000000
5.040000e-01  000000
5.070000e-01  000000
5.100000e-01  000000
5.130000e-01  000000
5.160000e-01  000000
5.190000e-01  000000
5.220000e-01  000000
5.250000e-01  000000
5.280000e-01  000000
5.310000e-01  000000
5.340000e-01  000000
5.370000e-01  000000
5.400000e-01  000000
5.430000e-01  000000
5.460000e-01  000000
5.490000e-01  000000
5.520000e-01  000000
5.550000e-01  000000
5.580000e-01  000000
5.610000e-01  000000
5.640000e-01  000000
5.670000e-01  000000
5.700000e-01  000000
5.730000e-01  000000
5.760000e-01  000000
5.790000e-01  000000
5.820000e-01  000000
5.850000e-01  000000
5.880000e-01  000000
5.910000e-01  000000
5.940000e-01  000000
5.970000e-01  000000
6.000000e-01  000000
6.030000e-01  000000
6.060000e-01  000000
6.090000e-01  000000
6.120000e-01  000000
6.150000e-01  000000
6.180000e-01  000000
6.210000e-01  000000
6.240000e-01  000000
6.270000e-01  000000
6.300000e-01  000000
6.330000e-01  000000
6.360000e-01  000000
6.390000e-01  000000
6.420000e-01  000000
6.450000e-01  000000
6.480000e-01  000000
6.510000e-01  000000
6.540000e-01  000000
6.570000e-01  000000
6.600000e-01  000000
6.630000e-01  000000
6.660000e-01  000000
6.690000e-01  000000
6.720000e-01  000000
6.750000e-01  000000
6.780000e-01  000000
6.810000e-01  000000
6.840000e-01  000000
6.870000e-01  000000
6.900000e-01  000000
6.930000e-01  000000
6.960000e-01  000000
6.990000e-01  000000
7.020000e-01  000000
7.050000e-01  000000
7.080000e-01  000000
7.110000e-01  000000
7.140000e-01  000000
7.170000e-01  000000
7.200000e-01  000000
7.230000e-01  000000
7.260000e-01  000000
7.290000e-01  000000
7.320000e-01  000000
7.350000e-01  000000
7.380000e-01  000000
7.410000e-01  000000
7.440000e-01  000000
7.470000e-01  000000
7.500000e-01  000000
7.530000e-01  000000
7.560000e-01  000000
7.590000e-01  000000
7.620000e-01  000000
7.650000e-01  000000
7.680000e-01  000000
7.710000e-01  000000
7.740000e-01  000000
7.770000e-01  000000
7.800000e-01  000000
7.830000e-01  000000
7.860000e-01  000000
7.890000e-01  000000
7.920000e-01  000000
7.950000e-01  000000
7.980000e-01  000000
8.010000e-01  000000
8.040000e-01  000000
8.070000e-01  000000
8.100000e-01  000000
8.130000e-01  000000
8.160000e-01  000000
8.190000e-01  000000
8.220000e-01  000000
8.250000e-01  000000
8.280000e-01  000000
8.310000e-01  000000
8.340000e-01  000000
8.370000e-01  000000
8.400000e-01  000000
8.430000e-01  000000
8.460000e-01  000000
8.490000e-01  000000
8.520000e-01  000000
8.550000e-01  000000
8.580000e-01  000000
8.610000e-01  000000
8.640000e-01  000000
8.670000e-01  000000
8.700000e-01  000000
8.730000e-01  000000
8.760000e-01  000000
8.790000e-01  000000
8.820000e-01  000000
8.850000e-01  000000
8.880000e-01  000000
8.910000e-01  000000
8.940000e-01  000000
8.970000e-01  000000
9.000000e-01  000000
9.030000e-01  000000
9.060000e-01  000000
9.090000e-01  000000
9.120000e-01  000000
9.150000e-01  000000
9.180000e-01  000000
9.210000e-01  000000
9.240000e-01  000000
9.270000e-01  000000
9.300000e-01  000000
9.330000e-01  000000
9.360000e-01  000000
9.390000e-01  000000
9.420000e-01  000000
9.450000e-01  000000
9.480000e-01  000000
9.510000e-01  000000
9.540000e-01  000000
9.570000e-01  000000
9.600000e-01  000000
9.630000e-01  000000
9.660000e-01  000000
9.690000e-01  000000
9.720000e-01  000000
9.750000e-01  000000
9.780000e-01  000000
9.810000e-01  000000
9.840000e-01  000000
9.870000e-01  000000
9.900000e-01  000000
9.930000e-01  000000
9.960000e-01  000000
9.990000e-01  000000
