000000  000001
3.000000e-03  8.666283e-01
6.000000e-03  7.942897e-01
9.000000e-03  7.449492e-01
1.200000e-02  7.077627e-01
1.500000e-02  6.780827e-01
1.800000e-02  6.534882e-01
2.100000e-02  6.325587e-01
2.400000e-02  6.143904e-01
2.700000e-02  5.983737e-01
3.000000e-02  5.840782e-01
3.300000e-02  5.711892e-01
3.600000e-02  5.594697e-01
3.900000e-02  5.487371e-01
4.200000e-02  5.388477e-01
4.500000e-02  5.296864e-01
4.800000e-02  5.211600e-01
5.100000e-02  5.131913e-01
5.400000e-02  5.057167e-01
5.700000e-02  4.986821e-01
6.000000e-02  4.920420e-01
6.300000e-02  4.857573e-01
6.600000e-02  4.797944e-01
6.900000e-02  4.741241e-01
7.200000e-02  4.687209e-01
7.500000e-02  4.635624e-01
7.800000e-02  4.586289e-01
8.100000e-02  4.539028e-01
8.400000e-02  4.493687e-01
8.700000e-02  4.450126e-01
9.000000e-02  4.408219e-01
9.300000e-02  4.367854e-01
9.600000e-02  4.328929e-01
9.900000e-02  4.291353e-01
1.020000e-01  4.255039e-01
1.050000e-01  4.219914e-01
1.080000e-01  4.185905e-01
1.110000e-01  4.152950e-01
1.140000e-01  4.120989e-01
1.170000e-01  4.089968e-01
1.200000e-01  4.059837e-01
1.230000e-01  4.030550e-01
1.260000e-01  4.002064e-01
1.290000e-01  3.974339e-01
1.320000e-01  3.947338e-01
1.350000e-01  3.921027e-01
1.380000e-01  3.895374e-01
1.410000e-01  3.870349e-01
1.440000e-01  3.845924e-01
1.470000e-01  3.822072e-01
1.500000e-01  3.798770e-01
1.530000e-01  3.775993e-01
1.560000e-01  3.753721e-01
1.590000e-01  3.731932e-01
1.620000e-01  3.710609e-01
1.650000e-01  3.689731e-01
1.680000e-01  3.669283e-01
1.710000e-01  3.649248e-01
1.740000e-01  3.629611e-01
1.770000e-01  3.610358e-01
1.800000e-01  3.591473e-01
1.830000e-01  3.572945e-01
1.860000e-01  3.554762e-01
1.890000e-01  3.536910e-01
1.920000e-01  3.519380e-01
1.950000e-01  3.502160e-01
1.980000e-01  3.485241e-01
2.010000e-01  3.468612e-01
2.040000e-01  3.452265e-01
2.070000e-01  3.436190e-01
2.100000e-01  3.420379e-01
2.130000e-01  3.404824e-01
2.160000e-01  3.389518e-01
2.190000e-01  3.374453e-01
2.220000e-01  3.359622e-01
2.250000e-01  3.345018e-01
2.280000e-01  3.330635e-01
2.310000e-01  3.316466e-01
2.340000e-01  3.302506e-01
2.370000e-01  3.288749e-01
2.400000e-01  3.275189e-01
2.430000e-01  3.261822e-01
2.460000e-01  3.248641e-01
2.490000e-01  3.235643e-01
2.520000e-01  3.222821e-01
2.550000e-01  3.210173e-01
2.580000e-01  3.197693e-01
2.610000e-01  3.185378e-01
2.640000e-01  3.173223e-01
2.670000e-01  3.161224e-01
2.700000e-01  3.149377e-01
2.730000e-01  3.137680e-01
2.760000e-01  3.126128e-01
2.790000e-01  3.114718e-01
2.820000e-01  3.103446e-01
2.850000e-01  3.092310e-01
2.880000e-01  3.081307e-01
2.910000e-01  3.070433e-01
2.940000e-01  3.059685e-01
2.970000e-01  3.049061e-01
3.000000e-01  3.038559e-01
3.030000e-01  3.028175e-01
3.060000e-01  3.017906e-01
3.090000e-01  3.007752e-01
3.120000e-01  2.997708e-01
3.150000e-01  2.987773e-01
3.180000e-01  2.977945e-01
3.210000e-01  2.968221e-01
3.240000e-01  2.958599e-01
3.270000e-01  2.949078e-01
3.300000e-01  2.939655e-01
3.330000e-01  2.930328e-01
3.360000e-01  2.921095e-01
3.390000e-01  2.911955e-01
3.420000e-01  2.902906e-01
3.450000e-01  2.893946e-01
3.480000e-01  2.885073e-01
3.510000e-01  2.876286e-01
3.540000e-01  2.867583e-01
3.570000e-01  2.858963e-01
3.600000e-01  2.850424e-01
3.630000e-01  2.841964e-01
3.660000e-01  2.833583e-01
3.690000e-01  2.825279e-01
3.720000e-01  2.817050e-01
3.750000e-01  2.808895e-01
3.780000e-01  2.800813e-01
3.810000e-01  2.792802e-01
3.840000e-01  2.784862e-01
3.870000e-01  2.776991e-01
3.900000e-01  2.769188e-01
3.930000e-01  2.761452e-01
3.960000e-01  2.753782e-01
3.990000e-01  2.746176e-01
4.020000e-01  2.738634e-01
4.050000e-01  2.731154e-01
4.080000e-01  2.723736e-01
4.110000e-01  2.716378e-01
4.140000e-01  2.709080e-01
4.170000e-01  2.701841e-01
4.200000e-01  2.694659e-01
4.230000e-01  2.687534e-01
4.260000e-01  2.680466e-01
4.290000e-01  2.673452e-01
4.320000e-01  2.666492e-01
4.350000e-01  2.659586e-01
4.380000e-01  2.652732e-01
4.410000e-01  2.645930e-01
4.440000e-01  2.639179e-01
4.470000e-01  2.632479e-01
4.500000e-01  2.625828e-01
4.530000e-01  2.619225e-01
4.560000e-01  2.612671e-01
4.590000e-01  2.606165e-01
4.620000e-01  2.599705e-01
4.650000e-01  2.593291e-01
4.680000e-01  2.586922e-01
4.710000e-01  2.580598e-01
4.740000e-01  2.574319e-01
4.770000e-01  2.568082e-01
4.800000e-01  2.561889e-01
4.830000e-01  2.555738e-01
4.860000e-01  2.549629e-01
4.890000e-01  2.543561e-01
4.920000e-01  2.537534e-01
4.950000e-01  2.531546e-01
4.980000e-01  2.525599e-01
5.010000e-01  2.519690e-01
5.040000e-01  2.513819e-01
5.070000e-01  2.507987e-01
5.100000e-01  2.502192e-01
5.130000e-01  2.496435e-01
5.160000e-01  2.490713e-01
5.190000e-01  2.485028e-01
5.220000e-01  2.479379e-01
5.250000e-01  2.473764e-01
5.280000e-01  2.468184e-01
5.310000e-01  2.462639e-01
5.340000e-01  2.457127e-01
5.370000e-01  2.451649e-01
5.400000e-01  2.446204e-01
5.430000e-01  2.440791e-01
5.460000e-01  2.435411e-01
5.490000e-01  2.430062e-01
5.520000e-01  2.424745e-01
5.550000e-01  2.419458e-01
5.580000e-01  2.414203e-01
5.610000e-01  2.408977e-01
5.640000e-01  2.403782e-01
5.670000e-01  2.398616e-01
5.700000e-01  2.393480e-01
5.730000e-01  2.388372e-01
5.760000e-01  2.383293e-01
5.790000e-01  2.378242e-01
5.820000e-01  2.373219e-01
5.850000e-01  2.368223e-01
5.880000e-01  2.363255e-01
5.910000e-01  2.358314e-01
5.940000e-01  2.353399e-01
5.970000e-01  2.348511e-01
6.000000e-01  2.343649e-01
6.030000e-01  2.338812e-01
6.060000e-01  2.334001e-01
6.090000e-01  2.329215e-01
6.120000e-01  2.324454e-01
6.150000e-01  2.319718e-01
6.180000e-01  2.315006e-01
6.210000e-01  2.310318e-01
6.240000e-01  2.305654e-01
6.270000e-01  2.301013e-01
6.300000e-01  2.296396e-01
6.330000e-01  2.291802e-01
6.360000e-01  2.287230e-01
6.390000e-01  2.282682e-01
6.420000e-01  2.278155e-01
6.450000e-01  2.273651e-01
6.480000e-01  2.269168e-01
6.510000e-01  2.264707e-01
6.540000e-01  2.260268e-01
6.570000e-01  2.255850e-01
6.600000e-01  2.251453e-01
6.630000e-01  2.247076e-01
6.660000e-01  2.242720e-01
6.690000e-01  2.238384e-01
6.720000e-01  2.234069e-01
6.750000e-01  2.229773e-01
6.780000e-01  2.225498e-01
6.810000e-01  2.221241e-01
6.840000e-01  2.217004e-01
6.870000e-01  2.212786e-01
6.900000e-01  2.208587e-01
6.930000e-01  2.204407e-01
6.960000e-01  2.200246e-01
6.990000e-01  2.196102e-01
7.020000e-01  2.191977e-01
7.050000e-01  2.187871e-01
7.080000e-01  2.183781e-01
7.110000e-01  2.179710e-01
7.140000e-01  2.175656e-01
7.170000e-01  2.171620e-01
7.200000e-01  2.167600e-01
7.230000e-01  2.163598e-01
7.260000e-01  2.159612e-01
7.290000e-01  2.155643e-01
7.320000e-01  2.151691e-01
7.350000e-01  2.147755e-01
7.380000e-01  2.143835e-01
7.410000e-01  2.139931e-01
7.440000e-01  2.136044e-01
7.470000e-01  2.132172e-01
7.500000e-01  2.128315e-01
7.530000e-01  2.124474e-01
7.560000e-01  2.120649e-01
7.590000e-01  2.116838e-01
7.620000e-01  2.113043e-01
7.650000e-01  2.109263e-01
7.680000e-01  2.105497e-01
7.710000e-01  2.101746e-01
7.740000e-01  2.098010e-01
7.770000e-01  2.094288e-01
7.800000e-01  2.090580e-01
7.830000e-01  2.086886e-01
7.860000e-01  2.083206e-01
7.890000e-01  2.079540e-01
7.920000e-01  2.075888e-01
7.950000e-01  2.072250e-01
7.980000e-01  2.068625e-01
8.010000e-01  2.065013e-01
8.040000e-01  2.061415e-01
8.070000e-01  2.057830e-01
8.100000e-01  2.054257e-01
8.130000e-01  2.050698e-01
8.160000e-01  2.047152e-01
8.190000e-01  2.043618e-01
8.220000e-01  2.040097e-01
8.250000e-01  2.036588e-01
8.280000e-01  2.033092e-01
8.310000e-01  2.029608e-01
8.340000e-01  2.026136e-01
8.370000e-01  2.022676e-01
8.400000e-01  2.019228e-01
8.430000e-01  2.015792e-01
8.460000e-01  2.012368e-01
8.490000e-01  2.008955e-01
8.520000e-01  2.005554e-01
8.550000e-01  2.002164e-01
8.580000e-01  1.998786e-01
8.610000e-01  1.995419e-01
8.640000e-01  1.992063e-01
8.670000e-01  1.988718e-01
8.700000e-01  1.985384e-01
8.730000e-01  1.982061e-01
8.760000e-01  1.978749e-01
8.790000e-01  1.975447e-01
8.820000e-01  1.972156e-01
8.850000e-01  1.968876e-01
8.880000e-01  1.965606e-01
8.910000e-01  1.962346e-01
8.940000e-01  1.959097e-01
8.970000e-01  1.955858e-01
9.000000e-01  1.952629e-01
9.030000e-01  1.949410e-01
9.060000e-01  1.946200e-01
9.090000e-01  1.943001e-01
9.120000e-01  1.939812e-01
9.150000e-01  1.936632e-01
9.180000e-01  1.933462e-01
9.210000e-01  1.930301e-01
9.240000e-01  1.927150e-01
9.270000e-01  1.924008e-01
9.300000e-01  1.920875e-01
9.330000e-01  1.917752e-01
9.360000e-01  1.914638e-01
9.390000e-01  1.911533e-01
9.420000e-01  1.908437e-01
9.450000e-01  1.905350e-01
9.480000e-01  1.902271e-01
9.510000e-01  1.899202e-01
9.540000e-01  1.896141e-01
9.570000e-01  1.893089e-01
9.600000e-01  1.890045e-01
9.630000e-01  1.887010e-01
9.660000e-01  1.883984e-01
9.690000e-01  1.880965e-01
9.720000e-01  1.877955e-01
9.750000e-01  1.874954e-01
9.780000e-01  1.871960e-01
9.810000e-01  1.868975e-01
9.840000e-01  1.865998e-01
9.870000e-01  1.863028e-01
9.900000e-01  1.860067e-01
9.930000e-01  1.857113e-01
9.960000e-01  1.854168e-01
9.990000e-01  1.851230e-01
