000000  000001
3.000000e-03  9.716230e-01
6.000000e-03  9.473542e-01
9.000000e-03  9.261384e-01
1.200000e-02  9.072848e-01
1.500000e-02  8.903154e-01
1.800000e-02  8.748850e-01
2.100000e-02  8.607360e-01
2.400000e-02  8.476707e-01
2.700000e-02  8.355342e-01
3.000000e-02  8.242026e-01
3.300000e-02  8.135753e-01
3.600000e-02  8.035696e-01
3.900000e-02  7.941164e-01
4.200000e-02  7.851576e-01
4.500000e-02  7.766438e-01
4.800000e-02  7.685326e-01
5.100000e-02  7.607875e-01
5.400000e-02  7.533764e-01
5.700000e-02  7.462716e-01
6.000000e-02  7.394485e-01
6.300000e-02  7.328854e-01
6.600000e-02  7.265630e-01
6.900000e-02  7.204639e-01
7.200000e-02  7.145727e-01
7.500000e-02  7.088755e-01
7.800000e-02  7.033596e-01
8.100000e-02  6.980137e-01
8.400000e-02  6.928273e-01
8.700000e-02  6.877910e-01
9.000000e-02  6.828962e-01
9.300000e-02  6.781348e-01
9.600000e-02  6.734996e-01
9.900000e-02  6.689838e-01
1.020000e-01  6.645813e-01
1.050000e-01  6.602863e-01
1.080000e-01  6.560934e-01
1.110000e-01  6.519978e-01
1.140000e-01  6.479948e-01
1.170000e-01  6.440801e-01
1.200000e-01  6.402497e-01
1.230000e-01  6.365000e-01
1.260000e-01  6.328273e-01
1.290000e-01  6.292284e-01
1.320000e-01  6.257001e-01
1.350000e-01  6.222397e-01
1.380000e-01  6.188444e-01
1.410000e-01  6.155116e-01
1.440000e-01  6.122388e-01
1.470000e-01  6.090238e-01
1.500000e-01  6.058645e-01
1.530000e-01  6.027586e-01
1.560000e-01  5.997044e-01
1.590000e-01  5.967000e-01
1.620000e-01  5.937436e-01
1.650000e-01  5.908335e-01
1.680000e-01  5.879682e-01
1.710000e-01  5.851462e-01
1.740000e-01  5.823660e-01
1.770000e-01  5.796263e-01
1.800000e-01  5.769257e-01
1.830000e-01  5.742630e-01
1.860000e-01  5.716371e-01
1.890000e-01  5.690468e-01
1.920000e-01  5.664909e-01
1.950000e-01  5.639685e-01
1.980000e-01  5.614786e-01
2.010000e-01  5.590202e-01
2.040000e-01  5.565923e-01
2.070000e-01  5.541942e-01
2.100000e-01  5.518249e-01
2.130000e-01  5.494837e-01
2.160000e-01  5.471697e-01
2.190000e-01  5.448823e-01
2.220000e-01  5.426206e-01
2.250000e-01  5.403840e-01
2.280000e-01  5.381719e-01
2.310000e-01  5.359835e-01
2.340000e-01  5.338182e-01
2.370000e-01  5.316755e-01
2.400000e-01  5.295548e-01
2.430000e-01  5.274555e-01
2.460000e-01  5.253770e-01
2.490000e-01  5.233188e-01
2.520000e-01  5.212805e-01
2.550000e-01  5.192615e-01
2.580000e-01  5.172614e-01
2.610000e-01  5.152797e-01
2.640000e-01  5.133159e-01
2.670000e-01  5.113697e-01
2.700000e-01  5.094406e-01
2.730000e-01  5.075281e-01
2.760000e-01  5.056320e-01
2.790000e-01  5.037518e-01
2.820000e-01  5.018871e-01
2.850000e-01  5.000376e-01
2.880000e-01  4.982029e-01
2.910000e-01  4.963828e-01
2.940000e-01  4.945768e-01
2.970000e-01  4.927846e-01
3.000000e-01  4.910060e-01
3.030000e-01  4.892406e-01
3.060000e-01  4.874881e-01
3.090000e-01  4.857482e-01
3.120000e-01  4.840207e-01
3.150000e-01  4.823053e-01
3.180000e-01  4.806016e-01
3.210000e-01  4.789095e-01
3.240000e-01  4.772287e-01
3.270000e-01  4.755589e-01
3.300000e-01  4.738999e-01
3.330000e-01  4.722514e-01
3.360000e-01  4.706133e-01
3.390000e-01  4.689852e-01
3.420000e-01  4.673670e-01
3.450000e-01  4.657584e-01
3.480000e-01  4.641593e-01
3.510000e-01  4.625693e-01
3.540000e-01  4.609884e-01
3.570000e-01  4.594163e-01
3.600000e-01  4.578528e-01
3.630000e-01  4.562977e-01
3.660000e-01  4.547509e-01
3.690000e-01  4.532121e-01
3.720000e-01  4.516811e-01
3.750000e-01  4.501578e-01
3.780000e-01  4.486420e-01
3.810000e-01  4.471336e-01
3.840000e-01  4.456322e-01
3.870000e-01  4.441379e-01
3.900000e-01  4.426504e-01
3.930000e-01  4.411695e-01
3.960000e-01  4.396951e-01
3.990000e-01  4.382271e-01
4.020000e-01  4.367652e-01
4.050000e-01  4.353093e-01
4.080000e-01  4.338593e-01
4.110000e-01  4.324151e-01
4.140000e-01  4.309764e-01
4.170000e-01  4.295431e-01
4.200000e-01  4.281150e-01
4.230000e-01  4.266921e-01
4.260000e-01  4.252742e-01
4.290000e-01  4.238611e-01
4.320000e-01  4.224528e-01
4.350000e-01  4.210489e-01
4.380000e-01  4.196495e-01
4.410000e-01  4.182544e-01
4.440000e-01  4.168635e-01
4.470000e-01  4.154765e-01
4.500000e-01  4.140934e-01
4.530000e-01  4.127141e-01
4.560000e-01  4.113384e-01
4.590000e-01  4.099661e-01
4.620000e-01  4.085972e-01
4.650000e-01  4.072315e-01
4.680000e-01  4.058688e-01
4.710000e-01  4.045091e-01
4.740000e-01  4.031522e-01
4.770000e-01  4.017980e-01
4.800000e-01  4.004463e-01
4.830000e-01  3.990970e-01
4.860000e-01  3.977500e-01
4.890000e-01  3.964051e-01
4.920000e-01  3.950623e-01
4.950000e-01  3.937213e-01
4.980000e-01  3.923820e-01
5.010000e-01  3.910443e-01
5.040000e-01  3.897081e-01
5.070000e-01  3.883732e-01
5.100000e-01  3.870394e-01
5.130000e-01  3.857067e-01
5.160000e-01  3.843749e-01
5.190000e-01  3.830438e-01
5.220000e-01  3.817133e-01
5.250000e-01  3.803832e-01
5.280000e-01  3.790534e-01
5.310000e-01  000000
5.340000e-01  000000
5.370000e-01  000000
5.400000e-01  000000
5.430000e-01  000000
5.460000e-01  000000
5.490000e-01  000000
5.520000e-01  000000
5.550000e-01  000000
5.580000e-01  000000
5.610000e-01  000000
5.640000e-01  000000
5.670000e-01  000000
5.700000e-01  000000
5.730000e-01  000000
5.760000e-01  000000
5.790000e-01  000000
5.820000e-01  000000
5.850000e-01  000000
5.880000e-01  000000
5.910000e-01  000000
5.940000e-01  000000
5.970000e-01  000000
6.000000e-01  000000
6.030000e-01  000000
6.060000e-01  000000
6.090000e-01  000000
6.120000e-01  000000
6.150000e-01  000000
6.180000e-01  000000
6.210000e-01  000000
6.240000e-01  000000
6.270000e-01  000000
6.300000e-01  000000
6.330000e-01  000000
6.360000e-01  000000
6.390000e-01  000000
6.420000e-01  000000
6.450000e-01  000000
6.480000e-01  000000
6.510000e-01  000000
6.540000e-01  000000
6.570000e-01  000000
6.600000e-01  000000
6.630000e-01  000000
6.660000e-01  000000
6.690000e-01  000000
6.720000e-01  000000
6.750000e-01  000000
6.780000e-01  000000
6.810000e-01  000000
6.840000e-01  000000
6.870000e-01  000000
6.900000e-01  000000
6.930000e-01  000000
6.960000e-01  000000
6.990000e-01  000000
7.020000e-01  000000
7.050000e-01  000000
7.080000e-01  000000
7.110000e-01  000000
7.140000e-01  000000
7.170000e-01  000000
7.200000e-01  000000
7.230000e-01  000000
7.260000e-01  000000
7.290000e-01  000000
7.320000e-01  000000
7.350000e-01  000000
7.380000e-01  000000
7.410000e-01  000000
7.440000e-01  000000
7.470000e-01  000000
7.500000e-01  000000
7.530000e-01  000000
7.560000e-01  000000
7.590000e-01  000000
7.620000e-01  000000
7.650000e-01  000000
7.680000e-01  000000
7.710000e-01  000000
7.740000e-01  000000
7.770000e-01  000000
7.800000e-01  000000
7.830000e-01  000000
7.860000e-01  000000
7.890000e-01  000000
7.920000e-01  000000
7.950000e-01  000000
7.980000e-01  000000
8.010000e-01  000000
8.040000e-01  000000
8.070000e-01  000000
8.100000e-01  000000
8.130000e-01  000000
8.160000e-01  000000
8.190000e-01  000000
8.220000e-01  000000
8.250000e-01  000000
8.280000e-01  000000
8.310000e-01  000000
8.340000e-01  000000
8.370000e-01  000000
8.400000e-01  000000
8.430000e-01  000000
8.460000e-01  000000
8.490000e-01  000000
8.520000e-01  000000
8.550000e-01  000000
8.580000e-01  000000
8.610000e-01  000000
8.640000e-01  000000
8.670000e-01  000000
8.700000e-01  000000
8.730000e-01  000000
8.760000e-01  000000
8.790000e-01  000000
8.820000e-01  000000
8.850000e-01  000000
8.880000e-01  000000
8.910000e-01  000000
8.940000e-01  000000
8.970000e-01  000000
9.000000e-01  000000
9.030000e-01  000000
9.060000e-01  000000
9.090000e-01  000000
9.120000e-01  000000
9.150000e-01  000000
9.180000e-01  000000
9.210000e-01  000000
9.240000e-01  000000
9.270000e-01  000000
9.300000e-01  000000
9.330000e-01  000000
9.360000e-01  000000
9.390000e-01  000000
9.420000e-01  000000
9.450000e-01  000000
9.480000e-01  000000
9.510000e-01  000000
9.540000e-01  000000
9.570000e-01  000000
9.600000e-01  000000
9.630000e-01  000000
9.660000e-01  000000
9.690000e-01  000000
9.720000e-01  000000
9.750000e-01  000000
9.780000e-01  000000
9.810000e-01  000000
9.840000e-01  000000
9.870000e-01  000000
9.900000e-01  000000
9.930000e-01  000000
9.960000e-01  000000
9.990000e-01  000000
