000000  000001
3.000000e-03  9.676307e-01
6.000000e-03  9.404988e-01
9.000000e-03  9.171240e-01
1.200000e-02  8.965820e-01
1.500000e-02  8.782550e-01
1.800000e-02  8.617086e-01
2.100000e-02  8.466257e-01
2.400000e-02  8.327673e-01
2.700000e-02  8.199485e-01
3.000000e-02  8.080237e-01
3.300000e-02  7.968757e-01
3.600000e-02  7.864091e-01
3.900000e-02  7.765450e-01
4.200000e-02  7.672173e-01
4.500000e-02  7.583703e-01
4.800000e-02  7.499566e-01
5.100000e-02  7.419352e-01
5.400000e-02  7.342709e-01
5.700000e-02  7.269329e-01
6.000000e-02  7.198941e-01
6.300000e-02  7.131307e-01
6.600000e-02  7.066217e-01
6.900000e-02  7.003482e-01
7.200000e-02  6.942934e-01
7.500000e-02  6.884423e-01
7.800000e-02  6.827813e-01
8.100000e-02  6.772980e-01
8.400000e-02  6.719814e-01
8.700000e-02  6.668212e-01
9.000000e-02  6.618082e-01
9.300000e-02  6.569340e-01
9.600000e-02  6.521907e-01
9.900000e-02  6.475712e-01
1.020000e-01  6.430689e-01
1.050000e-01  6.386778e-01
1.080000e-01  6.343921e-01
1.110000e-01  6.302066e-01
1.140000e-01  6.261166e-01
1.170000e-01  6.221174e-01
1.200000e-01  6.182048e-01
1.230000e-01  6.143750e-01
1.260000e-01  6.106242e-01
1.290000e-01  6.069490e-01
1.320000e-01  6.033462e-01
1.350000e-01  5.998126e-01
1.380000e-01  5.963456e-01
1.410000e-01  5.929422e-01
1.440000e-01  5.896001e-01
1.470000e-01  5.863169e-01
1.500000e-01  5.830902e-01
1.530000e-01  5.799179e-01
1.560000e-01  5.767980e-01
1.590000e-01  5.737287e-01
1.620000e-01  5.707079e-01
1.650000e-01  5.677342e-01
1.680000e-01  5.648057e-01
1.710000e-01  5.619209e-01
1.740000e-01  5.590784e-01
1.770000e-01  5.562766e-01
1.800000e-01  5.535144e-01
1.830000e-01  5.507903e-01
1.860000e-01  5.481031e-01
1.890000e-01  5.454517e-01
1.920000e-01  5.428349e-01
1.950000e-01  5.402517e-01
1.980000e-01  5.377009e-01
2.010000e-01  5.351817e-01
2.040000e-01  5.326931e-01
2.070000e-01  5.302341e-01
2.100000e-01  5.278039e-01
2.130000e-01  5.254016e-01
2.160000e-01  5.230265e-01
2.190000e-01  5.206776e-01
2.220000e-01  5.183544e-01
2.250000e-01  5.160561e-01
2.280000e-01  5.137819e-01
2.310000e-01  5.115312e-01
2.340000e-01  5.093034e-01
2.370000e-01  5.070978e-01
2.400000e-01  5.049138e-01
2.430000e-01  5.027509e-01
2.460000e-01  5.006084e-01
2.490000e-01  4.984859e-01
2.520000e-01  4.963828e-01
2.550000e-01  4.942985e-01
2.580000e-01  4.922327e-01
2.610000e-01  4.901847e-01
2.640000e-01  4.881542e-01
2.670000e-01  4.861407e-01
2.700000e-01  4.841437e-01
2.730000e-01  4.821628e-01
2.760000e-01  4.801977e-01
2.790000e-01  4.782478e-01
2.820000e-01  4.763129e-01
2.850000e-01  4.743925e-01
2.880000e-01  4.724863e-01
2.910000e-01  4.705938e-01
2.940000e-01  4.687148e-01
2.970000e-01  4.668489e-01
3.000000e-01  4.649957e-01
3.030000e-01  4.631550e-01
3.060000e-01  4.613264e-01
3.090000e-01  4.595096e-01
3.120000e-01  4.577044e-01
3.150000e-01  4.559103e-01
3.180000e-01  4.541271e-01
3.210000e-01  4.523545e-01
3.240000e-01  4.505923e-01
3.270000e-01  4.488401e-01
3.300000e-01  4.470977e-01
3.330000e-01  4.453649e-01
3.360000e-01  4.436413e-01
3.390000e-01  4.419267e-01
3.420000e-01  4.402210e-01
3.450000e-01  4.385237e-01
3.480000e-01  4.368347e-01
3.510000e-01  4.351537e-01
3.540000e-01  4.334805e-01
3.570000e-01  4.318149e-01
3.600000e-01  4.301567e-01
3.630000e-01  4.285055e-01
3.660000e-01  4.268613e-01
3.690000e-01  4.252237e-01
3.720000e-01  4.235925e-01
3.750000e-01  4.219676e-01
3.780000e-01  4.203487e-01
3.810000e-01  4.187356e-01
3.840000e-01  4.171281e-01
3.870000e-01  4.155260e-01
3.900000e-01  4.139290e-01
3.930000e-01  4.123370e-01
3.960000e-01  4.107498e-01
3.990000e-01  4.091672e-01
4.020000e-01  4.075888e-01
4.050000e-01  4.060147e-01
4.080000e-01  4.044444e-01
4.110000e-01  4.028779e-01
4.140000e-01  4.013150e-01
4.170000e-01  3.997553e-01
4.200000e-01  3.981988e-01
4.230000e-01  3.966452e-01
4.260000e-01  3.950942e-01
4.290000e-01  3.935458e-01
4.320000e-01  3.919997e-01
4.350000e-01  3.904556e-01
4.380000e-01  3.889134e-01
4.410000e-01  3.873728e-01
4.440000e-01  3.858336e-01
4.470000e-01  3.842956e-01
4.500000e-01  3.827586e-01
4.530000e-01  3.812224e-01
4.560000e-01  3.796866e-01
4.590000e-01  3.781511e-01
4.620000e-01  000000
4.650000e-01  000000
4.680000e-01  000000
4.710000e-01  000000
4.740000e-01  000000
4.770000e-01  000000
4.800000e-01  000000
4.830000e-01  000000
4.860000e-01  000000
4.890000e-01  000000
4.920000e-01  000000
4.950000e-01  000000
4.980000e-01  000000
5.010000e-01  000000
5.040000e-01  000000
5.070000e-01  000000
5.100000e-01  000000
5.130000e-01  000000
5.160000e-01  000000
5.190000e-01  000000
5.220000e-01  000000
5.250000e-01  000000
5.280000e-01  000000
5.310000e-01  000000
5.340000e-01  000000
5.370000e-01  000000
5.400000e-01  000000
5.430000e-01  000000
5.460000e-01  000000
5.490000e-01  000000
5.520000e-01  000000
5.550000e-01  000000
5.580000e-01  000000
5.610000e-01  000000
5.640000e-01  000000
5.670000e-01  000000
5.700000e-01  000000
5.730000e-01  000000
5.760000e-01  000000
5.790000e-01  000000
5.820000e-01  000000
5.850000e-01  000000
5.880000e-01  000000
5.910000e-01  000000
5.940000e-01  000000
5.970000e-01  000000
6.000000e-01  000000
6.030000e-01  000000
6.060000e-01  000000
6.090000e-01  000000
6.120000e-01  000000
6.150000e-01  000000
6.180000e-01  000000
6.210000e-01  000000
6.240000e-01  000000
6.270000e-01  000000
6.300000e-01  000000
6.330000e-01  000000
6.360000e-01  000000
6.390000e-01  000000
6.420000e-01  000000
6.450000e-01  000000
6.480000e-01  000000
6.510000e-01  000000
6.540000e-01  000000
6.570000e-01  000000
6.600000e-01  000000
6.630000e-01  000000
6.660000e-01  000000
6.690000e-01  000000
6.720000e-01  000000
6.750000e-01  000000
6.780000e-01  000000
6.810000e-01  000000
6.840000e-01  000000
6.870000e-01  000000
6.900000e-01  000000
6.930000e-01  000000
6.960000e-01  000000
6.990000e-01  000000
7.020000e-01  000000
7.050000e-01  000000
7.080000e-01  000000
7.110000e-01  000000
7.140000e-01  000000
7.170000e-01  000000
7.200000e-01  000000
7.230000e-01  000000
7.260000e-01  000000
7.290000e-01  000000
7.320000e-01  000000
7.350000e-01  000000
7.380000e-01  000000
7.410000e-01  000000
7.440000e-01  000000
7.470000e-01  000000
7.500000e-01  000000
7.530000e-01  000000
7.560000e-01  000000
7.590000e-01  000000
7.620000e-01  000000
7.650000e-01  000000
7.680000e-01  000000
7.710000e-01  000000
7.740000e-01  000000
7.770000e-01  000000
7.800000e-01  000000
7.830000e-01  000000
7.860000e-01  000000
7.890000e-01  000000
7.920000e-01  000000
7.950000e-01  000000
7.980000e-01  000000
8.010000e-01  000000
8.040000e-01  000000
8.070000e-01  000000
8.100000e-01  000000
8.130000e-01  000000
8.160000e-01  000000
8.190000e-01  000000
8.220000e-01  000000
8.250000e-01  000000
8.280000e-01  000000
8.310000e-01  000000
8.340000e-01  000000
8.370000e-01  000000
8.400000e-01  000000
8.430000e-01  000000
8.460000e-01  000000
8.490000e-01  000000
8.520000e-01  000000
8.550000e-01  000000
8.580000e-01  000000
8.610000e-01  000000
8.640000e-01  000000
8.670000e-01  000000
8.700000e-01  000000
8.730000e-01  000000
8.760000e-01  000000
8.790000e-01  000000
8.820000e-01  000000
8.850000e-01  000000
8.880000e-01  000000
8.910000e-01  000000
8.940000e-01  000000
8.970000e-01  000000
9.000000e-01  000000
9.030000e-01  000000
9.060000e-01  000000
9.090000e-01  000000
9.120000e-01  000000
9.150000e-01  000000
9.180000e-01  000000
9.210000e-01  000000
9.240000e-01  000000
9.270000e-01  000000
9.300000e-01  000000
9.330000e-01  000000
9.360000e-01  000000
9.390000e-01  000000
9.420000e-01  000000
9.450000e-01  000000
9.480000e-01  000000
9.510000e-01  000000
9.540000e-01  000000
9.570000e-01  000000
9.600000e-01  000000
9.630000e-01  000000
9.660000e-01  000000
9.690000e-01  000000
9.720000e-01  000000
9.750000e-01  000000
9.780000e-01  000000
9.810000e-01  000000
9.840000e-01  000000
9.870000e-01  000000
9.900000e-01  000000
9.930000e-01  000000
9.960000e-01  000000
9.990000e-01  000000
