000000  000001
3.000000e-03  9.603225e-01
6.000000e-03  9.282347e-01
9.000000e-03  9.012668e-01
1.200000e-02  8.779958e-01
1.500000e-02  8.575239e-01
1.800000e-02  8.392463e-01
2.100000e-02  8.227361e-01
2.400000e-02  8.076802e-01
2.700000e-02  7.938421e-01
3.000000e-02  7.810386e-01
3.300000e-02  7.691249e-01
3.600000e-02  7.579846e-01
3.900000e-02  7.475228e-01
4.200000e-02  7.376606e-01
4.500000e-02  7.283325e-01
4.800000e-02  7.194828e-01
5.100000e-02  7.110641e-01
5.400000e-02  7.030358e-01
5.700000e-02  6.953625e-01
6.000000e-02  6.880134e-01
6.300000e-02  6.809618e-01
6.600000e-02  6.741837e-01
6.900000e-02  6.676580e-01
7.200000e-02  6.613662e-01
7.500000e-02  6.552913e-01
7.800000e-02  6.494183e-01
8.100000e-02  6.437337e-01
8.400000e-02  6.382252e-01
8.700000e-02  6.328815e-01
9.000000e-02  6.276927e-01
9.300000e-02  6.226495e-01
9.600000e-02  6.177433e-01
9.900000e-02  6.129664e-01
1.020000e-01  6.083117e-01
1.050000e-01  6.037727e-01
1.080000e-01  5.993431e-01
1.110000e-01  5.950174e-01
1.140000e-01  5.907904e-01
1.170000e-01  5.866572e-01
1.200000e-01  5.826133e-01
1.230000e-01  5.786545e-01
1.260000e-01  5.747768e-01
1.290000e-01  5.709765e-01
1.320000e-01  5.672503e-01
1.350000e-01  5.635949e-01
1.380000e-01  5.600072e-01
1.410000e-01  5.564843e-01
1.440000e-01  5.530237e-01
1.470000e-01  5.496227e-01
1.500000e-01  5.462790e-01
1.530000e-01  5.429902e-01
1.560000e-01  5.397542e-01
1.590000e-01  5.365691e-01
1.620000e-01  5.334328e-01
1.650000e-01  5.303436e-01
1.680000e-01  5.272996e-01
1.710000e-01  5.242993e-01
1.740000e-01  5.213411e-01
1.770000e-01  5.184234e-01
1.800000e-01  5.155449e-01
1.830000e-01  5.127041e-01
1.860000e-01  5.098997e-01
1.890000e-01  5.071306e-01
1.920000e-01  5.043954e-01
1.950000e-01  5.016931e-01
1.980000e-01  4.990226e-01
2.010000e-01  4.963828e-01
2.040000e-01  4.937726e-01
2.070000e-01  4.911912e-01
2.100000e-01  4.886375e-01
2.130000e-01  4.861107e-01
2.160000e-01  4.836100e-01
2.190000e-01  4.811343e-01
2.220000e-01  4.786831e-01
2.250000e-01  4.762554e-01
2.280000e-01  4.738505e-01
2.310000e-01  4.714677e-01
2.340000e-01  4.691063e-01
2.370000e-01  4.667656e-01
2.400000e-01  4.644450e-01
2.430000e-01  4.621437e-01
2.460000e-01  4.598613e-01
2.490000e-01  4.575969e-01
2.520000e-01  4.553502e-01
2.550000e-01  4.531204e-01
2.580000e-01  4.509071e-01
2.610000e-01  4.487097e-01
2.640000e-01  4.465277e-01
2.670000e-01  4.443605e-01
2.700000e-01  4.422076e-01
2.730000e-01  4.400686e-01
2.760000e-01  4.379429e-01
2.790000e-01  4.358302e-01
2.820000e-01  4.337298e-01
2.850000e-01  4.316413e-01
2.880000e-01  4.295644e-01
2.910000e-01  4.274985e-01
2.940000e-01  4.254433e-01
2.970000e-01  4.233982e-01
3.000000e-01  4.213628e-01
3.030000e-01  4.193368e-01
3.060000e-01  4.173197e-01
3.090000e-01  4.153112e-01
3.120000e-01  4.133107e-01
3.150000e-01  4.113178e-01
3.180000e-01  4.093323e-01
3.210000e-01  4.073536e-01
3.240000e-01  4.053814e-01
3.270000e-01  4.034153e-01
3.300000e-01  4.014548e-01
3.330000e-01  3.994995e-01
3.360000e-01  3.975492e-01
3.390000e-01  3.956032e-01
3.420000e-01  3.936613e-01
3.450000e-01  3.917230e-01
3.480000e-01  3.897878e-01
3.510000e-01  3.878555e-01
3.540000e-01  3.859255e-01
3.570000e-01  3.839973e-01
3.600000e-01  3.820707e-01
3.630000e-01  3.801450e-01
3.660000e-01  3.782199e-01
3.690000e-01  000000
3.720000e-01  000000
3.750000e-01  000000
3.780000e-01  000000
3.810000e-01  000000
3.840000e-01  000000
3.870000e-01  000000
3.900000e-01  000000
3.930000e-01  000000
3.960000e-01  000000
3.990000e-01  000000
4.020000e-01  000000
4.050000e-01  000000
4.080000e-01  000000
4.110000e-01  000000
4.140000e-01  000000
4.170000e-01  000000
4.200000e-01  000000
4.230000e-01  000000
4.260000e-01  000000
4.290000e-01  000000
4.320000e-01  000000
4.350000e-01  000000
4.380000e-01  000000
4.410000e-01  000000
4.440000e-01  000000
4.470000e-01  000000
4.500000e-01  000000
4.530000e-01  000000
4.560000e-01  000000
4.590000e-01  000000
4.620000e-01  000000
4.650000e-01  000000
4.680000e-01  000000
4.710000e-01  000000
4.740000e-01  000000
4.770000e-01  000000
4.800000e-01  000000
4.830000e-01  000000
4.860000e-01  000000
4.890000e-01  000000
4.920000e-01  000000
4.950000e-01  000000
4.980000e-01  000000
5.010000e-01  000000
5.040000e-01  000000
5.070000e-01  000000
5.100000e-01  000000
5.130000e-01  000000
5.160000e-01  000000
5.190000e-01  000000
5.220000e-01  000000
5.250000e-01  000000
5.280000e-01  000000
5.310000e-01  000000
5.340000e-01  000000
5.370000e-01  000000
5.400000e-01  000000
5.430000e-01  000000
5.460000e-01  000000
5.490000e-01  000000
5.520000e-01  000000
5.550000e-01  000000
5.580000e-01  000000
5.610000e-01  000000
5.640000e-01  000000
5.670000e-01  000000
5.700000e-01  000000
5.730000e-01  000000
5.760000e-01  000000
5.790000e-01  000000
5.820000e-01  000000
5.850000e-01  000000
5.880000e-01  000000
5.910000e-01  000000
5.940000e-01  000000
5.970000e-01  000000
6.000000e-01  000000
6.030000e-01  000000
6.060000e-01  000000
6.090000e-01  000000
6.120000e-01  000000
6.150000e-01  000000
6.180000e-01  000000
6.210000e-01  000000
6.240000e-01  000000
6.270000e-01  000000
6.300000e-01  000000
6.330000e-01  000000
6.360000e-01  000000
6.390000e-01  000000
6.420000e-01  000000
6.450000e-01  000000
6.480000e-01  000000
6.510000e-01  000000
6.540000e-01  000000
6.570000e-01  000000
6.600000e-01  000000
6.630000e-01  000000
6.660000e-01  000000
6.690000e-01  000000
6.720000e-01  000000
6.750000e-01  000000
6.780000e-01  000000
6.810000e-01  000000
6.840000e-01  000000
6.870000e-01  000000
6.900000e-01  000000
6.930000e-01  000000
6.960000e-01  000000
6.990000e-01  000000
7.020000e-01  000000
7.050000e-01  000000
7.080000e-01  000000
7.110000e-01  000000
7.140000e-01  000000
7.170000e-01  000000
7.200000e-01  000000
7.230000e-01  000000
7.260000e-01  000000
7.290000e-01  000000
7.320000e-01  000000
7.350000e-01  000000
7.380000e-01  000000
7.410000e-01  000000
7.440000e-01  000000
7.470000e-01  000000
7.500000e-01  000000
7.530000e-01  000000
7.560000e-01  000000
7.590000e-01  000000
7.620000e-01  000000
7.650000e-01  000000
7.680000e-01  000000
7.710000e-01  000000
7.740000e-01  000000
7.770000e-01  000000
7.800000e-01  000000
7.830000e-01  000000
7.860000e-01  000000
7.890000e-01  000000
7.920000e-01  000000
7.950000e-01  000000
7.980000e-01  000000
8.010000e-01  000000
8.040000e-01  000000
8.070000e-01  000000
8.100000e-01  000000
8.130000e-01  000000
8.160000e-01  000000
8.190000e-01  000000
8.220000e-01  000000
8.250000e-01  000000
8.280000e-01  000000
8.310000e-01  000000
8.340000e-01  000000
8.370000e-01  000000
8.400000e-01  000000
8.430000e-01  000000
8.460000e-01  000000
8.490000e-01  000000
8.520000e-01  000000
8.550000e-01  000000
8.580000e-01  000000
8.610000e-01  000000
8.640000e-01  000000
8.670000e-01  000000
8.700000e-01  000000
8.730000e-01  000000
8.760000e-01  000000
8.790000e-01  000000
8.820000e-01  000000
8.850000e-01  000000
8.880000e-01  000000
8.910000e-01  000000
8.940000e-01  000000
8.970000e-01  000000
9.000000e-01  000000
9.030000e-01  000000
9.060000e-01  000000
9.090000e-01  000000
9.120000e-01  000000
9.150000e-01  000000
9.180000e-01  000000
9.210000e-01  000000
9.240000e-01  000000
9.270000e-01  000000
9.300000e-01  000000
9.330000e-01  000000
9.360000e-01  000000
9.390000e-01  000000
9.420000e-01  000000
9.450000e-01  000000
9.480000e-01  000000
9.510000e-01  000000
9.540000e-01  000000
9.570000e-01  000000
9.600000e-01  000000
9.630000e-01  000000
9.660000e-01  000000
9.690000e-01  000000
9.720000e-01  000000
9.750000e-01  000000
9.780000e-01  000000
9.810000e-01  000000
9.840000e-01  000000
9.870000e-01  000000
9.900000e-01  000000
9.930000e-01  000000
9.960000e-01  000000
9.990000e-01  000000
