000000  000001
3.000000e-03  9.736238e-01
6.000000e-03  9.508342e-01
9.000000e-03  9.307587e-01
1.200000e-02  9.128122e-01
1.500000e-02  8.965820e-01
1.800000e-02  8.817660e-01
2.100000e-02  8.681359e-01
2.400000e-02  8.555147e-01
2.700000e-02  8.437627e-01
3.000000e-02  8.327673e-01
3.300000e-02  8.224365e-01
3.600000e-02  8.126944e-01
3.900000e-02  8.034770e-01
4.200000e-02  7.947306e-01
4.500000e-02  7.864091e-01
4.800000e-02  7.784729e-01
5.100000e-02  7.708877e-01
5.400000e-02  7.636236e-01
5.700000e-02  7.566543e-01
6.000000e-02  7.499566e-01
6.300000e-02  7.435099e-01
6.600000e-02  7.372959e-01
6.900000e-02  7.312981e-01
7.200000e-02  7.255020e-01
7.500000e-02  7.198941e-01
7.800000e-02  7.144624e-01
8.100000e-02  7.091960e-01
8.400000e-02  7.040850e-01
8.700000e-02  6.991202e-01
9.000000e-02  6.942934e-01
9.300000e-02  6.895969e-01
9.600000e-02  6.850237e-01
9.900000e-02  6.805673e-01
1.020000e-01  6.762217e-01
1.050000e-01  6.719814e-01
1.080000e-01  6.678412e-01
1.110000e-01  6.637963e-01
1.140000e-01  6.598423e-01
1.170000e-01  6.559751e-01
1.200000e-01  6.521907e-01
1.230000e-01  6.484855e-01
1.260000e-01  6.448562e-01
1.290000e-01  6.412994e-01
1.320000e-01  6.378123e-01
1.350000e-01  6.343921e-01
1.380000e-01  6.310359e-01
1.410000e-01  6.277414e-01
1.440000e-01  6.245062e-01
1.470000e-01  6.213281e-01
1.500000e-01  6.182048e-01
1.530000e-01  6.151345e-01
1.560000e-01  6.121153e-01
1.590000e-01  6.091453e-01
1.620000e-01  6.062228e-01
1.650000e-01  6.033462e-01
1.680000e-01  6.005139e-01
1.710000e-01  5.977246e-01
1.740000e-01  5.949767e-01
1.770000e-01  5.922690e-01
1.800000e-01  5.896001e-01
1.830000e-01  5.869689e-01
1.860000e-01  5.843742e-01
1.890000e-01  5.818148e-01
1.920000e-01  5.792898e-01
1.950000e-01  5.767980e-01
1.980000e-01  5.743386e-01
2.010000e-01  5.719105e-01
2.040000e-01  5.695129e-01
2.070000e-01  5.671449e-01
2.100000e-01  5.648057e-01
2.130000e-01  5.624944e-01
2.160000e-01  5.602104e-01
2.190000e-01  5.579528e-01
2.220000e-01  5.557211e-01
2.250000e-01  5.535144e-01
2.280000e-01  5.513321e-01
2.310000e-01  5.491736e-01
2.340000e-01  5.470383e-01
2.370000e-01  5.449256e-01
2.400000e-01  5.428349e-01
2.430000e-01  5.407657e-01
2.460000e-01  5.387174e-01
2.490000e-01  5.366895e-01
2.520000e-01  5.346816e-01
2.550000e-01  5.326931e-01
2.580000e-01  5.307236e-01
2.610000e-01  5.287726e-01
2.640000e-01  5.268397e-01
2.670000e-01  5.249244e-01
2.700000e-01  5.230265e-01
2.730000e-01  5.211453e-01
2.760000e-01  5.192807e-01
2.790000e-01  5.174321e-01
2.820000e-01  5.155993e-01
2.850000e-01  5.137819e-01
2.880000e-01  5.119795e-01
2.910000e-01  5.101918e-01
2.940000e-01  5.084185e-01
2.970000e-01  5.066593e-01
3.000000e-01  5.049138e-01
3.030000e-01  5.031818e-01
3.060000e-01  5.014630e-01
3.090000e-01  4.997571e-01
3.120000e-01  4.980638e-01
3.150000e-01  4.963828e-01
3.180000e-01  4.947139e-01
3.210000e-01  4.930568e-01
3.240000e-01  4.914114e-01
3.270000e-01  4.897772e-01
3.300000e-01  4.881542e-01
3.330000e-01  4.865420e-01
3.360000e-01  4.849405e-01
3.390000e-01  4.833494e-01
3.420000e-01  4.817686e-01
3.450000e-01  4.801977e-01
3.480000e-01  4.786366e-01
3.510000e-01  4.770851e-01
3.540000e-01  4.755430e-01
3.570000e-01  4.740101e-01
3.600000e-01  4.724863e-01
3.630000e-01  4.709712e-01
3.660000e-01  4.694648e-01
3.690000e-01  4.679669e-01
3.720000e-01  4.664773e-01
3.750000e-01  4.649957e-01
3.780000e-01  4.635222e-01
3.810000e-01  4.620564e-01
3.840000e-01  4.605983e-01
3.870000e-01  4.591477e-01
3.900000e-01  4.577044e-01
3.930000e-01  4.562682e-01
3.960000e-01  4.548391e-01
3.990000e-01  4.534168e-01
4.020000e-01  4.520012e-01
4.050000e-01  4.505923e-01
4.080000e-01  4.491897e-01
4.110000e-01  4.477935e-01
4.140000e-01  4.464035e-01
4.170000e-01  4.450194e-01
4.200000e-01  4.436413e-01
4.230000e-01  4.422689e-01
4.260000e-01  4.409022e-01
4.290000e-01  4.395410e-01
4.320000e-01  4.381852e-01
4.350000e-01  4.368347e-01
4.380000e-01  4.354893e-01
4.410000e-01  4.341489e-01
4.440000e-01  4.328134e-01
4.470000e-01  4.314827e-01
4.500000e-01  4.301567e-01
4.530000e-01  4.288352e-01
4.560000e-01  4.275181e-01
4.590000e-01  4.262054e-01
4.620000e-01  4.248969e-01
4.650000e-01  4.235925e-01
4.680000e-01  4.222921e-01
4.710000e-01  4.209955e-01
4.740000e-01  4.197028e-01
4.770000e-01  4.184137e-01
4.800000e-01  4.171281e-01
4.830000e-01  4.158460e-01
4.860000e-01  4.145672e-01
4.890000e-01  4.132916e-01
4.920000e-01  4.120192e-01
4.950000e-01  4.107498e-01
4.980000e-01  4.094833e-01
5.010000e-01  4.082197e-01
5.040000e-01  4.069587e-01
5.070000e-01  4.057003e-01
5.100000e-01  4.044444e-01
5.130000e-01  4.031909e-01
5.160000e-01  4.019397e-01
5.190000e-01  4.006907e-01
5.220000e-01  3.994438e-01
5.250000e-01  3.981988e-01
5.280000e-01  3.969557e-01
5.310000e-01  3.957143e-01
5.340000e-01  3.944746e-01
5.370000e-01  3.932364e-01
5.400000e-01  3.919997e-01
5.430000e-01  3.907642e-01
5.460000e-01  3.895300e-01
5.490000e-01  3.882969e-01
5.520000e-01  3.870648e-01
5.550000e-01  3.858336e-01
5.580000e-01  3.846031e-01
5.610000e-01  3.833733e-01
5.640000e-01  3.821440e-01
5.670000e-01  3.809152e-01
5.700000e-01  3.796866e-01
5.730000e-01  3.784582e-01
5.760000e-01  000000
5.790000e-01  000000
5.820000e-01  000000
5.850000e-01  000000
5.880000e-01  000000
5.910000e-01  000000
5.940000e-01  000000
5.970000e-01  000000
6.000000e-01  000000
6.030000e-01  000000
6.060000e-01  000000
6.090000e-01  000000
6.120000e-01  000000
6.150000e-01  000000
6.180000e-01  000000
6.210000e-01  000000
6.240000e-01  000000
6.270000e-01  000000
6.300000e-01  000000
6.330000e-01  000000
6.360000e-01  000000
6.390000e-01  000000
6.420000e-01  000000
6.450000e-01  000000
6.480000e-01  000000
6.510000e-01  000000
6.540000e-01  000000
6.570000e-01  000000
6.600000e-01  000000
6.630000e-01  000000
6.660000e-01  000000
6.690000e-01  000000
6.720000e-01  000000
6.750000e-01  000000
6.780000e-01  000000
6.810000e-01  000000
6.840000e-01  000000
6.870000e-01  000000
6.900000e-01  000000
6.930000e-01  000000
6.960000e-01  000000
6.990000e-01  000000
7.020000e-01  000000
7.050000e-01  000000
7.080000e-01  000000
7.110000e-01  000000
7.140000e-01  000000
7.170000e-01  000000
7.200000e-01  000000
7.230000e-01  000000
7.260000e-01  000000
7.290000e-01  000000
7.320000e-01  000000
7.350000e-01  000000
7.380000e-01  000000
7.410000e-01  000000
7.440000e-01  000000
7.470000e-01  000000
7.500000e-01  000000
7.530000e-01  000000
7.560000e-01  000000
7.590000e-01  000000
7.620000e-01  000000
7.650000e-01  000000
7.680000e-01  000000
7.710000e-01  000000
7.740000e-01  000000
7.770000e-01  000000
7.800000e-01  000000
7.830000e-01  000000
7.860000e-01  000000
7.890000e-01  000000
7.920000e-01  000000
7.950000e-01  000000
7.980000e-01  000000
8.010000e-01  000000
8.040000e-01  000000
8.070000e-01  000000
8.100000e-01  000000
8.130000e-01  000000
8.160000e-01  000000
8.190000e-01  000000
8.220000e-01  000000
8.250000e-01  000000
8.280000e-01  000000
8.310000e-01  000000
8.340000e-01  000000
8.370000e-01  000000
8.400000e-01  000000
8.430000e-01  000000
8.460000e-01  000000
8.490000e-01  000000
8.520000e-01  000000
8.550000e-01  000000
8.580000e-01  000000
8.610000e-01  000000
8.640000e-01  000000
8.670000e-01  000000
8.700000e-01  000000
8.730000e-01  000000
8.760000e-01  000000
8.790000e-01  000000
8.820000e-01  000000
8.850000e-01  000000
8.880000e-01  000000
8.910000e-01  000000
8.940000e-01  000000
8.970000e-01  000000
9.000000e-01  000000
9.030000e-01  000000
9.060000e-01  000000
9.090000e-01  000000
9.120000e-01  000000
9.150000e-01  000000
9.180000e-01  000000
9.210000e-01  000000
9.240000e-01  000000
9.270000e-01  000000
9.300000e-01  000000
9.330000e-01  000000
9.360000e-01  000000
9.390000e-01  000000
9.420000e-01  000000
9.450000e-01  000000
9.480000e-01  000000
9.510000e-01  000000
9.540000e-01  000000
9.570000e-01  000000
9.600000e-01  000000
9.630000e-01  000000
9.660000e-01  000000
9.690000e-01  000000
9.720000e-01  000000
9.750000e-01  000000
9.780000e-01  000000
9.810000e-01  000000
9.840000e-01  000000
9.870000e-01  000000
9.900000e-01  000000
9.930000e-01  000000
9.960000e-01  000000
9.990000e-01  000000
