000000  000001
3.000000e-03  9.783839e-01
6.000000e-03  9.592386e-01
9.000000e-03  9.420483e-01
1.200000e-02  9.264455e-01
1.500000e-02  9.121584e-01
1.800000e-02  8.989804e-01
2.100000e-02  8.867501e-01
2.400000e-02  8.753396e-01
2.700000e-02  8.646450e-01
3.000000e-02  8.545814e-01
3.300000e-02  8.450781e-01
3.600000e-02  8.360758e-01
3.900000e-02  8.275239e-01
4.200000e-02  8.193794e-01
4.500000e-02  8.116052e-01
4.800000e-02  8.041687e-01
5.100000e-02  7.970418e-01
5.400000e-02  7.901997e-01
5.700000e-02  7.836202e-01
6.000000e-02  7.772839e-01
6.300000e-02  7.711734e-01
6.600000e-02  7.652729e-01
6.900000e-02  7.595684e-01
7.200000e-02  7.540473e-01
7.500000e-02  7.486979e-01
7.800000e-02  7.435099e-01
8.100000e-02  7.384736e-01
8.400000e-02  7.335803e-01
8.700000e-02  7.288221e-01
9.000000e-02  7.241916e-01
9.300000e-02  7.196820e-01
9.600000e-02  7.152870e-01
9.900000e-02  7.110009e-01
1.020000e-01  7.068183e-01
1.050000e-01  7.027343e-01
1.080000e-01  6.987441e-01
1.110000e-01  6.948436e-01
1.140000e-01  6.910285e-01
1.170000e-01  6.872953e-01
1.200000e-01  6.836403e-01
1.230000e-01  6.800603e-01
1.260000e-01  6.765522e-01
1.290000e-01  6.731129e-01
1.320000e-01  6.697399e-01
1.350000e-01  6.664305e-01
1.380000e-01  6.631822e-01
1.410000e-01  6.599928e-01
1.440000e-01  6.568600e-01
1.470000e-01  6.537819e-01
1.500000e-01  6.507564e-01
1.530000e-01  6.477818e-01
1.560000e-01  6.448562e-01
1.590000e-01  6.419779e-01
1.620000e-01  6.391455e-01
1.650000e-01  6.363573e-01
1.680000e-01  6.336120e-01
1.710000e-01  6.309081e-01
1.740000e-01  6.282444e-01
1.770000e-01  6.256195e-01
1.800000e-01  6.230324e-01
1.830000e-01  6.204819e-01
1.860000e-01  6.179668e-01
1.890000e-01  6.154862e-01
1.920000e-01  6.130390e-01
1.950000e-01  6.106242e-01
1.980000e-01  6.082411e-01
2.010000e-01  6.058885e-01
2.040000e-01  6.035659e-01
2.070000e-01  6.012722e-01
2.100000e-01  5.990067e-01
2.130000e-01  5.967688e-01
2.160000e-01  5.945576e-01
2.190000e-01  5.923724e-01
2.220000e-01  5.902126e-01
2.250000e-01  5.880776e-01
2.280000e-01  5.859667e-01
2.310000e-01  5.838793e-01
2.340000e-01  5.818148e-01
2.370000e-01  5.797728e-01
2.400000e-01  5.777525e-01
2.430000e-01  5.757536e-01
2.460000e-01  5.737755e-01
2.490000e-01  5.718177e-01
2.520000e-01  5.698798e-01
2.550000e-01  5.679613e-01
2.580000e-01  5.660617e-01
2.610000e-01  5.641807e-01
2.640000e-01  5.623178e-01
2.670000e-01  5.604726e-01
2.700000e-01  5.586447e-01
2.730000e-01  5.568338e-01
2.760000e-01  5.550394e-01
2.790000e-01  5.532613e-01
2.820000e-01  5.514991e-01
2.850000e-01  5.497524e-01
2.880000e-01  5.480210e-01
2.910000e-01  5.463045e-01
2.940000e-01  5.446025e-01
2.970000e-01  5.429149e-01
3.000000e-01  5.412413e-01
3.030000e-01  5.395815e-01
3.060000e-01  5.379351e-01
3.090000e-01  5.363018e-01
3.120000e-01  5.346816e-01
3.150000e-01  5.330740e-01
3.180000e-01  5.314789e-01
3.210000e-01  5.298959e-01
3.240000e-01  5.283249e-01
3.270000e-01  5.267657e-01
3.300000e-01  5.252179e-01
3.330000e-01  5.236815e-01
3.360000e-01  5.221562e-01
3.390000e-01  5.206417e-01
3.420000e-01  5.191379e-01
3.450000e-01  5.176446e-01
3.480000e-01  5.161616e-01
3.510000e-01  5.146887e-01
3.540000e-01  5.132257e-01
3.570000e-01  5.117725e-01
3.600000e-01  5.103288e-01
3.630000e-01  5.088946e-01
3.660000e-01  5.074695e-01
3.690000e-01  5.060536e-01
3.720000e-01  5.046465e-01
3.750000e-01  5.032482e-01
3.780000e-01  5.018585e-01
3.810000e-01  5.004773e-01
3.840000e-01  4.991043e-01
3.870000e-01  4.977395e-01
3.900000e-01  4.963828e-01
3.930000e-01  4.950339e-01
3.960000e-01  4.936928e-01
3.990000e-01  4.923593e-01
4.020000e-01  4.910333e-01
4.050000e-01  4.897146e-01
4.080000e-01  4.884032e-01
4.110000e-01  4.870989e-01
4.140000e-01  4.858016e-01
4.170000e-01  4.845111e-01
4.200000e-01  4.832275e-01
4.230000e-01  4.819505e-01
4.260000e-01  4.806800e-01
4.290000e-01  4.794159e-01
4.320000e-01  4.781582e-01
4.350000e-01  4.769067e-01
4.380000e-01  4.756613e-01
4.410000e-01  4.744219e-01
4.440000e-01  4.731885e-01
4.470000e-01  4.719608e-01
4.500000e-01  4.707389e-01
4.530000e-01  4.695226e-01
4.560000e-01  4.683118e-01
4.590000e-01  4.671065e-01
4.620000e-01  4.659065e-01
4.650000e-01  4.647118e-01
4.680000e-01  4.635222e-01
4.710000e-01  4.623377e-01
4.740000e-01  4.611582e-01
4.770000e-01  4.599837e-01
4.800000e-01  4.588140e-01
4.830000e-01  4.576490e-01
4.860000e-01  4.564887e-01
4.890000e-01  4.553330e-01
4.920000e-01  4.541818e-01
4.950000e-01  4.530350e-01
4.980000e-01  4.518926e-01
5.010000e-01  4.507545e-01
5.040000e-01  4.496206e-01
5.070000e-01  4.484908e-01
5.100000e-01  4.473652e-01
5.130000e-01  4.462435e-01
5.160000e-01  4.451257e-01
5.190000e-01  4.440118e-01
5.220000e-01  4.429016e-01
5.250000e-01  4.417952e-01
5.280000e-01  4.406925e-01
5.310000e-01  4.395933e-01
5.340000e-01  4.384976e-01
5.370000e-01  4.374054e-01
5.400000e-01  4.363166e-01
5.430000e-01  4.352311e-01
5.460000e-01  4.341489e-01
5.490000e-01  4.330698e-01
5.520000e-01  4.319939e-01
5.550000e-01  4.309211e-01
5.580000e-01  4.298513e-01
5.610000e-01  4.287845e-01
5.640000e-01  4.277205e-01
5.670000e-01  4.266594e-01
5.700000e-01  4.256010e-01
5.730000e-01  4.245453e-01
5.760000e-01  4.234923e-01
5.790000e-01  4.224419e-01
5.820000e-01  4.213941e-01
5.850000e-01  4.203487e-01
5.880000e-01  4.193057e-01
5.910000e-01  4.182651e-01
5.940000e-01  4.172269e-01
5.970000e-01  4.161908e-01
6.000000e-01  4.151570e-01
6.030000e-01  4.141253e-01
6.060000e-01  4.130957e-01
6.090000e-01  4.120681e-01
6.120000e-01  4.110425e-01
6.150000e-01  4.100188e-01
6.180000e-01  4.089970e-01
6.210000e-01  4.079770e-01
6.240000e-01  4.069587e-01
6.270000e-01  4.059421e-01
6.300000e-01  4.049272e-01
6.330000e-01  4.039138e-01
6.360000e-01  4.029020e-01
6.390000e-01  4.018917e-01
6.420000e-01  4.008827e-01
6.450000e-01  3.998752e-01
6.480000e-01  3.988689e-01
6.510000e-01  3.978639e-01
6.540000e-01  3.968601e-01
6.570000e-01  3.958574e-01
6.600000e-01  3.948559e-01
6.630000e-01  3.938553e-01
6.660000e-01  3.928557e-01
6.690000e-01  3.918570e-01
6.720000e-01  3.908592e-01
6.750000e-01  3.898622e-01
6.780000e-01  3.888659e-01
6.810000e-01  3.878703e-01
6.840000e-01  3.868754e-01
6.870000e-01  3.858809e-01
6.900000e-01  3.848870e-01
6.930000e-01  3.838936e-01
6.960000e-01  3.829005e-01
6.990000e-01  3.819077e-01
7.020000e-01  3.809152e-01
7.050000e-01  3.799228e-01
7.080000e-01  3.789306e-01
7.110000e-01  000000
7.140000e-01  000000
7.170000e-01  000000
7.200000e-01  000000
7.230000e-01  000000
7.260000e-01  000000
7.290000e-01  000000
7.320000e-01  000000
7.350000e-01  000000
7.380000e-01  000000
7.410000e-01  000000
7.440000e-01  000000
7.470000e-01  000000
7.500000e-01  000000
7.530000e-01  000000
7.560000e-01  000000
7.590000e-01  000000
7.620000e-01  000000
7.650000e-01  000000
7.680000e-01  000000
7.710000e-01  000000
7.740000e-01  000000
7.770000e-01  000000
7.800000e-01  000000
7.830000e-01  000000
7.860000e-01  000000
7.890000e-01  000000
7.920000e-01  000000
7.950000e-01  000000
7.980000e-01  000000
8.010000e-01  000000
8.040000e-01  000000
8.070000e-01  000000
8.100000e-01  000000
8.130000e-01  000000
8.160000e-01  000000
8.190000e-01  000000
8.220000e-01  000000
8.250000e-01  000000
8.280000e-01  000000
8.310000e-01  000000
8.340000e-01  000000
8.370000e-01  000000
8.400000e-01  000000
8.430000e-01  000000
8.460000e-01  000000
8.490000e-01  000000
8.520000e-01  000000
8.550000e-01  000000
8.580000e-01  000000
8.610000e-01  000000
8.640000e-01  000000
8.670000e-01  000000
8.700000e-01  000000
8.730000e-01  000000
8.760000e-01  000000
8.790000e-01  000000
8.820000e-01  000000
8.850000e-01  000000
8.880000e-01  000000
8.910000e-01  000000
8.940000e-01  000000
8.970000e-01  000000
9.000000e-01  000000
9.030000e-01  000000
9.060000e-01  000000
9.090000e-01  000000
9.120000e-01  000000
9.150000e-01  000000
9.180000e-01  000000
9.210000e-01  000000
9.240000e-01  000000
9.270000e-01  000000
9.300000e-01  000000
9.330000e-01  000000
9.360000e-01  000000
9.390000e-01  000000
9.420000e-01  000000
9.450000e-01  000000
9.480000e-01  000000
9.510000e-01  000000
9.540000e-01  000000
9.570000e-01  000000
9.600000e-01  000000
9.630000e-01  000000
9.660000e-01  000000
9.690000e-01  000000
9.720000e-01  000000
9.750000e-01  000000
9.780000e-01  000000
9.810000e-01  000000
9.840000e-01  000000
9.870000e-01  000000
9.900000e-01  000000
9.930000e-01  000000
9.960000e-01  000000
9.990000e-01  000000
