000000  000001
3.000000e-03  9.729076e-01
6.000000e-03  9.495849e-01
9.000000e-03  9.290965e-01
1.200000e-02  9.108203e-01
1.500000e-02  8.943207e-01
1.800000e-02  8.792802e-01
2.100000e-02  8.654600e-01
2.400000e-02  8.526759e-01
2.700000e-02  8.407826e-01
3.000000e-02  8.296635e-01
3.300000e-02  8.192236e-01
3.600000e-02  8.093842e-01
3.900000e-02  8.000799e-01
4.200000e-02  7.912550e-01
4.500000e-02  7.828625e-01
4.800000e-02  7.748616e-01
5.100000e-02  7.672173e-01
5.400000e-02  7.598988e-01
5.700000e-02  7.528793e-01
6.000000e-02  7.461352e-01
6.300000e-02  7.396454e-01
6.600000e-02  7.333912e-01
6.900000e-02  7.273560e-01
7.200000e-02  7.215247e-01
7.500000e-02  7.158837e-01
7.800000e-02  7.104208e-01
8.100000e-02  7.051250e-01
8.400000e-02  6.999861e-01
8.700000e-02  6.949949e-01
9.000000e-02  6.901429e-01
9.300000e-02  6.854224e-01
9.600000e-02  6.808263e-01
9.900000e-02  6.763480e-01
1.020000e-01  6.719814e-01
1.050000e-01  6.677209e-01
1.080000e-01  6.635612e-01
1.110000e-01  6.594977e-01
1.140000e-01  6.555256e-01
1.170000e-01  6.516409e-01
1.200000e-01  6.478396e-01
1.230000e-01  6.441181e-01
1.260000e-01  6.404728e-01
1.290000e-01  6.369006e-01
1.320000e-01  6.333984e-01
1.350000e-01  6.299634e-01
1.380000e-01  6.265929e-01
1.410000e-01  6.232844e-01
1.440000e-01  6.200355e-01
1.470000e-01  6.168439e-01
1.500000e-01  6.137075e-01
1.530000e-01  6.106242e-01
1.560000e-01  6.075922e-01
1.590000e-01  6.046097e-01
1.620000e-01  6.016749e-01
1.650000e-01  5.987861e-01
1.680000e-01  5.959419e-01
1.710000e-01  5.931407e-01
1.740000e-01  5.903811e-01
1.770000e-01  5.876618e-01
1.800000e-01  5.849815e-01
1.830000e-01  5.823389e-01
1.860000e-01  5.797330e-01
1.890000e-01  5.771624e-01
1.920000e-01  5.746263e-01
1.950000e-01  5.721235e-01
1.980000e-01  5.696531e-01
2.010000e-01  5.672141e-01
2.040000e-01  5.648057e-01
2.070000e-01  5.624269e-01
2.100000e-01  5.600769e-01
2.130000e-01  5.577549e-01
2.160000e-01  5.554602e-01
2.190000e-01  5.531919e-01
2.220000e-01  5.509495e-01
2.250000e-01  5.487321e-01
2.280000e-01  5.465392e-01
2.310000e-01  5.443701e-01
2.340000e-01  5.422241e-01
2.370000e-01  5.401007e-01
2.400000e-01  5.379994e-01
2.430000e-01  5.359195e-01
2.460000e-01  5.338605e-01
2.490000e-01  5.318219e-01
2.520000e-01  5.298032e-01
2.550000e-01  5.278039e-01
2.580000e-01  5.258235e-01
2.610000e-01  5.238617e-01
2.640000e-01  5.219179e-01
2.670000e-01  5.199917e-01
2.700000e-01  5.180827e-01
2.730000e-01  5.161906e-01
2.760000e-01  5.143149e-01
2.790000e-01  5.124552e-01
2.820000e-01  5.106112e-01
2.850000e-01  5.087825e-01
2.880000e-01  5.069688e-01
2.910000e-01  5.051697e-01
2.940000e-01  5.033849e-01
2.970000e-01  5.016142e-01
3.000000e-01  4.998571e-01
3.030000e-01  4.981134e-01
3.060000e-01  4.963828e-01
3.090000e-01  4.946650e-01
3.120000e-01  4.929597e-01
3.150000e-01  4.912667e-01
3.180000e-01  4.895857e-01
3.210000e-01  4.879164e-01
3.240000e-01  4.862587e-01
3.270000e-01  4.846121e-01
3.300000e-01  4.829766e-01
3.330000e-01  4.813518e-01
3.360000e-01  4.797375e-01
3.390000e-01  4.781336e-01
3.420000e-01  4.765398e-01
3.450000e-01  4.749558e-01
3.480000e-01  4.733816e-01
3.510000e-01  4.718168e-01
3.540000e-01  4.702613e-01
3.570000e-01  4.687148e-01
3.600000e-01  4.671772e-01
3.630000e-01  4.656484e-01
3.660000e-01  4.641280e-01
3.690000e-01  4.626160e-01
3.720000e-01  4.611121e-01
3.750000e-01  4.596162e-01
3.780000e-01  4.581281e-01
3.810000e-01  4.566477e-01
3.840000e-01  4.551747e-01
3.870000e-01  4.537090e-01
3.900000e-01  4.522506e-01
3.930000e-01  4.507991e-01
3.960000e-01  4.493544e-01
3.990000e-01  4.479165e-01
4.020000e-01  4.464851e-01
4.050000e-01  4.450601e-01
4.080000e-01  4.436413e-01
4.110000e-01  4.422287e-01
4.140000e-01  4.408220e-01
4.170000e-01  4.394212e-01
4.200000e-01  4.380261e-01
4.230000e-01  4.366365e-01
4.260000e-01  4.352524e-01
4.290000e-01  4.338735e-01
4.320000e-01  4.324999e-01
4.350000e-01  4.311312e-01
4.380000e-01  4.297675e-01
4.410000e-01  4.284086e-01
4.440000e-01  4.270543e-01
4.470000e-01  4.257046e-01
4.500000e-01  4.243593e-01
4.530000e-01  4.230183e-01
4.560000e-01  4.216815e-01
4.590000e-01  4.203487e-01
4.620000e-01  4.190198e-01
4.650000e-01  4.176948e-01
4.680000e-01  4.163735e-01
4.710000e-01  4.150558e-01
4.740000e-01  4.137415e-01
4.770000e-01  4.124306e-01
4.800000e-01  4.111229e-01
4.830000e-01  4.098183e-01
4.860000e-01  4.085167e-01
4.890000e-01  4.072181e-01
4.920000e-01  4.059222e-01
4.950000e-01  4.046290e-01
4.980000e-01  4.033383e-01
5.010000e-01  4.020500e-01
5.040000e-01  4.007641e-01
5.070000e-01  3.994804e-01
5.100000e-01  3.981988e-01
5.130000e-01  3.969191e-01
5.160000e-01  3.956413e-01
5.190000e-01  3.943653e-01
5.220000e-01  3.930908e-01
5.250000e-01  3.918179e-01
5.280000e-01  3.905464e-01
5.310000e-01  3.892761e-01
5.340000e-01  3.880069e-01
5.370000e-01  3.867388e-01
5.400000e-01  3.854716e-01
5.430000e-01  3.842052e-01
5.460000e-01  3.829394e-01
5.490000e-01  3.816741e-01
5.520000e-01  3.804093e-01
5.550000e-01  3.791446e-01
5.580000e-01  000000
5.610000e-01  000000
5.640000e-01  000000
5.670000e-01  000000
5.700000e-01  000000
5.730000e-01  000000
5.760000e-01  000000
5.790000e-01  000000
5.820000e-01  000000
5.850000e-01  000000
5.880000e-01  000000
5.910000e-01  000000
5.940000e-01  000000
5.970000e-01  000000
6.000000e-01  000000
6.030000e-01  000000
6.060000e-01  000000
6.090000e-01  000000
6.120000e-01  000000
6.150000e-01  000000
6.180000e-01  000000
6.210000e-01  000000
6.240000e-01  000000
6.270000e-01  000000
6.300000e-01  000000
6.330000e-01  000000
6.360000e-01  000000
6.390000e-01  000000
6.420000e-01  000000
6.450000e-01  000000
6.480000e-01  000000
6.510000e-01  000000
6.540000e-01  000000
6.570000e-01  000000
6.600000e-01  000000
6.630000e-01  000000
6.660000e-01  000000
6.690000e-01  000000
6.720000e-01  000000
6.750000e-01  000000
6.780000e-01  000000
6.810000e-01  000000
6.840000e-01  000000
6.870000e-01  000000
6.900000e-01  000000
6.930000e-01  000000
6.960000e-01  000000
6.990000e-01  000000
7.020000e-01  000000
7.050000e-01  000000
7.080000e-01  000000
7.110000e-01  000000
7.140000e-01  000000
7.170000e-01  000000
7.200000e-01  000000
7.230000e-01  000000
7.260000e-01  000000
7.290000e-01  000000
7.320000e-01  000000
7.350000e-01  000000
7.380000e-01  000000
7.410000e-01  000000
7.440000e-01  000000
7.470000e-01  000000
7.500000e-01  000000
7.530000e-01  000000
7.560000e-01  000000
7.590000e-01  000000
7.620000e-01  000000
7.650000e-01  000000
7.680000e-01  000000
7.710000e-01  000000
7.740000e-01  000000
7.770000e-01  000000
7.800000e-01  000000
7.830000e-01  000000
7.860000e-01  000000
7.890000e-01  000000
7.920000e-01  000000
7.950000e-01  000000
7.980000e-01  000000
8.010000e-01  000000
8.040000e-01  000000
8.070000e-01  000000
8.100000e-01  000000
8.130000e-01  000000
8.160000e-01  000000
8.190000e-01  000000
8.220000e-01  000000
8.250000e-01  000000
8.280000e-01  000000
8.310000e-01  000000
8.340000e-01  000000
8.370000e-01  000000
8.400000e-01  000000
8.430000e-01  000000
8.460000e-01  000000
8.490000e-01  000000
8.520000e-01  000000
8.550000e-01  000000
8.580000e-01  000000
8.610000e-01  000000
8.640000e-01  000000
8.670000e-01  000000
8.700000e-01  000000
8.730000e-01  000000
8.760000e-01  000000
8.790000e-01  000000
8.820000e-01  000000
8.850000e-01  000000
8.880000e-01  000000
8.910000e-01  000000
8.940000e-01  000000
8.970000e-01  000000
9.000000e-01  000000
9.030000e-01  000000
9.060000e-01  000000
9.090000e-01  000000
9.120000e-01  000000
9.150000e-01  000000
9.180000e-01  000000
9.210000e-01  000000
9.240000e-01  000000
9.270000e-01  000000
9.300000e-01  000000
9.330000e-01  000000
9.360000e-01  000000
9.390000e-01  000000
9.420000e-01  000000
9.450000e-01  000000
9.480000e-01  000000
9.510000e-01  000000
9.540000e-01  000000
9.570000e-01  000000
9.600000e-01  000000
9.630000e-01  000000
9.660000e-01  000000
9.690000e-01  000000
9.720000e-01  000000
9.750000e-01  000000
9.780000e-01  000000
9.810000e-01  000000
9.840000e-01  000000
9.870000e-01  000000
9.900000e-01  000000
9.930000e-01  000000
9.960000e-01  000000
9.990000e-01  000000
