000000  000001
3.000000e-03  8.278828e-01
6.000000e-03  7.463653e-01
9.000000e-03  6.932508e-01
1.200000e-02  6.541603e-01
1.500000e-02  6.234089e-01
1.800000e-02  5.981687e-01
2.100000e-02  5.768308e-01
2.400000e-02  5.583943e-01
2.700000e-02  5.421950e-01
3.000000e-02  5.277707e-01
3.300000e-02  5.147866e-01
3.600000e-02  5.029934e-01
3.900000e-02  4.921999e-01
4.200000e-02  4.822571e-01
4.500000e-02  4.730460e-01
4.800000e-02  4.644708e-01
5.100000e-02  4.564529e-01
5.400000e-02  4.489270e-01
5.700000e-02  4.418384e-01
6.000000e-02  4.351411e-01
6.300000e-02  4.287955e-01
6.600000e-02  4.227679e-01
6.900000e-02  4.170287e-01
7.200000e-02  4.115526e-01
7.500000e-02  4.063171e-01
7.800000e-02  4.013025e-01
8.100000e-02  3.964914e-01
8.400000e-02  3.918682e-01
8.700000e-02  3.874191e-01
9.000000e-02  3.831317e-01
9.300000e-02  3.789947e-01
9.600000e-02  3.749981e-01
9.900000e-02  3.711328e-01
1.020000e-01  3.673904e-01
1.050000e-01  3.637634e-01
1.080000e-01  3.602448e-01
1.110000e-01  3.568284e-01
1.140000e-01  3.535083e-01
1.170000e-01  3.502791e-01
1.200000e-01  3.471361e-01
1.230000e-01  3.440744e-01
1.260000e-01  3.410901e-01
1.290000e-01  3.381791e-01
1.320000e-01  3.353378e-01
1.350000e-01  3.325629e-01
1.380000e-01  3.298511e-01
1.410000e-01  3.271995e-01
1.440000e-01  3.246054e-01
1.470000e-01  3.220663e-01
1.500000e-01  3.195796e-01
1.530000e-01  3.171430e-01
1.560000e-01  3.147546e-01
1.590000e-01  3.124122e-01
1.620000e-01  3.101139e-01
1.650000e-01  3.078581e-01
1.680000e-01  3.056429e-01
1.710000e-01  3.034667e-01
1.740000e-01  3.013282e-01
1.770000e-01  2.992258e-01
1.800000e-01  2.971581e-01
1.830000e-01  2.951239e-01
1.860000e-01  2.931220e-01
1.890000e-01  2.911512e-01
1.920000e-01  2.892103e-01
1.950000e-01  2.872983e-01
1.980000e-01  2.854143e-01
2.010000e-01  2.835572e-01
2.040000e-01  2.817261e-01
2.070000e-01  2.799201e-01
2.100000e-01  2.781385e-01
2.130000e-01  2.763803e-01
2.160000e-01  2.746449e-01
2.190000e-01  2.729314e-01
2.220000e-01  2.712392e-01
2.250000e-01  2.695675e-01
2.280000e-01  2.679158e-01
2.310000e-01  2.662834e-01
2.340000e-01  2.646696e-01
2.370000e-01  2.630740e-01
2.400000e-01  2.614959e-01
2.430000e-01  2.599347e-01
2.460000e-01  2.583901e-01
2.490000e-01  2.568614e-01
2.520000e-01  2.553481e-01
2.550000e-01  2.538499e-01
2.580000e-01  2.523662e-01
2.610000e-01  2.508966e-01
2.640000e-01  2.494406e-01
2.670000e-01  2.479979e-01
2.700000e-01  2.465680e-01
2.730000e-01  2.451506e-01
2.760000e-01  2.437452e-01
2.790000e-01  2.423515e-01
2.820000e-01  2.409691e-01
2.850000e-01  2.395977e-01
2.880000e-01  2.382369e-01
2.910000e-01  2.368864e-01
2.940000e-01  2.355459e-01
2.970000e-01  2.342150e-01
3.000000e-01  2.328935e-01
3.030000e-01  2.315809e-01
3.060000e-01  2.302771e-01
3.090000e-01  2.289817e-01
3.120000e-01  2.276945e-01
3.150000e-01  2.264151e-01
3.180000e-01  2.251432e-01
3.210000e-01  2.238787e-01
3.240000e-01  2.226211e-01
3.270000e-01  2.213703e-01
3.300000e-01  2.201260e-01
3.330000e-01  2.188879e-01
3.360000e-01  2.176558e-01
3.390000e-01  2.164294e-01
3.420000e-01  2.152084e-01
3.450000e-01  2.139926e-01
3.480000e-01  2.127818e-01
3.510000e-01  2.115756e-01
3.540000e-01  2.103739e-01
3.570000e-01  2.091763e-01
3.600000e-01  2.079827e-01
3.630000e-01  2.067927e-01
3.660000e-01  2.056062e-01
3.690000e-01  2.044228e-01
3.720000e-01  2.032422e-01
3.750000e-01  2.020644e-01
3.780000e-01  2.008889e-01
3.810000e-01  1.997155e-01
3.840000e-01  1.985439e-01
3.870000e-01  1.973739e-01
3.900000e-01  1.962051e-01
3.930000e-01  1.950374e-01
3.960000e-01  1.938703e-01
3.990000e-01  1.927036e-01
4.020000e-01  000000
4.050000e-01  000000
4.080000e-01  000000
4.110000e-01  000000
4.140000e-01  000000
4.170000e-01  000000
4.200000e-01  000000
4.230000e-01  000000
4.260000e-01  000000
4.290000e-01  000000
4.320000e-01  000000
4.350000e-01  000000
4.380000e-01  000000
4.410000e-01  000000
4.440000e-01  000000
4.470000e-01  000000
4.500000e-01  000000
4.530000e-01  000000
4.560000e-01  000000
4.590000e-01  000000
4.620000e-01  000000
4.650000e-01  000000
4.680000e-01  000000
4.710000e-01  000000
4.740000e-01  000000
4.770000e-01  000000
4.800000e-01  000000
4.830000e-01  000000
4.860000e-01  000000
4.890000e-01  000000
4.920000e-01  000000
4.950000e-01  000000
4.980000e-01  000000
5.010000e-01  000000
5.040000e-01  000000
5.070000e-01  000000
5.100000e-01  000000
5.130000e-01  000000
5.160000e-01  000000
5.190000e-01  000000
5.220000e-01  000000
5.250000e-01  000000
5.280000e-01  000000
5.310000e-01  000000
5.340000e-01  000000
5.370000e-01  000000
5.400000e-01  000000
5.430000e-01  000000
5.460000e-01  000000
5.490000e-01  000000
5.520000e-01  000000
5.550000e-01  000000
5.580000e-01  000000
5.610000e-01  000000
5.640000e-01  000000
5.670000e-01  000000
5.700000e-01  000000
5.730000e-01  000000
5.760000e-01  000000
5.790000e-01  000000
5.820000e-01  000000
5.850000e-01  000000
5.880000e-01  000000
5.910000e-01  000000
5.940000e-01  000000
5.970000e-01  000000
6.000000e-01  000000
6.030000e-01  000000
6.060000e-01  000000
6.090000e-01  000000
6.120000e-01  000000
6.150000e-01  000000
6.180000e-01  000000
6.210000e-01  000000
6.240000e-01  000000
6.270000e-01  000000
6.300000e-01  000000
6.330000e-01  000000
6.360000e-01  000000
6.390000e-01  000000
6.420000e-01  000000
6.450000e-01  000000
6.480000e-01  000000
6.510000e-01  000000
6.540000e-01  000000
6.570000e-01  000000
6.600000e-01  000000
6.630000e-01  000000
6.660000e-01  000000
6.690000e-01  000000
6.720000e-01  000000
6.750000e-01  000000
6.780000e-01  000000
6.810000e-01  000000
6.840000e-01  000000
6.870000e-01  000000
6.900000e-01  000000
6.930000e-01  000000
6.960000e-01  000000
6.990000e-01  000000
7.020000e-01  000000
7.050000e-01  000000
7.080000e-01  000000
7.110000e-01  000000
7.140000e-01  000000
7.170000e-01  000000
7.200000e-01  000000
7.230000e-01  000000
7.260000e-01  000000
7.290000e-01  000000
7.320000e-01  000000
7.350000e-01  000000
7.380000e-01  000000
7.410000e-01  000000
7.440000e-01  000000
7.470000e-01  000000
7.500000e-01  000000
7.530000e-01  000000
7.560000e-01  000000
7.590000e-01  000000
7.620000e-01  000000
7.650000e-01  000000
7.680000e-01  000000
7.710000e-01  000000
7.740000e-01  000000
7.770000e-01  000000
7.800000e-01  000000
7.830000e-01  000000
7.860000e-01  000000
7.890000e-01  000000
7.920000e-01  000000
7.950000e-01  000000
7.980000e-01  000000
8.010000e-01  000000
8.040000e-01  000000
8.070000e-01  000000
8.100000e-01  000000
8.130000e-01  000000
8.160000e-01  000000
8.190000e-01  000000
8.220000e-01  000000
8.250000e-01  000000
8.280000e-01  000000
8.310000e-01  000000
8.340000e-01  000000
8.370000e-01  000000
8.400000e-01  000000
8.430000e-01  000000
8.460000e-01  000000
8.490000e-01  000000
8.520000e-01  000000
8.550000e-01  000000
8.580000e-01  000000
8.610000e-01  000000
8.640000e-01  000000
8.670000e-01  000000
8.700000e-01  000000
8.730000e-01  000000
8.760000e-01  000000
8.790000e-01  000000
8.820000e-01  000000
8.850000e-01  000000
8.880000e-01  000000
8.910000e-01  000000
8.940000e-01  000000
8.970000e-01  000000
9.000000e-01  000000
9.030000e-01  000000
9.060000e-01  000000
9.090000e-01  000000
9.120000e-01  000000
9.150000e-01  000000
9.180000e-01  000000
9.210000e-01  000000
9.240000e-01  000000
9.270000e-01  000000
9.300000e-01  000000
9.330000e-01  000000
9.360000e-01  000000
9.390000e-01  000000
9.420000e-01  000000
9.450000e-01  000000
9.480000e-01  000000
9.510000e-01  000000
9.540000e-01  000000
9.570000e-01  000000
9.600000e-01  000000
9.630000e-01  000000
9.660000e-01  000000
9.690000e-01  000000
9.720000e-01  000000
9.750000e-01  000000
9.780000e-01  000000
9.810000e-01  000000
9.840000e-01  000000
9.870000e-01  000000
9.900000e-01  000000
9.930000e-01  000000
9.960000e-01  000000
9.990000e-01  000000
