000000  000001
3.000000e-03  9.354766e-01
6.000000e-03  8.891132e-01
9.000000e-03  8.529772e-01
1.200000e-02  8.234257e-01
1.500000e-02  7.984724e-01
1.800000e-02  7.769120e-01
2.100000e-02  7.579574e-01
2.400000e-02  7.410660e-01
2.700000e-02  7.258479e-01
3.000000e-02  7.120135e-01
3.300000e-02  6.993417e-01
3.600000e-02  6.876603e-01
3.900000e-02  6.768320e-01
4.200000e-02  6.667462e-01
4.500000e-02  6.573122e-01
4.800000e-02  6.484546e-01
5.100000e-02  6.401104e-01
5.400000e-02  6.322261e-01
5.700000e-02  6.247562e-01
6.000000e-02  6.176614e-01
6.300000e-02  6.109077e-01
6.600000e-02  6.044655e-01
6.900000e-02  5.983087e-01
7.200000e-02  5.924144e-01
7.500000e-02  5.867624e-01
7.800000e-02  5.813344e-01
8.100000e-02  5.761144e-01
8.400000e-02  5.710878e-01
8.700000e-02  5.662415e-01
9.000000e-02  5.615638e-01
9.300000e-02  5.570438e-01
9.600000e-02  5.526720e-01
9.900000e-02  5.484393e-01
1.020000e-01  5.443377e-01
1.050000e-01  5.403597e-01
1.080000e-01  5.364985e-01
1.110000e-01  5.327478e-01
1.140000e-01  5.291017e-01
1.170000e-01  5.255549e-01
1.200000e-01  5.221024e-01
1.230000e-01  5.187396e-01
1.260000e-01  5.154622e-01
1.290000e-01  5.122661e-01
1.320000e-01  5.091477e-01
1.350000e-01  5.061034e-01
1.380000e-01  5.031300e-01
1.410000e-01  5.002244e-01
1.440000e-01  4.973838e-01
1.470000e-01  4.946054e-01
1.500000e-01  4.918868e-01
1.530000e-01  4.892255e-01
1.560000e-01  4.866193e-01
1.590000e-01  4.840660e-01
1.620000e-01  4.815638e-01
1.650000e-01  4.791105e-01
1.680000e-01  4.767046e-01
1.710000e-01  4.743442e-01
1.740000e-01  4.720278e-01
1.770000e-01  4.697538e-01
1.800000e-01  4.675208e-01
1.830000e-01  4.653274e-01
1.860000e-01  4.631722e-01
1.890000e-01  4.610541e-01
1.920000e-01  4.589718e-01
1.950000e-01  4.569242e-01
1.980000e-01  4.549102e-01
2.010000e-01  4.529288e-01
2.040000e-01  4.509790e-01
2.070000e-01  4.490598e-01
2.100000e-01  4.471703e-01
2.130000e-01  4.453096e-01
2.160000e-01  4.434770e-01
2.190000e-01  4.416716e-01
2.220000e-01  4.398927e-01
2.250000e-01  4.381395e-01
2.280000e-01  4.364113e-01
2.310000e-01  4.347075e-01
2.340000e-01  4.330274e-01
2.370000e-01  4.313704e-01
2.400000e-01  4.297358e-01
2.430000e-01  4.281231e-01
2.460000e-01  4.265317e-01
2.490000e-01  4.249612e-01
2.520000e-01  4.234109e-01
2.550000e-01  4.218804e-01
2.580000e-01  4.203692e-01
2.610000e-01  4.188769e-01
2.640000e-01  4.174029e-01
2.670000e-01  4.159469e-01
2.700000e-01  4.145084e-01
2.730000e-01  4.130870e-01
2.760000e-01  4.116824e-01
2.790000e-01  4.102942e-01
2.820000e-01  4.089219e-01
2.850000e-01  4.075653e-01
2.880000e-01  4.062240e-01
2.910000e-01  4.048977e-01
2.940000e-01  4.035860e-01
2.970000e-01  4.022887e-01
3.000000e-01  4.010053e-01
3.030000e-01  3.997358e-01
3.060000e-01  3.984796e-01
3.090000e-01  3.972367e-01
3.120000e-01  3.960067e-01
3.150000e-01  3.947893e-01
3.180000e-01  3.935843e-01
3.210000e-01  3.923915e-01
3.240000e-01  3.912106e-01
3.270000e-01  3.900414e-01
3.300000e-01  3.888836e-01
3.330000e-01  3.877371e-01
3.360000e-01  3.866016e-01
3.390000e-01  3.854770e-01
3.420000e-01  3.843630e-01
3.450000e-01  3.832593e-01
3.480000e-01  3.821660e-01
3.510000e-01  3.810827e-01
3.540000e-01  3.800092e-01
3.570000e-01  3.789455e-01
3.600000e-01  3.778912e-01
3.630000e-01  3.768463e-01
3.660000e-01  3.758106e-01
3.690000e-01  3.747840e-01
3.720000e-01  3.737662e-01
3.750000e-01  3.727572e-01
3.780000e-01  3.717567e-01
3.810000e-01  3.707646e-01
3.840000e-01  3.697809e-01
3.870000e-01  3.688053e-01
3.900000e-01  3.678377e-01
3.930000e-01  3.668781e-01
3.960000e-01  3.659261e-01
3.990000e-01  3.649819e-01
4.020000e-01  3.640451e-01
4.050000e-01  3.631158e-01
4.080000e-01  3.621937e-01
4.110000e-01  3.612788e-01
4.140000e-01  3.603709e-01
4.170000e-01  3.594700e-01
4.200000e-01  3.585760e-01
4.230000e-01  3.576887e-01
4.260000e-01  3.568080e-01
4.290000e-01  3.559338e-01
4.320000e-01  3.550661e-01
4.350000e-01  3.542048e-01
4.380000e-01  3.533497e-01
4.410000e-01  3.525007e-01
4.440000e-01  3.516578e-01
4.470000e-01  3.508209e-01
4.500000e-01  3.499899e-01
4.530000e-01  3.491647e-01
4.560000e-01  3.483453e-01
4.590000e-01  3.475315e-01
4.620000e-01  3.467232e-01
4.650000e-01  3.459205e-01
4.680000e-01  3.451231e-01
4.710000e-01  3.443312e-01
4.740000e-01  3.435444e-01
4.770000e-01  3.427629e-01
4.800000e-01  3.419865e-01
4.830000e-01  3.412152e-01
4.860000e-01  3.404488e-01
4.890000e-01  3.396874e-01
4.920000e-01  3.389309e-01
4.950000e-01  3.381791e-01
4.980000e-01  3.374321e-01
5.010000e-01  3.366897e-01
5.040000e-01  3.359520e-01
5.070000e-01  3.352188e-01
5.100000e-01  3.344901e-01
5.130000e-01  3.337658e-01
5.160000e-01  3.330459e-01
5.190000e-01  3.323304e-01
5.220000e-01  3.316191e-01
5.250000e-01  3.309120e-01
5.280000e-01  3.302091e-01
5.310000e-01  3.295103e-01
5.340000e-01  3.288156e-01
5.370000e-01  3.281249e-01
5.400000e-01  3.274382e-01
5.430000e-01  3.267553e-01
5.460000e-01  3.260764e-01
5.490000e-01  3.254013e-01
5.520000e-01  3.247299e-01
5.550000e-01  3.240623e-01
5.580000e-01  3.233984e-01
5.610000e-01  3.227382e-01
5.640000e-01  3.220815e-01
5.670000e-01  3.214284e-01
5.700000e-01  3.207788e-01
5.730000e-01  3.201327e-01
5.760000e-01  3.194901e-01
5.790000e-01  3.188508e-01
5.820000e-01  3.182150e-01
5.850000e-01  3.175824e-01
5.880000e-01  3.169531e-01
5.910000e-01  3.163271e-01
5.940000e-01  3.157043e-01
5.970000e-01  3.150847e-01
6.000000e-01  3.144682e-01
6.030000e-01  3.138549e-01
6.060000e-01  3.132446e-01
6.090000e-01  3.126374e-01
6.120000e-01  3.120331e-01
6.150000e-01  3.114319e-01
6.180000e-01  3.108336e-01
6.210000e-01  3.102382e-01
6.240000e-01  3.096457e-01
6.270000e-01  3.090560e-01
6.300000e-01  3.084692e-01
6.330000e-01  3.078852e-01
6.360000e-01  3.073039e-01
6.390000e-01  3.067253e-01
6.420000e-01  3.061495e-01
6.450000e-01  3.055764e-01
6.480000e-01  3.050058e-01
6.510000e-01  3.044380e-01
6.540000e-01  3.038727e-01
6.570000e-01  3.033100e-01
6.600000e-01  3.027498e-01
6.630000e-01  3.021921e-01
6.660000e-01  3.016370e-01
6.690000e-01  3.010843e-01
6.720000e-01  3.005340e-01
6.750000e-01  2.999862e-01
6.780000e-01  2.994407e-01
6.810000e-01  2.988977e-01
6.840000e-01  2.983570e-01
6.870000e-01  2.978185e-01
6.900000e-01  2.972824e-01
6.930000e-01  2.967486e-01
6.960000e-01  2.962171e-01
6.990000e-01  2.956877e-01
7.020000e-01  2.951606e-01
7.050000e-01  2.946357e-01
7.080000e-01  2.941129e-01
7.110000e-01  2.935923e-01
7.140000e-01  2.930739e-01
7.170000e-01  2.925575e-01
7.200000e-01  2.920432e-01
7.230000e-01  2.915310e-01
7.260000e-01  2.910208e-01
7.290000e-01  2.905127e-01
7.320000e-01  2.900066e-01
7.350000e-01  2.895025e-01
7.380000e-01  2.890003e-01
7.410000e-01  2.885001e-01
7.440000e-01  2.880019e-01
7.470000e-01  2.875055e-01
7.500000e-01  2.870111e-01
7.530000e-01  2.865186e-01
7.560000e-01  2.860279e-01
7.590000e-01  2.855390e-01
7.620000e-01  2.850521e-01
7.650000e-01  2.845669e-01
7.680000e-01  2.840835e-01
7.710000e-01  2.836019e-01
7.740000e-01  2.831221e-01
7.770000e-01  2.826440e-01
7.800000e-01  2.821677e-01
7.830000e-01  2.816930e-01
7.860000e-01  2.812201e-01
7.890000e-01  2.807489e-01
7.920000e-01  2.802794e-01
7.950000e-01  2.798115e-01
7.980000e-01  2.793452e-01
8.010000e-01  2.788806e-01
8.040000e-01  2.784176e-01
8.070000e-01  2.779563e-01
8.100000e-01  2.774965e-01
8.130000e-01  2.770382e-01
8.160000e-01  2.765816e-01
8.190000e-01  2.761265e-01
8.220000e-01  2.756729e-01
8.250000e-01  2.752209e-01
8.280000e-01  2.747703e-01
8.310000e-01  2.743213e-01
8.340000e-01  2.738737e-01
8.370000e-01  2.734276e-01
8.400000e-01  2.729830e-01
8.430000e-01  2.725398e-01
8.460000e-01  2.720980e-01
8.490000e-01  2.716577e-01
8.520000e-01  2.712188e-01
8.550000e-01  2.707812e-01
8.580000e-01  2.703451e-01
8.610000e-01  2.699103e-01
8.640000e-01  2.694769e-01
8.670000e-01  2.690449e-01
8.700000e-01  2.686141e-01
8.730000e-01  2.681847e-01
8.760000e-01  2.677567e-01
8.790000e-01  2.673299e-01
8.820000e-01  2.669044e-01
8.850000e-01  2.664802e-01
8.880000e-01  2.660573e-01
8.910000e-01  2.656357e-01
8.940000e-01  2.652153e-01
8.970000e-01  2.647961e-01
9.000000e-01  2.643782e-01
9.030000e-01  2.639615e-01
9.060000e-01  2.635460e-01
9.090000e-01  2.631317e-01
9.120000e-01  2.627186e-01
9.150000e-01  2.623067e-01
9.180000e-01  2.618959e-01
9.210000e-01  2.614863e-01
9.240000e-01  2.610779e-01
9.270000e-01  2.606706e-01
9.300000e-01  2.602645e-01
9.330000e-01  2.598595e-01
9.360000e-01  2.594556e-01
9.390000e-01  2.590528e-01
9.420000e-01  2.586511e-01
9.450000e-01  2.582505e-01
9.480000e-01  2.578509e-01
9.510000e-01  2.574525e-01
9.540000e-01  2.570551e-01
9.570000e-01  2.566587e-01
9.600000e-01  2.562634e-01
9.630000e-01  2.558692e-01
9.660000e-01  2.554759e-01
9.690000e-01  2.550837e-01
9.720000e-01  2.546925e-01
9.750000e-01  2.543023e-01
9.780000e-01  2.539132e-01
9.810000e-01  2.535250e-01
9.840000e-01  2.531377e-01
9.870000e-01  2.527515e-01
9.900000e-01  2.523662e-01
9.930000e-01  2.519819e-01
9.960000e-01  2.515985e-01
9.990000e-01  2.512160e-01
