000000  000001
3.000000e-03  9.309632e-01
6.000000e-03  8.823395e-01
9.000000e-03  8.448653e-01
1.200000e-02  8.144438e-01
1.500000e-02  7.888902e-01
1.800000e-02  7.668983e-01
2.100000e-02  7.476246e-01
2.400000e-02  7.304920e-01
2.700000e-02  7.150889e-01
3.000000e-02  7.011109e-01
3.300000e-02  6.883270e-01
3.600000e-02  6.765575e-01
3.900000e-02  6.656602e-01
4.200000e-02  6.555204e-01
4.500000e-02  6.460444e-01
4.800000e-02  6.371547e-01
5.100000e-02  6.287863e-01
5.400000e-02  6.208844e-01
5.700000e-02  6.134023e-01
6.000000e-02  6.062999e-01
6.300000e-02  5.995423e-01
6.600000e-02  5.930994e-01
6.900000e-02  5.869446e-01
7.200000e-02  5.810546e-01
7.500000e-02  5.754087e-01
7.800000e-02  5.699885e-01
8.100000e-02  5.647776e-01
8.400000e-02  5.597613e-01
8.700000e-02  5.549263e-01
9.000000e-02  5.502606e-01
9.300000e-02  5.457535e-01
9.600000e-02  5.413950e-01
9.900000e-02  5.371762e-01
1.020000e-01  5.330888e-01
1.050000e-01  5.291254e-01
1.080000e-01  5.252790e-01
1.110000e-01  5.215433e-01
1.140000e-01  5.179124e-01
1.170000e-01  5.143809e-01
1.200000e-01  5.109438e-01
1.230000e-01  5.075965e-01
1.260000e-01  5.043345e-01
1.290000e-01  5.011539e-01
1.320000e-01  4.980509e-01
1.350000e-01  4.950219e-01
1.380000e-01  4.920639e-01
1.410000e-01  4.891735e-01
1.440000e-01  4.863481e-01
1.470000e-01  4.835848e-01
1.500000e-01  4.808811e-01
1.530000e-01  4.782346e-01
1.560000e-01  4.756431e-01
1.590000e-01  4.731044e-01
1.620000e-01  4.706166e-01
1.650000e-01  4.681777e-01
1.680000e-01  4.657859e-01
1.710000e-01  4.634396e-01
1.740000e-01  4.611370e-01
1.770000e-01  4.588768e-01
1.800000e-01  4.566573e-01
1.830000e-01  4.544773e-01
1.860000e-01  4.523354e-01
1.890000e-01  4.502304e-01
1.920000e-01  4.481611e-01
1.950000e-01  4.461263e-01
1.980000e-01  4.441249e-01
2.010000e-01  4.421560e-01
2.040000e-01  4.402184e-01
2.070000e-01  4.383114e-01
2.100000e-01  4.364339e-01
2.130000e-01  4.345851e-01
2.160000e-01  4.327642e-01
2.190000e-01  4.309704e-01
2.220000e-01  4.292029e-01
2.250000e-01  4.274610e-01
2.280000e-01  4.257439e-01
2.310000e-01  4.240510e-01
2.340000e-01  4.223817e-01
2.370000e-01  4.207353e-01
2.400000e-01  4.191113e-01
2.430000e-01  4.175090e-01
2.460000e-01  4.159278e-01
2.490000e-01  4.143674e-01
2.520000e-01  4.128271e-01
2.550000e-01  4.113064e-01
2.580000e-01  4.098049e-01
2.610000e-01  4.083221e-01
2.640000e-01  4.068575e-01
2.670000e-01  4.054108e-01
2.700000e-01  4.039814e-01
2.730000e-01  4.025691e-01
2.760000e-01  4.011734e-01
2.790000e-01  3.997939e-01
2.820000e-01  3.984303e-01
2.850000e-01  3.970822e-01
2.880000e-01  3.957493e-01
2.910000e-01  3.944313e-01
2.940000e-01  3.931277e-01
2.970000e-01  3.918384e-01
3.000000e-01  3.905630e-01
3.030000e-01  3.893012e-01
3.060000e-01  3.880528e-01
3.090000e-01  3.868174e-01
3.120000e-01  3.855949e-01
3.150000e-01  3.843848e-01
3.180000e-01  3.831871e-01
3.210000e-01  3.820014e-01
3.240000e-01  3.808275e-01
3.270000e-01  3.796652e-01
3.300000e-01  3.785143e-01
3.330000e-01  3.773745e-01
3.360000e-01  3.762456e-01
3.390000e-01  3.751275e-01
3.420000e-01  3.740198e-01
3.450000e-01  3.729225e-01
3.480000e-01  3.718354e-01
3.510000e-01  3.707581e-01
3.540000e-01  3.696907e-01
3.570000e-01  3.686329e-01
3.600000e-01  3.675844e-01
3.630000e-01  3.665453e-01
3.660000e-01  3.655152e-01
3.690000e-01  3.644941e-01
3.720000e-01  3.634817e-01
3.750000e-01  3.624780e-01
3.780000e-01  3.614828e-01
3.810000e-01  3.604959e-01
3.840000e-01  3.595173e-01
3.870000e-01  3.585467e-01
3.900000e-01  3.575840e-01
3.930000e-01  3.566292e-01
3.960000e-01  3.556820e-01
3.990000e-01  3.547424e-01
4.020000e-01  3.538102e-01
4.050000e-01  3.528853e-01
4.080000e-01  3.519677e-01
4.110000e-01  3.510571e-01
4.140000e-01  3.501535e-01
4.170000e-01  3.492567e-01
4.200000e-01  3.483668e-01
4.230000e-01  3.474835e-01
4.260000e-01  3.466067e-01
4.290000e-01  3.457364e-01
4.320000e-01  3.448725e-01
4.350000e-01  3.440148e-01
4.380000e-01  3.431633e-01
4.410000e-01  3.423179e-01
4.440000e-01  3.414785e-01
4.470000e-01  3.406450e-01
4.500000e-01  3.398173e-01
4.530000e-01  3.389954e-01
4.560000e-01  3.381791e-01
4.590000e-01  3.373684e-01
4.620000e-01  3.365632e-01
4.650000e-01  3.357634e-01
4.680000e-01  3.349690e-01
4.710000e-01  3.341798e-01
4.740000e-01  3.333958e-01
4.770000e-01  3.326170e-01
4.800000e-01  3.318432e-01
4.830000e-01  3.310744e-01
4.860000e-01  3.303106e-01
4.890000e-01  3.295516e-01
4.920000e-01  3.287974e-01
4.950000e-01  3.280479e-01
4.980000e-01  3.273031e-01
5.010000e-01  3.265629e-01
5.040000e-01  3.258272e-01
5.070000e-01  3.250961e-01
5.100000e-01  3.243693e-01
5.130000e-01  3.236470e-01
5.160000e-01  3.229289e-01
5.190000e-01  3.222151e-01
5.220000e-01  3.215055e-01
5.250000e-01  3.208001e-01
5.280000e-01  3.200988e-01
5.310000e-01  3.194016e-01
5.340000e-01  3.187083e-01
5.370000e-01  3.180190e-01
5.400000e-01  3.173336e-01
5.430000e-01  3.166521e-01
5.460000e-01  3.159744e-01
5.490000e-01  3.153004e-01
5.520000e-01  3.146302e-01
5.550000e-01  3.139636e-01
5.580000e-01  3.133007e-01
5.610000e-01  3.126414e-01
5.640000e-01  3.119856e-01
5.670000e-01  3.113333e-01
5.700000e-01  3.106845e-01
5.730000e-01  3.100391e-01
5.760000e-01  3.093971e-01
5.790000e-01  3.087584e-01
5.820000e-01  3.081231e-01
5.850000e-01  3.074910e-01
5.880000e-01  3.068621e-01
5.910000e-01  3.062365e-01
5.940000e-01  3.056140e-01
5.970000e-01  3.049946e-01
6.000000e-01  3.043783e-01
6.030000e-01  3.037651e-01
6.060000e-01  3.031549e-01
6.090000e-01  3.025477e-01
6.120000e-01  3.019435e-01
6.150000e-01  3.013421e-01
6.180000e-01  3.007437e-01
6.210000e-01  3.001481e-01
6.240000e-01  2.995554e-01
6.270000e-01  2.989654e-01
6.300000e-01  2.983782e-01
6.330000e-01  2.977938e-01
6.360000e-01  2.972121e-01
6.390000e-01  2.966330e-01
6.420000e-01  2.960566e-01
6.450000e-01  2.954829e-01
6.480000e-01  2.949117e-01
6.510000e-01  2.943431e-01
6.540000e-01  2.937770e-01
6.570000e-01  2.932135e-01
6.600000e-01  2.926525e-01
6.630000e-01  2.920939e-01
6.660000e-01  2.915377e-01
6.690000e-01  2.909840e-01
6.720000e-01  2.904327e-01
6.750000e-01  2.898837e-01
6.780000e-01  2.893371e-01
6.810000e-01  2.887928e-01
6.840000e-01  2.882508e-01
6.870000e-01  2.877110e-01
6.900000e-01  2.871735e-01
6.930000e-01  2.866383e-01
6.960000e-01  2.861052e-01
6.990000e-01  2.855744e-01
7.020000e-01  2.850457e-01
7.050000e-01  2.845191e-01
7.080000e-01  2.839946e-01
7.110000e-01  2.834723e-01
7.140000e-01  2.829520e-01
7.170000e-01  2.824338e-01
7.200000e-01  2.819176e-01
7.230000e-01  2.814035e-01
7.260000e-01  2.808913e-01
7.290000e-01  2.803812e-01
7.320000e-01  2.798729e-01
7.350000e-01  2.793667e-01
7.380000e-01  2.788623e-01
7.410000e-01  2.783599e-01
7.440000e-01  2.778593e-01
7.470000e-01  2.773606e-01
7.500000e-01  2.768638e-01
7.530000e-01  2.763688e-01
7.560000e-01  2.758756e-01
7.590000e-01  2.753843e-01
7.620000e-01  2.748947e-01
7.650000e-01  2.744068e-01
7.680000e-01  2.739207e-01
7.710000e-01  2.734364e-01
7.740000e-01  2.729538e-01
7.770000e-01  2.724729e-01
7.800000e-01  2.719936e-01
7.830000e-01  2.715160e-01
7.860000e-01  2.710401e-01
7.890000e-01  2.705659e-01
7.920000e-01  2.700932e-01
7.950000e-01  2.696222e-01
7.980000e-01  2.691527e-01
8.010000e-01  2.686849e-01
8.040000e-01  2.682186e-01
8.070000e-01  2.677539e-01
8.100000e-01  2.672906e-01
8.130000e-01  2.668290e-01
8.160000e-01  2.663688e-01
8.190000e-01  2.659101e-01
8.220000e-01  2.654530e-01
8.250000e-01  2.649972e-01
8.280000e-01  2.645430e-01
8.310000e-01  2.640902e-01
8.340000e-01  2.636388e-01
8.370000e-01  2.631889e-01
8.400000e-01  2.627403e-01
8.430000e-01  2.622931e-01
8.460000e-01  2.618474e-01
8.490000e-01  2.614030e-01
8.520000e-01  2.609599e-01
8.550000e-01  2.605182e-01
8.580000e-01  2.600778e-01
8.610000e-01  2.596388e-01
8.640000e-01  2.592010e-01
8.670000e-01  2.587646e-01
8.700000e-01  2.583294e-01
8.730000e-01  2.578955e-01
8.760000e-01  2.574629e-01
8.790000e-01  2.570316e-01
8.820000e-01  2.566014e-01
8.850000e-01  2.561726e-01
8.880000e-01  2.557449e-01
8.910000e-01  2.553184e-01
8.940000e-01  2.548932e-01
8.970000e-01  2.544691e-01
9.000000e-01  2.540462e-01
9.030000e-01  2.536245e-01
9.060000e-01  2.532039e-01
9.090000e-01  2.527845e-01
9.120000e-01  2.523662e-01
9.150000e-01  2.519490e-01
9.180000e-01  2.515330e-01
9.210000e-01  2.511181e-01
9.240000e-01  2.507042e-01
9.270000e-01  2.502915e-01
9.300000e-01  2.498798e-01
9.330000e-01  2.494692e-01
9.360000e-01  2.490597e-01
9.390000e-01  2.486512e-01
9.420000e-01  2.482437e-01
9.450000e-01  2.478373e-01
9.480000e-01  2.474319e-01
9.510000e-01  2.470276e-01
9.540000e-01  2.466242e-01
9.570000e-01  2.462218e-01
9.600000e-01  2.458205e-01
9.630000e-01  2.454200e-01
9.660000e-01  2.450206e-01
9.690000e-01  2.446221e-01
9.720000e-01  2.442246e-01
9.750000e-01  2.438281e-01
9.780000e-01  2.434324e-01
9.810000e-01  2.430377e-01
9.840000e-01  2.426439e-01
9.870000e-01  2.422511e-01
9.900000e-01  2.418591e-01
9.930000e-01  2.414680e-01
9.960000e-01  2.410778e-01
9.990000e-01  2.406885e-01
