000000  000001
3.000000e-03  9.703318e-01
6.000000e-03  9.451395e-01
9.000000e-03  9.232429e-01
1.200000e-02  9.038784e-01
1.500000e-02  8.865224e-01
1.800000e-02  8.707993e-01
2.100000e-02  8.564307e-01
2.400000e-02  8.432039e-01
2.700000e-02  8.309527e-01
3.000000e-02  8.195451e-01
3.300000e-02  8.088738e-01
3.600000e-02  7.988511e-01
3.900000e-02  7.894039e-01
4.200000e-02  7.804708e-01
4.500000e-02  7.719997e-01
4.800000e-02  7.639461e-01
5.100000e-02  7.562715e-01
5.400000e-02  7.489425e-01
5.700000e-02  7.419300e-01
6.000000e-02  7.352081e-01
6.300000e-02  7.287544e-01
6.600000e-02  7.225486e-01
6.900000e-02  7.165728e-01
7.200000e-02  7.108108e-01
7.500000e-02  7.052483e-01
7.800000e-02  6.998720e-01
8.100000e-02  6.946702e-01
8.400000e-02  6.896322e-01
8.700000e-02  6.847480e-01
9.000000e-02  6.800088e-01
9.300000e-02  6.754064e-01
9.600000e-02  6.709333e-01
9.900000e-02  6.665824e-01
1.020000e-01  6.623474e-01
1.050000e-01  6.582224e-01
1.080000e-01  6.542019e-01
1.110000e-01  6.502809e-01
1.140000e-01  6.464545e-01
1.170000e-01  6.427185e-01
1.200000e-01  6.390686e-01
1.230000e-01  6.355011e-01
1.260000e-01  6.320123e-01
1.290000e-01  6.285990e-01
1.320000e-01  6.252578e-01
1.350000e-01  6.219860e-01
1.380000e-01  6.187807e-01
1.410000e-01  6.156392e-01
1.440000e-01  6.125591e-01
1.470000e-01  6.095381e-01
1.500000e-01  6.065739e-01
1.530000e-01  6.036645e-01
1.560000e-01  6.008078e-01
1.590000e-01  5.980021e-01
1.620000e-01  5.952455e-01
1.650000e-01  5.925363e-01
1.680000e-01  5.898730e-01
1.710000e-01  5.872540e-01
1.740000e-01  5.846778e-01
1.770000e-01  5.821431e-01
1.800000e-01  5.796486e-01
1.830000e-01  5.771929e-01
1.860000e-01  5.747750e-01
1.890000e-01  5.723936e-01
1.920000e-01  5.700476e-01
1.950000e-01  5.677361e-01
1.980000e-01  5.654579e-01
2.010000e-01  5.632122e-01
2.040000e-01  5.609980e-01
2.070000e-01  5.588144e-01
2.100000e-01  5.566606e-01
2.130000e-01  5.545358e-01
2.160000e-01  5.524392e-01
2.190000e-01  5.503700e-01
2.220000e-01  5.483275e-01
2.250000e-01  5.463110e-01
2.280000e-01  5.443198e-01
2.310000e-01  5.423534e-01
2.340000e-01  5.404110e-01
2.370000e-01  5.384921e-01
2.400000e-01  5.365961e-01
2.430000e-01  5.347225e-01
2.460000e-01  5.328707e-01
2.490000e-01  5.310401e-01
2.520000e-01  5.292304e-01
2.550000e-01  5.274410e-01
2.580000e-01  5.256714e-01
2.610000e-01  5.239212e-01
2.640000e-01  5.221899e-01
2.670000e-01  5.204772e-01
2.700000e-01  5.187826e-01
2.730000e-01  5.171057e-01
2.760000e-01  5.154461e-01
2.790000e-01  5.138035e-01
2.820000e-01  5.121775e-01
2.850000e-01  5.105678e-01
2.880000e-01  5.089740e-01
2.910000e-01  5.073957e-01
2.940000e-01  5.058327e-01
2.970000e-01  5.042847e-01
3.000000e-01  5.027514e-01
3.030000e-01  5.012323e-01
3.060000e-01  4.997274e-01
3.090000e-01  4.982363e-01
3.120000e-01  4.967587e-01
3.150000e-01  4.952944e-01
3.180000e-01  4.938431e-01
3.210000e-01  4.924045e-01
3.240000e-01  4.909785e-01
3.270000e-01  4.895648e-01
3.300000e-01  4.881632e-01
3.330000e-01  4.867734e-01
3.360000e-01  4.853952e-01
3.390000e-01  4.840285e-01
3.420000e-01  4.826730e-01
3.450000e-01  4.813285e-01
3.480000e-01  4.799948e-01
3.510000e-01  4.786717e-01
3.540000e-01  4.773591e-01
3.570000e-01  4.760568e-01
3.600000e-01  4.747645e-01
3.630000e-01  4.734822e-01
3.660000e-01  4.722096e-01
3.690000e-01  4.709466e-01
3.720000e-01  4.696930e-01
3.750000e-01  4.684487e-01
3.780000e-01  4.672135e-01
3.810000e-01  4.659872e-01
3.840000e-01  4.647698e-01
3.870000e-01  4.635611e-01
3.900000e-01  4.623609e-01
3.930000e-01  4.611691e-01
3.960000e-01  4.599856e-01
3.990000e-01  4.588102e-01
4.020000e-01  4.576428e-01
4.050000e-01  4.564833e-01
4.080000e-01  4.553316e-01
4.110000e-01  4.541875e-01
4.140000e-01  4.530509e-01
4.170000e-01  4.519218e-01
4.200000e-01  4.507999e-01
4.230000e-01  4.496853e-01
4.260000e-01  4.485777e-01
4.290000e-01  4.474771e-01
4.320000e-01  4.463834e-01
4.350000e-01  4.452964e-01
4.380000e-01  4.442162e-01
4.410000e-01  4.431425e-01
4.440000e-01  4.420753e-01
4.470000e-01  4.410144e-01
4.500000e-01  4.399599e-01
4.530000e-01  4.389116e-01
4.560000e-01  4.378694e-01
4.590000e-01  4.368332e-01
4.620000e-01  4.358030e-01
4.650000e-01  4.347786e-01
4.680000e-01  4.337600e-01
4.710000e-01  4.327472e-01
4.740000e-01  4.317399e-01
4.770000e-01  4.307382e-01
4.800000e-01  4.297420e-01
4.830000e-01  4.287511e-01
4.860000e-01  4.277656e-01
4.890000e-01  4.267853e-01
4.920000e-01  4.258102e-01
4.950000e-01  4.248402e-01
4.980000e-01  4.238753e-01
5.010000e-01  4.229153e-01
5.040000e-01  4.219603e-01
5.070000e-01  4.210101e-01
5.100000e-01  4.200646e-01
5.130000e-01  4.191239e-01
5.160000e-01  4.181879e-01
5.190000e-01  4.172564e-01
5.220000e-01  4.163295e-01
5.250000e-01  4.154070e-01
5.280000e-01  4.144890e-01
5.310000e-01  4.135753e-01
5.340000e-01  4.126659e-01
5.370000e-01  4.117608e-01
5.400000e-01  4.108599e-01
5.430000e-01  4.099631e-01
5.460000e-01  4.090704e-01
5.490000e-01  4.081818e-01
5.520000e-01  4.072971e-01
5.550000e-01  4.064164e-01
5.580000e-01  4.055396e-01
5.610000e-01  4.046666e-01
5.640000e-01  4.037974e-01
5.670000e-01  4.029320e-01
5.700000e-01  4.020703e-01
5.730000e-01  4.012122e-01
5.760000e-01  4.003577e-01
5.790000e-01  3.995068e-01
5.820000e-01  3.986594e-01
5.850000e-01  3.978154e-01
5.880000e-01  3.969749e-01
5.910000e-01  3.961378e-01
5.940000e-01  3.953041e-01
5.970000e-01  3.944737e-01
6.000000e-01  3.936465e-01
6.030000e-01  3.928225e-01
6.060000e-01  3.920018e-01
6.090000e-01  3.911842e-01
6.120000e-01  3.903697e-01
6.150000e-01  3.895583e-01
6.180000e-01  3.887499e-01
6.210000e-01  3.879445e-01
6.240000e-01  3.871421e-01
6.270000e-01  3.863426e-01
6.300000e-01  3.855460e-01
6.330000e-01  3.847523e-01
6.360000e-01  3.839614e-01
6.390000e-01  3.831733e-01
6.420000e-01  3.823879e-01
6.450000e-01  3.816053e-01
6.480000e-01  3.808253e-01
6.510000e-01  3.800480e-01
6.540000e-01  3.792734e-01
6.570000e-01  3.785013e-01
6.600000e-01  3.777317e-01
6.630000e-01  3.769648e-01
6.660000e-01  3.762003e-01
6.690000e-01  3.754382e-01
6.720000e-01  3.746787e-01
6.750000e-01  3.739215e-01
6.780000e-01  3.731667e-01
6.810000e-01  3.724142e-01
6.840000e-01  3.716641e-01
6.870000e-01  3.709163e-01
6.900000e-01  3.701707e-01
6.930000e-01  3.694274e-01
6.960000e-01  3.686863e-01
6.990000e-01  3.679473e-01
7.020000e-01  3.672105e-01
7.050000e-01  3.664759e-01
7.080000e-01  3.657433e-01
7.110000e-01  3.650128e-01
7.140000e-01  3.642844e-01
7.170000e-01  3.635580e-01
7.200000e-01  3.628336e-01
7.230000e-01  3.621111e-01
7.260000e-01  3.613906e-01
7.290000e-01  3.606720e-01
7.320000e-01  3.599554e-01
7.350000e-01  3.592406e-01
7.380000e-01  3.585276e-01
7.410000e-01  3.578165e-01
7.440000e-01  3.571071e-01
7.470000e-01  3.563995e-01
7.500000e-01  3.556937e-01
7.530000e-01  3.549896e-01
7.560000e-01  3.542873e-01
7.590000e-01  3.535866e-01
7.620000e-01  3.528875e-01
7.650000e-01  3.521901e-01
7.680000e-01  3.514943e-01
7.710000e-01  3.508001e-01
7.740000e-01  3.501075e-01
7.770000e-01  3.494164e-01
7.800000e-01  3.487269e-01
7.830000e-01  3.480388e-01
7.860000e-01  3.473523e-01
7.890000e-01  3.466671e-01
7.920000e-01  3.459835e-01
7.950000e-01  3.453012e-01
7.980000e-01  3.446204e-01
8.010000e-01  3.439409e-01
8.040000e-01  3.432627e-01
8.070000e-01  3.425859e-01
8.100000e-01  3.419104e-01
8.130000e-01  3.412362e-01
8.160000e-01  3.405633e-01
8.190000e-01  3.398916e-01
8.220000e-01  3.392212e-01
8.250000e-01  3.385519e-01
8.280000e-01  3.378839e-01
8.310000e-01  3.372170e-01
8.340000e-01  3.365513e-01
8.370000e-01  3.358866e-01
8.400000e-01  3.352231e-01
8.430000e-01  3.345607e-01
8.460000e-01  3.338994e-01
8.490000e-01  3.332391e-01
8.520000e-01  3.325798e-01
8.550000e-01  3.319215e-01
8.580000e-01  3.312642e-01
8.610000e-01  3.306079e-01
8.640000e-01  3.299526e-01
8.670000e-01  3.292981e-01
8.700000e-01  3.286446e-01
8.730000e-01  3.279920e-01
8.760000e-01  3.273402e-01
8.790000e-01  3.266893e-01
8.820000e-01  3.260392e-01
8.850000e-01  3.253899e-01
8.880000e-01  3.247414e-01
8.910000e-01  3.240937e-01
8.940000e-01  3.234467e-01
8.970000e-01  3.228005e-01
9.000000e-01  3.221550e-01
9.030000e-01  3.215102e-01
9.060000e-01  3.208660e-01
9.090000e-01  3.202225e-01
9.120000e-01  3.195796e-01
9.150000e-01  3.189373e-01
9.180000e-01  3.182957e-01
9.210000e-01  3.176546e-01
9.240000e-01  3.170140e-01
9.270000e-01  3.163740e-01
9.300000e-01  3.157345e-01
9.330000e-01  3.150955e-01
9.360000e-01  3.144569e-01
9.390000e-01  3.138188e-01
9.420000e-01  3.131812e-01
9.450000e-01  3.125439e-01
9.480000e-01  3.119070e-01
9.510000e-01  3.112705e-01
9.540000e-01  3.106344e-01
9.570000e-01  3.099985e-01
9.600000e-01  3.093630e-01
9.630000e-01  3.087277e-01
9.660000e-01  3.080927e-01
9.690000e-01  3.074580e-01
9.720000e-01  3.068234e-01
9.750000e-01  3.061891e-01
9.780000e-01  3.055549e-01
9.810000e-01  3.049209e-01
9.840000e-01  3.042870e-01
9.870000e-01  3.036532e-01
9.900000e-01  3.030195e-01
9.930000e-01  3.023858e-01
9.960000e-01  3.017522e-01
9.990000e-01  000000
