000000  000001
3.000000e-03  9.636167e-01
6.000000e-03  9.337452e-01
9.000000e-03  9.083992e-01
1.200000e-02  8.863884e-01
1.500000e-02  8.669404e-01
1.800000e-02  8.495247e-01
2.100000e-02  8.337608e-01
2.400000e-02  8.193659e-01
2.700000e-02  8.061244e-01
3.000000e-02  7.938678e-01
3.300000e-02  7.824620e-01
3.600000e-02  7.717985e-01
3.900000e-02  7.617883e-01
4.200000e-02  7.523574e-01
4.500000e-02  7.434436e-01
4.800000e-02  7.349942e-01
5.100000e-02  7.269641e-01
5.400000e-02  7.193146e-01
5.700000e-02  7.120117e-01
6.000000e-02  7.050262e-01
6.300000e-02  6.983320e-01
6.600000e-02  6.919062e-01
6.900000e-02  6.857287e-01
7.200000e-02  6.797812e-01
7.500000e-02  6.740476e-01
7.800000e-02  6.685132e-01
8.100000e-02  6.631649e-01
8.400000e-02  6.579909e-01
8.700000e-02  6.529802e-01
9.000000e-02  6.481230e-01
9.300000e-02  6.434104e-01
9.600000e-02  6.388341e-01
9.900000e-02  6.343865e-01
1.020000e-01  6.300607e-01
1.050000e-01  6.258503e-01
1.080000e-01  6.217493e-01
1.110000e-01  6.177522e-01
1.140000e-01  6.138539e-01
1.170000e-01  6.100498e-01
1.200000e-01  6.063354e-01
1.230000e-01  6.027065e-01
1.260000e-01  5.991594e-01
1.290000e-01  5.956905e-01
1.320000e-01  5.922963e-01
1.350000e-01  5.889738e-01
1.380000e-01  5.857199e-01
1.410000e-01  5.825320e-01
1.440000e-01  5.794073e-01
1.470000e-01  5.763434e-01
1.500000e-01  5.733380e-01
1.530000e-01  5.703888e-01
1.560000e-01  5.674937e-01
1.590000e-01  5.646509e-01
1.620000e-01  5.618584e-01
1.650000e-01  5.591144e-01
1.680000e-01  5.564173e-01
1.710000e-01  5.537655e-01
1.740000e-01  5.511574e-01
1.770000e-01  5.485917e-01
1.800000e-01  5.460668e-01
1.830000e-01  5.435815e-01
1.860000e-01  5.411346e-01
1.890000e-01  5.387249e-01
1.920000e-01  5.363512e-01
1.950000e-01  5.340123e-01
1.980000e-01  5.317074e-01
2.010000e-01  5.294354e-01
2.040000e-01  5.271952e-01
2.070000e-01  5.249861e-01
2.100000e-01  5.228071e-01
2.130000e-01  5.206573e-01
2.160000e-01  5.185361e-01
2.190000e-01  5.164425e-01
2.220000e-01  5.143758e-01
2.250000e-01  5.123354e-01
2.280000e-01  5.103205e-01
2.310000e-01  5.083305e-01
2.340000e-01  5.063647e-01
2.370000e-01  5.044226e-01
2.400000e-01  5.025034e-01
2.430000e-01  5.006067e-01
2.460000e-01  4.987318e-01
2.490000e-01  4.968783e-01
2.520000e-01  4.950457e-01
2.550000e-01  4.932334e-01
2.580000e-01  4.914409e-01
2.610000e-01  4.896679e-01
2.640000e-01  4.879137e-01
2.670000e-01  4.861781e-01
2.700000e-01  4.844606e-01
2.730000e-01  4.827608e-01
2.760000e-01  4.810783e-01
2.790000e-01  4.794126e-01
2.820000e-01  4.777635e-01
2.850000e-01  4.761306e-01
2.880000e-01  4.745135e-01
2.910000e-01  4.729119e-01
2.940000e-01  4.713255e-01
2.970000e-01  4.697539e-01
3.000000e-01  4.681969e-01
3.030000e-01  4.666541e-01
3.060000e-01  4.651252e-01
3.090000e-01  4.636101e-01
3.120000e-01  4.621083e-01
3.150000e-01  4.606196e-01
3.180000e-01  4.591438e-01
3.210000e-01  4.576806e-01
3.240000e-01  4.562298e-01
3.270000e-01  4.547911e-01
3.300000e-01  4.533643e-01
3.330000e-01  4.519492e-01
3.360000e-01  4.505456e-01
3.390000e-01  4.491531e-01
3.420000e-01  4.477717e-01
3.450000e-01  4.464011e-01
3.480000e-01  4.450411e-01
3.510000e-01  4.436916e-01
3.540000e-01  4.423523e-01
3.570000e-01  4.410230e-01
3.600000e-01  4.397036e-01
3.630000e-01  4.383939e-01
3.660000e-01  4.370938e-01
3.690000e-01  4.358030e-01
3.720000e-01  4.345214e-01
3.750000e-01  4.332488e-01
3.780000e-01  4.319851e-01
3.810000e-01  4.307301e-01
3.840000e-01  4.294837e-01
3.870000e-01  4.282457e-01
3.900000e-01  4.270160e-01
3.930000e-01  4.257944e-01
3.960000e-01  4.245809e-01
3.990000e-01  4.233752e-01
4.020000e-01  4.221773e-01
4.050000e-01  4.209869e-01
4.080000e-01  4.198041e-01
4.110000e-01  4.186287e-01
4.140000e-01  4.174605e-01
4.170000e-01  4.162994e-01
4.200000e-01  4.151453e-01
4.230000e-01  4.139982e-01
4.260000e-01  4.128578e-01
4.290000e-01  4.117241e-01
4.320000e-01  4.105970e-01
4.350000e-01  4.094764e-01
4.380000e-01  4.083621e-01
4.410000e-01  4.072541e-01
4.440000e-01  4.061523e-01
4.470000e-01  4.050565e-01
4.500000e-01  4.039667e-01
4.530000e-01  4.028829e-01
4.560000e-01  4.018048e-01
4.590000e-01  4.007324e-01
4.620000e-01  3.996656e-01
4.650000e-01  3.986044e-01
4.680000e-01  3.975486e-01
4.710000e-01  3.964981e-01
4.740000e-01  3.954530e-01
4.770000e-01  3.944130e-01
4.800000e-01  3.933782e-01
4.830000e-01  3.923484e-01
4.860000e-01  3.913236e-01
4.890000e-01  3.903036e-01
4.920000e-01  3.892885e-01
4.950000e-01  3.882781e-01
4.980000e-01  3.872724e-01
5.010000e-01  3.862713e-01
5.040000e-01  3.852747e-01
5.070000e-01  3.842826e-01
5.100000e-01  3.832948e-01
5.130000e-01  3.823114e-01
5.160000e-01  3.813323e-01
5.190000e-01  3.803574e-01
5.220000e-01  3.793866e-01
5.250000e-01  3.784198e-01
5.280000e-01  3.774571e-01
5.310000e-01  3.764983e-01
5.340000e-01  3.755434e-01
5.370000e-01  3.745924e-01
5.400000e-01  3.736451e-01
5.430000e-01  3.727015e-01
5.460000e-01  3.717616e-01
5.490000e-01  3.708252e-01
5.520000e-01  3.698925e-01
5.550000e-01  3.689632e-01
5.580000e-01  3.680373e-01
5.610000e-01  3.671149e-01
5.640000e-01  3.661957e-01
5.670000e-01  3.652798e-01
5.700000e-01  3.643672e-01
5.730000e-01  3.634577e-01
5.760000e-01  3.625514e-01
5.790000e-01  3.616481e-01
5.820000e-01  3.607479e-01
5.850000e-01  3.598506e-01
5.880000e-01  3.589563e-01
5.910000e-01  3.580649e-01
5.940000e-01  3.571762e-01
5.970000e-01  3.562904e-01
6.000000e-01  3.554073e-01
6.030000e-01  3.545269e-01
6.060000e-01  3.536492e-01
6.090000e-01  3.527740e-01
6.120000e-01  3.519014e-01
6.150000e-01  3.510314e-01
6.180000e-01  3.501638e-01
6.210000e-01  3.492986e-01
6.240000e-01  3.484358e-01
6.270000e-01  3.475754e-01
6.300000e-01  3.467172e-01
6.330000e-01  3.458613e-01
6.360000e-01  3.450077e-01
6.390000e-01  3.441562e-01
6.420000e-01  3.433068e-01
6.450000e-01  3.424595e-01
6.480000e-01  3.416143e-01
6.510000e-01  3.407711e-01
6.540000e-01  3.399298e-01
6.570000e-01  3.390905e-01
6.600000e-01  3.382531e-01
6.630000e-01  3.374175e-01
6.660000e-01  3.365837e-01
6.690000e-01  3.357517e-01
6.720000e-01  3.349214e-01
6.750000e-01  3.340928e-01
6.780000e-01  3.332659e-01
6.810000e-01  3.324406e-01
6.840000e-01  3.316168e-01
6.870000e-01  3.307946e-01
6.900000e-01  3.299739e-01
6.930000e-01  3.291546e-01
6.960000e-01  3.283368e-01
6.990000e-01  3.275203e-01
7.020000e-01  3.267051e-01
7.050000e-01  3.258913e-01
7.080000e-01  3.250788e-01
7.110000e-01  3.242674e-01
7.140000e-01  3.234573e-01
7.170000e-01  3.226482e-01
7.200000e-01  3.218403e-01
7.230000e-01  3.210335e-01
7.260000e-01  3.202277e-01
7.290000e-01  3.194229e-01
7.320000e-01  3.186190e-01
7.350000e-01  3.178161e-01
7.380000e-01  3.170140e-01
7.410000e-01  3.162128e-01
7.440000e-01  3.154123e-01
7.470000e-01  3.146126e-01
7.500000e-01  3.138136e-01
7.530000e-01  3.130153e-01
7.560000e-01  3.122177e-01
7.590000e-01  3.114206e-01
7.620000e-01  3.106240e-01
7.650000e-01  3.098280e-01
7.680000e-01  3.090324e-01
7.710000e-01  3.082373e-01
7.740000e-01  3.074425e-01
7.770000e-01  3.066481e-01
7.800000e-01  3.058539e-01
7.830000e-01  3.050601e-01
7.860000e-01  3.042664e-01
7.890000e-01  3.034729e-01
7.920000e-01  3.026795e-01
7.950000e-01  3.018861e-01
7.980000e-01  000000
8.010000e-01  000000
8.040000e-01  000000
8.070000e-01  000000
8.100000e-01  000000
8.130000e-01  000000
8.160000e-01  000000
8.190000e-01  000000
8.220000e-01  000000
8.250000e-01  000000
8.280000e-01  000000
8.310000e-01  000000
8.340000e-01  000000
8.370000e-01  000000
8.400000e-01  000000
8.430000e-01  000000
8.460000e-01  000000
8.490000e-01  000000
8.520000e-01  000000
8.550000e-01  000000
8.580000e-01  000000
8.610000e-01  000000
8.640000e-01  000000
8.670000e-01  000000
8.700000e-01  000000
8.730000e-01  000000
8.760000e-01  000000
8.790000e-01  000000
8.820000e-01  000000
8.850000e-01  000000
8.880000e-01  000000
8.910000e-01  000000
8.940000e-01  000000
8.970000e-01  000000
9.000000e-01  000000
9.030000e-01  000000
9.060000e-01  000000
9.090000e-01  000000
9.120000e-01  000000
9.150000e-01  000000
9.180000e-01  000000
9.210000e-01  000000
9.240000e-01  000000
9.270000e-01  000000
9.300000e-01  000000
9.330000e-01  000000
9.360000e-01  000000
9.390000e-01  000000
9.420000e-01  000000
9.450000e-01  000000
9.480000e-01  000000
9.510000e-01  000000
9.540000e-01  000000
9.570000e-01  000000
9.600000e-01  000000
9.630000e-01  000000
9.660000e-01  000000
9.690000e-01  000000
9.720000e-01  000000
9.750000e-01  000000
9.780000e-01  000000
9.810000e-01  000000
9.840000e-01  000000
9.870000e-01  000000
9.900000e-01  000000
9.930000e-01  000000
9.960000e-01  000000
9.990000e-01  000000
