000000  000001
3.000000e-03  9.398015e-01
6.000000e-03  8.956050e-01
9.000000e-03  8.606742e-01
1.200000e-02  8.318107e-01
1.500000e-02  8.072346e-01
1.800000e-02  7.858502e-01
2.100000e-02  7.669344e-01
2.400000e-02  7.499845e-01
2.700000e-02  7.346366e-01
3.000000e-02  7.206191e-01
3.300000e-02  7.077236e-01
3.600000e-02  6.957868e-01
3.900000e-02  6.846783e-01
4.200000e-02  6.742926e-01
4.500000e-02  6.645429e-01
4.800000e-02  6.553569e-01
5.100000e-02  6.466738e-01
5.400000e-02  6.384423e-01
5.700000e-02  6.306183e-01
6.000000e-02  6.231636e-01
6.300000e-02  6.160454e-01
6.600000e-02  6.092348e-01
6.900000e-02  6.027065e-01
7.200000e-02  5.964381e-01
7.500000e-02  5.904098e-01
7.800000e-02  5.846038e-01
8.100000e-02  5.790043e-01
8.400000e-02  5.735970e-01
8.700000e-02  5.683692e-01
9.000000e-02  5.633092e-01
9.300000e-02  5.584064e-01
9.600000e-02  5.536512e-01
9.900000e-02  5.490349e-01
1.020000e-01  5.445494e-01
1.050000e-01  5.401873e-01
1.080000e-01  5.359419e-01
1.110000e-01  5.318069e-01
1.140000e-01  5.277766e-01
1.170000e-01  5.238455e-01
1.200000e-01  5.200087e-01
1.230000e-01  5.162617e-01
1.260000e-01  5.126001e-01
1.290000e-01  5.090199e-01
1.320000e-01  5.055174e-01
1.350000e-01  5.020892e-01
1.380000e-01  4.987318e-01
1.410000e-01  4.954423e-01
1.440000e-01  4.922178e-01
1.470000e-01  4.890556e-01
1.500000e-01  4.859531e-01
1.530000e-01  4.829079e-01
1.560000e-01  4.799178e-01
1.590000e-01  4.769806e-01
1.620000e-01  4.740942e-01
1.650000e-01  4.712569e-01
1.680000e-01  4.684666e-01
1.710000e-01  4.657218e-01
1.740000e-01  4.630208e-01
1.770000e-01  4.603620e-01
1.800000e-01  4.577440e-01
1.830000e-01  4.551653e-01
1.860000e-01  4.526246e-01
1.890000e-01  4.501206e-01
1.920000e-01  4.476521e-01
1.950000e-01  4.452179e-01
1.980000e-01  4.428170e-01
2.010000e-01  4.404482e-01
2.040000e-01  4.381105e-01
2.070000e-01  4.358030e-01
2.100000e-01  4.335247e-01
2.130000e-01  4.312747e-01
2.160000e-01  4.290521e-01
2.190000e-01  4.268562e-01
2.220000e-01  4.246861e-01
2.250000e-01  4.225410e-01
2.280000e-01  4.204203e-01
2.310000e-01  4.183232e-01
2.340000e-01  4.162491e-01
2.370000e-01  4.141972e-01
2.400000e-01  4.121669e-01
2.430000e-01  4.101577e-01
2.460000e-01  4.081690e-01
2.490000e-01  4.062000e-01
2.520000e-01  4.042505e-01
2.550000e-01  4.023197e-01
2.580000e-01  4.004071e-01
2.610000e-01  3.985123e-01
2.640000e-01  3.966348e-01
2.670000e-01  3.947742e-01
2.700000e-01  3.929298e-01
2.730000e-01  3.911014e-01
2.760000e-01  3.892885e-01
2.790000e-01  3.874906e-01
2.820000e-01  3.857074e-01
2.850000e-01  3.839385e-01
2.880000e-01  3.821835e-01
2.910000e-01  3.804420e-01
2.940000e-01  3.787136e-01
2.970000e-01  3.769981e-01
3.000000e-01  3.752949e-01
3.030000e-01  3.736040e-01
3.060000e-01  3.719248e-01
3.090000e-01  3.702570e-01
3.120000e-01  3.686005e-01
3.150000e-01  3.669548e-01
3.180000e-01  3.653196e-01
3.210000e-01  3.636947e-01
3.240000e-01  3.620798e-01
3.270000e-01  3.604745e-01
3.300000e-01  3.588787e-01
3.330000e-01  3.572920e-01
3.360000e-01  3.557142e-01
3.390000e-01  3.541450e-01
3.420000e-01  3.525841e-01
3.450000e-01  3.510314e-01
3.480000e-01  3.494865e-01
3.510000e-01  3.479492e-01
3.540000e-01  3.464193e-01
3.570000e-01  3.448965e-01
3.600000e-01  3.433806e-01
3.630000e-01  3.418713e-01
3.660000e-01  3.403685e-01
3.690000e-01  3.388719e-01
3.720000e-01  3.373812e-01
3.750000e-01  3.358963e-01
3.780000e-01  3.344169e-01
3.810000e-01  3.329427e-01
3.840000e-01  3.314737e-01
3.870000e-01  3.300095e-01
3.900000e-01  3.285500e-01
3.930000e-01  3.270948e-01
3.960000e-01  3.256439e-01
3.990000e-01  3.241969e-01
4.020000e-01  3.227537e-01
4.050000e-01  3.213140e-01
4.080000e-01  3.198777e-01
4.110000e-01  3.184444e-01
4.140000e-01  3.170140e-01
4.170000e-01  3.155863e-01
4.200000e-01  3.141609e-01
4.230000e-01  3.127378e-01
4.260000e-01  3.113166e-01
4.290000e-01  3.098972e-01
4.320000e-01  3.084792e-01
4.350000e-01  3.070625e-01
4.380000e-01  3.056468e-01
4.410000e-01  3.042319e-01
4.440000e-01  3.028174e-01
4.470000e-01  000000
4.500000e-01  000000
4.530000e-01  000000
4.560000e-01  000000
4.590000e-01  000000
4.620000e-01  000000
4.650000e-01  000000
4.680000e-01  000000
4.710000e-01  000000
4.740000e-01  000000
4.770000e-01  000000
4.800000e-01  000000
4.830000e-01  000000
4.860000e-01  000000
4.890000e-01  000000
4.920000e-01  000000
4.950000e-01  000000
4.980000e-01  000000
5.010000e-01  000000
5.040000e-01  000000
5.070000e-01  000000
5.100000e-01  000000
5.130000e-01  000000
5.160000e-01  000000
5.190000e-01  000000
5.220000e-01  000000
5.250000e-01  000000
5.280000e-01  000000
5.310000e-01  000000
5.340000e-01  000000
5.370000e-01  000000
5.400000e-01  000000
5.430000e-01  000000
5.460000e-01  000000
5.490000e-01  000000
5.520000e-01  000000
5.550000e-01  000000
5.580000e-01  000000
5.610000e-01  000000
5.640000e-01  000000
5.670000e-01  000000
5.700000e-01  000000
5.730000e-01  000000
5.760000e-01  000000
5.790000e-01  000000
5.820000e-01  000000
5.850000e-01  000000
5.880000e-01  000000
5.910000e-01  000000
5.940000e-01  000000
5.970000e-01  000000
6.000000e-01  000000
6.030000e-01  000000
6.060000e-01  000000
6.090000e-01  000000
6.120000e-01  000000
6.150000e-01  000000
6.180000e-01  000000
6.210000e-01  000000
6.240000e-01  000000
6.270000e-01  000000
6.300000e-01  000000
6.330000e-01  000000
6.360000e-01  000000
6.390000e-01  000000
6.420000e-01  000000
6.450000e-01  000000
6.480000e-01  000000
6.510000e-01  000000
6.540000e-01  000000
6.570000e-01  000000
6.600000e-01  000000
6.630000e-01  000000
6.660000e-01  000000
6.690000e-01  000000
6.720000e-01  000000
6.750000e-01  000000
6.780000e-01  000000
6.810000e-01  000000
6.840000e-01  000000
6.870000e-01  000000
6.900000e-01  000000
6.930000e-01  000000
6.960000e-01  000000
6.990000e-01  000000
7.020000e-01  000000
7.050000e-01  000000
7.080000e-01  000000
7.110000e-01  000000
7.140000e-01  000000
7.170000e-01  000000
7.200000e-01  000000
7.230000e-01  000000
7.260000e-01  000000
7.290000e-01  000000
7.320000e-01  000000
7.350000e-01  000000
7.380000e-01  000000
7.410000e-01  000000
7.440000e-01  000000
7.470000e-01  000000
7.500000e-01  000000
7.530000e-01  000000
7.560000e-01  000000
7.590000e-01  000000
7.620000e-01  000000
7.650000e-01  000000
7.680000e-01  000000
7.710000e-01  000000
7.740000e-01  000000
7.770000e-01  000000
7.800000e-01  000000
7.830000e-01  000000
7.860000e-01  000000
7.890000e-01  000000
7.920000e-01  000000
7.950000e-01  000000
7.980000e-01  000000
8.010000e-01  000000
8.040000e-01  000000
8.070000e-01  000000
8.100000e-01  000000
8.130000e-01  000000
8.160000e-01  000000
8.190000e-01  000000
8.220000e-01  000000
8.250000e-01  000000
8.280000e-01  000000
8.310000e-01  000000
8.340000e-01  000000
8.370000e-01  000000
8.400000e-01  000000
8.430000e-01  000000
8.460000e-01  000000
8.490000e-01  000000
8.520000e-01  000000
8.550000e-01  000000
8.580000e-01  000000
8.610000e-01  000000
8.640000e-01  000000
8.670000e-01  000000
8.700000e-01  000000
8.730000e-01  000000
8.760000e-01  000000
8.790000e-01  000000
8.820000e-01  000000
8.850000e-01  000000
8.880000e-01  000000
8.910000e-01  000000
8.940000e-01  000000
8.970000e-01  000000
9.000000e-01  000000
9.030000e-01  000000
9.060000e-01  000000
9.090000e-01  000000
9.120000e-01  000000
9.150000e-01  000000
9.180000e-01  000000
9.210000e-01  000000
9.240000e-01  000000
9.270000e-01  000000
9.300000e-01  000000
9.330000e-01  000000
9.360000e-01  000000
9.390000e-01  000000
9.420000e-01  000000
9.450000e-01  000000
9.480000e-01  000000
9.510000e-01  000000
9.540000e-01  000000
9.570000e-01  000000
9.600000e-01  000000
9.630000e-01  000000
9.660000e-01  000000
9.690000e-01  000000
9.720000e-01  000000
9.750000e-01  000000
9.780000e-01  000000
9.810000e-01  000000
9.840000e-01  000000
9.870000e-01  000000
9.900000e-01  000000
9.930000e-01  000000
9.960000e-01  000000
9.990000e-01  000000
