000000  000001
3.000000e-03  9.680501e-01
6.000000e-03  9.412321e-01
9.000000e-03  9.181179e-01
1.200000e-02  8.978080e-01
1.500000e-02  8.796975e-01
1.800000e-02  8.633592e-01
2.100000e-02  8.484800e-01
2.400000e-02  8.348232e-01
2.700000e-02  8.222057e-01
3.000000e-02  8.104826e-01
3.300000e-02  7.995373e-01
3.600000e-02  7.892746e-01
3.900000e-02  7.796159e-01
4.200000e-02  7.704951e-01
4.500000e-02  7.618567e-01
4.800000e-02  7.536531e-01
5.100000e-02  7.458434e-01
5.400000e-02  7.383923e-01
5.700000e-02  7.312689e-01
6.000000e-02  7.244462e-01
6.300000e-02  7.179002e-01
6.600000e-02  7.116100e-01
6.900000e-02  7.055566e-01
7.200000e-02  6.997231e-01
7.500000e-02  6.940945e-01
7.800000e-02  6.886572e-01
8.100000e-02  6.833987e-01
8.400000e-02  6.783080e-01
8.700000e-02  6.733748e-01
9.000000e-02  6.685898e-01
9.300000e-02  6.639446e-01
9.600000e-02  6.594314e-01
9.900000e-02  6.550429e-01
1.020000e-01  6.507726e-01
1.050000e-01  6.466144e-01
1.080000e-01  6.425625e-01
1.110000e-01  6.386119e-01
1.140000e-01  6.347576e-01
1.170000e-01  6.309950e-01
1.200000e-01  6.273200e-01
1.230000e-01  6.237287e-01
1.260000e-01  6.202173e-01
1.290000e-01  6.167823e-01
1.320000e-01  6.134207e-01
1.350000e-01  6.101292e-01
1.380000e-01  6.069051e-01
1.410000e-01  6.037457e-01
1.440000e-01  6.006484e-01
1.470000e-01  5.976109e-01
1.500000e-01  5.946309e-01
1.530000e-01  5.917062e-01
1.560000e-01  5.888349e-01
1.590000e-01  5.860151e-01
1.620000e-01  5.832448e-01
1.650000e-01  5.805224e-01
1.680000e-01  5.778463e-01
1.710000e-01  5.752149e-01
1.740000e-01  5.726268e-01
1.770000e-01  5.700804e-01
1.800000e-01  5.675746e-01
1.830000e-01  5.651079e-01
1.860000e-01  5.626792e-01
1.890000e-01  5.602873e-01
1.920000e-01  5.579312e-01
1.950000e-01  5.556096e-01
1.980000e-01  5.533217e-01
2.010000e-01  5.510664e-01
2.040000e-01  5.488428e-01
2.070000e-01  5.466500e-01
2.100000e-01  5.444871e-01
2.130000e-01  5.423534e-01
2.160000e-01  5.402480e-01
2.190000e-01  5.381701e-01
2.220000e-01  5.361190e-01
2.250000e-01  5.340941e-01
2.280000e-01  5.320946e-01
2.310000e-01  5.301200e-01
2.340000e-01  5.281694e-01
2.370000e-01  5.262425e-01
2.400000e-01  5.243385e-01
2.430000e-01  5.224569e-01
2.460000e-01  5.205972e-01
2.490000e-01  5.187588e-01
2.520000e-01  5.169413e-01
2.550000e-01  5.151441e-01
2.580000e-01  5.133668e-01
2.610000e-01  5.116089e-01
2.640000e-01  5.098699e-01
2.670000e-01  5.081496e-01
2.700000e-01  5.064473e-01
2.730000e-01  5.047628e-01
2.760000e-01  5.030956e-01
2.790000e-01  5.014454e-01
2.820000e-01  4.998118e-01
2.850000e-01  4.981945e-01
2.880000e-01  4.965930e-01
2.910000e-01  4.950072e-01
2.940000e-01  4.934366e-01
2.970000e-01  4.918809e-01
3.000000e-01  4.903399e-01
3.030000e-01  4.888132e-01
3.060000e-01  4.873005e-01
3.090000e-01  4.858017e-01
3.120000e-01  4.843163e-01
3.150000e-01  4.828442e-01
3.180000e-01  4.813850e-01
3.210000e-01  4.799387e-01
3.240000e-01  4.785048e-01
3.270000e-01  4.770831e-01
3.300000e-01  4.756735e-01
3.330000e-01  4.742757e-01
3.360000e-01  4.728895e-01
3.390000e-01  4.715146e-01
3.420000e-01  4.701510e-01
3.450000e-01  4.687982e-01
3.480000e-01  4.674563e-01
3.510000e-01  4.661250e-01
3.540000e-01  4.648040e-01
3.570000e-01  4.634932e-01
3.600000e-01  4.621925e-01
3.630000e-01  4.609017e-01
3.660000e-01  4.596205e-01
3.690000e-01  4.583488e-01
3.720000e-01  4.570866e-01
3.750000e-01  4.558335e-01
3.780000e-01  4.545895e-01
3.810000e-01  4.533543e-01
3.840000e-01  4.521280e-01
3.870000e-01  4.509102e-01
3.900000e-01  4.497009e-01
3.930000e-01  4.485000e-01
3.960000e-01  4.473072e-01
3.990000e-01  4.461225e-01
4.020000e-01  4.449458e-01
4.050000e-01  4.437768e-01
4.080000e-01  4.426156e-01
4.110000e-01  4.414619e-01
4.140000e-01  4.403157e-01
4.170000e-01  4.391768e-01
4.200000e-01  4.380451e-01
4.230000e-01  4.369205e-01
4.260000e-01  4.358030e-01
4.290000e-01  4.346923e-01
4.320000e-01  4.335884e-01
4.350000e-01  4.324913e-01
4.380000e-01  4.314007e-01
4.410000e-01  4.303166e-01
4.440000e-01  4.292389e-01
4.470000e-01  4.281675e-01
4.500000e-01  4.271023e-01
4.530000e-01  4.260432e-01
4.560000e-01  4.249902e-01
4.590000e-01  4.239431e-01
4.620000e-01  4.229018e-01
4.650000e-01  4.218664e-01
4.680000e-01  4.208366e-01
4.710000e-01  4.198124e-01
4.740000e-01  4.187938e-01
4.770000e-01  4.177806e-01
4.800000e-01  4.167728e-01
4.830000e-01  4.157703e-01
4.860000e-01  4.147730e-01
4.890000e-01  4.137808e-01
4.920000e-01  4.127938e-01
4.950000e-01  4.118117e-01
4.980000e-01  4.108346e-01
5.010000e-01  4.098623e-01
5.040000e-01  4.088949e-01
5.070000e-01  4.079322e-01
5.100000e-01  4.069742e-01
5.130000e-01  4.060208e-01
5.160000e-01  4.050719e-01
5.190000e-01  4.041275e-01
5.220000e-01  4.031876e-01
5.250000e-01  4.022520e-01
5.280000e-01  4.013207e-01
5.310000e-01  4.003937e-01
5.340000e-01  3.994709e-01
5.370000e-01  3.985522e-01
5.400000e-01  3.976376e-01
5.430000e-01  3.967270e-01
5.460000e-01  3.958204e-01
5.490000e-01  3.949177e-01
5.520000e-01  3.940189e-01
5.550000e-01  3.931239e-01
5.580000e-01  3.922327e-01
5.610000e-01  3.913452e-01
5.640000e-01  3.904613e-01
5.670000e-01  3.895811e-01
5.700000e-01  3.887044e-01
5.730000e-01  3.878313e-01
5.760000e-01  3.869617e-01
5.790000e-01  3.860955e-01
5.820000e-01  3.852327e-01
5.850000e-01  3.843732e-01
5.880000e-01  3.835170e-01
5.910000e-01  3.826641e-01
5.940000e-01  3.818144e-01
5.970000e-01  3.809679e-01
6.000000e-01  3.801245e-01
6.030000e-01  3.792842e-01
6.060000e-01  3.784470e-01
6.090000e-01  3.776128e-01
6.120000e-01  3.767815e-01
6.150000e-01  3.759531e-01
6.180000e-01  3.751277e-01
6.210000e-01  3.743051e-01
6.240000e-01  3.734853e-01
6.270000e-01  3.726683e-01
6.300000e-01  3.718541e-01
6.330000e-01  3.710425e-01
6.360000e-01  3.702336e-01
6.390000e-01  3.694274e-01
6.420000e-01  3.686237e-01
6.450000e-01  3.678226e-01
6.480000e-01  3.670241e-01
6.510000e-01  3.662280e-01
6.540000e-01  3.654344e-01
6.570000e-01  3.646432e-01
6.600000e-01  3.638544e-01
6.630000e-01  3.630680e-01
6.660000e-01  3.622839e-01
6.690000e-01  3.615021e-01
6.720000e-01  3.607226e-01
6.750000e-01  3.599453e-01
6.780000e-01  3.591702e-01
6.810000e-01  3.583972e-01
6.840000e-01  3.576265e-01
6.870000e-01  3.568578e-01
6.900000e-01  3.560912e-01
6.930000e-01  3.553266e-01
6.960000e-01  3.545641e-01
6.990000e-01  3.538035e-01
7.020000e-01  3.530449e-01
7.050000e-01  3.522883e-01
7.080000e-01  3.515335e-01
7.110000e-01  3.507806e-01
7.140000e-01  3.500296e-01
7.170000e-01  3.492804e-01
7.200000e-01  3.485329e-01
7.230000e-01  3.477872e-01
7.260000e-01  3.470433e-01
7.290000e-01  3.463011e-01
7.320000e-01  3.455605e-01
7.350000e-01  3.448216e-01
7.380000e-01  3.440843e-01
7.410000e-01  3.433486e-01
7.440000e-01  3.426145e-01
7.470000e-01  3.418819e-01
7.500000e-01  3.411509e-01
7.530000e-01  3.404213e-01
7.560000e-01  3.396932e-01
7.590000e-01  3.389665e-01
7.620000e-01  3.382413e-01
7.650000e-01  3.375174e-01
7.680000e-01  3.367949e-01
7.710000e-01  3.360737e-01
7.740000e-01  3.353539e-01
7.770000e-01  3.346353e-01
7.800000e-01  3.339180e-01
7.830000e-01  3.332019e-01
7.860000e-01  3.324870e-01
7.890000e-01  3.317733e-01
7.920000e-01  3.310608e-01
7.950000e-01  3.303494e-01
7.980000e-01  3.296391e-01
8.010000e-01  3.289298e-01
8.040000e-01  3.282217e-01
8.070000e-01  3.275145e-01
8.100000e-01  3.268084e-01
8.130000e-01  3.261033e-01
8.160000e-01  3.253991e-01
8.190000e-01  3.246958e-01
8.220000e-01  3.239934e-01
8.250000e-01  3.232919e-01
8.280000e-01  3.225913e-01
8.310000e-01  3.218915e-01
8.340000e-01  3.211925e-01
8.370000e-01  3.204943e-01
8.400000e-01  3.197968e-01
8.430000e-01  3.191001e-01
8.460000e-01  3.184041e-01
8.490000e-01  3.177087e-01
8.520000e-01  3.170140e-01
8.550000e-01  3.163199e-01
8.580000e-01  3.156265e-01
8.610000e-01  3.149335e-01
8.640000e-01  3.142412e-01
8.670000e-01  3.135493e-01
8.700000e-01  3.128580e-01
8.730000e-01  3.121671e-01
8.760000e-01  3.114767e-01
8.790000e-01  3.107867e-01
8.820000e-01  3.100970e-01
8.850000e-01  3.094077e-01
8.880000e-01  3.087188e-01
8.910000e-01  3.080302e-01
8.940000e-01  3.073418e-01
8.970000e-01  3.066537e-01
9.000000e-01  3.059658e-01
9.030000e-01  3.052781e-01
9.060000e-01  3.045905e-01
9.090000e-01  3.039031e-01
9.120000e-01  3.032158e-01
9.150000e-01  3.025286e-01
9.180000e-01  3.018414e-01
9.210000e-01  000000
9.240000e-01  000000
9.270000e-01  000000
9.300000e-01  000000
9.330000e-01  000000
9.360000e-01  000000
9.390000e-01  000000
9.420000e-01  000000
9.450000e-01  000000
9.480000e-01  000000
9.510000e-01  000000
9.540000e-01  000000
9.570000e-01  000000
9.600000e-01  000000
9.630000e-01  000000
9.660000e-01  000000
9.690000e-01  000000
9.720000e-01  000000
9.750000e-01  000000
9.780000e-01  000000
9.810000e-01  000000
9.840000e-01  000000
9.870000e-01  000000
9.900000e-01  000000
9.930000e-01  000000
9.960000e-01  000000
9.990000e-01  000000
