000000  000001
3.000000e-03  9.641407e-01
6.000000e-03  9.346231e-01
9.000000e-03  9.095321e-01
1.200000e-02  8.877136e-01
1.500000e-02  8.684155e-01
1.800000e-02  8.511198e-01
2.100000e-02  8.354537e-01
2.400000e-02  8.211401e-01
2.700000e-02  8.079669e-01
3.000000e-02  7.957685e-01
3.300000e-02  7.844128e-01
3.600000e-02  7.737927e-01
3.900000e-02  7.638205e-01
4.200000e-02  7.544229e-01
4.500000e-02  7.455387e-01
4.800000e-02  7.371156e-01
5.100000e-02  7.291091e-01
5.400000e-02  7.214807e-01
5.700000e-02  7.141969e-01
6.000000e-02  7.072287e-01
6.300000e-02  7.005502e-01
6.600000e-02  6.941388e-01
6.900000e-02  6.879744e-01
7.200000e-02  6.820389e-01
7.500000e-02  6.763164e-01
7.800000e-02  6.707922e-01
8.100000e-02  6.654534e-01
8.400000e-02  6.602880e-01
8.700000e-02  6.552855e-01
9.000000e-02  6.504359e-01
9.300000e-02  6.457303e-01
9.600000e-02  6.411606e-01
9.900000e-02  6.367192e-01
1.020000e-01  6.323992e-01
1.050000e-01  6.281943e-01
1.080000e-01  6.240984e-01
1.110000e-01  6.201062e-01
1.140000e-01  6.162126e-01
1.170000e-01  6.124128e-01
1.200000e-01  6.087025e-01
1.230000e-01  6.050776e-01
1.260000e-01  6.015342e-01
1.290000e-01  5.980689e-01
1.320000e-01  5.946781e-01
1.350000e-01  5.913589e-01
1.380000e-01  5.881082e-01
1.410000e-01  5.849233e-01
1.440000e-01  5.818015e-01
1.470000e-01  5.787404e-01
1.500000e-01  5.757377e-01
1.530000e-01  5.727911e-01
1.560000e-01  5.698987e-01
1.590000e-01  5.670583e-01
1.620000e-01  5.642682e-01
1.650000e-01  5.615266e-01
1.680000e-01  5.588318e-01
1.710000e-01  5.561822e-01
1.740000e-01  5.535763e-01
1.770000e-01  5.510126e-01
1.800000e-01  5.484899e-01
1.830000e-01  5.460067e-01
1.860000e-01  5.435618e-01
1.890000e-01  5.411541e-01
1.920000e-01  5.387823e-01
1.950000e-01  5.364454e-01
1.980000e-01  5.341424e-01
2.010000e-01  5.318723e-01
2.040000e-01  5.296340e-01
2.070000e-01  5.274267e-01
2.100000e-01  5.252496e-01
2.130000e-01  5.231017e-01
2.160000e-01  5.209822e-01
2.190000e-01  5.188905e-01
2.220000e-01  5.168257e-01
2.250000e-01  5.147871e-01
2.280000e-01  5.127740e-01
2.310000e-01  5.107858e-01
2.340000e-01  5.088218e-01
2.370000e-01  5.068814e-01
2.400000e-01  5.049640e-01
2.430000e-01  5.030691e-01
2.460000e-01  5.011961e-01
2.490000e-01  4.993444e-01
2.520000e-01  4.975135e-01
2.550000e-01  4.957031e-01
2.580000e-01  4.939124e-01
2.610000e-01  4.921412e-01
2.640000e-01  4.903889e-01
2.670000e-01  4.886552e-01
2.700000e-01  4.869396e-01
2.730000e-01  4.852416e-01
2.760000e-01  4.835609e-01
2.790000e-01  4.818972e-01
2.820000e-01  4.802500e-01
2.850000e-01  4.786190e-01
2.880000e-01  4.770039e-01
2.910000e-01  4.754042e-01
2.940000e-01  4.738197e-01
2.970000e-01  4.722502e-01
3.000000e-01  4.706951e-01
3.030000e-01  4.691543e-01
3.060000e-01  4.676275e-01
3.090000e-01  4.661143e-01
3.120000e-01  4.646146e-01
3.150000e-01  4.631280e-01
3.180000e-01  4.616543e-01
3.210000e-01  4.601933e-01
3.240000e-01  4.587446e-01
3.270000e-01  4.573081e-01
3.300000e-01  4.558834e-01
3.330000e-01  4.544705e-01
3.360000e-01  4.530690e-01
3.390000e-01  4.516788e-01
3.420000e-01  4.502997e-01
3.450000e-01  4.489314e-01
3.480000e-01  4.475737e-01
3.510000e-01  4.462264e-01
3.540000e-01  4.448895e-01
3.570000e-01  4.435626e-01
3.600000e-01  4.422456e-01
3.630000e-01  4.409383e-01
3.660000e-01  4.396406e-01
3.690000e-01  4.383522e-01
3.720000e-01  4.370731e-01
3.750000e-01  4.358030e-01
3.780000e-01  4.345418e-01
3.810000e-01  4.332893e-01
3.840000e-01  4.320455e-01
3.870000e-01  4.308101e-01
3.900000e-01  4.295831e-01
3.930000e-01  4.283642e-01
3.960000e-01  4.271533e-01
3.990000e-01  4.259503e-01
4.020000e-01  4.247551e-01
4.050000e-01  4.235676e-01
4.080000e-01  4.223875e-01
4.110000e-01  4.212149e-01
4.140000e-01  4.200495e-01
4.170000e-01  4.188913e-01
4.200000e-01  4.177402e-01
4.230000e-01  4.165959e-01
4.260000e-01  4.154585e-01
4.290000e-01  4.143279e-01
4.320000e-01  4.132038e-01
4.350000e-01  4.120862e-01
4.380000e-01  4.109750e-01
4.410000e-01  4.098701e-01
4.440000e-01  4.087714e-01
4.470000e-01  4.076788e-01
4.500000e-01  4.065923e-01
4.530000e-01  4.055116e-01
4.560000e-01  4.044368e-01
4.590000e-01  4.033677e-01
4.620000e-01  4.023043e-01
4.650000e-01  4.012464e-01
4.680000e-01  4.001940e-01
4.710000e-01  3.991470e-01
4.740000e-01  3.981053e-01
4.770000e-01  3.970689e-01
4.800000e-01  3.960376e-01
4.830000e-01  3.950114e-01
4.860000e-01  3.939902e-01
4.890000e-01  3.929739e-01
4.920000e-01  3.919625e-01
4.950000e-01  3.909558e-01
4.980000e-01  3.899539e-01
5.010000e-01  3.889566e-01
5.040000e-01  3.879638e-01
5.070000e-01  3.869756e-01
5.100000e-01  3.859918e-01
5.130000e-01  3.850123e-01
5.160000e-01  3.840372e-01
5.190000e-01  3.830663e-01
5.220000e-01  3.820996e-01
5.250000e-01  3.811370e-01
5.280000e-01  3.801784e-01
5.310000e-01  3.792239e-01
5.340000e-01  3.782732e-01
5.370000e-01  3.773265e-01
5.400000e-01  3.763835e-01
5.430000e-01  3.754443e-01
5.460000e-01  3.745088e-01
5.490000e-01  3.735770e-01
5.520000e-01  3.726488e-01
5.550000e-01  3.717240e-01
5.580000e-01  3.708028e-01
5.610000e-01  3.698850e-01
5.640000e-01  3.689706e-01
5.670000e-01  3.680595e-01
5.700000e-01  3.671517e-01
5.730000e-01  3.662471e-01
5.760000e-01  3.653457e-01
5.790000e-01  3.644474e-01
5.820000e-01  3.635522e-01
5.850000e-01  3.626600e-01
5.880000e-01  3.617708e-01
5.910000e-01  3.608845e-01
5.940000e-01  3.600012e-01
5.970000e-01  3.591206e-01
6.000000e-01  3.582429e-01
6.030000e-01  3.573679e-01
6.060000e-01  3.564957e-01
6.090000e-01  3.556261e-01
6.120000e-01  3.547591e-01
6.150000e-01  3.538947e-01
6.180000e-01  3.530328e-01
6.210000e-01  3.521734e-01
6.240000e-01  3.513165e-01
6.270000e-01  3.504620e-01
6.300000e-01  3.496098e-01
6.330000e-01  3.487599e-01
6.360000e-01  3.479124e-01
6.390000e-01  3.470671e-01
6.420000e-01  3.462240e-01
6.450000e-01  3.453830e-01
6.480000e-01  3.445442e-01
6.510000e-01  3.437074e-01
6.540000e-01  3.428727e-01
6.570000e-01  3.420400e-01
6.600000e-01  3.412093e-01
6.630000e-01  3.403805e-01
6.660000e-01  3.395536e-01
6.690000e-01  3.387285e-01
6.720000e-01  3.379052e-01
6.750000e-01  3.370838e-01
6.780000e-01  3.362640e-01
6.810000e-01  3.354460e-01
6.840000e-01  3.346296e-01
6.870000e-01  3.338148e-01
6.900000e-01  3.330016e-01
6.930000e-01  3.321900e-01
6.960000e-01  3.313799e-01
6.990000e-01  3.305712e-01
7.020000e-01  3.297640e-01
7.050000e-01  3.289582e-01
7.080000e-01  3.281537e-01
7.110000e-01  3.273506e-01
7.140000e-01  3.265488e-01
7.170000e-01  3.257482e-01
7.200000e-01  3.249489e-01
7.230000e-01  3.241507e-01
7.260000e-01  3.233536e-01
7.290000e-01  3.225577e-01
7.320000e-01  3.217628e-01
7.350000e-01  3.209690e-01
7.380000e-01  3.201762e-01
7.410000e-01  3.193843e-01
7.440000e-01  3.185933e-01
7.470000e-01  3.178032e-01
7.500000e-01  3.170140e-01
7.530000e-01  3.162256e-01
7.560000e-01  3.154379e-01
7.590000e-01  3.146510e-01
7.620000e-01  3.138648e-01
7.650000e-01  3.130792e-01
7.680000e-01  3.122942e-01
7.710000e-01  3.115098e-01
7.740000e-01  3.107259e-01
7.770000e-01  3.099426e-01
7.800000e-01  3.091597e-01
7.830000e-01  3.083772e-01
7.860000e-01  3.075951e-01
7.890000e-01  3.068133e-01
7.920000e-01  3.060318e-01
7.950000e-01  3.052506e-01
7.980000e-01  3.044695e-01
8.010000e-01  3.036887e-01
8.040000e-01  3.029080e-01
8.070000e-01  3.021273e-01
8.100000e-01  000000
8.130000e-01  000000
8.160000e-01  000000
8.190000e-01  000000
8.220000e-01  000000
8.250000e-01  000000
8.280000e-01  000000
8.310000e-01  000000
8.340000e-01  000000
8.370000e-01  000000
8.400000e-01  000000
8.430000e-01  000000
8.460000e-01  000000
8.490000e-01  000000
8.520000e-01  000000
8.550000e-01  000000
8.580000e-01  000000
8.610000e-01  000000
8.640000e-01  000000
8.670000e-01  000000
8.700000e-01  000000
8.730000e-01  000000
8.760000e-01  000000
8.790000e-01  000000
8.820000e-01  000000
8.850000e-01  000000
8.880000e-01  000000
8.910000e-01  000000
8.940000e-01  000000
8.970000e-01  000000
9.000000e-01  000000
9.030000e-01  000000
9.060000e-01  000000
9.090000e-01  000000
9.120000e-01  000000
9.150000e-01  000000
9.180000e-01  000000
9.210000e-01  000000
9.240000e-01  000000
9.270000e-01  000000
9.300000e-01  000000
9.330000e-01  000000
9.360000e-01  000000
9.390000e-01  000000
9.420000e-01  000000
9.450000e-01  000000
9.480000e-01  000000
9.510000e-01  000000
9.540000e-01  000000
9.570000e-01  000000
9.600000e-01  000000
9.630000e-01  000000
9.660000e-01  000000
9.690000e-01  000000
9.720000e-01  000000
9.750000e-01  000000
9.780000e-01  000000
9.810000e-01  000000
9.840000e-01  000000
9.870000e-01  000000
9.900000e-01  000000
9.930000e-01  000000
9.960000e-01  000000
9.990000e-01  000000
