000000  000001
3.000000e-03  9.674236e-01
6.000000e-03  9.401657e-01
9.000000e-03  9.167257e-01
1.200000e-02  8.961649e-01
1.500000e-02  8.778554e-01
1.800000e-02  8.613558e-01
2.100000e-02  8.463434e-01
2.400000e-02  8.325749e-01
2.700000e-02  8.198626e-01
3.000000e-02  8.080580e-01
3.300000e-02  7.970422e-01
3.600000e-02  7.867180e-01
3.900000e-02  7.770051e-01
4.200000e-02  7.678364e-01
4.500000e-02  7.591553e-01
4.800000e-02  7.509136e-01
5.100000e-02  7.430696e-01
5.400000e-02  7.355875e-01
5.700000e-02  7.284361e-01
6.000000e-02  7.215879e-01
6.300000e-02  7.150188e-01
6.600000e-02  7.087073e-01
6.900000e-02  7.026343e-01
7.200000e-02  6.967829e-01
7.500000e-02  6.911378e-01
7.800000e-02  6.856851e-01
8.100000e-02  6.804125e-01
8.400000e-02  6.753086e-01
8.700000e-02  6.703631e-01
9.000000e-02  6.655667e-01
9.300000e-02  6.609108e-01
9.600000e-02  6.563876e-01
9.900000e-02  6.519897e-01
1.020000e-01  6.477106e-01
1.050000e-01  6.435441e-01
1.080000e-01  6.394845e-01
1.110000e-01  6.355265e-01
1.140000e-01  6.316652e-01
1.170000e-01  6.278960e-01
1.200000e-01  6.242148e-01
1.230000e-01  6.206175e-01
1.260000e-01  6.171004e-01
1.290000e-01  6.136601e-01
1.320000e-01  6.102933e-01
1.350000e-01  6.069970e-01
1.380000e-01  6.037682e-01
1.410000e-01  6.006043e-01
1.440000e-01  5.975027e-01
1.470000e-01  5.944611e-01
1.500000e-01  5.914771e-01
1.530000e-01  5.885486e-01
1.560000e-01  5.856736e-01
1.590000e-01  5.828502e-01
1.620000e-01  5.800765e-01
1.650000e-01  5.773508e-01
1.680000e-01  5.746714e-01
1.710000e-01  5.720369e-01
1.740000e-01  5.694457e-01
1.770000e-01  5.668964e-01
1.800000e-01  5.643876e-01
1.830000e-01  5.619181e-01
1.860000e-01  5.594867e-01
1.890000e-01  5.570921e-01
1.920000e-01  5.547333e-01
1.950000e-01  5.524092e-01
1.980000e-01  5.501187e-01
2.010000e-01  5.478609e-01
2.040000e-01  5.456349e-01
2.070000e-01  5.434397e-01
2.100000e-01  5.412745e-01
2.130000e-01  5.391384e-01
2.160000e-01  5.370306e-01
2.190000e-01  5.349505e-01
2.220000e-01  5.328972e-01
2.250000e-01  5.308700e-01
2.280000e-01  5.288683e-01
2.310000e-01  5.268914e-01
2.340000e-01  5.249387e-01
2.370000e-01  5.230096e-01
2.400000e-01  5.211035e-01
2.430000e-01  5.192197e-01
2.460000e-01  5.173579e-01
2.490000e-01  5.155174e-01
2.520000e-01  5.136977e-01
2.550000e-01  5.118984e-01
2.580000e-01  5.101190e-01
2.610000e-01  5.083590e-01
2.640000e-01  5.066180e-01
2.670000e-01  5.048955e-01
2.700000e-01  5.031911e-01
2.730000e-01  5.015045e-01
2.760000e-01  4.998352e-01
2.790000e-01  4.981829e-01
2.820000e-01  4.965472e-01
2.850000e-01  4.949277e-01
2.880000e-01  4.933242e-01
2.910000e-01  4.917362e-01
2.940000e-01  4.901634e-01
2.970000e-01  4.886056e-01
3.000000e-01  4.870624e-01
3.030000e-01  4.855335e-01
3.060000e-01  4.840187e-01
3.090000e-01  4.825176e-01
3.120000e-01  4.810301e-01
3.150000e-01  4.795558e-01
3.180000e-01  4.780944e-01
3.210000e-01  4.766458e-01
3.240000e-01  4.752096e-01
3.270000e-01  4.737857e-01
3.300000e-01  4.723738e-01
3.330000e-01  4.709737e-01
3.360000e-01  4.695852e-01
3.390000e-01  4.682080e-01
3.420000e-01  4.668420e-01
3.450000e-01  4.654869e-01
3.480000e-01  4.641426e-01
3.510000e-01  4.628089e-01
3.540000e-01  4.614855e-01
3.570000e-01  4.601723e-01
3.600000e-01  4.588692e-01
3.630000e-01  4.575758e-01
3.660000e-01  4.562922e-01
3.690000e-01  4.550180e-01
3.720000e-01  4.537532e-01
3.750000e-01  4.524976e-01
3.780000e-01  4.512510e-01
3.810000e-01  4.500133e-01
3.840000e-01  4.487843e-01
3.870000e-01  4.475640e-01
3.900000e-01  4.463520e-01
3.930000e-01  4.451484e-01
3.960000e-01  4.439529e-01
3.990000e-01  4.427655e-01
4.020000e-01  4.415860e-01
4.050000e-01  4.404143e-01
4.080000e-01  4.392503e-01
4.110000e-01  4.380938e-01
4.140000e-01  4.369447e-01
4.170000e-01  4.358030e-01
4.200000e-01  4.346684e-01
4.230000e-01  4.335409e-01
4.260000e-01  4.324205e-01
4.290000e-01  4.313068e-01
4.320000e-01  4.302000e-01
4.350000e-01  4.290998e-01
4.380000e-01  4.280062e-01
4.410000e-01  4.269190e-01
4.440000e-01  4.258382e-01
4.470000e-01  4.247637e-01
4.500000e-01  4.236954e-01
4.530000e-01  4.226331e-01
4.560000e-01  4.215769e-01
4.590000e-01  4.205266e-01
4.620000e-01  4.194821e-01
4.650000e-01  4.184433e-01
4.680000e-01  4.174102e-01
4.710000e-01  4.163827e-01
4.740000e-01  4.153607e-01
4.770000e-01  4.143441e-01
4.800000e-01  4.133328e-01
4.830000e-01  4.123268e-01
4.860000e-01  4.113260e-01
4.890000e-01  4.103304e-01
4.920000e-01  4.093398e-01
4.950000e-01  4.083541e-01
4.980000e-01  4.073734e-01
5.010000e-01  4.063975e-01
5.040000e-01  4.054264e-01
5.070000e-01  4.044599e-01
5.100000e-01  4.034982e-01
5.130000e-01  4.025410e-01
5.160000e-01  4.015883e-01
5.190000e-01  4.006401e-01
5.220000e-01  3.996962e-01
5.250000e-01  3.987567e-01
5.280000e-01  3.978215e-01
5.310000e-01  3.968905e-01
5.340000e-01  3.959636e-01
5.370000e-01  3.950409e-01
5.400000e-01  3.941222e-01
5.430000e-01  3.932074e-01
5.460000e-01  3.922967e-01
5.490000e-01  3.913898e-01
5.520000e-01  3.904867e-01
5.550000e-01  3.895874e-01
5.580000e-01  3.886919e-01
5.610000e-01  3.878000e-01
5.640000e-01  3.869118e-01
5.670000e-01  3.860271e-01
5.700000e-01  3.851460e-01
5.730000e-01  3.842683e-01
5.760000e-01  3.833941e-01
5.790000e-01  3.825233e-01
5.820000e-01  3.816559e-01
5.850000e-01  3.807917e-01
5.880000e-01  3.799308e-01
5.910000e-01  3.790731e-01
5.940000e-01  3.782186e-01
5.970000e-01  3.773673e-01
6.000000e-01  3.765190e-01
6.030000e-01  3.756737e-01
6.060000e-01  3.748315e-01
6.090000e-01  3.739922e-01
6.120000e-01  3.731558e-01
6.150000e-01  3.723224e-01
6.180000e-01  3.714918e-01
6.210000e-01  3.706639e-01
6.240000e-01  3.698389e-01
6.270000e-01  3.690166e-01
6.300000e-01  3.681969e-01
6.330000e-01  3.673800e-01
6.360000e-01  3.665656e-01
6.390000e-01  3.657538e-01
6.420000e-01  3.649446e-01
6.450000e-01  3.641379e-01
6.480000e-01  3.633337e-01
6.510000e-01  3.625319e-01
6.540000e-01  3.617325e-01
6.570000e-01  3.609355e-01
6.600000e-01  3.601408e-01
6.630000e-01  3.593484e-01
6.660000e-01  3.585583e-01
6.690000e-01  3.577705e-01
6.720000e-01  3.569848e-01
6.750000e-01  3.562013e-01
6.780000e-01  3.554200e-01
6.810000e-01  3.546408e-01
6.840000e-01  3.538636e-01
6.870000e-01  3.530885e-01
6.900000e-01  3.523154e-01
6.930000e-01  3.515443e-01
6.960000e-01  3.507752e-01
6.990000e-01  3.500080e-01
7.020000e-01  3.492427e-01
7.050000e-01  3.484792e-01
7.080000e-01  3.477176e-01
7.110000e-01  3.469578e-01
7.140000e-01  3.461997e-01
7.170000e-01  3.454434e-01
7.200000e-01  3.446889e-01
7.230000e-01  3.439360e-01
7.260000e-01  3.431848e-01
7.290000e-01  3.424352e-01
7.320000e-01  3.416872e-01
7.350000e-01  3.409408e-01
7.380000e-01  3.401959e-01
7.410000e-01  3.394526e-01
7.440000e-01  3.387107e-01
7.470000e-01  3.379703e-01
7.500000e-01  3.372314e-01
7.530000e-01  3.364938e-01
7.560000e-01  3.357577e-01
7.590000e-01  3.350229e-01
7.620000e-01  3.342894e-01
7.650000e-01  3.335572e-01
7.680000e-01  3.328263e-01
7.710000e-01  3.320967e-01
7.740000e-01  3.313682e-01
7.770000e-01  3.306410e-01
7.800000e-01  3.299149e-01
7.830000e-01  3.291899e-01
7.860000e-01  3.284661e-01
7.890000e-01  3.277434e-01
7.920000e-01  3.270217e-01
7.950000e-01  3.263010e-01
7.980000e-01  3.255813e-01
8.010000e-01  3.248627e-01
8.040000e-01  3.241449e-01
8.070000e-01  3.234281e-01
8.100000e-01  3.227122e-01
8.130000e-01  3.219972e-01
8.160000e-01  3.212830e-01
8.190000e-01  3.205696e-01
8.220000e-01  3.198570e-01
8.250000e-01  3.191452e-01
8.280000e-01  3.184341e-01
8.310000e-01  3.177237e-01
8.340000e-01  3.170140e-01
8.370000e-01  3.163050e-01
8.400000e-01  3.155965e-01
8.430000e-01  3.148887e-01
8.460000e-01  3.141814e-01
8.490000e-01  3.134747e-01
8.520000e-01  3.127685e-01
8.550000e-01  3.120628e-01
8.580000e-01  3.113575e-01
8.610000e-01  3.106527e-01
8.640000e-01  3.099482e-01
8.670000e-01  3.092441e-01
8.700000e-01  3.085404e-01
8.730000e-01  3.078370e-01
8.760000e-01  3.071338e-01
8.790000e-01  3.064310e-01
8.820000e-01  3.057283e-01
8.850000e-01  3.050258e-01
8.880000e-01  3.043235e-01
8.910000e-01  3.036213e-01
8.940000e-01  3.029192e-01
8.970000e-01  3.022172e-01
9.000000e-01  000000
9.030000e-01  000000
9.060000e-01  000000
9.090000e-01  000000
9.120000e-01  000000
9.150000e-01  000000
9.180000e-01  000000
9.210000e-01  000000
9.240000e-01  000000
9.270000e-01  000000
9.300000e-01  000000
9.330000e-01  000000
9.360000e-01  000000
9.390000e-01  000000
9.420000e-01  000000
9.450000e-01  000000
9.480000e-01  000000
9.510000e-01  000000
9.540000e-01  000000
9.570000e-01  000000
9.600000e-01  000000
9.630000e-01  000000
9.660000e-01  000000
9.690000e-01  000000
9.720000e-01  000000
9.750000e-01  000000
9.780000e-01  000000
9.810000e-01  000000
9.840000e-01  000000
9.870000e-01  000000
9.900000e-01  000000
9.930000e-01  000000
9.960000e-01  000000
9.990000e-01  000000
