000000  000001
3.000000e-03  9.663227e-01
6.000000e-03  9.382987e-01
9.000000e-03  9.142947e-01
1.200000e-02  8.933016e-01
1.500000e-02  8.746508e-01
1.800000e-02  8.578753e-01
2.100000e-02  8.426356e-01
2.400000e-02  8.286770e-01
2.700000e-02  8.158036e-01
3.000000e-02  8.038610e-01
3.300000e-02  7.927259e-01
3.600000e-02  7.822976e-01
3.900000e-02  7.724933e-01
4.200000e-02  7.632439e-01
4.500000e-02  7.544911e-01
4.800000e-02  7.461851e-01
5.100000e-02  7.382836e-01
5.400000e-02  7.307497e-01
5.700000e-02  7.235513e-01
6.000000e-02  7.166604e-01
6.300000e-02  7.100523e-01
6.600000e-02  7.037053e-01
6.900000e-02  6.975997e-01
7.200000e-02  6.917183e-01
7.500000e-02  6.860456e-01
7.800000e-02  6.805674e-01
8.100000e-02  6.752711e-01
8.400000e-02  6.701452e-01
8.700000e-02  6.651793e-01
9.000000e-02  6.603639e-01
9.300000e-02  6.556902e-01
9.600000e-02  6.511504e-01
9.900000e-02  6.467369e-01
1.020000e-01  6.424432e-01
1.050000e-01  6.382629e-01
1.080000e-01  6.341903e-01
1.110000e-01  6.302200e-01
1.140000e-01  6.263471e-01
1.170000e-01  6.225670e-01
1.200000e-01  6.188754e-01
1.230000e-01  6.152683e-01
1.260000e-01  6.117418e-01
1.290000e-01  6.082925e-01
1.320000e-01  6.049172e-01
1.350000e-01  6.016127e-01
1.380000e-01  5.983761e-01
1.410000e-01  5.952047e-01
1.440000e-01  5.920960e-01
1.470000e-01  5.890474e-01
1.500000e-01  5.860568e-01
1.530000e-01  5.831219e-01
1.560000e-01  5.802407e-01
1.590000e-01  5.774113e-01
1.620000e-01  5.746318e-01
1.650000e-01  5.719005e-01
1.680000e-01  5.692157e-01
1.710000e-01  5.665759e-01
1.740000e-01  5.639795e-01
1.770000e-01  5.614252e-01
1.800000e-01  5.589116e-01
1.830000e-01  5.564373e-01
1.860000e-01  5.540012e-01
1.890000e-01  5.516020e-01
1.920000e-01  5.492388e-01
1.950000e-01  5.469102e-01
1.980000e-01  5.446154e-01
2.010000e-01  5.423534e-01
2.040000e-01  5.401231e-01
2.070000e-01  5.379238e-01
2.100000e-01  5.357545e-01
2.130000e-01  5.336143e-01
2.160000e-01  5.315026e-01
2.190000e-01  5.294185e-01
2.220000e-01  5.273613e-01
2.250000e-01  5.253303e-01
2.280000e-01  5.233247e-01
2.310000e-01  5.213440e-01
2.340000e-01  5.193875e-01
2.370000e-01  5.174546e-01
2.400000e-01  5.155447e-01
2.430000e-01  5.136572e-01
2.460000e-01  5.117916e-01
2.490000e-01  5.099474e-01
2.520000e-01  5.081240e-01
2.550000e-01  5.063210e-01
2.580000e-01  5.045379e-01
2.610000e-01  5.027741e-01
2.640000e-01  5.010294e-01
2.670000e-01  4.993032e-01
2.700000e-01  4.975951e-01
2.730000e-01  4.959047e-01
2.760000e-01  4.942317e-01
2.790000e-01  4.925756e-01
2.820000e-01  4.909362e-01
2.850000e-01  4.893129e-01
2.880000e-01  4.877055e-01
2.910000e-01  4.861137e-01
2.940000e-01  4.845371e-01
2.970000e-01  4.829755e-01
3.000000e-01  4.814284e-01
3.030000e-01  4.798957e-01
3.060000e-01  4.783769e-01
3.090000e-01  4.768720e-01
3.120000e-01  4.753805e-01
3.150000e-01  4.739021e-01
3.180000e-01  4.724368e-01
3.210000e-01  4.709841e-01
3.240000e-01  4.695439e-01
3.270000e-01  4.681159e-01
3.300000e-01  4.666999e-01
3.330000e-01  4.652957e-01
3.360000e-01  4.639030e-01
3.390000e-01  4.625216e-01
3.420000e-01  4.611514e-01
3.450000e-01  4.597920e-01
3.480000e-01  4.584434e-01
3.510000e-01  4.571053e-01
3.540000e-01  4.557776e-01
3.570000e-01  4.544600e-01
3.600000e-01  4.531524e-01
3.630000e-01  4.518546e-01
3.660000e-01  4.505664e-01
3.690000e-01  4.492877e-01
3.720000e-01  4.480183e-01
3.750000e-01  4.467581e-01
3.780000e-01  4.455068e-01
3.810000e-01  4.442644e-01
3.840000e-01  4.430307e-01
3.870000e-01  4.418055e-01
3.900000e-01  4.405887e-01
3.930000e-01  4.393802e-01
3.960000e-01  4.381798e-01
3.990000e-01  4.369875e-01
4.020000e-01  4.358030e-01
4.050000e-01  4.346262e-01
4.080000e-01  4.334571e-01
4.110000e-01  4.322955e-01
4.140000e-01  4.311412e-01
4.170000e-01  4.299942e-01
4.200000e-01  4.288544e-01
4.230000e-01  4.277216e-01
4.260000e-01  4.265957e-01
4.290000e-01  4.254767e-01
4.320000e-01  4.243643e-01
4.350000e-01  4.232586e-01
4.380000e-01  4.221594e-01
4.410000e-01  4.210667e-01
4.440000e-01  4.199802e-01
4.470000e-01  4.189000e-01
4.500000e-01  4.178258e-01
4.530000e-01  4.167578e-01
4.560000e-01  4.156957e-01
4.590000e-01  4.146394e-01
4.620000e-01  4.135889e-01
4.650000e-01  4.125441e-01
4.680000e-01  4.115049e-01
4.710000e-01  4.104712e-01
4.740000e-01  4.094430e-01
4.770000e-01  4.084202e-01
4.800000e-01  4.074026e-01
4.830000e-01  4.063902e-01
4.860000e-01  4.053830e-01
4.890000e-01  4.043808e-01
4.920000e-01  4.033836e-01
4.950000e-01  4.023914e-01
4.980000e-01  4.014039e-01
5.010000e-01  4.004213e-01
5.040000e-01  3.994434e-01
5.070000e-01  3.984701e-01
5.100000e-01  3.975014e-01
5.130000e-01  3.965372e-01
5.160000e-01  3.955775e-01
5.190000e-01  3.946221e-01
5.220000e-01  3.936711e-01
5.250000e-01  3.927244e-01
5.280000e-01  3.917818e-01
5.310000e-01  3.908434e-01
5.340000e-01  3.899091e-01
5.370000e-01  3.889788e-01
5.400000e-01  3.880525e-01
5.430000e-01  3.871302e-01
5.460000e-01  3.862117e-01
5.490000e-01  3.852970e-01
5.520000e-01  3.843860e-01
5.550000e-01  3.834788e-01
5.580000e-01  3.825752e-01
5.610000e-01  3.816753e-01
5.640000e-01  3.807788e-01
5.670000e-01  3.798859e-01
5.700000e-01  3.789965e-01
5.730000e-01  3.781104e-01
5.760000e-01  3.772278e-01
5.790000e-01  3.763484e-01
5.820000e-01  3.754723e-01
5.850000e-01  3.745994e-01
5.880000e-01  3.737297e-01
5.910000e-01  3.728632e-01
5.940000e-01  3.719997e-01
5.970000e-01  3.711393e-01
6.000000e-01  3.702819e-01
6.030000e-01  3.694274e-01
6.060000e-01  3.685758e-01
6.090000e-01  3.677272e-01
6.120000e-01  3.668813e-01
6.150000e-01  3.660383e-01
6.180000e-01  3.651980e-01
6.210000e-01  3.643604e-01
6.240000e-01  3.635255e-01
6.270000e-01  3.626932e-01
6.300000e-01  3.618636e-01
6.330000e-01  3.610365e-01
6.360000e-01  3.602119e-01
6.390000e-01  3.593898e-01
6.420000e-01  3.585701e-01
6.450000e-01  3.577529e-01
6.480000e-01  3.569380e-01
6.510000e-01  3.561254e-01
6.540000e-01  3.553152e-01
6.570000e-01  3.545072e-01
6.600000e-01  3.537015e-01
6.630000e-01  3.528980e-01
6.660000e-01  3.520966e-01
6.690000e-01  3.512973e-01
6.720000e-01  3.505002e-01
6.750000e-01  3.497051e-01
6.780000e-01  3.489120e-01
6.810000e-01  3.481209e-01
6.840000e-01  3.473318e-01
6.870000e-01  3.465446e-01
6.900000e-01  3.457593e-01
6.930000e-01  3.449759e-01
6.960000e-01  3.441942e-01
6.990000e-01  3.434144e-01
7.020000e-01  3.426364e-01
7.050000e-01  3.418601e-01
7.080000e-01  3.410855e-01
7.110000e-01  3.403125e-01
7.140000e-01  3.395412e-01
7.170000e-01  3.387716e-01
7.200000e-01  3.380034e-01
7.230000e-01  3.372369e-01
7.260000e-01  3.364718e-01
7.290000e-01  3.357083e-01
7.320000e-01  3.349462e-01
7.350000e-01  3.341855e-01
7.380000e-01  3.334262e-01
7.410000e-01  3.326683e-01
7.440000e-01  3.319117e-01
7.470000e-01  3.311564e-01
7.500000e-01  3.304024e-01
7.530000e-01  3.296497e-01
7.560000e-01  3.288981e-01
7.590000e-01  3.281477e-01
7.620000e-01  3.273985e-01
7.650000e-01  3.266505e-01
7.680000e-01  3.259035e-01
7.710000e-01  3.251575e-01
7.740000e-01  3.244126e-01
7.770000e-01  3.236688e-01
7.800000e-01  3.229258e-01
7.830000e-01  3.221839e-01
7.860000e-01  3.214428e-01
7.890000e-01  3.207026e-01
7.920000e-01  3.199633e-01
7.950000e-01  3.192248e-01
7.980000e-01  3.184871e-01
8.010000e-01  3.177502e-01
8.040000e-01  3.170140e-01
8.070000e-01  3.162785e-01
8.100000e-01  3.155437e-01
8.130000e-01  3.148095e-01
8.160000e-01  3.140759e-01
8.190000e-01  3.133429e-01
8.220000e-01  3.126105e-01
8.250000e-01  3.118785e-01
8.280000e-01  3.111471e-01
8.310000e-01  3.104161e-01
8.340000e-01  3.096855e-01
8.370000e-01  3.089553e-01
8.400000e-01  3.082254e-01
8.430000e-01  3.074959e-01
8.460000e-01  3.067666e-01
8.490000e-01  3.060376e-01
8.520000e-01  3.053089e-01
8.550000e-01  3.045803e-01
8.580000e-01  3.038518e-01
8.610000e-01  3.031235e-01
8.640000e-01  3.023953e-01
8.670000e-01  3.016671e-01
8.700000e-01  000000
8.730000e-01  000000
8.760000e-01  000000
8.790000e-01  000000
8.820000e-01  000000
8.850000e-01  000000
8.880000e-01  000000
8.910000e-01  000000
8.940000e-01  000000
8.970000e-01  000000
9.000000e-01  000000
9.030000e-01  000000
9.060000e-01  000000
9.090000e-01  000000
9.120000e-01  000000
9.150000e-01  000000
9.180000e-01  000000
9.210000e-01  000000
9.240000e-01  000000
9.270000e-01  000000
9.300000e-01  000000
9.330000e-01  000000
9.360000e-01  000000
9.390000e-01  000000
9.420000e-01  000000
9.450000e-01  000000
9.480000e-01  000000
9.510000e-01  000000
9.540000e-01  000000
9.570000e-01  000000
9.600000e-01  000000
9.630000e-01  000000
9.660000e-01  000000
9.690000e-01  000000
9.720000e-01  000000
9.750000e-01  000000
9.780000e-01  000000
9.810000e-01  000000
9.840000e-01  000000
9.870000e-01  000000
9.900000e-01  000000
9.930000e-01  000000
9.960000e-01  000000
9.990000e-01  000000
