000000  000001
3.000000e-03  9.694220e-01
6.000000e-03  9.435770e-01
9.000000e-03  9.211890e-01
1.200000e-02  9.014415e-01
1.500000e-02  8.837788e-01
1.800000e-02  8.678051e-01
2.100000e-02  8.532279e-01
2.400000e-02  8.398252e-01
2.700000e-02  8.274239e-01
3.000000e-02  8.158867e-01
3.300000e-02  8.051028e-01
3.600000e-02  7.949813e-01
3.900000e-02  7.854470e-01
4.200000e-02  7.764364e-01
4.500000e-02  7.678963e-01
4.800000e-02  7.597807e-01
5.100000e-02  7.520502e-01
5.400000e-02  7.446706e-01
5.700000e-02  7.376121e-01
6.000000e-02  7.308485e-01
6.300000e-02  7.243565e-01
6.600000e-02  7.181157e-01
6.900000e-02  7.121076e-01
7.200000e-02  7.063159e-01
7.500000e-02  7.007259e-01
7.800000e-02  6.953242e-01
8.100000e-02  6.900988e-01
8.400000e-02  6.850388e-01
8.700000e-02  6.801343e-01
9.000000e-02  6.753760e-01
9.300000e-02  6.707557e-01
9.600000e-02  6.662659e-01
9.900000e-02  6.618993e-01
1.020000e-01  6.576496e-01
1.050000e-01  6.535107e-01
1.080000e-01  6.494772e-01
1.110000e-01  6.455438e-01
1.140000e-01  6.417057e-01
1.170000e-01  6.379586e-01
1.200000e-01  6.342982e-01
1.230000e-01  6.307208e-01
1.260000e-01  6.272226e-01
1.290000e-01  6.238002e-01
1.320000e-01  6.204505e-01
1.350000e-01  6.171705e-01
1.380000e-01  6.139573e-01
1.410000e-01  6.108084e-01
1.440000e-01  6.077211e-01
1.470000e-01  6.046932e-01
1.500000e-01  6.017225e-01
1.530000e-01  5.988067e-01
1.560000e-01  5.959440e-01
1.590000e-01  5.931323e-01
1.620000e-01  5.903701e-01
1.650000e-01  5.876554e-01
1.680000e-01  5.849868e-01
1.710000e-01  5.823626e-01
1.740000e-01  5.797815e-01
1.770000e-01  5.772420e-01
1.800000e-01  5.747428e-01
1.830000e-01  5.722826e-01
1.860000e-01  5.698602e-01
1.890000e-01  5.674745e-01
1.920000e-01  5.651243e-01
1.950000e-01  5.628087e-01
1.980000e-01  5.605265e-01
2.010000e-01  5.582769e-01
2.040000e-01  5.560588e-01
2.070000e-01  5.538714e-01
2.100000e-01  5.517139e-01
2.130000e-01  5.495855e-01
2.160000e-01  5.474853e-01
2.190000e-01  5.454125e-01
2.220000e-01  5.433665e-01
2.250000e-01  5.413466e-01
2.280000e-01  5.393521e-01
2.310000e-01  5.373823e-01
2.340000e-01  5.354367e-01
2.370000e-01  5.335145e-01
2.400000e-01  5.316153e-01
2.430000e-01  5.297385e-01
2.460000e-01  5.278835e-01
2.490000e-01  5.260498e-01
2.520000e-01  5.242369e-01
2.550000e-01  5.224444e-01
2.580000e-01  5.206717e-01
2.610000e-01  5.189184e-01
2.640000e-01  5.171841e-01
2.670000e-01  5.154683e-01
2.700000e-01  5.137706e-01
2.730000e-01  5.120907e-01
2.760000e-01  5.104281e-01
2.790000e-01  5.087825e-01
2.820000e-01  5.071535e-01
2.850000e-01  5.055407e-01
2.880000e-01  5.039439e-01
2.910000e-01  5.023626e-01
2.940000e-01  5.007966e-01
2.970000e-01  4.992456e-01
3.000000e-01  4.977092e-01
3.030000e-01  4.961871e-01
3.060000e-01  4.946792e-01
3.090000e-01  4.931850e-01
3.120000e-01  4.917043e-01
3.150000e-01  4.902369e-01
3.180000e-01  4.887826e-01
3.210000e-01  4.873410e-01
3.240000e-01  4.859118e-01
3.270000e-01  4.844950e-01
3.300000e-01  4.830903e-01
3.330000e-01  4.816973e-01
3.360000e-01  4.803160e-01
3.390000e-01  4.789461e-01
3.420000e-01  4.775874e-01
3.450000e-01  4.762397e-01
3.480000e-01  4.749028e-01
3.510000e-01  4.735765e-01
3.540000e-01  4.722606e-01
3.570000e-01  4.709550e-01
3.600000e-01  4.696595e-01
3.630000e-01  4.683738e-01
3.660000e-01  4.670979e-01
3.690000e-01  4.658315e-01
3.720000e-01  4.645745e-01
3.750000e-01  4.633268e-01
3.780000e-01  4.620882e-01
3.810000e-01  4.608585e-01
3.840000e-01  4.596376e-01
3.870000e-01  4.584254e-01
3.900000e-01  4.572217e-01
3.930000e-01  4.560263e-01
3.960000e-01  4.548392e-01
3.990000e-01  4.536602e-01
4.020000e-01  4.524892e-01
4.050000e-01  4.513261e-01
4.080000e-01  4.501707e-01
4.110000e-01  4.490229e-01
4.140000e-01  4.478826e-01
4.170000e-01  4.467496e-01
4.200000e-01  4.456240e-01
4.230000e-01  4.445055e-01
4.260000e-01  4.433941e-01
4.290000e-01  4.422896e-01
4.320000e-01  4.411920e-01
4.350000e-01  4.401011e-01
4.380000e-01  4.390168e-01
4.410000e-01  4.379391e-01
4.440000e-01  4.368679e-01
4.470000e-01  4.358030e-01
4.500000e-01  4.347443e-01
4.530000e-01  4.336919e-01
4.560000e-01  4.326455e-01
4.590000e-01  4.316051e-01
4.620000e-01  4.305707e-01
4.650000e-01  4.295420e-01
4.680000e-01  4.285191e-01
4.710000e-01  4.275019e-01
4.740000e-01  4.264903e-01
4.770000e-01  4.254842e-01
4.800000e-01  4.244835e-01
4.830000e-01  4.234881e-01
4.860000e-01  4.224981e-01
4.890000e-01  4.215133e-01
4.920000e-01  4.205336e-01
4.950000e-01  4.195590e-01
4.980000e-01  4.185894e-01
5.010000e-01  4.176247e-01
5.040000e-01  4.166649e-01
5.070000e-01  4.157099e-01
5.100000e-01  4.147596e-01
5.130000e-01  4.138140e-01
5.160000e-01  4.128731e-01
5.190000e-01  4.119367e-01
5.220000e-01  4.110047e-01
5.250000e-01  4.100773e-01
5.280000e-01  4.091542e-01
5.310000e-01  4.082354e-01
5.340000e-01  4.073209e-01
5.370000e-01  4.064105e-01
5.400000e-01  4.055044e-01
5.430000e-01  4.046023e-01
5.460000e-01  4.037043e-01
5.490000e-01  4.028103e-01
5.520000e-01  4.019203e-01
5.550000e-01  4.010341e-01
5.580000e-01  4.001518e-01
5.610000e-01  3.992732e-01
5.640000e-01  3.983984e-01
5.670000e-01  3.975274e-01
5.700000e-01  3.966599e-01
5.730000e-01  3.957961e-01
5.760000e-01  3.949358e-01
5.790000e-01  3.940791e-01
5.820000e-01  3.932258e-01
5.850000e-01  3.923760e-01
5.880000e-01  3.915295e-01
5.910000e-01  3.906864e-01
5.940000e-01  3.898466e-01
5.970000e-01  3.890100e-01
6.000000e-01  3.881766e-01
6.030000e-01  3.873465e-01
6.060000e-01  3.865195e-01
6.090000e-01  3.856955e-01
6.120000e-01  3.848746e-01
6.150000e-01  3.840568e-01
6.180000e-01  3.832419e-01
6.210000e-01  3.824300e-01
6.240000e-01  3.816210e-01
6.270000e-01  3.808149e-01
6.300000e-01  3.800116e-01
6.330000e-01  3.792111e-01
6.360000e-01  3.784133e-01
6.390000e-01  3.776183e-01
6.420000e-01  3.768260e-01
6.450000e-01  3.760364e-01
6.480000e-01  3.752494e-01
6.510000e-01  3.744650e-01
6.540000e-01  3.736831e-01
6.570000e-01  3.729038e-01
6.600000e-01  3.721270e-01
6.630000e-01  3.713527e-01
6.660000e-01  3.705808e-01
6.690000e-01  3.698112e-01
6.720000e-01  3.690441e-01
6.750000e-01  3.682793e-01
6.780000e-01  3.675169e-01
6.810000e-01  3.667567e-01
6.840000e-01  3.659987e-01
6.870000e-01  3.652430e-01
6.900000e-01  3.644895e-01
6.930000e-01  3.637382e-01
6.960000e-01  3.629890e-01
6.990000e-01  3.622419e-01
7.020000e-01  3.614969e-01
7.050000e-01  3.607539e-01
7.080000e-01  3.600130e-01
7.110000e-01  3.592741e-01
7.140000e-01  3.585372e-01
7.170000e-01  3.578022e-01
7.200000e-01  3.570691e-01
7.230000e-01  3.563379e-01
7.260000e-01  3.556086e-01
7.290000e-01  3.548811e-01
7.320000e-01  3.541555e-01
7.350000e-01  3.534316e-01
7.380000e-01  3.527095e-01
7.410000e-01  3.519892e-01
7.440000e-01  3.512705e-01
7.470000e-01  3.505536e-01
7.500000e-01  3.498383e-01
7.530000e-01  3.491247e-01
7.560000e-01  3.484127e-01
7.590000e-01  3.477023e-01
7.620000e-01  3.469934e-01
7.650000e-01  3.462861e-01
7.680000e-01  3.455804e-01
7.710000e-01  3.448761e-01
7.740000e-01  3.441733e-01
7.770000e-01  3.434719e-01
7.800000e-01  3.427720e-01
7.830000e-01  3.420735e-01
7.860000e-01  3.413764e-01
7.890000e-01  3.406806e-01
7.920000e-01  3.399862e-01
7.950000e-01  3.392931e-01
7.980000e-01  3.386013e-01
8.010000e-01  3.379108e-01
8.040000e-01  3.372215e-01
8.070000e-01  3.365334e-01
8.100000e-01  3.358465e-01
8.130000e-01  3.351609e-01
8.160000e-01  3.344763e-01
8.190000e-01  3.337929e-01
8.220000e-01  3.331107e-01
8.250000e-01  3.324295e-01
8.280000e-01  3.317494e-01
8.310000e-01  3.310703e-01
8.340000e-01  3.303923e-01
8.370000e-01  3.297153e-01
8.400000e-01  3.290392e-01
8.430000e-01  3.283642e-01
8.460000e-01  3.276900e-01
8.490000e-01  3.270168e-01
8.520000e-01  3.263445e-01
8.550000e-01  3.256731e-01
8.580000e-01  3.250025e-01
8.610000e-01  3.243327e-01
8.640000e-01  3.236638e-01
8.670000e-01  3.229956e-01
8.700000e-01  3.223282e-01
8.730000e-01  3.216616e-01
8.760000e-01  3.209956e-01
8.790000e-01  3.203304e-01
8.820000e-01  3.196659e-01
8.850000e-01  3.190020e-01
8.880000e-01  3.183387e-01
8.910000e-01  3.176761e-01
8.940000e-01  3.170140e-01
8.970000e-01  3.163525e-01
9.000000e-01  3.156916e-01
9.030000e-01  3.150312e-01
9.060000e-01  3.143712e-01
9.090000e-01  3.137118e-01
9.120000e-01  3.130528e-01
9.150000e-01  3.123943e-01
9.180000e-01  3.117361e-01
9.210000e-01  3.110784e-01
9.240000e-01  3.104210e-01
9.270000e-01  3.097639e-01
9.300000e-01  3.091072e-01
9.330000e-01  3.084507e-01
9.360000e-01  3.077945e-01
9.390000e-01  3.071386e-01
9.420000e-01  3.064828e-01
9.450000e-01  3.058273e-01
9.480000e-01  3.051719e-01
9.510000e-01  3.045167e-01
9.540000e-01  3.038616e-01
9.570000e-01  3.032066e-01
9.600000e-01  3.025517e-01
9.630000e-01  3.018968e-01
9.660000e-01  000000
9.690000e-01  000000
9.720000e-01  000000
9.750000e-01  000000
9.780000e-01  000000
9.810000e-01  000000
9.840000e-01  000000
9.870000e-01  000000
9.900000e-01  000000
9.930000e-01  000000
9.960000e-01  000000
9.990000e-01  000000
