000000  000001
3.000000e-03  9.622369e-01
6.000000e-03  9.314423e-01
9.000000e-03  9.054354e-01
1.200000e-02  8.829287e-01
1.500000e-02  8.630956e-01
1.800000e-02  8.453730e-01
2.100000e-02  8.293591e-01
2.400000e-02  8.147573e-01
2.700000e-02  8.013420e-01
3.000000e-02  7.889377e-01
3.300000e-02  7.774052e-01
3.600000e-02  7.666319e-01
3.900000e-02  7.565259e-01
4.200000e-02  7.470107e-01
4.500000e-02  7.380224e-01
4.800000e-02  7.295068e-01
5.100000e-02  7.214176e-01
5.400000e-02  7.137149e-01
5.700000e-02  7.063641e-01
6.000000e-02  6.993352e-01
6.300000e-02  6.926017e-01
6.600000e-02  6.861401e-01
6.900000e-02  6.799297e-01
7.200000e-02  6.739522e-01
7.500000e-02  6.681909e-01
7.800000e-02  6.626310e-01
8.100000e-02  6.572592e-01
8.400000e-02  6.520633e-01
8.700000e-02  6.470323e-01
9.000000e-02  6.421562e-01
9.300000e-02  6.374260e-01
9.600000e-02  6.328332e-01
9.900000e-02  6.283702e-01
1.020000e-01  6.240299e-01
1.050000e-01  6.198058e-01
1.080000e-01  6.156919e-01
1.110000e-01  6.116827e-01
1.140000e-01  6.077730e-01
1.170000e-01  6.039579e-01
1.200000e-01  6.002331e-01
1.230000e-01  5.965944e-01
1.260000e-01  5.930379e-01
1.290000e-01  5.895600e-01
1.320000e-01  5.861572e-01
1.350000e-01  5.828265e-01
1.380000e-01  5.795647e-01
1.410000e-01  5.763691e-01
1.440000e-01  5.732371e-01
1.470000e-01  5.701661e-01
1.500000e-01  5.671538e-01
1.530000e-01  5.641979e-01
1.560000e-01  5.612964e-01
1.590000e-01  5.584473e-01
1.620000e-01  5.556487e-01
1.650000e-01  5.528988e-01
1.680000e-01  5.501958e-01
1.710000e-01  5.475383e-01
1.740000e-01  5.449246e-01
1.770000e-01  5.423534e-01
1.800000e-01  5.398231e-01
1.830000e-01  5.373326e-01
1.860000e-01  5.348804e-01
1.890000e-01  5.324655e-01
1.920000e-01  5.300867e-01
1.950000e-01  5.277429e-01
1.980000e-01  5.254329e-01
2.010000e-01  5.231559e-01
2.040000e-01  5.209109e-01
2.070000e-01  5.186969e-01
2.100000e-01  5.165130e-01
2.130000e-01  5.143584e-01
2.160000e-01  5.122324e-01
2.190000e-01  5.101340e-01
2.220000e-01  5.080626e-01
2.250000e-01  5.060174e-01
2.280000e-01  5.039977e-01
2.310000e-01  5.020029e-01
2.340000e-01  5.000324e-01
2.370000e-01  4.980854e-01
2.400000e-01  4.961615e-01
2.430000e-01  4.942599e-01
2.460000e-01  4.923803e-01
2.490000e-01  4.905219e-01
2.520000e-01  4.886844e-01
2.550000e-01  4.868672e-01
2.580000e-01  4.850699e-01
2.610000e-01  4.832919e-01
2.640000e-01  4.815329e-01
2.670000e-01  4.797923e-01
2.700000e-01  4.780697e-01
2.730000e-01  4.763649e-01
2.760000e-01  4.746773e-01
2.790000e-01  4.730065e-01
2.820000e-01  4.713523e-01
2.850000e-01  4.697142e-01
2.880000e-01  4.680918e-01
2.910000e-01  4.664850e-01
2.940000e-01  4.648932e-01
2.970000e-01  4.633163e-01
3.000000e-01  4.617538e-01
3.030000e-01  4.602056e-01
3.060000e-01  4.586713e-01
3.090000e-01  4.571505e-01
3.120000e-01  4.556431e-01
3.150000e-01  4.541488e-01
3.180000e-01  4.526673e-01
3.210000e-01  4.511984e-01
3.240000e-01  4.497418e-01
3.270000e-01  4.482972e-01
3.300000e-01  4.468645e-01
3.330000e-01  4.454434e-01
3.360000e-01  4.440337e-01
3.390000e-01  4.426352e-01
3.420000e-01  4.412476e-01
3.450000e-01  4.398708e-01
3.480000e-01  4.385046e-01
3.510000e-01  4.371487e-01
3.540000e-01  4.358030e-01
3.570000e-01  4.344672e-01
3.600000e-01  4.331413e-01
3.630000e-01  4.318250e-01
3.660000e-01  4.305182e-01
3.690000e-01  4.292207e-01
3.720000e-01  4.279323e-01
3.750000e-01  4.266528e-01
3.780000e-01  4.253821e-01
3.810000e-01  4.241202e-01
3.840000e-01  4.228667e-01
3.870000e-01  4.216215e-01
3.900000e-01  4.203846e-01
3.930000e-01  4.191557e-01
3.960000e-01  4.179348e-01
3.990000e-01  4.167217e-01
4.020000e-01  4.155162e-01
4.050000e-01  4.143183e-01
4.080000e-01  4.131278e-01
4.110000e-01  4.119446e-01
4.140000e-01  4.107685e-01
4.170000e-01  4.095995e-01
4.200000e-01  4.084374e-01
4.230000e-01  4.072822e-01
4.260000e-01  4.061337e-01
4.290000e-01  4.049917e-01
4.320000e-01  4.038563e-01
4.350000e-01  4.027272e-01
4.380000e-01  4.016044e-01
4.410000e-01  4.004878e-01
4.440000e-01  3.993773e-01
4.470000e-01  3.982727e-01
4.500000e-01  3.971741e-01
4.530000e-01  3.960812e-01
4.560000e-01  3.949940e-01
4.590000e-01  3.939125e-01
4.620000e-01  3.928365e-01
4.650000e-01  3.917659e-01
4.680000e-01  3.907006e-01
4.710000e-01  3.896407e-01
4.740000e-01  3.885859e-01
4.770000e-01  3.875362e-01
4.800000e-01  3.864915e-01
4.830000e-01  3.854517e-01
4.860000e-01  3.844168e-01
4.890000e-01  3.833867e-01
4.920000e-01  3.823613e-01
4.950000e-01  3.813406e-01
4.980000e-01  3.803244e-01
5.010000e-01  3.793127e-01
5.040000e-01  3.783054e-01
5.070000e-01  3.773024e-01
5.100000e-01  3.763038e-01
5.130000e-01  3.753093e-01
5.160000e-01  3.743190e-01
5.190000e-01  3.733328e-01
5.220000e-01  3.723506e-01
5.250000e-01  3.713723e-01
5.280000e-01  3.703979e-01
5.310000e-01  3.694274e-01
5.340000e-01  3.684606e-01
5.370000e-01  3.674975e-01
5.400000e-01  3.665381e-01
5.430000e-01  3.655822e-01
5.460000e-01  3.646298e-01
5.490000e-01  3.636810e-01
5.520000e-01  3.627355e-01
5.550000e-01  3.617934e-01
5.580000e-01  3.608546e-01
5.610000e-01  3.599190e-01
5.640000e-01  3.589866e-01
5.670000e-01  3.580573e-01
5.700000e-01  3.571311e-01
5.730000e-01  3.562080e-01
5.760000e-01  3.552878e-01
5.790000e-01  3.543705e-01
5.820000e-01  3.534561e-01
5.850000e-01  3.525445e-01
5.880000e-01  3.516357e-01
5.910000e-01  3.507296e-01
5.940000e-01  3.498262e-01
5.970000e-01  3.489254e-01
6.000000e-01  3.480272e-01
6.030000e-01  3.471315e-01
6.060000e-01  3.462382e-01
6.090000e-01  3.453474e-01
6.120000e-01  3.444590e-01
6.150000e-01  3.435729e-01
6.180000e-01  3.426891e-01
6.210000e-01  3.418075e-01
6.240000e-01  3.409281e-01
6.270000e-01  3.400509e-01
6.300000e-01  3.391758e-01
6.330000e-01  3.383027e-01
6.360000e-01  3.374316e-01
6.390000e-01  3.365625e-01
6.420000e-01  3.356954e-01
6.450000e-01  3.348301e-01
6.480000e-01  3.339666e-01
6.510000e-01  3.331049e-01
6.540000e-01  3.322450e-01
6.570000e-01  3.313867e-01
6.600000e-01  3.305301e-01
6.630000e-01  3.296752e-01
6.660000e-01  3.288217e-01
6.690000e-01  3.279699e-01
6.720000e-01  3.271195e-01
6.750000e-01  3.262705e-01
6.780000e-01  3.254229e-01
6.810000e-01  3.245767e-01
6.840000e-01  3.237318e-01
6.870000e-01  3.228881e-01
6.900000e-01  3.220456e-01
6.930000e-01  3.212044e-01
6.960000e-01  3.203642e-01
6.990000e-01  3.195252e-01
7.020000e-01  3.186871e-01
7.050000e-01  3.178501e-01
7.080000e-01  3.170140e-01
7.110000e-01  3.161788e-01
7.140000e-01  3.153445e-01
7.170000e-01  3.145110e-01
7.200000e-01  3.136783e-01
7.230000e-01  3.128463e-01
7.260000e-01  3.120149e-01
7.290000e-01  3.111842e-01
7.320000e-01  3.103541e-01
7.350000e-01  3.095245e-01
7.380000e-01  3.086954e-01
7.410000e-01  3.078668e-01
7.440000e-01  3.070385e-01
7.470000e-01  3.062106e-01
7.500000e-01  3.053830e-01
7.530000e-01  3.045556e-01
7.560000e-01  3.037284e-01
7.590000e-01  3.029013e-01
7.620000e-01  3.020744e-01
7.650000e-01  000000
7.680000e-01  000000
7.710000e-01  000000
7.740000e-01  000000
7.770000e-01  000000
7.800000e-01  000000
7.830000e-01  000000
7.860000e-01  000000
7.890000e-01  000000
7.920000e-01  000000
7.950000e-01  000000
7.980000e-01  000000
8.010000e-01  000000
8.040000e-01  000000
8.070000e-01  000000
8.100000e-01  000000
8.130000e-01  000000
8.160000e-01  000000
8.190000e-01  000000
8.220000e-01  000000
8.250000e-01  000000
8.280000e-01  000000
8.310000e-01  000000
8.340000e-01  000000
8.370000e-01  000000
8.400000e-01  000000
8.430000e-01  000000
8.460000e-01  000000
8.490000e-01  000000
8.520000e-01  000000
8.550000e-01  000000
8.580000e-01  000000
8.610000e-01  000000
8.640000e-01  000000
8.670000e-01  000000
8.700000e-01  000000
8.730000e-01  000000
8.760000e-01  000000
8.790000e-01  000000
8.820000e-01  000000
8.850000e-01  000000
8.880000e-01  000000
8.910000e-01  000000
8.940000e-01  000000
8.970000e-01  000000
9.000000e-01  000000
9.030000e-01  000000
9.060000e-01  000000
9.090000e-01  000000
9.120000e-01  000000
9.150000e-01  000000
9.180000e-01  000000
9.210000e-01  000000
9.240000e-01  000000
9.270000e-01  000000
9.300000e-01  000000
9.330000e-01  000000
9.360000e-01  000000
9.390000e-01  000000
9.420000e-01  000000
9.450000e-01  000000
9.480000e-01  000000
9.510000e-01  000000
9.540000e-01  000000
9.570000e-01  000000
9.600000e-01  000000
9.630000e-01  000000
9.660000e-01  000000
9.690000e-01  000000
9.720000e-01  000000
9.750000e-01  000000
9.780000e-01  000000
9.810000e-01  000000
9.840000e-01  000000
9.870000e-01  000000
9.900000e-01  000000
9.930000e-01  000000
9.960000e-01  000000
9.990000e-01  000000
