000000  000001
3.000000e-03  7.522932e-01
6.000000e-03  6.612337e-01
9.000000e-03  6.060041e-01
1.200000e-02  5.668762e-01
1.500000e-02  5.368451e-01
1.800000e-02  5.126282e-01
2.100000e-02  4.924304e-01
2.400000e-02  4.751664e-01
2.700000e-02  4.601320e-01
3.000000e-02  4.468452e-01
3.300000e-02  4.349625e-01
3.600000e-02  4.242307e-01
3.900000e-02  4.144579e-01
4.200000e-02  4.054958e-01
4.500000e-02  3.972272e-01
4.800000e-02  3.895579e-01
5.100000e-02  3.824114e-01
5.400000e-02  3.757246e-01
5.700000e-02  3.694448e-01
6.000000e-02  3.635278e-01
6.300000e-02  3.579359e-01
6.600000e-02  3.526369e-01
6.900000e-02  3.476031e-01
7.200000e-02  3.428104e-01
7.500000e-02  3.382376e-01
7.800000e-02  3.338664e-01
8.100000e-02  3.296804e-01
8.400000e-02  3.256651e-01
8.700000e-02  3.218076e-01
9.000000e-02  3.180965e-01
9.300000e-02  3.145214e-01
9.600000e-02  3.110729e-01
9.900000e-02  3.077426e-01
1.020000e-01  3.045230e-01
1.050000e-01  3.014069e-01
1.080000e-01  2.983883e-01
1.110000e-01  2.954611e-01
1.140000e-01  2.926202e-01
1.170000e-01  2.898606e-01
1.200000e-01  2.871779e-01
1.230000e-01  2.845679e-01
1.260000e-01  2.820268e-01
1.290000e-01  2.795510e-01
1.320000e-01  2.771373e-01
1.350000e-01  2.747826e-01
1.380000e-01  2.724841e-01
1.410000e-01  2.702391e-01
1.440000e-01  2.680451e-01
1.470000e-01  2.658998e-01
1.500000e-01  2.638011e-01
1.530000e-01  2.617469e-01
1.560000e-01  2.597352e-01
1.590000e-01  2.577643e-01
1.620000e-01  2.558326e-01
1.650000e-01  2.539383e-01
1.680000e-01  2.520800e-01
1.710000e-01  2.502563e-01
1.740000e-01  2.484659e-01
1.770000e-01  2.467073e-01
1.800000e-01  2.449796e-01
1.830000e-01  2.432814e-01
1.860000e-01  2.416118e-01
1.890000e-01  2.399696e-01
1.920000e-01  2.383540e-01
1.950000e-01  2.367639e-01
1.980000e-01  2.351985e-01
2.010000e-01  2.336570e-01
2.040000e-01  2.321385e-01
2.070000e-01  2.306422e-01
2.100000e-01  2.291675e-01
2.130000e-01  2.277136e-01
2.160000e-01  2.262798e-01
2.190000e-01  2.248655e-01
2.220000e-01  2.234701e-01
2.250000e-01  2.220930e-01
2.280000e-01  2.207336e-01
2.310000e-01  2.193913e-01
2.340000e-01  2.180657e-01
2.370000e-01  2.167563e-01
2.400000e-01  2.154625e-01
2.430000e-01  2.141838e-01
2.460000e-01  2.129199e-01
2.490000e-01  2.116703e-01
2.520000e-01  2.104346e-01
2.550000e-01  2.092123e-01
2.580000e-01  2.080032e-01
2.610000e-01  2.068067e-01
2.640000e-01  2.056226e-01
2.670000e-01  2.044505e-01
2.700000e-01  2.032900e-01
2.730000e-01  2.021409e-01
2.760000e-01  2.010027e-01
2.790000e-01  1.998753e-01
2.820000e-01  1.987582e-01
2.850000e-01  1.976512e-01
2.880000e-01  1.965541e-01
2.910000e-01  1.954665e-01
2.940000e-01  1.943882e-01
2.970000e-01  1.933189e-01
3.000000e-01  1.922583e-01
3.030000e-01  1.912063e-01
3.060000e-01  1.901625e-01
3.090000e-01  1.891268e-01
3.120000e-01  1.880989e-01
3.150000e-01  1.870786e-01
3.180000e-01  1.860656e-01
3.210000e-01  1.850599e-01
3.240000e-01  1.840610e-01
3.270000e-01  1.830689e-01
3.300000e-01  1.820833e-01
3.330000e-01  1.811041e-01
3.360000e-01  1.801310e-01
3.390000e-01  1.791639e-01
3.420000e-01  1.782026e-01
3.450000e-01  1.772468e-01
3.480000e-01  1.762965e-01
3.510000e-01  1.753514e-01
3.540000e-01  1.744113e-01
3.570000e-01  1.734762e-01
3.600000e-01  1.725457e-01
3.630000e-01  1.716198e-01
3.660000e-01  1.706983e-01
3.690000e-01  1.697809e-01
3.720000e-01  1.688676e-01
3.750000e-01  1.679582e-01
3.780000e-01  1.670525e-01
3.810000e-01  1.661504e-01
3.840000e-01  1.652516e-01
3.870000e-01  1.643561e-01
3.900000e-01  1.634636e-01
3.930000e-01  1.625740e-01
3.960000e-01  1.616872e-01
3.990000e-01  1.608030e-01
4.020000e-01  1.599212e-01
4.050000e-01  1.590416e-01
4.080000e-01  1.581641e-01
4.110000e-01  1.572885e-01
4.140000e-01  1.564147e-01
4.170000e-01  1.555425e-01
4.200000e-01  1.546717e-01
4.230000e-01  1.538020e-01
4.260000e-01  1.529335e-01
4.290000e-01  1.520658e-01
4.320000e-01  1.511988e-01
4.350000e-01  1.503323e-01
4.380000e-01  1.494660e-01
4.410000e-01  000000
4.440000e-01  000000
4.470000e-01  000000
4.500000e-01  000000
4.530000e-01  000000
4.560000e-01  000000
4.590000e-01  000000
4.620000e-01  000000
4.650000e-01  000000
4.680000e-01  000000
4.710000e-01  000000
4.740000e-01  000000
4.770000e-01  000000
4.800000e-01  000000
4.830000e-01  000000
4.860000e-01  000000
4.890000e-01  000000
4.920000e-01  000000
4.950000e-01  000000
4.980000e-01  000000
5.010000e-01  000000
5.040000e-01  000000
5.070000e-01  000000
5.100000e-01  000000
5.130000e-01  000000
5.160000e-01  000000
5.190000e-01  000000
5.220000e-01  000000
5.250000e-01  000000
5.280000e-01  000000
5.310000e-01  000000
5.340000e-01  000000
5.370000e-01  000000
5.400000e-01  000000
5.430000e-01  000000
5.460000e-01  000000
5.490000e-01  000000
5.520000e-01  000000
5.550000e-01  000000
5.580000e-01  000000
5.610000e-01  000000
5.640000e-01  000000
5.670000e-01  000000
5.700000e-01  000000
5.730000e-01  000000
5.760000e-01  000000
5.790000e-01  000000
5.820000e-01  000000
5.850000e-01  000000
5.880000e-01  000000
5.910000e-01  000000
5.940000e-01  000000
5.970000e-01  000000
6.000000e-01  000000
6.030000e-01  000000
6.060000e-01  000000
6.090000e-01  000000
6.120000e-01  000000
6.150000e-01  000000
6.180000e-01  000000
6.210000e-01  000000
6.240000e-01  000000
6.270000e-01  000000
6.300000e-01  000000
6.330000e-01  000000
6.360000e-01  000000
6.390000e-01  000000
6.420000e-01  000000
6.450000e-01  000000
6.480000e-01  000000
6.510000e-01  000000
6.540000e-01  000000
6.570000e-01  000000
6.600000e-01  000000
6.630000e-01  000000
6.660000e-01  000000
6.690000e-01  000000
6.720000e-01  000000
6.750000e-01  000000
6.780000e-01  000000
6.810000e-01  000000
6.840000e-01  000000
6.870000e-01  000000
6.900000e-01  000000
6.930000e-01  000000
6.960000e-01  000000
6.990000e-01  000000
7.020000e-01  000000
7.050000e-01  000000
7.080000e-01  000000
7.110000e-01  000000
7.140000e-01  000000
7.170000e-01  000000
7.200000e-01  000000
7.230000e-01  000000
7.260000e-01  000000
7.290000e-01  000000
7.320000e-01  000000
7.350000e-01  000000
7.380000e-01  000000
7.410000e-01  000000
7.440000e-01  000000
7.470000e-01  000000
7.500000e-01  000000
7.530000e-01  000000
7.560000e-01  000000
7.590000e-01  000000
7.620000e-01  000000
7.650000e-01  000000
7.680000e-01  000000
7.710000e-01  000000
7.740000e-01  000000
7.770000e-01  000000
7.800000e-01  000000
7.830000e-01  000000
7.860000e-01  000000
7.890000e-01  000000
7.920000e-01  000000
7.950000e-01  000000
7.980000e-01  000000
8.010000e-01  000000
8.040000e-01  000000
8.070000e-01  000000
8.100000e-01  000000
8.130000e-01  000000
8.160000e-01  000000
8.190000e-01  000000
8.220000e-01  000000
8.250000e-01  000000
8.280000e-01  000000
8.310000e-01  000000
8.340000e-01  000000
8.370000e-01  000000
8.400000e-01  000000
8.430000e-01  000000
8.460000e-01  000000
8.490000e-01  000000
8.520000e-01  000000
8.550000e-01  000000
8.580000e-01  000000
8.610000e-01  000000
8.640000e-01  000000
8.670000e-01  000000
8.700000e-01  000000
8.730000e-01  000000
8.760000e-01  000000
8.790000e-01  000000
8.820000e-01  000000
8.850000e-01  000000
8.880000e-01  000000
8.910000e-01  000000
8.940000e-01  000000
8.970000e-01  000000
9.000000e-01  000000
9.030000e-01  000000
9.060000e-01  000000
9.090000e-01  000000
9.120000e-01  000000
9.150000e-01  000000
9.180000e-01  000000
9.210000e-01  000000
9.240000e-01  000000
9.270000e-01  000000
9.300000e-01  000000
9.330000e-01  000000
9.360000e-01  000000
9.390000e-01  000000
9.420000e-01  000000
9.450000e-01  000000
9.480000e-01  000000
9.510000e-01  000000
9.540000e-01  000000
9.570000e-01  000000
9.600000e-01  000000
9.630000e-01  000000
9.660000e-01  000000
9.690000e-01  000000
9.720000e-01  000000
9.750000e-01  000000
9.780000e-01  000000
9.810000e-01  000000
9.840000e-01  000000
9.870000e-01  000000
9.900000e-01  000000
9.930000e-01  000000
9.960000e-01  000000
9.990000e-01  000000
