000000  000001
3.000000e-03  8.452706e-01
6.000000e-03  7.676196e-01
9.000000e-03  7.161306e-01
1.200000e-02  6.779199e-01
1.500000e-02  6.477238e-01
1.800000e-02  6.228752e-01
2.100000e-02  6.018384e-01
2.400000e-02  5.836497e-01
2.700000e-02  5.676656e-01
3.000000e-02  5.534356e-01
3.300000e-02  5.406327e-01
3.600000e-02  5.290118e-01
3.900000e-02  5.183852e-01
4.200000e-02  5.086056e-01
4.500000e-02  4.995557e-01
4.800000e-02  4.911405e-01
5.100000e-02  4.832820e-01
5.400000e-02  4.759155e-01
5.700000e-02  4.689867e-01
6.000000e-02  4.624496e-01
6.300000e-02  4.562651e-01
6.600000e-02  4.503992e-01
6.900000e-02  4.448228e-01
7.200000e-02  4.395103e-01
7.500000e-02  4.344395e-01
7.800000e-02  4.295907e-01
8.100000e-02  4.249463e-01
8.400000e-02  4.204910e-01
8.700000e-02  4.162108e-01
9.000000e-02  4.120933e-01
9.300000e-02  4.081273e-01
9.600000e-02  4.043028e-01
9.900000e-02  4.006106e-01
1.020000e-01  3.970423e-01
1.050000e-01  3.935905e-01
1.080000e-01  3.902482e-01
1.110000e-01  3.870090e-01
1.140000e-01  3.838672e-01
1.170000e-01  3.808174e-01
1.200000e-01  3.778546e-01
1.230000e-01  3.749743e-01
1.260000e-01  3.721724e-01
1.290000e-01  3.694448e-01
1.320000e-01  3.667879e-01
1.350000e-01  3.641984e-01
1.380000e-01  3.616731e-01
1.410000e-01  3.592091e-01
1.440000e-01  3.568035e-01
1.470000e-01  3.544539e-01
1.500000e-01  3.521579e-01
1.530000e-01  3.499130e-01
1.560000e-01  3.477174e-01
1.590000e-01  3.455688e-01
1.620000e-01  3.434655e-01
1.650000e-01  3.414056e-01
1.680000e-01  3.393875e-01
1.710000e-01  3.374096e-01
1.740000e-01  3.354705e-01
1.770000e-01  3.335685e-01
1.800000e-01  3.317025e-01
1.830000e-01  3.298712e-01
1.860000e-01  3.280733e-01
1.890000e-01  3.263077e-01
1.920000e-01  3.245732e-01
1.950000e-01  3.228690e-01
1.980000e-01  3.211938e-01
2.010000e-01  3.195469e-01
2.040000e-01  3.179273e-01
2.070000e-01  3.163341e-01
2.100000e-01  3.147666e-01
2.130000e-01  3.132239e-01
2.160000e-01  3.117053e-01
2.190000e-01  3.102100e-01
2.220000e-01  3.087374e-01
2.250000e-01  3.072869e-01
2.280000e-01  3.058577e-01
2.310000e-01  3.044493e-01
2.340000e-01  3.030612e-01
2.370000e-01  3.016926e-01
2.400000e-01  3.003432e-01
2.430000e-01  2.990123e-01
2.460000e-01  2.976995e-01
2.490000e-01  2.964044e-01
2.520000e-01  2.951264e-01
2.550000e-01  2.938652e-01
2.580000e-01  2.926202e-01
2.610000e-01  2.913910e-01
2.640000e-01  2.901774e-01
2.670000e-01  2.889789e-01
2.700000e-01  2.877951e-01
2.730000e-01  2.866257e-01
2.760000e-01  2.854703e-01
2.790000e-01  2.843286e-01
2.820000e-01  2.832003e-01
2.850000e-01  2.820851e-01
2.880000e-01  2.809826e-01
2.910000e-01  2.798927e-01
2.940000e-01  2.788149e-01
2.970000e-01  2.777490e-01
3.000000e-01  2.766949e-01
3.030000e-01  2.756521e-01
3.060000e-01  2.746205e-01
3.090000e-01  2.735998e-01
3.120000e-01  2.725898e-01
3.150000e-01  2.715903e-01
3.180000e-01  2.706010e-01
3.210000e-01  2.696218e-01
3.240000e-01  2.686524e-01
3.270000e-01  2.676926e-01
3.300000e-01  2.667423e-01
3.330000e-01  2.658012e-01
3.360000e-01  2.648692e-01
3.390000e-01  2.639461e-01
3.420000e-01  2.630316e-01
3.450000e-01  2.621258e-01
3.480000e-01  2.612283e-01
3.510000e-01  2.603390e-01
3.540000e-01  2.594578e-01
3.570000e-01  2.585845e-01
3.600000e-01  2.577190e-01
3.630000e-01  2.568611e-01
3.660000e-01  2.560107e-01
3.690000e-01  2.551676e-01
3.720000e-01  2.543318e-01
3.750000e-01  2.535030e-01
3.780000e-01  2.526812e-01
3.810000e-01  2.518662e-01
3.840000e-01  2.510580e-01
3.870000e-01  2.502563e-01
3.900000e-01  2.494612e-01
3.930000e-01  2.486724e-01
3.960000e-01  2.478899e-01
3.990000e-01  2.471135e-01
4.020000e-01  2.463432e-01
4.050000e-01  2.455789e-01
4.080000e-01  2.448204e-01
4.110000e-01  2.440676e-01
4.140000e-01  2.433206e-01
4.170000e-01  2.425791e-01
4.200000e-01  2.418431e-01
4.230000e-01  2.411124e-01
4.260000e-01  2.403871e-01
4.290000e-01  2.396671e-01
4.320000e-01  2.389521e-01
4.350000e-01  2.382422e-01
4.380000e-01  2.375373e-01
4.410000e-01  2.368373e-01
4.440000e-01  2.361421e-01
4.470000e-01  2.354517e-01
4.500000e-01  2.347660e-01
4.530000e-01  2.340848e-01
4.560000e-01  2.334082e-01
4.590000e-01  2.327361e-01
4.620000e-01  2.320684e-01
4.650000e-01  2.314050e-01
4.680000e-01  2.307459e-01
4.710000e-01  2.300910e-01
4.740000e-01  2.294403e-01
4.770000e-01  2.287936e-01
4.800000e-01  2.281510e-01
4.830000e-01  2.275123e-01
4.860000e-01  2.268776e-01
4.890000e-01  2.262467e-01
4.920000e-01  2.256196e-01
4.950000e-01  2.249963e-01
4.980000e-01  2.243766e-01
5.010000e-01  2.237607e-01
5.040000e-01  2.231483e-01
5.070000e-01  2.225394e-01
5.100000e-01  2.219340e-01
5.130000e-01  2.213321e-01
5.160000e-01  2.207336e-01
5.190000e-01  2.201384e-01
5.220000e-01  2.195466e-01
5.250000e-01  2.189580e-01
5.280000e-01  2.183726e-01
5.310000e-01  2.177903e-01
5.340000e-01  2.172113e-01
5.370000e-01  2.166353e-01
5.400000e-01  2.160623e-01
5.430000e-01  2.154924e-01
5.460000e-01  2.149254e-01
5.490000e-01  2.143613e-01
5.520000e-01  2.138002e-01
5.550000e-01  2.132419e-01
5.580000e-01  2.126864e-01
5.610000e-01  2.121336e-01
5.640000e-01  2.115836e-01
5.670000e-01  2.110364e-01
5.700000e-01  2.104917e-01
5.730000e-01  2.099498e-01
5.760000e-01  2.094104e-01
5.790000e-01  2.088736e-01
5.820000e-01  2.083393e-01
5.850000e-01  2.078075e-01
5.880000e-01  2.072782e-01
5.910000e-01  2.067514e-01
5.940000e-01  2.062269e-01
5.970000e-01  2.057048e-01
6.000000e-01  2.051851e-01
6.030000e-01  2.046676e-01
6.060000e-01  2.041525e-01
6.090000e-01  2.036396e-01
6.120000e-01  2.031290e-01
6.150000e-01  2.026205e-01
6.180000e-01  2.021143e-01
6.210000e-01  2.016101e-01
6.240000e-01  2.011081e-01
6.270000e-01  2.006082e-01
6.300000e-01  2.001104e-01
6.330000e-01  1.996146e-01
6.360000e-01  1.991208e-01
6.390000e-01  1.986290e-01
6.420000e-01  1.981391e-01
6.450000e-01  1.976512e-01
6.480000e-01  1.971653e-01
6.510000e-01  1.966812e-01
6.540000e-01  1.961990e-01
6.570000e-01  1.957186e-01
6.600000e-01  1.952400e-01
6.630000e-01  1.947633e-01
6.660000e-01  1.942883e-01
6.690000e-01  1.938151e-01
6.720000e-01  1.933436e-01
6.750000e-01  1.928739e-01
6.780000e-01  1.924058e-01
6.810000e-01  1.919394e-01
6.840000e-01  1.914746e-01
6.870000e-01  1.910115e-01
6.900000e-01  1.905500e-01
6.930000e-01  1.900900e-01
6.960000e-01  1.896316e-01
6.990000e-01  1.891748e-01
7.020000e-01  1.887195e-01
7.050000e-01  1.882657e-01
7.080000e-01  1.878134e-01
7.110000e-01  1.873626e-01
7.140000e-01  1.869132e-01
7.170000e-01  1.864652e-01
7.200000e-01  1.860187e-01
7.230000e-01  1.855736e-01
7.260000e-01  1.851298e-01
7.290000e-01  1.846874e-01
7.320000e-01  1.842463e-01
7.350000e-01  1.838066e-01
7.380000e-01  1.833681e-01
7.410000e-01  1.829310e-01
7.440000e-01  1.824951e-01
7.470000e-01  1.820605e-01
7.500000e-01  1.816271e-01
7.530000e-01  1.811949e-01
7.560000e-01  1.807640e-01
7.590000e-01  1.803342e-01
7.620000e-01  1.799056e-01
7.650000e-01  1.794781e-01
7.680000e-01  1.790518e-01
7.710000e-01  1.786267e-01
7.740000e-01  1.782026e-01
7.770000e-01  1.777796e-01
7.800000e-01  1.773577e-01
7.830000e-01  1.769368e-01
7.860000e-01  1.765170e-01
7.890000e-01  1.760982e-01
7.920000e-01  1.756805e-01
7.950000e-01  1.752637e-01
7.980000e-01  1.748480e-01
8.010000e-01  1.744331e-01
8.040000e-01  1.740193e-01
8.070000e-01  1.736064e-01
8.100000e-01  1.731944e-01
8.130000e-01  1.727833e-01
8.160000e-01  1.723731e-01
8.190000e-01  1.719638e-01
8.220000e-01  1.715554e-01
8.250000e-01  1.711478e-01
8.280000e-01  1.707410e-01
8.310000e-01  1.703351e-01
8.340000e-01  1.699300e-01
8.370000e-01  1.695256e-01
8.400000e-01  1.691221e-01
8.430000e-01  1.687193e-01
8.460000e-01  1.683173e-01
8.490000e-01  1.679160e-01
8.520000e-01  1.675154e-01
8.550000e-01  1.671156e-01
8.580000e-01  1.667164e-01
8.610000e-01  1.663179e-01
8.640000e-01  1.659201e-01
8.670000e-01  1.655230e-01
8.700000e-01  1.651265e-01
8.730000e-01  1.647306e-01
8.760000e-01  1.643353e-01
8.790000e-01  1.639406e-01
8.820000e-01  1.635465e-01
8.850000e-01  1.631530e-01
8.880000e-01  1.627600e-01
8.910000e-01  1.623676e-01
8.940000e-01  1.619757e-01
8.970000e-01  1.615843e-01
9.000000e-01  1.611934e-01
9.030000e-01  1.608030e-01
9.060000e-01  1.604131e-01
9.090000e-01  1.600236e-01
9.120000e-01  1.596346e-01
9.150000e-01  1.592460e-01
9.180000e-01  1.588578e-01
9.210000e-01  1.584700e-01
9.240000e-01  1.580826e-01
9.270000e-01  1.576956e-01
9.300000e-01  1.573089e-01
9.330000e-01  1.569226e-01
9.360000e-01  1.565366e-01
9.390000e-01  1.561509e-01
9.420000e-01  1.557655e-01
9.450000e-01  1.553804e-01
9.480000e-01  1.549955e-01
9.510000e-01  1.546109e-01
9.540000e-01  1.542266e-01
9.570000e-01  1.538425e-01
9.600000e-01  1.534585e-01
9.630000e-01  1.530748e-01
9.660000e-01  1.526913e-01
9.690000e-01  1.523079e-01
9.720000e-01  1.519246e-01
9.750000e-01  1.515415e-01
9.780000e-01  1.511585e-01
9.810000e-01  1.507756e-01
9.840000e-01  1.503927e-01
9.870000e-01  1.500099e-01
9.900000e-01  1.496272e-01
9.930000e-01  1.492445e-01
9.960000e-01  000000
9.990000e-01  000000
