000000  000001
3.000000e-03  8.529876e-01
6.000000e-03  7.771241e-01
9.000000e-03  7.263199e-01
1.200000e-02  6.884123e-01
1.500000e-02  6.583503e-01
1.800000e-02  6.335505e-01
2.100000e-02  6.125158e-01
2.400000e-02  5.943022e-01
2.700000e-02  5.782774e-01
3.000000e-02  5.639974e-01
3.300000e-02  5.511390e-01
3.600000e-02  5.394598e-01
3.900000e-02  5.287734e-01
4.200000e-02  5.189338e-01
4.500000e-02  5.098243e-01
4.800000e-02  5.013502e-01
5.100000e-02  4.934340e-01
5.400000e-02  4.860111e-01
5.700000e-02  4.790273e-01
6.000000e-02  4.724367e-01
6.300000e-02  4.662001e-01
6.600000e-02  4.602836e-01
6.900000e-02  4.546582e-01
7.200000e-02  4.492981e-01
7.500000e-02  4.441811e-01
7.800000e-02  4.392874e-01
8.100000e-02  4.345995e-01
8.400000e-02  4.301020e-01
8.700000e-02  4.257808e-01
9.000000e-02  4.216235e-01
9.300000e-02  4.176188e-01
9.600000e-02  4.137568e-01
9.900000e-02  4.100281e-01
1.020000e-01  4.064244e-01
1.050000e-01  4.029381e-01
1.080000e-01  3.995622e-01
1.110000e-01  3.962904e-01
1.140000e-01  3.931169e-01
1.170000e-01  3.900362e-01
1.200000e-01  3.870433e-01
1.230000e-01  3.841338e-01
1.260000e-01  3.813033e-01
1.290000e-01  3.785479e-01
1.320000e-01  3.758639e-01
1.350000e-01  3.732480e-01
1.380000e-01  3.706969e-01
1.410000e-01  3.682077e-01
1.440000e-01  3.657777e-01
1.470000e-01  3.634042e-01
1.500000e-01  3.610848e-01
1.530000e-01  3.588172e-01
1.560000e-01  3.565992e-01
1.590000e-01  3.544290e-01
1.620000e-01  3.523044e-01
1.650000e-01  3.502238e-01
1.680000e-01  3.481855e-01
1.710000e-01  3.461878e-01
1.740000e-01  3.442293e-01
1.770000e-01  3.423085e-01
1.800000e-01  3.404240e-01
1.830000e-01  3.385746e-01
1.860000e-01  3.367590e-01
1.890000e-01  3.349761e-01
1.920000e-01  3.332248e-01
1.950000e-01  3.315040e-01
1.980000e-01  3.298127e-01
2.010000e-01  3.281499e-01
2.040000e-01  3.265149e-01
2.070000e-01  3.249065e-01
2.100000e-01  3.233242e-01
2.130000e-01  3.217670e-01
2.160000e-01  3.202342e-01
2.190000e-01  3.187250e-01
2.220000e-01  3.172389e-01
2.250000e-01  3.157750e-01
2.280000e-01  3.143328e-01
2.310000e-01  3.129117e-01
2.340000e-01  3.115110e-01
2.370000e-01  3.101303e-01
2.400000e-01  3.087689e-01
2.430000e-01  3.074263e-01
2.460000e-01  3.061021e-01
2.490000e-01  3.047957e-01
2.520000e-01  3.035068e-01
2.550000e-01  3.022348e-01
2.580000e-01  3.009793e-01
2.610000e-01  2.997399e-01
2.640000e-01  2.985162e-01
2.670000e-01  2.973078e-01
2.700000e-01  2.961143e-01
2.730000e-01  2.949355e-01
2.760000e-01  2.937709e-01
2.790000e-01  2.926202e-01
2.820000e-01  2.914830e-01
2.850000e-01  2.903592e-01
2.880000e-01  2.892482e-01
2.910000e-01  2.881500e-01
2.940000e-01  2.870641e-01
2.970000e-01  2.859904e-01
3.000000e-01  2.849285e-01
3.030000e-01  2.838781e-01
3.060000e-01  2.828392e-01
3.090000e-01  2.818113e-01
3.120000e-01  2.807942e-01
3.150000e-01  2.797878e-01
3.180000e-01  2.787918e-01
3.210000e-01  2.778060e-01
3.240000e-01  2.768302e-01
3.270000e-01  2.758642e-01
3.300000e-01  2.749078e-01
3.330000e-01  2.739608e-01
3.360000e-01  2.730229e-01
3.390000e-01  2.720941e-01
3.420000e-01  2.711742e-01
3.450000e-01  2.702630e-01
3.480000e-01  2.693603e-01
3.510000e-01  2.684659e-01
3.540000e-01  2.675797e-01
3.570000e-01  2.667016e-01
3.600000e-01  2.658314e-01
3.630000e-01  2.649690e-01
3.660000e-01  2.641141e-01
3.690000e-01  2.632668e-01
3.720000e-01  2.624268e-01
3.750000e-01  2.615940e-01
3.780000e-01  2.607683e-01
3.810000e-01  2.599495e-01
3.840000e-01  2.591376e-01
3.870000e-01  2.583324e-01
3.900000e-01  2.575338e-01
3.930000e-01  2.567418e-01
3.960000e-01  2.559561e-01
3.990000e-01  2.551766e-01
4.020000e-01  2.544034e-01
4.050000e-01  2.536362e-01
4.080000e-01  2.528750e-01
4.110000e-01  2.521196e-01
4.140000e-01  2.513701e-01
4.170000e-01  2.506262e-01
4.200000e-01  2.498879e-01
4.230000e-01  2.491551e-01
4.260000e-01  2.484277e-01
4.290000e-01  2.477057e-01
4.320000e-01  2.469889e-01
4.350000e-01  2.462772e-01
4.380000e-01  2.455707e-01
4.410000e-01  2.448691e-01
4.440000e-01  2.441725e-01
4.470000e-01  2.434808e-01
4.500000e-01  2.427938e-01
4.530000e-01  2.421115e-01
4.560000e-01  2.414339e-01
4.590000e-01  2.407608e-01
4.620000e-01  2.400923e-01
4.650000e-01  2.394282e-01
4.680000e-01  2.387684e-01
4.710000e-01  2.381130e-01
4.740000e-01  2.374618e-01
4.770000e-01  2.368148e-01
4.800000e-01  2.361719e-01
4.830000e-01  2.355331e-01
4.860000e-01  2.348983e-01
4.890000e-01  2.342675e-01
4.920000e-01  2.336405e-01
4.950000e-01  2.330174e-01
4.980000e-01  2.323981e-01
5.010000e-01  2.317825e-01
5.040000e-01  2.311707e-01
5.070000e-01  2.305624e-01
5.100000e-01  2.299577e-01
5.130000e-01  2.293566e-01
5.160000e-01  2.287590e-01
5.190000e-01  2.281648e-01
5.220000e-01  2.275740e-01
5.250000e-01  2.269865e-01
5.280000e-01  2.264024e-01
5.310000e-01  2.258215e-01
5.340000e-01  2.252438e-01
5.370000e-01  2.246693e-01
5.400000e-01  2.240980e-01
5.430000e-01  2.235298e-01
5.460000e-01  2.229646e-01
5.490000e-01  2.224024e-01
5.520000e-01  2.218432e-01
5.550000e-01  2.212869e-01
5.580000e-01  2.207336e-01
5.610000e-01  2.201831e-01
5.640000e-01  2.196354e-01
5.670000e-01  2.190906e-01
5.700000e-01  2.185485e-01
5.730000e-01  2.180091e-01
5.760000e-01  2.174724e-01
5.790000e-01  2.169384e-01
5.820000e-01  2.164069e-01
5.850000e-01  2.158781e-01
5.880000e-01  2.153519e-01
5.910000e-01  2.148281e-01
5.940000e-01  2.143069e-01
5.970000e-01  2.137881e-01
6.000000e-01  2.132718e-01
6.030000e-01  2.127579e-01
6.060000e-01  2.122463e-01
6.090000e-01  2.117371e-01
6.120000e-01  2.112303e-01
6.150000e-01  2.107257e-01
6.180000e-01  2.102233e-01
6.210000e-01  2.097233e-01
6.240000e-01  2.092254e-01
6.270000e-01  2.087297e-01
6.300000e-01  2.082362e-01
6.330000e-01  2.077448e-01
6.360000e-01  2.072555e-01
6.390000e-01  2.067683e-01
6.420000e-01  2.062832e-01
6.450000e-01  2.058001e-01
6.480000e-01  2.053190e-01
6.510000e-01  2.048399e-01
6.540000e-01  2.043627e-01
6.570000e-01  2.038875e-01
6.600000e-01  2.034142e-01
6.630000e-01  2.029428e-01
6.660000e-01  2.024733e-01
6.690000e-01  2.020057e-01
6.720000e-01  2.015398e-01
6.750000e-01  2.010758e-01
6.780000e-01  2.006136e-01
6.810000e-01  2.001531e-01
6.840000e-01  1.996944e-01
6.870000e-01  1.992374e-01
6.900000e-01  1.987821e-01
6.930000e-01  1.983285e-01
6.960000e-01  1.978766e-01
6.990000e-01  1.974263e-01
7.020000e-01  1.969777e-01
7.050000e-01  1.965306e-01
7.080000e-01  1.960852e-01
7.110000e-01  1.956413e-01
7.140000e-01  1.951990e-01
7.170000e-01  1.947582e-01
7.200000e-01  1.943189e-01
7.230000e-01  1.938812e-01
7.260000e-01  1.934449e-01
7.290000e-01  1.930101e-01
7.320000e-01  1.925767e-01
7.350000e-01  1.921448e-01
7.380000e-01  1.917143e-01
7.410000e-01  1.912852e-01
7.440000e-01  1.908575e-01
7.470000e-01  1.904311e-01
7.500000e-01  1.900061e-01
7.530000e-01  1.895825e-01
7.560000e-01  1.891601e-01
7.590000e-01  1.887391e-01
7.620000e-01  1.883193e-01
7.650000e-01  1.879008e-01
7.680000e-01  1.874836e-01
7.710000e-01  1.870677e-01
7.740000e-01  1.866529e-01
7.770000e-01  1.862394e-01
7.800000e-01  1.858271e-01
7.830000e-01  1.854159e-01
7.860000e-01  1.850060e-01
7.890000e-01  1.845972e-01
7.920000e-01  1.841895e-01
7.950000e-01  1.837830e-01
7.980000e-01  1.833775e-01
8.010000e-01  1.829732e-01
8.040000e-01  1.825700e-01
8.070000e-01  1.821679e-01
8.100000e-01  1.817668e-01
8.130000e-01  1.813667e-01
8.160000e-01  1.809677e-01
8.190000e-01  1.805697e-01
8.220000e-01  1.801728e-01
8.250000e-01  1.797768e-01
8.280000e-01  1.793818e-01
8.310000e-01  1.789878e-01
8.340000e-01  1.785947e-01
8.370000e-01  1.782026e-01
8.400000e-01  1.778114e-01
8.430000e-01  1.774211e-01
8.460000e-01  1.770318e-01
8.490000e-01  1.766433e-01
8.520000e-01  1.762557e-01
8.550000e-01  1.758690e-01
8.580000e-01  1.754832e-01
8.610000e-01  1.750982e-01
8.640000e-01  1.747140e-01
8.670000e-01  1.743307e-01
8.700000e-01  1.739482e-01
8.730000e-01  1.735665e-01
8.760000e-01  1.731855e-01
8.790000e-01  1.728054e-01
8.820000e-01  1.724260e-01
8.850000e-01  1.720474e-01
8.880000e-01  1.716695e-01
8.910000e-01  1.712923e-01
8.940000e-01  1.709159e-01
8.970000e-01  1.705401e-01
9.000000e-01  1.701651e-01
9.030000e-01  1.697908e-01
9.060000e-01  1.694171e-01
9.090000e-01  1.690441e-01
9.120000e-01  1.686717e-01
9.150000e-01  1.683000e-01
9.180000e-01  1.679289e-01
9.210000e-01  1.675585e-01
9.240000e-01  1.671886e-01
9.270000e-01  1.668194e-01
9.300000e-01  1.664507e-01
9.330000e-01  1.660826e-01
9.360000e-01  1.657151e-01
9.390000e-01  1.653481e-01
9.420000e-01  1.649816e-01
9.450000e-01  1.646157e-01
9.480000e-01  1.642504e-01
9.510000e-01  1.638855e-01
9.540000e-01  1.635211e-01
9.570000e-01  1.631572e-01
9.600000e-01  1.627938e-01
9.630000e-01  1.624308e-01
9.660000e-01  1.620683e-01
9.690000e-01  1.617063e-01
9.720000e-01  1.613446e-01
9.750000e-01  1.609834e-01
9.780000e-01  1.606226e-01
9.810000e-01  1.602622e-01
9.840000e-01  1.599022e-01
9.870000e-01  1.595426e-01
9.900000e-01  1.591833e-01
9.930000e-01  1.588244e-01
9.960000e-01  1.584658e-01
9.990000e-01  1.581076e-01
