000000  000001
3.000000e-03  7.304236e-01
6.000000e-03  6.378782e-01
9.000000e-03  5.825915e-01
1.200000e-02  5.437141e-01
1.500000e-02  5.140099e-01
1.800000e-02  4.901292e-01
2.100000e-02  4.702547e-01
2.400000e-02  4.532942e-01
2.700000e-02  4.385418e-01
3.000000e-02  4.255162e-01
3.300000e-02  4.138754e-01
3.600000e-02  4.033677e-01
3.900000e-02  3.938030e-01
4.200000e-02  3.850343e-01
4.500000e-02  3.769459e-01
4.800000e-02  3.694448e-01
5.100000e-02  3.624555e-01
5.400000e-02  3.559160e-01
5.700000e-02  3.497744e-01
6.000000e-02  3.439872e-01
6.300000e-02  3.385173e-01
6.600000e-02  3.333333e-01
6.900000e-02  3.284079e-01
7.200000e-02  3.237174e-01
7.500000e-02  3.192412e-01
7.800000e-02  3.149612e-01
8.100000e-02  3.108614e-01
8.400000e-02  3.069276e-01
8.700000e-02  3.031473e-01
9.000000e-02  2.995092e-01
9.300000e-02  2.960032e-01
9.600000e-02  2.926202e-01
9.900000e-02  2.893518e-01
1.020000e-01  2.861908e-01
1.050000e-01  2.831302e-01
1.080000e-01  2.801640e-01
1.110000e-01  2.772864e-01
1.140000e-01  2.744923e-01
1.170000e-01  2.717769e-01
1.200000e-01  2.691359e-01
1.230000e-01  2.665652e-01
1.260000e-01  2.640610e-01
1.290000e-01  2.616199e-01
1.320000e-01  2.592387e-01
1.350000e-01  2.569145e-01
1.380000e-01  2.546444e-01
1.410000e-01  2.524258e-01
1.440000e-01  2.502563e-01
1.470000e-01  2.481337e-01
1.500000e-01  2.460559e-01
1.530000e-01  2.440208e-01
1.560000e-01  2.420266e-01
1.590000e-01  2.400715e-01
1.620000e-01  2.381538e-01
1.650000e-01  2.362721e-01
1.680000e-01  2.344248e-01
1.710000e-01  2.326106e-01
1.740000e-01  2.308281e-01
1.770000e-01  2.290760e-01
1.800000e-01  2.273533e-01
1.830000e-01  2.256587e-01
1.860000e-01  2.239912e-01
1.890000e-01  2.223498e-01
1.920000e-01  2.207336e-01
1.950000e-01  2.191415e-01
1.980000e-01  2.175728e-01
2.010000e-01  2.160266e-01
2.040000e-01  2.145021e-01
2.070000e-01  2.129985e-01
2.100000e-01  2.115151e-01
2.130000e-01  2.100512e-01
2.160000e-01  2.086061e-01
2.190000e-01  2.071792e-01
2.220000e-01  2.057699e-01
2.250000e-01  2.043776e-01
2.280000e-01  2.030017e-01
2.310000e-01  2.016416e-01
2.340000e-01  2.002968e-01
2.370000e-01  1.989669e-01
2.400000e-01  1.976512e-01
2.430000e-01  1.963495e-01
2.460000e-01  1.950611e-01
2.490000e-01  1.937856e-01
2.520000e-01  1.925227e-01
2.550000e-01  1.912718e-01
2.580000e-01  1.900326e-01
2.610000e-01  1.888048e-01
2.640000e-01  1.875878e-01
2.670000e-01  1.863814e-01
2.700000e-01  1.851852e-01
2.730000e-01  1.839988e-01
2.760000e-01  1.828219e-01
2.790000e-01  1.816541e-01
2.820000e-01  1.804952e-01
2.850000e-01  1.793448e-01
2.880000e-01  1.782026e-01
2.910000e-01  1.770682e-01
2.940000e-01  1.759415e-01
2.970000e-01  1.748220e-01
3.000000e-01  1.737095e-01
3.030000e-01  1.726037e-01
3.060000e-01  1.715044e-01
3.090000e-01  1.704111e-01
3.120000e-01  1.693238e-01
3.150000e-01  1.682420e-01
3.180000e-01  1.671655e-01
3.210000e-01  1.660941e-01
3.240000e-01  1.650274e-01
3.270000e-01  1.639653e-01
3.300000e-01  1.629073e-01
3.330000e-01  1.618533e-01
3.360000e-01  1.608030e-01
3.390000e-01  1.597561e-01
3.420000e-01  1.587123e-01
3.450000e-01  1.576714e-01
3.480000e-01  1.566330e-01
3.510000e-01  1.555970e-01
3.540000e-01  1.545629e-01
3.570000e-01  1.535305e-01
3.600000e-01  1.524995e-01
3.630000e-01  1.514697e-01
3.660000e-01  1.504406e-01
3.690000e-01  1.494119e-01
3.720000e-01  000000
3.750000e-01  000000
3.780000e-01  000000
3.810000e-01  000000
3.840000e-01  000000
3.870000e-01  000000
3.900000e-01  000000
3.930000e-01  000000
3.960000e-01  000000
3.990000e-01  000000
4.020000e-01  000000
4.050000e-01  000000
4.080000e-01  000000
4.110000e-01  000000
4.140000e-01  000000
4.170000e-01  000000
4.200000e-01  000000
4.230000e-01  000000
4.260000e-01  000000
4.290000e-01  000000
4.320000e-01  000000
4.350000e-01  000000
4.380000e-01  000000
4.410000e-01  000000
4.440000e-01  000000
4.470000e-01  000000
4.500000e-01  000000
4.530000e-01  000000
4.560000e-01  000000
4.590000e-01  000000
4.620000e-01  000000
4.650000e-01  000000
4.680000e-01  000000
4.710000e-01  000000
4.740000e-01  000000
4.770000e-01  000000
4.800000e-01  000000
4.830000e-01  000000
4.860000e-01  000000
4.890000e-01  000000
4.920000e-01  000000
4.950000e-01  000000
4.980000e-01  000000
5.010000e-01  000000
5.040000e-01  000000
5.070000e-01  000000
5.100000e-01  000000
5.130000e-01  000000
5.160000e-01  000000
5.190000e-01  000000
5.220000e-01  000000
5.250000e-01  000000
5.280000e-01  000000
5.310000e-01  000000
5.340000e-01  000000
5.370000e-01  000000
5.400000e-01  000000
5.430000e-01  000000
5.460000e-01  000000
5.490000e-01  000000
5.520000e-01  000000
5.550000e-01  000000
5.580000e-01  000000
5.610000e-01  000000
5.640000e-01  000000
5.670000e-01  000000
5.700000e-01  000000
5.730000e-01  000000
5.760000e-01  000000
5.790000e-01  000000
5.820000e-01  000000
5.850000e-01  000000
5.880000e-01  000000
5.910000e-01  000000
5.940000e-01  000000
5.970000e-01  000000
6.000000e-01  000000
6.030000e-01  000000
6.060000e-01  000000
6.090000e-01  000000
6.120000e-01  000000
6.150000e-01  000000
6.180000e-01  000000
6.210000e-01  000000
6.240000e-01  000000
6.270000e-01  000000
6.300000e-01  000000
6.330000e-01  000000
6.360000e-01  000000
6.390000e-01  000000
6.420000e-01  000000
6.450000e-01  000000
6.480000e-01  000000
6.510000e-01  000000
6.540000e-01  000000
6.570000e-01  000000
6.600000e-01  000000
6.630000e-01  000000
6.660000e-01  000000
6.690000e-01  000000
6.720000e-01  000000
6.750000e-01  000000
6.780000e-01  000000
6.810000e-01  000000
6.840000e-01  000000
6.870000e-01  000000
6.900000e-01  000000
6.930000e-01  000000
6.960000e-01  000000
6.990000e-01  000000
7.020000e-01  000000
7.050000e-01  000000
7.080000e-01  000000
7.110000e-01  000000
7.140000e-01  000000
7.170000e-01  000000
7.200000e-01  000000
7.230000e-01  000000
7.260000e-01  000000
7.290000e-01  000000
7.320000e-01  000000
7.350000e-01  000000
7.380000e-01  000000
7.410000e-01  000000
7.440000e-01  000000
7.470000e-01  000000
7.500000e-01  000000
7.530000e-01  000000
7.560000e-01  000000
7.590000e-01  000000
7.620000e-01  000000
7.650000e-01  000000
7.680000e-01  000000
7.710000e-01  000000
7.740000e-01  000000
7.770000e-01  000000
7.800000e-01  000000
7.830000e-01  000000
7.860000e-01  000000
7.890000e-01  000000
7.920000e-01  000000
7.950000e-01  000000
7.980000e-01  000000
8.010000e-01  000000
8.040000e-01  000000
8.070000e-01  000000
8.100000e-01  000000
8.130000e-01  000000
8.160000e-01  000000
8.190000e-01  000000
8.220000e-01  000000
8.250000e-01  000000
8.280000e-01  000000
8.310000e-01  000000
8.340000e-01  000000
8.370000e-01  000000
8.400000e-01  000000
8.430000e-01  000000
8.460000e-01  000000
8.490000e-01  000000
8.520000e-01  000000
8.550000e-01  000000
8.580000e-01  000000
8.610000e-01  000000
8.640000e-01  000000
8.670000e-01  000000
8.700000e-01  000000
8.730000e-01  000000
8.760000e-01  000000
8.790000e-01  000000
8.820000e-01  000000
8.850000e-01  000000
8.880000e-01  000000
8.910000e-01  000000
8.940000e-01  000000
8.970000e-01  000000
9.000000e-01  000000
9.030000e-01  000000
9.060000e-01  000000
9.090000e-01  000000
9.120000e-01  000000
9.150000e-01  000000
9.180000e-01  000000
9.210000e-01  000000
9.240000e-01  000000
9.270000e-01  000000
9.300000e-01  000000
9.330000e-01  000000
9.360000e-01  000000
9.390000e-01  000000
9.420000e-01  000000
9.450000e-01  000000
9.480000e-01  000000
9.510000e-01  000000
9.540000e-01  000000
9.570000e-01  000000
9.600000e-01  000000
9.630000e-01  000000
9.660000e-01  000000
9.690000e-01  000000
9.720000e-01  000000
9.750000e-01  000000
9.780000e-01  000000
9.810000e-01  000000
9.840000e-01  000000
9.870000e-01  000000
9.900000e-01  000000
9.930000e-01  000000
9.960000e-01  000000
9.990000e-01  000000
