000000  000001
3.000000e-03  8.440971e-01
6.000000e-03  7.661854e-01
9.000000e-03  7.145990e-01
1.200000e-02  6.763465e-01
1.500000e-02  6.461329e-01
1.800000e-02  6.212789e-01
2.100000e-02  6.002433e-01
2.400000e-02  5.820595e-01
2.700000e-02  5.660824e-01
3.000000e-02  5.518607e-01
3.300000e-02  5.390667e-01
3.600000e-02  5.274551e-01
3.900000e-02  5.168379e-01
4.200000e-02  5.070676e-01
4.500000e-02  4.980270e-01
4.800000e-02  4.896209e-01
5.100000e-02  4.817712e-01
5.400000e-02  4.744134e-01
5.700000e-02  4.674930e-01
6.000000e-02  4.609641e-01
6.300000e-02  4.547874e-01
6.600000e-02  4.489292e-01
6.900000e-02  4.433602e-01
7.200000e-02  4.380550e-01
7.500000e-02  4.329912e-01
7.800000e-02  4.281491e-01
8.100000e-02  4.235113e-01
8.400000e-02  4.190623e-01
8.700000e-02  4.147883e-01
9.000000e-02  4.106768e-01
9.300000e-02  4.067166e-01
9.600000e-02  4.028977e-01
9.900000e-02  3.992110e-01
1.020000e-01  3.956480e-01
1.050000e-01  3.922014e-01
1.080000e-01  3.888641e-01
1.110000e-01  3.856298e-01
1.140000e-01  3.824927e-01
1.170000e-01  3.794475e-01
1.200000e-01  3.764892e-01
1.230000e-01  3.736133e-01
1.260000e-01  3.708156e-01
1.290000e-01  3.680921e-01
1.320000e-01  3.654393e-01
1.350000e-01  3.628537e-01
1.380000e-01  3.603322e-01
1.410000e-01  3.578719e-01
1.440000e-01  3.554700e-01
1.470000e-01  3.531239e-01
1.500000e-01  3.508313e-01
1.530000e-01  3.485899e-01
1.560000e-01  3.463975e-01
1.590000e-01  3.442521e-01
1.620000e-01  3.421519e-01
1.650000e-01  3.400951e-01
1.680000e-01  3.380800e-01
1.710000e-01  3.361051e-01
1.740000e-01  3.341687e-01
1.770000e-01  3.322696e-01
1.800000e-01  3.304063e-01
1.830000e-01  3.285776e-01
1.860000e-01  3.267823e-01
1.890000e-01  3.250192e-01
1.920000e-01  3.232873e-01
1.950000e-01  3.215854e-01
1.980000e-01  3.199126e-01
2.010000e-01  3.182680e-01
2.040000e-01  3.166507e-01
2.070000e-01  3.150597e-01
2.100000e-01  3.134943e-01
2.130000e-01  3.119538e-01
2.160000e-01  3.104372e-01
2.190000e-01  3.089440e-01
2.220000e-01  3.074734e-01
2.250000e-01  3.060248e-01
2.280000e-01  3.045975e-01
2.310000e-01  3.031910e-01
2.340000e-01  3.018046e-01
2.370000e-01  3.004378e-01
2.400000e-01  2.990901e-01
2.430000e-01  2.977609e-01
2.460000e-01  2.964498e-01
2.490000e-01  2.951563e-01
2.520000e-01  2.938799e-01
2.550000e-01  2.926202e-01
2.580000e-01  2.913767e-01
2.610000e-01  2.901491e-01
2.640000e-01  2.889369e-01
2.670000e-01  2.877398e-01
2.700000e-01  2.865573e-01
2.730000e-01  2.853893e-01
2.760000e-01  2.842352e-01
2.790000e-01  2.830948e-01
2.820000e-01  2.819678e-01
2.850000e-01  2.808538e-01
2.880000e-01  2.797525e-01
2.910000e-01  2.786637e-01
2.940000e-01  2.775871e-01
2.970000e-01  2.765223e-01
3.000000e-01  2.754692e-01
3.030000e-01  2.744275e-01
3.060000e-01  2.733970e-01
3.090000e-01  2.723773e-01
3.120000e-01  2.713683e-01
3.150000e-01  2.703697e-01
3.180000e-01  2.693814e-01
3.210000e-01  2.684031e-01
3.240000e-01  2.674346e-01
3.270000e-01  2.664757e-01
3.300000e-01  2.655262e-01
3.330000e-01  2.645859e-01
3.360000e-01  2.636547e-01
3.390000e-01  2.627323e-01
3.420000e-01  2.618186e-01
3.450000e-01  2.609135e-01
3.480000e-01  2.600167e-01
3.510000e-01  2.591281e-01
3.540000e-01  2.582476e-01
3.570000e-01  2.573749e-01
3.600000e-01  2.565100e-01
3.630000e-01  2.556527e-01
3.660000e-01  2.548029e-01
3.690000e-01  2.539604e-01
3.720000e-01  2.531251e-01
3.750000e-01  2.522968e-01
3.780000e-01  2.514755e-01
3.810000e-01  2.506611e-01
3.840000e-01  2.498533e-01
3.870000e-01  2.490521e-01
3.900000e-01  2.482573e-01
3.930000e-01  2.474690e-01
3.960000e-01  2.466868e-01
3.990000e-01  2.459108e-01
4.020000e-01  2.451409e-01
4.050000e-01  2.443769e-01
4.080000e-01  2.436187e-01
4.110000e-01  2.428663e-01
4.140000e-01  2.421195e-01
4.170000e-01  2.413783e-01
4.200000e-01  2.406425e-01
4.230000e-01  2.399121e-01
4.260000e-01  2.391871e-01
4.290000e-01  2.384672e-01
4.320000e-01  2.377524e-01
4.350000e-01  2.370427e-01
4.380000e-01  2.363379e-01
4.410000e-01  2.356381e-01
4.440000e-01  2.349430e-01
4.470000e-01  2.342527e-01
4.500000e-01  2.335670e-01
4.530000e-01  2.328860e-01
4.560000e-01  2.322094e-01
4.590000e-01  2.315373e-01
4.620000e-01  2.308697e-01
4.650000e-01  2.302063e-01
4.680000e-01  2.295472e-01
4.710000e-01  2.288922e-01
4.740000e-01  2.282415e-01
4.770000e-01  2.275947e-01
4.800000e-01  2.269521e-01
4.830000e-01  2.263133e-01
4.860000e-01  2.256785e-01
4.890000e-01  2.250475e-01
4.920000e-01  2.244203e-01
4.950000e-01  2.237968e-01
4.980000e-01  2.231770e-01
5.010000e-01  2.225608e-01
5.040000e-01  2.219482e-01
5.070000e-01  2.213392e-01
5.100000e-01  2.207336e-01
5.130000e-01  2.201314e-01
5.160000e-01  2.195327e-01
5.190000e-01  2.189372e-01
5.220000e-01  2.183451e-01
5.250000e-01  2.177562e-01
5.280000e-01  2.171705e-01
5.310000e-01  2.165880e-01
5.340000e-01  2.160085e-01
5.370000e-01  2.154322e-01
5.400000e-01  2.148589e-01
5.430000e-01  2.142886e-01
5.460000e-01  2.137212e-01
5.490000e-01  2.131567e-01
5.520000e-01  2.125951e-01
5.550000e-01  2.120364e-01
5.580000e-01  2.114804e-01
5.610000e-01  2.109272e-01
5.640000e-01  2.103768e-01
5.670000e-01  2.098290e-01
5.700000e-01  2.092839e-01
5.730000e-01  2.087414e-01
5.760000e-01  2.082014e-01
5.790000e-01  2.076641e-01
5.820000e-01  2.071292e-01
5.850000e-01  2.065968e-01
5.880000e-01  2.060669e-01
5.910000e-01  2.055395e-01
5.940000e-01  2.050144e-01
5.970000e-01  2.044916e-01
6.000000e-01  2.039712e-01
6.030000e-01  2.034531e-01
6.060000e-01  2.029373e-01
6.090000e-01  2.024237e-01
6.120000e-01  2.019123e-01
6.150000e-01  2.014032e-01
6.180000e-01  2.008961e-01
6.210000e-01  2.003912e-01
6.240000e-01  1.998885e-01
6.270000e-01  1.993877e-01
6.300000e-01  1.988891e-01
6.330000e-01  1.983924e-01
6.360000e-01  1.978978e-01
6.390000e-01  1.974051e-01
6.420000e-01  1.969144e-01
6.450000e-01  1.964257e-01
6.480000e-01  1.959388e-01
6.510000e-01  1.954538e-01
6.540000e-01  1.949706e-01
6.570000e-01  1.944893e-01
6.600000e-01  1.940098e-01
6.630000e-01  1.935320e-01
6.660000e-01  1.930561e-01
6.690000e-01  1.925818e-01
6.720000e-01  1.921093e-01
6.750000e-01  1.916385e-01
6.780000e-01  1.911693e-01
6.810000e-01  1.907018e-01
6.840000e-01  1.902360e-01
6.870000e-01  1.897717e-01
6.900000e-01  1.893090e-01
6.930000e-01  1.888479e-01
6.960000e-01  1.883884e-01
6.990000e-01  1.879303e-01
7.020000e-01  1.874738e-01
7.050000e-01  1.870188e-01
7.080000e-01  1.865653e-01
7.110000e-01  1.861132e-01
7.140000e-01  1.856625e-01
7.170000e-01  1.852132e-01
7.200000e-01  1.847654e-01
7.230000e-01  1.843189e-01
7.260000e-01  1.838737e-01
7.290000e-01  1.834300e-01
7.320000e-01  1.829875e-01
7.350000e-01  1.825463e-01
7.380000e-01  1.821064e-01
7.410000e-01  1.816678e-01
7.440000e-01  1.812305e-01
7.470000e-01  1.807943e-01
7.500000e-01  1.803594e-01
7.530000e-01  1.799257e-01
7.560000e-01  1.794932e-01
7.590000e-01  1.790619e-01
7.620000e-01  1.786317e-01
7.650000e-01  1.782026e-01
7.680000e-01  1.777746e-01
7.710000e-01  1.773478e-01
7.740000e-01  1.769220e-01
7.770000e-01  1.764973e-01
7.800000e-01  1.760736e-01
7.830000e-01  1.756510e-01
7.860000e-01  1.752295e-01
7.890000e-01  1.748089e-01
7.920000e-01  1.743893e-01
7.950000e-01  1.739707e-01
7.980000e-01  1.735530e-01
8.010000e-01  1.731363e-01
8.040000e-01  1.727205e-01
8.070000e-01  1.723056e-01
8.100000e-01  1.718917e-01
8.130000e-01  1.714786e-01
8.160000e-01  1.710664e-01
8.190000e-01  1.706550e-01
8.220000e-01  1.702445e-01
8.250000e-01  1.698348e-01
8.280000e-01  1.694259e-01
8.310000e-01  1.690178e-01
8.340000e-01  1.686105e-01
8.370000e-01  1.682039e-01
8.400000e-01  1.677981e-01
8.430000e-01  1.673931e-01
8.460000e-01  1.669887e-01
8.490000e-01  1.665851e-01
8.520000e-01  1.661821e-01
8.550000e-01  1.657799e-01
8.580000e-01  1.653783e-01
8.610000e-01  1.649773e-01
8.640000e-01  1.645770e-01
8.670000e-01  1.641773e-01
8.700000e-01  1.637783e-01
8.730000e-01  1.633798e-01
8.760000e-01  1.629818e-01
8.790000e-01  1.625845e-01
8.820000e-01  1.621877e-01
8.850000e-01  1.617914e-01
8.880000e-01  1.613957e-01
8.910000e-01  1.610004e-01
8.940000e-01  1.606057e-01
8.970000e-01  1.602114e-01
9.000000e-01  1.598176e-01
9.030000e-01  1.594242e-01
9.060000e-01  1.590313e-01
9.090000e-01  1.586387e-01
9.120000e-01  1.582466e-01
9.150000e-01  1.578549e-01
9.180000e-01  1.574635e-01
9.210000e-01  1.570725e-01
9.240000e-01  1.566818e-01
9.270000e-01  1.562915e-01
9.300000e-01  1.559015e-01
9.330000e-01  1.555117e-01
9.360000e-01  1.551223e-01
9.390000e-01  1.547331e-01
9.420000e-01  1.543441e-01
9.450000e-01  1.539554e-01
9.480000e-01  1.535669e-01
9.510000e-01  1.531786e-01
9.540000e-01  1.527905e-01
9.570000e-01  1.524026e-01
9.600000e-01  1.520148e-01
9.630000e-01  1.516271e-01
9.660000e-01  1.512396e-01
9.690000e-01  1.508521e-01
9.720000e-01  1.504648e-01
9.750000e-01  1.500775e-01
9.780000e-01  1.496902e-01
9.810000e-01  1.493030e-01
9.840000e-01  000000
9.870000e-01  000000
9.900000e-01  000000
9.930000e-01  000000
9.960000e-01  000000
9.990000e-01  000000
