000000  000001
3.000000e-03  8.988306e-01
6.000000e-03  8.366357e-01
9.000000e-03  7.919032e-01
1.200000e-02  7.571323e-01
1.500000e-02  7.287999e-01
1.800000e-02  7.049660e-01
2.100000e-02  6.844481e-01
2.400000e-02  6.664724e-01
2.700000e-02  6.505054e-01
3.000000e-02  6.361639e-01
3.300000e-02  6.231634e-01
3.600000e-02  6.112873e-01
3.900000e-02  6.003667e-01
4.200000e-02  5.902675e-01
4.500000e-02  5.808818e-01
4.800000e-02  5.721210e-01
5.100000e-02  5.639119e-01
5.400000e-02  5.561932e-01
5.700000e-02  5.489131e-01
6.000000e-02  5.420276e-01
6.300000e-02  5.354985e-01
6.600000e-02  5.292930e-01
6.900000e-02  5.233827e-01
7.200000e-02  5.177425e-01
7.500000e-02  5.123503e-01
7.800000e-02  5.071865e-01
8.100000e-02  5.022340e-01
8.400000e-02  4.974771e-01
8.700000e-02  4.929019e-01
9.000000e-02  4.884961e-01
9.300000e-02  4.842484e-01
9.600000e-02  4.801484e-01
9.900000e-02  4.761870e-01
1.020000e-01  4.723556e-01
1.050000e-01  4.686467e-01
1.080000e-01  4.650530e-01
1.110000e-01  4.615682e-01
1.140000e-01  4.581862e-01
1.170000e-01  4.549016e-01
1.200000e-01  4.517092e-01
1.230000e-01  4.486045e-01
1.260000e-01  4.455829e-01
1.290000e-01  4.426404e-01
1.320000e-01  4.397733e-01
1.350000e-01  4.369781e-01
1.380000e-01  4.342515e-01
1.410000e-01  4.315903e-01
1.440000e-01  4.289918e-01
1.470000e-01  4.264533e-01
1.500000e-01  4.239721e-01
1.530000e-01  4.215460e-01
1.560000e-01  4.191727e-01
1.590000e-01  4.168502e-01
1.620000e-01  4.145763e-01
1.650000e-01  4.123493e-01
1.680000e-01  4.101673e-01
1.710000e-01  4.080288e-01
1.740000e-01  4.059321e-01
1.770000e-01  4.038757e-01
1.800000e-01  4.018581e-01
1.830000e-01  3.998781e-01
1.860000e-01  3.979344e-01
1.890000e-01  3.960257e-01
1.920000e-01  3.941508e-01
1.950000e-01  3.923087e-01
1.980000e-01  3.904983e-01
2.010000e-01  3.887186e-01
2.040000e-01  3.869687e-01
2.070000e-01  3.852475e-01
2.100000e-01  3.835543e-01
2.130000e-01  3.818881e-01
2.160000e-01  3.802483e-01
2.190000e-01  3.786339e-01
2.220000e-01  3.770444e-01
2.250000e-01  3.754789e-01
2.280000e-01  3.739369e-01
2.310000e-01  3.724176e-01
2.340000e-01  3.709204e-01
2.370000e-01  3.694448e-01
2.400000e-01  3.679901e-01
2.430000e-01  3.665558e-01
2.460000e-01  3.651414e-01
2.490000e-01  3.637463e-01
2.520000e-01  3.623701e-01
2.550000e-01  3.610122e-01
2.580000e-01  3.596723e-01
2.610000e-01  3.583499e-01
2.640000e-01  3.570445e-01
2.670000e-01  3.557558e-01
2.700000e-01  3.544833e-01
2.730000e-01  3.532267e-01
2.760000e-01  3.519856e-01
2.790000e-01  3.507596e-01
2.820000e-01  3.495484e-01
2.850000e-01  3.483517e-01
2.880000e-01  3.471690e-01
2.910000e-01  3.460002e-01
2.940000e-01  3.448449e-01
2.970000e-01  3.437029e-01
3.000000e-01  3.425737e-01
3.030000e-01  3.414572e-01
3.060000e-01  3.403531e-01
3.090000e-01  3.392612e-01
3.120000e-01  3.381811e-01
3.150000e-01  3.371126e-01
3.180000e-01  3.360556e-01
3.210000e-01  3.350097e-01
3.240000e-01  3.339747e-01
3.270000e-01  3.329505e-01
3.300000e-01  3.319368e-01
3.330000e-01  3.309334e-01
3.360000e-01  3.299401e-01
3.390000e-01  3.289568e-01
3.420000e-01  3.279831e-01
3.450000e-01  3.270190e-01
3.480000e-01  3.260643e-01
3.510000e-01  3.251188e-01
3.540000e-01  3.241823e-01
3.570000e-01  3.232547e-01
3.600000e-01  3.223357e-01
3.630000e-01  3.214254e-01
3.660000e-01  3.205234e-01
3.690000e-01  3.196296e-01
3.720000e-01  3.187440e-01
3.750000e-01  3.178663e-01
3.780000e-01  3.169965e-01
3.810000e-01  3.161343e-01
3.840000e-01  3.152797e-01
3.870000e-01  3.144325e-01
3.900000e-01  3.135927e-01
3.930000e-01  3.127600e-01
3.960000e-01  3.119344e-01
3.990000e-01  3.111158e-01
4.020000e-01  3.103040e-01
4.050000e-01  3.094989e-01
4.080000e-01  3.087004e-01
4.110000e-01  3.079085e-01
4.140000e-01  3.071230e-01
4.170000e-01  3.063438e-01
4.200000e-01  3.055708e-01
4.230000e-01  3.048040e-01
4.260000e-01  3.040431e-01
4.290000e-01  3.032882e-01
4.320000e-01  3.025392e-01
4.350000e-01  3.017959e-01
4.380000e-01  3.010583e-01
4.410000e-01  3.003262e-01
4.440000e-01  2.995997e-01
4.470000e-01  2.988786e-01
4.500000e-01  2.981628e-01
4.530000e-01  2.974523e-01
4.560000e-01  2.967470e-01
4.590000e-01  2.960468e-01
4.620000e-01  2.953517e-01
4.650000e-01  2.946615e-01
4.680000e-01  2.939762e-01
4.710000e-01  2.932958e-01
4.740000e-01  2.926202e-01
4.770000e-01  2.919492e-01
4.800000e-01  2.912829e-01
4.830000e-01  2.906212e-01
4.860000e-01  2.899639e-01
4.890000e-01  2.893112e-01
4.920000e-01  2.886628e-01
4.950000e-01  2.880188e-01
4.980000e-01  2.873790e-01
5.010000e-01  2.867435e-01
5.040000e-01  2.861121e-01
5.070000e-01  2.854848e-01
5.100000e-01  2.848617e-01
5.130000e-01  2.842425e-01
5.160000e-01  2.836272e-01
5.190000e-01  2.830159e-01
5.220000e-01  2.824085e-01
5.250000e-01  2.818048e-01
5.280000e-01  2.812049e-01
5.310000e-01  2.806087e-01
5.340000e-01  2.800162e-01
5.370000e-01  2.794273e-01
5.400000e-01  2.788420e-01
5.430000e-01  2.782603e-01
5.460000e-01  2.776820e-01
5.490000e-01  2.771072e-01
5.520000e-01  2.765357e-01
5.550000e-01  2.759677e-01
5.580000e-01  2.754030e-01
5.610000e-01  2.748416e-01
5.640000e-01  2.742834e-01
5.670000e-01  2.737284e-01
5.700000e-01  2.731766e-01
5.730000e-01  2.726280e-01
5.760000e-01  2.720824e-01
5.790000e-01  2.715400e-01
5.820000e-01  2.710005e-01
5.850000e-01  2.704641e-01
5.880000e-01  2.699306e-01
5.910000e-01  2.694001e-01
5.940000e-01  2.688724e-01
5.970000e-01  2.683477e-01
6.000000e-01  2.678257e-01
6.030000e-01  2.673066e-01
6.060000e-01  2.667902e-01
6.090000e-01  2.662766e-01
6.120000e-01  2.657657e-01
6.150000e-01  2.652574e-01
6.180000e-01  2.647519e-01
6.210000e-01  2.642489e-01
6.240000e-01  2.637486e-01
6.270000e-01  2.632508e-01
6.300000e-01  2.627555e-01
6.330000e-01  2.622628e-01
6.360000e-01  2.617726e-01
6.390000e-01  2.612848e-01
6.420000e-01  2.607995e-01
6.450000e-01  2.603166e-01
6.480000e-01  2.598361e-01
6.510000e-01  2.593579e-01
6.540000e-01  2.588821e-01
6.570000e-01  2.584086e-01
6.600000e-01  2.579374e-01
6.630000e-01  2.574684e-01
6.660000e-01  2.570017e-01
6.690000e-01  2.565373e-01
6.720000e-01  2.560750e-01
6.750000e-01  2.556149e-01
6.780000e-01  2.551570e-01
6.810000e-01  2.547012e-01
6.840000e-01  2.542475e-01
6.870000e-01  2.537959e-01
6.900000e-01  2.533464e-01
6.930000e-01  2.528990e-01
6.960000e-01  2.524536e-01
6.990000e-01  2.520101e-01
7.020000e-01  2.515688e-01
7.050000e-01  2.511293e-01
7.080000e-01  2.506919e-01
7.110000e-01  2.502563e-01
7.140000e-01  2.498227e-01
7.170000e-01  2.493910e-01
7.200000e-01  2.489612e-01
7.230000e-01  2.485333e-01
7.260000e-01  2.481072e-01
7.290000e-01  2.476829e-01
7.320000e-01  2.472605e-01
7.350000e-01  2.468398e-01
7.380000e-01  2.464209e-01
7.410000e-01  2.460038e-01
7.440000e-01  2.455885e-01
7.470000e-01  2.451749e-01
7.500000e-01  2.447630e-01
7.530000e-01  2.443528e-01
7.560000e-01  2.439443e-01
7.590000e-01  2.435375e-01
7.620000e-01  2.431323e-01
7.650000e-01  2.427288e-01
7.680000e-01  2.423269e-01
7.710000e-01  2.419266e-01
7.740000e-01  2.415280e-01
7.770000e-01  2.411309e-01
7.800000e-01  2.407354e-01
7.830000e-01  2.403414e-01
7.860000e-01  2.399490e-01
7.890000e-01  2.395581e-01
7.920000e-01  2.391688e-01
7.950000e-01  2.387809e-01
7.980000e-01  2.383946e-01
8.010000e-01  2.380097e-01
8.040000e-01  2.376263e-01
8.070000e-01  2.372443e-01
8.100000e-01  2.368638e-01
8.130000e-01  2.364847e-01
8.160000e-01  2.361071e-01
8.190000e-01  2.357308e-01
8.220000e-01  2.353560e-01
8.250000e-01  2.349825e-01
8.280000e-01  2.346104e-01
8.310000e-01  2.342396e-01
8.340000e-01  2.338702e-01
8.370000e-01  2.335022e-01
8.400000e-01  2.331355e-01
8.430000e-01  2.327700e-01
8.460000e-01  2.324059e-01
8.490000e-01  2.320431e-01
8.520000e-01  2.316816e-01
8.550000e-01  2.313213e-01
8.580000e-01  2.309624e-01
8.610000e-01  2.306046e-01
8.640000e-01  2.302481e-01
8.670000e-01  2.298929e-01
8.700000e-01  2.295389e-01
8.730000e-01  2.291860e-01
8.760000e-01  2.288344e-01
8.790000e-01  2.284840e-01
8.820000e-01  2.281348e-01
8.850000e-01  2.277867e-01
8.880000e-01  2.274398e-01
8.910000e-01  2.270941e-01
8.940000e-01  2.267495e-01
8.970000e-01  2.264060e-01
9.000000e-01  2.260637e-01
9.030000e-01  2.257225e-01
9.060000e-01  2.253825e-01
9.090000e-01  2.250435e-01
9.120000e-01  2.247056e-01
9.150000e-01  2.243688e-01
9.180000e-01  2.240331e-01
9.210000e-01  2.236985e-01
9.240000e-01  2.233649e-01
9.270000e-01  2.230324e-01
9.300000e-01  2.227009e-01
9.330000e-01  2.223705e-01
9.360000e-01  2.220411e-01
9.390000e-01  2.217127e-01
9.420000e-01  2.213853e-01
9.450000e-01  2.210589e-01
9.480000e-01  2.207336e-01
9.510000e-01  2.204092e-01
9.540000e-01  2.200858e-01
9.570000e-01  2.197634e-01
9.600000e-01  2.194420e-01
9.630000e-01  2.191215e-01
9.660000e-01  2.188020e-01
9.690000e-01  2.184835e-01
9.720000e-01  2.181658e-01
9.750000e-01  2.178492e-01
9.780000e-01  2.175334e-01
9.810000e-01  2.172186e-01
9.840000e-01  2.169046e-01
9.870000e-01  2.165916e-01
9.900000e-01  2.162795e-01
9.930000e-01  2.159683e-01
9.960000e-01  2.156580e-01
9.990000e-01  2.153486e-01
