000000  000001
3.000000e-03  8.105620e-01
6.000000e-03  7.263199e-01
9.000000e-03  6.725972e-01
1.200000e-02  6.335505e-01
1.500000e-02  6.031014e-01
1.800000e-02  5.782774e-01
2.100000e-02  5.574072e-01
2.400000e-02  5.394598e-01
2.700000e-02  5.237557e-01
3.000000e-02  5.098243e-01
3.300000e-02  4.973267e-01
3.600000e-02  4.860111e-01
3.900000e-02  4.756854e-01
4.200000e-02  4.662001e-01
4.500000e-02  4.574362e-01
4.800000e-02  4.492981e-01
5.100000e-02  4.417075e-01
5.400000e-02  4.345995e-01
5.700000e-02  4.279201e-01
6.000000e-02  4.216235e-01
6.300000e-02  4.156706e-01
6.600000e-02  4.100281e-01
6.900000e-02  4.046670e-01
7.200000e-02  3.995622e-01
7.500000e-02  3.946917e-01
7.800000e-02  3.900362e-01
8.100000e-02  3.855784e-01
8.400000e-02  3.813033e-01
8.700000e-02  3.771972e-01
9.000000e-02  3.732480e-01
9.300000e-02  3.694448e-01
9.600000e-02  3.657777e-01
9.900000e-02  3.622379e-01
1.020000e-01  3.588172e-01
1.050000e-01  3.555083e-01
1.080000e-01  3.523044e-01
1.110000e-01  3.491995e-01
1.140000e-01  3.461878e-01
1.170000e-01  3.432643e-01
1.200000e-01  3.404240e-01
1.230000e-01  3.376626e-01
1.260000e-01  3.349761e-01
1.290000e-01  3.323606e-01
1.320000e-01  3.298127e-01
1.350000e-01  3.273290e-01
1.380000e-01  3.249065e-01
1.410000e-01  3.225425e-01
1.440000e-01  3.202342e-01
1.470000e-01  3.179791e-01
1.500000e-01  3.157750e-01
1.530000e-01  3.136197e-01
1.560000e-01  3.115110e-01
1.590000e-01  3.094472e-01
1.620000e-01  3.074263e-01
1.650000e-01  3.054467e-01
1.680000e-01  3.035068e-01
1.710000e-01  3.016050e-01
1.740000e-01  2.997399e-01
1.770000e-01  2.979101e-01
1.800000e-01  2.961143e-01
1.830000e-01  2.943514e-01
1.860000e-01  2.926202e-01
1.890000e-01  2.909194e-01
1.920000e-01  2.892482e-01
1.950000e-01  2.876055e-01
1.980000e-01  2.859904e-01
2.010000e-01  2.844019e-01
2.040000e-01  2.828392e-01
2.070000e-01  2.813014e-01
2.100000e-01  2.797878e-01
2.130000e-01  2.782977e-01
2.160000e-01  2.768302e-01
2.190000e-01  2.753848e-01
2.220000e-01  2.739608e-01
2.250000e-01  2.725574e-01
2.280000e-01  2.711742e-01
2.310000e-01  2.698106e-01
2.340000e-01  2.684659e-01
2.370000e-01  2.671397e-01
2.400000e-01  2.658314e-01
2.430000e-01  2.645406e-01
2.460000e-01  2.632668e-01
2.490000e-01  2.620095e-01
2.520000e-01  2.607683e-01
2.550000e-01  2.595427e-01
2.580000e-01  2.583324e-01
2.610000e-01  2.571370e-01
2.640000e-01  2.559561e-01
2.670000e-01  2.547892e-01
2.700000e-01  2.536362e-01
2.730000e-01  2.524966e-01
2.760000e-01  2.513701e-01
2.790000e-01  2.502563e-01
2.820000e-01  2.491551e-01
2.850000e-01  2.480660e-01
2.880000e-01  2.469889e-01
2.910000e-01  2.459233e-01
2.940000e-01  2.448691e-01
2.970000e-01  2.438260e-01
3.000000e-01  2.427938e-01
3.030000e-01  2.417721e-01
3.060000e-01  2.407608e-01
3.090000e-01  2.397597e-01
3.120000e-01  2.387684e-01
3.150000e-01  2.377869e-01
3.180000e-01  2.368148e-01
3.210000e-01  2.358520e-01
3.240000e-01  2.348983e-01
3.270000e-01  2.339535e-01
3.300000e-01  2.330174e-01
3.330000e-01  2.320899e-01
3.360000e-01  2.311707e-01
3.390000e-01  2.302596e-01
3.420000e-01  2.293566e-01
3.450000e-01  2.284614e-01
3.480000e-01  2.275740e-01
3.510000e-01  2.266940e-01
3.540000e-01  2.258215e-01
3.570000e-01  2.249562e-01
3.600000e-01  2.240980e-01
3.630000e-01  2.232468e-01
3.660000e-01  2.224024e-01
3.690000e-01  2.215647e-01
3.720000e-01  2.207336e-01
3.750000e-01  2.199089e-01
3.780000e-01  2.190906e-01
3.810000e-01  2.182784e-01
3.840000e-01  2.174724e-01
3.870000e-01  2.166723e-01
3.900000e-01  2.158781e-01
3.930000e-01  2.150897e-01
3.960000e-01  2.143069e-01
3.990000e-01  2.135297e-01
4.020000e-01  2.127579e-01
4.050000e-01  2.119914e-01
4.080000e-01  2.112303e-01
4.110000e-01  2.104742e-01
4.140000e-01  2.097233e-01
4.170000e-01  2.089773e-01
4.200000e-01  2.082362e-01
4.230000e-01  2.074999e-01
4.260000e-01  2.067683e-01
4.290000e-01  2.060414e-01
4.320000e-01  2.053190e-01
4.350000e-01  2.046010e-01
4.380000e-01  2.038875e-01
4.410000e-01  2.031783e-01
4.440000e-01  2.024733e-01
4.470000e-01  2.017725e-01
4.500000e-01  2.010758e-01
4.530000e-01  2.003831e-01
4.560000e-01  1.996944e-01
4.590000e-01  1.990095e-01
4.620000e-01  1.983285e-01
4.650000e-01  1.976512e-01
4.680000e-01  1.969777e-01
4.710000e-01  1.963077e-01
4.740000e-01  1.956413e-01
4.770000e-01  1.949784e-01
4.800000e-01  1.943189e-01
4.830000e-01  1.936628e-01
4.860000e-01  1.930101e-01
4.890000e-01  1.923606e-01
4.920000e-01  1.917143e-01
4.950000e-01  1.910712e-01
4.980000e-01  1.904311e-01
5.010000e-01  1.897941e-01
5.040000e-01  1.891601e-01
5.070000e-01  1.885290e-01
5.100000e-01  1.879008e-01
5.130000e-01  1.872755e-01
5.160000e-01  1.866529e-01
5.190000e-01  1.860331e-01
5.220000e-01  1.854159e-01
5.250000e-01  1.848014e-01
5.280000e-01  1.841895e-01
5.310000e-01  1.835801e-01
5.340000e-01  1.829732e-01
5.370000e-01  1.823688e-01
5.400000e-01  1.817668e-01
5.430000e-01  1.811671e-01
5.460000e-01  1.805697e-01
5.490000e-01  1.799746e-01
5.520000e-01  1.793818e-01
5.550000e-01  1.787911e-01
5.580000e-01  1.782026e-01
5.610000e-01  1.776161e-01
5.640000e-01  1.770318e-01
5.670000e-01  1.764494e-01
5.700000e-01  1.758690e-01
5.730000e-01  1.752906e-01
5.760000e-01  1.747140e-01
5.790000e-01  1.741393e-01
5.820000e-01  1.735665e-01
5.850000e-01  1.729954e-01
5.880000e-01  1.724260e-01
5.910000e-01  1.718583e-01
5.940000e-01  1.712923e-01
5.970000e-01  1.707279e-01
6.000000e-01  1.701651e-01
6.030000e-01  1.696038e-01
6.060000e-01  1.690441e-01
6.090000e-01  1.684858e-01
6.120000e-01  1.679289e-01
6.150000e-01  1.673735e-01
6.180000e-01  1.668194e-01
6.210000e-01  1.662666e-01
6.240000e-01  1.657151e-01
6.270000e-01  1.651648e-01
6.300000e-01  1.646157e-01
6.330000e-01  1.640679e-01
6.360000e-01  1.635211e-01
6.390000e-01  1.629754e-01
6.420000e-01  1.624308e-01
6.450000e-01  1.618872e-01
6.480000e-01  1.613446e-01
6.510000e-01  1.608030e-01
6.540000e-01  1.602622e-01
6.570000e-01  1.597224e-01
6.600000e-01  1.591833e-01
6.630000e-01  1.586451e-01
6.660000e-01  1.581076e-01
6.690000e-01  1.575708e-01
6.720000e-01  1.570347e-01
6.750000e-01  1.564992e-01
6.780000e-01  1.559643e-01
6.810000e-01  1.554300e-01
6.840000e-01  1.548963e-01
6.870000e-01  1.543630e-01
6.900000e-01  1.538301e-01
6.930000e-01  1.532976e-01
6.960000e-01  1.527655e-01
6.990000e-01  1.522337e-01
7.020000e-01  1.517021e-01
7.050000e-01  1.511708e-01
7.080000e-01  1.506397e-01
7.110000e-01  1.501087e-01
7.140000e-01  1.495778e-01
7.170000e-01  000000
7.200000e-01  000000
7.230000e-01  000000
7.260000e-01  000000
7.290000e-01  000000
7.320000e-01  000000
7.350000e-01  000000
7.380000e-01  000000
7.410000e-01  000000
7.440000e-01  000000
7.470000e-01  000000
7.500000e-01  000000
7.530000e-01  000000
7.560000e-01  000000
7.590000e-01  000000
7.620000e-01  000000
7.650000e-01  000000
7.680000e-01  000000
7.710000e-01  000000
7.740000e-01  000000
7.770000e-01  000000
7.800000e-01  000000
7.830000e-01  000000
7.860000e-01  000000
7.890000e-01  000000
7.920000e-01  000000
7.950000e-01  000000
7.980000e-01  000000
8.010000e-01  000000
8.040000e-01  000000
8.070000e-01  000000
8.100000e-01  000000
8.130000e-01  000000
8.160000e-01  000000
8.190000e-01  000000
8.220000e-01  000000
8.250000e-01  000000
8.280000e-01  000000
8.310000e-01  000000
8.340000e-01  000000
8.370000e-01  000000
8.400000e-01  000000
8.430000e-01  000000
8.460000e-01  000000
8.490000e-01  000000
8.520000e-01  000000
8.550000e-01  000000
8.580000e-01  000000
8.610000e-01  000000
8.640000e-01  000000
8.670000e-01  000000
8.700000e-01  000000
8.730000e-01  000000
8.760000e-01  000000
8.790000e-01  000000
8.820000e-01  000000
8.850000e-01  000000
8.880000e-01  000000
8.910000e-01  000000
8.940000e-01  000000
8.970000e-01  000000
9.000000e-01  000000
9.030000e-01  000000
9.060000e-01  000000
9.090000e-01  000000
9.120000e-01  000000
9.150000e-01  000000
9.180000e-01  000000
9.210000e-01  000000
9.240000e-01  000000
9.270000e-01  000000
9.300000e-01  000000
9.330000e-01  000000
9.360000e-01  000000
9.390000e-01  000000
9.420000e-01  000000
9.450000e-01  000000
9.480000e-01  000000
9.510000e-01  000000
9.540000e-01  000000
9.570000e-01  000000
9.600000e-01  000000
9.630000e-01  000000
9.660000e-01  000000
9.690000e-01  000000
9.720000e-01  000000
9.750000e-01  000000
9.780000e-01  000000
9.810000e-01  000000
9.840000e-01  000000
9.870000e-01  000000
9.900000e-01  000000
9.930000e-01  000000
9.960000e-01  000000
9.990000e-01  000000
