000000  000001
3.000000e-03  8.018057e-01
6.000000e-03  7.165383e-01
9.000000e-03  6.627842e-01
1.200000e-02  6.239888e-01
1.500000e-02  5.938912e-01
1.800000e-02  5.694554e-01
2.100000e-02  5.489835e-01
2.400000e-02  5.314328e-01
2.700000e-02  5.161186e-01
3.000000e-02  5.025677e-01
3.300000e-02  4.904404e-01
3.600000e-02  4.794845e-01
3.900000e-02  4.695082e-01
4.200000e-02  4.603622e-01
4.500000e-02  4.519284e-01
4.800000e-02  4.441114e-01
5.100000e-02  4.368334e-01
5.400000e-02  4.300303e-01
5.700000e-02  4.236483e-01
6.000000e-02  4.176420e-01
6.300000e-02  4.119731e-01
6.600000e-02  4.066083e-01
6.900000e-02  4.015191e-01
7.200000e-02  3.966808e-01
7.500000e-02  3.920716e-01
7.800000e-02  3.876725e-01
8.100000e-02  3.834666e-01
8.400000e-02  3.794389e-01
8.700000e-02  3.755762e-01
9.000000e-02  3.718664e-01
9.300000e-02  3.682988e-01
9.600000e-02  3.648639e-01
9.900000e-02  3.615528e-01
1.020000e-01  3.583577e-01
1.050000e-01  3.552713e-01
1.080000e-01  3.522869e-01
1.110000e-01  3.493988e-01
1.140000e-01  3.466012e-01
1.170000e-01  3.438891e-01
1.200000e-01  3.412579e-01
1.230000e-01  3.387033e-01
1.260000e-01  3.362212e-01
1.290000e-01  3.338080e-01
1.320000e-01  3.314603e-01
1.350000e-01  3.291748e-01
1.380000e-01  3.269487e-01
1.410000e-01  3.247791e-01
1.440000e-01  3.226635e-01
1.470000e-01  3.205994e-01
1.500000e-01  3.185847e-01
1.530000e-01  3.166171e-01
1.560000e-01  3.146947e-01
1.590000e-01  3.128156e-01
1.620000e-01  3.109781e-01
1.650000e-01  3.091805e-01
1.680000e-01  3.074212e-01
1.710000e-01  3.056988e-01
1.740000e-01  3.040118e-01
1.770000e-01  3.023590e-01
1.800000e-01  3.007391e-01
1.830000e-01  2.991509e-01
1.860000e-01  2.975932e-01
1.890000e-01  2.960651e-01
1.920000e-01  2.945655e-01
1.950000e-01  2.930933e-01
1.980000e-01  2.916479e-01
2.010000e-01  2.902281e-01
2.040000e-01  2.888333e-01
2.070000e-01  2.874626e-01
2.100000e-01  2.861152e-01
2.130000e-01  2.847905e-01
2.160000e-01  2.834877e-01
2.190000e-01  2.822062e-01
2.220000e-01  2.809453e-01
2.250000e-01  2.797044e-01
2.280000e-01  2.784830e-01
2.310000e-01  2.772805e-01
2.340000e-01  2.760964e-01
2.370000e-01  2.749301e-01
2.400000e-01  2.737811e-01
2.430000e-01  2.726491e-01
2.460000e-01  2.715334e-01
2.490000e-01  2.704338e-01
2.520000e-01  2.693497e-01
2.550000e-01  2.682808e-01
2.580000e-01  2.672267e-01
2.610000e-01  2.661870e-01
2.640000e-01  2.651613e-01
2.670000e-01  2.641493e-01
2.700000e-01  2.631506e-01
2.730000e-01  2.621650e-01
2.760000e-01  2.611921e-01
2.790000e-01  2.602316e-01
2.820000e-01  2.592833e-01
2.850000e-01  2.583467e-01
2.880000e-01  2.574218e-01
2.910000e-01  2.565081e-01
2.940000e-01  2.556055e-01
2.970000e-01  2.547137e-01
3.000000e-01  2.538325e-01
3.030000e-01  2.529616e-01
3.060000e-01  2.521007e-01
3.090000e-01  2.512498e-01
3.120000e-01  2.504086e-01
3.150000e-01  2.495768e-01
3.180000e-01  2.487543e-01
3.210000e-01  2.479409e-01
3.240000e-01  2.471364e-01
3.270000e-01  2.463406e-01
3.300000e-01  2.455533e-01
3.330000e-01  2.447745e-01
3.360000e-01  2.440038e-01
3.390000e-01  2.432411e-01
3.420000e-01  2.424864e-01
3.450000e-01  2.417394e-01
3.480000e-01  2.409999e-01
3.510000e-01  2.402680e-01
3.540000e-01  2.395433e-01
3.570000e-01  2.388257e-01
3.600000e-01  2.381153e-01
3.630000e-01  2.374117e-01
3.660000e-01  2.367149e-01
3.690000e-01  2.360247e-01
3.720000e-01  2.353411e-01
3.750000e-01  2.346640e-01
3.780000e-01  2.339931e-01
3.810000e-01  2.333284e-01
3.840000e-01  2.326698e-01
3.870000e-01  2.320172e-01
3.900000e-01  2.313705e-01
3.930000e-01  2.307296e-01
3.960000e-01  2.300943e-01
3.990000e-01  2.294647e-01
4.020000e-01  2.288405e-01
4.050000e-01  2.282217e-01
4.080000e-01  2.276083e-01
4.110000e-01  2.270001e-01
4.140000e-01  2.263971e-01
4.170000e-01  2.257991e-01
4.200000e-01  2.252061e-01
4.230000e-01  2.246180e-01
4.260000e-01  2.240347e-01
4.290000e-01  2.234562e-01
4.320000e-01  2.228824e-01
4.350000e-01  2.223132e-01
4.380000e-01  2.217485e-01
4.410000e-01  2.211883e-01
4.440000e-01  2.206325e-01
4.470000e-01  2.200810e-01
4.500000e-01  2.195338e-01
4.530000e-01  2.189908e-01
4.560000e-01  2.184520e-01
4.590000e-01  2.179173e-01
4.620000e-01  2.173865e-01
4.650000e-01  2.168598e-01
4.680000e-01  2.163370e-01
4.710000e-01  2.158180e-01
4.740000e-01  2.153028e-01
4.770000e-01  2.147914e-01
4.800000e-01  2.142836e-01
4.830000e-01  2.137796e-01
4.860000e-01  2.132791e-01
4.890000e-01  2.127821e-01
4.920000e-01  2.122887e-01
4.950000e-01  2.117987e-01
4.980000e-01  2.113121e-01
5.010000e-01  2.108289e-01
5.040000e-01  2.103490e-01
5.070000e-01  2.098724e-01
5.100000e-01  2.093989e-01
5.130000e-01  2.089287e-01
5.160000e-01  2.084617e-01
5.190000e-01  2.079977e-01
5.220000e-01  2.075368e-01
5.250000e-01  2.070789e-01
5.280000e-01  2.066240e-01
5.310000e-01  2.061720e-01
5.340000e-01  2.057230e-01
5.370000e-01  2.052768e-01
5.400000e-01  2.048335e-01
5.430000e-01  2.043930e-01
5.460000e-01  2.039553e-01
5.490000e-01  2.035202e-01
5.520000e-01  2.030879e-01
5.550000e-01  2.026583e-01
5.580000e-01  2.022313e-01
5.610000e-01  2.018069e-01
5.640000e-01  2.013851e-01
5.670000e-01  2.009658e-01
5.700000e-01  2.005490e-01
5.730000e-01  2.001348e-01
5.760000e-01  1.997229e-01
5.790000e-01  1.993135e-01
5.820000e-01  1.989065e-01
5.850000e-01  1.985019e-01
5.880000e-01  1.980996e-01
5.910000e-01  1.976997e-01
5.940000e-01  1.973020e-01
5.970000e-01  1.969066e-01
6.000000e-01  1.965134e-01
6.030000e-01  1.961225e-01
6.060000e-01  1.957337e-01
6.090000e-01  1.953472e-01
6.120000e-01  1.949627e-01
6.150000e-01  1.945804e-01
6.180000e-01  1.942001e-01
6.210000e-01  1.938220e-01
6.240000e-01  1.934459e-01
6.270000e-01  1.930718e-01
6.300000e-01  1.926997e-01
6.330000e-01  1.923296e-01
6.360000e-01  1.919615e-01
6.390000e-01  1.915953e-01
6.420000e-01  1.912311e-01
6.450000e-01  1.908687e-01
6.480000e-01  1.905082e-01
6.510000e-01  1.901497e-01
6.540000e-01  1.897929e-01
6.570000e-01  1.894380e-01
6.600000e-01  1.890848e-01
6.630000e-01  1.887335e-01
6.660000e-01  1.883839e-01
6.690000e-01  1.880361e-01
6.720000e-01  1.876900e-01
6.750000e-01  1.873456e-01
6.780000e-01  1.870030e-01
6.810000e-01  1.866620e-01
6.840000e-01  1.863227e-01
6.870000e-01  1.859850e-01
6.900000e-01  1.856490e-01
6.930000e-01  1.853145e-01
6.960000e-01  1.849817e-01
6.990000e-01  1.846505e-01
7.020000e-01  1.843208e-01
7.050000e-01  1.839927e-01
7.080000e-01  1.836662e-01
7.110000e-01  1.833411e-01
7.140000e-01  1.830176e-01
7.170000e-01  1.826956e-01
7.200000e-01  1.823750e-01
7.230000e-01  1.820560e-01
7.260000e-01  1.817384e-01
7.290000e-01  1.814222e-01
7.320000e-01  1.811074e-01
7.350000e-01  1.807941e-01
7.380000e-01  1.804822e-01
7.410000e-01  1.801716e-01
7.440000e-01  1.798625e-01
7.470000e-01  1.795547e-01
7.500000e-01  1.792482e-01
7.530000e-01  1.789431e-01
7.560000e-01  1.786393e-01
7.590000e-01  1.783368e-01
7.620000e-01  1.780357e-01
7.650000e-01  1.777358e-01
7.680000e-01  1.774372e-01
7.710000e-01  1.771399e-01
7.740000e-01  1.768438e-01
7.770000e-01  1.765490e-01
7.800000e-01  1.762554e-01
7.830000e-01  1.759631e-01
7.860000e-01  1.756719e-01
7.890000e-01  1.753820e-01
7.920000e-01  1.750932e-01
7.950000e-01  1.748057e-01
7.980000e-01  1.745193e-01
8.010000e-01  1.742341e-01
8.040000e-01  1.739500e-01
8.070000e-01  1.736670e-01
8.100000e-01  1.733852e-01
8.130000e-01  1.731046e-01
8.160000e-01  1.728250e-01
8.190000e-01  1.725466e-01
8.220000e-01  1.722692e-01
8.250000e-01  1.719929e-01
8.280000e-01  1.717177e-01
8.310000e-01  1.714436e-01
8.340000e-01  1.711705e-01
8.370000e-01  1.708985e-01
8.400000e-01  1.706276e-01
8.430000e-01  1.703576e-01
8.460000e-01  1.700887e-01
8.490000e-01  1.698208e-01
8.520000e-01  1.695539e-01
8.550000e-01  1.692880e-01
8.580000e-01  1.690231e-01
8.610000e-01  1.687592e-01
8.640000e-01  1.684963e-01
8.670000e-01  1.682343e-01
8.700000e-01  1.679733e-01
8.730000e-01  1.677133e-01
8.760000e-01  1.674542e-01
8.790000e-01  1.671960e-01
8.820000e-01  1.669388e-01
8.850000e-01  1.666825e-01
8.880000e-01  1.664271e-01
8.910000e-01  1.661726e-01
8.940000e-01  1.659190e-01
8.970000e-01  1.656664e-01
9.000000e-01  1.654146e-01
9.030000e-01  1.651637e-01
9.060000e-01  1.649136e-01
9.090000e-01  1.646645e-01
9.120000e-01  1.644161e-01
9.150000e-01  1.641687e-01
9.180000e-01  1.639221e-01
9.210000e-01  1.636763e-01
9.240000e-01  1.634314e-01
9.270000e-01  1.631873e-01
9.300000e-01  1.629440e-01
9.330000e-01  1.627016e-01
9.360000e-01  1.624599e-01
9.390000e-01  1.622191e-01
9.420000e-01  1.619791e-01
9.450000e-01  1.617398e-01
9.480000e-01  1.615013e-01
9.510000e-01  1.612637e-01
9.540000e-01  1.610268e-01
9.570000e-01  1.607906e-01
9.600000e-01  1.605553e-01
9.630000e-01  1.603207e-01
9.660000e-01  1.600868e-01
9.690000e-01  1.598537e-01
9.720000e-01  1.596213e-01
9.750000e-01  1.593897e-01
9.780000e-01  1.591588e-01
9.810000e-01  1.589286e-01
9.840000e-01  1.586992e-01
9.870000e-01  1.584704e-01
9.900000e-01  1.582424e-01
9.930000e-01  1.580151e-01
9.960000e-01  1.577885e-01
9.990000e-01  1.575625e-01
