000000  000001
3.000000e-03  6.138976e-01
6.000000e-03  5.216978e-01
9.000000e-03  4.701680e-01
1.200000e-02  4.351500e-01
1.500000e-02  4.089775e-01
1.800000e-02  3.882674e-01
2.100000e-02  3.712414e-01
2.400000e-02  3.568545e-01
2.700000e-02  3.444435e-01
3.000000e-02  3.335622e-01
3.300000e-02  3.238973e-01
3.600000e-02  3.152206e-01
3.900000e-02  3.073612e-01
4.200000e-02  3.001879e-01
4.500000e-02  2.935979e-01
4.800000e-02  2.875095e-01
5.100000e-02  2.818563e-01
5.400000e-02  2.765842e-01
5.700000e-02  2.716481e-01
6.000000e-02  2.670104e-01
6.300000e-02  2.626392e-01
6.600000e-02  2.585074e-01
6.900000e-02  2.545915e-01
7.200000e-02  2.508715e-01
7.500000e-02  2.473298e-01
7.800000e-02  2.439509e-01
8.100000e-02  2.407214e-01
8.400000e-02  2.376293e-01
8.700000e-02  2.346640e-01
9.000000e-02  2.318159e-01
9.300000e-02  2.290766e-01
9.600000e-02  2.264385e-01
9.900000e-02  2.238946e-01
1.020000e-01  2.214389e-01
1.050000e-01  2.190655e-01
1.080000e-01  2.167694e-01
1.110000e-01  2.145458e-01
1.140000e-01  2.123905e-01
1.170000e-01  2.102995e-01
1.200000e-01  2.082693e-01
1.230000e-01  2.062964e-01
1.260000e-01  2.043779e-01
1.290000e-01  2.025107e-01
1.320000e-01  2.006925e-01
1.350000e-01  1.989205e-01
1.380000e-01  1.971927e-01
1.410000e-01  1.955069e-01
1.440000e-01  1.938610e-01
1.470000e-01  1.922533e-01
1.500000e-01  1.906820e-01
1.530000e-01  1.891456e-01
1.560000e-01  1.876424e-01
1.590000e-01  1.861711e-01
1.620000e-01  1.847303e-01
1.650000e-01  1.833188e-01
1.680000e-01  1.819353e-01
1.710000e-01  1.805788e-01
1.740000e-01  1.792482e-01
1.770000e-01  1.779425e-01
1.800000e-01  1.766607e-01
1.830000e-01  1.754019e-01
1.860000e-01  1.741654e-01
1.890000e-01  1.729502e-01
1.920000e-01  1.717556e-01
1.950000e-01  1.705809e-01
1.980000e-01  1.694254e-01
2.010000e-01  1.682885e-01
2.040000e-01  1.671694e-01
2.070000e-01  1.660676e-01
2.100000e-01  1.649825e-01
2.130000e-01  1.639136e-01
2.160000e-01  1.628603e-01
2.190000e-01  1.618222e-01
2.220000e-01  1.607988e-01
2.250000e-01  1.597895e-01
2.280000e-01  1.587940e-01
2.310000e-01  1.578119e-01
2.340000e-01  1.568427e-01
2.370000e-01  1.558860e-01
2.400000e-01  1.549415e-01
2.430000e-01  1.540088e-01
2.460000e-01  1.530876e-01
2.490000e-01  1.521775e-01
2.520000e-01  1.512782e-01
2.550000e-01  1.503895e-01
2.580000e-01  1.495109e-01
2.610000e-01  1.486423e-01
2.640000e-01  1.477833e-01
2.670000e-01  1.469336e-01
2.700000e-01  1.460931e-01
2.730000e-01  1.452615e-01
2.760000e-01  1.444385e-01
2.790000e-01  1.436238e-01
2.820000e-01  1.428174e-01
2.850000e-01  1.420188e-01
2.880000e-01  1.412280e-01
2.910000e-01  1.404448e-01
2.940000e-01  1.396688e-01
2.970000e-01  1.389000e-01
3.000000e-01  1.381381e-01
3.030000e-01  1.373830e-01
3.060000e-01  1.366345e-01
3.090000e-01  1.358924e-01
3.120000e-01  1.351565e-01
3.150000e-01  1.344267e-01
3.180000e-01  1.337028e-01
3.210000e-01  1.329847e-01
3.240000e-01  1.322722e-01
3.270000e-01  1.315652e-01
3.300000e-01  1.308634e-01
3.330000e-01  1.301669e-01
3.360000e-01  1.294753e-01
3.390000e-01  1.287887e-01
3.420000e-01  1.281069e-01
3.450000e-01  1.274297e-01
3.480000e-01  1.267570e-01
3.510000e-01  1.260887e-01
3.540000e-01  1.254246e-01
3.570000e-01  1.247647e-01
3.600000e-01  1.241089e-01
3.630000e-01  1.234569e-01
3.660000e-01  1.228088e-01
3.690000e-01  1.221643e-01
3.720000e-01  1.215235e-01
3.750000e-01  1.208861e-01
3.780000e-01  1.202520e-01
3.810000e-01  1.196212e-01
3.840000e-01  1.189936e-01
3.870000e-01  1.183690e-01
3.900000e-01  1.177474e-01
3.930000e-01  1.171286e-01
3.960000e-01  1.165126e-01
3.990000e-01  1.158992e-01
4.020000e-01  1.152883e-01
4.050000e-01  1.146799e-01
4.080000e-01  1.140739e-01
4.110000e-01  1.134701e-01
4.140000e-01  1.128684e-01
4.170000e-01  1.122688e-01
4.200000e-01  1.116712e-01
4.230000e-01  1.110754e-01
4.260000e-01  1.104814e-01
4.290000e-01  1.098890e-01
4.320000e-01  1.092983e-01
4.350000e-01  1.087089e-01
4.380000e-01  1.081210e-01
4.410000e-01  1.075343e-01
4.440000e-01  1.069487e-01
4.470000e-01  1.063643e-01
4.500000e-01  1.057807e-01
4.530000e-01  1.051980e-01
4.560000e-01  1.046161e-01
4.590000e-01  1.040348e-01
4.620000e-01  1.034540e-01
4.650000e-01  1.028736e-01
4.680000e-01  1.022934e-01
4.710000e-01  1.017135e-01
4.740000e-01  000000
4.770000e-01  000000
4.800000e-01  000000
4.830000e-01  000000
4.860000e-01  000000
4.890000e-01  000000
4.920000e-01  000000
4.950000e-01  000000
4.980000e-01  000000
5.010000e-01  000000
5.040000e-01  000000
5.070000e-01  000000
5.100000e-01  000000
5.130000e-01  000000
5.160000e-01  000000
5.190000e-01  000000
5.220000e-01  000000
5.250000e-01  000000
5.280000e-01  000000
5.310000e-01  000000
5.340000e-01  000000
5.370000e-01  000000
5.400000e-01  000000
5.430000e-01  000000
5.460000e-01  000000
5.490000e-01  000000
5.520000e-01  000000
5.550000e-01  000000
5.580000e-01  000000
5.610000e-01  000000
5.640000e-01  000000
5.670000e-01  000000
5.700000e-01  000000
5.730000e-01  000000
5.760000e-01  000000
5.790000e-01  000000
5.820000e-01  000000
5.850000e-01  000000
5.880000e-01  000000
5.910000e-01  000000
5.940000e-01  000000
5.970000e-01  000000
6.000000e-01  000000
6.030000e-01  000000
6.060000e-01  000000
6.090000e-01  000000
6.120000e-01  000000
6.150000e-01  000000
6.180000e-01  000000
6.210000e-01  000000
6.240000e-01  000000
6.270000e-01  000000
6.300000e-01  000000
6.330000e-01  000000
6.360000e-01  000000
6.390000e-01  000000
6.420000e-01  000000
6.450000e-01  000000
6.480000e-01  000000
6.510000e-01  000000
6.540000e-01  000000
6.570000e-01  000000
6.600000e-01  000000
6.630000e-01  000000
6.660000e-01  000000
6.690000e-01  000000
6.720000e-01  000000
6.750000e-01  000000
6.780000e-01  000000
6.810000e-01  000000
6.840000e-01  000000
6.870000e-01  000000
6.900000e-01  000000
6.930000e-01  000000
6.960000e-01  000000
6.990000e-01  000000
7.020000e-01  000000
7.050000e-01  000000
7.080000e-01  000000
7.110000e-01  000000
7.140000e-01  000000
7.170000e-01  000000
7.200000e-01  000000
7.230000e-01  000000
7.260000e-01  000000
7.290000e-01  000000
7.320000e-01  000000
7.350000e-01  000000
7.380000e-01  000000
7.410000e-01  000000
7.440000e-01  000000
7.470000e-01  000000
7.500000e-01  000000
7.530000e-01  000000
7.560000e-01  000000
7.590000e-01  000000
7.620000e-01  000000
7.650000e-01  000000
7.680000e-01  000000
7.710000e-01  000000
7.740000e-01  000000
7.770000e-01  000000
7.800000e-01  000000
7.830000e-01  000000
7.860000e-01  000000
7.890000e-01  000000
7.920000e-01  000000
7.950000e-01  000000
7.980000e-01  000000
8.010000e-01  000000
8.040000e-01  000000
8.070000e-01  000000
8.100000e-01  000000
8.130000e-01  000000
8.160000e-01  000000
8.190000e-01  000000
8.220000e-01  000000
8.250000e-01  000000
8.280000e-01  000000
8.310000e-01  000000
8.340000e-01  000000
8.370000e-01  000000
8.400000e-01  000000
8.430000e-01  000000
8.460000e-01  000000
8.490000e-01  000000
8.520000e-01  000000
8.550000e-01  000000
8.580000e-01  000000
8.610000e-01  000000
8.640000e-01  000000
8.670000e-01  000000
8.700000e-01  000000
8.730000e-01  000000
8.760000e-01  000000
8.790000e-01  000000
8.820000e-01  000000
8.850000e-01  000000
8.880000e-01  000000
8.910000e-01  000000
8.940000e-01  000000
8.970000e-01  000000
9.000000e-01  000000
9.030000e-01  000000
9.060000e-01  000000
9.090000e-01  000000
9.120000e-01  000000
9.150000e-01  000000
9.180000e-01  000000
9.210000e-01  000000
9.240000e-01  000000
9.270000e-01  000000
9.300000e-01  000000
9.330000e-01  000000
9.360000e-01  000000
9.390000e-01  000000
9.420000e-01  000000
9.450000e-01  000000
9.480000e-01  000000
9.510000e-01  000000
9.540000e-01  000000
9.570000e-01  000000
9.600000e-01  000000
9.630000e-01  000000
9.660000e-01  000000
9.690000e-01  000000
9.720000e-01  000000
9.750000e-01  000000
9.780000e-01  000000
9.810000e-01  000000
9.840000e-01  000000
9.870000e-01  000000
9.900000e-01  000000
9.930000e-01  000000
9.960000e-01  000000
9.990000e-01  000000
