000000  000001
3.000000e-03  7.932012e-01
6.000000e-03  7.067715e-01
9.000000e-03  6.527315e-01
1.200000e-02  6.138976e-01
1.500000e-02  5.838526e-01
1.800000e-02  5.595064e-01
2.100000e-02  5.391391e-01
2.400000e-02  5.216978e-01
2.700000e-02  5.064929e-01
3.000000e-02  4.930489e-01
3.300000e-02  4.810248e-01
3.600000e-02  4.701680e-01
3.900000e-02  4.602866e-01
4.200000e-02  4.512314e-01
4.500000e-02  4.428842e-01
4.800000e-02  4.351500e-01
5.100000e-02  4.279512e-01
5.400000e-02  4.212238e-01
5.700000e-02  4.149143e-01
6.000000e-02  4.089775e-01
6.300000e-02  4.033751e-01
6.600000e-02  3.980743e-01
6.900000e-02  3.930466e-01
7.200000e-02  3.882674e-01
7.500000e-02  3.837152e-01
7.800000e-02  3.793710e-01
8.100000e-02  3.752180e-01
8.400000e-02  3.712414e-01
8.700000e-02  3.674280e-01
9.000000e-02  3.637660e-01
9.300000e-02  3.602447e-01
9.600000e-02  3.568545e-01
9.900000e-02  3.535868e-01
1.020000e-01  3.504337e-01
1.050000e-01  3.473881e-01
1.080000e-01  3.444435e-01
1.110000e-01  3.415938e-01
1.140000e-01  3.388336e-01
1.170000e-01  3.361579e-01
1.200000e-01  3.335622e-01
1.230000e-01  3.310420e-01
1.260000e-01  3.285935e-01
1.290000e-01  3.262131e-01
1.320000e-01  3.238973e-01
1.350000e-01  3.216430e-01
1.380000e-01  3.194472e-01
1.410000e-01  3.173073e-01
1.440000e-01  3.152206e-01
1.470000e-01  3.131848e-01
1.500000e-01  3.111977e-01
1.530000e-01  3.092572e-01
1.560000e-01  3.073612e-01
1.590000e-01  3.055080e-01
1.620000e-01  3.036958e-01
1.650000e-01  3.019229e-01
1.680000e-01  3.001879e-01
1.710000e-01  2.984892e-01
1.740000e-01  2.968255e-01
1.770000e-01  2.951955e-01
1.800000e-01  2.935979e-01
1.830000e-01  2.920316e-01
1.860000e-01  2.904954e-01
1.890000e-01  2.889884e-01
1.920000e-01  2.875095e-01
1.950000e-01  2.860577e-01
1.980000e-01  2.846321e-01
2.010000e-01  2.832319e-01
2.040000e-01  2.818563e-01
2.070000e-01  2.805044e-01
2.100000e-01  2.791756e-01
2.130000e-01  2.778691e-01
2.160000e-01  2.765842e-01
2.190000e-01  2.753202e-01
2.220000e-01  2.740766e-01
2.250000e-01  2.728528e-01
2.280000e-01  2.716481e-01
2.310000e-01  2.704620e-01
2.340000e-01  2.692941e-01
2.370000e-01  2.681437e-01
2.400000e-01  2.670104e-01
2.430000e-01  2.658938e-01
2.460000e-01  2.647933e-01
2.490000e-01  2.637086e-01
2.520000e-01  2.626392e-01
2.550000e-01  2.615848e-01
2.580000e-01  2.605449e-01
2.610000e-01  2.595192e-01
2.640000e-01  2.585074e-01
2.670000e-01  2.575090e-01
2.700000e-01  2.565238e-01
2.730000e-01  2.555514e-01
2.760000e-01  2.545915e-01
2.790000e-01  2.536439e-01
2.820000e-01  2.527082e-01
2.850000e-01  2.517842e-01
2.880000e-01  2.508715e-01
2.910000e-01  2.499700e-01
2.940000e-01  2.490794e-01
2.970000e-01  2.481994e-01
3.000000e-01  2.473298e-01
3.030000e-01  2.464704e-01
3.060000e-01  2.456209e-01
3.090000e-01  2.447811e-01
3.120000e-01  2.439509e-01
3.150000e-01  2.431300e-01
3.180000e-01  2.423183e-01
3.210000e-01  2.415155e-01
3.240000e-01  2.407214e-01
3.270000e-01  2.399359e-01
3.300000e-01  2.391589e-01
3.330000e-01  2.383900e-01
3.360000e-01  2.376293e-01
3.390000e-01  2.368765e-01
3.420000e-01  2.361314e-01
3.450000e-01  2.353939e-01
3.480000e-01  2.346640e-01
3.510000e-01  2.339413e-01
3.540000e-01  2.332258e-01
3.570000e-01  2.325174e-01
3.600000e-01  2.318159e-01
3.630000e-01  2.311212e-01
3.660000e-01  2.304331e-01
3.690000e-01  2.297517e-01
3.720000e-01  2.290766e-01
3.750000e-01  2.284079e-01
3.780000e-01  2.277454e-01
3.810000e-01  2.270889e-01
3.840000e-01  2.264385e-01
3.870000e-01  2.257939e-01
3.900000e-01  2.251552e-01
3.930000e-01  2.245221e-01
3.960000e-01  2.238946e-01
3.990000e-01  2.232727e-01
4.020000e-01  2.226561e-01
4.050000e-01  2.220449e-01
4.080000e-01  2.214389e-01
4.110000e-01  2.208380e-01
4.140000e-01  2.202422e-01
4.170000e-01  2.196514e-01
4.200000e-01  2.190655e-01
4.230000e-01  2.184844e-01
4.260000e-01  2.179081e-01
4.290000e-01  2.173364e-01
4.320000e-01  2.167694e-01
4.350000e-01  2.162068e-01
4.380000e-01  2.156488e-01
4.410000e-01  2.150951e-01
4.440000e-01  2.145458e-01
4.470000e-01  2.140007e-01
4.500000e-01  2.134599e-01
4.530000e-01  2.129232e-01
4.560000e-01  2.123905e-01
4.590000e-01  2.118619e-01
4.620000e-01  2.113372e-01
4.650000e-01  2.108165e-01
4.680000e-01  2.102995e-01
4.710000e-01  2.097864e-01
4.740000e-01  2.092770e-01
4.770000e-01  2.087714e-01
4.800000e-01  2.082693e-01
4.830000e-01  2.077708e-01
4.860000e-01  2.072759e-01
4.890000e-01  2.067844e-01
4.920000e-01  2.062964e-01
4.950000e-01  2.058118e-01
4.980000e-01  2.053305e-01
5.010000e-01  2.048526e-01
5.040000e-01  2.043779e-01
5.070000e-01  2.039064e-01
5.100000e-01  2.034380e-01
5.130000e-01  2.029729e-01
5.160000e-01  2.025107e-01
5.190000e-01  2.020517e-01
5.220000e-01  2.015957e-01
5.250000e-01  2.011426e-01
5.280000e-01  2.006925e-01
5.310000e-01  2.002452e-01
5.340000e-01  1.998008e-01
5.370000e-01  1.993593e-01
5.400000e-01  1.989205e-01
5.430000e-01  1.984845e-01
5.460000e-01  1.980513e-01
5.490000e-01  1.976207e-01
5.520000e-01  1.971927e-01
5.550000e-01  1.967674e-01
5.580000e-01  1.963447e-01
5.610000e-01  1.959245e-01
5.640000e-01  1.955069e-01
5.670000e-01  1.950917e-01
5.700000e-01  1.946791e-01
5.730000e-01  1.942688e-01
5.760000e-01  1.938610e-01
5.790000e-01  1.934556e-01
5.820000e-01  1.930525e-01
5.850000e-01  1.926518e-01
5.880000e-01  1.922533e-01
5.910000e-01  1.918572e-01
5.940000e-01  1.914632e-01
5.970000e-01  1.910715e-01
6.000000e-01  1.906820e-01
6.030000e-01  1.902947e-01
6.060000e-01  1.899095e-01
6.090000e-01  1.895265e-01
6.120000e-01  1.891456e-01
6.150000e-01  1.887667e-01
6.180000e-01  1.883899e-01
6.210000e-01  1.880152e-01
6.240000e-01  1.876424e-01
6.270000e-01  1.872716e-01
6.300000e-01  1.869028e-01
6.330000e-01  1.865360e-01
6.360000e-01  1.861711e-01
6.390000e-01  1.858081e-01
6.420000e-01  1.854470e-01
6.450000e-01  1.850877e-01
6.480000e-01  1.847303e-01
6.510000e-01  1.843747e-01
6.540000e-01  1.840210e-01
6.570000e-01  1.836690e-01
6.600000e-01  1.833188e-01
6.630000e-01  1.829703e-01
6.660000e-01  1.826236e-01
6.690000e-01  1.822786e-01
6.720000e-01  1.819353e-01
6.750000e-01  1.815937e-01
6.780000e-01  1.812538e-01
6.810000e-01  1.809155e-01
6.840000e-01  1.805788e-01
6.870000e-01  1.802438e-01
6.900000e-01  1.799103e-01
6.930000e-01  1.795785e-01
6.960000e-01  1.792482e-01
6.990000e-01  1.789195e-01
7.020000e-01  1.785923e-01
7.050000e-01  1.782666e-01
7.080000e-01  1.779425e-01
7.110000e-01  1.776198e-01
7.140000e-01  1.772986e-01
7.170000e-01  1.769789e-01
7.200000e-01  1.766607e-01
7.230000e-01  1.763439e-01
7.260000e-01  1.760285e-01
7.290000e-01  1.757145e-01
7.320000e-01  1.754019e-01
7.350000e-01  1.750907e-01
7.380000e-01  1.747809e-01
7.410000e-01  1.744725e-01
7.440000e-01  1.741654e-01
7.470000e-01  1.738596e-01
7.500000e-01  1.735552e-01
7.530000e-01  1.732520e-01
7.560000e-01  1.729502e-01
7.590000e-01  1.726497e-01
7.620000e-01  1.723504e-01
7.650000e-01  1.720524e-01
7.680000e-01  1.717556e-01
7.710000e-01  1.714601e-01
7.740000e-01  1.711658e-01
7.770000e-01  1.708728e-01
7.800000e-01  1.705809e-01
7.830000e-01  1.702903e-01
7.860000e-01  1.700008e-01
7.890000e-01  1.697125e-01
7.920000e-01  1.694254e-01
7.950000e-01  1.691395e-01
7.980000e-01  1.688547e-01
8.010000e-01  1.685710e-01
8.040000e-01  1.682885e-01
8.070000e-01  1.680070e-01
8.100000e-01  1.677267e-01
8.130000e-01  1.674475e-01
8.160000e-01  1.671694e-01
8.190000e-01  1.668923e-01
8.220000e-01  1.666164e-01
8.250000e-01  1.663414e-01
8.280000e-01  1.660676e-01
8.310000e-01  1.657948e-01
8.340000e-01  1.655230e-01
8.370000e-01  1.652522e-01
8.400000e-01  1.649825e-01
8.430000e-01  1.647138e-01
8.460000e-01  1.644461e-01
8.490000e-01  1.641793e-01
8.520000e-01  1.639136e-01
8.550000e-01  1.636488e-01
8.580000e-01  1.633850e-01
8.610000e-01  1.631222e-01
8.640000e-01  1.628603e-01
8.670000e-01  1.625994e-01
8.700000e-01  1.623394e-01
8.730000e-01  1.620804e-01
8.760000e-01  1.618222e-01
8.790000e-01  1.615650e-01
8.820000e-01  1.613087e-01
8.850000e-01  1.610533e-01
8.880000e-01  1.607988e-01
8.910000e-01  1.605451e-01
8.940000e-01  1.602924e-01
8.970000e-01  1.600405e-01
9.000000e-01  1.597895e-01
9.030000e-01  1.595394e-01
9.060000e-01  1.592901e-01
9.090000e-01  1.590416e-01
9.120000e-01  1.587940e-01
9.150000e-01  1.585473e-01
9.180000e-01  1.583013e-01
9.210000e-01  1.580562e-01
9.240000e-01  1.578119e-01
9.270000e-01  1.575684e-01
9.300000e-01  1.573257e-01
9.330000e-01  1.570838e-01
9.360000e-01  1.568427e-01
9.390000e-01  1.566023e-01
9.420000e-01  1.563628e-01
9.450000e-01  1.561240e-01
9.480000e-01  1.558860e-01
9.510000e-01  1.556487e-01
9.540000e-01  1.554122e-01
9.570000e-01  1.551765e-01
9.600000e-01  1.549415e-01
9.630000e-01  1.547072e-01
9.660000e-01  1.544737e-01
9.690000e-01  1.542409e-01
9.720000e-01  1.540088e-01
9.750000e-01  1.537774e-01
9.780000e-01  1.535468e-01
9.810000e-01  1.533168e-01
9.840000e-01  1.530876e-01
9.870000e-01  1.528590e-01
9.900000e-01  1.526312e-01
9.930000e-01  1.524040e-01
9.960000e-01  1.521775e-01
9.990000e-01  1.519517e-01
