000000  000001
3.000000e-03  7.694204e-01
6.000000e-03  6.803300e-01
9.000000e-03  6.257780e-01
1.200000e-02  5.869971e-01
1.500000e-02  5.571974e-01
1.800000e-02  5.331652e-01
2.100000e-02  5.131323e-01
2.400000e-02  4.960251e-01
2.700000e-02  4.811449e-01
3.000000e-02  4.680122e-01
3.300000e-02  4.562848e-01
3.600000e-02  4.457099e-01
3.900000e-02  4.360960e-01
4.200000e-02  4.272946e-01
4.500000e-02  4.191885e-01
4.800000e-02  4.116834e-01
5.100000e-02  4.047026e-01
5.400000e-02  3.981830e-01
5.700000e-02  3.920716e-01
6.000000e-02  3.863242e-01
6.300000e-02  3.809029e-01
6.600000e-02  3.757755e-01
6.900000e-02  3.709142e-01
7.200000e-02  3.662946e-01
7.500000e-02  3.618958e-01
7.800000e-02  3.576991e-01
8.100000e-02  3.536882e-01
8.400000e-02  3.498486e-01
8.700000e-02  3.461674e-01
9.000000e-02  3.426330e-01
9.300000e-02  3.392349e-01
9.600000e-02  3.359640e-01
9.900000e-02  3.328117e-01
1.020000e-01  3.297704e-01
1.050000e-01  3.268331e-01
1.080000e-01  3.239935e-01
1.110000e-01  3.212458e-01
1.140000e-01  3.185847e-01
1.170000e-01  3.160052e-01
1.200000e-01  3.135030e-01
1.230000e-01  3.110738e-01
1.260000e-01  3.087139e-01
1.290000e-01  3.064196e-01
1.320000e-01  3.041878e-01
1.350000e-01  3.020153e-01
1.380000e-01  2.998993e-01
1.410000e-01  2.978372e-01
1.440000e-01  2.958264e-01
1.470000e-01  2.938648e-01
1.500000e-01  2.919500e-01
1.530000e-01  2.900801e-01
1.560000e-01  2.882533e-01
1.590000e-01  2.864676e-01
1.620000e-01  2.847214e-01
1.650000e-01  2.830131e-01
1.680000e-01  2.813413e-01
1.710000e-01  2.797044e-01
1.740000e-01  2.781013e-01
1.770000e-01  2.765305e-01
1.800000e-01  2.749910e-01
1.830000e-01  2.734816e-01
1.860000e-01  2.720012e-01
1.890000e-01  2.705488e-01
1.920000e-01  2.691235e-01
1.950000e-01  2.677242e-01
1.980000e-01  2.663502e-01
2.010000e-01  2.650006e-01
2.040000e-01  2.636746e-01
2.070000e-01  2.623714e-01
2.100000e-01  2.610904e-01
2.130000e-01  2.598309e-01
2.160000e-01  2.585921e-01
2.190000e-01  2.573734e-01
2.220000e-01  2.561743e-01
2.250000e-01  2.549942e-01
2.280000e-01  2.538325e-01
2.310000e-01  2.526886e-01
2.340000e-01  2.515622e-01
2.370000e-01  2.504526e-01
2.400000e-01  2.493595e-01
2.430000e-01  2.482823e-01
2.460000e-01  2.472207e-01
2.490000e-01  2.461742e-01
2.520000e-01  2.451424e-01
2.550000e-01  2.441249e-01
2.580000e-01  2.431214e-01
2.610000e-01  2.421316e-01
2.640000e-01  2.411550e-01
2.670000e-01  2.401913e-01
2.700000e-01  2.392403e-01
2.730000e-01  2.383015e-01
2.760000e-01  2.373748e-01
2.790000e-01  2.364599e-01
2.820000e-01  2.355563e-01
2.850000e-01  2.346640e-01
2.880000e-01  2.337825e-01
2.910000e-01  2.329117e-01
2.940000e-01  2.320514e-01
2.970000e-01  2.312013e-01
3.000000e-01  2.303611e-01
3.030000e-01  2.295307e-01
3.060000e-01  2.287098e-01
3.090000e-01  2.278982e-01
3.120000e-01  2.270958e-01
3.150000e-01  2.263023e-01
3.180000e-01  2.255176e-01
3.210000e-01  2.247414e-01
3.240000e-01  2.239736e-01
3.270000e-01  2.232140e-01
3.300000e-01  2.224625e-01
3.330000e-01  2.217189e-01
3.360000e-01  2.209830e-01
3.390000e-01  2.202547e-01
3.420000e-01  2.195338e-01
3.450000e-01  2.188202e-01
3.480000e-01  2.181138e-01
3.510000e-01  2.174144e-01
3.540000e-01  2.167218e-01
3.570000e-01  2.160360e-01
3.600000e-01  2.153568e-01
3.630000e-01  2.146842e-01
3.660000e-01  2.140179e-01
3.690000e-01  2.133579e-01
3.720000e-01  2.127040e-01
3.750000e-01  2.120562e-01
3.780000e-01  2.114143e-01
3.810000e-01  2.107782e-01
3.840000e-01  2.101479e-01
3.870000e-01  2.095232e-01
3.900000e-01  2.089041e-01
3.930000e-01  2.082904e-01
3.960000e-01  2.076820e-01
3.990000e-01  2.070789e-01
4.020000e-01  2.064810e-01
4.050000e-01  2.058881e-01
4.080000e-01  2.053002e-01
4.110000e-01  2.047173e-01
4.140000e-01  2.041392e-01
4.170000e-01  2.035659e-01
4.200000e-01  2.029972e-01
4.230000e-01  2.024332e-01
4.260000e-01  2.018737e-01
4.290000e-01  2.013187e-01
4.320000e-01  2.007681e-01
4.350000e-01  2.002218e-01
4.380000e-01  1.996797e-01
4.410000e-01  1.991419e-01
4.440000e-01  1.986082e-01
4.470000e-01  1.980785e-01
4.500000e-01  1.975529e-01
4.530000e-01  1.970312e-01
4.560000e-01  1.965134e-01
4.590000e-01  1.959995e-01
4.620000e-01  1.954893e-01
4.650000e-01  1.949829e-01
4.680000e-01  1.944801e-01
4.710000e-01  1.939810e-01
4.740000e-01  1.934854e-01
4.770000e-01  1.929933e-01
4.800000e-01  1.925047e-01
4.830000e-01  1.920195e-01
4.860000e-01  1.915377e-01
4.890000e-01  1.910592e-01
4.920000e-01  1.905840e-01
4.950000e-01  1.901120e-01
4.980000e-01  1.896432e-01
5.010000e-01  1.891776e-01
5.040000e-01  1.887150e-01
5.070000e-01  1.882556e-01
5.100000e-01  1.877991e-01
5.130000e-01  1.873456e-01
5.160000e-01  1.868951e-01
5.190000e-01  1.864475e-01
5.220000e-01  1.860027e-01
5.250000e-01  1.855608e-01
5.280000e-01  1.851217e-01
5.310000e-01  1.846853e-01
5.340000e-01  1.842516e-01
5.370000e-01  1.838207e-01
5.400000e-01  1.833923e-01
5.430000e-01  1.829667e-01
5.460000e-01  1.825436e-01
5.490000e-01  1.821230e-01
5.520000e-01  1.817050e-01
5.550000e-01  1.812895e-01
5.580000e-01  1.808764e-01
5.610000e-01  1.804658e-01
5.640000e-01  1.800576e-01
5.670000e-01  1.796517e-01
5.700000e-01  1.792482e-01
5.730000e-01  1.788470e-01
5.760000e-01  1.784481e-01
5.790000e-01  1.780515e-01
5.820000e-01  1.776571e-01
5.850000e-01  1.772649e-01
5.880000e-01  1.768749e-01
5.910000e-01  1.764871e-01
5.940000e-01  1.761014e-01
5.970000e-01  1.757178e-01
6.000000e-01  1.753363e-01
6.030000e-01  1.749569e-01
6.060000e-01  1.745795e-01
6.090000e-01  1.742041e-01
6.120000e-01  1.738307e-01
6.150000e-01  1.734593e-01
6.180000e-01  1.730898e-01
6.210000e-01  1.727223e-01
6.240000e-01  1.723567e-01
6.270000e-01  1.719929e-01
6.300000e-01  1.716311e-01
6.330000e-01  1.712710e-01
6.360000e-01  1.709128e-01
6.390000e-01  1.705564e-01
6.420000e-01  1.702018e-01
6.450000e-01  1.698490e-01
6.480000e-01  1.694979e-01
6.510000e-01  1.691485e-01
6.540000e-01  1.688008e-01
6.570000e-01  1.684549e-01
6.600000e-01  1.681106e-01
6.630000e-01  1.677680e-01
6.660000e-01  1.674270e-01
6.690000e-01  1.670876e-01
6.720000e-01  1.667499e-01
6.750000e-01  1.664137e-01
6.780000e-01  1.660791e-01
6.810000e-01  1.657461e-01
6.840000e-01  1.654146e-01
6.870000e-01  1.650846e-01
6.900000e-01  1.647562e-01
6.930000e-01  1.644292e-01
6.960000e-01  1.641037e-01
6.990000e-01  1.637797e-01
7.020000e-01  1.634572e-01
7.050000e-01  1.631360e-01
7.080000e-01  1.628163e-01
7.110000e-01  1.624980e-01
7.140000e-01  1.621811e-01
7.170000e-01  1.618656e-01
7.200000e-01  1.615515e-01
7.230000e-01  1.612387e-01
7.260000e-01  1.609273e-01
7.290000e-01  1.606171e-01
7.320000e-01  1.603083e-01
7.350000e-01  1.600008e-01
7.380000e-01  1.596946e-01
7.410000e-01  1.593897e-01
7.440000e-01  1.590860e-01
7.470000e-01  1.587836e-01
7.500000e-01  1.584824e-01
7.530000e-01  1.581825e-01
7.560000e-01  1.578838e-01
7.590000e-01  1.575863e-01
7.620000e-01  1.572900e-01
7.650000e-01  1.569948e-01
7.680000e-01  1.567009e-01
7.710000e-01  1.564081e-01
7.740000e-01  1.561165e-01
7.770000e-01  1.558260e-01
7.800000e-01  1.555366e-01
7.830000e-01  1.552484e-01
7.860000e-01  1.549613e-01
7.890000e-01  1.546752e-01
7.920000e-01  1.543903e-01
7.950000e-01  1.541064e-01
7.980000e-01  1.538237e-01
8.010000e-01  1.535419e-01
8.040000e-01  1.532613e-01
8.070000e-01  1.529817e-01
8.100000e-01  1.527031e-01
8.130000e-01  1.524255e-01
8.160000e-01  1.521490e-01
8.190000e-01  1.518734e-01
8.220000e-01  1.515988e-01
8.250000e-01  1.513253e-01
8.280000e-01  1.510527e-01
8.310000e-01  1.507811e-01
8.340000e-01  1.505105e-01
8.370000e-01  1.502408e-01
8.400000e-01  1.499721e-01
8.430000e-01  1.497042e-01
8.460000e-01  1.494374e-01
8.490000e-01  1.491714e-01
8.520000e-01  1.489064e-01
8.550000e-01  1.486423e-01
8.580000e-01  1.483790e-01
8.610000e-01  1.481167e-01
8.640000e-01  1.478552e-01
8.670000e-01  1.475946e-01
8.700000e-01  1.473349e-01
8.730000e-01  1.470761e-01
8.760000e-01  1.468181e-01
8.790000e-01  1.465609e-01
8.820000e-01  1.463046e-01
8.850000e-01  1.460491e-01
8.880000e-01  1.457945e-01
8.910000e-01  1.455406e-01
8.940000e-01  1.452876e-01
8.970000e-01  1.450354e-01
9.000000e-01  1.447840e-01
9.030000e-01  1.445333e-01
9.060000e-01  1.442835e-01
9.090000e-01  1.440344e-01
9.120000e-01  1.437861e-01
9.150000e-01  1.435386e-01
9.180000e-01  1.432918e-01
9.210000e-01  1.430457e-01
9.240000e-01  1.428004e-01
9.270000e-01  1.425559e-01
9.300000e-01  1.423121e-01
9.330000e-01  1.420690e-01
9.360000e-01  1.418267e-01
9.390000e-01  1.415850e-01
9.420000e-01  1.413441e-01
9.450000e-01  1.411039e-01
9.480000e-01  1.408643e-01
9.510000e-01  1.406255e-01
9.540000e-01  1.403873e-01
9.570000e-01  1.401499e-01
9.600000e-01  1.399131e-01
9.630000e-01  1.396770e-01
9.660000e-01  1.394415e-01
9.690000e-01  1.392067e-01
9.720000e-01  1.389725e-01
9.750000e-01  1.387391e-01
9.780000e-01  1.385062e-01
9.810000e-01  1.382740e-01
9.840000e-01  1.380424e-01
9.870000e-01  1.378114e-01
9.900000e-01  1.375811e-01
9.930000e-01  1.373514e-01
9.960000e-01  1.371223e-01
9.990000e-01  1.368938e-01
