000000  000001
3.000000e-03  7.744193e-01
6.000000e-03  6.858247e-01
9.000000e-03  6.313491e-01
1.200000e-02  5.925394e-01
1.500000e-02  5.626771e-01
1.800000e-02  5.385717e-01
2.100000e-02  5.184637e-01
2.400000e-02  5.012829e-01
2.700000e-02  4.863320e-01
3.000000e-02  4.731323e-01
3.300000e-02  4.613413e-01
3.600000e-02  4.507064e-01
3.900000e-02  4.410358e-01
4.200000e-02  4.321808e-01
4.500000e-02  4.240239e-01
4.800000e-02  4.164708e-01
5.100000e-02  4.094443e-01
5.400000e-02  4.028812e-01
5.700000e-02  3.967285e-01
6.000000e-02  3.909416e-01
6.300000e-02  3.854827e-01
6.600000e-02  3.803193e-01
6.900000e-02  3.754234e-01
7.200000e-02  3.707707e-01
7.500000e-02  3.663402e-01
7.800000e-02  3.621130e-01
8.100000e-02  3.580727e-01
8.400000e-02  3.542048e-01
8.700000e-02  3.504963e-01
9.000000e-02  3.469356e-01
9.300000e-02  3.435122e-01
9.600000e-02  3.402168e-01
9.900000e-02  3.370407e-01
1.020000e-01  3.339765e-01
1.050000e-01  3.310169e-01
1.080000e-01  3.281558e-01
1.110000e-01  3.253871e-01
1.140000e-01  3.227057e-01
1.170000e-01  3.201066e-01
1.200000e-01  3.175852e-01
1.230000e-01  3.151374e-01
1.260000e-01  3.127593e-01
1.290000e-01  3.104475e-01
1.320000e-01  3.081985e-01
1.350000e-01  3.060093e-01
1.380000e-01  3.038770e-01
1.410000e-01  3.017990e-01
1.440000e-01  2.997728e-01
1.470000e-01  2.977960e-01
1.500000e-01  2.958666e-01
1.530000e-01  2.939823e-01
1.560000e-01  2.921414e-01
1.590000e-01  2.903419e-01
1.620000e-01  2.885823e-01
1.650000e-01  2.868609e-01
1.680000e-01  2.851762e-01
1.710000e-01  2.835268e-01
1.740000e-01  2.819114e-01
1.770000e-01  2.803286e-01
1.800000e-01  2.787774e-01
1.830000e-01  2.772564e-01
1.860000e-01  2.757647e-01
1.890000e-01  2.743012e-01
1.920000e-01  2.728651e-01
1.950000e-01  2.714552e-01
1.980000e-01  2.700707e-01
2.010000e-01  2.687109e-01
2.040000e-01  2.673749e-01
2.070000e-01  2.660619e-01
2.100000e-01  2.647712e-01
2.130000e-01  2.635022e-01
2.160000e-01  2.622541e-01
2.190000e-01  2.610263e-01
2.220000e-01  2.598182e-01
2.250000e-01  2.586293e-01
2.280000e-01  2.574589e-01
2.310000e-01  2.563066e-01
2.340000e-01  2.551718e-01
2.370000e-01  2.540540e-01
2.400000e-01  2.529528e-01
2.430000e-01  2.518677e-01
2.460000e-01  2.507983e-01
2.490000e-01  2.497441e-01
2.520000e-01  2.487048e-01
2.550000e-01  2.476799e-01
2.580000e-01  2.466691e-01
2.610000e-01  2.456721e-01
2.640000e-01  2.446884e-01
2.670000e-01  2.437178e-01
2.700000e-01  2.427599e-01
2.730000e-01  2.418145e-01
2.760000e-01  2.408811e-01
2.790000e-01  2.399596e-01
2.820000e-01  2.390497e-01
2.850000e-01  2.381510e-01
2.880000e-01  2.372633e-01
2.910000e-01  2.363864e-01
2.940000e-01  2.355200e-01
2.970000e-01  2.346640e-01
3.000000e-01  2.338179e-01
3.030000e-01  2.329817e-01
3.060000e-01  2.321552e-01
3.090000e-01  2.313380e-01
3.120000e-01  2.305300e-01
3.150000e-01  2.297311e-01
3.180000e-01  2.289410e-01
3.210000e-01  2.281595e-01
3.240000e-01  2.273865e-01
3.270000e-01  2.266219e-01
3.300000e-01  2.258653e-01
3.330000e-01  2.251167e-01
3.360000e-01  2.243759e-01
3.390000e-01  2.236427e-01
3.420000e-01  2.229170e-01
3.450000e-01  2.221987e-01
3.480000e-01  2.214876e-01
3.510000e-01  2.207836e-01
3.540000e-01  2.200866e-01
3.570000e-01  2.193963e-01
3.600000e-01  2.187127e-01
3.630000e-01  2.180357e-01
3.660000e-01  2.173652e-01
3.690000e-01  2.167009e-01
3.720000e-01  2.160429e-01
3.750000e-01  2.153910e-01
3.780000e-01  2.147451e-01
3.810000e-01  2.141050e-01
3.840000e-01  2.134708e-01
3.870000e-01  2.128422e-01
3.900000e-01  2.122192e-01
3.930000e-01  2.116017e-01
3.960000e-01  2.109896e-01
3.990000e-01  2.103828e-01
4.020000e-01  2.097813e-01
4.050000e-01  2.091848e-01
4.080000e-01  2.085934e-01
4.110000e-01  2.080070e-01
4.140000e-01  2.074255e-01
4.170000e-01  2.068488e-01
4.200000e-01  2.062768e-01
4.230000e-01  2.057094e-01
4.260000e-01  2.051467e-01
4.290000e-01  2.045884e-01
4.320000e-01  2.040346e-01
4.350000e-01  2.034852e-01
4.380000e-01  2.029401e-01
4.410000e-01  2.023992e-01
4.440000e-01  2.018625e-01
4.470000e-01  2.013299e-01
4.500000e-01  2.008013e-01
4.530000e-01  2.002768e-01
4.560000e-01  1.997561e-01
4.590000e-01  1.992394e-01
4.620000e-01  1.987264e-01
4.650000e-01  1.982172e-01
4.680000e-01  1.977118e-01
4.710000e-01  1.972099e-01
4.740000e-01  1.967117e-01
4.770000e-01  1.962171e-01
4.800000e-01  1.957259e-01
4.830000e-01  1.952382e-01
4.860000e-01  1.947539e-01
4.890000e-01  1.942730e-01
4.920000e-01  1.937953e-01
4.950000e-01  1.933210e-01
4.980000e-01  1.928498e-01
5.010000e-01  1.923819e-01
5.040000e-01  1.919170e-01
5.070000e-01  1.914553e-01
5.100000e-01  1.909966e-01
5.130000e-01  1.905410e-01
5.160000e-01  1.900883e-01
5.190000e-01  1.896385e-01
5.220000e-01  1.891916e-01
5.250000e-01  1.887476e-01
5.280000e-01  1.883065e-01
5.310000e-01  1.878681e-01
5.340000e-01  1.874324e-01
5.370000e-01  1.869995e-01
5.400000e-01  1.865693e-01
5.430000e-01  1.861417e-01
5.460000e-01  1.857167e-01
5.490000e-01  1.852943e-01
5.520000e-01  1.848745e-01
5.550000e-01  1.844572e-01
5.580000e-01  1.840424e-01
5.610000e-01  1.836300e-01
5.640000e-01  1.832200e-01
5.670000e-01  1.828125e-01
5.700000e-01  1.824073e-01
5.730000e-01  1.820045e-01
5.760000e-01  1.816040e-01
5.790000e-01  1.812058e-01
5.820000e-01  1.808099e-01
5.850000e-01  1.804162e-01
5.880000e-01  1.800247e-01
5.910000e-01  1.796354e-01
5.940000e-01  1.792482e-01
5.970000e-01  1.788632e-01
6.000000e-01  1.784803e-01
6.030000e-01  1.780994e-01
6.060000e-01  1.777207e-01
6.090000e-01  1.773440e-01
6.120000e-01  1.769693e-01
6.150000e-01  1.765966e-01
6.180000e-01  1.762258e-01
6.210000e-01  1.758571e-01
6.240000e-01  1.754902e-01
6.270000e-01  1.751253e-01
6.300000e-01  1.747622e-01
6.330000e-01  1.744010e-01
6.360000e-01  1.740417e-01
6.390000e-01  1.736842e-01
6.420000e-01  1.733285e-01
6.450000e-01  1.729745e-01
6.480000e-01  1.726224e-01
6.510000e-01  1.722720e-01
6.540000e-01  1.719233e-01
6.570000e-01  1.715764e-01
6.600000e-01  1.712311e-01
6.630000e-01  1.708876e-01
6.660000e-01  1.705457e-01
6.690000e-01  1.702054e-01
6.720000e-01  1.698667e-01
6.750000e-01  1.695297e-01
6.780000e-01  1.691943e-01
6.810000e-01  1.688604e-01
6.840000e-01  1.685281e-01
6.870000e-01  1.681974e-01
6.900000e-01  1.678682e-01
6.930000e-01  1.675405e-01
6.960000e-01  1.672142e-01
6.990000e-01  1.668895e-01
7.020000e-01  1.665663e-01
7.050000e-01  1.662445e-01
7.080000e-01  1.659242e-01
7.110000e-01  1.656052e-01
7.140000e-01  1.652877e-01
7.170000e-01  1.649716e-01
7.200000e-01  1.646569e-01
7.230000e-01  1.643436e-01
7.260000e-01  1.640316e-01
7.290000e-01  1.637209e-01
7.320000e-01  1.634116e-01
7.350000e-01  1.631037e-01
7.380000e-01  1.627970e-01
7.410000e-01  1.624916e-01
7.440000e-01  1.621875e-01
7.470000e-01  1.618847e-01
7.500000e-01  1.615832e-01
7.530000e-01  1.612828e-01
7.560000e-01  1.609838e-01
7.590000e-01  1.606859e-01
7.620000e-01  1.603893e-01
7.650000e-01  1.600939e-01
7.680000e-01  1.597996e-01
7.710000e-01  1.595066e-01
7.740000e-01  1.592147e-01
7.770000e-01  1.589240e-01
7.800000e-01  1.586344e-01
7.830000e-01  1.583460e-01
7.860000e-01  1.580587e-01
7.890000e-01  1.577725e-01
7.920000e-01  1.574874e-01
7.950000e-01  1.572034e-01
7.980000e-01  1.569205e-01
8.010000e-01  1.566387e-01
8.040000e-01  1.563580e-01
8.070000e-01  1.560783e-01
8.100000e-01  1.557996e-01
8.130000e-01  1.555220e-01
8.160000e-01  1.552455e-01
8.190000e-01  1.549699e-01
8.220000e-01  1.546954e-01
8.250000e-01  1.544219e-01
8.280000e-01  1.541494e-01
8.310000e-01  1.538779e-01
8.340000e-01  1.536073e-01
8.370000e-01  1.533377e-01
8.400000e-01  1.530691e-01
8.430000e-01  1.528014e-01
8.460000e-01  1.525347e-01
8.490000e-01  1.522689e-01
8.520000e-01  1.520041e-01
8.550000e-01  1.517402e-01
8.580000e-01  1.514772e-01
8.610000e-01  1.512151e-01
8.640000e-01  1.509539e-01
8.670000e-01  1.506935e-01
8.700000e-01  1.504341e-01
8.730000e-01  1.501756e-01
8.760000e-01  1.499179e-01
8.790000e-01  1.496611e-01
8.820000e-01  1.494051e-01
8.850000e-01  1.491500e-01
8.880000e-01  1.488957e-01
8.910000e-01  1.486423e-01
8.940000e-01  1.483896e-01
8.970000e-01  1.481379e-01
9.000000e-01  1.478869e-01
9.030000e-01  1.476367e-01
9.060000e-01  1.473873e-01
9.090000e-01  1.471388e-01
9.120000e-01  1.468910e-01
9.150000e-01  1.466440e-01
9.180000e-01  1.463977e-01
9.210000e-01  1.461523e-01
9.240000e-01  1.459075e-01
9.270000e-01  1.456636e-01
9.300000e-01  1.454204e-01
9.330000e-01  1.451780e-01
9.360000e-01  1.449362e-01
9.390000e-01  1.446952e-01
9.420000e-01  1.444550e-01
9.450000e-01  1.442155e-01
9.480000e-01  1.439766e-01
9.510000e-01  1.437385e-01
9.540000e-01  1.435011e-01
9.570000e-01  1.432644e-01
9.600000e-01  1.430284e-01
9.630000e-01  1.427930e-01
9.660000e-01  1.425584e-01
9.690000e-01  1.423244e-01
9.720000e-01  1.420911e-01
9.750000e-01  1.418585e-01
9.780000e-01  1.416265e-01
9.810000e-01  1.413951e-01
9.840000e-01  1.411645e-01
9.870000e-01  1.409344e-01
9.900000e-01  1.407050e-01
9.930000e-01  1.404763e-01
9.960000e-01  1.402481e-01
9.990000e-01  1.400206e-01
