000000  000001
3.000000e-03  8.137304e-01
6.000000e-03  7.302667e-01
9.000000e-03  6.770098e-01
1.200000e-02  6.383271e-01
1.500000e-02  6.081944e-01
1.800000e-02  5.836597e-01
2.100000e-02  5.630606e-01
2.400000e-02  5.453709e-01
2.700000e-02  5.299143e-01
3.000000e-02  5.162220e-01
3.300000e-02  5.039564e-01
3.600000e-02  4.928665e-01
3.900000e-02  4.827611e-01
4.200000e-02  4.734910e-01
4.500000e-02  4.649381e-01
4.800000e-02  4.570069e-01
5.100000e-02  4.496194e-01
5.400000e-02  4.427111e-01
5.700000e-02  4.362282e-01
6.000000e-02  4.301251e-01
6.300000e-02  4.243630e-01
6.600000e-02  4.189086e-01
6.900000e-02  4.137332e-01
7.200000e-02  4.088118e-01
7.500000e-02  4.041224e-01
7.800000e-02  3.996460e-01
8.100000e-02  3.953653e-01
8.400000e-02  3.912654e-01
8.700000e-02  3.873328e-01
9.000000e-02  3.835554e-01
9.300000e-02  3.799224e-01
9.600000e-02  3.764240e-01
9.900000e-02  3.730513e-01
1.020000e-01  3.697964e-01
1.050000e-01  3.666519e-01
1.080000e-01  3.636112e-01
1.110000e-01  3.606682e-01
1.140000e-01  3.578172e-01
1.170000e-01  3.550532e-01
1.200000e-01  3.523715e-01
1.230000e-01  3.497676e-01
1.260000e-01  3.472375e-01
1.290000e-01  3.447775e-01
1.320000e-01  3.423841e-01
1.350000e-01  3.400540e-01
1.380000e-01  3.377844e-01
1.410000e-01  3.355723e-01
1.440000e-01  3.334151e-01
1.470000e-01  3.313105e-01
1.500000e-01  3.292560e-01
1.530000e-01  3.272496e-01
1.560000e-01  3.252892e-01
1.590000e-01  3.233730e-01
1.620000e-01  3.214990e-01
1.650000e-01  3.196658e-01
1.680000e-01  3.178716e-01
1.710000e-01  3.161149e-01
1.740000e-01  3.143944e-01
1.770000e-01  3.127088e-01
1.800000e-01  3.110566e-01
1.830000e-01  3.094367e-01
1.860000e-01  3.078481e-01
1.890000e-01  3.062895e-01
1.920000e-01  3.047600e-01
1.950000e-01  3.032586e-01
1.980000e-01  3.017843e-01
2.010000e-01  3.003362e-01
2.040000e-01  2.989136e-01
2.070000e-01  2.975156e-01
2.100000e-01  2.961413e-01
2.130000e-01  2.947902e-01
2.160000e-01  2.934615e-01
2.190000e-01  2.921545e-01
2.220000e-01  2.908685e-01
2.250000e-01  2.896029e-01
2.280000e-01  2.883573e-01
2.310000e-01  2.871309e-01
2.340000e-01  2.859232e-01
2.370000e-01  2.847338e-01
2.400000e-01  2.835621e-01
2.430000e-01  2.824076e-01
2.460000e-01  2.812699e-01
2.490000e-01  2.801485e-01
2.520000e-01  2.790430e-01
2.550000e-01  2.779530e-01
2.580000e-01  2.768781e-01
2.610000e-01  2.758179e-01
2.640000e-01  2.747720e-01
2.670000e-01  2.737401e-01
2.700000e-01  2.727219e-01
2.730000e-01  2.717169e-01
2.760000e-01  2.707250e-01
2.790000e-01  2.697457e-01
2.820000e-01  2.687788e-01
2.850000e-01  2.678240e-01
2.880000e-01  2.668810e-01
2.910000e-01  2.659496e-01
2.940000e-01  2.650295e-01
2.970000e-01  2.641203e-01
3.000000e-01  2.632220e-01
3.030000e-01  2.623343e-01
3.060000e-01  2.614568e-01
3.090000e-01  2.605895e-01
3.120000e-01  2.597321e-01
3.150000e-01  2.588843e-01
3.180000e-01  2.580460e-01
3.210000e-01  2.572170e-01
3.240000e-01  2.563971e-01
3.270000e-01  2.555862e-01
3.300000e-01  2.547839e-01
3.330000e-01  2.539902e-01
3.360000e-01  2.532049e-01
3.390000e-01  2.524278e-01
3.420000e-01  2.516588e-01
3.450000e-01  2.508976e-01
3.480000e-01  2.501443e-01
3.510000e-01  2.493985e-01
3.540000e-01  2.486602e-01
3.570000e-01  2.479293e-01
3.600000e-01  2.472055e-01
3.630000e-01  2.464888e-01
3.660000e-01  2.457790e-01
3.690000e-01  2.450761e-01
3.720000e-01  2.443798e-01
3.750000e-01  2.436901e-01
3.780000e-01  2.430068e-01
3.810000e-01  2.423299e-01
3.840000e-01  2.416592e-01
3.870000e-01  2.409946e-01
3.900000e-01  2.403361e-01
3.930000e-01  2.396835e-01
3.960000e-01  2.390367e-01
3.990000e-01  2.383955e-01
4.020000e-01  2.377601e-01
4.050000e-01  2.371301e-01
4.080000e-01  2.365056e-01
4.110000e-01  2.358865e-01
4.140000e-01  2.352726e-01
4.170000e-01  2.346640e-01
4.200000e-01  2.340604e-01
4.230000e-01  2.334618e-01
4.260000e-01  2.328682e-01
4.290000e-01  2.322794e-01
4.320000e-01  2.316954e-01
4.350000e-01  2.311162e-01
4.380000e-01  2.305416e-01
4.410000e-01  2.299716e-01
4.440000e-01  2.294060e-01
4.470000e-01  2.288450e-01
4.500000e-01  2.282883e-01
4.530000e-01  2.277359e-01
4.560000e-01  2.271877e-01
4.590000e-01  2.266437e-01
4.620000e-01  2.261039e-01
4.650000e-01  2.255681e-01
4.680000e-01  2.250364e-01
4.710000e-01  2.245085e-01
4.740000e-01  2.239846e-01
4.770000e-01  2.234645e-01
4.800000e-01  2.229482e-01
4.830000e-01  2.224356e-01
4.860000e-01  2.219268e-01
4.890000e-01  2.214215e-01
4.920000e-01  2.209198e-01
4.950000e-01  2.204217e-01
4.980000e-01  2.199271e-01
5.010000e-01  2.194359e-01
5.040000e-01  2.189481e-01
5.070000e-01  2.184636e-01
5.100000e-01  2.179824e-01
5.130000e-01  2.175045e-01
5.160000e-01  2.170299e-01
5.190000e-01  2.165584e-01
5.220000e-01  2.160900e-01
5.250000e-01  2.156248e-01
5.280000e-01  2.151626e-01
5.310000e-01  2.147034e-01
5.340000e-01  2.142473e-01
5.370000e-01  2.137940e-01
5.400000e-01  2.133437e-01
5.430000e-01  2.128962e-01
5.460000e-01  2.124516e-01
5.490000e-01  2.120098e-01
5.520000e-01  2.115708e-01
5.550000e-01  2.111345e-01
5.580000e-01  2.107008e-01
5.610000e-01  2.102699e-01
5.640000e-01  2.098416e-01
5.670000e-01  2.094159e-01
5.700000e-01  2.089928e-01
5.730000e-01  2.085723e-01
5.760000e-01  2.081542e-01
5.790000e-01  2.077387e-01
5.820000e-01  2.073256e-01
5.850000e-01  2.069149e-01
5.880000e-01  2.065067e-01
5.910000e-01  2.061008e-01
5.940000e-01  2.056972e-01
5.970000e-01  2.052960e-01
6.000000e-01  2.048971e-01
6.030000e-01  2.045005e-01
6.060000e-01  2.041061e-01
6.090000e-01  2.037139e-01
6.120000e-01  2.033240e-01
6.150000e-01  2.029362e-01
6.180000e-01  2.025505e-01
6.210000e-01  2.021670e-01
6.240000e-01  2.017856e-01
6.270000e-01  2.014062e-01
6.300000e-01  2.010290e-01
6.330000e-01  2.006537e-01
6.360000e-01  2.002805e-01
6.390000e-01  1.999093e-01
6.420000e-01  1.995400e-01
6.450000e-01  1.991727e-01
6.480000e-01  1.988073e-01
6.510000e-01  1.984439e-01
6.540000e-01  1.980823e-01
6.570000e-01  1.977226e-01
6.600000e-01  1.973648e-01
6.630000e-01  1.970088e-01
6.660000e-01  1.966546e-01
6.690000e-01  1.963022e-01
6.720000e-01  1.959516e-01
6.750000e-01  1.956028e-01
6.780000e-01  1.952557e-01
6.810000e-01  1.949103e-01
6.840000e-01  1.945667e-01
6.870000e-01  1.942247e-01
6.900000e-01  1.938844e-01
6.930000e-01  1.935458e-01
6.960000e-01  1.932088e-01
6.990000e-01  1.928735e-01
7.020000e-01  1.925397e-01
7.050000e-01  1.922076e-01
7.080000e-01  1.918770e-01
7.110000e-01  1.915481e-01
7.140000e-01  1.912206e-01
7.170000e-01  1.908947e-01
7.200000e-01  1.905704e-01
7.230000e-01  1.902475e-01
7.260000e-01  1.899261e-01
7.290000e-01  1.896062e-01
7.320000e-01  1.892878e-01
7.350000e-01  1.889709e-01
7.380000e-01  1.886554e-01
7.410000e-01  1.883413e-01
7.440000e-01  1.880286e-01
7.470000e-01  1.877173e-01
7.500000e-01  1.874074e-01
7.530000e-01  1.870989e-01
7.560000e-01  1.867918e-01
7.590000e-01  1.864860e-01
7.620000e-01  1.861816e-01
7.650000e-01  1.858784e-01
7.680000e-01  1.855766e-01
7.710000e-01  1.852761e-01
7.740000e-01  1.849769e-01
7.770000e-01  1.846790e-01
7.800000e-01  1.843824e-01
7.830000e-01  1.840870e-01
7.860000e-01  1.837928e-01
7.890000e-01  1.834999e-01
7.920000e-01  1.832083e-01
7.950000e-01  1.829178e-01
7.980000e-01  1.826286e-01
8.010000e-01  1.823405e-01
8.040000e-01  1.820537e-01
8.070000e-01  1.817680e-01
8.100000e-01  1.814835e-01
8.130000e-01  1.812001e-01
8.160000e-01  1.809179e-01
8.190000e-01  1.806368e-01
8.220000e-01  1.803569e-01
8.250000e-01  1.800781e-01
8.280000e-01  1.798003e-01
8.310000e-01  1.795237e-01
8.340000e-01  1.792482e-01
8.370000e-01  1.789738e-01
8.400000e-01  1.787004e-01
8.430000e-01  1.784281e-01
8.460000e-01  1.781569e-01
8.490000e-01  1.778867e-01
8.520000e-01  1.776175e-01
8.550000e-01  1.773494e-01
8.580000e-01  1.770823e-01
8.610000e-01  1.768162e-01
8.640000e-01  1.765511e-01
8.670000e-01  1.762870e-01
8.700000e-01  1.760240e-01
8.730000e-01  1.757619e-01
8.760000e-01  1.755007e-01
8.790000e-01  1.752406e-01
8.820000e-01  1.749814e-01
8.850000e-01  1.747231e-01
8.880000e-01  1.744658e-01
8.910000e-01  1.742095e-01
8.940000e-01  1.739541e-01
8.970000e-01  1.736995e-01
9.000000e-01  1.734460e-01
9.030000e-01  1.731933e-01
9.060000e-01  1.729415e-01
9.090000e-01  1.726907e-01
9.120000e-01  1.724407e-01
9.150000e-01  1.721916e-01
9.180000e-01  1.719434e-01
9.210000e-01  1.716960e-01
9.240000e-01  1.714495e-01
9.270000e-01  1.712039e-01
9.300000e-01  1.709591e-01
9.330000e-01  1.707152e-01
9.360000e-01  1.704721e-01
9.390000e-01  1.702298e-01
9.420000e-01  1.699884e-01
9.450000e-01  1.697478e-01
9.480000e-01  1.695079e-01
9.510000e-01  1.692689e-01
9.540000e-01  1.690308e-01
9.570000e-01  1.687933e-01
9.600000e-01  1.685568e-01
9.630000e-01  1.683209e-01
9.660000e-01  1.680859e-01
9.690000e-01  1.678516e-01
9.720000e-01  1.676181e-01
9.750000e-01  1.673854e-01
9.780000e-01  1.671534e-01
9.810000e-01  1.669222e-01
9.840000e-01  1.666917e-01
9.870000e-01  1.664620e-01
9.900000e-01  1.662330e-01
9.930000e-01  1.660047e-01
9.960000e-01  1.657771e-01
9.990000e-01  1.655503e-01
