000000  000001
3.000000e-03  7.557309e-01
6.000000e-03  6.654434e-01
9.000000e-03  6.107585e-01
1.200000e-02  5.720992e-01
1.500000e-02  5.424965e-01
1.800000e-02  5.186816e-01
2.100000e-02  4.988658e-01
2.400000e-02  4.819679e-01
2.700000e-02  4.672863e-01
3.000000e-02  4.543410e-01
3.300000e-02  4.427898e-01
3.600000e-02  4.323808e-01
3.900000e-02  4.229230e-01
4.200000e-02  4.142687e-01
4.500000e-02  4.063015e-01
4.800000e-02  3.989279e-01
5.100000e-02  3.920716e-01
5.400000e-02  3.856701e-01
5.700000e-02  3.796711e-01
6.000000e-02  3.740307e-01
6.300000e-02  3.687115e-01
6.600000e-02  3.636816e-01
6.900000e-02  3.589134e-01
7.200000e-02  3.543832e-01
7.500000e-02  3.500700e-01
7.800000e-02  3.459555e-01
8.100000e-02  3.420237e-01
8.400000e-02  3.382601e-01
8.700000e-02  3.346521e-01
9.000000e-02  3.311882e-01
9.300000e-02  3.278583e-01
9.600000e-02  3.246532e-01
9.900000e-02  3.215645e-01
1.020000e-01  3.185847e-01
1.050000e-01  3.157069e-01
1.080000e-01  3.129250e-01
1.110000e-01  3.102332e-01
1.140000e-01  3.076262e-01
1.170000e-01  3.050994e-01
1.200000e-01  3.026483e-01
1.230000e-01  3.002687e-01
1.260000e-01  2.979570e-01
1.290000e-01  2.957097e-01
1.320000e-01  2.935235e-01
1.350000e-01  2.913955e-01
1.380000e-01  2.893228e-01
1.410000e-01  2.873029e-01
1.440000e-01  2.853333e-01
1.470000e-01  2.834117e-01
1.500000e-01  2.815361e-01
1.530000e-01  2.797044e-01
1.560000e-01  2.779148e-01
1.590000e-01  2.761655e-01
1.620000e-01  2.744549e-01
1.650000e-01  2.727814e-01
1.680000e-01  2.711435e-01
1.710000e-01  2.695399e-01
1.740000e-01  2.679693e-01
1.770000e-01  2.664303e-01
1.800000e-01  2.649219e-01
1.830000e-01  2.634430e-01
1.860000e-01  2.619924e-01
1.890000e-01  2.605692e-01
1.920000e-01  2.591725e-01
1.950000e-01  2.578013e-01
1.980000e-01  2.564547e-01
2.010000e-01  2.551321e-01
2.040000e-01  2.538325e-01
2.070000e-01  2.525552e-01
2.100000e-01  2.512996e-01
2.130000e-01  2.500650e-01
2.160000e-01  2.488506e-01
2.190000e-01  2.476560e-01
2.220000e-01  2.464804e-01
2.250000e-01  2.453234e-01
2.280000e-01  2.441844e-01
2.310000e-01  2.430628e-01
2.340000e-01  2.419583e-01
2.370000e-01  2.408702e-01
2.400000e-01  2.397982e-01
2.430000e-01  2.387418e-01
2.460000e-01  2.377006e-01
2.490000e-01  2.366741e-01
2.520000e-01  2.356620e-01
2.550000e-01  2.346640e-01
2.580000e-01  2.336795e-01
2.610000e-01  2.327084e-01
2.640000e-01  2.317502e-01
2.670000e-01  2.308047e-01
2.700000e-01  2.298715e-01
2.730000e-01  2.289503e-01
2.760000e-01  2.280408e-01
2.790000e-01  2.271428e-01
2.820000e-01  2.262559e-01
2.850000e-01  2.253800e-01
2.880000e-01  2.245147e-01
2.910000e-01  2.236599e-01
2.940000e-01  2.228152e-01
2.970000e-01  2.219805e-01
3.000000e-01  2.211555e-01
3.030000e-01  2.203400e-01
3.060000e-01  2.195338e-01
3.090000e-01  2.187368e-01
3.120000e-01  2.179486e-01
3.150000e-01  2.171692e-01
3.180000e-01  2.163982e-01
3.210000e-01  2.156357e-01
3.240000e-01  2.148813e-01
3.270000e-01  2.141350e-01
3.300000e-01  2.133965e-01
3.330000e-01  2.126657e-01
3.360000e-01  2.119425e-01
3.390000e-01  2.112266e-01
3.420000e-01  2.105180e-01
3.450000e-01  2.098165e-01
3.480000e-01  2.091220e-01
3.510000e-01  2.084343e-01
3.540000e-01  2.077533e-01
3.570000e-01  2.070789e-01
3.600000e-01  2.064109e-01
3.630000e-01  2.057493e-01
3.660000e-01  2.050940e-01
3.690000e-01  2.044447e-01
3.720000e-01  2.038014e-01
3.750000e-01  2.031640e-01
3.780000e-01  2.025324e-01
3.810000e-01  2.019065e-01
3.840000e-01  2.012862e-01
3.870000e-01  2.006714e-01
3.900000e-01  2.000619e-01
3.930000e-01  1.994578e-01
3.960000e-01  1.988588e-01
3.990000e-01  1.982650e-01
4.020000e-01  1.976762e-01
4.050000e-01  1.970924e-01
4.080000e-01  1.965134e-01
4.110000e-01  1.959393e-01
4.140000e-01  1.953698e-01
4.170000e-01  1.948050e-01
4.200000e-01  1.942448e-01
4.230000e-01  1.936890e-01
4.260000e-01  1.931377e-01
4.290000e-01  1.925907e-01
4.320000e-01  1.920480e-01
4.350000e-01  1.915094e-01
4.380000e-01  1.909751e-01
4.410000e-01  1.904448e-01
4.440000e-01  1.899186e-01
4.470000e-01  1.893963e-01
4.500000e-01  1.888779e-01
4.530000e-01  1.883634e-01
4.560000e-01  1.878527e-01
4.590000e-01  1.873456e-01
4.620000e-01  1.868423e-01
4.650000e-01  1.863426e-01
4.680000e-01  1.858464e-01
4.710000e-01  1.853538e-01
4.740000e-01  1.848646e-01
4.770000e-01  1.843789e-01
4.800000e-01  1.838965e-01
4.830000e-01  1.834175e-01
4.860000e-01  1.829417e-01
4.890000e-01  1.824692e-01
4.920000e-01  1.819998e-01
4.950000e-01  1.815336e-01
4.980000e-01  1.810705e-01
5.010000e-01  1.806104e-01
5.040000e-01  1.801534e-01
5.070000e-01  1.796993e-01
5.100000e-01  1.792482e-01
5.130000e-01  1.788000e-01
5.160000e-01  1.783546e-01
5.190000e-01  1.779120e-01
5.220000e-01  1.774723e-01
5.250000e-01  1.770353e-01
5.280000e-01  1.766009e-01
5.310000e-01  1.761693e-01
5.340000e-01  1.757403e-01
5.370000e-01  1.753139e-01
5.400000e-01  1.748901e-01
5.430000e-01  1.744689e-01
5.460000e-01  1.740501e-01
5.490000e-01  1.736338e-01
5.520000e-01  1.732200e-01
5.550000e-01  1.728086e-01
5.580000e-01  1.723996e-01
5.610000e-01  1.719929e-01
5.640000e-01  1.715886e-01
5.670000e-01  1.711866e-01
5.700000e-01  1.707868e-01
5.730000e-01  1.703893e-01
5.760000e-01  1.699940e-01
5.790000e-01  1.696009e-01
5.820000e-01  1.692100e-01
5.850000e-01  1.688212e-01
5.880000e-01  1.684346e-01
5.910000e-01  1.680500e-01
5.940000e-01  1.676675e-01
5.970000e-01  1.672870e-01
6.000000e-01  1.669086e-01
6.030000e-01  1.665322e-01
6.060000e-01  1.661577e-01
6.090000e-01  1.657852e-01
6.120000e-01  1.654146e-01
6.150000e-01  1.650459e-01
6.180000e-01  1.646791e-01
6.210000e-01  1.643141e-01
6.240000e-01  1.639511e-01
6.270000e-01  1.635898e-01
6.300000e-01  1.632303e-01
6.330000e-01  1.628726e-01
6.360000e-01  1.625167e-01
6.390000e-01  1.621626e-01
6.420000e-01  1.618101e-01
6.450000e-01  1.614594e-01
6.480000e-01  1.611103e-01
6.510000e-01  1.607629e-01
6.540000e-01  1.604172e-01
6.570000e-01  1.600731e-01
6.600000e-01  1.597306e-01
6.630000e-01  1.593897e-01
6.660000e-01  1.590504e-01
6.690000e-01  1.587126e-01
6.720000e-01  1.583764e-01
6.750000e-01  1.580418e-01
6.780000e-01  1.577086e-01
6.810000e-01  1.573770e-01
6.840000e-01  1.570469e-01
6.870000e-01  1.567182e-01
6.900000e-01  1.563909e-01
6.930000e-01  1.560651e-01
6.960000e-01  1.557408e-01
6.990000e-01  1.554178e-01
7.020000e-01  1.550962e-01
7.050000e-01  1.547761e-01
7.080000e-01  1.544572e-01
7.110000e-01  1.541398e-01
7.140000e-01  1.538237e-01
7.170000e-01  1.535089e-01
7.200000e-01  1.531954e-01
7.230000e-01  1.528832e-01
7.260000e-01  1.525723e-01
7.290000e-01  1.522627e-01
7.320000e-01  1.519543e-01
7.350000e-01  1.516472e-01
7.380000e-01  1.513414e-01
7.410000e-01  1.510367e-01
7.440000e-01  1.507333e-01
7.470000e-01  1.504311e-01
7.500000e-01  1.501300e-01
7.530000e-01  1.498302e-01
7.560000e-01  1.495315e-01
7.590000e-01  1.492339e-01
7.620000e-01  1.489375e-01
7.650000e-01  1.486423e-01
7.680000e-01  1.483481e-01
7.710000e-01  1.480551e-01
7.740000e-01  1.477632e-01
7.770000e-01  1.474723e-01
7.800000e-01  1.471826e-01
7.830000e-01  1.468939e-01
7.860000e-01  1.466062e-01
7.890000e-01  1.463197e-01
7.920000e-01  1.460341e-01
7.950000e-01  1.457496e-01
7.980000e-01  1.454661e-01
8.010000e-01  1.451836e-01
8.040000e-01  1.449022e-01
8.070000e-01  1.446217e-01
8.100000e-01  1.443422e-01
8.130000e-01  1.440637e-01
8.160000e-01  1.437861e-01
8.190000e-01  1.435095e-01
8.220000e-01  1.432338e-01
8.250000e-01  1.429591e-01
8.280000e-01  1.426853e-01
8.310000e-01  1.424124e-01
8.340000e-01  1.421405e-01
8.370000e-01  1.418694e-01
8.400000e-01  1.415992e-01
8.430000e-01  1.413299e-01
8.460000e-01  1.410615e-01
8.490000e-01  1.407940e-01
8.520000e-01  1.405274e-01
8.550000e-01  1.402615e-01
8.580000e-01  1.399966e-01
8.610000e-01  1.397325e-01
8.640000e-01  1.394692e-01
8.670000e-01  1.392067e-01
8.700000e-01  1.389450e-01
8.730000e-01  1.386842e-01
8.760000e-01  1.384242e-01
8.790000e-01  1.381649e-01
8.820000e-01  1.379065e-01
8.850000e-01  1.376488e-01
8.880000e-01  1.373919e-01
8.910000e-01  1.371358e-01
8.940000e-01  1.368804e-01
8.970000e-01  1.366257e-01
9.000000e-01  1.363719e-01
9.030000e-01  1.361187e-01
9.060000e-01  1.358663e-01
9.090000e-01  1.356146e-01
9.120000e-01  1.353637e-01
9.150000e-01  1.351134e-01
9.180000e-01  1.348639e-01
9.210000e-01  1.346150e-01
9.240000e-01  1.343669e-01
9.270000e-01  1.341194e-01
9.300000e-01  1.338726e-01
9.330000e-01  1.336265e-01
9.360000e-01  1.333811e-01
9.390000e-01  1.331363e-01
9.420000e-01  1.328922e-01
9.450000e-01  1.326487e-01
9.480000e-01  1.324059e-01
9.510000e-01  1.321637e-01
9.540000e-01  1.319222e-01
9.570000e-01  1.316812e-01
9.600000e-01  1.314409e-01
9.630000e-01  1.312012e-01
9.660000e-01  1.309622e-01
9.690000e-01  1.307237e-01
9.720000e-01  1.304858e-01
9.750000e-01  1.302485e-01
9.780000e-01  1.300119e-01
9.810000e-01  1.297757e-01
9.840000e-01  1.295402e-01
9.870000e-01  1.293052e-01
9.900000e-01  1.290709e-01
9.930000e-01  1.288370e-01
9.960000e-01  1.286037e-01
9.990000e-01  1.283710e-01
