000000  000001
3.000000e-03  7.641610e-01
6.000000e-03  6.745834e-01
9.000000e-03  6.199674e-01
1.200000e-02  5.812262e-01
1.500000e-02  5.514978e-01
1.800000e-02  5.275463e-01
2.100000e-02  5.075949e-01
2.400000e-02  4.905669e-01
2.700000e-02  4.757621e-01
3.000000e-02  4.627008e-01
3.300000e-02  4.510407e-01
3.600000e-02  4.405293e-01
3.900000e-02  4.309752e-01
4.200000e-02  4.222304e-01
4.500000e-02  4.141776e-01
4.800000e-02  4.067231e-01
5.100000e-02  3.997903e-01
5.400000e-02  3.933162e-01
5.700000e-02  3.872482e-01
6.000000e-02  3.815420e-01
6.300000e-02  3.761602e-01
6.600000e-02  3.710705e-01
6.900000e-02  3.662451e-01
7.200000e-02  3.616601e-01
7.500000e-02  3.572944e-01
7.800000e-02  3.531295e-01
8.100000e-02  3.491493e-01
8.400000e-02  3.453391e-01
8.700000e-02  3.416863e-01
9.000000e-02  3.381792e-01
9.300000e-02  3.348076e-01
9.600000e-02  3.315622e-01
9.900000e-02  3.284345e-01
1.020000e-01  3.254171e-01
1.050000e-01  3.225029e-01
1.080000e-01  3.196857e-01
1.110000e-01  3.169597e-01
1.140000e-01  3.143196e-01
1.170000e-01  3.117606e-01
1.200000e-01  3.092782e-01
1.230000e-01  3.068684e-01
1.260000e-01  3.045272e-01
1.290000e-01  3.022512e-01
1.320000e-01  3.000371e-01
1.350000e-01  2.978819e-01
1.380000e-01  2.957828e-01
1.410000e-01  2.937371e-01
1.440000e-01  2.917424e-01
1.470000e-01  2.897963e-01
1.500000e-01  2.878968e-01
1.530000e-01  2.860419e-01
1.560000e-01  2.842295e-01
1.590000e-01  2.824580e-01
1.620000e-01  2.807257e-01
1.650000e-01  2.790310e-01
1.680000e-01  2.773724e-01
1.710000e-01  2.757485e-01
1.740000e-01  2.741580e-01
1.770000e-01  2.725997e-01
1.800000e-01  2.710723e-01
1.830000e-01  2.695748e-01
1.860000e-01  2.681061e-01
1.890000e-01  2.666651e-01
1.920000e-01  2.652509e-01
1.950000e-01  2.638626e-01
1.980000e-01  2.624993e-01
2.010000e-01  2.611603e-01
2.040000e-01  2.598446e-01
2.070000e-01  2.585516e-01
2.100000e-01  2.572805e-01
2.130000e-01  2.560307e-01
2.160000e-01  2.548014e-01
2.190000e-01  2.535922e-01
2.220000e-01  2.524023e-01
2.250000e-01  2.512312e-01
2.280000e-01  2.500784e-01
2.310000e-01  2.489433e-01
2.340000e-01  2.478254e-01
2.370000e-01  2.467243e-01
2.400000e-01  2.456394e-01
2.430000e-01  2.445704e-01
2.460000e-01  2.435168e-01
2.490000e-01  2.424781e-01
2.520000e-01  2.414541e-01
2.550000e-01  2.404442e-01
2.580000e-01  2.394482e-01
2.610000e-01  2.384657e-01
2.640000e-01  2.374964e-01
2.670000e-01  2.365398e-01
2.700000e-01  2.355958e-01
2.730000e-01  2.346640e-01
2.760000e-01  2.337440e-01
2.790000e-01  2.328357e-01
2.820000e-01  2.319387e-01
2.850000e-01  2.310528e-01
2.880000e-01  2.301778e-01
2.910000e-01  2.293133e-01
2.940000e-01  2.284591e-01
2.970000e-01  2.276150e-01
3.000000e-01  2.267808e-01
3.030000e-01  2.259563e-01
3.060000e-01  2.251412e-01
3.090000e-01  2.243354e-01
3.120000e-01  2.235386e-01
3.150000e-01  2.227506e-01
3.180000e-01  2.219714e-01
3.210000e-01  2.212005e-01
3.240000e-01  2.204381e-01
3.270000e-01  2.196837e-01
3.300000e-01  2.189374e-01
3.330000e-01  2.181988e-01
3.360000e-01  2.174679e-01
3.390000e-01  2.167445e-01
3.420000e-01  2.160285e-01
3.450000e-01  2.153197e-01
3.480000e-01  2.146180e-01
3.510000e-01  2.139232e-01
3.540000e-01  2.132353e-01
3.570000e-01  2.125540e-01
3.600000e-01  2.118792e-01
3.630000e-01  2.112110e-01
3.660000e-01  2.105490e-01
3.690000e-01  2.098932e-01
3.720000e-01  2.092436e-01
3.750000e-01  2.085999e-01
3.780000e-01  2.079621e-01
3.810000e-01  2.073301e-01
3.840000e-01  2.067038e-01
3.870000e-01  2.060830e-01
3.900000e-01  2.054677e-01
3.930000e-01  2.048578e-01
3.960000e-01  2.042532e-01
3.990000e-01  2.036538e-01
4.020000e-01  2.030595e-01
4.050000e-01  2.024703e-01
4.080000e-01  2.018860e-01
4.110000e-01  2.013065e-01
4.140000e-01  2.007319e-01
4.170000e-01  2.001620e-01
4.200000e-01  1.995967e-01
4.230000e-01  1.990360e-01
4.260000e-01  1.984798e-01
4.290000e-01  1.979280e-01
4.320000e-01  1.973805e-01
4.350000e-01  1.968373e-01
4.380000e-01  1.962984e-01
4.410000e-01  1.957636e-01
4.440000e-01  1.952329e-01
4.470000e-01  1.947062e-01
4.500000e-01  1.941835e-01
4.530000e-01  1.936647e-01
4.560000e-01  1.931497e-01
4.590000e-01  1.926386e-01
4.620000e-01  1.921312e-01
4.650000e-01  1.916275e-01
4.680000e-01  1.911274e-01
4.710000e-01  1.906308e-01
4.740000e-01  1.901379e-01
4.770000e-01  1.896484e-01
4.800000e-01  1.891623e-01
4.830000e-01  1.886796e-01
4.860000e-01  1.882002e-01
4.890000e-01  1.877242e-01
4.920000e-01  1.872513e-01
4.950000e-01  1.867817e-01
4.980000e-01  1.863152e-01
5.010000e-01  1.858519e-01
5.040000e-01  1.853916e-01
5.070000e-01  1.849343e-01
5.100000e-01  1.844800e-01
5.130000e-01  1.840287e-01
5.160000e-01  1.835803e-01
5.190000e-01  1.831348e-01
5.220000e-01  1.826920e-01
5.250000e-01  1.822522e-01
5.280000e-01  1.818150e-01
5.310000e-01  1.813806e-01
5.340000e-01  1.809489e-01
5.370000e-01  1.805198e-01
5.400000e-01  1.800933e-01
5.430000e-01  1.796695e-01
5.460000e-01  1.792482e-01
5.490000e-01  1.788294e-01
5.520000e-01  1.784132e-01
5.550000e-01  1.779993e-01
5.580000e-01  1.775880e-01
5.610000e-01  1.771790e-01
5.640000e-01  1.767724e-01
5.670000e-01  1.763682e-01
5.700000e-01  1.759663e-01
5.730000e-01  1.755666e-01
5.760000e-01  1.751693e-01
5.790000e-01  1.747741e-01
5.820000e-01  1.743812e-01
5.850000e-01  1.739905e-01
5.880000e-01  1.736019e-01
5.910000e-01  1.732155e-01
5.940000e-01  1.728311e-01
5.970000e-01  1.724489e-01
6.000000e-01  1.720687e-01
6.030000e-01  1.716906e-01
6.060000e-01  1.713144e-01
6.090000e-01  1.709403e-01
6.120000e-01  1.705681e-01
6.150000e-01  1.701979e-01
6.180000e-01  1.698296e-01
6.210000e-01  1.694632e-01
6.240000e-01  1.690987e-01
6.270000e-01  1.687361e-01
6.300000e-01  1.683753e-01
6.330000e-01  1.680163e-01
6.360000e-01  1.676591e-01
6.390000e-01  1.673037e-01
6.420000e-01  1.669501e-01
6.450000e-01  1.665982e-01
6.480000e-01  1.662480e-01
6.510000e-01  1.658996e-01
6.540000e-01  1.655528e-01
6.570000e-01  1.652077e-01
6.600000e-01  1.648643e-01
6.630000e-01  1.645225e-01
6.660000e-01  1.641823e-01
6.690000e-01  1.638437e-01
6.720000e-01  1.635067e-01
6.750000e-01  1.631712e-01
6.780000e-01  1.628374e-01
6.810000e-01  1.625050e-01
6.840000e-01  1.621742e-01
6.870000e-01  1.618449e-01
6.900000e-01  1.615170e-01
6.930000e-01  1.611907e-01
6.960000e-01  1.608658e-01
6.990000e-01  1.605424e-01
7.020000e-01  1.602203e-01
7.050000e-01  1.598997e-01
7.080000e-01  1.595805e-01
7.110000e-01  1.592627e-01
7.140000e-01  1.589463e-01
7.170000e-01  1.586312e-01
7.200000e-01  1.583175e-01
7.230000e-01  1.580051e-01
7.260000e-01  1.576940e-01
7.290000e-01  1.573843e-01
7.320000e-01  1.570758e-01
7.350000e-01  1.567686e-01
7.380000e-01  1.564627e-01
7.410000e-01  1.561581e-01
7.440000e-01  1.558547e-01
7.470000e-01  1.555525e-01
7.500000e-01  1.552516e-01
7.530000e-01  1.549518e-01
7.560000e-01  1.546533e-01
7.590000e-01  1.543559e-01
7.620000e-01  1.540598e-01
7.650000e-01  1.537648e-01
7.680000e-01  1.534709e-01
7.710000e-01  1.531782e-01
7.740000e-01  1.528866e-01
7.770000e-01  1.525962e-01
7.800000e-01  1.523068e-01
7.830000e-01  1.520186e-01
7.860000e-01  1.517315e-01
7.890000e-01  1.514454e-01
7.920000e-01  1.511604e-01
7.950000e-01  1.508765e-01
7.980000e-01  1.505936e-01
8.010000e-01  1.503118e-01
8.040000e-01  1.500310e-01
8.070000e-01  1.497513e-01
8.100000e-01  1.494725e-01
8.130000e-01  1.491948e-01
8.160000e-01  1.489180e-01
8.190000e-01  1.486423e-01
8.220000e-01  1.483675e-01
8.250000e-01  1.480937e-01
8.280000e-01  1.478208e-01
8.310000e-01  1.475489e-01
8.340000e-01  1.472780e-01
8.370000e-01  1.470080e-01
8.400000e-01  1.467389e-01
8.430000e-01  1.464707e-01
8.460000e-01  1.462034e-01
8.490000e-01  1.459371e-01
8.520000e-01  1.456716e-01
8.550000e-01  1.454071e-01
8.580000e-01  1.451434e-01
8.610000e-01  1.448806e-01
8.640000e-01  1.446186e-01
8.670000e-01  1.443575e-01
8.700000e-01  1.440973e-01
8.730000e-01  1.438379e-01
8.760000e-01  1.435793e-01
8.790000e-01  1.433216e-01
8.820000e-01  1.430646e-01
8.850000e-01  1.428085e-01
8.880000e-01  1.425532e-01
8.910000e-01  1.422987e-01
8.940000e-01  1.420450e-01
8.970000e-01  1.417921e-01
9.000000e-01  1.415400e-01
9.030000e-01  1.412886e-01
9.060000e-01  1.410380e-01
9.090000e-01  1.407881e-01
9.120000e-01  1.405391e-01
9.150000e-01  1.402907e-01
9.180000e-01  1.400431e-01
9.210000e-01  1.397962e-01
9.240000e-01  1.395501e-01
9.270000e-01  1.393047e-01
9.300000e-01  1.390600e-01
9.330000e-01  1.388160e-01
9.360000e-01  1.385727e-01
9.390000e-01  1.383301e-01
9.420000e-01  1.380881e-01
9.450000e-01  1.378469e-01
9.480000e-01  1.376064e-01
9.510000e-01  1.373665e-01
9.540000e-01  1.371273e-01
9.570000e-01  1.368888e-01
9.600000e-01  1.366509e-01
9.630000e-01  1.364137e-01
9.660000e-01  1.361771e-01
9.690000e-01  1.359411e-01
9.720000e-01  1.357058e-01
9.750000e-01  1.354711e-01
9.780000e-01  1.352371e-01
9.810000e-01  1.350036e-01
9.840000e-01  1.347708e-01
9.870000e-01  1.345386e-01
9.900000e-01  1.343070e-01
9.930000e-01  1.340760e-01
9.960000e-01  1.338456e-01
9.990000e-01  1.336157e-01
