000000  000001
3.000000e-03  7.154923e-01
6.000000e-03  6.229038e-01
9.000000e-03  5.683838e-01
1.200000e-02  5.303833e-01
1.500000e-02  5.015408e-01
1.800000e-02  4.784789e-01
2.100000e-02  4.593763e-01
2.400000e-02  4.431435e-01
2.700000e-02  4.290789e-01
3.000000e-02  4.167058e-01
3.300000e-02  4.056860e-01
3.600000e-02  3.957715e-01
3.900000e-02  3.867751e-01
4.200000e-02  3.785527e-01
4.500000e-02  3.709906e-01
4.800000e-02  3.639979e-01
5.100000e-02  3.575009e-01
5.400000e-02  3.514388e-01
5.700000e-02  3.457612e-01
6.000000e-02  3.404257e-01
6.300000e-02  3.353963e-01
6.600000e-02  3.306424e-01
6.900000e-02  3.261374e-01
7.200000e-02  3.218585e-01
7.500000e-02  3.177857e-01
7.800000e-02  3.139015e-01
8.100000e-02  3.101905e-01
8.400000e-02  3.066389e-01
8.700000e-02  3.032346e-01
9.000000e-02  2.999667e-01
9.300000e-02  2.968255e-01
9.600000e-02  2.938023e-01
9.900000e-02  2.908891e-01
1.020000e-01  2.880787e-01
1.050000e-01  2.853647e-01
1.080000e-01  2.827410e-01
1.110000e-01  2.802024e-01
1.140000e-01  2.777438e-01
1.170000e-01  2.753607e-01
1.200000e-01  2.730489e-01
1.230000e-01  2.708045e-01
1.260000e-01  2.686240e-01
1.290000e-01  2.665041e-01
1.320000e-01  2.644417e-01
1.350000e-01  2.624340e-01
1.380000e-01  2.604783e-01
1.410000e-01  2.585722e-01
1.440000e-01  2.567135e-01
1.470000e-01  2.548998e-01
1.500000e-01  2.531293e-01
1.530000e-01  2.514001e-01
1.560000e-01  2.497103e-01
1.590000e-01  2.480584e-01
1.620000e-01  2.464428e-01
1.650000e-01  2.448620e-01
1.680000e-01  2.433146e-01
1.710000e-01  2.417993e-01
1.740000e-01  2.403149e-01
1.770000e-01  2.388603e-01
1.800000e-01  2.374343e-01
1.830000e-01  2.360358e-01
1.860000e-01  2.346640e-01
1.890000e-01  2.333177e-01
1.920000e-01  2.319963e-01
1.950000e-01  2.306987e-01
1.980000e-01  2.294242e-01
2.010000e-01  2.281721e-01
2.040000e-01  2.269415e-01
2.070000e-01  2.257319e-01
2.100000e-01  2.245425e-01
2.130000e-01  2.233726e-01
2.160000e-01  2.222218e-01
2.190000e-01  2.210894e-01
2.220000e-01  2.199748e-01
2.250000e-01  2.188775e-01
2.280000e-01  2.177971e-01
2.310000e-01  2.167329e-01
2.340000e-01  2.156847e-01
2.370000e-01  2.146518e-01
2.400000e-01  2.136339e-01
2.430000e-01  2.126306e-01
2.460000e-01  2.116414e-01
2.490000e-01  2.106660e-01
2.520000e-01  2.097040e-01
2.550000e-01  2.087551e-01
2.580000e-01  2.078189e-01
2.610000e-01  2.068951e-01
2.640000e-01  2.059834e-01
2.670000e-01  2.050834e-01
2.700000e-01  2.041950e-01
2.730000e-01  2.033177e-01
2.760000e-01  2.024514e-01
2.790000e-01  2.015957e-01
2.820000e-01  2.007504e-01
2.850000e-01  1.999153e-01
2.880000e-01  1.990900e-01
2.910000e-01  1.982745e-01
2.940000e-01  1.974685e-01
2.970000e-01  1.966717e-01
3.000000e-01  1.958840e-01
3.030000e-01  1.951051e-01
3.060000e-01  1.943348e-01
3.090000e-01  1.935730e-01
3.120000e-01  1.928195e-01
3.150000e-01  1.920741e-01
3.180000e-01  1.913366e-01
3.210000e-01  1.906069e-01
3.240000e-01  1.898848e-01
3.270000e-01  1.891701e-01
3.300000e-01  1.884627e-01
3.330000e-01  1.877624e-01
3.360000e-01  1.870692e-01
3.390000e-01  1.863827e-01
3.420000e-01  1.857030e-01
3.450000e-01  1.850299e-01
3.480000e-01  1.843633e-01
3.510000e-01  1.837030e-01
3.540000e-01  1.830489e-01
3.570000e-01  1.824008e-01
3.600000e-01  1.817588e-01
3.630000e-01  1.811226e-01
3.660000e-01  1.804922e-01
3.690000e-01  1.798674e-01
3.720000e-01  1.792482e-01
3.750000e-01  1.786344e-01
3.780000e-01  1.780260e-01
3.810000e-01  1.774228e-01
3.840000e-01  1.768248e-01
3.870000e-01  1.762318e-01
3.900000e-01  1.756438e-01
3.930000e-01  1.750607e-01
3.960000e-01  1.744824e-01
3.990000e-01  1.739088e-01
4.020000e-01  1.733399e-01
4.050000e-01  1.727755e-01
4.080000e-01  1.722156e-01
4.110000e-01  1.716602e-01
4.140000e-01  1.711090e-01
4.170000e-01  1.705622e-01
4.200000e-01  1.700195e-01
4.230000e-01  1.694809e-01
4.260000e-01  1.689464e-01
4.290000e-01  1.684159e-01
4.320000e-01  1.678893e-01
4.350000e-01  1.673666e-01
4.380000e-01  1.668478e-01
4.410000e-01  1.663326e-01
4.440000e-01  1.658211e-01
4.470000e-01  1.653133e-01
4.500000e-01  1.648090e-01
4.530000e-01  1.643083e-01
4.560000e-01  1.638110e-01
4.590000e-01  1.633171e-01
4.620000e-01  1.628266e-01
4.650000e-01  1.623394e-01
4.680000e-01  1.618555e-01
4.710000e-01  1.613747e-01
4.740000e-01  1.608972e-01
4.770000e-01  1.604227e-01
4.800000e-01  1.599514e-01
4.830000e-01  1.594830e-01
4.860000e-01  1.590176e-01
4.890000e-01  1.585552e-01
4.920000e-01  1.580957e-01
4.950000e-01  1.576390e-01
4.980000e-01  1.571851e-01
5.010000e-01  1.567340e-01
5.040000e-01  1.562857e-01
5.070000e-01  1.558400e-01
5.100000e-01  1.553970e-01
5.130000e-01  1.549566e-01
5.160000e-01  1.545188e-01
5.190000e-01  1.540836e-01
5.220000e-01  1.536509e-01
5.250000e-01  1.532206e-01
5.280000e-01  1.527928e-01
5.310000e-01  1.523674e-01
5.340000e-01  1.519444e-01
5.370000e-01  1.515238e-01
5.400000e-01  1.511054e-01
5.430000e-01  1.506893e-01
5.460000e-01  1.502755e-01
5.490000e-01  1.498640e-01
5.520000e-01  1.494546e-01
5.550000e-01  1.490474e-01
5.580000e-01  1.486423e-01
5.610000e-01  1.482393e-01
5.640000e-01  1.478384e-01
5.670000e-01  1.474396e-01
5.700000e-01  1.470428e-01
5.730000e-01  1.466479e-01
5.760000e-01  1.462551e-01
5.790000e-01  1.458642e-01
5.820000e-01  1.454753e-01
5.850000e-01  1.450882e-01
5.880000e-01  1.447030e-01
5.910000e-01  1.443197e-01
5.940000e-01  1.439382e-01
5.970000e-01  1.435585e-01
6.000000e-01  1.431806e-01
6.030000e-01  1.428044e-01
6.060000e-01  1.424300e-01
6.090000e-01  1.420573e-01
6.120000e-01  1.416863e-01
6.150000e-01  1.413169e-01
6.180000e-01  1.409493e-01
6.210000e-01  1.405832e-01
6.240000e-01  1.402187e-01
6.270000e-01  1.398559e-01
6.300000e-01  1.394946e-01
6.330000e-01  1.391349e-01
6.360000e-01  1.387767e-01
6.390000e-01  1.384200e-01
6.420000e-01  1.380648e-01
6.450000e-01  1.377111e-01
6.480000e-01  1.373588e-01
6.510000e-01  1.370080e-01
6.540000e-01  1.366586e-01
6.570000e-01  1.363106e-01
6.600000e-01  1.359639e-01
6.630000e-01  1.356187e-01
6.660000e-01  1.352748e-01
6.690000e-01  1.349322e-01
6.720000e-01  1.345910e-01
6.750000e-01  1.342511e-01
6.780000e-01  1.339124e-01
6.810000e-01  1.335750e-01
6.840000e-01  1.332389e-01
6.870000e-01  1.329040e-01
6.900000e-01  1.325703e-01
6.930000e-01  1.322379e-01
6.960000e-01  1.319066e-01
6.990000e-01  1.315765e-01
7.020000e-01  1.312476e-01
7.050000e-01  1.309198e-01
7.080000e-01  1.305932e-01
7.110000e-01  1.302677e-01
7.140000e-01  1.299433e-01
7.170000e-01  1.296199e-01
7.200000e-01  1.292977e-01
7.230000e-01  1.289765e-01
7.260000e-01  1.286564e-01
7.290000e-01  1.283373e-01
7.320000e-01  1.280192e-01
7.350000e-01  1.277022e-01
7.380000e-01  1.273861e-01
7.410000e-01  1.270711e-01
7.440000e-01  1.267570e-01
7.470000e-01  1.264438e-01
7.500000e-01  1.261317e-01
7.530000e-01  1.258204e-01
7.560000e-01  1.255101e-01
7.590000e-01  1.252006e-01
7.620000e-01  1.248921e-01
7.650000e-01  1.245845e-01
7.680000e-01  1.242778e-01
7.710000e-01  1.239719e-01
7.740000e-01  1.236668e-01
7.770000e-01  1.233626e-01
7.800000e-01  1.230592e-01
7.830000e-01  1.227567e-01
7.860000e-01  1.224549e-01
7.890000e-01  1.221540e-01
7.920000e-01  1.218538e-01
7.950000e-01  1.215544e-01
7.980000e-01  1.212558e-01
8.010000e-01  1.209579e-01
8.040000e-01  1.206607e-01
8.070000e-01  1.203643e-01
8.100000e-01  1.200686e-01
8.130000e-01  1.197736e-01
8.160000e-01  1.194793e-01
8.190000e-01  1.191856e-01
8.220000e-01  1.188927e-01
8.250000e-01  1.186004e-01
8.280000e-01  1.183088e-01
8.310000e-01  1.180178e-01
8.340000e-01  1.177274e-01
8.370000e-01  1.174377e-01
8.400000e-01  1.171485e-01
8.430000e-01  1.168600e-01
8.460000e-01  1.165721e-01
8.490000e-01  1.162847e-01
8.520000e-01  1.159979e-01
8.550000e-01  1.157117e-01
8.580000e-01  1.154261e-01
8.610000e-01  1.151409e-01
8.640000e-01  1.148563e-01
8.670000e-01  1.145722e-01
8.700000e-01  1.142887e-01
8.730000e-01  1.140056e-01
8.760000e-01  1.137230e-01
8.790000e-01  1.134409e-01
8.820000e-01  1.131593e-01
8.850000e-01  1.128781e-01
8.880000e-01  1.125974e-01
8.910000e-01  1.123171e-01
8.940000e-01  1.120373e-01
8.970000e-01  1.117578e-01
9.000000e-01  1.114788e-01
9.030000e-01  1.112002e-01
9.060000e-01  1.109220e-01
9.090000e-01  1.106441e-01
9.120000e-01  1.103666e-01
9.150000e-01  1.100895e-01
9.180000e-01  1.098127e-01
9.210000e-01  1.095363e-01
9.240000e-01  1.092602e-01
9.270000e-01  1.089844e-01
9.300000e-01  1.087089e-01
9.330000e-01  1.084338e-01
9.360000e-01  1.081589e-01
9.390000e-01  1.078843e-01
9.420000e-01  1.076099e-01
9.450000e-01  1.073358e-01
9.480000e-01  1.070620e-01
9.510000e-01  1.067884e-01
9.540000e-01  1.065150e-01
9.570000e-01  1.062418e-01
9.600000e-01  1.059689e-01
9.630000e-01  1.056961e-01
9.660000e-01  1.054235e-01
9.690000e-01  1.051511e-01
9.720000e-01  1.048788e-01
9.750000e-01  1.046067e-01
9.780000e-01  1.043347e-01
9.810000e-01  1.040629e-01
9.840000e-01  1.037912e-01
9.870000e-01  1.035195e-01
9.900000e-01  1.032480e-01
9.930000e-01  1.029765e-01
9.960000e-01  1.027051e-01
9.990000e-01  1.024338e-01
