000000  000001
3.000000e-03  7.481500e-01
6.000000e-03  6.572956e-01
9.000000e-03  6.025820e-01
1.200000e-02  5.640146e-01
1.500000e-02  5.345361e-01
1.800000e-02  5.108510e-01
2.100000e-02  4.911617e-01
2.400000e-02  4.743840e-01
2.700000e-02  4.598153e-01
3.000000e-02  4.469757e-01
3.300000e-02  4.355234e-01
3.600000e-02  4.252069e-01
3.900000e-02  4.158359e-01
4.200000e-02  4.072632e-01
4.500000e-02  3.993728e-01
4.800000e-02  3.920716e-01
5.100000e-02  3.852839e-01
5.400000e-02  3.789473e-01
5.700000e-02  3.730099e-01
6.000000e-02  3.674280e-01
6.300000e-02  3.621646e-01
6.600000e-02  3.571879e-01
6.900000e-02  3.524706e-01
7.200000e-02  3.479890e-01
7.500000e-02  3.437223e-01
7.800000e-02  3.396526e-01
8.100000e-02  3.357636e-01
8.400000e-02  3.320413e-01
8.700000e-02  3.284729e-01
9.000000e-02  3.250473e-01
9.300000e-02  3.217543e-01
9.600000e-02  3.185847e-01
9.900000e-02  3.155303e-01
1.020000e-01  3.125837e-01
1.050000e-01  3.097381e-01
1.080000e-01  3.069872e-01
1.110000e-01  3.043255e-01
1.140000e-01  3.017477e-01
1.170000e-01  2.992492e-01
1.200000e-01  2.968255e-01
1.230000e-01  2.944726e-01
1.260000e-01  2.921869e-01
1.290000e-01  2.899647e-01
1.320000e-01  2.878030e-01
1.350000e-01  2.856988e-01
1.380000e-01  2.836494e-01
1.410000e-01  2.816520e-01
1.440000e-01  2.797044e-01
1.470000e-01  2.778043e-01
1.500000e-01  2.759496e-01
1.530000e-01  2.741383e-01
1.560000e-01  2.723686e-01
1.590000e-01  2.706388e-01
1.620000e-01  2.689471e-01
1.650000e-01  2.672921e-01
1.680000e-01  2.656724e-01
1.710000e-01  2.640865e-01
1.740000e-01  2.625331e-01
1.770000e-01  2.610111e-01
1.800000e-01  2.595192e-01
1.830000e-01  2.580565e-01
1.860000e-01  2.566217e-01
1.890000e-01  2.552140e-01
1.920000e-01  2.538325e-01
1.950000e-01  2.524761e-01
1.980000e-01  2.511441e-01
2.010000e-01  2.498357e-01
2.040000e-01  2.485501e-01
2.070000e-01  2.472866e-01
2.100000e-01  2.460444e-01
2.130000e-01  2.448229e-01
2.160000e-01  2.436215e-01
2.190000e-01  2.424395e-01
2.220000e-01  2.412763e-01
2.250000e-01  2.401315e-01
2.280000e-01  2.390044e-01
2.310000e-01  2.378946e-01
2.340000e-01  2.368016e-01
2.370000e-01  2.357249e-01
2.400000e-01  2.346640e-01
2.430000e-01  2.336184e-01
2.460000e-01  2.325879e-01
2.490000e-01  2.315720e-01
2.520000e-01  2.305702e-01
2.550000e-01  2.295823e-01
2.580000e-01  2.286078e-01
2.610000e-01  2.276465e-01
2.640000e-01  2.266979e-01
2.670000e-01  2.257619e-01
2.700000e-01  2.248380e-01
2.730000e-01  2.239259e-01
2.760000e-01  2.230254e-01
2.790000e-01  2.221362e-01
2.820000e-01  2.212581e-01
2.850000e-01  2.203907e-01
2.880000e-01  2.195338e-01
2.910000e-01  2.186872e-01
2.940000e-01  2.178507e-01
2.970000e-01  2.170240e-01
3.000000e-01  2.162068e-01
3.030000e-01  2.153991e-01
3.060000e-01  2.146005e-01
3.090000e-01  2.138110e-01
3.120000e-01  2.130302e-01
3.150000e-01  2.122580e-01
3.180000e-01  2.114942e-01
3.210000e-01  2.107387e-01
3.240000e-01  2.099912e-01
3.270000e-01  2.092517e-01
3.300000e-01  2.085199e-01
3.330000e-01  2.077957e-01
3.360000e-01  2.070789e-01
3.390000e-01  2.063694e-01
3.420000e-01  2.056671e-01
3.450000e-01  2.049718e-01
3.480000e-01  2.042833e-01
3.510000e-01  2.036016e-01
3.540000e-01  2.029265e-01
3.570000e-01  2.022579e-01
3.600000e-01  2.015957e-01
3.630000e-01  2.009397e-01
3.660000e-01  2.002898e-01
3.690000e-01  1.996460e-01
3.720000e-01  1.990081e-01
3.750000e-01  1.983760e-01
3.780000e-01  1.977496e-01
3.810000e-01  1.971288e-01
3.840000e-01  1.965134e-01
3.870000e-01  1.959035e-01
3.900000e-01  1.952990e-01
3.930000e-01  1.946996e-01
3.960000e-01  1.941054e-01
3.990000e-01  1.935162e-01
4.020000e-01  1.929320e-01
4.050000e-01  1.923527e-01
4.080000e-01  1.917782e-01
4.110000e-01  1.912084e-01
4.140000e-01  1.906432e-01
4.170000e-01  1.900826e-01
4.200000e-01  1.895265e-01
4.230000e-01  1.889748e-01
4.260000e-01  1.884275e-01
4.290000e-01  1.878845e-01
4.320000e-01  1.873456e-01
4.350000e-01  1.868110e-01
4.380000e-01  1.862804e-01
4.410000e-01  1.857538e-01
4.440000e-01  1.852312e-01
4.470000e-01  1.847125e-01
4.500000e-01  1.841976e-01
4.530000e-01  1.836865e-01
4.560000e-01  1.831792e-01
4.590000e-01  1.826755e-01
4.620000e-01  1.821754e-01
4.650000e-01  1.816790e-01
4.680000e-01  1.811860e-01
4.710000e-01  1.806965e-01
4.740000e-01  1.802104e-01
4.770000e-01  1.797276e-01
4.800000e-01  1.792482e-01
4.830000e-01  1.787721e-01
4.860000e-01  1.782991e-01
4.890000e-01  1.778294e-01
4.920000e-01  1.773628e-01
4.950000e-01  1.768992e-01
4.980000e-01  1.764388e-01
5.010000e-01  1.759813e-01
5.040000e-01  1.755268e-01
5.070000e-01  1.750752e-01
5.100000e-01  1.746265e-01
5.130000e-01  1.741807e-01
5.160000e-01  1.737377e-01
5.190000e-01  1.732974e-01
5.220000e-01  1.728599e-01
5.250000e-01  1.724251e-01
5.280000e-01  1.719929e-01
5.310000e-01  1.715634e-01
5.340000e-01  1.711365e-01
5.370000e-01  1.707121e-01
5.400000e-01  1.702903e-01
5.430000e-01  1.698710e-01
5.460000e-01  1.694541e-01
5.490000e-01  1.690397e-01
5.520000e-01  1.686276e-01
5.550000e-01  1.682180e-01
5.580000e-01  1.678107e-01
5.610000e-01  1.674057e-01
5.640000e-01  1.670030e-01
5.670000e-01  1.666026e-01
5.700000e-01  1.662044e-01
5.730000e-01  1.658084e-01
5.760000e-01  1.654146e-01
5.790000e-01  1.650229e-01
5.820000e-01  1.646334e-01
5.850000e-01  1.642459e-01
5.880000e-01  1.638606e-01
5.910000e-01  1.634773e-01
5.940000e-01  1.630960e-01
5.970000e-01  1.627167e-01
6.000000e-01  1.623394e-01
6.030000e-01  1.619641e-01
6.060000e-01  1.615907e-01
6.090000e-01  1.612192e-01
6.120000e-01  1.608496e-01
6.150000e-01  1.604819e-01
6.180000e-01  1.601160e-01
6.210000e-01  1.597519e-01
6.240000e-01  1.593897e-01
6.270000e-01  1.590292e-01
6.300000e-01  1.586705e-01
6.330000e-01  1.583136e-01
6.360000e-01  1.579584e-01
6.390000e-01  1.576048e-01
6.420000e-01  1.572530e-01
6.450000e-01  1.569029e-01
6.480000e-01  1.565544e-01
6.510000e-01  1.562075e-01
6.540000e-01  1.558622e-01
6.570000e-01  1.555186e-01
6.600000e-01  1.551765e-01
6.630000e-01  1.548360e-01
6.660000e-01  1.544970e-01
6.690000e-01  1.541596e-01
6.720000e-01  1.538237e-01
6.750000e-01  1.534892e-01
6.780000e-01  1.531563e-01
6.810000e-01  1.528248e-01
6.840000e-01  1.524948e-01
6.870000e-01  1.521662e-01
6.900000e-01  1.518390e-01
6.930000e-01  1.515133e-01
6.960000e-01  1.511889e-01
6.990000e-01  1.508659e-01
7.020000e-01  1.505443e-01
7.050000e-01  1.502240e-01
7.080000e-01  1.499050e-01
7.110000e-01  1.495874e-01
7.140000e-01  1.492711e-01
7.170000e-01  1.489560e-01
7.200000e-01  1.486423e-01
7.230000e-01  1.483298e-01
7.260000e-01  1.480185e-01
7.290000e-01  1.477085e-01
7.320000e-01  1.473998e-01
7.350000e-01  1.470922e-01
7.380000e-01  1.467859e-01
7.410000e-01  1.464807e-01
7.440000e-01  1.461768e-01
7.470000e-01  1.458740e-01
7.500000e-01  1.455723e-01
7.530000e-01  1.452718e-01
7.560000e-01  1.449725e-01
7.590000e-01  1.446742e-01
7.620000e-01  1.443771e-01
7.650000e-01  1.440810e-01
7.680000e-01  1.437861e-01
7.710000e-01  1.434922e-01
7.740000e-01  1.431994e-01
7.770000e-01  1.429077e-01
7.800000e-01  1.426170e-01
7.830000e-01  1.423273e-01
7.860000e-01  1.420387e-01
7.890000e-01  1.417511e-01
7.920000e-01  1.414645e-01
7.950000e-01  1.411789e-01
7.980000e-01  1.408942e-01
8.010000e-01  1.406106e-01
8.040000e-01  1.403279e-01
8.070000e-01  1.400462e-01
8.100000e-01  1.397654e-01
8.130000e-01  1.394856e-01
8.160000e-01  1.392067e-01
8.190000e-01  1.389287e-01
8.220000e-01  1.386517e-01
8.250000e-01  1.383755e-01
8.280000e-01  1.381002e-01
8.310000e-01  1.378259e-01
8.340000e-01  1.375524e-01
8.370000e-01  1.372797e-01
8.400000e-01  1.370080e-01
8.430000e-01  1.367371e-01
8.460000e-01  1.364670e-01
8.490000e-01  1.361977e-01
8.520000e-01  1.359294e-01
8.550000e-01  1.356618e-01
8.580000e-01  1.353950e-01
8.610000e-01  1.351290e-01
8.640000e-01  1.348639e-01
8.670000e-01  1.345995e-01
8.700000e-01  1.343359e-01
8.730000e-01  1.340731e-01
8.760000e-01  1.338110e-01
8.790000e-01  1.335498e-01
8.820000e-01  1.332892e-01
8.850000e-01  1.330294e-01
8.880000e-01  1.327704e-01
8.910000e-01  1.325121e-01
8.940000e-01  1.322545e-01
8.970000e-01  1.319976e-01
9.000000e-01  1.317414e-01
9.030000e-01  1.314859e-01
9.060000e-01  1.312312e-01
9.090000e-01  1.309771e-01
9.120000e-01  1.307237e-01
9.150000e-01  1.304710e-01
9.180000e-01  1.302189e-01
9.210000e-01  1.299675e-01
9.240000e-01  1.297168e-01
9.270000e-01  1.294667e-01
9.300000e-01  1.292173e-01
9.330000e-01  1.289685e-01
9.360000e-01  1.287203e-01
9.390000e-01  1.284728e-01
9.420000e-01  1.282259e-01
9.450000e-01  1.279795e-01
9.480000e-01  1.277338e-01
9.510000e-01  1.274887e-01
9.540000e-01  1.272442e-01
9.570000e-01  1.270003e-01
9.600000e-01  1.267570e-01
9.630000e-01  1.265142e-01
9.660000e-01  1.262720e-01
9.690000e-01  1.260304e-01
9.720000e-01  1.257893e-01
9.750000e-01  1.255488e-01
9.780000e-01  1.253088e-01
9.810000e-01  1.250694e-01
9.840000e-01  1.248305e-01
9.870000e-01  1.245922e-01
9.900000e-01  1.243544e-01
9.930000e-01  1.241171e-01
9.960000e-01  1.238803e-01
9.990000e-01  1.236440e-01
