000000  000001
3.000000e-03  7.901445e-01
6.000000e-03  7.033285e-01
9.000000e-03  6.492007e-01
1.200000e-02  6.103610e-01
1.500000e-02  5.803397e-01
1.800000e-02  5.560287e-01
2.100000e-02  5.357008e-01
2.400000e-02  5.183000e-01
2.700000e-02  5.031351e-01
3.000000e-02  4.897299e-01
3.300000e-02  4.777430e-01
3.600000e-02  4.669219e-01
3.900000e-02  4.570746e-01
4.200000e-02  4.480518e-01
4.500000e-02  4.397355e-01
4.800000e-02  4.320307e-01
5.100000e-02  4.248600e-01
5.400000e-02  4.181594e-01
5.700000e-02  4.118756e-01
6.000000e-02  4.059633e-01
6.300000e-02  4.003845e-01
6.600000e-02  3.951062e-01
6.900000e-02  3.901002e-01
7.200000e-02  3.853419e-01
7.500000e-02  3.808097e-01
7.800000e-02  3.764848e-01
8.100000e-02  3.723504e-01
8.400000e-02  3.683918e-01
8.700000e-02  3.645958e-01
9.000000e-02  3.609505e-01
9.300000e-02  3.574454e-01
9.600000e-02  3.540709e-01
9.900000e-02  3.508184e-01
1.020000e-01  3.476801e-01
1.050000e-01  3.446487e-01
1.080000e-01  3.417179e-01
1.110000e-01  3.388817e-01
1.140000e-01  3.361346e-01
1.170000e-01  3.334717e-01
1.200000e-01  3.308883e-01
1.230000e-01  3.283802e-01
1.260000e-01  3.259434e-01
1.290000e-01  3.235744e-01
1.320000e-01  3.212697e-01
1.350000e-01  3.190263e-01
1.380000e-01  3.168411e-01
1.410000e-01  3.147115e-01
1.440000e-01  3.126350e-01
1.470000e-01  3.106090e-01
1.500000e-01  3.086316e-01
1.530000e-01  3.067004e-01
1.560000e-01  3.048136e-01
1.590000e-01  3.029694e-01
1.620000e-01  3.011660e-01
1.650000e-01  2.994018e-01
1.680000e-01  2.976752e-01
1.710000e-01  2.959847e-01
1.740000e-01  2.943291e-01
1.770000e-01  2.927070e-01
1.800000e-01  2.911172e-01
1.830000e-01  2.895585e-01
1.860000e-01  2.880298e-01
1.890000e-01  2.865301e-01
1.920000e-01  2.850583e-01
1.950000e-01  2.836136e-01
1.980000e-01  2.821949e-01
2.010000e-01  2.808015e-01
2.040000e-01  2.794325e-01
2.070000e-01  2.780872e-01
2.100000e-01  2.767648e-01
2.130000e-01  2.754646e-01
2.160000e-01  2.741859e-01
2.190000e-01  2.729280e-01
2.220000e-01  2.716904e-01
2.250000e-01  2.704725e-01
2.280000e-01  2.692736e-01
2.310000e-01  2.680932e-01
2.340000e-01  2.669308e-01
2.370000e-01  2.657859e-01
2.400000e-01  2.646581e-01
2.430000e-01  2.635467e-01
2.460000e-01  2.624515e-01
2.490000e-01  2.613720e-01
2.520000e-01  2.603077e-01
2.550000e-01  2.592583e-01
2.580000e-01  2.582233e-01
2.610000e-01  2.572024e-01
2.640000e-01  2.561954e-01
2.670000e-01  2.552017e-01
2.700000e-01  2.542211e-01
2.730000e-01  2.532533e-01
2.760000e-01  2.522979e-01
2.790000e-01  2.513547e-01
2.820000e-01  2.504234e-01
2.850000e-01  2.495036e-01
2.880000e-01  2.485952e-01
2.910000e-01  2.476979e-01
2.940000e-01  2.468114e-01
2.970000e-01  2.459355e-01
3.000000e-01  2.450699e-01
3.030000e-01  2.442144e-01
3.060000e-01  2.433688e-01
3.090000e-01  2.425329e-01
3.120000e-01  2.417065e-01
3.150000e-01  2.408893e-01
3.180000e-01  2.400813e-01
3.210000e-01  2.392821e-01
3.240000e-01  2.384916e-01
3.270000e-01  2.377097e-01
3.300000e-01  2.369361e-01
3.330000e-01  2.361708e-01
3.360000e-01  2.354134e-01
3.390000e-01  2.346640e-01
3.420000e-01  2.339222e-01
3.450000e-01  2.331880e-01
3.480000e-01  2.324613e-01
3.510000e-01  2.317418e-01
3.540000e-01  2.310295e-01
3.570000e-01  2.303242e-01
3.600000e-01  2.296257e-01
3.630000e-01  2.289341e-01
3.660000e-01  2.282490e-01
3.690000e-01  2.275705e-01
3.720000e-01  2.268983e-01
3.750000e-01  2.262325e-01
3.780000e-01  2.255728e-01
3.810000e-01  2.249192e-01
3.840000e-01  2.242716e-01
3.870000e-01  2.236298e-01
3.900000e-01  2.229937e-01
3.930000e-01  2.223634e-01
3.960000e-01  2.217386e-01
3.990000e-01  2.211192e-01
4.020000e-01  2.205052e-01
4.050000e-01  2.198965e-01
4.080000e-01  2.192930e-01
4.110000e-01  2.186947e-01
4.140000e-01  2.181013e-01
4.170000e-01  2.175130e-01
4.200000e-01  2.169295e-01
4.230000e-01  2.163508e-01
4.260000e-01  2.157768e-01
4.290000e-01  2.152075e-01
4.320000e-01  2.146427e-01
4.350000e-01  2.140825e-01
4.380000e-01  2.135267e-01
4.410000e-01  2.129752e-01
4.440000e-01  2.124281e-01
4.470000e-01  2.118852e-01
4.500000e-01  2.113465e-01
4.530000e-01  2.108119e-01
4.560000e-01  2.102813e-01
4.590000e-01  2.097548e-01
4.620000e-01  2.092322e-01
4.650000e-01  2.087134e-01
4.680000e-01  2.081985e-01
4.710000e-01  2.076874e-01
4.740000e-01  2.071799e-01
4.770000e-01  2.066762e-01
4.800000e-01  2.061760e-01
4.830000e-01  2.056795e-01
4.860000e-01  2.051864e-01
4.890000e-01  2.046968e-01
4.920000e-01  2.042106e-01
4.950000e-01  2.037278e-01
4.980000e-01  2.032483e-01
5.010000e-01  2.027721e-01
5.040000e-01  2.022991e-01
5.070000e-01  2.018294e-01
5.100000e-01  2.013627e-01
5.130000e-01  2.008992e-01
5.160000e-01  2.004388e-01
5.190000e-01  1.999814e-01
5.220000e-01  1.995270e-01
5.250000e-01  1.990755e-01
5.280000e-01  1.986270e-01
5.310000e-01  1.981813e-01
5.340000e-01  1.977385e-01
5.370000e-01  1.972985e-01
5.400000e-01  1.968613e-01
5.430000e-01  1.964268e-01
5.460000e-01  1.959950e-01
5.490000e-01  1.955658e-01
5.520000e-01  1.951394e-01
5.550000e-01  1.947155e-01
5.580000e-01  1.942942e-01
5.610000e-01  1.938754e-01
5.640000e-01  1.934592e-01
5.670000e-01  1.930454e-01
5.700000e-01  1.926341e-01
5.730000e-01  1.922252e-01
5.760000e-01  1.918187e-01
5.790000e-01  1.914146e-01
5.820000e-01  1.910128e-01
5.850000e-01  1.906133e-01
5.880000e-01  1.902162e-01
5.910000e-01  1.898212e-01
5.940000e-01  1.894286e-01
5.970000e-01  1.890381e-01
6.000000e-01  1.886498e-01
6.030000e-01  1.882637e-01
6.060000e-01  1.878797e-01
6.090000e-01  1.874978e-01
6.120000e-01  1.871180e-01
6.150000e-01  1.867403e-01
6.180000e-01  1.863646e-01
6.210000e-01  1.859909e-01
6.240000e-01  1.856193e-01
6.270000e-01  1.852496e-01
6.300000e-01  1.848819e-01
6.330000e-01  1.845161e-01
6.360000e-01  1.841522e-01
6.390000e-01  1.837903e-01
6.420000e-01  1.834302e-01
6.450000e-01  1.830719e-01
6.480000e-01  1.827155e-01
6.510000e-01  1.823609e-01
6.540000e-01  1.820081e-01
6.570000e-01  1.816571e-01
6.600000e-01  1.813078e-01
6.630000e-01  1.809603e-01
6.660000e-01  1.806145e-01
6.690000e-01  1.802704e-01
6.720000e-01  1.799280e-01
6.750000e-01  1.795873e-01
6.780000e-01  1.792482e-01
6.810000e-01  1.789108e-01
6.840000e-01  1.785750e-01
6.870000e-01  1.782408e-01
6.900000e-01  1.779081e-01
6.930000e-01  1.775771e-01
6.960000e-01  1.772476e-01
6.990000e-01  1.769197e-01
7.020000e-01  1.765933e-01
7.050000e-01  1.762684e-01
7.080000e-01  1.759450e-01
7.110000e-01  1.756231e-01
7.140000e-01  1.753026e-01
7.170000e-01  1.749837e-01
7.200000e-01  1.746661e-01
7.230000e-01  1.743500e-01
7.260000e-01  1.740353e-01
7.290000e-01  1.737220e-01
7.320000e-01  1.734101e-01
7.350000e-01  1.730996e-01
7.380000e-01  1.727904e-01
7.410000e-01  1.724826e-01
7.440000e-01  1.721762e-01
7.470000e-01  1.718710e-01
7.500000e-01  1.715672e-01
7.530000e-01  1.712647e-01
7.560000e-01  1.709634e-01
7.590000e-01  1.706635e-01
7.620000e-01  1.703648e-01
7.650000e-01  1.700673e-01
7.680000e-01  1.697711e-01
7.710000e-01  1.694762e-01
7.740000e-01  1.691824e-01
7.770000e-01  1.688899e-01
7.800000e-01  1.685986e-01
7.830000e-01  1.683084e-01
7.860000e-01  1.680195e-01
7.890000e-01  1.677317e-01
7.920000e-01  1.674450e-01
7.950000e-01  1.671596e-01
7.980000e-01  1.668752e-01
8.010000e-01  1.665920e-01
8.040000e-01  1.663099e-01
8.070000e-01  1.660289e-01
8.100000e-01  1.657490e-01
8.130000e-01  1.654702e-01
8.160000e-01  1.651925e-01
8.190000e-01  1.649158e-01
8.220000e-01  1.646402e-01
8.250000e-01  1.643657e-01
8.280000e-01  1.640922e-01
8.310000e-01  1.638198e-01
8.340000e-01  1.635483e-01
8.370000e-01  1.632779e-01
8.400000e-01  1.630085e-01
8.430000e-01  1.627402e-01
8.460000e-01  1.624727e-01
8.490000e-01  1.622063e-01
8.520000e-01  1.619409e-01
8.550000e-01  1.616764e-01
8.580000e-01  1.614129e-01
8.610000e-01  1.611504e-01
8.640000e-01  1.608888e-01
8.670000e-01  1.606281e-01
8.700000e-01  1.603683e-01
8.730000e-01  1.601095e-01
8.760000e-01  1.598516e-01
8.790000e-01  1.595946e-01
8.820000e-01  1.593385e-01
8.850000e-01  1.590833e-01
8.880000e-01  1.588290e-01
8.910000e-01  1.585756e-01
8.940000e-01  1.583230e-01
8.970000e-01  1.580713e-01
9.000000e-01  1.578205e-01
9.030000e-01  1.575705e-01
9.060000e-01  1.573214e-01
9.090000e-01  1.570731e-01
9.120000e-01  1.568256e-01
9.150000e-01  1.565790e-01
9.180000e-01  1.563332e-01
9.210000e-01  1.560881e-01
9.240000e-01  1.558440e-01
9.270000e-01  1.556005e-01
9.300000e-01  1.553579e-01
9.330000e-01  1.551161e-01
9.360000e-01  1.548751e-01
9.390000e-01  1.546348e-01
9.420000e-01  1.543953e-01
9.450000e-01  1.541566e-01
9.480000e-01  1.539186e-01
9.510000e-01  1.536814e-01
9.540000e-01  1.534450e-01
9.570000e-01  1.532092e-01
9.600000e-01  1.529742e-01
9.630000e-01  1.527400e-01
9.660000e-01  1.525064e-01
9.690000e-01  1.522736e-01
9.720000e-01  1.520415e-01
9.750000e-01  1.518101e-01
9.780000e-01  1.515795e-01
9.810000e-01  1.513495e-01
9.840000e-01  1.511202e-01
9.870000e-01  1.508916e-01
9.900000e-01  1.506637e-01
9.930000e-01  1.504364e-01
9.960000e-01  1.502098e-01
9.990000e-01  1.499839e-01
