000000  000001
3.000000e-03  7.655015e-01
6.000000e-03  6.760448e-01
9.000000e-03  6.214436e-01
1.200000e-02  5.826913e-01
1.500000e-02  5.529443e-01
1.800000e-02  5.289718e-01
2.100000e-02  5.089994e-01
2.400000e-02  4.919511e-01
2.700000e-02  4.771269e-01
3.000000e-02  4.640474e-01
3.300000e-02  4.523701e-01
3.600000e-02  4.418425e-01
3.900000e-02  4.322731e-01
4.200000e-02  4.235139e-01
4.500000e-02  4.154475e-01
4.800000e-02  4.079801e-01
5.100000e-02  4.010351e-01
5.400000e-02  3.945494e-01
5.700000e-02  3.884704e-01
6.000000e-02  3.827537e-01
6.300000e-02  3.773618e-01
6.600000e-02  3.722625e-01
6.900000e-02  3.674280e-01
7.200000e-02  3.628343e-01
7.500000e-02  3.584601e-01
7.800000e-02  3.542872e-01
8.100000e-02  3.502991e-01
8.400000e-02  3.464815e-01
8.700000e-02  3.428214e-01
9.000000e-02  3.393074e-01
9.300000e-02  3.359291e-01
9.600000e-02  3.326772e-01
9.900000e-02  3.295433e-01
1.020000e-01  3.265198e-01
1.050000e-01  3.235998e-01
1.080000e-01  3.207769e-01
1.110000e-01  3.180454e-01
1.140000e-01  3.154000e-01
1.170000e-01  3.128358e-01
1.200000e-01  3.103484e-01
1.230000e-01  3.079336e-01
1.260000e-01  3.055877e-01
1.290000e-01  3.033071e-01
1.320000e-01  3.010885e-01
1.350000e-01  2.989289e-01
1.380000e-01  2.968255e-01
1.410000e-01  2.947757e-01
1.440000e-01  2.927769e-01
1.470000e-01  2.908269e-01
1.500000e-01  2.889235e-01
1.530000e-01  2.870648e-01
1.560000e-01  2.852487e-01
1.590000e-01  2.834736e-01
1.620000e-01  2.817378e-01
1.650000e-01  2.800397e-01
1.680000e-01  2.783777e-01
1.710000e-01  2.767506e-01
1.740000e-01  2.751569e-01
1.770000e-01  2.735954e-01
1.800000e-01  2.720650e-01
1.830000e-01  2.705645e-01
1.860000e-01  2.690927e-01
1.890000e-01  2.676489e-01
1.920000e-01  2.662319e-01
1.950000e-01  2.648408e-01
1.980000e-01  2.634748e-01
2.010000e-01  2.621331e-01
2.040000e-01  2.608148e-01
2.070000e-01  2.595192e-01
2.100000e-01  2.582456e-01
2.130000e-01  2.569933e-01
2.160000e-01  2.557617e-01
2.190000e-01  2.545501e-01
2.220000e-01  2.533579e-01
2.250000e-01  2.521845e-01
2.280000e-01  2.510294e-01
2.310000e-01  2.498921e-01
2.340000e-01  2.487721e-01
2.370000e-01  2.476688e-01
2.400000e-01  2.465819e-01
2.430000e-01  2.455108e-01
2.460000e-01  2.444551e-01
2.490000e-01  2.434145e-01
2.520000e-01  2.423885e-01
2.550000e-01  2.413767e-01
2.580000e-01  2.403789e-01
2.610000e-01  2.393945e-01
2.640000e-01  2.384233e-01
2.670000e-01  2.374650e-01
2.700000e-01  2.365192e-01
2.730000e-01  2.355856e-01
2.760000e-01  2.346640e-01
2.790000e-01  2.337540e-01
2.820000e-01  2.328553e-01
2.850000e-01  2.319678e-01
2.880000e-01  2.310911e-01
2.910000e-01  2.302250e-01
2.940000e-01  2.293693e-01
2.970000e-01  2.285237e-01
3.000000e-01  2.276880e-01
3.030000e-01  2.268620e-01
3.060000e-01  2.260455e-01
3.090000e-01  2.252382e-01
3.120000e-01  2.244400e-01
3.150000e-01  2.236506e-01
3.180000e-01  2.228700e-01
3.210000e-01  2.220978e-01
3.240000e-01  2.213340e-01
3.270000e-01  2.205784e-01
3.300000e-01  2.198307e-01
3.330000e-01  2.190909e-01
3.360000e-01  2.183587e-01
3.390000e-01  2.176341e-01
3.420000e-01  2.169168e-01
3.450000e-01  2.162068e-01
3.480000e-01  2.155039e-01
3.510000e-01  2.148080e-01
3.540000e-01  2.141189e-01
3.570000e-01  2.134365e-01
3.600000e-01  2.127606e-01
3.630000e-01  2.120912e-01
3.660000e-01  2.114282e-01
3.690000e-01  2.107714e-01
3.720000e-01  2.101206e-01
3.750000e-01  2.094759e-01
3.780000e-01  2.088371e-01
3.810000e-01  2.082041e-01
3.840000e-01  2.075767e-01
3.870000e-01  2.069550e-01
3.900000e-01  2.063387e-01
3.930000e-01  2.057279e-01
3.960000e-01  2.051223e-01
3.990000e-01  2.045220e-01
4.020000e-01  2.039268e-01
4.050000e-01  2.033367e-01
4.080000e-01  2.027515e-01
4.110000e-01  2.021712e-01
4.140000e-01  2.015957e-01
4.170000e-01  2.010249e-01
4.200000e-01  2.004588e-01
4.230000e-01  1.998972e-01
4.260000e-01  1.993402e-01
4.290000e-01  1.987875e-01
4.320000e-01  1.982393e-01
4.350000e-01  1.976953e-01
4.380000e-01  1.971556e-01
4.410000e-01  1.966201e-01
4.440000e-01  1.960886e-01
4.470000e-01  1.955612e-01
4.500000e-01  1.950378e-01
4.530000e-01  1.945182e-01
4.560000e-01  1.940026e-01
4.590000e-01  1.934907e-01
4.620000e-01  1.929826e-01
4.650000e-01  1.924782e-01
4.680000e-01  1.919775e-01
4.710000e-01  1.914803e-01
4.740000e-01  1.909867e-01
4.770000e-01  1.904965e-01
4.800000e-01  1.900098e-01
4.830000e-01  1.895265e-01
4.860000e-01  1.890466e-01
4.890000e-01  1.885699e-01
4.920000e-01  1.880964e-01
4.950000e-01  1.876262e-01
4.980000e-01  1.871592e-01
5.010000e-01  1.866953e-01
5.040000e-01  1.862344e-01
5.070000e-01  1.857766e-01
5.100000e-01  1.853218e-01
5.130000e-01  1.848699e-01
5.160000e-01  1.844210e-01
5.190000e-01  1.839749e-01
5.220000e-01  1.835317e-01
5.250000e-01  1.830913e-01
5.280000e-01  1.826537e-01
5.310000e-01  1.822188e-01
5.340000e-01  1.817866e-01
5.370000e-01  1.813571e-01
5.400000e-01  1.809302e-01
5.430000e-01  1.805058e-01
5.460000e-01  1.800841e-01
5.490000e-01  1.796649e-01
5.520000e-01  1.792482e-01
5.550000e-01  1.788340e-01
5.580000e-01  1.784222e-01
5.610000e-01  1.780128e-01
5.640000e-01  1.776058e-01
5.670000e-01  1.772012e-01
5.700000e-01  1.767989e-01
5.730000e-01  1.763989e-01
5.760000e-01  1.760011e-01
5.790000e-01  1.756056e-01
5.820000e-01  1.752123e-01
5.850000e-01  1.748213e-01
5.880000e-01  1.744324e-01
5.910000e-01  1.740456e-01
5.940000e-01  1.736609e-01
5.970000e-01  1.732783e-01
6.000000e-01  1.728978e-01
6.030000e-01  1.725194e-01
6.060000e-01  1.721429e-01
6.090000e-01  1.717685e-01
6.120000e-01  1.713960e-01
6.150000e-01  1.710255e-01
6.180000e-01  1.706570e-01
6.210000e-01  1.702903e-01
6.240000e-01  1.699255e-01
6.270000e-01  1.695626e-01
6.300000e-01  1.692015e-01
6.330000e-01  1.688423e-01
6.360000e-01  1.684849e-01
6.390000e-01  1.681293e-01
6.420000e-01  1.677754e-01
6.450000e-01  1.674233e-01
6.480000e-01  1.670729e-01
6.510000e-01  1.667242e-01
6.540000e-01  1.663772e-01
6.570000e-01  1.660319e-01
6.600000e-01  1.656883e-01
6.630000e-01  1.653463e-01
6.660000e-01  1.650059e-01
6.690000e-01  1.646672e-01
6.720000e-01  1.643300e-01
6.750000e-01  1.639944e-01
6.780000e-01  1.636603e-01
6.810000e-01  1.633278e-01
6.840000e-01  1.629968e-01
6.870000e-01  1.626674e-01
6.900000e-01  1.623394e-01
6.930000e-01  1.620129e-01
6.960000e-01  1.616879e-01
6.990000e-01  1.613643e-01
7.020000e-01  1.610422e-01
7.050000e-01  1.607215e-01
7.080000e-01  1.604022e-01
7.110000e-01  1.600843e-01
7.140000e-01  1.597677e-01
7.170000e-01  1.594526e-01
7.200000e-01  1.591388e-01
7.230000e-01  1.588263e-01
7.260000e-01  1.585151e-01
7.290000e-01  1.582053e-01
7.320000e-01  1.578967e-01
7.350000e-01  1.575895e-01
7.380000e-01  1.572835e-01
7.410000e-01  1.569788e-01
7.440000e-01  1.566754e-01
7.470000e-01  1.563732e-01
7.500000e-01  1.560722e-01
7.530000e-01  1.557724e-01
7.560000e-01  1.554739e-01
7.590000e-01  1.551765e-01
7.620000e-01  1.548803e-01
7.650000e-01  1.545853e-01
7.680000e-01  1.542914e-01
7.710000e-01  1.539987e-01
7.740000e-01  1.537072e-01
7.770000e-01  1.534167e-01
7.800000e-01  1.531274e-01
7.830000e-01  1.528392e-01
7.860000e-01  1.525521e-01
7.890000e-01  1.522661e-01
7.920000e-01  1.519811e-01
7.950000e-01  1.516972e-01
7.980000e-01  1.514144e-01
8.010000e-01  1.511326e-01
8.040000e-01  1.508519e-01
8.070000e-01  1.505722e-01
8.100000e-01  1.502935e-01
8.130000e-01  1.500158e-01
8.160000e-01  1.497391e-01
8.190000e-01  1.494634e-01
8.220000e-01  1.491887e-01
8.250000e-01  1.489150e-01
8.280000e-01  1.486423e-01
8.310000e-01  1.483705e-01
8.340000e-01  1.480996e-01
8.370000e-01  1.478297e-01
8.400000e-01  1.475607e-01
8.430000e-01  1.472927e-01
8.460000e-01  1.470255e-01
8.490000e-01  1.467593e-01
8.520000e-01  1.464940e-01
8.550000e-01  1.462296e-01
8.580000e-01  1.459660e-01
8.610000e-01  1.457033e-01
8.640000e-01  1.454415e-01
8.670000e-01  1.451806e-01
8.700000e-01  1.449205e-01
8.730000e-01  1.446613e-01
8.760000e-01  1.444029e-01
8.790000e-01  1.441453e-01
8.820000e-01  1.438886e-01
8.850000e-01  1.436326e-01
8.880000e-01  1.433775e-01
8.910000e-01  1.431232e-01
8.940000e-01  1.428697e-01
8.970000e-01  1.426170e-01
9.000000e-01  1.423651e-01
9.030000e-01  1.421139e-01
9.060000e-01  1.418635e-01
9.090000e-01  1.416139e-01
9.120000e-01  1.413650e-01
9.150000e-01  1.411169e-01
9.180000e-01  1.408695e-01
9.210000e-01  1.406229e-01
9.240000e-01  1.403770e-01
9.270000e-01  1.401318e-01
9.300000e-01  1.398874e-01
9.330000e-01  1.396436e-01
9.360000e-01  1.394006e-01
9.390000e-01  1.391583e-01
9.420000e-01  1.389167e-01
9.450000e-01  1.386757e-01
9.480000e-01  1.384355e-01
9.510000e-01  1.381959e-01
9.540000e-01  1.379570e-01
9.570000e-01  1.377187e-01
9.600000e-01  1.374812e-01
9.630000e-01  1.372442e-01
9.660000e-01  1.370080e-01
9.690000e-01  1.367723e-01
9.720000e-01  1.365374e-01
9.750000e-01  1.363030e-01
9.780000e-01  1.360693e-01
9.810000e-01  1.358362e-01
9.840000e-01  1.356037e-01
9.870000e-01  1.353718e-01
9.900000e-01  1.351406e-01
9.930000e-01  1.349099e-01
9.960000e-01  1.346799e-01
9.990000e-01  1.344504e-01
