000000  000001
3.000000e-03  8.056520e-01
6.000000e-03  7.209463e-01
9.000000e-03  6.673450e-01
1.200000e-02  6.285839e-01
1.500000e-02  5.984756e-01
1.800000e-02  5.740100e-01
2.100000e-02  5.535000e-01
2.400000e-02  5.359079e-01
2.700000e-02  5.205515e-01
3.000000e-02  5.069588e-01
3.300000e-02  4.947908e-01
3.600000e-02  4.837957e-01
3.900000e-02  4.737818e-01
4.200000e-02  4.645998e-01
4.500000e-02  4.561315e-01
4.800000e-02  4.482816e-01
5.100000e-02  4.409723e-01
5.400000e-02  4.341391e-01
5.700000e-02  4.277283e-01
6.000000e-02  4.216946e-01
6.300000e-02  4.159993e-01
6.600000e-02  4.106093e-01
6.900000e-02  4.054959e-01
7.200000e-02  4.006344e-01
7.500000e-02  3.960029e-01
7.800000e-02  3.915823e-01
8.100000e-02  3.873557e-01
8.400000e-02  3.833081e-01
8.700000e-02  3.794262e-01
9.000000e-02  3.756979e-01
9.300000e-02  3.721125e-01
9.600000e-02  3.686603e-01
9.900000e-02  3.653325e-01
1.020000e-01  3.621212e-01
1.050000e-01  3.590192e-01
1.080000e-01  3.560198e-01
1.110000e-01  3.531169e-01
1.140000e-01  3.503052e-01
1.170000e-01  3.475793e-01
1.200000e-01  3.449348e-01
1.230000e-01  3.423672e-01
1.260000e-01  3.398725e-01
1.290000e-01  3.374471e-01
1.320000e-01  3.350875e-01
1.350000e-01  3.327904e-01
1.380000e-01  3.305531e-01
1.410000e-01  3.283725e-01
1.440000e-01  3.262463e-01
1.470000e-01  3.241718e-01
1.500000e-01  3.221470e-01
1.530000e-01  3.201695e-01
1.560000e-01  3.182375e-01
1.590000e-01  3.163491e-01
1.620000e-01  3.145024e-01
1.650000e-01  3.126959e-01
1.680000e-01  3.109279e-01
1.710000e-01  3.091970e-01
1.740000e-01  3.075018e-01
1.770000e-01  3.058409e-01
1.800000e-01  3.042131e-01
1.830000e-01  3.026171e-01
1.860000e-01  3.010519e-01
1.890000e-01  2.995164e-01
1.920000e-01  2.980096e-01
1.950000e-01  2.965305e-01
1.980000e-01  2.950781e-01
2.010000e-01  2.936516e-01
2.040000e-01  2.922502e-01
2.070000e-01  2.908730e-01
2.100000e-01  2.895194e-01
2.130000e-01  2.881885e-01
2.160000e-01  2.868796e-01
2.190000e-01  2.855922e-01
2.220000e-01  2.843255e-01
2.250000e-01  2.830790e-01
2.280000e-01  2.818520e-01
2.310000e-01  2.806441e-01
2.340000e-01  2.794546e-01
2.370000e-01  2.782831e-01
2.400000e-01  2.771290e-01
2.430000e-01  2.759919e-01
2.460000e-01  2.748714e-01
2.490000e-01  2.737669e-01
2.520000e-01  2.726782e-01
2.550000e-01  2.716046e-01
2.580000e-01  2.705460e-01
2.610000e-01  2.695018e-01
2.640000e-01  2.684717e-01
2.670000e-01  2.674555e-01
2.700000e-01  2.664526e-01
2.730000e-01  2.654629e-01
2.760000e-01  2.644860e-01
2.790000e-01  2.635215e-01
2.820000e-01  2.625693e-01
2.850000e-01  2.616290e-01
2.880000e-01  2.607003e-01
2.910000e-01  2.597830e-01
2.940000e-01  2.588768e-01
2.970000e-01  2.579814e-01
3.000000e-01  2.570967e-01
3.030000e-01  2.562224e-01
3.060000e-01  2.553583e-01
3.090000e-01  2.545041e-01
3.120000e-01  2.536597e-01
3.150000e-01  2.528248e-01
3.180000e-01  2.519992e-01
3.210000e-01  2.511828e-01
3.240000e-01  2.503753e-01
3.270000e-01  2.495766e-01
3.300000e-01  2.487865e-01
3.330000e-01  2.480048e-01
3.360000e-01  2.472314e-01
3.390000e-01  2.464660e-01
3.420000e-01  2.457086e-01
3.450000e-01  2.449590e-01
3.480000e-01  2.442171e-01
3.510000e-01  2.434826e-01
3.540000e-01  2.427555e-01
3.570000e-01  2.420355e-01
3.600000e-01  2.413227e-01
3.630000e-01  2.406168e-01
3.660000e-01  2.399178e-01
3.690000e-01  2.392254e-01
3.720000e-01  2.385396e-01
3.750000e-01  2.378603e-01
3.780000e-01  2.371873e-01
3.810000e-01  2.365206e-01
3.840000e-01  2.358600e-01
3.870000e-01  2.352054e-01
3.900000e-01  2.345568e-01
3.930000e-01  2.339140e-01
3.960000e-01  2.332769e-01
3.990000e-01  2.326454e-01
4.020000e-01  2.320195e-01
4.050000e-01  2.313990e-01
4.080000e-01  2.307838e-01
4.110000e-01  2.301740e-01
4.140000e-01  2.295693e-01
4.170000e-01  2.289697e-01
4.200000e-01  2.283751e-01
4.230000e-01  2.277855e-01
4.260000e-01  2.272007e-01
4.290000e-01  2.266208e-01
4.320000e-01  2.260455e-01
4.350000e-01  2.254749e-01
4.380000e-01  2.249088e-01
4.410000e-01  2.243473e-01
4.440000e-01  2.237901e-01
4.470000e-01  2.232374e-01
4.500000e-01  2.226890e-01
4.530000e-01  2.221448e-01
4.560000e-01  2.216047e-01
4.590000e-01  2.210688e-01
4.620000e-01  2.205369e-01
4.650000e-01  2.200091e-01
4.680000e-01  2.194852e-01
4.710000e-01  2.189651e-01
4.740000e-01  2.184489e-01
4.770000e-01  2.179365e-01
4.800000e-01  2.174278e-01
4.830000e-01  2.169228e-01
4.860000e-01  2.164213e-01
4.890000e-01  2.159235e-01
4.920000e-01  2.154292e-01
4.950000e-01  2.149384e-01
4.980000e-01  2.144509e-01
5.010000e-01  2.139669e-01
5.040000e-01  2.134862e-01
5.070000e-01  2.130088e-01
5.100000e-01  2.125347e-01
5.130000e-01  2.120638e-01
5.160000e-01  2.115960e-01
5.190000e-01  2.111314e-01
5.220000e-01  2.106698e-01
5.250000e-01  2.102113e-01
5.280000e-01  2.097558e-01
5.310000e-01  2.093033e-01
5.340000e-01  2.088537e-01
5.370000e-01  2.084070e-01
5.400000e-01  2.079632e-01
5.430000e-01  2.075222e-01
5.460000e-01  2.070839e-01
5.490000e-01  2.066485e-01
5.520000e-01  2.062157e-01
5.550000e-01  2.057857e-01
5.580000e-01  2.053583e-01
5.610000e-01  2.049335e-01
5.640000e-01  2.045113e-01
5.670000e-01  2.040917e-01
5.700000e-01  2.036747e-01
5.730000e-01  2.032601e-01
5.760000e-01  2.028480e-01
5.790000e-01  2.024383e-01
5.820000e-01  2.020311e-01
5.850000e-01  2.016263e-01
5.880000e-01  2.012238e-01
5.910000e-01  2.008236e-01
5.940000e-01  2.004258e-01
5.970000e-01  2.000302e-01
6.000000e-01  1.996369e-01
6.030000e-01  1.992459e-01
6.060000e-01  1.988570e-01
6.090000e-01  1.984704e-01
6.120000e-01  1.980858e-01
6.150000e-01  1.977035e-01
6.180000e-01  1.973232e-01
6.210000e-01  1.969450e-01
6.240000e-01  1.965689e-01
6.270000e-01  1.961948e-01
6.300000e-01  1.958228e-01
6.330000e-01  1.954528e-01
6.360000e-01  1.950847e-01
6.390000e-01  1.947186e-01
6.420000e-01  1.943545e-01
6.450000e-01  1.939922e-01
6.480000e-01  1.936319e-01
6.510000e-01  1.932734e-01
6.540000e-01  1.929168e-01
6.570000e-01  1.925621e-01
6.600000e-01  1.922091e-01
6.630000e-01  1.918580e-01
6.660000e-01  1.915086e-01
6.690000e-01  1.911610e-01
6.720000e-01  1.908152e-01
6.750000e-01  1.904711e-01
6.780000e-01  1.901287e-01
6.810000e-01  1.897880e-01
6.840000e-01  1.894490e-01
6.870000e-01  1.891116e-01
6.900000e-01  1.887759e-01
6.930000e-01  1.884419e-01
6.960000e-01  1.881094e-01
6.990000e-01  1.877785e-01
7.020000e-01  1.874493e-01
7.050000e-01  1.871216e-01
7.080000e-01  1.867954e-01
7.110000e-01  1.864708e-01
7.140000e-01  1.861477e-01
7.170000e-01  1.858262e-01
7.200000e-01  1.855061e-01
7.230000e-01  1.851875e-01
7.260000e-01  1.848704e-01
7.290000e-01  1.845547e-01
7.320000e-01  1.842405e-01
7.350000e-01  1.839277e-01
7.380000e-01  1.836163e-01
7.410000e-01  1.833063e-01
7.440000e-01  1.829977e-01
7.470000e-01  1.826905e-01
7.500000e-01  1.823846e-01
7.530000e-01  1.820801e-01
7.560000e-01  1.817770e-01
7.590000e-01  1.814751e-01
7.620000e-01  1.811746e-01
7.650000e-01  1.808754e-01
7.680000e-01  1.805775e-01
7.710000e-01  1.802808e-01
7.740000e-01  1.799854e-01
7.770000e-01  1.796913e-01
7.800000e-01  1.793985e-01
7.830000e-01  1.791068e-01
7.860000e-01  1.788164e-01
7.890000e-01  1.785273e-01
7.920000e-01  1.782393e-01
7.950000e-01  1.779525e-01
7.980000e-01  1.776669e-01
8.010000e-01  1.773825e-01
8.040000e-01  1.770992e-01
8.070000e-01  1.768171e-01
8.100000e-01  1.765361e-01
8.130000e-01  1.762563e-01
8.160000e-01  1.759776e-01
8.190000e-01  1.757000e-01
8.220000e-01  1.754235e-01
8.250000e-01  1.751481e-01
8.280000e-01  1.748738e-01
8.310000e-01  1.746006e-01
8.340000e-01  1.743285e-01
8.370000e-01  1.740574e-01
8.400000e-01  1.737874e-01
8.430000e-01  1.735184e-01
8.460000e-01  1.732505e-01
8.490000e-01  1.729835e-01
8.520000e-01  1.727176e-01
8.550000e-01  1.724528e-01
8.580000e-01  1.721889e-01
8.610000e-01  1.719260e-01
8.640000e-01  1.716641e-01
8.670000e-01  1.714032e-01
8.700000e-01  1.711432e-01
8.730000e-01  1.708842e-01
8.760000e-01  1.706262e-01
8.790000e-01  1.703692e-01
8.820000e-01  1.701130e-01
8.850000e-01  1.698578e-01
8.880000e-01  1.696035e-01
8.910000e-01  1.693502e-01
8.940000e-01  1.690977e-01
8.970000e-01  1.688462e-01
9.000000e-01  1.685956e-01
9.030000e-01  1.683459e-01
9.060000e-01  1.680970e-01
9.090000e-01  1.678490e-01
9.120000e-01  1.676019e-01
9.150000e-01  1.673557e-01
9.180000e-01  1.671103e-01
9.210000e-01  1.668658e-01
9.240000e-01  1.666221e-01
9.270000e-01  1.663793e-01
9.300000e-01  1.661372e-01
9.330000e-01  1.658961e-01
9.360000e-01  1.656557e-01
9.390000e-01  1.654162e-01
9.420000e-01  1.651774e-01
9.450000e-01  1.649395e-01
9.480000e-01  1.647024e-01
9.510000e-01  1.644660e-01
9.540000e-01  1.642305e-01
9.570000e-01  1.639957e-01
9.600000e-01  1.637617e-01
9.630000e-01  1.635285e-01
9.660000e-01  1.632960e-01
9.690000e-01  1.630643e-01
9.720000e-01  1.628333e-01
9.750000e-01  1.626031e-01
9.780000e-01  1.623736e-01
9.810000e-01  1.621449e-01
9.840000e-01  1.619169e-01
9.870000e-01  1.616896e-01
9.900000e-01  1.614630e-01
9.930000e-01  1.612372e-01
9.960000e-01  1.610121e-01
9.990000e-01  1.607876e-01
