000000  000001
3.000000e-03  6.403323e-01
6.000000e-03  5.473510e-01
9.000000e-03  4.947908e-01
1.200000e-02  4.588813e-01
1.500000e-02  4.319576e-01
1.800000e-02  4.106093e-01
2.100000e-02  3.930334e-01
2.400000e-02  3.781669e-01
2.700000e-02  3.653325e-01
3.000000e-02  3.540742e-01
3.300000e-02  3.440706e-01
3.600000e-02  3.350875e-01
3.900000e-02  3.269491e-01
4.200000e-02  3.195206e-01
4.500000e-02  3.126959e-01
4.800000e-02  3.063908e-01
5.100000e-02  3.005369e-01
5.400000e-02  2.950781e-01
5.700000e-02  2.899680e-01
6.000000e-02  2.851677e-01
6.300000e-02  2.806441e-01
6.600000e-02  2.763691e-01
6.900000e-02  2.723186e-01
7.200000e-02  2.684717e-01
7.500000e-02  2.648102e-01
7.800000e-02  2.613181e-01
8.100000e-02  2.579814e-01
8.400000e-02  2.547878e-01
8.700000e-02  2.517261e-01
9.000000e-02  2.487865e-01
9.300000e-02  2.459602e-01
9.600000e-02  2.432394e-01
9.900000e-02  2.406168e-01
1.020000e-01  2.380860e-01
1.050000e-01  2.356412e-01
1.080000e-01  2.332769e-01
1.110000e-01  2.309883e-01
1.140000e-01  2.287710e-01
1.170000e-01  2.266208e-01
1.200000e-01  2.245340e-01
1.230000e-01  2.225071e-01
1.260000e-01  2.205369e-01
1.290000e-01  2.186206e-01
1.320000e-01  2.167552e-01
1.350000e-01  2.149384e-01
1.380000e-01  2.131676e-01
1.410000e-01  2.114408e-01
1.440000e-01  2.097558e-01
1.470000e-01  2.081108e-01
1.500000e-01  2.065039e-01
1.530000e-01  2.049335e-01
1.560000e-01  2.033980e-01
1.590000e-01  2.018959e-01
1.620000e-01  2.004258e-01
1.650000e-01  1.989864e-01
1.680000e-01  1.975765e-01
1.710000e-01  1.961948e-01
1.740000e-01  1.948404e-01
1.770000e-01  1.935122e-01
1.800000e-01  1.922091e-01
1.830000e-01  1.909303e-01
1.860000e-01  1.896748e-01
1.890000e-01  1.884419e-01
1.920000e-01  1.872306e-01
1.950000e-01  1.860404e-01
1.980000e-01  1.848704e-01
2.010000e-01  1.837199e-01
2.040000e-01  1.825884e-01
2.070000e-01  1.814751e-01
2.100000e-01  1.803796e-01
2.130000e-01  1.793011e-01
2.160000e-01  1.782393e-01
2.190000e-01  1.771935e-01
2.220000e-01  1.761633e-01
2.250000e-01  1.751481e-01
2.280000e-01  1.741477e-01
2.310000e-01  1.731614e-01
2.340000e-01  1.721889e-01
2.370000e-01  1.712298e-01
2.400000e-01  1.702837e-01
2.430000e-01  1.693502e-01
2.460000e-01  1.684290e-01
2.490000e-01  1.675197e-01
2.520000e-01  1.666221e-01
2.550000e-01  1.657357e-01
2.580000e-01  1.648604e-01
2.610000e-01  1.639957e-01
2.640000e-01  1.631414e-01
2.670000e-01  1.622973e-01
2.700000e-01  1.614630e-01
2.730000e-01  1.606384e-01
2.760000e-01  1.598232e-01
2.790000e-01  1.590170e-01
2.820000e-01  1.582198e-01
2.850000e-01  1.574313e-01
2.880000e-01  1.566513e-01
2.910000e-01  1.558795e-01
2.940000e-01  1.551158e-01
2.970000e-01  1.543600e-01
3.000000e-01  1.536119e-01
3.030000e-01  1.528713e-01
3.060000e-01  1.521380e-01
3.090000e-01  1.514119e-01
3.120000e-01  1.506927e-01
3.150000e-01  1.499804e-01
3.180000e-01  1.492748e-01
3.210000e-01  1.485757e-01
3.240000e-01  1.478829e-01
3.270000e-01  1.471964e-01
3.300000e-01  1.465160e-01
3.330000e-01  1.458416e-01
3.360000e-01  1.451729e-01
3.390000e-01  1.445100e-01
3.420000e-01  1.438527e-01
3.450000e-01  1.432007e-01
3.480000e-01  1.425542e-01
3.510000e-01  1.419128e-01
3.540000e-01  1.412766e-01
3.570000e-01  1.406453e-01
3.600000e-01  1.400190e-01
3.630000e-01  1.393974e-01
3.660000e-01  1.387805e-01
3.690000e-01  1.381682e-01
3.720000e-01  1.375603e-01
3.750000e-01  1.369569e-01
3.780000e-01  1.363578e-01
3.810000e-01  1.357628e-01
3.840000e-01  1.351720e-01
3.870000e-01  1.345852e-01
3.900000e-01  1.340024e-01
3.930000e-01  1.334234e-01
3.960000e-01  1.328482e-01
3.990000e-01  1.322767e-01
4.020000e-01  1.317089e-01
4.050000e-01  1.311446e-01
4.080000e-01  1.305837e-01
4.110000e-01  1.300263e-01
4.140000e-01  1.294722e-01
4.170000e-01  1.289213e-01
4.200000e-01  1.283737e-01
4.230000e-01  1.278291e-01
4.260000e-01  1.272876e-01
4.290000e-01  1.267492e-01
4.320000e-01  1.262136e-01
4.350000e-01  1.256808e-01
4.380000e-01  1.251509e-01
4.410000e-01  1.246237e-01
4.440000e-01  1.240992e-01
4.470000e-01  1.235773e-01
4.500000e-01  1.230579e-01
4.530000e-01  1.225411e-01
4.560000e-01  1.220266e-01
4.590000e-01  1.215146e-01
4.620000e-01  1.210048e-01
4.650000e-01  1.204974e-01
4.680000e-01  1.199921e-01
4.710000e-01  1.194890e-01
4.740000e-01  1.189881e-01
4.770000e-01  1.184891e-01
4.800000e-01  1.179922e-01
4.830000e-01  1.174972e-01
4.860000e-01  1.170041e-01
4.890000e-01  1.165129e-01
4.920000e-01  1.160234e-01
4.950000e-01  1.155357e-01
4.980000e-01  1.150497e-01
5.010000e-01  1.145653e-01
5.040000e-01  1.140825e-01
5.070000e-01  1.136012e-01
5.100000e-01  1.131215e-01
5.130000e-01  1.126432e-01
5.160000e-01  1.121662e-01
5.190000e-01  1.116906e-01
5.220000e-01  1.112163e-01
5.250000e-01  1.107433e-01
5.280000e-01  1.102714e-01
5.310000e-01  1.098007e-01
5.340000e-01  1.093311e-01
5.370000e-01  1.088626e-01
5.400000e-01  1.083950e-01
5.430000e-01  1.079284e-01
5.460000e-01  1.074627e-01
5.490000e-01  1.069978e-01
5.520000e-01  1.065337e-01
5.550000e-01  1.060704e-01
5.580000e-01  1.056077e-01
5.610000e-01  1.051457e-01
5.640000e-01  1.046843e-01
5.670000e-01  1.042234e-01
5.700000e-01  1.037630e-01
5.730000e-01  1.033030e-01
5.760000e-01  1.028433e-01
5.790000e-01  1.023840e-01
5.820000e-01  1.019249e-01
5.850000e-01  1.014660e-01
5.880000e-01  1.010073e-01
5.910000e-01  000000
5.940000e-01  000000
5.970000e-01  000000
6.000000e-01  000000
6.030000e-01  000000
6.060000e-01  000000
6.090000e-01  000000
6.120000e-01  000000
6.150000e-01  000000
6.180000e-01  000000
6.210000e-01  000000
6.240000e-01  000000
6.270000e-01  000000
6.300000e-01  000000
6.330000e-01  000000
6.360000e-01  000000
6.390000e-01  000000
6.420000e-01  000000
6.450000e-01  000000
6.480000e-01  000000
6.510000e-01  000000
6.540000e-01  000000
6.570000e-01  000000
6.600000e-01  000000
6.630000e-01  000000
6.660000e-01  000000
6.690000e-01  000000
6.720000e-01  000000
6.750000e-01  000000
6.780000e-01  000000
6.810000e-01  000000
6.840000e-01  000000
6.870000e-01  000000
6.900000e-01  000000
6.930000e-01  000000
6.960000e-01  000000
6.990000e-01  000000
7.020000e-01  000000
7.050000e-01  000000
7.080000e-01  000000
7.110000e-01  000000
7.140000e-01  000000
7.170000e-01  000000
7.200000e-01  000000
7.230000e-01  000000
7.260000e-01  000000
7.290000e-01  000000
7.320000e-01  000000
7.350000e-01  000000
7.380000e-01  000000
7.410000e-01  000000
7.440000e-01  000000
7.470000e-01  000000
7.500000e-01  000000
7.530000e-01  000000
7.560000e-01  000000
7.590000e-01  000000
7.620000e-01  000000
7.650000e-01  000000
7.680000e-01  000000
7.710000e-01  000000
7.740000e-01  000000
7.770000e-01  000000
7.800000e-01  000000
7.830000e-01  000000
7.860000e-01  000000
7.890000e-01  000000
7.920000e-01  000000
7.950000e-01  000000
7.980000e-01  000000
8.010000e-01  000000
8.040000e-01  000000
8.070000e-01  000000
8.100000e-01  000000
8.130000e-01  000000
8.160000e-01  000000
8.190000e-01  000000
8.220000e-01  000000
8.250000e-01  000000
8.280000e-01  000000
8.310000e-01  000000
8.340000e-01  000000
8.370000e-01  000000
8.400000e-01  000000
8.430000e-01  000000
8.460000e-01  000000
8.490000e-01  000000
8.520000e-01  000000
8.550000e-01  000000
8.580000e-01  000000
8.610000e-01  000000
8.640000e-01  000000
8.670000e-01  000000
8.700000e-01  000000
8.730000e-01  000000
8.760000e-01  000000
8.790000e-01  000000
8.820000e-01  000000
8.850000e-01  000000
8.880000e-01  000000
8.910000e-01  000000
8.940000e-01  000000
8.970000e-01  000000
9.000000e-01  000000
9.030000e-01  000000
9.060000e-01  000000
9.090000e-01  000000
9.120000e-01  000000
9.150000e-01  000000
9.180000e-01  000000
9.210000e-01  000000
9.240000e-01  000000
9.270000e-01  000000
9.300000e-01  000000
9.330000e-01  000000
9.360000e-01  000000
9.390000e-01  000000
9.420000e-01  000000
9.450000e-01  000000
9.480000e-01  000000
9.510000e-01  000000
9.540000e-01  000000
9.570000e-01  000000
9.600000e-01  000000
9.630000e-01  000000
9.660000e-01  000000
9.690000e-01  000000
9.720000e-01  000000
9.750000e-01  000000
9.780000e-01  000000
9.810000e-01  000000
9.840000e-01  000000
9.870000e-01  000000
9.900000e-01  000000
9.930000e-01  000000
9.960000e-01  000000
9.990000e-01  000000
