000000  000001
3.000000e-03  6.111376e-01
6.000000e-03  5.190702e-01
9.000000e-03  4.676799e-01
1.200000e-02  4.327797e-01
1.500000e-02  4.067062e-01
1.800000e-02  3.860810e-01
2.100000e-02  3.691289e-01
2.400000e-02  3.548072e-01
2.700000e-02  3.424545e-01
3.000000e-02  3.316259e-01
3.300000e-02  3.220091e-01
3.600000e-02  3.133765e-01
3.900000e-02  3.055579e-01
4.200000e-02  2.984225e-01
4.500000e-02  2.918679e-01
4.800000e-02  2.858126e-01
5.100000e-02  2.801907e-01
5.400000e-02  2.749482e-01
5.700000e-02  2.700401e-01
6.000000e-02  2.654290e-01
6.300000e-02  2.610832e-01
6.600000e-02  2.569755e-01
6.900000e-02  2.530829e-01
7.200000e-02  2.493851e-01
7.500000e-02  2.458647e-01
7.800000e-02  2.425064e-01
8.100000e-02  2.392967e-01
8.400000e-02  2.362237e-01
8.700000e-02  2.332769e-01
9.000000e-02  2.304467e-01
9.300000e-02  2.277248e-01
9.600000e-02  2.251035e-01
9.900000e-02  2.225760e-01
1.020000e-01  2.201361e-01
1.050000e-01  2.177782e-01
1.080000e-01  2.154972e-01
1.110000e-01  2.132883e-01
1.140000e-01  2.111473e-01
1.170000e-01  2.090704e-01
1.200000e-01  2.070538e-01
1.230000e-01  2.050943e-01
1.260000e-01  2.031888e-01
1.290000e-01  2.013346e-01
1.320000e-01  1.995288e-01
1.350000e-01  1.977692e-01
1.380000e-01  1.960535e-01
1.410000e-01  1.943795e-01
1.440000e-01  1.927453e-01
1.470000e-01  1.911491e-01
1.500000e-01  1.895890e-01
1.530000e-01  1.880637e-01
1.560000e-01  1.865714e-01
1.590000e-01  1.851108e-01
1.620000e-01  1.836806e-01
1.650000e-01  1.822795e-01
1.680000e-01  1.809063e-01
1.710000e-01  1.795599e-01
1.740000e-01  1.782393e-01
1.770000e-01  1.769434e-01
1.800000e-01  1.756713e-01
1.830000e-01  1.744222e-01
1.860000e-01  1.731951e-01
1.890000e-01  1.719894e-01
1.920000e-01  1.708041e-01
1.950000e-01  1.696386e-01
1.980000e-01  1.684921e-01
2.010000e-01  1.673642e-01
2.040000e-01  1.662540e-01
2.070000e-01  1.651610e-01
2.100000e-01  1.640846e-01
2.130000e-01  1.630244e-01
2.160000e-01  1.619797e-01
2.190000e-01  1.609501e-01
2.220000e-01  1.599351e-01
2.250000e-01  1.589342e-01
2.280000e-01  1.579470e-01
2.310000e-01  1.569731e-01
2.340000e-01  1.560120e-01
2.370000e-01  1.550635e-01
2.400000e-01  1.541270e-01
2.430000e-01  1.532024e-01
2.460000e-01  1.522891e-01
2.490000e-01  1.513869e-01
2.520000e-01  1.504955e-01
2.550000e-01  1.496146e-01
2.580000e-01  1.487438e-01
2.610000e-01  1.478829e-01
2.640000e-01  1.470316e-01
2.670000e-01  1.461897e-01
2.700000e-01  1.453568e-01
2.730000e-01  1.445328e-01
2.760000e-01  1.437173e-01
2.790000e-01  1.429103e-01
2.820000e-01  1.421113e-01
2.850000e-01  1.413203e-01
2.880000e-01  1.405370e-01
2.910000e-01  1.397612e-01
2.940000e-01  1.389927e-01
2.970000e-01  1.382313e-01
3.000000e-01  1.374768e-01
3.030000e-01  1.367291e-01
3.060000e-01  1.359880e-01
3.090000e-01  1.352533e-01
3.120000e-01  1.345247e-01
3.150000e-01  1.338023e-01
3.180000e-01  1.330858e-01
3.210000e-01  1.323750e-01
3.240000e-01  1.316699e-01
3.270000e-01  1.309702e-01
3.300000e-01  1.302758e-01
3.330000e-01  1.295866e-01
3.360000e-01  1.289024e-01
3.390000e-01  1.282232e-01
3.420000e-01  1.275487e-01
3.450000e-01  1.268789e-01
3.480000e-01  1.262136e-01
3.510000e-01  1.255527e-01
3.540000e-01  1.248961e-01
3.570000e-01  1.242436e-01
3.600000e-01  1.235952e-01
3.630000e-01  1.229508e-01
3.660000e-01  1.223101e-01
3.690000e-01  1.216732e-01
3.720000e-01  1.210399e-01
3.750000e-01  1.204101e-01
3.780000e-01  1.197837e-01
3.810000e-01  1.191606e-01
3.840000e-01  1.185407e-01
3.870000e-01  1.179238e-01
3.900000e-01  1.173099e-01
3.930000e-01  1.166990e-01
3.960000e-01  1.160908e-01
3.990000e-01  1.154853e-01
4.020000e-01  1.148825e-01
4.050000e-01  1.142821e-01
4.080000e-01  1.136841e-01
4.110000e-01  1.130884e-01
4.140000e-01  1.124950e-01
4.170000e-01  1.119037e-01
4.200000e-01  1.113144e-01
4.230000e-01  1.107270e-01
4.260000e-01  1.101415e-01
4.290000e-01  1.095577e-01
4.320000e-01  1.089756e-01
4.350000e-01  1.083950e-01
4.380000e-01  1.078159e-01
4.410000e-01  1.072381e-01
4.440000e-01  1.066616e-01
4.470000e-01  1.060863e-01
4.500000e-01  1.055121e-01
4.530000e-01  1.049388e-01
4.560000e-01  1.043664e-01
4.590000e-01  1.037947e-01
4.620000e-01  1.032237e-01
4.650000e-01  1.026532e-01
4.680000e-01  1.020832e-01
4.710000e-01  1.015135e-01
4.740000e-01  1.009440e-01
4.770000e-01  000000
4.800000e-01  000000
4.830000e-01  000000
4.860000e-01  000000
4.890000e-01  000000
4.920000e-01  000000
4.950000e-01  000000
4.980000e-01  000000
5.010000e-01  000000
5.040000e-01  000000
5.070000e-01  000000
5.100000e-01  000000
5.130000e-01  000000
5.160000e-01  000000
5.190000e-01  000000
5.220000e-01  000000
5.250000e-01  000000
5.280000e-01  000000
5.310000e-01  000000
5.340000e-01  000000
5.370000e-01  000000
5.400000e-01  000000
5.430000e-01  000000
5.460000e-01  000000
5.490000e-01  000000
5.520000e-01  000000
5.550000e-01  000000
5.580000e-01  000000
5.610000e-01  000000
5.640000e-01  000000
5.670000e-01  000000
5.700000e-01  000000
5.730000e-01  000000
5.760000e-01  000000
5.790000e-01  000000
5.820000e-01  000000
5.850000e-01  000000
5.880000e-01  000000
5.910000e-01  000000
5.940000e-01  000000
5.970000e-01  000000
6.000000e-01  000000
6.030000e-01  000000
6.060000e-01  000000
6.090000e-01  000000
6.120000e-01  000000
6.150000e-01  000000
6.180000e-01  000000
6.210000e-01  000000
6.240000e-01  000000
6.270000e-01  000000
6.300000e-01  000000
6.330000e-01  000000
6.360000e-01  000000
6.390000e-01  000000
6.420000e-01  000000
6.450000e-01  000000
6.480000e-01  000000
6.510000e-01  000000
6.540000e-01  000000
6.570000e-01  000000
6.600000e-01  000000
6.630000e-01  000000
6.660000e-01  000000
6.690000e-01  000000
6.720000e-01  000000
6.750000e-01  000000
6.780000e-01  000000
6.810000e-01  000000
6.840000e-01  000000
6.870000e-01  000000
6.900000e-01  000000
6.930000e-01  000000
6.960000e-01  000000
6.990000e-01  000000
7.020000e-01  000000
7.050000e-01  000000
7.080000e-01  000000
7.110000e-01  000000
7.140000e-01  000000
7.170000e-01  000000
7.200000e-01  000000
7.230000e-01  000000
7.260000e-01  000000
7.290000e-01  000000
7.320000e-01  000000
7.350000e-01  000000
7.380000e-01  000000
7.410000e-01  000000
7.440000e-01  000000
7.470000e-01  000000
7.500000e-01  000000
7.530000e-01  000000
7.560000e-01  000000
7.590000e-01  000000
7.620000e-01  000000
7.650000e-01  000000
7.680000e-01  000000
7.710000e-01  000000
7.740000e-01  000000
7.770000e-01  000000
7.800000e-01  000000
7.830000e-01  000000
7.860000e-01  000000
7.890000e-01  000000
7.920000e-01  000000
7.950000e-01  000000
7.980000e-01  000000
8.010000e-01  000000
8.040000e-01  000000
8.070000e-01  000000
8.100000e-01  000000
8.130000e-01  000000
8.160000e-01  000000
8.190000e-01  000000
8.220000e-01  000000
8.250000e-01  000000
8.280000e-01  000000
8.310000e-01  000000
8.340000e-01  000000
8.370000e-01  000000
8.400000e-01  000000
8.430000e-01  000000
8.460000e-01  000000
8.490000e-01  000000
8.520000e-01  000000
8.550000e-01  000000
8.580000e-01  000000
8.610000e-01  000000
8.640000e-01  000000
8.670000e-01  000000
8.700000e-01  000000
8.730000e-01  000000
8.760000e-01  000000
8.790000e-01  000000
8.820000e-01  000000
8.850000e-01  000000
8.880000e-01  000000
8.910000e-01  000000
8.940000e-01  000000
8.970000e-01  000000
9.000000e-01  000000
9.030000e-01  000000
9.060000e-01  000000
9.090000e-01  000000
9.120000e-01  000000
9.150000e-01  000000
9.180000e-01  000000
9.210000e-01  000000
9.240000e-01  000000
9.270000e-01  000000
9.300000e-01  000000
9.330000e-01  000000
9.360000e-01  000000
9.390000e-01  000000
9.420000e-01  000000
9.450000e-01  000000
9.480000e-01  000000
9.510000e-01  000000
9.540000e-01  000000
9.570000e-01  000000
9.600000e-01  000000
9.630000e-01  000000
9.660000e-01  000000
9.690000e-01  000000
9.720000e-01  000000
9.750000e-01  000000
9.780000e-01  000000
9.810000e-01  000000
9.840000e-01  000000
9.870000e-01  000000
9.900000e-01  000000
9.930000e-01  000000
9.960000e-01  000000
9.990000e-01  000000
