000000  000001
3.000000e-03  7.719301e-01
6.000000e-03  6.830918e-01
9.000000e-03  6.285839e-01
1.200000e-02  5.897950e-01
1.500000e-02  5.599704e-01
1.800000e-02  5.359079e-01
2.100000e-02  5.158435e-01
2.400000e-02  4.987055e-01
2.700000e-02  4.837957e-01
3.000000e-02  4.706351e-01
3.300000e-02  4.588813e-01
3.600000e-02  4.482816e-01
3.900000e-02  4.386445e-01
4.200000e-02  4.298213e-01
4.500000e-02  4.216946e-01
4.800000e-02  4.141702e-01
5.100000e-02  4.071712e-01
5.400000e-02  4.006344e-01
5.700000e-02  3.945068e-01
6.000000e-02  3.887439e-01
6.300000e-02  3.833081e-01
6.600000e-02  3.781669e-01
6.900000e-02  3.732923e-01
7.200000e-02  3.686603e-01
7.500000e-02  3.642495e-01
7.800000e-02  3.600415e-01
8.100000e-02  3.560198e-01
8.400000e-02  3.521698e-01
8.700000e-02  3.484787e-01
9.000000e-02  3.449348e-01
9.300000e-02  3.415277e-01
9.600000e-02  3.382481e-01
9.900000e-02  3.350875e-01
1.020000e-01  3.320382e-01
1.050000e-01  3.290932e-01
1.080000e-01  3.262463e-01
1.110000e-01  3.234915e-01
1.140000e-01  3.208235e-01
1.170000e-01  3.182375e-01
1.200000e-01  3.157290e-01
1.230000e-01  3.132937e-01
1.260000e-01  3.109279e-01
1.290000e-01  3.086281e-01
1.320000e-01  3.063908e-01
1.350000e-01  3.042131e-01
1.380000e-01  3.020920e-01
1.410000e-01  3.000250e-01
1.440000e-01  2.980096e-01
1.470000e-01  2.960434e-01
1.500000e-01  2.941243e-01
1.530000e-01  2.922502e-01
1.560000e-01  2.904192e-01
1.590000e-01  2.886296e-01
1.620000e-01  2.868796e-01
1.650000e-01  2.851677e-01
1.680000e-01  2.834923e-01
1.710000e-01  2.818520e-01
1.740000e-01  2.802456e-01
1.770000e-01  2.786716e-01
1.800000e-01  2.771290e-01
1.830000e-01  2.756166e-01
1.860000e-01  2.741333e-01
1.890000e-01  2.726782e-01
1.920000e-01  2.712501e-01
1.950000e-01  2.698483e-01
1.980000e-01  2.684717e-01
2.010000e-01  2.671197e-01
2.040000e-01  2.657914e-01
2.070000e-01  2.644860e-01
2.100000e-01  2.632028e-01
2.130000e-01  2.619411e-01
2.160000e-01  2.607003e-01
2.190000e-01  2.594797e-01
2.220000e-01  2.582787e-01
2.250000e-01  2.570967e-01
2.280000e-01  2.559333e-01
2.310000e-01  2.547878e-01
2.340000e-01  2.536597e-01
2.370000e-01  2.525486e-01
2.400000e-01  2.514539e-01
2.430000e-01  2.503753e-01
2.460000e-01  2.493123e-01
2.490000e-01  2.482644e-01
2.520000e-01  2.472314e-01
2.550000e-01  2.462127e-01
2.580000e-01  2.452080e-01
2.610000e-01  2.442171e-01
2.640000e-01  2.432394e-01
2.670000e-01  2.422747e-01
2.700000e-01  2.413227e-01
2.730000e-01  2.403830e-01
2.760000e-01  2.394555e-01
2.790000e-01  2.385396e-01
2.820000e-01  2.376353e-01
2.850000e-01  2.367422e-01
2.880000e-01  2.358600e-01
2.910000e-01  2.349886e-01
2.940000e-01  2.341276e-01
2.970000e-01  2.332769e-01
3.000000e-01  2.324362e-01
3.030000e-01  2.316052e-01
3.060000e-01  2.307838e-01
3.090000e-01  2.299718e-01
3.120000e-01  2.291690e-01
3.150000e-01  2.283751e-01
3.180000e-01  2.275900e-01
3.210000e-01  2.268136e-01
3.240000e-01  2.260455e-01
3.270000e-01  2.252857e-01
3.300000e-01  2.245340e-01
3.330000e-01  2.237901e-01
3.360000e-01  2.230541e-01
3.390000e-01  2.223257e-01
3.420000e-01  2.216047e-01
3.450000e-01  2.208911e-01
3.480000e-01  2.201846e-01
3.510000e-01  2.194852e-01
3.540000e-01  2.187926e-01
3.570000e-01  2.181069e-01
3.600000e-01  2.174278e-01
3.630000e-01  2.167552e-01
3.660000e-01  2.160890e-01
3.690000e-01  2.154292e-01
3.720000e-01  2.147755e-01
3.750000e-01  2.141279e-01
3.780000e-01  2.134862e-01
3.810000e-01  2.128504e-01
3.840000e-01  2.122204e-01
3.870000e-01  2.115960e-01
3.900000e-01  2.109772e-01
3.930000e-01  2.103638e-01
3.960000e-01  2.097558e-01
3.990000e-01  2.091531e-01
4.020000e-01  2.085556e-01
4.050000e-01  2.079632e-01
4.080000e-01  2.073758e-01
4.110000e-01  2.067933e-01
4.140000e-01  2.062157e-01
4.170000e-01  2.056429e-01
4.200000e-01  2.050748e-01
4.230000e-01  2.045113e-01
4.260000e-01  2.039524e-01
4.290000e-01  2.033980e-01
4.320000e-01  2.028480e-01
4.350000e-01  2.023023e-01
4.380000e-01  2.017609e-01
4.410000e-01  2.012238e-01
4.440000e-01  2.006907e-01
4.470000e-01  2.001618e-01
4.500000e-01  1.996369e-01
4.530000e-01  1.991160e-01
4.560000e-01  1.985990e-01
4.590000e-01  1.980858e-01
4.620000e-01  1.975765e-01
4.650000e-01  1.970709e-01
4.680000e-01  1.965689e-01
4.710000e-01  1.960706e-01
4.740000e-01  1.955759e-01
4.770000e-01  1.950847e-01
4.800000e-01  1.945970e-01
4.830000e-01  1.941127e-01
4.860000e-01  1.936319e-01
4.890000e-01  1.931543e-01
4.920000e-01  1.926801e-01
4.950000e-01  1.922091e-01
4.980000e-01  1.917413e-01
5.010000e-01  1.912767e-01
5.040000e-01  1.908152e-01
5.070000e-01  1.903568e-01
5.100000e-01  1.899014e-01
5.130000e-01  1.894490e-01
5.160000e-01  1.889995e-01
5.190000e-01  1.885530e-01
5.220000e-01  1.881094e-01
5.250000e-01  1.876686e-01
5.280000e-01  1.872306e-01
5.310000e-01  1.867954e-01
5.340000e-01  1.863629e-01
5.370000e-01  1.859332e-01
5.400000e-01  1.855061e-01
5.430000e-01  1.850816e-01
5.460000e-01  1.846598e-01
5.490000e-01  1.842405e-01
5.520000e-01  1.838237e-01
5.550000e-01  1.834095e-01
5.580000e-01  1.829977e-01
5.610000e-01  1.825884e-01
5.640000e-01  1.821815e-01
5.670000e-01  1.817770e-01
5.700000e-01  1.813748e-01
5.730000e-01  1.809750e-01
5.760000e-01  1.805775e-01
5.790000e-01  1.801822e-01
5.820000e-01  1.797892e-01
5.850000e-01  1.793985e-01
5.880000e-01  1.790099e-01
5.910000e-01  1.786235e-01
5.940000e-01  1.782393e-01
5.970000e-01  1.778572e-01
6.000000e-01  1.774771e-01
6.030000e-01  1.770992e-01
6.060000e-01  1.767233e-01
6.090000e-01  1.763494e-01
6.120000e-01  1.759776e-01
6.150000e-01  1.756077e-01
6.180000e-01  1.752398e-01
6.210000e-01  1.748738e-01
6.240000e-01  1.745098e-01
6.270000e-01  1.741477e-01
6.300000e-01  1.737874e-01
6.330000e-01  1.734290e-01
6.360000e-01  1.730724e-01
6.390000e-01  1.727176e-01
6.420000e-01  1.723647e-01
6.450000e-01  1.720135e-01
6.480000e-01  1.716641e-01
6.510000e-01  1.713164e-01
6.540000e-01  1.709705e-01
6.570000e-01  1.706262e-01
6.600000e-01  1.702837e-01
6.630000e-01  1.699428e-01
6.660000e-01  1.696035e-01
6.690000e-01  1.692660e-01
6.720000e-01  1.689300e-01
6.750000e-01  1.685956e-01
6.780000e-01  1.682628e-01
6.810000e-01  1.679316e-01
6.840000e-01  1.676019e-01
6.870000e-01  1.672738e-01
6.900000e-01  1.669472e-01
6.930000e-01  1.666221e-01
6.960000e-01  1.662985e-01
6.990000e-01  1.659764e-01
7.020000e-01  1.656557e-01
7.050000e-01  1.653365e-01
7.080000e-01  1.650187e-01
7.110000e-01  1.647024e-01
7.140000e-01  1.643874e-01
7.170000e-01  1.640739e-01
7.200000e-01  1.637617e-01
7.230000e-01  1.634509e-01
7.260000e-01  1.631414e-01
7.290000e-01  1.628333e-01
7.320000e-01  1.625265e-01
7.350000e-01  1.622210e-01
7.380000e-01  1.619169e-01
7.410000e-01  1.616140e-01
7.440000e-01  1.613124e-01
7.470000e-01  1.610121e-01
7.500000e-01  1.607130e-01
7.530000e-01  1.604151e-01
7.560000e-01  1.601185e-01
7.590000e-01  1.598232e-01
7.620000e-01  1.595290e-01
7.650000e-01  1.592360e-01
7.680000e-01  1.589442e-01
7.710000e-01  1.586536e-01
7.740000e-01  1.583641e-01
7.770000e-01  1.580758e-01
7.800000e-01  1.577887e-01
7.830000e-01  1.575027e-01
7.860000e-01  1.572178e-01
7.890000e-01  1.569340e-01
7.920000e-01  1.566513e-01
7.950000e-01  1.563697e-01
7.980000e-01  1.560892e-01
8.010000e-01  1.558098e-01
8.040000e-01  1.555314e-01
8.070000e-01  1.552541e-01
8.100000e-01  1.549779e-01
8.130000e-01  1.547026e-01
8.160000e-01  1.544284e-01
8.190000e-01  1.541553e-01
8.220000e-01  1.538831e-01
8.250000e-01  1.536119e-01
8.280000e-01  1.533417e-01
8.310000e-01  1.530725e-01
8.340000e-01  1.528043e-01
8.370000e-01  1.525371e-01
8.400000e-01  1.522708e-01
8.430000e-01  1.520054e-01
8.460000e-01  1.517411e-01
8.490000e-01  1.514776e-01
8.520000e-01  1.512150e-01
8.550000e-01  1.509534e-01
8.580000e-01  1.506927e-01
8.610000e-01  1.504329e-01
8.640000e-01  1.501740e-01
8.670000e-01  1.499160e-01
8.700000e-01  1.496589e-01
8.730000e-01  1.494026e-01
8.760000e-01  1.491472e-01
8.790000e-01  1.488926e-01
8.820000e-01  1.486390e-01
8.850000e-01  1.483861e-01
8.880000e-01  1.481341e-01
8.910000e-01  1.478829e-01
8.940000e-01  1.476326e-01
8.970000e-01  1.473830e-01
9.000000e-01  1.471343e-01
9.030000e-01  1.468864e-01
9.060000e-01  1.466393e-01
9.090000e-01  1.463929e-01
9.120000e-01  1.461474e-01
9.150000e-01  1.459026e-01
9.180000e-01  1.456586e-01
9.210000e-01  1.454154e-01
9.240000e-01  1.451729e-01
9.270000e-01  1.449312e-01
9.300000e-01  1.446903e-01
9.330000e-01  1.444500e-01
9.360000e-01  1.442105e-01
9.390000e-01  1.439718e-01
9.420000e-01  1.437337e-01
9.450000e-01  1.434964e-01
9.480000e-01  1.432598e-01
9.510000e-01  1.430239e-01
9.540000e-01  1.427887e-01
9.570000e-01  1.425542e-01
9.600000e-01  1.423204e-01
9.630000e-01  1.420872e-01
9.660000e-01  1.418548e-01
9.690000e-01  1.416230e-01
9.720000e-01  1.413919e-01
9.750000e-01  1.411614e-01
9.780000e-01  1.409317e-01
9.810000e-01  1.407025e-01
9.840000e-01  1.404740e-01
9.870000e-01  1.402462e-01
9.900000e-01  1.400190e-01
9.930000e-01  1.397924e-01
9.960000e-01  1.395664e-01
9.990000e-01  1.393411e-01
