000000  000001
3.000000e-03  7.471251e-01
6.000000e-03  6.562083e-01
9.000000e-03  6.015024e-01
1.200000e-02  5.629576e-01
1.500000e-02  5.335051e-01
1.800000e-02  5.098460e-01
2.100000e-02  4.901817e-01
2.400000e-02  4.734277e-01
2.700000e-02  4.588813e-01
3.000000e-02  4.460627e-01
3.300000e-02  4.346302e-01
3.600000e-02  4.243323e-01
3.900000e-02  4.149790e-01
4.200000e-02  4.064232e-01
4.500000e-02  3.985487e-01
4.800000e-02  3.912627e-01
5.100000e-02  3.844895e-01
5.400000e-02  3.781669e-01
5.700000e-02  3.722428e-01
6.000000e-02  3.666738e-01
6.300000e-02  3.614227e-01
6.600000e-02  3.564579e-01
6.900000e-02  3.517521e-01
7.200000e-02  3.472816e-01
7.500000e-02  3.430257e-01
7.800000e-02  3.389663e-01
8.100000e-02  3.350875e-01
8.400000e-02  3.313750e-01
8.700000e-02  3.278162e-01
9.000000e-02  3.243998e-01
9.300000e-02  3.211158e-01
9.600000e-02  3.179551e-01
9.900000e-02  3.149093e-01
1.020000e-01  3.119711e-01
1.050000e-01  3.091336e-01
1.080000e-01  3.063908e-01
1.110000e-01  3.037369e-01
1.140000e-01  3.011669e-01
1.170000e-01  2.986758e-01
1.200000e-01  2.962595e-01
1.230000e-01  2.939139e-01
1.260000e-01  2.916352e-01
1.290000e-01  2.894200e-01
1.320000e-01  2.872652e-01
1.350000e-01  2.851677e-01
1.380000e-01  2.831248e-01
1.410000e-01  2.811339e-01
1.440000e-01  2.791927e-01
1.470000e-01  2.772989e-01
1.500000e-01  2.754504e-01
1.530000e-01  2.736452e-01
1.560000e-01  2.718815e-01
1.590000e-01  2.701576e-01
1.620000e-01  2.684717e-01
1.650000e-01  2.668225e-01
1.680000e-01  2.652084e-01
1.710000e-01  2.636281e-01
1.740000e-01  2.620802e-01
1.770000e-01  2.605637e-01
1.800000e-01  2.590772e-01
1.830000e-01  2.576197e-01
1.860000e-01  2.561902e-01
1.890000e-01  2.547878e-01
1.920000e-01  2.534113e-01
1.950000e-01  2.520600e-01
1.980000e-01  2.507331e-01
2.010000e-01  2.494296e-01
2.040000e-01  2.481489e-01
2.070000e-01  2.468902e-01
2.100000e-01  2.456529e-01
2.130000e-01  2.444361e-01
2.160000e-01  2.432394e-01
2.190000e-01  2.420621e-01
2.220000e-01  2.409036e-01
2.250000e-01  2.397633e-01
2.280000e-01  2.386408e-01
2.310000e-01  2.375355e-01
2.340000e-01  2.364469e-01
2.370000e-01  2.353746e-01
2.400000e-01  2.343180e-01
2.430000e-01  2.332769e-01
2.460000e-01  2.322507e-01
2.490000e-01  2.312390e-01
2.520000e-01  2.302415e-01
2.550000e-01  2.292578e-01
2.580000e-01  2.282875e-01
2.610000e-01  2.273303e-01
2.640000e-01  2.263858e-01
2.670000e-01  2.254538e-01
2.700000e-01  2.245340e-01
2.730000e-01  2.236259e-01
2.760000e-01  2.227294e-01
2.790000e-01  2.218442e-01
2.820000e-01  2.209700e-01
2.850000e-01  2.201065e-01
2.880000e-01  2.192536e-01
2.910000e-01  2.184108e-01
2.940000e-01  2.175781e-01
2.970000e-01  2.167552e-01
3.000000e-01  2.159419e-01
3.030000e-01  2.151379e-01
3.060000e-01  2.143431e-01
3.090000e-01  2.135572e-01
3.120000e-01  2.127801e-01
3.150000e-01  2.120116e-01
3.180000e-01  2.112515e-01
3.210000e-01  2.104996e-01
3.240000e-01  2.097558e-01
3.270000e-01  2.090199e-01
3.300000e-01  2.082917e-01
3.330000e-01  2.075710e-01
3.360000e-01  2.068578e-01
3.390000e-01  2.061519e-01
3.420000e-01  2.054530e-01
3.450000e-01  2.047612e-01
3.480000e-01  2.040762e-01
3.510000e-01  2.033980e-01
3.540000e-01  2.027264e-01
3.570000e-01  2.020612e-01
3.600000e-01  2.014023e-01
3.630000e-01  2.007498e-01
3.660000e-01  2.001033e-01
3.690000e-01  1.994629e-01
3.720000e-01  1.988283e-01
3.750000e-01  1.981995e-01
3.780000e-01  1.975765e-01
3.810000e-01  1.969590e-01
3.840000e-01  1.963470e-01
3.870000e-01  1.957404e-01
3.900000e-01  1.951391e-01
3.930000e-01  1.945430e-01
3.960000e-01  1.939521e-01
3.990000e-01  1.933662e-01
4.020000e-01  1.927852e-01
4.050000e-01  1.922091e-01
4.080000e-01  1.916378e-01
4.110000e-01  1.910712e-01
4.140000e-01  1.905092e-01
4.170000e-01  1.899518e-01
4.200000e-01  1.893989e-01
4.230000e-01  1.888504e-01
4.260000e-01  1.883062e-01
4.290000e-01  1.877663e-01
4.320000e-01  1.872306e-01
4.350000e-01  1.866991e-01
4.380000e-01  1.861716e-01
4.410000e-01  1.856482e-01
4.440000e-01  1.851286e-01
4.470000e-01  1.846130e-01
4.500000e-01  1.841012e-01
4.530000e-01  1.835933e-01
4.560000e-01  1.830890e-01
4.590000e-01  1.825884e-01
4.620000e-01  1.820914e-01
4.650000e-01  1.815979e-01
4.680000e-01  1.811080e-01
4.710000e-01  1.806215e-01
4.740000e-01  1.801385e-01
4.770000e-01  1.796587e-01
4.800000e-01  1.791823e-01
4.830000e-01  1.787092e-01
4.860000e-01  1.782393e-01
4.890000e-01  1.777725e-01
4.920000e-01  1.773089e-01
4.950000e-01  1.768484e-01
4.980000e-01  1.763909e-01
5.010000e-01  1.759364e-01
5.040000e-01  1.754849e-01
5.070000e-01  1.750363e-01
5.100000e-01  1.745905e-01
5.130000e-01  1.741477e-01
5.160000e-01  1.737076e-01
5.190000e-01  1.732703e-01
5.220000e-01  1.728357e-01
5.250000e-01  1.724038e-01
5.280000e-01  1.719746e-01
5.310000e-01  1.715480e-01
5.340000e-01  1.711240e-01
5.370000e-01  1.707026e-01
5.400000e-01  1.702837e-01
5.430000e-01  1.698673e-01
5.460000e-01  1.694533e-01
5.490000e-01  1.690418e-01
5.520000e-01  1.686327e-01
5.550000e-01  1.682259e-01
5.580000e-01  1.678215e-01
5.610000e-01  1.674194e-01
5.640000e-01  1.670196e-01
5.670000e-01  1.666221e-01
5.700000e-01  1.662268e-01
5.730000e-01  1.658337e-01
5.760000e-01  1.654427e-01
5.790000e-01  1.650540e-01
5.820000e-01  1.646673e-01
5.850000e-01  1.642827e-01
5.880000e-01  1.639002e-01
5.910000e-01  1.635198e-01
5.940000e-01  1.631414e-01
5.970000e-01  1.627650e-01
6.000000e-01  1.623906e-01
6.030000e-01  1.620181e-01
6.060000e-01  1.616476e-01
6.090000e-01  1.612790e-01
6.120000e-01  1.609122e-01
6.150000e-01  1.605474e-01
6.180000e-01  1.601843e-01
6.210000e-01  1.598232e-01
6.240000e-01  1.594638e-01
6.270000e-01  1.591062e-01
6.300000e-01  1.587503e-01
6.330000e-01  1.583962e-01
6.360000e-01  1.580439e-01
6.390000e-01  1.576932e-01
6.420000e-01  1.573443e-01
6.450000e-01  1.569969e-01
6.480000e-01  1.566513e-01
6.510000e-01  1.563073e-01
6.540000e-01  1.559649e-01
6.570000e-01  1.556241e-01
6.600000e-01  1.552849e-01
6.630000e-01  1.549472e-01
6.660000e-01  1.546111e-01
6.690000e-01  1.542765e-01
6.720000e-01  1.539435e-01
6.750000e-01  1.536119e-01
6.780000e-01  1.532818e-01
6.810000e-01  1.529532e-01
6.840000e-01  1.526261e-01
6.870000e-01  1.523003e-01
6.900000e-01  1.519760e-01
6.930000e-01  1.516531e-01
6.960000e-01  1.513316e-01
6.990000e-01  1.510115e-01
7.020000e-01  1.506927e-01
7.050000e-01  1.503753e-01
7.080000e-01  1.500592e-01
7.110000e-01  1.497445e-01
7.140000e-01  1.494310e-01
7.170000e-01  1.491189e-01
7.200000e-01  1.488080e-01
7.230000e-01  1.484984e-01
7.260000e-01  1.481900e-01
7.290000e-01  1.478829e-01
7.320000e-01  1.475771e-01
7.350000e-01  1.472724e-01
7.380000e-01  1.469690e-01
7.410000e-01  1.466667e-01
7.440000e-01  1.463656e-01
7.470000e-01  1.460657e-01
7.500000e-01  1.457670e-01
7.530000e-01  1.454694e-01
7.560000e-01  1.451729e-01
7.590000e-01  1.448776e-01
7.620000e-01  1.445834e-01
7.650000e-01  1.442903e-01
7.680000e-01  1.439983e-01
7.710000e-01  1.437073e-01
7.740000e-01  1.434175e-01
7.770000e-01  1.431287e-01
7.800000e-01  1.428409e-01
7.830000e-01  1.425542e-01
7.860000e-01  1.422685e-01
7.890000e-01  1.419838e-01
7.920000e-01  1.417002e-01
7.950000e-01  1.414175e-01
7.980000e-01  1.411359e-01
8.010000e-01  1.408552e-01
8.040000e-01  1.405755e-01
8.070000e-01  1.402967e-01
8.100000e-01  1.400190e-01
8.130000e-01  1.397421e-01
8.160000e-01  1.394662e-01
8.190000e-01  1.391912e-01
8.220000e-01  1.389172e-01
8.250000e-01  1.386440e-01
8.280000e-01  1.383718e-01
8.310000e-01  1.381004e-01
8.340000e-01  1.378299e-01
8.370000e-01  1.375603e-01
8.400000e-01  1.372916e-01
8.430000e-01  1.370237e-01
8.460000e-01  1.367567e-01
8.490000e-01  1.364905e-01
8.520000e-01  1.362252e-01
8.550000e-01  1.359607e-01
8.580000e-01  1.356970e-01
8.610000e-01  1.354341e-01
8.640000e-01  1.351720e-01
8.670000e-01  1.349107e-01
8.700000e-01  1.346502e-01
8.730000e-01  1.343905e-01
8.760000e-01  1.341316e-01
8.790000e-01  1.338734e-01
8.820000e-01  1.336160e-01
8.850000e-01  1.333593e-01
8.880000e-01  1.331034e-01
8.910000e-01  1.328482e-01
8.940000e-01  1.325938e-01
8.970000e-01  1.323401e-01
9.000000e-01  1.320871e-01
9.030000e-01  1.318348e-01
9.060000e-01  1.315832e-01
9.090000e-01  1.313323e-01
9.120000e-01  1.310821e-01
9.150000e-01  1.308326e-01
9.180000e-01  1.305837e-01
9.210000e-01  1.303356e-01
9.240000e-01  1.300881e-01
9.270000e-01  1.298412e-01
9.300000e-01  1.295950e-01
9.330000e-01  1.293495e-01
9.360000e-01  1.291046e-01
9.390000e-01  1.288603e-01
9.420000e-01  1.286167e-01
9.450000e-01  1.283737e-01
9.480000e-01  1.281313e-01
9.510000e-01  1.278895e-01
9.540000e-01  1.276483e-01
9.570000e-01  1.274077e-01
9.600000e-01  1.271677e-01
9.630000e-01  1.269283e-01
9.660000e-01  1.266895e-01
9.690000e-01  1.264512e-01
9.720000e-01  1.262136e-01
9.750000e-01  1.259765e-01
9.780000e-01  1.257399e-01
9.810000e-01  1.255039e-01
9.840000e-01  1.252684e-01
9.870000e-01  1.250335e-01
9.900000e-01  1.247991e-01
9.930000e-01  1.245653e-01
9.960000e-01  1.243320e-01
9.990000e-01  1.240992e-01
