000000  000001
3.000000e-03  6.914541e-01
6.000000e-03  5.980806e-01
9.000000e-03  5.438302e-01
1.200000e-02  5.062524e-01
1.500000e-02  4.778326e-01
1.800000e-02  4.551597e-01
2.100000e-02  4.364071e-01
2.400000e-02  4.204876e-01
2.700000e-02  4.067035e-01
3.000000e-02  3.945822e-01
3.300000e-02  3.837892e-01
3.600000e-02  3.740797e-01
3.900000e-02  3.652693e-01
4.200000e-02  3.572161e-01
4.500000e-02  3.498084e-01
4.800000e-02  3.429570e-01
5.100000e-02  3.365894e-01
5.400000e-02  3.306462e-01
5.700000e-02  3.250781e-01
6.000000e-02  3.198434e-01
6.300000e-02  3.149070e-01
6.600000e-02  3.102389e-01
6.900000e-02  3.058133e-01
7.200000e-02  3.016078e-01
7.500000e-02  2.976028e-01
7.800000e-02  2.937813e-01
8.100000e-02  2.901283e-01
8.400000e-02  2.866303e-01
8.700000e-02  2.832755e-01
9.000000e-02  2.800534e-01
9.300000e-02  2.769544e-01
9.600000e-02  2.739700e-01
9.900000e-02  2.710924e-01
1.020000e-01  2.683148e-01
1.050000e-01  2.656308e-01
1.080000e-01  2.630345e-01
1.110000e-01  2.605207e-01
1.140000e-01  2.580847e-01
1.170000e-01  2.557219e-01
1.200000e-01  2.534282e-01
1.230000e-01  2.512000e-01
1.260000e-01  2.490338e-01
1.290000e-01  2.469263e-01
1.320000e-01  2.448747e-01
1.350000e-01  2.428760e-01
1.380000e-01  2.409277e-01
1.410000e-01  2.390276e-01
1.440000e-01  2.371732e-01
1.470000e-01  2.353626e-01
1.500000e-01  2.335938e-01
1.530000e-01  2.318649e-01
1.560000e-01  2.301743e-01
1.590000e-01  2.285203e-01
1.620000e-01  2.269014e-01
1.650000e-01  2.253162e-01
1.680000e-01  2.237634e-01
1.710000e-01  2.222416e-01
1.740000e-01  2.207496e-01
1.770000e-01  2.192864e-01
1.800000e-01  2.178509e-01
1.830000e-01  2.164420e-01
1.860000e-01  2.150587e-01
1.890000e-01  2.137003e-01
1.920000e-01  2.123657e-01
1.950000e-01  2.110542e-01
1.980000e-01  2.097650e-01
2.010000e-01  2.084973e-01
2.040000e-01  2.072504e-01
2.070000e-01  2.060236e-01
2.100000e-01  2.048164e-01
2.130000e-01  2.036280e-01
2.160000e-01  2.024579e-01
2.190000e-01  2.013054e-01
2.220000e-01  2.001702e-01
2.250000e-01  1.990516e-01
2.280000e-01  1.979492e-01
2.310000e-01  1.968624e-01
2.340000e-01  1.957908e-01
2.370000e-01  1.947340e-01
2.400000e-01  1.936916e-01
2.430000e-01  1.926631e-01
2.460000e-01  1.916482e-01
2.490000e-01  1.906465e-01
2.520000e-01  1.896577e-01
2.550000e-01  1.886813e-01
2.580000e-01  1.877170e-01
2.610000e-01  1.867646e-01
2.640000e-01  1.858237e-01
2.670000e-01  1.848941e-01
2.700000e-01  1.839754e-01
2.730000e-01  1.830673e-01
2.760000e-01  1.821696e-01
2.790000e-01  1.812821e-01
2.820000e-01  1.804044e-01
2.850000e-01  1.795364e-01
2.880000e-01  1.786778e-01
2.910000e-01  1.778284e-01
2.940000e-01  1.769879e-01
2.970000e-01  1.761562e-01
3.000000e-01  1.753330e-01
3.030000e-01  1.745182e-01
3.060000e-01  1.737115e-01
3.090000e-01  1.729128e-01
3.120000e-01  1.721219e-01
3.150000e-01  1.713385e-01
3.180000e-01  1.705626e-01
3.210000e-01  1.697940e-01
3.240000e-01  1.690325e-01
3.270000e-01  1.682779e-01
3.300000e-01  1.675302e-01
3.330000e-01  1.667891e-01
3.360000e-01  1.660545e-01
3.390000e-01  1.653262e-01
3.420000e-01  1.646042e-01
3.450000e-01  1.638883e-01
3.480000e-01  1.631784e-01
3.510000e-01  1.624743e-01
3.540000e-01  1.617759e-01
3.570000e-01  1.610832e-01
3.600000e-01  1.603959e-01
3.630000e-01  1.597140e-01
3.660000e-01  1.590374e-01
3.690000e-01  1.583659e-01
3.720000e-01  1.576994e-01
3.750000e-01  1.570379e-01
3.780000e-01  1.563813e-01
3.810000e-01  1.557294e-01
3.840000e-01  1.550822e-01
3.870000e-01  1.544395e-01
3.900000e-01  1.538013e-01
3.930000e-01  1.531674e-01
3.960000e-01  1.525379e-01
3.990000e-01  1.519125e-01
4.020000e-01  1.512913e-01
4.050000e-01  1.506741e-01
4.080000e-01  1.500609e-01
4.110000e-01  1.494515e-01
4.140000e-01  1.488459e-01
4.170000e-01  1.482441e-01
4.200000e-01  1.476459e-01
4.230000e-01  1.470513e-01
4.260000e-01  1.464602e-01
4.290000e-01  1.458726e-01
4.320000e-01  1.452882e-01
4.350000e-01  1.447072e-01
4.380000e-01  1.441295e-01
4.410000e-01  1.435549e-01
4.440000e-01  1.429834e-01
4.470000e-01  1.424149e-01
4.500000e-01  1.418494e-01
4.530000e-01  1.412869e-01
4.560000e-01  1.407272e-01
4.590000e-01  1.401703e-01
4.620000e-01  1.396161e-01
4.650000e-01  1.390646e-01
4.680000e-01  1.385157e-01
4.710000e-01  1.379694e-01
4.740000e-01  1.374256e-01
4.770000e-01  1.368843e-01
4.800000e-01  1.363453e-01
4.830000e-01  1.358087e-01
4.860000e-01  1.352745e-01
4.890000e-01  1.347424e-01
4.920000e-01  1.342126e-01
4.950000e-01  1.336849e-01
4.980000e-01  1.331593e-01
5.010000e-01  1.326357e-01
5.040000e-01  1.321141e-01
5.070000e-01  1.315945e-01
5.100000e-01  1.310767e-01
5.130000e-01  1.305609e-01
5.160000e-01  1.300468e-01
5.190000e-01  1.295344e-01
5.220000e-01  1.290238e-01
5.250000e-01  1.285148e-01
5.280000e-01  1.280074e-01
5.310000e-01  1.275016e-01
5.340000e-01  1.269973e-01
5.370000e-01  1.264945e-01
5.400000e-01  1.259931e-01
5.430000e-01  1.254931e-01
5.460000e-01  1.249944e-01
5.490000e-01  1.244970e-01
5.520000e-01  1.240008e-01
5.550000e-01  1.235058e-01
5.580000e-01  1.230120e-01
5.610000e-01  1.225193e-01
5.640000e-01  1.220276e-01
5.670000e-01  1.215370e-01
5.700000e-01  1.210473e-01
5.730000e-01  1.205585e-01
5.760000e-01  1.200705e-01
5.790000e-01  1.195834e-01
5.820000e-01  1.190971e-01
5.850000e-01  1.186115e-01
5.880000e-01  1.181266e-01
5.910000e-01  1.176423e-01
5.940000e-01  1.171585e-01
5.970000e-01  1.166753e-01
6.000000e-01  1.161926e-01
6.030000e-01  1.157103e-01
6.060000e-01  1.152284e-01
6.090000e-01  1.147467e-01
6.120000e-01  1.142654e-01
6.150000e-01  1.137842e-01
6.180000e-01  1.133032e-01
6.210000e-01  1.128224e-01
6.240000e-01  000000
6.270000e-01  000000
6.300000e-01  000000
6.330000e-01  000000
6.360000e-01  000000
6.390000e-01  000000
6.420000e-01  000000
6.450000e-01  000000
6.480000e-01  000000
6.510000e-01  000000
6.540000e-01  000000
6.570000e-01  000000
6.600000e-01  000000
6.630000e-01  000000
6.660000e-01  000000
6.690000e-01  000000
6.720000e-01  000000
6.750000e-01  000000
6.780000e-01  000000
6.810000e-01  000000
6.840000e-01  000000
6.870000e-01  000000
6.900000e-01  000000
6.930000e-01  000000
6.960000e-01  000000
6.990000e-01  000000
7.020000e-01  000000
7.050000e-01  000000
7.080000e-01  000000
7.110000e-01  000000
7.140000e-01  000000
7.170000e-01  000000
7.200000e-01  000000
7.230000e-01  000000
7.260000e-01  000000
7.290000e-01  000000
7.320000e-01  000000
7.350000e-01  000000
7.380000e-01  000000
7.410000e-01  000000
7.440000e-01  000000
7.470000e-01  000000
7.500000e-01  000000
7.530000e-01  000000
7.560000e-01  000000
7.590000e-01  000000
7.620000e-01  000000
7.650000e-01  000000
7.680000e-01  000000
7.710000e-01  000000
7.740000e-01  000000
7.770000e-01  000000
7.800000e-01  000000
7.830000e-01  000000
7.860000e-01  000000
7.890000e-01  000000
7.920000e-01  000000
7.950000e-01  000000
7.980000e-01  000000
8.010000e-01  000000
8.040000e-01  000000
8.070000e-01  000000
8.100000e-01  000000
8.130000e-01  000000
8.160000e-01  000000
8.190000e-01  000000
8.220000e-01  000000
8.250000e-01  000000
8.280000e-01  000000
8.310000e-01  000000
8.340000e-01  000000
8.370000e-01  000000
8.400000e-01  000000
8.430000e-01  000000
8.460000e-01  000000
8.490000e-01  000000
8.520000e-01  000000
8.550000e-01  000000
8.580000e-01  000000
8.610000e-01  000000
8.640000e-01  000000
8.670000e-01  000000
8.700000e-01  000000
8.730000e-01  000000
8.760000e-01  000000
8.790000e-01  000000
8.820000e-01  000000
8.850000e-01  000000
8.880000e-01  000000
8.910000e-01  000000
8.940000e-01  000000
8.970000e-01  000000
9.000000e-01  000000
9.030000e-01  000000
9.060000e-01  000000
9.090000e-01  000000
9.120000e-01  000000
9.150000e-01  000000
9.180000e-01  000000
9.210000e-01  000000
9.240000e-01  000000
9.270000e-01  000000
9.300000e-01  000000
9.330000e-01  000000
9.360000e-01  000000
9.390000e-01  000000
9.420000e-01  000000
9.450000e-01  000000
9.480000e-01  000000
9.510000e-01  000000
9.540000e-01  000000
9.570000e-01  000000
9.600000e-01  000000
9.630000e-01  000000
9.660000e-01  000000
9.690000e-01  000000
9.720000e-01  000000
9.750000e-01  000000
9.780000e-01  000000
9.810000e-01  000000
9.840000e-01  000000
9.870000e-01  000000
9.900000e-01  000000
9.930000e-01  000000
9.960000e-01  000000
9.990000e-01  000000
