000000  000001
3.000000e-03  7.379462e-01
6.000000e-03  6.463188e-01
9.000000e-03  5.914994e-01
1.200000e-02  5.529735e-01
1.500000e-02  5.235758e-01
1.800000e-02  4.999795e-01
2.100000e-02  4.803763e-01
2.400000e-02  4.636782e-01
2.700000e-02  4.491818e-01
3.000000e-02  4.364071e-01
3.300000e-02  4.250129e-01
3.600000e-02  4.147480e-01
3.900000e-02  4.054229e-01
4.200000e-02  3.968910e-01
4.500000e-02  3.890366e-01
4.800000e-02  3.817672e-01
5.100000e-02  3.750075e-01
5.400000e-02  3.686954e-01
5.700000e-02  3.627795e-01
6.000000e-02  3.572161e-01
6.300000e-02  3.519686e-01
6.600000e-02  3.470054e-01
6.900000e-02  3.422995e-01
7.200000e-02  3.378272e-01
7.500000e-02  3.335681e-01
7.800000e-02  3.295040e-01
8.100000e-02  3.256192e-01
8.400000e-02  3.218996e-01
8.700000e-02  3.183326e-01
9.000000e-02  3.149070e-01
9.300000e-02  3.116128e-01
9.600000e-02  3.084409e-01
9.900000e-02  3.053832e-01
1.020000e-01  3.024322e-01
1.050000e-01  2.995813e-01
1.080000e-01  2.968243e-01
1.110000e-01  2.941557e-01
1.140000e-01  2.915702e-01
1.170000e-01  2.890632e-01
1.200000e-01  2.866303e-01
1.230000e-01  2.842676e-01
1.260000e-01  2.819713e-01
1.290000e-01  2.797381e-01
1.320000e-01  2.775648e-01
1.350000e-01  2.754484e-01
1.380000e-01  2.733861e-01
1.410000e-01  2.713756e-01
1.440000e-01  2.694143e-01
1.470000e-01  2.675000e-01
1.500000e-01  2.656308e-01
1.530000e-01  2.638045e-01
1.560000e-01  2.620194e-01
1.590000e-01  2.602737e-01
1.620000e-01  2.585659e-01
1.650000e-01  2.568944e-01
1.680000e-01  2.552577e-01
1.710000e-01  2.536546e-01
1.740000e-01  2.520837e-01
1.770000e-01  2.505438e-01
1.800000e-01  2.490338e-01
1.830000e-01  2.475526e-01
1.860000e-01  2.460991e-01
1.890000e-01  2.446724e-01
1.920000e-01  2.432716e-01
1.950000e-01  2.418957e-01
1.980000e-01  2.405439e-01
2.010000e-01  2.392155e-01
2.040000e-01  2.379096e-01
2.070000e-01  2.366256e-01
2.100000e-01  2.353626e-01
2.130000e-01  2.341202e-01
2.160000e-01  2.328976e-01
2.190000e-01  2.316942e-01
2.220000e-01  2.305095e-01
2.250000e-01  2.293428e-01
2.280000e-01  2.281938e-01
2.310000e-01  2.270618e-01
2.340000e-01  2.259464e-01
2.370000e-01  2.248470e-01
2.400000e-01  2.237634e-01
2.430000e-01  2.226949e-01
2.460000e-01  2.216413e-01
2.490000e-01  2.206020e-01
2.520000e-01  2.195768e-01
2.550000e-01  2.185653e-01
2.580000e-01  2.175670e-01
2.610000e-01  2.165817e-01
2.640000e-01  2.156090e-01
2.670000e-01  2.146486e-01
2.700000e-01  2.137003e-01
2.730000e-01  2.127636e-01
2.760000e-01  2.118384e-01
2.790000e-01  2.109243e-01
2.820000e-01  2.100211e-01
2.850000e-01  2.091285e-01
2.880000e-01  2.082463e-01
2.910000e-01  2.073742e-01
2.940000e-01  2.065120e-01
2.970000e-01  2.056594e-01
3.000000e-01  2.048164e-01
3.030000e-01  2.039826e-01
3.060000e-01  2.031578e-01
3.090000e-01  2.023418e-01
3.120000e-01  2.015345e-01
3.150000e-01  2.007357e-01
3.180000e-01  1.999452e-01
3.210000e-01  1.991627e-01
3.240000e-01  1.983882e-01
3.270000e-01  1.976215e-01
3.300000e-01  1.968624e-01
3.330000e-01  1.961107e-01
3.360000e-01  1.953664e-01
3.390000e-01  1.946292e-01
3.420000e-01  1.938990e-01
3.450000e-01  1.931757e-01
3.480000e-01  1.924591e-01
3.510000e-01  1.917491e-01
3.540000e-01  1.910457e-01
3.570000e-01  1.903485e-01
3.600000e-01  1.896577e-01
3.630000e-01  1.889729e-01
3.660000e-01  1.882941e-01
3.690000e-01  1.876213e-01
3.720000e-01  1.869542e-01
3.750000e-01  1.862927e-01
3.780000e-01  1.856369e-01
3.810000e-01  1.849865e-01
3.840000e-01  1.843416e-01
3.870000e-01  1.837018e-01
3.900000e-01  1.830673e-01
3.930000e-01  1.824379e-01
3.960000e-01  1.818134e-01
3.990000e-01  1.811939e-01
4.020000e-01  1.805792e-01
4.050000e-01  1.799692e-01
4.080000e-01  1.793640e-01
4.110000e-01  1.787633e-01
4.140000e-01  1.781671e-01
4.170000e-01  1.775753e-01
4.200000e-01  1.769879e-01
4.230000e-01  1.764048e-01
4.260000e-01  1.758259e-01
4.290000e-01  1.752512e-01
4.320000e-01  1.746805e-01
4.350000e-01  1.741138e-01
4.380000e-01  1.735511e-01
4.410000e-01  1.729923e-01
4.440000e-01  1.724373e-01
4.470000e-01  1.718861e-01
4.500000e-01  1.713385e-01
4.530000e-01  1.707946e-01
4.560000e-01  1.702543e-01
4.590000e-01  1.697175e-01
4.620000e-01  1.691842e-01
4.650000e-01  1.686544e-01
4.680000e-01  1.681278e-01
4.710000e-01  1.676046e-01
4.740000e-01  1.670847e-01
4.770000e-01  1.665680e-01
4.800000e-01  1.660545e-01
4.830000e-01  1.655440e-01
4.860000e-01  1.650367e-01
4.890000e-01  1.645324e-01
4.920000e-01  1.640310e-01
4.950000e-01  1.635326e-01
4.980000e-01  1.630371e-01
5.010000e-01  1.625445e-01
5.040000e-01  1.620546e-01
5.070000e-01  1.615675e-01
5.100000e-01  1.610832e-01
5.130000e-01  1.606015e-01
5.160000e-01  1.601225e-01
5.190000e-01  1.596461e-01
5.220000e-01  1.591723e-01
5.250000e-01  1.587010e-01
5.280000e-01  1.582322e-01
5.310000e-01  1.577659e-01
5.340000e-01  1.573019e-01
5.370000e-01  1.568405e-01
5.400000e-01  1.563813e-01
5.430000e-01  1.559245e-01
5.460000e-01  1.554700e-01
5.490000e-01  1.550177e-01
5.520000e-01  1.545677e-01
5.550000e-01  1.541198e-01
5.580000e-01  1.536741e-01
5.610000e-01  1.532306e-01
5.640000e-01  1.527892e-01
5.670000e-01  1.523498e-01
5.700000e-01  1.519125e-01
5.730000e-01  1.514772e-01
5.760000e-01  1.510439e-01
5.790000e-01  1.506126e-01
5.820000e-01  1.501832e-01
5.850000e-01  1.497557e-01
5.880000e-01  1.493301e-01
5.910000e-01  1.489063e-01
5.940000e-01  1.484844e-01
5.970000e-01  1.480643e-01
6.000000e-01  1.476459e-01
6.030000e-01  1.472293e-01
6.060000e-01  1.468145e-01
6.090000e-01  1.464013e-01
6.120000e-01  1.459898e-01
6.150000e-01  1.455800e-01
6.180000e-01  1.451718e-01
6.210000e-01  1.447652e-01
6.240000e-01  1.443602e-01
6.270000e-01  1.439568e-01
6.300000e-01  1.435549e-01
6.330000e-01  1.431545e-01
6.360000e-01  1.427556e-01
6.390000e-01  1.423582e-01
6.420000e-01  1.419623e-01
6.450000e-01  1.415678e-01
6.480000e-01  1.411747e-01
6.510000e-01  1.407830e-01
6.540000e-01  1.403927e-01
6.570000e-01  1.400037e-01
6.600000e-01  1.396161e-01
6.630000e-01  1.392298e-01
6.660000e-01  1.388447e-01
6.690000e-01  1.384610e-01
6.720000e-01  1.380785e-01
6.750000e-01  1.376972e-01
6.780000e-01  1.373171e-01
6.810000e-01  1.369383e-01
6.840000e-01  1.365606e-01
6.870000e-01  1.361841e-01
6.900000e-01  1.358087e-01
6.930000e-01  1.354345e-01
6.960000e-01  1.350614e-01
6.990000e-01  1.346893e-01
7.020000e-01  1.343184e-01
7.050000e-01  1.339485e-01
7.080000e-01  1.335796e-01
7.110000e-01  1.332117e-01
7.140000e-01  1.328449e-01
7.170000e-01  1.324790e-01
7.200000e-01  1.321141e-01
7.230000e-01  1.317502e-01
7.260000e-01  1.313872e-01
7.290000e-01  1.310251e-01
7.320000e-01  1.306639e-01
7.350000e-01  1.303036e-01
7.380000e-01  1.299442e-01
7.410000e-01  1.295856e-01
7.440000e-01  1.292278e-01
7.470000e-01  1.288709e-01
7.500000e-01  1.285148e-01
7.530000e-01  1.281595e-01
7.560000e-01  1.278049e-01
7.590000e-01  1.274511e-01
7.620000e-01  1.270981e-01
7.650000e-01  1.267457e-01
7.680000e-01  1.263941e-01
7.710000e-01  1.260432e-01
7.740000e-01  1.256929e-01
7.770000e-01  1.253433e-01
7.800000e-01  1.249944e-01
7.830000e-01  1.246461e-01
7.860000e-01  1.242984e-01
7.890000e-01  1.239513e-01
7.920000e-01  1.236047e-01
7.950000e-01  1.232588e-01
7.980000e-01  1.229134e-01
8.010000e-01  1.225685e-01
8.040000e-01  1.222242e-01
8.070000e-01  1.218803e-01
8.100000e-01  1.215370e-01
8.130000e-01  1.211941e-01
8.160000e-01  1.208516e-01
8.190000e-01  1.205096e-01
8.220000e-01  1.201681e-01
8.250000e-01  1.198269e-01
8.280000e-01  1.194861e-01
8.310000e-01  1.191457e-01
8.340000e-01  1.188057e-01
8.370000e-01  1.184660e-01
8.400000e-01  1.181266e-01
8.430000e-01  1.177875e-01
8.460000e-01  1.174487e-01
8.490000e-01  1.171102e-01
8.520000e-01  1.167719e-01
8.550000e-01  1.164339e-01
8.580000e-01  1.160961e-01
8.610000e-01  1.157585e-01
8.640000e-01  1.154211e-01
8.670000e-01  1.150838e-01
8.700000e-01  1.147467e-01
8.730000e-01  1.144098e-01
8.760000e-01  1.140729e-01
8.790000e-01  1.137361e-01
8.820000e-01  1.133994e-01
8.850000e-01  1.130628e-01
8.880000e-01  1.127262e-01
8.910000e-01  000000
8.940000e-01  000000
8.970000e-01  000000
9.000000e-01  000000
9.030000e-01  000000
9.060000e-01  000000
9.090000e-01  000000
9.120000e-01  000000
9.150000e-01  000000
9.180000e-01  000000
9.210000e-01  000000
9.240000e-01  000000
9.270000e-01  000000
9.300000e-01  000000
9.330000e-01  000000
9.360000e-01  000000
9.390000e-01  000000
9.420000e-01  000000
9.450000e-01  000000
9.480000e-01  000000
9.510000e-01  000000
9.540000e-01  000000
9.570000e-01  000000
9.600000e-01  000000
9.630000e-01  000000
9.660000e-01  000000
9.690000e-01  000000
9.720000e-01  000000
9.750000e-01  000000
9.780000e-01  000000
9.810000e-01  000000
9.840000e-01  000000
9.870000e-01  000000
9.900000e-01  000000
9.930000e-01  000000
9.960000e-01  000000
9.990000e-01  000000
