000000  000001
3.000000e-03  8.463435e-01
6.000000e-03  7.690715e-01
9.000000e-03  7.178486e-01
1.200000e-02  6.798637e-01
1.500000e-02  6.498730e-01
1.800000e-02  6.252171e-01
2.100000e-02  6.043637e-01
2.400000e-02  5.863512e-01
2.700000e-02  5.705373e-01
3.000000e-02  5.564725e-01
3.300000e-02  5.438302e-01
3.600000e-02  5.323660e-01
3.900000e-02  5.218923e-01
4.200000e-02  5.122624e-01
4.500000e-02  5.033592e-01
4.800000e-02  4.950877e-01
5.100000e-02  4.873704e-01
5.400000e-02  4.801426e-01
5.700000e-02  4.733503e-01
6.000000e-02  4.669475e-01
6.300000e-02  4.608952e-01
6.600000e-02  4.551597e-01
6.900000e-02  4.497118e-01
7.200000e-02  4.445262e-01
7.500000e-02  4.395806e-01
7.800000e-02  4.348555e-01
8.100000e-02  4.303333e-01
8.400000e-02  4.259988e-01
8.700000e-02  4.218380e-01
9.000000e-02  4.178387e-01
9.300000e-02  4.139898e-01
9.600000e-02  4.102810e-01
9.900000e-02  4.067035e-01
1.020000e-01  4.032489e-01
1.050000e-01  3.999096e-01
1.080000e-01  3.966789e-01
1.110000e-01  3.935503e-01
1.140000e-01  3.905182e-01
1.170000e-01  3.875772e-01
1.200000e-01  3.847224e-01
1.230000e-01  3.819493e-01
1.260000e-01  3.792537e-01
1.290000e-01  3.766317e-01
1.320000e-01  3.740797e-01
1.350000e-01  3.715943e-01
1.380000e-01  3.691725e-01
1.410000e-01  3.668112e-01
1.440000e-01  3.645078e-01
1.470000e-01  3.622597e-01
1.500000e-01  3.600646e-01
1.530000e-01  3.579201e-01
1.560000e-01  3.558241e-01
1.590000e-01  3.537748e-01
1.620000e-01  3.517701e-01
1.650000e-01  3.498084e-01
1.680000e-01  3.478880e-01
1.710000e-01  3.460072e-01
1.740000e-01  3.441648e-01
1.770000e-01  3.423591e-01
1.800000e-01  3.405889e-01
1.830000e-01  3.388529e-01
1.860000e-01  3.371499e-01
1.890000e-01  3.354788e-01
1.920000e-01  3.338385e-01
1.950000e-01  3.322280e-01
1.980000e-01  3.306462e-01
2.010000e-01  3.290923e-01
2.040000e-01  3.275654e-01
2.070000e-01  3.260645e-01
2.100000e-01  3.245890e-01
2.130000e-01  3.231379e-01
2.160000e-01  3.217106e-01
2.190000e-01  3.203064e-01
2.220000e-01  3.189246e-01
2.250000e-01  3.175645e-01
2.280000e-01  3.162255e-01
2.310000e-01  3.149070e-01
2.340000e-01  3.136084e-01
2.370000e-01  3.123292e-01
2.400000e-01  3.110689e-01
2.430000e-01  3.098269e-01
2.460000e-01  3.086028e-01
2.490000e-01  3.073960e-01
2.520000e-01  3.062062e-01
2.550000e-01  3.050329e-01
2.580000e-01  3.038756e-01
2.610000e-01  3.027341e-01
2.640000e-01  3.016078e-01
2.670000e-01  3.004964e-01
2.700000e-01  2.993995e-01
2.730000e-01  2.983169e-01
2.760000e-01  2.972481e-01
2.790000e-01  2.961928e-01
2.820000e-01  2.951507e-01
2.850000e-01  2.941216e-01
2.880000e-01  2.931050e-01
2.910000e-01  2.921008e-01
2.940000e-01  2.911086e-01
2.970000e-01  2.901283e-01
3.000000e-01  2.891594e-01
3.030000e-01  2.882018e-01
3.060000e-01  2.872553e-01
3.090000e-01  2.863196e-01
3.120000e-01  2.853944e-01
3.150000e-01  2.844796e-01
3.180000e-01  2.835749e-01
3.210000e-01  2.826801e-01
3.240000e-01  2.817951e-01
3.270000e-01  2.809196e-01
3.300000e-01  2.800534e-01
3.330000e-01  2.791964e-01
3.360000e-01  2.783483e-01
3.390000e-01  2.775091e-01
3.420000e-01  2.766785e-01
3.450000e-01  2.758563e-01
3.480000e-01  2.750425e-01
3.510000e-01  2.742368e-01
3.540000e-01  2.734391e-01
3.570000e-01  2.726492e-01
3.600000e-01  2.718670e-01
3.630000e-01  2.710924e-01
3.660000e-01  2.703253e-01
3.690000e-01  2.695654e-01
3.720000e-01  2.688127e-01
3.750000e-01  2.680670e-01
3.780000e-01  2.673283e-01
3.810000e-01  2.665963e-01
3.840000e-01  2.658711e-01
3.870000e-01  2.651524e-01
3.900000e-01  2.644401e-01
3.930000e-01  2.637342e-01
3.960000e-01  2.630345e-01
3.990000e-01  2.623410e-01
4.020000e-01  2.616535e-01
4.050000e-01  2.609719e-01
4.080000e-01  2.602961e-01
4.110000e-01  2.596262e-01
4.140000e-01  2.589618e-01
4.170000e-01  2.583030e-01
4.200000e-01  2.576498e-01
4.230000e-01  2.570018e-01
4.260000e-01  2.563592e-01
4.290000e-01  2.557219e-01
4.320000e-01  2.550896e-01
4.350000e-01  2.544625e-01
4.380000e-01  2.538403e-01
4.410000e-01  2.532230e-01
4.440000e-01  2.526106e-01
4.470000e-01  2.520029e-01
4.500000e-01  2.514000e-01
4.530000e-01  2.508017e-01
4.560000e-01  2.502079e-01
4.590000e-01  2.496187e-01
4.620000e-01  2.490338e-01
4.650000e-01  2.484534e-01
4.680000e-01  2.478772e-01
4.710000e-01  2.473053e-01
4.740000e-01  2.467376e-01
4.770000e-01  2.461740e-01
4.800000e-01  2.456144e-01
4.830000e-01  2.450589e-01
4.860000e-01  2.445074e-01
4.890000e-01  2.439598e-01
4.920000e-01  2.434160e-01
4.950000e-01  2.428760e-01
4.980000e-01  2.423397e-01
5.010000e-01  2.418072e-01
5.040000e-01  2.412783e-01
5.070000e-01  2.407531e-01
5.100000e-01  2.402313e-01
5.130000e-01  2.397131e-01
5.160000e-01  2.391984e-01
5.190000e-01  2.386871e-01
5.220000e-01  2.381791e-01
5.250000e-01  2.376745e-01
5.280000e-01  2.371732e-01
5.310000e-01  2.366752e-01
5.340000e-01  2.361803e-01
5.370000e-01  2.356887e-01
5.400000e-01  2.352001e-01
5.430000e-01  2.347147e-01
5.460000e-01  2.342323e-01
5.490000e-01  2.337529e-01
5.520000e-01  2.332765e-01
5.550000e-01  2.328031e-01
5.580000e-01  2.323326e-01
5.610000e-01  2.318649e-01
5.640000e-01  2.314001e-01
5.670000e-01  2.309381e-01
5.700000e-01  2.304789e-01
5.730000e-01  2.300225e-01
5.760000e-01  2.295687e-01
5.790000e-01  2.291176e-01
5.820000e-01  2.286692e-01
5.850000e-01  2.282234e-01
5.880000e-01  2.277802e-01
5.910000e-01  2.273395e-01
5.940000e-01  2.269014e-01
5.970000e-01  2.264658e-01
6.000000e-01  2.260327e-01
6.030000e-01  2.256020e-01
6.060000e-01  2.251737e-01
6.090000e-01  2.247479e-01
6.120000e-01  2.243244e-01
6.150000e-01  2.239032e-01
6.180000e-01  2.234844e-01
6.210000e-01  2.230678e-01
6.240000e-01  2.226536e-01
6.270000e-01  2.222416e-01
6.300000e-01  2.218317e-01
6.330000e-01  2.214241e-01
6.360000e-01  2.210187e-01
6.390000e-01  2.206154e-01
6.420000e-01  2.202143e-01
6.450000e-01  2.198152e-01
6.480000e-01  2.194183e-01
6.510000e-01  2.190234e-01
6.540000e-01  2.186305e-01
6.570000e-01  2.182397e-01
6.600000e-01  2.178509e-01
6.630000e-01  2.174640e-01
6.660000e-01  2.170791e-01
6.690000e-01  2.166962e-01
6.720000e-01  2.163152e-01
6.750000e-01  2.159361e-01
6.780000e-01  2.155588e-01
6.810000e-01  2.151835e-01
6.840000e-01  2.148099e-01
6.870000e-01  2.144382e-01
6.900000e-01  2.140684e-01
6.930000e-01  2.137003e-01
6.960000e-01  2.133340e-01
6.990000e-01  2.129694e-01
7.020000e-01  2.126066e-01
7.050000e-01  2.122455e-01
7.080000e-01  2.118862e-01
7.110000e-01  2.115285e-01
7.140000e-01  2.111725e-01
7.170000e-01  2.108182e-01
7.200000e-01  2.104655e-01
7.230000e-01  2.101144e-01
7.260000e-01  2.097650e-01
7.290000e-01  2.094171e-01
7.320000e-01  2.090709e-01
7.350000e-01  2.087262e-01
7.380000e-01  2.083831e-01
7.410000e-01  2.080415e-01
7.440000e-01  2.077014e-01
7.470000e-01  2.073629e-01
7.500000e-01  2.070259e-01
7.530000e-01  2.066903e-01
7.560000e-01  2.063563e-01
7.590000e-01  2.060236e-01
7.620000e-01  2.056925e-01
7.650000e-01  2.053628e-01
7.680000e-01  2.050345e-01
7.710000e-01  2.047076e-01
7.740000e-01  2.043821e-01
7.770000e-01  2.040580e-01
7.800000e-01  2.037353e-01
7.830000e-01  2.034139e-01
7.860000e-01  2.030939e-01
7.890000e-01  2.027752e-01
7.920000e-01  2.024579e-01
7.950000e-01  2.021418e-01
7.980000e-01  2.018271e-01
8.010000e-01  2.015137e-01
8.040000e-01  2.012015e-01
8.070000e-01  2.008907e-01
8.100000e-01  2.005811e-01
8.130000e-01  2.002727e-01
8.160000e-01  1.999656e-01
8.190000e-01  1.996597e-01
8.220000e-01  1.993551e-01
8.250000e-01  1.990516e-01
8.280000e-01  1.987494e-01
8.310000e-01  1.984483e-01
8.340000e-01  1.981484e-01
8.370000e-01  1.978497e-01
8.400000e-01  1.975522e-01
8.430000e-01  1.972558e-01
8.460000e-01  1.969605e-01
8.490000e-01  1.966664e-01
8.520000e-01  1.963734e-01
8.550000e-01  1.960816e-01
8.580000e-01  1.957908e-01
8.610000e-01  1.955011e-01
8.640000e-01  1.952126e-01
8.670000e-01  1.949251e-01
8.700000e-01  1.946387e-01
8.730000e-01  1.943533e-01
8.760000e-01  1.940690e-01
8.790000e-01  1.937858e-01
8.820000e-01  1.935036e-01
8.850000e-01  1.932224e-01
8.880000e-01  1.929423e-01
8.910000e-01  1.926631e-01
8.940000e-01  1.923850e-01
8.970000e-01  1.921079e-01
9.000000e-01  1.918318e-01
9.030000e-01  1.915566e-01
9.060000e-01  1.912825e-01
9.090000e-01  1.910093e-01
9.120000e-01  1.907371e-01
9.150000e-01  1.904658e-01
9.180000e-01  1.901955e-01
9.210000e-01  1.899261e-01
9.240000e-01  1.896577e-01
9.270000e-01  1.893901e-01
9.300000e-01  1.891235e-01
9.330000e-01  1.888579e-01
9.360000e-01  1.885931e-01
9.390000e-01  1.883292e-01
9.420000e-01  1.880663e-01
9.450000e-01  1.878042e-01
9.480000e-01  1.875430e-01
9.510000e-01  1.872827e-01
9.540000e-01  1.870232e-01
9.570000e-01  1.867646e-01
9.600000e-01  1.865069e-01
9.630000e-01  1.862500e-01
9.660000e-01  1.859940e-01
9.690000e-01  1.857388e-01
9.720000e-01  1.854844e-01
9.750000e-01  1.852309e-01
9.780000e-01  1.849781e-01
9.810000e-01  1.847262e-01
9.840000e-01  1.844751e-01
9.870000e-01  1.842248e-01
9.900000e-01  1.839754e-01
9.930000e-01  1.837267e-01
9.960000e-01  1.834787e-01
9.990000e-01  1.832316e-01
