000000  000001
3.000000e-03  8.351921e-01
6.000000e-03  7.555557e-01
9.000000e-03  7.034848e-01
1.200000e-02  6.651588e-01
1.500000e-02  6.350451e-01
1.800000e-02  6.103732e-01
2.100000e-02  5.895605e-01
2.400000e-02  5.716199e-01
2.700000e-02  5.558953e-01
3.000000e-02  5.419291e-01
3.300000e-02  5.293900e-01
3.600000e-02  5.180307e-01
3.900000e-02  5.076619e-01
4.200000e-02  4.981356e-01
4.500000e-02  4.893340e-01
4.800000e-02  4.811620e-01
5.100000e-02  4.735415e-01
5.400000e-02  4.664078e-01
5.700000e-02  4.597068e-01
6.000000e-02  4.533927e-01
6.300000e-02  4.474263e-01
6.600000e-02  4.417742e-01
6.900000e-02  4.364071e-01
7.200000e-02  4.312999e-01
7.500000e-02  4.264304e-01
7.800000e-02  4.217790e-01
8.100000e-02  4.173284e-01
8.400000e-02  4.130634e-01
8.700000e-02  4.089701e-01
9.000000e-02  4.050364e-01
9.300000e-02  4.012512e-01
9.600000e-02  3.976045e-01
9.900000e-02  3.940873e-01
1.020000e-01  3.906914e-01
1.050000e-01  3.874094e-01
1.080000e-01  3.842344e-01
1.110000e-01  3.811602e-01
1.140000e-01  3.781810e-01
1.170000e-01  3.752917e-01
1.200000e-01  3.724873e-01
1.230000e-01  3.697634e-01
1.260000e-01  3.671158e-01
1.290000e-01  3.645408e-01
1.320000e-01  3.620347e-01
1.350000e-01  3.595941e-01
1.380000e-01  3.572161e-01
1.410000e-01  3.548977e-01
1.440000e-01  3.526363e-01
1.470000e-01  3.504293e-01
1.500000e-01  3.482744e-01
1.530000e-01  3.461693e-01
1.560000e-01  3.441119e-01
1.590000e-01  3.421003e-01
1.620000e-01  3.401328e-01
1.650000e-01  3.382074e-01
1.680000e-01  3.363226e-01
1.710000e-01  3.344768e-01
1.740000e-01  3.326686e-01
1.770000e-01  3.308965e-01
1.800000e-01  3.291593e-01
1.830000e-01  3.274558e-01
1.860000e-01  3.257846e-01
1.890000e-01  3.241448e-01
1.920000e-01  3.225352e-01
1.950000e-01  3.209548e-01
1.980000e-01  3.194027e-01
2.010000e-01  3.178780e-01
2.040000e-01  3.163797e-01
2.070000e-01  3.149070e-01
2.100000e-01  3.134591e-01
2.130000e-01  3.120353e-01
2.160000e-01  3.106349e-01
2.190000e-01  3.092570e-01
2.220000e-01  3.079011e-01
2.250000e-01  3.065666e-01
2.280000e-01  3.052527e-01
2.310000e-01  3.039590e-01
2.340000e-01  3.026848e-01
2.370000e-01  3.014296e-01
2.400000e-01  3.001929e-01
2.430000e-01  2.989742e-01
2.460000e-01  2.977730e-01
2.490000e-01  2.965888e-01
2.520000e-01  2.954213e-01
2.550000e-01  2.942699e-01
2.580000e-01  2.931343e-01
2.610000e-01  2.920141e-01
2.640000e-01  2.909088e-01
2.670000e-01  2.898181e-01
2.700000e-01  2.887417e-01
2.730000e-01  2.876792e-01
2.760000e-01  2.866303e-01
2.790000e-01  2.855946e-01
2.820000e-01  2.845719e-01
2.850000e-01  2.835618e-01
2.880000e-01  2.825641e-01
2.910000e-01  2.815785e-01
2.940000e-01  2.806046e-01
2.970000e-01  2.796424e-01
3.000000e-01  2.786914e-01
3.030000e-01  2.777514e-01
3.060000e-01  2.768223e-01
3.090000e-01  2.759037e-01
3.120000e-01  2.749955e-01
3.150000e-01  2.740974e-01
3.180000e-01  2.732093e-01
3.210000e-01  2.723309e-01
3.240000e-01  2.714620e-01
3.270000e-01  2.706024e-01
3.300000e-01  2.697520e-01
3.330000e-01  2.689105e-01
3.360000e-01  2.680778e-01
3.390000e-01  2.672537e-01
3.420000e-01  2.664381e-01
3.450000e-01  2.656308e-01
3.480000e-01  2.648316e-01
3.510000e-01  2.640403e-01
3.540000e-01  2.632569e-01
3.570000e-01  2.624812e-01
3.600000e-01  2.617130e-01
3.630000e-01  2.609522e-01
3.660000e-01  2.601987e-01
3.690000e-01  2.594523e-01
3.720000e-01  2.587129e-01
3.750000e-01  2.579805e-01
3.780000e-01  2.572547e-01
3.810000e-01  2.565357e-01
3.840000e-01  2.558231e-01
3.870000e-01  2.551170e-01
3.900000e-01  2.544172e-01
3.930000e-01  2.537236e-01
3.960000e-01  2.530361e-01
3.990000e-01  2.523546e-01
4.020000e-01  2.516791e-01
4.050000e-01  2.510093e-01
4.080000e-01  2.503452e-01
4.110000e-01  2.496867e-01
4.140000e-01  2.490338e-01
4.170000e-01  2.483863e-01
4.200000e-01  2.477442e-01
4.230000e-01  2.471073e-01
4.260000e-01  2.464757e-01
4.290000e-01  2.458491e-01
4.320000e-01  2.452276e-01
4.350000e-01  2.446110e-01
4.380000e-01  2.439993e-01
4.410000e-01  2.433924e-01
4.440000e-01  2.427902e-01
4.470000e-01  2.421927e-01
4.500000e-01  2.415998e-01
4.530000e-01  2.410114e-01
4.560000e-01  2.404275e-01
4.590000e-01  2.398480e-01
4.620000e-01  2.392728e-01
4.650000e-01  2.387018e-01
4.680000e-01  2.381351e-01
4.710000e-01  2.375726e-01
4.740000e-01  2.370141e-01
4.770000e-01  2.364596e-01
4.800000e-01  2.359092e-01
4.830000e-01  2.353626e-01
4.860000e-01  2.348200e-01
4.890000e-01  2.342811e-01
4.920000e-01  2.337460e-01
4.950000e-01  2.332146e-01
4.980000e-01  2.326869e-01
5.010000e-01  2.321628e-01
5.040000e-01  2.316423e-01
5.070000e-01  2.311253e-01
5.100000e-01  2.306117e-01
5.130000e-01  2.301016e-01
5.160000e-01  2.295949e-01
5.190000e-01  2.290916e-01
5.220000e-01  2.285915e-01
5.250000e-01  2.280947e-01
5.280000e-01  2.276011e-01
5.310000e-01  2.271106e-01
5.340000e-01  2.266234e-01
5.370000e-01  2.261392e-01
5.400000e-01  2.256580e-01
5.430000e-01  2.251799e-01
5.460000e-01  2.247048e-01
5.490000e-01  2.242326e-01
5.520000e-01  2.237634e-01
5.550000e-01  2.232970e-01
5.580000e-01  2.228334e-01
5.610000e-01  2.223727e-01
5.640000e-01  2.219147e-01
5.670000e-01  2.214595e-01
5.700000e-01  2.210070e-01
5.730000e-01  2.205572e-01
5.760000e-01  2.201100e-01
5.790000e-01  2.196654e-01
5.820000e-01  2.192234e-01
5.850000e-01  2.187840e-01
5.880000e-01  2.183471e-01
5.910000e-01  2.179127e-01
5.940000e-01  2.174808e-01
5.970000e-01  2.170513e-01
6.000000e-01  2.166243e-01
6.030000e-01  2.161996e-01
6.060000e-01  2.157773e-01
6.090000e-01  2.153573e-01
6.120000e-01  2.149396e-01
6.150000e-01  2.145243e-01
6.180000e-01  2.141112e-01
6.210000e-01  2.137003e-01
6.240000e-01  2.132916e-01
6.270000e-01  2.128851e-01
6.300000e-01  2.124808e-01
6.330000e-01  2.120787e-01
6.360000e-01  2.116786e-01
6.390000e-01  2.112807e-01
6.420000e-01  2.108848e-01
6.450000e-01  2.104910e-01
6.480000e-01  2.100992e-01
6.510000e-01  2.097094e-01
6.540000e-01  2.093216e-01
6.570000e-01  2.089358e-01
6.600000e-01  2.085520e-01
6.630000e-01  2.081700e-01
6.660000e-01  2.077900e-01
6.690000e-01  2.074119e-01
6.720000e-01  2.070356e-01
6.750000e-01  2.066612e-01
6.780000e-01  2.062886e-01
6.810000e-01  2.059179e-01
6.840000e-01  2.055489e-01
6.870000e-01  2.051818e-01
6.900000e-01  2.048164e-01
6.930000e-01  2.044527e-01
6.960000e-01  2.040908e-01
6.990000e-01  2.037306e-01
7.020000e-01  2.033721e-01
7.050000e-01  2.030152e-01
7.080000e-01  2.026601e-01
7.110000e-01  2.023065e-01
7.140000e-01  2.019547e-01
7.170000e-01  2.016044e-01
7.200000e-01  2.012557e-01
7.230000e-01  2.009087e-01
7.260000e-01  2.005632e-01
7.290000e-01  2.002192e-01
7.320000e-01  1.998768e-01
7.350000e-01  1.995359e-01
7.380000e-01  1.991966e-01
7.410000e-01  1.988587e-01
7.440000e-01  1.985224e-01
7.470000e-01  1.981875e-01
7.500000e-01  1.978540e-01
7.530000e-01  1.975220e-01
7.560000e-01  1.971915e-01
7.590000e-01  1.968624e-01
7.620000e-01  1.965347e-01
7.650000e-01  1.962083e-01
7.680000e-01  1.958834e-01
7.710000e-01  1.955598e-01
7.740000e-01  1.952376e-01
7.770000e-01  1.949168e-01
7.800000e-01  1.945973e-01
7.830000e-01  1.942791e-01
7.860000e-01  1.939622e-01
7.890000e-01  1.936466e-01
7.920000e-01  1.933323e-01
7.950000e-01  1.930193e-01
7.980000e-01  1.927076e-01
8.010000e-01  1.923971e-01
8.040000e-01  1.920879e-01
8.070000e-01  1.917799e-01
8.100000e-01  1.914731e-01
8.130000e-01  1.911675e-01
8.160000e-01  1.908632e-01
8.190000e-01  1.905600e-01
8.220000e-01  1.902581e-01
8.250000e-01  1.899573e-01
8.280000e-01  1.896577e-01
8.310000e-01  1.893592e-01
8.340000e-01  1.890619e-01
8.370000e-01  1.887657e-01
8.400000e-01  1.884706e-01
8.430000e-01  1.881767e-01
8.460000e-01  1.878839e-01
8.490000e-01  1.875921e-01
8.520000e-01  1.873015e-01
8.550000e-01  1.870119e-01
8.580000e-01  1.867235e-01
8.610000e-01  1.864361e-01
8.640000e-01  1.861497e-01
8.670000e-01  1.858644e-01
8.700000e-01  1.855801e-01
8.730000e-01  1.852969e-01
8.760000e-01  1.850147e-01
8.790000e-01  1.847335e-01
8.820000e-01  1.844533e-01
8.850000e-01  1.841742e-01
8.880000e-01  1.838960e-01
8.910000e-01  1.836188e-01
8.940000e-01  1.833426e-01
8.970000e-01  1.830673e-01
9.000000e-01  1.827930e-01
9.030000e-01  1.825197e-01
9.060000e-01  1.822473e-01
9.090000e-01  1.819758e-01
9.120000e-01  1.817053e-01
9.150000e-01  1.814357e-01
9.180000e-01  1.811671e-01
9.210000e-01  1.808993e-01
9.240000e-01  1.806325e-01
9.270000e-01  1.803665e-01
9.300000e-01  1.801014e-01
9.330000e-01  1.798373e-01
9.360000e-01  1.795740e-01
9.390000e-01  1.793115e-01
9.420000e-01  1.790500e-01
9.450000e-01  1.787893e-01
9.480000e-01  1.785294e-01
9.510000e-01  1.782704e-01
9.540000e-01  1.780123e-01
9.570000e-01  1.777550e-01
9.600000e-01  1.774984e-01
9.630000e-01  1.772428e-01
9.660000e-01  1.769879e-01
9.690000e-01  1.767339e-01
9.720000e-01  1.764806e-01
9.750000e-01  1.762282e-01
9.780000e-01  1.759765e-01
9.810000e-01  1.757257e-01
9.840000e-01  1.754756e-01
9.870000e-01  1.752263e-01
9.900000e-01  1.749777e-01
9.930000e-01  1.747300e-01
9.960000e-01  1.744829e-01
9.990000e-01  1.742367e-01
