000000  000001
3.000000e-03  8.297460e-01
6.000000e-03  7.490449e-01
9.000000e-03  6.966124e-01
1.200000e-02  6.581527e-01
1.500000e-02  6.280006e-01
1.800000e-02  6.033361e-01
2.100000e-02  5.825543e-01
2.400000e-02  5.646570e-01
2.700000e-02  5.489820e-01
3.000000e-02  5.350686e-01
3.300000e-02  5.225834e-01
3.600000e-02  5.112781e-01
3.900000e-02  5.009626e-01
4.200000e-02  4.914885e-01
4.500000e-02  4.827378e-01
4.800000e-02  4.746151e-01
5.100000e-02  4.670425e-01
5.400000e-02  4.599552e-01
5.700000e-02  4.532991e-01
6.000000e-02  4.470283e-01
6.300000e-02  4.411039e-01
6.600000e-02  4.354923e-01
6.900000e-02  4.301645e-01
7.200000e-02  4.250953e-01
7.500000e-02  4.202625e-01
7.800000e-02  4.156467e-01
8.100000e-02  4.112307e-01
8.400000e-02  4.069991e-01
8.700000e-02  4.029383e-01
9.000000e-02  3.990361e-01
9.300000e-02  3.952815e-01
9.600000e-02  3.916645e-01
9.900000e-02  3.881762e-01
1.020000e-01  3.848084e-01
1.050000e-01  3.815536e-01
1.080000e-01  3.784052e-01
1.110000e-01  3.753569e-01
1.140000e-01  3.724030e-01
1.170000e-01  3.695382e-01
1.200000e-01  3.667578e-01
1.230000e-01  3.640573e-01
1.260000e-01  3.614326e-01
1.290000e-01  3.588798e-01
1.320000e-01  3.563954e-01
1.350000e-01  3.539761e-01
1.380000e-01  3.516189e-01
1.410000e-01  3.493208e-01
1.440000e-01  3.470792e-01
1.470000e-01  3.448916e-01
1.500000e-01  3.427557e-01
1.530000e-01  3.406692e-01
1.560000e-01  3.386300e-01
1.590000e-01  3.366363e-01
1.620000e-01  3.346862e-01
1.650000e-01  3.327779e-01
1.680000e-01  3.309099e-01
1.710000e-01  3.290806e-01
1.740000e-01  3.272885e-01
1.770000e-01  3.255323e-01
1.800000e-01  3.238106e-01
1.830000e-01  3.221223e-01
1.860000e-01  3.204661e-01
1.890000e-01  3.188409e-01
1.920000e-01  3.172457e-01
1.950000e-01  3.156795e-01
1.980000e-01  3.141413e-01
2.010000e-01  3.126302e-01
2.040000e-01  3.111453e-01
2.070000e-01  3.096858e-01
2.100000e-01  3.082510e-01
2.130000e-01  3.068399e-01
2.160000e-01  3.054520e-01
2.190000e-01  3.040865e-01
2.220000e-01  3.027427e-01
2.250000e-01  3.014201e-01
2.280000e-01  3.001180e-01
2.310000e-01  2.988358e-01
2.340000e-01  2.975730e-01
2.370000e-01  2.963290e-01
2.400000e-01  2.951033e-01
2.430000e-01  2.938954e-01
2.460000e-01  2.927049e-01
2.490000e-01  2.915313e-01
2.520000e-01  2.903741e-01
2.550000e-01  2.892330e-01
2.580000e-01  2.881074e-01
2.610000e-01  2.869971e-01
2.640000e-01  2.859016e-01
2.670000e-01  2.848205e-01
2.700000e-01  2.837536e-01
2.730000e-01  2.827005e-01
2.760000e-01  2.816608e-01
2.790000e-01  2.806342e-01
2.820000e-01  2.796205e-01
2.850000e-01  2.786192e-01
2.880000e-01  2.776303e-01
2.910000e-01  2.766532e-01
2.940000e-01  2.756879e-01
2.970000e-01  2.747340e-01
3.000000e-01  2.737913e-01
3.030000e-01  2.728595e-01
3.060000e-01  2.719384e-01
3.090000e-01  2.710277e-01
3.120000e-01  2.701274e-01
3.150000e-01  2.692370e-01
3.180000e-01  2.683565e-01
3.210000e-01  2.674856e-01
3.240000e-01  2.666242e-01
3.270000e-01  2.657719e-01
3.300000e-01  2.649287e-01
3.330000e-01  2.640944e-01
3.360000e-01  2.632688e-01
3.390000e-01  2.624517e-01
3.420000e-01  2.616430e-01
3.450000e-01  2.608425e-01
3.480000e-01  2.600500e-01
3.510000e-01  2.592654e-01
3.540000e-01  2.584885e-01
3.570000e-01  2.577193e-01
3.600000e-01  2.569575e-01
3.630000e-01  2.562031e-01
3.660000e-01  2.554558e-01
3.690000e-01  2.547156e-01
3.720000e-01  2.539823e-01
3.750000e-01  2.532559e-01
3.780000e-01  2.525361e-01
3.810000e-01  2.518230e-01
3.840000e-01  2.511163e-01
3.870000e-01  2.504159e-01
3.900000e-01  2.497218e-01
3.930000e-01  2.490338e-01
3.960000e-01  2.483519e-01
3.990000e-01  2.476759e-01
4.020000e-01  2.470057e-01
4.050000e-01  2.463413e-01
4.080000e-01  2.456826e-01
4.110000e-01  2.450294e-01
4.140000e-01  2.443816e-01
4.170000e-01  2.437393e-01
4.200000e-01  2.431022e-01
4.230000e-01  2.424704e-01
4.260000e-01  2.418437e-01
4.290000e-01  2.412220e-01
4.320000e-01  2.406053e-01
4.350000e-01  2.399936e-01
4.380000e-01  2.393866e-01
4.410000e-01  2.387844e-01
4.440000e-01  2.381869e-01
4.470000e-01  2.375940e-01
4.500000e-01  2.370056e-01
4.530000e-01  2.364217e-01
4.560000e-01  2.358422e-01
4.590000e-01  2.352671e-01
4.620000e-01  2.346962e-01
4.650000e-01  2.341296e-01
4.680000e-01  2.335671e-01
4.710000e-01  2.330087e-01
4.740000e-01  2.324544e-01
4.770000e-01  2.319041e-01
4.800000e-01  2.313577e-01
4.830000e-01  2.308152e-01
4.860000e-01  2.302765e-01
4.890000e-01  2.297416e-01
4.920000e-01  2.292104e-01
4.950000e-01  2.286829e-01
4.980000e-01  2.281590e-01
5.010000e-01  2.276386e-01
5.040000e-01  2.271218e-01
5.070000e-01  2.266085e-01
5.100000e-01  2.260986e-01
5.130000e-01  2.255922e-01
5.160000e-01  2.250890e-01
5.190000e-01  2.245892e-01
5.220000e-01  2.240926e-01
5.250000e-01  2.235992e-01
5.280000e-01  2.231091e-01
5.310000e-01  2.226220e-01
5.340000e-01  2.221381e-01
5.370000e-01  2.216572e-01
5.400000e-01  2.211794e-01
5.430000e-01  2.207045e-01
5.460000e-01  2.202326e-01
5.490000e-01  2.197636e-01
5.520000e-01  2.192975e-01
5.550000e-01  2.188342e-01
5.580000e-01  2.183737e-01
5.610000e-01  2.179160e-01
5.640000e-01  2.174611e-01
5.670000e-01  2.170088e-01
5.700000e-01  2.165593e-01
5.730000e-01  2.161124e-01
5.760000e-01  2.156681e-01
5.790000e-01  2.152263e-01
5.820000e-01  2.147872e-01
5.850000e-01  2.143506e-01
5.880000e-01  2.139164e-01
5.910000e-01  2.134848e-01
5.940000e-01  2.130555e-01
5.970000e-01  2.126287e-01
6.000000e-01  2.122043e-01
6.030000e-01  2.117822e-01
6.060000e-01  2.113625e-01
6.090000e-01  2.109451e-01
6.120000e-01  2.105300e-01
6.150000e-01  2.101171e-01
6.180000e-01  2.097064e-01
6.210000e-01  2.092980e-01
6.240000e-01  2.088918e-01
6.270000e-01  2.084877e-01
6.300000e-01  2.080857e-01
6.330000e-01  2.076859e-01
6.360000e-01  2.072882e-01
6.390000e-01  2.068925e-01
6.420000e-01  2.064989e-01
6.450000e-01  2.061073e-01
6.480000e-01  2.057177e-01
6.510000e-01  2.053301e-01
6.540000e-01  2.049445e-01
6.570000e-01  2.045608e-01
6.600000e-01  2.041790e-01
6.630000e-01  2.037992e-01
6.660000e-01  2.034212e-01
6.690000e-01  2.030451e-01
6.720000e-01  2.026709e-01
6.750000e-01  2.022985e-01
6.780000e-01  2.019279e-01
6.810000e-01  2.015591e-01
6.840000e-01  2.011920e-01
6.870000e-01  2.008268e-01
6.900000e-01  2.004632e-01
6.930000e-01  2.001014e-01
6.960000e-01  1.997413e-01
6.990000e-01  1.993829e-01
7.020000e-01  1.990262e-01
7.050000e-01  1.986711e-01
7.080000e-01  1.983177e-01
7.110000e-01  1.979659e-01
7.140000e-01  1.976157e-01
7.170000e-01  1.972671e-01
7.200000e-01  1.969201e-01
7.230000e-01  1.965746e-01
7.260000e-01  1.962307e-01
7.290000e-01  1.958883e-01
7.320000e-01  1.955475e-01
7.350000e-01  1.952082e-01
7.380000e-01  1.948704e-01
7.410000e-01  1.945340e-01
7.440000e-01  1.941991e-01
7.470000e-01  1.938657e-01
7.500000e-01  1.935337e-01
7.530000e-01  1.932031e-01
7.560000e-01  1.928740e-01
7.590000e-01  1.925463e-01
7.620000e-01  1.922199e-01
7.650000e-01  1.918949e-01
7.680000e-01  1.915713e-01
7.710000e-01  1.912491e-01
7.740000e-01  1.909281e-01
7.770000e-01  1.906085e-01
7.800000e-01  1.902903e-01
7.830000e-01  1.899733e-01
7.860000e-01  1.896577e-01
7.890000e-01  1.893433e-01
7.920000e-01  1.890302e-01
7.950000e-01  1.887183e-01
7.980000e-01  1.884077e-01
8.010000e-01  1.880983e-01
8.040000e-01  1.877902e-01
8.070000e-01  1.874833e-01
8.100000e-01  1.871776e-01
8.130000e-01  1.868731e-01
8.160000e-01  1.865698e-01
8.190000e-01  1.862676e-01
8.220000e-01  1.859666e-01
8.250000e-01  1.856668e-01
8.280000e-01  1.853682e-01
8.310000e-01  1.850706e-01
8.340000e-01  1.847742e-01
8.370000e-01  1.844790e-01
8.400000e-01  1.841848e-01
8.430000e-01  1.838917e-01
8.460000e-01  1.835998e-01
8.490000e-01  1.833089e-01
8.520000e-01  1.830191e-01
8.550000e-01  1.827303e-01
8.580000e-01  1.824426e-01
8.610000e-01  1.821560e-01
8.640000e-01  1.818704e-01
8.670000e-01  1.815858e-01
8.700000e-01  1.813023e-01
8.730000e-01  1.810198e-01
8.760000e-01  1.807383e-01
8.790000e-01  1.804578e-01
8.820000e-01  1.801782e-01
8.850000e-01  1.798997e-01
8.880000e-01  1.796221e-01
8.910000e-01  1.793455e-01
8.940000e-01  1.790699e-01
8.970000e-01  1.787952e-01
9.000000e-01  1.785215e-01
9.030000e-01  1.782487e-01
9.060000e-01  1.779769e-01
9.090000e-01  1.777059e-01
9.120000e-01  1.774359e-01
9.150000e-01  1.771668e-01
9.180000e-01  1.768986e-01
9.210000e-01  1.766313e-01
9.240000e-01  1.763649e-01
9.270000e-01  1.760994e-01
9.300000e-01  1.758347e-01
9.330000e-01  1.755709e-01
9.360000e-01  1.753080e-01
9.390000e-01  1.750460e-01
9.420000e-01  1.747847e-01
9.450000e-01  1.745244e-01
9.480000e-01  1.742648e-01
9.510000e-01  1.740061e-01
9.540000e-01  1.737483e-01
9.570000e-01  1.734912e-01
9.600000e-01  1.732350e-01
9.630000e-01  1.729796e-01
9.660000e-01  1.727249e-01
9.690000e-01  1.724711e-01
9.720000e-01  1.722180e-01
9.750000e-01  1.719658e-01
9.780000e-01  1.717143e-01
9.810000e-01  1.714636e-01
9.840000e-01  1.712136e-01
9.870000e-01  1.709645e-01
9.900000e-01  1.707160e-01
9.930000e-01  1.704684e-01
9.960000e-01  1.702214e-01
9.990000e-01  1.699753e-01
