000000  000001
3.000000e-03  8.107748e-01
6.000000e-03  7.267887e-01
9.000000e-03  6.733346e-01
1.200000e-02  6.345540e-01
1.500000e-02  6.043637e-01
1.800000e-02  5.797904e-01
2.100000e-02  5.591626e-01
2.400000e-02  5.414498e-01
2.700000e-02  5.259731e-01
3.000000e-02  5.122624e-01
3.300000e-02  4.999795e-01
3.600000e-02  4.888728e-01
3.900000e-02  4.787509e-01
4.200000e-02  4.694645e-01
4.500000e-02  4.608952e-01
4.800000e-02  4.529475e-01
5.100000e-02  4.455435e-01
5.400000e-02  4.386186e-01
5.700000e-02  4.321188e-01
6.000000e-02  4.259988e-01
6.300000e-02  4.202196e-01
6.600000e-02  4.147480e-01
6.900000e-02  4.095553e-01
7.200000e-02  4.046165e-01
7.500000e-02  3.999096e-01
7.800000e-02  3.954155e-01
8.100000e-02  3.911172e-01
8.400000e-02  3.869995e-01
8.700000e-02  3.830490e-01
9.000000e-02  3.792537e-01
9.300000e-02  3.756027e-01
9.600000e-02  3.720862e-01
9.900000e-02  3.686954e-01
1.020000e-01  3.654224e-01
1.050000e-01  3.622597e-01
1.080000e-01  3.592008e-01
1.110000e-01  3.562395e-01
1.140000e-01  3.533703e-01
1.170000e-01  3.505880e-01
1.200000e-01  3.478880e-01
1.230000e-01  3.452657e-01
1.260000e-01  3.427173e-01
1.290000e-01  3.402390e-01
1.320000e-01  3.378272e-01
1.350000e-01  3.354788e-01
1.380000e-01  3.331908e-01
1.410000e-01  3.309603e-01
1.440000e-01  3.287848e-01
1.470000e-01  3.266618e-01
1.500000e-01  3.245890e-01
1.530000e-01  3.225642e-01
1.560000e-01  3.205855e-01
1.590000e-01  3.186509e-01
1.620000e-01  3.167586e-01
1.650000e-01  3.149070e-01
1.680000e-01  3.130944e-01
1.710000e-01  3.113195e-01
1.740000e-01  3.095807e-01
1.770000e-01  3.078767e-01
1.800000e-01  3.062062e-01
1.830000e-01  3.045681e-01
1.860000e-01  3.029611e-01
1.890000e-01  3.013843e-01
1.920000e-01  2.998365e-01
1.950000e-01  2.983169e-01
1.980000e-01  2.968243e-01
2.010000e-01  2.953581e-01
2.040000e-01  2.939173e-01
2.070000e-01  2.925010e-01
2.100000e-01  2.911086e-01
2.130000e-01  2.897394e-01
2.160000e-01  2.883925e-01
2.190000e-01  2.870673e-01
2.220000e-01  2.857632e-01
2.250000e-01  2.844796e-01
2.280000e-01  2.832158e-01
2.310000e-01  2.819713e-01
2.340000e-01  2.807456e-01
2.370000e-01  2.795381e-01
2.400000e-01  2.783483e-01
2.430000e-01  2.771758e-01
2.460000e-01  2.760201e-01
2.490000e-01  2.748807e-01
2.520000e-01  2.737572e-01
2.550000e-01  2.726492e-01
2.580000e-01  2.715563e-01
2.610000e-01  2.704781e-01
2.640000e-01  2.694143e-01
2.670000e-01  2.683645e-01
2.700000e-01  2.673283e-01
2.730000e-01  2.663054e-01
2.760000e-01  2.652956e-01
2.790000e-01  2.642984e-01
2.820000e-01  2.633136e-01
2.850000e-01  2.623410e-01
2.880000e-01  2.613801e-01
2.910000e-01  2.604308e-01
2.940000e-01  2.594928e-01
2.970000e-01  2.585659e-01
3.000000e-01  2.576498e-01
3.030000e-01  2.567442e-01
3.060000e-01  2.558489e-01
3.090000e-01  2.549638e-01
3.120000e-01  2.540886e-01
3.150000e-01  2.532230e-01
3.180000e-01  2.523670e-01
3.210000e-01  2.515202e-01
3.240000e-01  2.506826e-01
3.270000e-01  2.498538e-01
3.300000e-01  2.490338e-01
3.330000e-01  2.482224e-01
3.360000e-01  2.474193e-01
3.390000e-01  2.466245e-01
3.420000e-01  2.458378e-01
3.450000e-01  2.450589e-01
3.480000e-01  2.442879e-01
3.510000e-01  2.435244e-01
3.540000e-01  2.427684e-01
3.570000e-01  2.420198e-01
3.600000e-01  2.412783e-01
3.630000e-01  2.405439e-01
3.660000e-01  2.398165e-01
3.690000e-01  2.390959e-01
3.720000e-01  2.383819e-01
3.750000e-01  2.376745e-01
3.780000e-01  2.369736e-01
3.810000e-01  2.362790e-01
3.840000e-01  2.355907e-01
3.870000e-01  2.349085e-01
3.900000e-01  2.342323e-01
3.930000e-01  2.335620e-01
3.960000e-01  2.328976e-01
3.990000e-01  2.322388e-01
4.020000e-01  2.315857e-01
4.050000e-01  2.309381e-01
4.080000e-01  2.302960e-01
4.110000e-01  2.296592e-01
4.140000e-01  2.290277e-01
4.170000e-01  2.284014e-01
4.200000e-01  2.277802e-01
4.230000e-01  2.271640e-01
4.260000e-01  2.265527e-01
4.290000e-01  2.259464e-01
4.320000e-01  2.253448e-01
4.350000e-01  2.247479e-01
4.380000e-01  2.241556e-01
4.410000e-01  2.235680e-01
4.440000e-01  2.229848e-01
4.470000e-01  2.224061e-01
4.500000e-01  2.218317e-01
4.530000e-01  2.212617e-01
4.560000e-01  2.206959e-01
4.590000e-01  2.201343e-01
4.620000e-01  2.195768e-01
4.650000e-01  2.190234e-01
4.680000e-01  2.184740e-01
4.710000e-01  2.179285e-01
4.740000e-01  2.173869e-01
4.770000e-01  2.168491e-01
4.800000e-01  2.163152e-01
4.830000e-01  2.157849e-01
4.860000e-01  2.152584e-01
4.890000e-01  2.147355e-01
4.920000e-01  2.142161e-01
4.950000e-01  2.137003e-01
4.980000e-01  2.131879e-01
5.010000e-01  2.126790e-01
5.040000e-01  2.121735e-01
5.070000e-01  2.116714e-01
5.100000e-01  2.111725e-01
5.130000e-01  2.106769e-01
5.160000e-01  2.101845e-01
5.190000e-01  2.096953e-01
5.220000e-01  2.092092e-01
5.250000e-01  2.087262e-01
5.280000e-01  2.082463e-01
5.310000e-01  2.077693e-01
5.340000e-01  2.072954e-01
5.370000e-01  2.068244e-01
5.400000e-01  2.063563e-01
5.430000e-01  2.058910e-01
5.460000e-01  2.054286e-01
5.490000e-01  2.049690e-01
5.520000e-01  2.045121e-01
5.550000e-01  2.040580e-01
5.580000e-01  2.036065e-01
5.610000e-01  2.031578e-01
5.640000e-01  2.027116e-01
5.670000e-01  2.022681e-01
5.700000e-01  2.018271e-01
5.730000e-01  2.013887e-01
5.760000e-01  2.009527e-01
5.790000e-01  2.005193e-01
5.820000e-01  2.000883e-01
5.850000e-01  1.996597e-01
5.880000e-01  1.992335e-01
5.910000e-01  1.988097e-01
5.940000e-01  1.983882e-01
5.970000e-01  1.979691e-01
6.000000e-01  1.975522e-01
6.030000e-01  1.971375e-01
6.060000e-01  1.967252e-01
6.090000e-01  1.963150e-01
6.120000e-01  1.959070e-01
6.150000e-01  1.955011e-01
6.180000e-01  1.950974e-01
6.210000e-01  1.946959e-01
6.240000e-01  1.942964e-01
6.270000e-01  1.938990e-01
6.300000e-01  1.935036e-01
6.330000e-01  1.931102e-01
6.360000e-01  1.927189e-01
6.390000e-01  1.923295e-01
6.420000e-01  1.919421e-01
6.450000e-01  1.915566e-01
6.480000e-01  1.911731e-01
6.510000e-01  1.907914e-01
6.540000e-01  1.904116e-01
6.570000e-01  1.900337e-01
6.600000e-01  1.896577e-01
6.630000e-01  1.892834e-01
6.660000e-01  1.889109e-01
6.690000e-01  1.885403e-01
6.720000e-01  1.881714e-01
6.750000e-01  1.878042e-01
6.780000e-01  1.874388e-01
6.810000e-01  1.870750e-01
6.840000e-01  1.867130e-01
6.870000e-01  1.863527e-01
6.900000e-01  1.859940e-01
6.930000e-01  1.856369e-01
6.960000e-01  1.852815e-01
6.990000e-01  1.849277e-01
7.020000e-01  1.845755e-01
7.050000e-01  1.842248e-01
7.080000e-01  1.838758e-01
7.110000e-01  1.835283e-01
7.140000e-01  1.831823e-01
7.170000e-01  1.828378e-01
7.200000e-01  1.824949e-01
7.230000e-01  1.821534e-01
7.260000e-01  1.818134e-01
7.290000e-01  1.814749e-01
7.320000e-01  1.811378e-01
7.350000e-01  1.808021e-01
7.380000e-01  1.804679e-01
7.410000e-01  1.801351e-01
7.440000e-01  1.798037e-01
7.470000e-01  1.794737e-01
7.500000e-01  1.791450e-01
7.530000e-01  1.788177e-01
7.560000e-01  1.784917e-01
7.590000e-01  1.781671e-01
7.620000e-01  1.778438e-01
7.650000e-01  1.775217e-01
7.680000e-01  1.772010e-01
7.710000e-01  1.768816e-01
7.740000e-01  1.765634e-01
7.770000e-01  1.762465e-01
7.800000e-01  1.759309e-01
7.830000e-01  1.756164e-01
7.860000e-01  1.753032e-01
7.890000e-01  1.749913e-01
7.920000e-01  1.746805e-01
7.950000e-01  1.743709e-01
7.980000e-01  1.740625e-01
8.010000e-01  1.737553e-01
8.040000e-01  1.734492e-01
8.070000e-01  1.731443e-01
8.100000e-01  1.728406e-01
8.130000e-01  1.725379e-01
8.160000e-01  1.722364e-01
8.190000e-01  1.719360e-01
8.220000e-01  1.716367e-01
8.250000e-01  1.713385e-01
8.280000e-01  1.710414e-01
8.310000e-01  1.707454e-01
8.340000e-01  1.704504e-01
8.370000e-01  1.701565e-01
8.400000e-01  1.698636e-01
8.430000e-01  1.695718e-01
8.460000e-01  1.692809e-01
8.490000e-01  1.689912e-01
8.520000e-01  1.687024e-01
8.550000e-01  1.684146e-01
8.580000e-01  1.681278e-01
8.610000e-01  1.678421e-01
8.640000e-01  1.675572e-01
8.670000e-01  1.672734e-01
8.700000e-01  1.669905e-01
8.730000e-01  1.667086e-01
8.760000e-01  1.664276e-01
8.790000e-01  1.661476e-01
8.820000e-01  1.658685e-01
8.850000e-01  1.655903e-01
8.880000e-01  1.653130e-01
8.910000e-01  1.650367e-01
8.940000e-01  1.647612e-01
8.970000e-01  1.644867e-01
9.000000e-01  1.642130e-01
9.030000e-01  1.639402e-01
9.060000e-01  1.636683e-01
9.090000e-01  1.633972e-01
9.120000e-01  1.631270e-01
9.150000e-01  1.628576e-01
9.180000e-01  1.625891e-01
9.210000e-01  1.623214e-01
9.240000e-01  1.620546e-01
9.270000e-01  1.617886e-01
9.300000e-01  1.615234e-01
9.330000e-01  1.612590e-01
9.360000e-01  1.609954e-01
9.390000e-01  1.607326e-01
9.420000e-01  1.604706e-01
9.450000e-01  1.602094e-01
9.480000e-01  1.599490e-01
9.510000e-01  1.596893e-01
9.540000e-01  1.594304e-01
9.570000e-01  1.591723e-01
9.600000e-01  1.589149e-01
9.630000e-01  1.586583e-01
9.660000e-01  1.584024e-01
9.690000e-01  1.581472e-01
9.720000e-01  1.578928e-01
9.750000e-01  1.576391e-01
9.780000e-01  1.573861e-01
9.810000e-01  1.571339e-01
9.840000e-01  1.568823e-01
9.870000e-01  1.566315e-01
9.900000e-01  1.563813e-01
9.930000e-01  1.561318e-01
9.960000e-01  1.558831e-01
9.990000e-01  1.556350e-01
