000000  000001
3.000000e-03  8.537100e-01
6.000000e-03  7.781440e-01
9.000000e-03  7.275679e-01
1.200000e-02  6.898633e-01
1.500000e-02  6.599908e-01
1.800000e-02  6.353715e-01
2.100000e-02  6.145102e-01
2.400000e-02  5.964643e-01
2.700000e-02  5.806022e-01
3.000000e-02  5.664804e-01
3.300000e-02  5.537763e-01
3.600000e-02  5.422477e-01
3.900000e-02  5.317086e-01
4.200000e-02  5.220132e-01
4.500000e-02  5.130451e-01
4.800000e-02  5.047097e-01
5.100000e-02  4.969297e-01
5.400000e-02  4.896407e-01
5.700000e-02  4.827885e-01
6.000000e-02  4.763275e-01
6.300000e-02  4.702185e-01
6.600000e-02  4.644279e-01
6.900000e-02  4.589264e-01
7.200000e-02  4.536887e-01
7.500000e-02  4.486925e-01
7.800000e-02  4.439181e-01
8.100000e-02  4.393480e-01
8.400000e-02  4.349669e-01
8.700000e-02  4.307608e-01
9.000000e-02  4.267174e-01
9.300000e-02  4.228254e-01
9.600000e-02  4.190749e-01
9.900000e-02  4.154566e-01
1.020000e-01  4.119622e-01
1.050000e-01  4.085842e-01
1.080000e-01  4.053157e-01
1.110000e-01  4.021503e-01
1.140000e-01  3.990822e-01
1.170000e-01  3.961061e-01
1.200000e-01  3.932170e-01
1.230000e-01  3.904104e-01
1.260000e-01  3.876820e-01
1.290000e-01  3.850280e-01
1.320000e-01  3.824446e-01
1.350000e-01  3.799286e-01
1.380000e-01  3.774768e-01
1.410000e-01  3.750862e-01
1.440000e-01  3.727540e-01
1.470000e-01  3.704778e-01
1.500000e-01  3.682551e-01
1.530000e-01  3.660835e-01
1.560000e-01  3.639611e-01
1.590000e-01  3.618858e-01
1.620000e-01  3.598557e-01
1.650000e-01  3.578690e-01
1.680000e-01  3.559240e-01
1.710000e-01  3.540193e-01
1.740000e-01  3.521532e-01
1.770000e-01  3.503243e-01
1.800000e-01  3.485313e-01
1.830000e-01  3.467730e-01
1.860000e-01  3.450480e-01
1.890000e-01  3.433553e-01
1.920000e-01  3.416938e-01
1.950000e-01  3.400624e-01
1.980000e-01  3.384602e-01
2.010000e-01  3.368861e-01
2.040000e-01  3.353393e-01
2.070000e-01  3.338189e-01
2.100000e-01  3.323242e-01
2.130000e-01  3.308543e-01
2.160000e-01  3.294084e-01
2.190000e-01  3.279859e-01
2.220000e-01  3.265860e-01
2.250000e-01  3.252082e-01
2.280000e-01  3.238517e-01
2.310000e-01  3.225160e-01
2.340000e-01  3.212005e-01
2.370000e-01  3.199046e-01
2.400000e-01  3.186278e-01
2.430000e-01  3.173696e-01
2.460000e-01  3.161295e-01
2.490000e-01  3.149070e-01
2.520000e-01  3.137016e-01
2.550000e-01  3.125130e-01
2.580000e-01  3.113407e-01
2.610000e-01  3.101842e-01
2.640000e-01  3.090432e-01
2.670000e-01  3.079173e-01
2.700000e-01  3.068062e-01
2.730000e-01  3.057094e-01
2.760000e-01  3.046267e-01
2.790000e-01  3.035577e-01
2.820000e-01  3.025021e-01
2.850000e-01  3.014596e-01
2.880000e-01  3.004299e-01
2.910000e-01  2.994126e-01
2.940000e-01  2.984076e-01
2.970000e-01  2.974146e-01
3.000000e-01  2.964332e-01
3.030000e-01  2.954632e-01
3.060000e-01  2.945044e-01
3.090000e-01  2.935566e-01
3.120000e-01  2.926195e-01
3.150000e-01  2.916929e-01
3.180000e-01  2.907766e-01
3.210000e-01  2.898704e-01
3.240000e-01  2.889740e-01
3.270000e-01  2.880872e-01
3.300000e-01  2.872100e-01
3.330000e-01  2.863420e-01
3.360000e-01  2.854831e-01
3.390000e-01  2.846332e-01
3.420000e-01  2.837919e-01
3.450000e-01  2.829593e-01
3.480000e-01  2.821352e-01
3.510000e-01  2.813192e-01
3.540000e-01  2.805114e-01
3.570000e-01  2.797116e-01
3.600000e-01  2.789195e-01
3.630000e-01  2.781352e-01
3.660000e-01  2.773583e-01
3.690000e-01  2.765889e-01
3.720000e-01  2.758267e-01
3.750000e-01  2.750717e-01
3.780000e-01  2.743237e-01
3.810000e-01  2.735826e-01
3.840000e-01  2.728483e-01
3.870000e-01  2.721206e-01
3.900000e-01  2.713995e-01
3.930000e-01  2.706848e-01
3.960000e-01  2.699765e-01
3.990000e-01  2.692744e-01
4.020000e-01  2.685784e-01
4.050000e-01  2.678884e-01
4.080000e-01  2.672044e-01
4.110000e-01  2.665261e-01
4.140000e-01  2.658537e-01
4.170000e-01  2.651868e-01
4.200000e-01  2.645256e-01
4.230000e-01  2.638698e-01
4.260000e-01  2.632194e-01
4.290000e-01  2.625742e-01
4.320000e-01  2.619344e-01
4.350000e-01  2.612996e-01
4.380000e-01  2.606699e-01
4.410000e-01  2.600452e-01
4.440000e-01  2.594255e-01
4.470000e-01  2.588105e-01
4.500000e-01  2.582004e-01
4.530000e-01  2.575949e-01
4.560000e-01  2.569941e-01
4.590000e-01  2.563978e-01
4.620000e-01  2.558060e-01
4.650000e-01  2.552187e-01
4.680000e-01  2.546358e-01
4.710000e-01  2.540571e-01
4.740000e-01  2.534827e-01
4.770000e-01  2.529125e-01
4.800000e-01  2.523465e-01
4.830000e-01  2.517845e-01
4.860000e-01  2.512265e-01
4.890000e-01  2.506725e-01
4.920000e-01  2.501224e-01
4.950000e-01  2.495762e-01
4.980000e-01  2.490338e-01
5.010000e-01  2.484952e-01
5.040000e-01  2.479602e-01
5.070000e-01  2.474290e-01
5.100000e-01  2.469013e-01
5.130000e-01  2.463772e-01
5.160000e-01  2.458566e-01
5.190000e-01  2.453395e-01
5.220000e-01  2.448259e-01
5.250000e-01  2.443156e-01
5.280000e-01  2.438087e-01
5.310000e-01  2.433050e-01
5.340000e-01  2.428047e-01
5.370000e-01  2.423075e-01
5.400000e-01  2.418136e-01
5.430000e-01  2.413228e-01
5.460000e-01  2.408351e-01
5.490000e-01  2.403505e-01
5.520000e-01  2.398689e-01
5.550000e-01  2.393902e-01
5.580000e-01  2.389146e-01
5.610000e-01  2.384419e-01
5.640000e-01  2.379720e-01
5.670000e-01  2.375051e-01
5.700000e-01  2.370409e-01
5.730000e-01  2.365795e-01
5.760000e-01  2.361209e-01
5.790000e-01  2.356651e-01
5.820000e-01  2.352119e-01
5.850000e-01  2.347613e-01
5.880000e-01  2.343134e-01
5.910000e-01  2.338682e-01
5.940000e-01  2.334255e-01
5.970000e-01  2.329853e-01
6.000000e-01  2.325477e-01
6.030000e-01  2.321125e-01
6.060000e-01  2.316798e-01
6.090000e-01  2.312495e-01
6.120000e-01  2.308217e-01
6.150000e-01  2.303962e-01
6.180000e-01  2.299731e-01
6.210000e-01  2.295524e-01
6.240000e-01  2.291339e-01
6.270000e-01  2.287177e-01
6.300000e-01  2.283038e-01
6.330000e-01  2.278921e-01
6.360000e-01  2.274826e-01
6.390000e-01  2.270753e-01
6.420000e-01  2.266702e-01
6.450000e-01  2.262672e-01
6.480000e-01  2.258663e-01
6.510000e-01  2.254676e-01
6.540000e-01  2.250709e-01
6.570000e-01  2.246763e-01
6.600000e-01  2.242837e-01
6.630000e-01  2.238931e-01
6.660000e-01  2.235045e-01
6.690000e-01  2.231179e-01
6.720000e-01  2.227333e-01
6.750000e-01  2.223505e-01
6.780000e-01  2.219697e-01
6.810000e-01  2.215908e-01
6.840000e-01  2.212138e-01
6.870000e-01  2.208387e-01
6.900000e-01  2.204654e-01
6.930000e-01  2.200939e-01
6.960000e-01  2.197242e-01
6.990000e-01  2.193563e-01
7.020000e-01  2.189902e-01
7.050000e-01  2.186258e-01
7.080000e-01  2.182632e-01
7.110000e-01  2.179023e-01
7.140000e-01  2.175431e-01
7.170000e-01  2.171856e-01
7.200000e-01  2.168298e-01
7.230000e-01  2.164756e-01
7.260000e-01  2.161231e-01
7.290000e-01  2.157722e-01
7.320000e-01  2.154229e-01
7.350000e-01  2.150753e-01
7.380000e-01  2.147292e-01
7.410000e-01  2.143847e-01
7.440000e-01  2.140417e-01
7.470000e-01  2.137003e-01
7.500000e-01  2.133604e-01
7.530000e-01  2.130220e-01
7.560000e-01  2.126851e-01
7.590000e-01  2.123498e-01
7.620000e-01  2.120159e-01
7.650000e-01  2.116834e-01
7.680000e-01  2.113524e-01
7.710000e-01  2.110229e-01
7.740000e-01  2.106947e-01
7.770000e-01  2.103680e-01
7.800000e-01  2.100427e-01
7.830000e-01  2.097188e-01
7.860000e-01  2.093962e-01
7.890000e-01  2.090750e-01
7.920000e-01  2.087552e-01
7.950000e-01  2.084367e-01
7.980000e-01  2.081195e-01
8.010000e-01  2.078037e-01
8.040000e-01  2.074892e-01
8.070000e-01  2.071759e-01
8.100000e-01  2.068640e-01
8.130000e-01  2.065533e-01
8.160000e-01  2.062439e-01
8.190000e-01  2.059357e-01
8.220000e-01  2.056288e-01
8.250000e-01  2.053231e-01
8.280000e-01  2.050187e-01
8.310000e-01  2.047154e-01
8.340000e-01  2.044134e-01
8.370000e-01  2.041125e-01
8.400000e-01  2.038129e-01
8.430000e-01  2.035144e-01
8.460000e-01  2.032171e-01
8.490000e-01  2.029209e-01
8.520000e-01  2.026259e-01
8.550000e-01  2.023321e-01
8.580000e-01  2.020393e-01
8.610000e-01  2.017477e-01
8.640000e-01  2.014572e-01
8.670000e-01  2.011678e-01
8.700000e-01  2.008795e-01
8.730000e-01  2.005922e-01
8.760000e-01  2.003061e-01
8.790000e-01  2.000210e-01
8.820000e-01  1.997370e-01
8.850000e-01  1.994540e-01
8.880000e-01  1.991721e-01
8.910000e-01  1.988912e-01
8.940000e-01  1.986114e-01
8.970000e-01  1.983325e-01
9.000000e-01  1.980547e-01
9.030000e-01  1.977779e-01
9.060000e-01  1.975021e-01
9.090000e-01  1.972273e-01
9.120000e-01  1.969534e-01
9.150000e-01  1.966806e-01
9.180000e-01  1.964087e-01
9.210000e-01  1.961378e-01
9.240000e-01  1.958678e-01
9.270000e-01  1.955987e-01
9.300000e-01  1.953307e-01
9.330000e-01  1.950635e-01
9.360000e-01  1.947973e-01
9.390000e-01  1.945320e-01
9.420000e-01  1.942676e-01
9.450000e-01  1.940041e-01
9.480000e-01  1.937415e-01
9.510000e-01  1.934798e-01
9.540000e-01  1.932190e-01
9.570000e-01  1.929591e-01
9.600000e-01  1.927001e-01
9.630000e-01  1.924419e-01
9.660000e-01  1.921846e-01
9.690000e-01  1.919281e-01
9.720000e-01  1.916725e-01
9.750000e-01  1.914178e-01
9.780000e-01  1.911639e-01
9.810000e-01  1.909108e-01
9.840000e-01  1.906585e-01
9.870000e-01  1.904071e-01
9.900000e-01  1.901565e-01
9.930000e-01  1.899066e-01
9.960000e-01  1.896577e-01
9.990000e-01  1.894094e-01
