000000  000001
3.000000e-03  7.706420e-01
6.000000e-03  6.815870e-01
9.000000e-03  6.269635e-01
1.200000e-02  5.880885e-01
1.500000e-02  5.581903e-01
1.800000e-02  5.340611e-01
2.100000e-02  5.139343e-01
2.400000e-02  4.967369e-01
2.700000e-02  4.817701e-01
3.000000e-02  4.685544e-01
3.300000e-02  4.567471e-01
3.600000e-02  4.460952e-01
3.900000e-02  4.364071e-01
4.200000e-02  4.275341e-01
4.500000e-02  4.193586e-01
4.800000e-02  4.117862e-01
5.100000e-02  4.047401e-01
5.400000e-02  3.981569e-01
5.700000e-02  3.919837e-01
6.000000e-02  3.861759e-01
6.300000e-02  3.806958e-01
6.600000e-02  3.755109e-01
6.900000e-02  3.705932e-01
7.200000e-02  3.659186e-01
7.500000e-02  3.614657e-01
7.800000e-02  3.572161e-01
8.100000e-02  3.531533e-01
8.400000e-02  3.492626e-01
8.700000e-02  3.455312e-01
9.000000e-02  3.419475e-01
9.300000e-02  3.385009e-01
9.600000e-02  3.351822e-01
9.900000e-02  3.319828e-01
1.020000e-01  3.288951e-01
1.050000e-01  3.259120e-01
1.080000e-01  3.230273e-01
1.110000e-01  3.202350e-01
1.140000e-01  3.175299e-01
1.170000e-01  3.149070e-01
1.200000e-01  3.123618e-01
1.230000e-01  3.098902e-01
1.260000e-01  3.074882e-01
1.290000e-01  3.051525e-01
1.320000e-01  3.028795e-01
1.350000e-01  3.006664e-01
1.380000e-01  2.985101e-01
1.410000e-01  2.964082e-01
1.440000e-01  2.943579e-01
1.470000e-01  2.923571e-01
1.500000e-01  2.904036e-01
1.530000e-01  2.884953e-01
1.560000e-01  2.866303e-01
1.590000e-01  2.848068e-01
1.620000e-01  2.830231e-01
1.650000e-01  2.812776e-01
1.680000e-01  2.795688e-01
1.710000e-01  2.778953e-01
1.740000e-01  2.762558e-01
1.770000e-01  2.746489e-01
1.800000e-01  2.730735e-01
1.830000e-01  2.715285e-01
1.860000e-01  2.700127e-01
1.890000e-01  2.685251e-01
1.920000e-01  2.670648e-01
1.950000e-01  2.656308e-01
1.980000e-01  2.642222e-01
2.010000e-01  2.628383e-01
2.040000e-01  2.614781e-01
2.070000e-01  2.601410e-01
2.100000e-01  2.588262e-01
2.130000e-01  2.575331e-01
2.160000e-01  2.562609e-01
2.190000e-01  2.550089e-01
2.220000e-01  2.537768e-01
2.250000e-01  2.525637e-01
2.280000e-01  2.513692e-01
2.310000e-01  2.501927e-01
2.340000e-01  2.490338e-01
2.370000e-01  2.478919e-01
2.400000e-01  2.467666e-01
2.430000e-01  2.456573e-01
2.460000e-01  2.445638e-01
2.490000e-01  2.434855e-01
2.520000e-01  2.424220e-01
2.550000e-01  2.413730e-01
2.580000e-01  2.403381e-01
2.610000e-01  2.393169e-01
2.640000e-01  2.383091e-01
2.670000e-01  2.373143e-01
2.700000e-01  2.363323e-01
2.730000e-01  2.353626e-01
2.760000e-01  2.344051e-01
2.790000e-01  2.334594e-01
2.820000e-01  2.325253e-01
2.850000e-01  2.316024e-01
2.880000e-01  2.306905e-01
2.910000e-01  2.297894e-01
2.940000e-01  2.288988e-01
2.970000e-01  2.280185e-01
3.000000e-01  2.271483e-01
3.030000e-01  2.262878e-01
3.060000e-01  2.254370e-01
3.090000e-01  2.245956e-01
3.120000e-01  2.237634e-01
3.150000e-01  2.229401e-01
3.180000e-01  2.221257e-01
3.210000e-01  2.213200e-01
3.240000e-01  2.205227e-01
3.270000e-01  2.197336e-01
3.300000e-01  2.189527e-01
3.330000e-01  2.181797e-01
3.360000e-01  2.174146e-01
3.390000e-01  2.166570e-01
3.420000e-01  2.159070e-01
3.450000e-01  2.151643e-01
3.480000e-01  2.144287e-01
3.510000e-01  2.137003e-01
3.540000e-01  2.129787e-01
3.570000e-01  2.122640e-01
3.600000e-01  2.115560e-01
3.630000e-01  2.108544e-01
3.660000e-01  2.101593e-01
3.690000e-01  2.094705e-01
3.720000e-01  2.087879e-01
3.750000e-01  2.081114e-01
3.780000e-01  2.074409e-01
3.810000e-01  2.067762e-01
3.840000e-01  2.061173e-01
3.870000e-01  2.054641e-01
3.900000e-01  2.048164e-01
3.930000e-01  2.041742e-01
3.960000e-01  2.035373e-01
3.990000e-01  2.029058e-01
4.020000e-01  2.022794e-01
4.050000e-01  2.016582e-01
4.080000e-01  2.010420e-01
4.110000e-01  2.004307e-01
4.140000e-01  1.998243e-01
4.170000e-01  1.992226e-01
4.200000e-01  1.986257e-01
4.230000e-01  1.980334e-01
4.260000e-01  1.974456e-01
4.290000e-01  1.968624e-01
4.320000e-01  1.962835e-01
4.350000e-01  1.957090e-01
4.380000e-01  1.951388e-01
4.410000e-01  1.945727e-01
4.440000e-01  1.940108e-01
4.470000e-01  1.934531e-01
4.500000e-01  1.928993e-01
4.530000e-01  1.923494e-01
4.560000e-01  1.918035e-01
4.590000e-01  1.912614e-01
4.620000e-01  1.907231e-01
4.650000e-01  1.901885e-01
4.680000e-01  1.896577e-01
4.710000e-01  1.891304e-01
4.740000e-01  1.886067e-01
4.770000e-01  1.880865e-01
4.800000e-01  1.875697e-01
4.830000e-01  1.870564e-01
4.860000e-01  1.865465e-01
4.890000e-01  1.860399e-01
4.920000e-01  1.855365e-01
4.950000e-01  1.850364e-01
4.980000e-01  1.845394e-01
5.010000e-01  1.840456e-01
5.040000e-01  1.835549e-01
5.070000e-01  1.830673e-01
5.100000e-01  1.825827e-01
5.130000e-01  1.821010e-01
5.160000e-01  1.816223e-01
5.190000e-01  1.811464e-01
5.220000e-01  1.806734e-01
5.250000e-01  1.802033e-01
5.280000e-01  1.797359e-01
5.310000e-01  1.792712e-01
5.340000e-01  1.788093e-01
5.370000e-01  1.783500e-01
5.400000e-01  1.778934e-01
5.430000e-01  1.774394e-01
5.460000e-01  1.769879e-01
5.490000e-01  1.765390e-01
5.520000e-01  1.760926e-01
5.550000e-01  1.756486e-01
5.580000e-01  1.752071e-01
5.610000e-01  1.747680e-01
5.640000e-01  1.743313e-01
5.670000e-01  1.738969e-01
5.700000e-01  1.734649e-01
5.730000e-01  1.730352e-01
5.760000e-01  1.726077e-01
5.790000e-01  1.721824e-01
5.820000e-01  1.717594e-01
5.850000e-01  1.713385e-01
5.880000e-01  1.709198e-01
5.910000e-01  1.705032e-01
5.940000e-01  1.700888e-01
5.970000e-01  1.696764e-01
6.000000e-01  1.692661e-01
6.030000e-01  1.688578e-01
6.060000e-01  1.684515e-01
6.090000e-01  1.680471e-01
6.120000e-01  1.676448e-01
6.150000e-01  1.672444e-01
6.180000e-01  1.668458e-01
6.210000e-01  1.664492e-01
6.240000e-01  1.660545e-01
6.270000e-01  1.656616e-01
6.300000e-01  1.652705e-01
6.330000e-01  1.648812e-01
6.360000e-01  1.644937e-01
6.390000e-01  1.641079e-01
6.420000e-01  1.637240e-01
6.450000e-01  1.633417e-01
6.480000e-01  1.629611e-01
6.510000e-01  1.625822e-01
6.540000e-01  1.622050e-01
6.570000e-01  1.618295e-01
6.600000e-01  1.614555e-01
6.630000e-01  1.610832e-01
6.660000e-01  1.607124e-01
6.690000e-01  1.603433e-01
6.720000e-01  1.599756e-01
6.750000e-01  1.596096e-01
6.780000e-01  1.592450e-01
6.810000e-01  1.588819e-01
6.840000e-01  1.585204e-01
6.870000e-01  1.581603e-01
6.900000e-01  1.578016e-01
6.930000e-01  1.574444e-01
6.960000e-01  1.570887e-01
6.990000e-01  1.567343e-01
7.020000e-01  1.563813e-01
7.050000e-01  1.560297e-01
7.080000e-01  1.556795e-01
7.110000e-01  1.553306e-01
7.140000e-01  1.549830e-01
7.170000e-01  1.546368e-01
7.200000e-01  1.542918e-01
7.230000e-01  1.539482e-01
7.260000e-01  1.536058e-01
7.290000e-01  1.532647e-01
7.320000e-01  1.529248e-01
7.350000e-01  1.525861e-01
7.380000e-01  1.522487e-01
7.410000e-01  1.519125e-01
7.440000e-01  1.515775e-01
7.470000e-01  1.512437e-01
7.500000e-01  1.509110e-01
7.530000e-01  1.505795e-01
7.560000e-01  1.502491e-01
7.590000e-01  1.499199e-01
7.620000e-01  1.495918e-01
7.650000e-01  1.492648e-01
7.680000e-01  1.489389e-01
7.710000e-01  1.486140e-01
7.740000e-01  1.482903e-01
7.770000e-01  1.479676e-01
7.800000e-01  1.476459e-01
7.830000e-01  1.473253e-01
7.860000e-01  1.470057e-01
7.890000e-01  1.466871e-01
7.920000e-01  1.463696e-01
7.950000e-01  1.460530e-01
7.980000e-01  1.457374e-01
8.010000e-01  1.454228e-01
8.040000e-01  1.451091e-01
8.070000e-01  1.447964e-01
8.100000e-01  1.444847e-01
8.130000e-01  1.441738e-01
8.160000e-01  1.438639e-01
8.190000e-01  1.435549e-01
8.220000e-01  1.432468e-01
8.250000e-01  1.429396e-01
8.280000e-01  1.426332e-01
8.310000e-01  1.423277e-01
8.340000e-01  1.420231e-01
8.370000e-01  1.417194e-01
8.400000e-01  1.414164e-01
8.430000e-01  1.411144e-01
8.460000e-01  1.408131e-01
8.490000e-01  1.405126e-01
8.520000e-01  1.402130e-01
8.550000e-01  1.399141e-01
8.580000e-01  1.396161e-01
8.610000e-01  1.393188e-01
8.640000e-01  1.390223e-01
8.670000e-01  1.387265e-01
8.700000e-01  1.384315e-01
8.730000e-01  1.381372e-01
8.760000e-01  1.378437e-01
8.790000e-01  1.375509e-01
8.820000e-01  1.372588e-01
8.850000e-01  1.369674e-01
8.880000e-01  1.366767e-01
8.910000e-01  1.363867e-01
8.940000e-01  1.360974e-01
8.970000e-01  1.358087e-01
9.000000e-01  1.355208e-01
9.030000e-01  1.352335e-01
9.060000e-01  1.349468e-01
9.090000e-01  1.346608e-01
9.120000e-01  1.343754e-01
9.150000e-01  1.340906e-01
9.180000e-01  1.338065e-01
9.210000e-01  1.335229e-01
9.240000e-01  1.332400e-01
9.270000e-01  1.329577e-01
9.300000e-01  1.326759e-01
9.330000e-01  1.323947e-01
9.360000e-01  1.321141e-01
9.390000e-01  1.318341e-01
9.420000e-01  1.315546e-01
9.450000e-01  1.312757e-01
9.480000e-01  1.309972e-01
9.510000e-01  1.307194e-01
9.540000e-01  1.304421e-01
9.570000e-01  1.301652e-01
9.600000e-01  1.298889e-01
9.630000e-01  1.296131e-01
9.660000e-01  1.293378e-01
9.690000e-01  1.290630e-01
9.720000e-01  1.287887e-01
9.750000e-01  1.285148e-01
9.780000e-01  1.282414e-01
9.810000e-01  1.279685e-01
9.840000e-01  1.276960e-01
9.870000e-01  1.274239e-01
9.900000e-01  1.271523e-01
9.930000e-01  1.268812e-01
9.960000e-01  1.266104e-01
9.990000e-01  1.263401e-01
