000000  000001
3.000000e-03  9.607068e-01
6.000000e-03  9.289171e-01
9.000000e-03  9.022238e-01
1.200000e-02  8.792262e-01
1.500000e-02  8.590347e-01
1.800000e-02  8.410476e-01
2.100000e-02  8.248384e-01
2.400000e-02  8.100937e-01
2.700000e-02  7.965761e-01
3.000000e-02  7.841017e-01
3.300000e-02  7.725249e-01
3.600000e-02  7.617285e-01
3.900000e-02  7.516166e-01
4.200000e-02  7.421101e-01
4.500000e-02  7.331427e-01
4.800000e-02  7.246583e-01
5.100000e-02  7.166091e-01
5.400000e-02  7.089541e-01
5.700000e-02  7.016575e-01
6.000000e-02  6.946885e-01
6.300000e-02  6.880198e-01
6.600000e-02  6.816275e-01
6.900000e-02  6.754902e-01
7.200000e-02  6.695891e-01
7.500000e-02  6.639072e-01
7.800000e-02  6.584295e-01
8.100000e-02  6.531422e-01
8.400000e-02  6.480330e-01
8.700000e-02  6.430906e-01
9.000000e-02  6.383048e-01
9.300000e-02  6.336664e-01
9.600000e-02  6.291669e-01
9.900000e-02  6.247983e-01
1.020000e-01  6.205537e-01
1.050000e-01  6.164263e-01
1.080000e-01  6.124100e-01
1.110000e-01  6.084992e-01
1.140000e-01  6.046888e-01
1.170000e-01  6.009737e-01
1.200000e-01  5.973496e-01
1.230000e-01  5.938121e-01
1.260000e-01  5.903574e-01
1.290000e-01  5.869817e-01
1.320000e-01  5.836817e-01
1.350000e-01  5.804542e-01
1.380000e-01  5.772960e-01
1.410000e-01  5.742044e-01
1.440000e-01  5.711767e-01
1.470000e-01  5.682103e-01
1.500000e-01  5.653029e-01
1.530000e-01  5.624523e-01
1.560000e-01  5.596562e-01
1.590000e-01  5.569128e-01
1.620000e-01  5.542201e-01
1.650000e-01  5.515764e-01
1.680000e-01  5.489798e-01
1.710000e-01  5.464288e-01
1.740000e-01  5.439219e-01
1.770000e-01  5.414576e-01
1.800000e-01  5.390344e-01
1.830000e-01  5.366511e-01
1.860000e-01  5.343063e-01
1.890000e-01  5.319990e-01
1.920000e-01  5.297279e-01
1.950000e-01  5.274918e-01
1.980000e-01  5.252899e-01
2.010000e-01  5.231210e-01
2.040000e-01  5.209842e-01
2.070000e-01  5.188785e-01
2.100000e-01  5.168032e-01
2.130000e-01  5.147572e-01
2.160000e-01  5.127399e-01
2.190000e-01  5.107504e-01
2.220000e-01  5.087879e-01
2.250000e-01  5.068519e-01
2.280000e-01  5.049414e-01
2.310000e-01  5.030560e-01
2.340000e-01  5.011949e-01
2.370000e-01  4.993576e-01
2.400000e-01  4.975433e-01
2.430000e-01  4.957516e-01
2.460000e-01  4.939820e-01
2.490000e-01  4.922337e-01
2.520000e-01  4.905065e-01
2.550000e-01  4.887997e-01
2.580000e-01  4.871128e-01
2.610000e-01  4.854455e-01
2.640000e-01  4.837972e-01
2.670000e-01  4.821675e-01
2.700000e-01  4.805560e-01
2.730000e-01  4.789624e-01
2.760000e-01  4.773861e-01
2.790000e-01  4.758268e-01
2.820000e-01  4.742842e-01
2.850000e-01  4.727579e-01
2.880000e-01  4.712476e-01
2.910000e-01  4.697528e-01
2.940000e-01  4.682733e-01
2.970000e-01  4.668088e-01
3.000000e-01  4.653590e-01
3.030000e-01  4.639235e-01
3.060000e-01  4.625021e-01
3.090000e-01  4.610945e-01
3.120000e-01  4.597004e-01
3.150000e-01  4.583196e-01
3.180000e-01  4.569518e-01
3.210000e-01  4.555967e-01
3.240000e-01  4.542541e-01
3.270000e-01  4.529238e-01
3.300000e-01  4.516056e-01
3.330000e-01  4.502991e-01
3.360000e-01  4.490043e-01
3.390000e-01  4.477208e-01
3.420000e-01  4.464486e-01
3.450000e-01  4.451873e-01
3.480000e-01  4.439367e-01
3.510000e-01  4.426968e-01
3.540000e-01  4.414673e-01
3.570000e-01  4.402480e-01
3.600000e-01  4.390387e-01
3.630000e-01  4.378393e-01
3.660000e-01  4.366496e-01
3.690000e-01  4.354695e-01
3.720000e-01  4.342987e-01
3.750000e-01  4.331371e-01
3.780000e-01  4.319847e-01
3.810000e-01  4.308411e-01
3.840000e-01  4.297063e-01
3.870000e-01  4.285801e-01
3.900000e-01  4.274624e-01
3.930000e-01  4.263531e-01
3.960000e-01  4.252520e-01
3.990000e-01  4.241590e-01
4.020000e-01  4.230739e-01
4.050000e-01  4.219967e-01
4.080000e-01  4.209272e-01
4.110000e-01  4.198653e-01
4.140000e-01  4.188109e-01
4.170000e-01  4.177639e-01
4.200000e-01  4.167241e-01
4.230000e-01  4.156914e-01
4.260000e-01  4.146658e-01
4.290000e-01  4.136472e-01
4.320000e-01  4.126353e-01
4.350000e-01  4.116302e-01
4.380000e-01  4.106318e-01
4.410000e-01  4.096398e-01
4.440000e-01  4.086544e-01
4.470000e-01  4.076752e-01
4.500000e-01  4.067024e-01
4.530000e-01  4.057357e-01
4.560000e-01  4.047751e-01
4.590000e-01  4.038205e-01
4.620000e-01  4.028718e-01
4.650000e-01  4.019289e-01
4.680000e-01  4.009919e-01
4.710000e-01  4.000604e-01
4.740000e-01  3.991346e-01
4.770000e-01  3.982143e-01
4.800000e-01  3.972995e-01
4.830000e-01  3.963900e-01
4.860000e-01  3.954858e-01
4.890000e-01  3.945869e-01
4.920000e-01  3.936931e-01
4.950000e-01  3.928044e-01
4.980000e-01  3.919208e-01
5.010000e-01  3.910421e-01
5.040000e-01  3.901683e-01
5.070000e-01  3.892993e-01
5.100000e-01  3.884352e-01
5.130000e-01  3.875757e-01
5.160000e-01  3.867209e-01
5.190000e-01  3.858707e-01
5.220000e-01  3.850250e-01
5.250000e-01  3.841837e-01
5.280000e-01  3.833470e-01
5.310000e-01  3.825145e-01
5.340000e-01  3.816864e-01
5.370000e-01  3.808626e-01
5.400000e-01  3.800429e-01
5.430000e-01  3.792274e-01
5.460000e-01  3.784160e-01
5.490000e-01  3.776087e-01
5.520000e-01  3.768054e-01
5.550000e-01  3.760060e-01
5.580000e-01  3.752106e-01
5.610000e-01  3.744190e-01
5.640000e-01  3.736312e-01
5.670000e-01  3.728472e-01
5.700000e-01  3.720669e-01
5.730000e-01  3.712903e-01
5.760000e-01  3.705173e-01
5.790000e-01  3.697480e-01
5.820000e-01  3.689822e-01
5.850000e-01  3.682199e-01
5.880000e-01  3.674610e-01
5.910000e-01  3.667057e-01
5.940000e-01  3.659537e-01
5.970000e-01  3.652050e-01
6.000000e-01  3.644597e-01
6.030000e-01  3.637176e-01
6.060000e-01  3.629788e-01
6.090000e-01  3.622432e-01
6.120000e-01  3.615108e-01
6.150000e-01  3.607815e-01
6.180000e-01  3.600553e-01
6.210000e-01  3.593321e-01
6.240000e-01  3.586120e-01
6.270000e-01  3.578949e-01
6.300000e-01  3.571807e-01
6.330000e-01  3.564695e-01
6.360000e-01  3.557611e-01
6.390000e-01  3.550557e-01
6.420000e-01  3.543530e-01
6.450000e-01  3.536532e-01
6.480000e-01  3.529561e-01
6.510000e-01  3.522618e-01
6.540000e-01  3.515701e-01
6.570000e-01  3.508812e-01
6.600000e-01  3.501949e-01
6.630000e-01  3.495112e-01
6.660000e-01  3.488301e-01
6.690000e-01  3.481516e-01
6.720000e-01  3.474756e-01
6.750000e-01  3.468022e-01
6.780000e-01  3.461312e-01
6.810000e-01  3.454627e-01
6.840000e-01  3.447966e-01
6.870000e-01  3.441329e-01
6.900000e-01  3.434716e-01
6.930000e-01  3.428126e-01
6.960000e-01  3.421560e-01
6.990000e-01  3.415017e-01
7.020000e-01  3.408496e-01
7.050000e-01  3.401998e-01
7.080000e-01  3.395523e-01
7.110000e-01  3.389069e-01
7.140000e-01  3.382637e-01
7.170000e-01  3.376227e-01
7.200000e-01  3.369839e-01
7.230000e-01  3.363471e-01
7.260000e-01  3.357124e-01
7.290000e-01  3.350799e-01
7.320000e-01  3.344493e-01
7.350000e-01  3.338208e-01
7.380000e-01  3.331943e-01
7.410000e-01  3.325698e-01
7.440000e-01  3.319472e-01
7.470000e-01  3.313266e-01
7.500000e-01  3.307079e-01
7.530000e-01  3.300911e-01
7.560000e-01  3.294762e-01
7.590000e-01  3.288631e-01
7.620000e-01  3.282519e-01
7.650000e-01  3.276425e-01
7.680000e-01  3.270349e-01
7.710000e-01  3.264291e-01
7.740000e-01  3.258251e-01
7.770000e-01  3.252228e-01
7.800000e-01  3.246223e-01
7.830000e-01  3.240234e-01
7.860000e-01  3.234263e-01
7.890000e-01  3.228308e-01
7.920000e-01  3.222370e-01
7.950000e-01  3.216448e-01
7.980000e-01  3.210542e-01
8.010000e-01  3.204652e-01
8.040000e-01  3.198779e-01
8.070000e-01  3.192921e-01
8.100000e-01  3.187078e-01
8.130000e-01  3.181251e-01
8.160000e-01  3.175439e-01
8.190000e-01  3.169642e-01
8.220000e-01  3.163860e-01
8.250000e-01  3.158092e-01
8.280000e-01  3.152339e-01
8.310000e-01  3.146601e-01
8.340000e-01  3.140876e-01
8.370000e-01  3.135166e-01
8.400000e-01  3.129470e-01
8.430000e-01  3.123787e-01
8.460000e-01  3.118118e-01
8.490000e-01  3.112462e-01
8.520000e-01  3.106820e-01
8.550000e-01  3.101191e-01
8.580000e-01  3.095575e-01
8.610000e-01  3.089971e-01
8.640000e-01  3.084381e-01
8.670000e-01  3.078803e-01
8.700000e-01  3.073237e-01
8.730000e-01  3.067684e-01
8.760000e-01  3.062142e-01
8.790000e-01  3.056613e-01
8.820000e-01  3.051095e-01
8.850000e-01  3.045590e-01
8.880000e-01  3.040095e-01
8.910000e-01  3.034613e-01
8.940000e-01  3.029141e-01
8.970000e-01  3.023681e-01
9.000000e-01  3.018231e-01
9.030000e-01  3.012793e-01
9.060000e-01  3.007365e-01
9.090000e-01  3.001948e-01
9.120000e-01  2.996541e-01
9.150000e-01  2.991145e-01
9.180000e-01  2.985758e-01
9.210000e-01  2.980382e-01
9.240000e-01  2.975016e-01
9.270000e-01  2.969660e-01
9.300000e-01  2.964313e-01
9.330000e-01  2.958976e-01
9.360000e-01  2.953648e-01
9.390000e-01  2.948330e-01
9.420000e-01  2.943020e-01
9.450000e-01  2.937720e-01
9.480000e-01  2.932429e-01
9.510000e-01  2.927146e-01
9.540000e-01  2.921873e-01
9.570000e-01  2.916607e-01
9.600000e-01  2.911350e-01
9.630000e-01  2.906102e-01
9.660000e-01  2.900861e-01
9.690000e-01  2.895629e-01
9.720000e-01  2.890405e-01
9.750000e-01  2.885188e-01
9.780000e-01  2.879979e-01
9.810000e-01  2.874777e-01
9.840000e-01  2.869583e-01
9.870000e-01  2.864397e-01
9.900000e-01  2.859217e-01
9.930000e-01  2.854045e-01
9.960000e-01  2.848879e-01
9.990000e-01  2.843720e-01
