000000  000001
3.000000e-03  9.593304e-01
6.000000e-03  9.266473e-01
9.000000e-03  8.993283e-01
1.200000e-02  8.758696e-01
1.500000e-02  8.553255e-01
1.800000e-02  8.370611e-01
2.100000e-02  8.206290e-01
2.400000e-02  8.057020e-01
2.700000e-02  7.920332e-01
3.000000e-02  7.794318e-01
3.300000e-02  7.677472e-01
3.600000e-02  7.568585e-01
3.900000e-02  7.466671e-01
4.200000e-02  7.370916e-01
4.500000e-02  7.280640e-01
4.800000e-02  7.195267e-01
5.100000e-02  7.114310e-01
5.400000e-02  7.037347e-01
5.700000e-02  6.964016e-01
6.000000e-02  6.894000e-01
6.300000e-02  6.827022e-01
6.600000e-02  6.762838e-01
6.900000e-02  6.701232e-01
7.200000e-02  6.642011e-01
7.500000e-02  6.585003e-01
7.800000e-02  6.530055e-01
8.100000e-02  6.477028e-01
8.400000e-02  6.425796e-01
8.700000e-02  6.376246e-01
9.000000e-02  6.328274e-01
9.300000e-02  6.281786e-01
9.600000e-02  6.236696e-01
9.900000e-02  6.192925e-01
1.020000e-01  6.150401e-01
1.050000e-01  6.109056e-01
1.080000e-01  6.068829e-01
1.110000e-01  6.029663e-01
1.140000e-01  5.991505e-01
1.170000e-01  5.954307e-01
1.200000e-01  5.918021e-01
1.230000e-01  5.882607e-01
1.260000e-01  5.848024e-01
1.290000e-01  5.814235e-01
1.320000e-01  5.781205e-01
1.350000e-01  5.748903e-01
1.380000e-01  5.717297e-01
1.410000e-01  5.686359e-01
1.440000e-01  5.656062e-01
1.470000e-01  5.626381e-01
1.500000e-01  5.597291e-01
1.530000e-01  5.568771e-01
1.560000e-01  5.540798e-01
1.590000e-01  5.513353e-01
1.620000e-01  5.486416e-01
1.650000e-01  5.459969e-01
1.680000e-01  5.433996e-01
1.710000e-01  5.408480e-01
1.740000e-01  5.383404e-01
1.770000e-01  5.358756e-01
1.800000e-01  5.334520e-01
1.830000e-01  5.310683e-01
1.860000e-01  5.287233e-01
1.890000e-01  5.264156e-01
1.920000e-01  5.241443e-01
1.950000e-01  5.219081e-01
1.980000e-01  5.197060e-01
2.010000e-01  5.175370e-01
2.040000e-01  5.154002e-01
2.070000e-01  5.132945e-01
2.100000e-01  5.112191e-01
2.130000e-01  5.091732e-01
2.160000e-01  5.071558e-01
2.190000e-01  5.051664e-01
2.220000e-01  5.032040e-01
2.250000e-01  5.012679e-01
2.280000e-01  4.993576e-01
2.310000e-01  4.974722e-01
2.340000e-01  4.956111e-01
2.370000e-01  4.937738e-01
2.400000e-01  4.919596e-01
2.430000e-01  4.901680e-01
2.460000e-01  4.883984e-01
2.490000e-01  4.866502e-01
2.520000e-01  4.849229e-01
2.550000e-01  4.832161e-01
2.580000e-01  4.815293e-01
2.610000e-01  4.798619e-01
2.640000e-01  4.782136e-01
2.670000e-01  4.765838e-01
2.700000e-01  4.749723e-01
2.730000e-01  4.733785e-01
2.760000e-01  4.718022e-01
2.790000e-01  4.702428e-01
2.820000e-01  4.687000e-01
2.850000e-01  4.671736e-01
2.880000e-01  4.656630e-01
2.910000e-01  4.641680e-01
2.940000e-01  4.626883e-01
2.970000e-01  4.612236e-01
3.000000e-01  4.597735e-01
3.030000e-01  4.583377e-01
3.060000e-01  4.569159e-01
3.090000e-01  4.555080e-01
3.120000e-01  4.541135e-01
3.150000e-01  4.527323e-01
3.180000e-01  4.513640e-01
3.210000e-01  4.500085e-01
3.240000e-01  4.486655e-01
3.270000e-01  4.473346e-01
3.300000e-01  4.460158e-01
3.330000e-01  4.447088e-01
3.360000e-01  4.434134e-01
3.390000e-01  4.421293e-01
3.420000e-01  4.408564e-01
3.450000e-01  4.395944e-01
3.480000e-01  4.383431e-01
3.510000e-01  4.371025e-01
3.540000e-01  4.358722e-01
3.570000e-01  4.346520e-01
3.600000e-01  4.334419e-01
3.630000e-01  4.322417e-01
3.660000e-01  4.310511e-01
3.690000e-01  4.298700e-01
3.720000e-01  4.286983e-01
3.750000e-01  4.275357e-01
3.780000e-01  4.263822e-01
3.810000e-01  4.252376e-01
3.840000e-01  4.241017e-01
3.870000e-01  4.229744e-01
3.900000e-01  4.218556e-01
3.930000e-01  4.207450e-01
3.960000e-01  4.196427e-01
3.990000e-01  4.185485e-01
4.020000e-01  4.174621e-01
4.050000e-01  4.163836e-01
4.080000e-01  4.153128e-01
4.110000e-01  4.142495e-01
4.140000e-01  4.131937e-01
4.170000e-01  4.121452e-01
4.200000e-01  4.111039e-01
4.230000e-01  4.100698e-01
4.260000e-01  4.090426e-01
4.290000e-01  4.080224e-01
4.320000e-01  4.070089e-01
4.350000e-01  4.060022e-01
4.380000e-01  4.050020e-01
4.410000e-01  4.040084e-01
4.440000e-01  4.030212e-01
4.470000e-01  4.020403e-01
4.500000e-01  4.010656e-01
4.530000e-01  4.000971e-01
4.560000e-01  3.991346e-01
4.590000e-01  3.981781e-01
4.620000e-01  3.972275e-01
4.650000e-01  3.962826e-01
4.680000e-01  3.953435e-01
4.710000e-01  3.944101e-01
4.740000e-01  3.934822e-01
4.770000e-01  3.925598e-01
4.800000e-01  3.916428e-01
4.830000e-01  3.907311e-01
4.860000e-01  3.898247e-01
4.890000e-01  3.889235e-01
4.920000e-01  3.880275e-01
4.950000e-01  3.871365e-01
4.980000e-01  3.862505e-01
5.010000e-01  3.853694e-01
5.040000e-01  3.844931e-01
5.070000e-01  3.836217e-01
5.100000e-01  3.827551e-01
5.130000e-01  3.818930e-01
5.160000e-01  3.810357e-01
5.190000e-01  3.801828e-01
5.220000e-01  3.793345e-01
5.250000e-01  3.784906e-01
5.280000e-01  3.776511e-01
5.310000e-01  3.768159e-01
5.340000e-01  3.759850e-01
5.370000e-01  3.751584e-01
5.400000e-01  3.743359e-01
5.430000e-01  3.735175e-01
5.460000e-01  3.727032e-01
5.490000e-01  3.718929e-01
5.520000e-01  3.710865e-01
5.550000e-01  3.702841e-01
5.580000e-01  3.694856e-01
5.610000e-01  3.686909e-01
5.640000e-01  3.678999e-01
5.670000e-01  3.671127e-01
5.700000e-01  3.663292e-01
5.730000e-01  3.655494e-01
5.760000e-01  3.647731e-01
5.790000e-01  3.640004e-01
5.820000e-01  3.632312e-01
5.850000e-01  3.624655e-01
5.880000e-01  3.617032e-01
5.910000e-01  3.609444e-01
5.940000e-01  3.601888e-01
5.970000e-01  3.594366e-01
6.000000e-01  3.586877e-01
6.030000e-01  3.579420e-01
6.060000e-01  3.571995e-01
6.090000e-01  3.564602e-01
6.120000e-01  3.557239e-01
6.150000e-01  3.549908e-01
6.180000e-01  3.542608e-01
6.210000e-01  3.535337e-01
6.240000e-01  3.528097e-01
6.270000e-01  3.520886e-01
6.300000e-01  3.513704e-01
6.330000e-01  3.506551e-01
6.360000e-01  3.499427e-01
6.390000e-01  3.492331e-01
6.420000e-01  3.485263e-01
6.450000e-01  3.478222e-01
6.480000e-01  3.471209e-01
6.510000e-01  3.464222e-01
6.540000e-01  3.457263e-01
6.570000e-01  3.450329e-01
6.600000e-01  3.443422e-01
6.630000e-01  3.436541e-01
6.660000e-01  3.429685e-01
6.690000e-01  3.422854e-01
6.720000e-01  3.416048e-01
6.750000e-01  3.409267e-01
6.780000e-01  3.402511e-01
6.810000e-01  3.395778e-01
6.840000e-01  3.389069e-01
6.870000e-01  3.382384e-01
6.900000e-01  3.375722e-01
6.930000e-01  3.369083e-01
6.960000e-01  3.362468e-01
6.990000e-01  3.355874e-01
7.020000e-01  3.349303e-01
7.050000e-01  3.342754e-01
7.080000e-01  3.336227e-01
7.110000e-01  3.329722e-01
7.140000e-01  3.323238e-01
7.170000e-01  3.316775e-01
7.200000e-01  3.310333e-01
7.230000e-01  3.303911e-01
7.260000e-01  3.297510e-01
7.290000e-01  3.291130e-01
7.320000e-01  3.284769e-01
7.350000e-01  3.278428e-01
7.380000e-01  3.272106e-01
7.410000e-01  3.265804e-01
7.440000e-01  3.259521e-01
7.470000e-01  3.253257e-01
7.500000e-01  3.247012e-01
7.530000e-01  3.240785e-01
7.560000e-01  3.234577e-01
7.590000e-01  3.228386e-01
7.620000e-01  3.222214e-01
7.650000e-01  3.216059e-01
7.680000e-01  3.209921e-01
7.710000e-01  3.203801e-01
7.740000e-01  3.197698e-01
7.770000e-01  3.191612e-01
7.800000e-01  3.185543e-01
7.830000e-01  3.179490e-01
7.860000e-01  3.173454e-01
7.890000e-01  3.167434e-01
7.920000e-01  3.161429e-01
7.950000e-01  3.155441e-01
7.980000e-01  3.149468e-01
8.010000e-01  3.143511e-01
8.040000e-01  3.137569e-01
8.070000e-01  3.131642e-01
8.100000e-01  3.125729e-01
8.130000e-01  3.119832e-01
8.160000e-01  3.113949e-01
8.190000e-01  3.108081e-01
8.220000e-01  3.102227e-01
8.250000e-01  3.096387e-01
8.280000e-01  3.090561e-01
8.310000e-01  3.084748e-01
8.340000e-01  3.078949e-01
8.370000e-01  3.073164e-01
8.400000e-01  3.067392e-01
8.430000e-01  3.061632e-01
8.460000e-01  3.055886e-01
8.490000e-01  3.050153e-01
8.520000e-01  3.044432e-01
8.550000e-01  3.038724e-01
8.580000e-01  3.033027e-01
8.610000e-01  3.027344e-01
8.640000e-01  3.021672e-01
8.670000e-01  3.016011e-01
8.700000e-01  3.010363e-01
8.730000e-01  3.004726e-01
8.760000e-01  2.999101e-01
8.790000e-01  2.993486e-01
8.820000e-01  2.987883e-01
8.850000e-01  2.982291e-01
8.880000e-01  2.976710e-01
8.910000e-01  2.971139e-01
8.940000e-01  2.965578e-01
8.970000e-01  2.960028e-01
9.000000e-01  2.954489e-01
9.030000e-01  2.948959e-01
9.060000e-01  2.943439e-01
9.090000e-01  2.937929e-01
9.120000e-01  2.932429e-01
9.150000e-01  2.926938e-01
9.180000e-01  2.921457e-01
9.210000e-01  2.915984e-01
9.240000e-01  2.910521e-01
9.270000e-01  2.905067e-01
9.300000e-01  2.899621e-01
9.330000e-01  2.894185e-01
9.360000e-01  2.888756e-01
9.390000e-01  2.883336e-01
9.420000e-01  2.877925e-01
9.450000e-01  2.872521e-01
9.480000e-01  2.867126e-01
9.510000e-01  2.861738e-01
9.540000e-01  2.856358e-01
9.570000e-01  2.850985e-01
9.600000e-01  2.845620e-01
9.630000e-01  2.840262e-01
9.660000e-01  2.834912e-01
9.690000e-01  2.829568e-01
9.720000e-01  2.824231e-01
9.750000e-01  2.818901e-01
9.780000e-01  2.813578e-01
9.810000e-01  2.808261e-01
9.840000e-01  2.802950e-01
9.870000e-01  2.797646e-01
9.900000e-01  2.792347e-01
9.930000e-01  2.787055e-01
9.960000e-01  2.781768e-01
9.990000e-01  2.776487e-01
