000000  000001
3.000000e-03  9.378683e-01
6.000000e-03  8.926895e-01
9.000000e-03  8.572056e-01
1.200000e-02  8.280220e-01
1.500000e-02  8.032667e-01
1.800000e-02  7.817950e-01
2.100000e-02  7.628550e-01
2.400000e-02  7.459259e-01
2.700000e-02  7.306320e-01
3.000000e-02  7.166935e-01
3.300000e-02  7.038963e-01
3.600000e-02  6.920728e-01
3.900000e-02  6.810898e-01
4.200000e-02  6.708391e-01
4.500000e-02  6.612321e-01
4.800000e-02  6.521953e-01
5.100000e-02  6.436668e-01
5.400000e-02  6.355942e-01
5.700000e-02  6.279327e-01
6.000000e-02  6.206437e-01
6.300000e-02  6.136938e-01
6.600000e-02  6.070537e-01
6.900000e-02  6.006978e-01
7.200000e-02  5.946035e-01
7.500000e-02  5.887507e-01
7.800000e-02  5.831214e-01
8.100000e-02  5.776997e-01
8.400000e-02  5.724712e-01
8.700000e-02  5.674230e-01
9.000000e-02  5.625434e-01
9.300000e-02  5.578216e-01
9.600000e-02  5.532480e-01
9.900000e-02  5.488139e-01
1.020000e-01  5.445110e-01
1.050000e-01  5.403321e-01
1.080000e-01  5.362703e-01
1.110000e-01  5.323193e-01
1.140000e-01  5.284733e-01
1.170000e-01  5.247270e-01
1.200000e-01  5.210754e-01
1.230000e-01  5.175139e-01
1.260000e-01  5.140382e-01
1.290000e-01  5.106442e-01
1.320000e-01  5.073283e-01
1.350000e-01  5.040869e-01
1.380000e-01  5.009168e-01
1.410000e-01  4.978150e-01
1.440000e-01  4.947785e-01
1.470000e-01  4.918046e-01
1.500000e-01  4.888909e-01
1.530000e-01  4.860349e-01
1.560000e-01  4.832344e-01
1.590000e-01  4.804871e-01
1.620000e-01  4.777912e-01
1.650000e-01  4.751447e-01
1.680000e-01  4.725458e-01
1.710000e-01  4.699928e-01
1.740000e-01  4.674841e-01
1.770000e-01  4.650181e-01
1.800000e-01  4.625934e-01
1.830000e-01  4.602085e-01
1.860000e-01  4.578622e-01
1.890000e-01  4.555532e-01
1.920000e-01  4.532803e-01
1.950000e-01  4.510422e-01
1.980000e-01  4.488381e-01
2.010000e-01  4.466667e-01
2.040000e-01  4.445271e-01
2.070000e-01  4.424183e-01
2.100000e-01  4.403394e-01
2.130000e-01  4.382896e-01
2.160000e-01  4.362679e-01
2.190000e-01  4.342736e-01
2.220000e-01  4.323059e-01
2.250000e-01  4.303641e-01
2.280000e-01  4.284475e-01
2.310000e-01  4.265553e-01
2.340000e-01  4.246869e-01
2.370000e-01  4.228416e-01
2.400000e-01  4.210189e-01
2.430000e-01  4.192182e-01
2.460000e-01  4.174389e-01
2.490000e-01  4.156804e-01
2.520000e-01  4.139422e-01
2.550000e-01  4.122238e-01
2.580000e-01  4.105248e-01
2.610000e-01  4.088446e-01
2.640000e-01  4.071828e-01
2.670000e-01  4.055389e-01
2.700000e-01  4.039126e-01
2.730000e-01  4.023034e-01
2.760000e-01  4.007108e-01
2.790000e-01  3.991346e-01
2.820000e-01  3.975743e-01
2.850000e-01  3.960296e-01
2.880000e-01  3.945002e-01
2.910000e-01  3.929856e-01
2.940000e-01  3.914855e-01
2.970000e-01  3.899997e-01
3.000000e-01  3.885279e-01
3.030000e-01  3.870696e-01
3.060000e-01  3.856247e-01
3.090000e-01  3.841928e-01
3.120000e-01  3.827736e-01
3.150000e-01  3.813670e-01
3.180000e-01  3.799726e-01
3.210000e-01  3.785902e-01
3.240000e-01  3.772195e-01
3.270000e-01  3.758603e-01
3.300000e-01  3.745124e-01
3.330000e-01  3.731755e-01
3.360000e-01  3.718494e-01
3.390000e-01  3.705339e-01
3.420000e-01  3.692288e-01
3.450000e-01  3.679339e-01
3.480000e-01  3.666489e-01
3.510000e-01  3.653738e-01
3.540000e-01  3.641082e-01
3.570000e-01  3.628521e-01
3.600000e-01  3.616051e-01
3.630000e-01  3.603673e-01
3.660000e-01  3.591383e-01
3.690000e-01  3.579180e-01
3.720000e-01  3.567062e-01
3.750000e-01  3.555029e-01
3.780000e-01  3.543078e-01
3.810000e-01  3.531207e-01
3.840000e-01  3.519416e-01
3.870000e-01  3.507703e-01
3.900000e-01  3.496066e-01
3.930000e-01  3.484504e-01
3.960000e-01  3.473016e-01
3.990000e-01  3.461600e-01
4.020000e-01  3.450255e-01
4.050000e-01  3.438980e-01
4.080000e-01  3.427773e-01
4.110000e-01  3.416633e-01
4.140000e-01  3.405559e-01
4.170000e-01  3.394550e-01
4.200000e-01  3.383604e-01
4.230000e-01  3.372721e-01
4.260000e-01  3.361900e-01
4.290000e-01  3.351138e-01
4.320000e-01  3.340436e-01
4.350000e-01  3.329792e-01
4.380000e-01  3.319205e-01
4.410000e-01  3.308674e-01
4.440000e-01  3.298198e-01
4.470000e-01  3.287776e-01
4.500000e-01  3.277407e-01
4.530000e-01  3.267090e-01
4.560000e-01  3.256825e-01
4.590000e-01  3.246610e-01
4.620000e-01  3.236444e-01
4.650000e-01  3.226327e-01
4.680000e-01  3.216257e-01
4.710000e-01  3.206234e-01
4.740000e-01  3.196257e-01
4.770000e-01  3.186325e-01
4.800000e-01  3.176438e-01
4.830000e-01  3.166593e-01
4.860000e-01  3.156792e-01
4.890000e-01  3.147032e-01
4.920000e-01  3.137313e-01
4.950000e-01  3.127635e-01
4.980000e-01  3.117996e-01
5.010000e-01  3.108396e-01
5.040000e-01  3.098834e-01
5.070000e-01  3.089309e-01
5.100000e-01  3.079821e-01
5.130000e-01  3.070369e-01
5.160000e-01  3.060952e-01
5.190000e-01  3.051570e-01
5.220000e-01  3.042221e-01
5.250000e-01  3.032905e-01
5.280000e-01  3.023622e-01
5.310000e-01  3.014370e-01
5.340000e-01  3.005150e-01
5.370000e-01  2.995960e-01
5.400000e-01  2.986800e-01
5.430000e-01  2.977669e-01
5.460000e-01  2.968567e-01
5.490000e-01  2.959492e-01
5.520000e-01  2.950445e-01
5.550000e-01  2.941424e-01
5.580000e-01  2.932429e-01
5.610000e-01  2.923460e-01
5.640000e-01  2.914515e-01
5.670000e-01  2.905594e-01
5.700000e-01  2.896697e-01
5.730000e-01  2.887823e-01
5.760000e-01  2.878972e-01
5.790000e-01  2.870142e-01
5.820000e-01  2.861333e-01
5.850000e-01  2.852544e-01
5.880000e-01  2.843776e-01
5.910000e-01  2.835027e-01
5.940000e-01  2.826296e-01
5.970000e-01  2.817584e-01
6.000000e-01  2.808889e-01
6.030000e-01  2.800212e-01
6.060000e-01  2.791550e-01
6.090000e-01  2.782905e-01
6.120000e-01  2.774274e-01
6.150000e-01  2.765658e-01
6.180000e-01  2.757057e-01
6.210000e-01  2.748468e-01
6.240000e-01  2.739892e-01
6.270000e-01  2.731329e-01
6.300000e-01  2.722777e-01
6.330000e-01  2.714236e-01
6.360000e-01  2.705705e-01
6.390000e-01  2.697184e-01
6.420000e-01  2.688673e-01
6.450000e-01  2.680169e-01
6.480000e-01  2.671674e-01
6.510000e-01  2.663186e-01
6.540000e-01  2.654704e-01
6.570000e-01  2.646228e-01
6.600000e-01  2.637758e-01
6.630000e-01  2.629292e-01
6.660000e-01  2.620830e-01
6.690000e-01  2.612371e-01
6.720000e-01  2.603915e-01
6.750000e-01  2.595461e-01
6.780000e-01  2.587007e-01
6.810000e-01  000000
6.840000e-01  000000
6.870000e-01  000000
6.900000e-01  000000
6.930000e-01  000000
6.960000e-01  000000
6.990000e-01  000000
7.020000e-01  000000
7.050000e-01  000000
7.080000e-01  000000
7.110000e-01  000000
7.140000e-01  000000
7.170000e-01  000000
7.200000e-01  000000
7.230000e-01  000000
7.260000e-01  000000
7.290000e-01  000000
7.320000e-01  000000
7.350000e-01  000000
7.380000e-01  000000
7.410000e-01  000000
7.440000e-01  000000
7.470000e-01  000000
7.500000e-01  000000
7.530000e-01  000000
7.560000e-01  000000
7.590000e-01  000000
7.620000e-01  000000
7.650000e-01  000000
7.680000e-01  000000
7.710000e-01  000000
7.740000e-01  000000
7.770000e-01  000000
7.800000e-01  000000
7.830000e-01  000000
7.860000e-01  000000
7.890000e-01  000000
7.920000e-01  000000
7.950000e-01  000000
7.980000e-01  000000
8.010000e-01  000000
8.040000e-01  000000
8.070000e-01  000000
8.100000e-01  000000
8.130000e-01  000000
8.160000e-01  000000
8.190000e-01  000000
8.220000e-01  000000
8.250000e-01  000000
8.280000e-01  000000
8.310000e-01  000000
8.340000e-01  000000
8.370000e-01  000000
8.400000e-01  000000
8.430000e-01  000000
8.460000e-01  000000
8.490000e-01  000000
8.520000e-01  000000
8.550000e-01  000000
8.580000e-01  000000
8.610000e-01  000000
8.640000e-01  000000
8.670000e-01  000000
8.700000e-01  000000
8.730000e-01  000000
8.760000e-01  000000
8.790000e-01  000000
8.820000e-01  000000
8.850000e-01  000000
8.880000e-01  000000
8.910000e-01  000000
8.940000e-01  000000
8.970000e-01  000000
9.000000e-01  000000
9.030000e-01  000000
9.060000e-01  000000
9.090000e-01  000000
9.120000e-01  000000
9.150000e-01  000000
9.180000e-01  000000
9.210000e-01  000000
9.240000e-01  000000
9.270000e-01  000000
9.300000e-01  000000
9.330000e-01  000000
9.360000e-01  000000
9.390000e-01  000000
9.420000e-01  000000
9.450000e-01  000000
9.480000e-01  000000
9.510000e-01  000000
9.540000e-01  000000
9.570000e-01  000000
9.600000e-01  000000
9.630000e-01  000000
9.660000e-01  000000
9.690000e-01  000000
9.720000e-01  000000
9.750000e-01  000000
9.780000e-01  000000
9.810000e-01  000000
9.840000e-01  000000
9.870000e-01  000000
9.900000e-01  000000
9.930000e-01  000000
9.960000e-01  000000
9.990000e-01  000000
