000000  000001
3.000000e-03  8.268638e-01
6.000000e-03  7.445356e-01
9.000000e-03  6.905951e-01
1.200000e-02  6.506772e-01
1.500000e-02  6.191051e-01
1.800000e-02  5.930542e-01
2.100000e-02  5.709163e-01
2.400000e-02  5.516903e-01
2.700000e-02  5.347114e-01
3.000000e-02  5.195161e-01
3.300000e-02  5.057689e-01
3.600000e-02  4.932193e-01
3.900000e-02  4.816752e-01
4.200000e-02  4.709865e-01
4.500000e-02  4.610336e-01
4.800000e-02  4.517197e-01
5.100000e-02  4.429655e-01
5.400000e-02  4.347049e-01
5.700000e-02  4.268826e-01
6.000000e-02  4.194518e-01
6.300000e-02  4.123725e-01
6.600000e-02  4.056100e-01
6.900000e-02  3.991346e-01
7.200000e-02  3.929201e-01
7.500000e-02  3.869434e-01
7.800000e-02  3.811844e-01
8.100000e-02  3.756251e-01
8.400000e-02  3.702493e-01
8.700000e-02  3.650427e-01
9.000000e-02  3.599923e-01
9.300000e-02  3.550863e-01
9.600000e-02  3.503141e-01
9.900000e-02  3.456659e-01
1.020000e-01  3.411328e-01
1.050000e-01  3.367068e-01
1.080000e-01  3.323801e-01
1.110000e-01  3.281458e-01
1.140000e-01  3.239974e-01
1.170000e-01  3.199289e-01
1.200000e-01  3.159345e-01
1.230000e-01  3.120088e-01
1.260000e-01  3.081469e-01
1.290000e-01  3.043438e-01
1.320000e-01  3.005951e-01
1.350000e-01  2.968962e-01
1.380000e-01  2.932429e-01
1.410000e-01  2.896311e-01
1.440000e-01  2.860568e-01
1.470000e-01  2.825159e-01
1.500000e-01  2.790046e-01
1.530000e-01  2.755188e-01
1.560000e-01  2.720548e-01
1.590000e-01  2.686084e-01
1.620000e-01  2.651755e-01
1.650000e-01  2.617520e-01
1.680000e-01  2.583332e-01
1.710000e-01  000000
1.740000e-01  000000
1.770000e-01  000000
1.800000e-01  000000
1.830000e-01  000000
1.860000e-01  000000
1.890000e-01  000000
1.920000e-01  000000
1.950000e-01  000000
1.980000e-01  000000
2.010000e-01  000000
2.040000e-01  000000
2.070000e-01  000000
2.100000e-01  000000
2.130000e-01  000000
2.160000e-01  000000
2.190000e-01  000000
2.220000e-01  000000
2.250000e-01  000000
2.280000e-01  000000
2.310000e-01  000000
2.340000e-01  000000
2.370000e-01  000000
2.400000e-01  000000
2.430000e-01  000000
2.460000e-01  000000
2.490000e-01  000000
2.520000e-01  000000
2.550000e-01  000000
2.580000e-01  000000
2.610000e-01  000000
2.640000e-01  000000
2.670000e-01  000000
2.700000e-01  000000
2.730000e-01  000000
2.760000e-01  000000
2.790000e-01  000000
2.820000e-01  000000
2.850000e-01  000000
2.880000e-01  000000
2.910000e-01  000000
2.940000e-01  000000
2.970000e-01  000000
3.000000e-01  000000
3.030000e-01  000000
3.060000e-01  000000
3.090000e-01  000000
3.120000e-01  000000
3.150000e-01  000000
3.180000e-01  000000
3.210000e-01  000000
3.240000e-01  000000
3.270000e-01  000000
3.300000e-01  000000
3.330000e-01  000000
3.360000e-01  000000
3.390000e-01  000000
3.420000e-01  000000
3.450000e-01  000000
3.480000e-01  000000
3.510000e-01  000000
3.540000e-01  000000
3.570000e-01  000000
3.600000e-01  000000
3.630000e-01  000000
3.660000e-01  000000
3.690000e-01  000000
3.720000e-01  000000
3.750000e-01  000000
3.780000e-01  000000
3.810000e-01  000000
3.840000e-01  000000
3.870000e-01  000000
3.900000e-01  000000
3.930000e-01  000000
3.960000e-01  000000
3.990000e-01  000000
4.020000e-01  000000
4.050000e-01  000000
4.080000e-01  000000
4.110000e-01  000000
4.140000e-01  000000
4.170000e-01  000000
4.200000e-01  000000
4.230000e-01  000000
4.260000e-01  000000
4.290000e-01  000000
4.320000e-01  000000
4.350000e-01  000000
4.380000e-01  000000
4.410000e-01  000000
4.440000e-01  000000
4.470000e-01  000000
4.500000e-01  000000
4.530000e-01  000000
4.560000e-01  000000
4.590000e-01  000000
4.620000e-01  000000
4.650000e-01  000000
4.680000e-01  000000
4.710000e-01  000000
4.740000e-01  000000
4.770000e-01  000000
4.800000e-01  000000
4.830000e-01  000000
4.860000e-01  000000
4.890000e-01  000000
4.920000e-01  000000
4.950000e-01  000000
4.980000e-01  000000
5.010000e-01  000000
5.040000e-01  000000
5.070000e-01  000000
5.100000e-01  000000
5.130000e-01  000000
5.160000e-01  000000
5.190000e-01  000000
5.220000e-01  000000
5.250000e-01  000000
5.280000e-01  000000
5.310000e-01  000000
5.340000e-01  000000
5.370000e-01  000000
5.400000e-01  000000
5.430000e-01  000000
5.460000e-01  000000
5.490000e-01  000000
5.520000e-01  000000
5.550000e-01  000000
5.580000e-01  000000
5.610000e-01  000000
5.640000e-01  000000
5.670000e-01  000000
5.700000e-01  000000
5.730000e-01  000000
5.760000e-01  000000
5.790000e-01  000000
5.820000e-01  000000
5.850000e-01  000000
5.880000e-01  000000
5.910000e-01  000000
5.940000e-01  000000
5.970000e-01  000000
6.000000e-01  000000
6.030000e-01  000000
6.060000e-01  000000
6.090000e-01  000000
6.120000e-01  000000
6.150000e-01  000000
6.180000e-01  000000
6.210000e-01  000000
6.240000e-01  000000
6.270000e-01  000000
6.300000e-01  000000
6.330000e-01  000000
6.360000e-01  000000
6.390000e-01  000000
6.420000e-01  000000
6.450000e-01  000000
6.480000e-01  000000
6.510000e-01  000000
6.540000e-01  000000
6.570000e-01  000000
6.600000e-01  000000
6.630000e-01  000000
6.660000e-01  000000
6.690000e-01  000000
6.720000e-01  000000
6.750000e-01  000000
6.780000e-01  000000
6.810000e-01  000000
6.840000e-01  000000
6.870000e-01  000000
6.900000e-01  000000
6.930000e-01  000000
6.960000e-01  000000
6.990000e-01  000000
7.020000e-01  000000
7.050000e-01  000000
7.080000e-01  000000
7.110000e-01  000000
7.140000e-01  000000
7.170000e-01  000000
7.200000e-01  000000
7.230000e-01  000000
7.260000e-01  000000
7.290000e-01  000000
7.320000e-01  000000
7.350000e-01  000000
7.380000e-01  000000
7.410000e-01  000000
7.440000e-01  000000
7.470000e-01  000000
7.500000e-01  000000
7.530000e-01  000000
7.560000e-01  000000
7.590000e-01  000000
7.620000e-01  000000
7.650000e-01  000000
7.680000e-01  000000
7.710000e-01  000000
7.740000e-01  000000
7.770000e-01  000000
7.800000e-01  000000
7.830000e-01  000000
7.860000e-01  000000
7.890000e-01  000000
7.920000e-01  000000
7.950000e-01  000000
7.980000e-01  000000
8.010000e-01  000000
8.040000e-01  000000
8.070000e-01  000000
8.100000e-01  000000
8.130000e-01  000000
8.160000e-01  000000
8.190000e-01  000000
8.220000e-01  000000
8.250000e-01  000000
8.280000e-01  000000
8.310000e-01  000000
8.340000e-01  000000
8.370000e-01  000000
8.400000e-01  000000
8.430000e-01  000000
8.460000e-01  000000
8.490000e-01  000000
8.520000e-01  000000
8.550000e-01  000000
8.580000e-01  000000
8.610000e-01  000000
8.640000e-01  000000
8.670000e-01  000000
8.700000e-01  000000
8.730000e-01  000000
8.760000e-01  000000
8.790000e-01  000000
8.820000e-01  000000
8.850000e-01  000000
8.880000e-01  000000
8.910000e-01  000000
8.940000e-01  000000
8.970000e-01  000000
9.000000e-01  000000
9.030000e-01  000000
9.060000e-01  000000
9.090000e-01  000000
9.120000e-01  000000
9.150000e-01  000000
9.180000e-01  000000
9.210000e-01  000000
9.240000e-01  000000
9.270000e-01  000000
9.300000e-01  000000
9.330000e-01  000000
9.360000e-01  000000
9.390000e-01  000000
9.420000e-01  000000
9.450000e-01  000000
9.480000e-01  000000
9.510000e-01  000000
9.540000e-01  000000
9.570000e-01  000000
9.600000e-01  000000
9.630000e-01  000000
9.660000e-01  000000
9.690000e-01  000000
9.720000e-01  000000
9.750000e-01  000000
9.780000e-01  000000
9.810000e-01  000000
9.840000e-01  000000
9.870000e-01  000000
9.900000e-01  000000
9.930000e-01  000000
9.960000e-01  000000
9.990000e-01  000000
