000000  000001
3.000000e-03  8.935335e-01
6.000000e-03  8.291636e-01
9.000000e-03  7.830833e-01
1.200000e-02  7.472984e-01
1.500000e-02  7.181188e-01
1.800000e-02  6.935329e-01
2.100000e-02  6.723230e-01
2.400000e-02  6.536960e-01
2.700000e-02  6.371069e-01
3.000000e-02  6.221651e-01
3.300000e-02  6.085814e-01
3.600000e-02  5.961358e-01
3.900000e-02  5.846570e-01
4.200000e-02  5.740092e-01
4.500000e-02  5.640831e-01
4.800000e-02  5.547889e-01
5.100000e-02  5.460527e-01
5.400000e-02  5.378125e-01
5.700000e-02  5.300158e-01
6.000000e-02  5.226180e-01
6.300000e-02  5.155808e-01
6.600000e-02  5.088709e-01
6.900000e-02  5.024594e-01
7.200000e-02  4.963210e-01
7.500000e-02  4.904334e-01
7.800000e-02  4.847769e-01
8.100000e-02  4.793338e-01
8.400000e-02  4.740885e-01
8.700000e-02  4.690269e-01
9.000000e-02  4.641364e-01
9.300000e-02  4.594055e-01
9.600000e-02  4.548239e-01
9.900000e-02  4.503822e-01
1.020000e-01  4.460717e-01
1.050000e-01  4.418847e-01
1.080000e-01  4.378139e-01
1.110000e-01  4.338528e-01
1.140000e-01  4.299952e-01
1.170000e-01  4.262356e-01
1.200000e-01  4.225687e-01
1.230000e-01  4.189899e-01
1.260000e-01  4.154945e-01
1.290000e-01  4.120785e-01
1.320000e-01  4.087380e-01
1.350000e-01  4.054694e-01
1.380000e-01  4.022693e-01
1.410000e-01  3.991346e-01
1.440000e-01  3.960623e-01
1.470000e-01  3.930497e-01
1.500000e-01  3.900942e-01
1.530000e-01  3.871932e-01
1.560000e-01  3.843445e-01
1.590000e-01  3.815459e-01
1.620000e-01  3.787953e-01
1.650000e-01  3.760909e-01
1.680000e-01  3.734307e-01
1.710000e-01  3.708129e-01
1.740000e-01  3.682361e-01
1.770000e-01  3.656984e-01
1.800000e-01  3.631986e-01
1.830000e-01  3.607350e-01
1.860000e-01  3.583065e-01
1.890000e-01  3.559116e-01
1.920000e-01  3.535492e-01
1.950000e-01  3.512180e-01
1.980000e-01  3.489169e-01
2.010000e-01  3.466449e-01
2.040000e-01  3.444009e-01
2.070000e-01  3.421839e-01
2.100000e-01  3.399929e-01
2.130000e-01  3.378271e-01
2.160000e-01  3.356855e-01
2.190000e-01  3.335673e-01
2.220000e-01  3.314717e-01
2.250000e-01  3.293978e-01
2.280000e-01  3.273450e-01
2.310000e-01  3.253124e-01
2.340000e-01  3.232994e-01
2.370000e-01  3.213053e-01
2.400000e-01  3.193294e-01
2.430000e-01  3.173710e-01
2.460000e-01  3.154296e-01
2.490000e-01  3.135045e-01
2.520000e-01  3.115950e-01
2.550000e-01  3.097007e-01
2.580000e-01  3.078210e-01
2.610000e-01  3.059553e-01
2.640000e-01  3.041030e-01
2.670000e-01  3.022636e-01
2.700000e-01  3.004367e-01
2.730000e-01  2.986216e-01
2.760000e-01  2.968180e-01
2.790000e-01  2.950252e-01
2.820000e-01  2.932429e-01
2.850000e-01  2.914705e-01
2.880000e-01  2.897076e-01
2.910000e-01  2.879536e-01
2.940000e-01  2.862082e-01
2.970000e-01  2.844708e-01
3.000000e-01  2.827410e-01
3.030000e-01  2.810183e-01
3.060000e-01  2.793023e-01
3.090000e-01  2.775926e-01
3.120000e-01  2.758886e-01
3.150000e-01  2.741898e-01
3.180000e-01  2.724959e-01
3.210000e-01  2.708064e-01
3.240000e-01  2.691207e-01
3.270000e-01  2.674384e-01
3.300000e-01  2.657591e-01
3.330000e-01  2.640821e-01
3.360000e-01  2.624070e-01
3.390000e-01  2.607333e-01
3.420000e-01  2.590604e-01
3.450000e-01  000000
3.480000e-01  000000
3.510000e-01  000000
3.540000e-01  000000
3.570000e-01  000000
3.600000e-01  000000
3.630000e-01  000000
3.660000e-01  000000
3.690000e-01  000000
3.720000e-01  000000
3.750000e-01  000000
3.780000e-01  000000
3.810000e-01  000000
3.840000e-01  000000
3.870000e-01  000000
3.900000e-01  000000
3.930000e-01  000000
3.960000e-01  000000
3.990000e-01  000000
4.020000e-01  000000
4.050000e-01  000000
4.080000e-01  000000
4.110000e-01  000000
4.140000e-01  000000
4.170000e-01  000000
4.200000e-01  000000
4.230000e-01  000000
4.260000e-01  000000
4.290000e-01  000000
4.320000e-01  000000
4.350000e-01  000000
4.380000e-01  000000
4.410000e-01  000000
4.440000e-01  000000
4.470000e-01  000000
4.500000e-01  000000
4.530000e-01  000000
4.560000e-01  000000
4.590000e-01  000000
4.620000e-01  000000
4.650000e-01  000000
4.680000e-01  000000
4.710000e-01  000000
4.740000e-01  000000
4.770000e-01  000000
4.800000e-01  000000
4.830000e-01  000000
4.860000e-01  000000
4.890000e-01  000000
4.920000e-01  000000
4.950000e-01  000000
4.980000e-01  000000
5.010000e-01  000000
5.040000e-01  000000
5.070000e-01  000000
5.100000e-01  000000
5.130000e-01  000000
5.160000e-01  000000
5.190000e-01  000000
5.220000e-01  000000
5.250000e-01  000000
5.280000e-01  000000
5.310000e-01  000000
5.340000e-01  000000
5.370000e-01  000000
5.400000e-01  000000
5.430000e-01  000000
5.460000e-01  000000
5.490000e-01  000000
5.520000e-01  000000
5.550000e-01  000000
5.580000e-01  000000
5.610000e-01  000000
5.640000e-01  000000
5.670000e-01  000000
5.700000e-01  000000
5.730000e-01  000000
5.760000e-01  000000
5.790000e-01  000000
5.820000e-01  000000
5.850000e-01  000000
5.880000e-01  000000
5.910000e-01  000000
5.940000e-01  000000
5.970000e-01  000000
6.000000e-01  000000
6.030000e-01  000000
6.060000e-01  000000
6.090000e-01  000000
6.120000e-01  000000
6.150000e-01  000000
6.180000e-01  000000
6.210000e-01  000000
6.240000e-01  000000
6.270000e-01  000000
6.300000e-01  000000
6.330000e-01  000000
6.360000e-01  000000
6.390000e-01  000000
6.420000e-01  000000
6.450000e-01  000000
6.480000e-01  000000
6.510000e-01  000000
6.540000e-01  000000
6.570000e-01  000000
6.600000e-01  000000
6.630000e-01  000000
6.660000e-01  000000
6.690000e-01  000000
6.720000e-01  000000
6.750000e-01  000000
6.780000e-01  000000
6.810000e-01  000000
6.840000e-01  000000
6.870000e-01  000000
6.900000e-01  000000
6.930000e-01  000000
6.960000e-01  000000
6.990000e-01  000000
7.020000e-01  000000
7.050000e-01  000000
7.080000e-01  000000
7.110000e-01  000000
7.140000e-01  000000
7.170000e-01  000000
7.200000e-01  000000
7.230000e-01  000000
7.260000e-01  000000
7.290000e-01  000000
7.320000e-01  000000
7.350000e-01  000000
7.380000e-01  000000
7.410000e-01  000000
7.440000e-01  000000
7.470000e-01  000000
7.500000e-01  000000
7.530000e-01  000000
7.560000e-01  000000
7.590000e-01  000000
7.620000e-01  000000
7.650000e-01  000000
7.680000e-01  000000
7.710000e-01  000000
7.740000e-01  000000
7.770000e-01  000000
7.800000e-01  000000
7.830000e-01  000000
7.860000e-01  000000
7.890000e-01  000000
7.920000e-01  000000
7.950000e-01  000000
7.980000e-01  000000
8.010000e-01  000000
8.040000e-01  000000
8.070000e-01  000000
8.100000e-01  000000
8.130000e-01  000000
8.160000e-01  000000
8.190000e-01  000000
8.220000e-01  000000
8.250000e-01  000000
8.280000e-01  000000
8.310000e-01  000000
8.340000e-01  000000
8.370000e-01  000000
8.400000e-01  000000
8.430000e-01  000000
8.460000e-01  000000
8.490000e-01  000000
8.520000e-01  000000
8.550000e-01  000000
8.580000e-01  000000
8.610000e-01  000000
8.640000e-01  000000
8.670000e-01  000000
8.700000e-01  000000
8.730000e-01  000000
8.760000e-01  000000
8.790000e-01  000000
8.820000e-01  000000
8.850000e-01  000000
8.880000e-01  000000
8.910000e-01  000000
8.940000e-01  000000
8.970000e-01  000000
9.000000e-01  000000
9.030000e-01  000000
9.060000e-01  000000
9.090000e-01  000000
9.120000e-01  000000
9.150000e-01  000000
9.180000e-01  000000
9.210000e-01  000000
9.240000e-01  000000
9.270000e-01  000000
9.300000e-01  000000
9.330000e-01  000000
9.360000e-01  000000
9.390000e-01  000000
9.420000e-01  000000
9.450000e-01  000000
9.480000e-01  000000
9.510000e-01  000000
9.540000e-01  000000
9.570000e-01  000000
9.600000e-01  000000
9.630000e-01  000000
9.660000e-01  000000
9.690000e-01  000000
9.720000e-01  000000
9.750000e-01  000000
9.780000e-01  000000
9.810000e-01  000000
9.840000e-01  000000
9.870000e-01  000000
9.900000e-01  000000
9.930000e-01  000000
9.960000e-01  000000
9.990000e-01  000000
