000000  000001
3.000000e-03  9.137528e-01
6.000000e-03  8.572056e-01
9.000000e-03  8.151742e-01
1.200000e-02  7.817950e-01
1.500000e-02  7.541652e-01
1.800000e-02  7.306320e-01
2.100000e-02  7.101637e-01
2.400000e-02  6.920728e-01
2.700000e-02  6.758788e-01
3.000000e-02  6.612321e-01
3.300000e-02  6.478710e-01
3.600000e-02  6.355942e-01
3.900000e-02  6.242438e-01
4.200000e-02  6.136938e-01
4.500000e-02  6.038417e-01
4.800000e-02  5.946035e-01
5.100000e-02  5.859091e-01
5.400000e-02  5.776997e-01
5.700000e-02  5.699254e-01
6.000000e-02  5.625434e-01
6.300000e-02  5.555168e-01
6.600000e-02  5.488139e-01
6.900000e-02  5.424065e-01
7.200000e-02  5.362703e-01
7.500000e-02  5.303835e-01
7.800000e-02  5.247270e-01
8.100000e-02  5.192837e-01
8.400000e-02  5.140382e-01
8.700000e-02  5.089767e-01
9.000000e-02  5.040869e-01
9.300000e-02  4.993576e-01
9.600000e-02  4.947785e-01
9.900000e-02  4.903404e-01
1.020000e-01  4.860349e-01
1.050000e-01  4.818542e-01
1.080000e-01  4.777912e-01
1.110000e-01  4.738394e-01
1.140000e-01  4.699928e-01
1.170000e-01  4.662459e-01
1.200000e-01  4.625934e-01
1.230000e-01  4.590306e-01
1.260000e-01  4.555532e-01
1.290000e-01  4.521570e-01
1.320000e-01  4.488381e-01
1.350000e-01  4.455929e-01
1.380000e-01  4.424183e-01
1.410000e-01  4.393109e-01
1.440000e-01  4.362679e-01
1.470000e-01  4.332865e-01
1.500000e-01  4.303641e-01
1.530000e-01  4.274984e-01
1.560000e-01  4.246869e-01
1.590000e-01  4.219275e-01
1.620000e-01  4.192182e-01
1.650000e-01  4.165570e-01
1.680000e-01  4.139422e-01
1.710000e-01  4.113719e-01
1.740000e-01  4.088446e-01
1.770000e-01  4.063587e-01
1.800000e-01  4.039126e-01
1.830000e-01  4.015050e-01
1.860000e-01  3.991346e-01
1.890000e-01  3.968001e-01
1.920000e-01  3.945002e-01
1.950000e-01  3.922338e-01
1.980000e-01  3.899997e-01
2.010000e-01  3.877970e-01
2.040000e-01  3.856247e-01
2.070000e-01  3.834816e-01
2.100000e-01  3.813670e-01
2.130000e-01  3.792799e-01
2.160000e-01  3.772195e-01
2.190000e-01  3.751850e-01
2.220000e-01  3.731755e-01
2.250000e-01  3.711904e-01
2.280000e-01  3.692288e-01
2.310000e-01  3.672902e-01
2.340000e-01  3.653738e-01
2.370000e-01  3.634790e-01
2.400000e-01  3.616051e-01
2.430000e-01  3.597517e-01
2.460000e-01  3.579180e-01
2.490000e-01  3.561035e-01
2.520000e-01  3.543078e-01
2.550000e-01  3.525302e-01
2.580000e-01  3.507703e-01
2.610000e-01  3.490276e-01
2.640000e-01  3.473016e-01
2.670000e-01  3.455919e-01
2.700000e-01  3.438980e-01
2.730000e-01  3.422194e-01
2.760000e-01  3.405559e-01
2.790000e-01  3.389069e-01
2.820000e-01  3.372721e-01
2.850000e-01  3.356511e-01
2.880000e-01  3.340436e-01
2.910000e-01  3.324491e-01
2.940000e-01  3.308674e-01
2.970000e-01  3.292980e-01
3.000000e-01  3.277407e-01
3.030000e-01  3.261951e-01
3.060000e-01  3.246610e-01
3.090000e-01  3.231379e-01
3.120000e-01  3.216257e-01
3.150000e-01  3.201240e-01
3.180000e-01  3.186325e-01
3.210000e-01  3.171510e-01
3.240000e-01  3.156792e-01
3.270000e-01  3.142168e-01
3.300000e-01  3.127635e-01
3.330000e-01  3.113191e-01
3.360000e-01  3.098834e-01
3.390000e-01  3.084561e-01
3.420000e-01  3.070369e-01
3.450000e-01  3.056257e-01
3.480000e-01  3.042221e-01
3.510000e-01  3.028260e-01
3.540000e-01  3.014370e-01
3.570000e-01  3.000551e-01
3.600000e-01  2.986800e-01
3.630000e-01  2.973114e-01
3.660000e-01  2.959492e-01
3.690000e-01  2.945931e-01
3.720000e-01  2.932429e-01
3.750000e-01  2.918984e-01
3.780000e-01  2.905594e-01
3.810000e-01  2.892258e-01
3.840000e-01  2.878972e-01
3.870000e-01  2.865734e-01
3.900000e-01  2.852544e-01
3.930000e-01  2.839399e-01
3.960000e-01  2.826296e-01
3.990000e-01  2.813235e-01
4.020000e-01  2.800212e-01
4.050000e-01  2.787226e-01
4.080000e-01  2.774274e-01
4.110000e-01  2.761356e-01
4.140000e-01  2.748468e-01
4.170000e-01  2.735609e-01
4.200000e-01  2.722777e-01
4.230000e-01  2.709969e-01
4.260000e-01  2.697184e-01
4.290000e-01  2.684420e-01
4.320000e-01  2.671674e-01
4.350000e-01  2.658944e-01
4.380000e-01  2.646228e-01
4.410000e-01  2.633524e-01
4.440000e-01  2.620830e-01
4.470000e-01  2.608143e-01
4.500000e-01  2.595461e-01
4.530000e-01  2.582781e-01
4.560000e-01  000000
4.590000e-01  000000
4.620000e-01  000000
4.650000e-01  000000
4.680000e-01  000000
4.710000e-01  000000
4.740000e-01  000000
4.770000e-01  000000
4.800000e-01  000000
4.830000e-01  000000
4.860000e-01  000000
4.890000e-01  000000
4.920000e-01  000000
4.950000e-01  000000
4.980000e-01  000000
5.010000e-01  000000
5.040000e-01  000000
5.070000e-01  000000
5.100000e-01  000000
5.130000e-01  000000
5.160000e-01  000000
5.190000e-01  000000
5.220000e-01  000000
5.250000e-01  000000
5.280000e-01  000000
5.310000e-01  000000
5.340000e-01  000000
5.370000e-01  000000
5.400000e-01  000000
5.430000e-01  000000
5.460000e-01  000000
5.490000e-01  000000
5.520000e-01  000000
5.550000e-01  000000
5.580000e-01  000000
5.610000e-01  000000
5.640000e-01  000000
5.670000e-01  000000
5.700000e-01  000000
5.730000e-01  000000
5.760000e-01  000000
5.790000e-01  000000
5.820000e-01  000000
5.850000e-01  000000
5.880000e-01  000000
5.910000e-01  000000
5.940000e-01  000000
5.970000e-01  000000
6.000000e-01  000000
6.030000e-01  000000
6.060000e-01  000000
6.090000e-01  000000
6.120000e-01  000000
6.150000e-01  000000
6.180000e-01  000000
6.210000e-01  000000
6.240000e-01  000000
6.270000e-01  000000
6.300000e-01  000000
6.330000e-01  000000
6.360000e-01  000000
6.390000e-01  000000
6.420000e-01  000000
6.450000e-01  000000
6.480000e-01  000000
6.510000e-01  000000
6.540000e-01  000000
6.570000e-01  000000
6.600000e-01  000000
6.630000e-01  000000
6.660000e-01  000000
6.690000e-01  000000
6.720000e-01  000000
6.750000e-01  000000
6.780000e-01  000000
6.810000e-01  000000
6.840000e-01  000000
6.870000e-01  000000
6.900000e-01  000000
6.930000e-01  000000
6.960000e-01  000000
6.990000e-01  000000
7.020000e-01  000000
7.050000e-01  000000
7.080000e-01  000000
7.110000e-01  000000
7.140000e-01  000000
7.170000e-01  000000
7.200000e-01  000000
7.230000e-01  000000
7.260000e-01  000000
7.290000e-01  000000
7.320000e-01  000000
7.350000e-01  000000
7.380000e-01  000000
7.410000e-01  000000
7.440000e-01  000000
7.470000e-01  000000
7.500000e-01  000000
7.530000e-01  000000
7.560000e-01  000000
7.590000e-01  000000
7.620000e-01  000000
7.650000e-01  000000
7.680000e-01  000000
7.710000e-01  000000
7.740000e-01  000000
7.770000e-01  000000
7.800000e-01  000000
7.830000e-01  000000
7.860000e-01  000000
7.890000e-01  000000
7.920000e-01  000000
7.950000e-01  000000
7.980000e-01  000000
8.010000e-01  000000
8.040000e-01  000000
8.070000e-01  000000
8.100000e-01  000000
8.130000e-01  000000
8.160000e-01  000000
8.190000e-01  000000
8.220000e-01  000000
8.250000e-01  000000
8.280000e-01  000000
8.310000e-01  000000
8.340000e-01  000000
8.370000e-01  000000
8.400000e-01  000000
8.430000e-01  000000
8.460000e-01  000000
8.490000e-01  000000
8.520000e-01  000000
8.550000e-01  000000
8.580000e-01  000000
8.610000e-01  000000
8.640000e-01  000000
8.670000e-01  000000
8.700000e-01  000000
8.730000e-01  000000
8.760000e-01  000000
8.790000e-01  000000
8.820000e-01  000000
8.850000e-01  000000
8.880000e-01  000000
8.910000e-01  000000
8.940000e-01  000000
8.970000e-01  000000
9.000000e-01  000000
9.030000e-01  000000
9.060000e-01  000000
9.090000e-01  000000
9.120000e-01  000000
9.150000e-01  000000
9.180000e-01  000000
9.210000e-01  000000
9.240000e-01  000000
9.270000e-01  000000
9.300000e-01  000000
9.330000e-01  000000
9.360000e-01  000000
9.390000e-01  000000
9.420000e-01  000000
9.450000e-01  000000
9.480000e-01  000000
9.510000e-01  000000
9.540000e-01  000000
9.570000e-01  000000
9.600000e-01  000000
9.630000e-01  000000
9.660000e-01  000000
9.690000e-01  000000
9.720000e-01  000000
9.750000e-01  000000
9.780000e-01  000000
9.810000e-01  000000
9.840000e-01  000000
9.870000e-01  000000
9.900000e-01  000000
9.930000e-01  000000
9.960000e-01  000000
9.990000e-01  000000
