000000  000001
3.000000e-03  9.516510e-01
6.000000e-03  9.141890e-01
9.000000e-03  8.836081e-01
1.200000e-02  8.577840e-01
1.500000e-02  8.354490e-01
1.800000e-02  8.157840e-01
2.100000e-02  7.982285e-01
2.400000e-02  7.823817e-01
2.700000e-02  7.679468e-01
3.000000e-02  7.546982e-01
3.300000e-02  7.424599e-01
3.600000e-02  7.310923e-01
3.900000e-02  7.204829e-01
4.200000e-02  7.105392e-01
4.500000e-02  7.011847e-01
4.800000e-02  6.923553e-01
5.100000e-02  6.839966e-01
5.400000e-02  6.760624e-01
5.700000e-02  6.685126e-01
6.000000e-02  6.613127e-01
6.300000e-02  6.544326e-01
6.600000e-02  6.478457e-01
6.900000e-02  6.415286e-01
7.200000e-02  6.354608e-01
7.500000e-02  6.296236e-01
7.800000e-02  6.240007e-01
8.100000e-02  6.185772e-01
8.400000e-02  6.133398e-01
8.700000e-02  6.082763e-01
9.000000e-02  6.033760e-01
9.300000e-02  5.986286e-01
9.600000e-02  5.940253e-01
9.900000e-02  5.895576e-01
1.020000e-01  5.852179e-01
1.050000e-01  5.809993e-01
1.080000e-01  5.768952e-01
1.110000e-01  5.728997e-01
1.140000e-01  5.690073e-01
1.170000e-01  5.652127e-01
1.200000e-01  5.615114e-01
1.230000e-01  5.578988e-01
1.260000e-01  5.543709e-01
1.290000e-01  5.509238e-01
1.320000e-01  5.475538e-01
1.350000e-01  5.442577e-01
1.380000e-01  5.410322e-01
1.410000e-01  5.378745e-01
1.440000e-01  5.347817e-01
1.470000e-01  5.317512e-01
1.500000e-01  5.287805e-01
1.530000e-01  5.258673e-01
1.560000e-01  5.230095e-01
1.590000e-01  5.202049e-01
1.620000e-01  5.174515e-01
1.650000e-01  5.147476e-01
1.680000e-01  5.120913e-01
1.710000e-01  5.094810e-01
1.740000e-01  5.069151e-01
1.770000e-01  5.043920e-01
1.800000e-01  5.019104e-01
1.830000e-01  4.994688e-01
1.860000e-01  4.970660e-01
1.890000e-01  4.947007e-01
1.920000e-01  4.923718e-01
1.950000e-01  4.900781e-01
1.980000e-01  4.878184e-01
2.010000e-01  4.855919e-01
2.040000e-01  4.833975e-01
2.070000e-01  4.812342e-01
2.100000e-01  4.791011e-01
2.130000e-01  4.769974e-01
2.160000e-01  4.749223e-01
2.190000e-01  4.728749e-01
2.220000e-01  4.708544e-01
2.250000e-01  4.688602e-01
2.280000e-01  4.668915e-01
2.310000e-01  4.649477e-01
2.340000e-01  4.630280e-01
2.370000e-01  4.611318e-01
2.400000e-01  4.592586e-01
2.430000e-01  4.574078e-01
2.460000e-01  4.555788e-01
2.490000e-01  4.537709e-01
2.520000e-01  4.519839e-01
2.550000e-01  4.502170e-01
2.580000e-01  4.484698e-01
2.610000e-01  4.467419e-01
2.640000e-01  4.450328e-01
2.670000e-01  4.433420e-01
2.700000e-01  4.416691e-01
2.730000e-01  4.400138e-01
2.760000e-01  4.383755e-01
2.790000e-01  4.367540e-01
2.820000e-01  4.351488e-01
2.850000e-01  4.335596e-01
2.880000e-01  4.319860e-01
2.910000e-01  4.304277e-01
2.940000e-01  4.288844e-01
2.970000e-01  4.273557e-01
3.000000e-01  4.258413e-01
3.030000e-01  4.243409e-01
3.060000e-01  4.228543e-01
3.090000e-01  4.213811e-01
3.120000e-01  4.199210e-01
3.150000e-01  4.184739e-01
3.180000e-01  4.170393e-01
3.210000e-01  4.156172e-01
3.240000e-01  4.142071e-01
3.270000e-01  4.128090e-01
3.300000e-01  4.114225e-01
3.330000e-01  4.100474e-01
3.360000e-01  4.086835e-01
3.390000e-01  4.073306e-01
3.420000e-01  4.059885e-01
3.450000e-01  4.046570e-01
3.480000e-01  4.033358e-01
3.510000e-01  4.020248e-01
3.540000e-01  4.007237e-01
3.570000e-01  3.994325e-01
3.600000e-01  3.981508e-01
3.630000e-01  3.968786e-01
3.660000e-01  3.956157e-01
3.690000e-01  3.943619e-01
3.720000e-01  3.931170e-01
3.750000e-01  3.918808e-01
3.780000e-01  3.906533e-01
3.810000e-01  3.894342e-01
3.840000e-01  3.882234e-01
3.870000e-01  3.870208e-01
3.900000e-01  3.858262e-01
3.930000e-01  3.846395e-01
3.960000e-01  3.834606e-01
3.990000e-01  3.822892e-01
4.020000e-01  3.811253e-01
4.050000e-01  3.799687e-01
4.080000e-01  3.788194e-01
4.110000e-01  3.776772e-01
4.140000e-01  3.765419e-01
4.170000e-01  3.754135e-01
4.200000e-01  3.742919e-01
4.230000e-01  3.731768e-01
4.260000e-01  3.720683e-01
4.290000e-01  3.709662e-01
4.320000e-01  3.698704e-01
4.350000e-01  3.687808e-01
4.380000e-01  3.676972e-01
4.410000e-01  3.666197e-01
4.440000e-01  3.655481e-01
4.470000e-01  3.644822e-01
4.500000e-01  3.634221e-01
4.530000e-01  3.623675e-01
4.560000e-01  3.613185e-01
4.590000e-01  3.602749e-01
4.620000e-01  3.592366e-01
4.650000e-01  3.582035e-01
4.680000e-01  3.571757e-01
4.710000e-01  3.561529e-01
4.740000e-01  3.551350e-01
4.770000e-01  3.541221e-01
4.800000e-01  3.531141e-01
4.830000e-01  3.521107e-01
4.860000e-01  3.511121e-01
4.890000e-01  3.501180e-01
4.920000e-01  3.491285e-01
4.950000e-01  3.481434e-01
4.980000e-01  3.471627e-01
5.010000e-01  3.461863e-01
5.040000e-01  3.452141e-01
5.070000e-01  3.442460e-01
5.100000e-01  3.432821e-01
5.130000e-01  3.423222e-01
5.160000e-01  3.413662e-01
5.190000e-01  3.404141e-01
5.220000e-01  3.394659e-01
5.250000e-01  3.385214e-01
5.280000e-01  3.375806e-01
5.310000e-01  3.366434e-01
5.340000e-01  3.357098e-01
5.370000e-01  3.347797e-01
5.400000e-01  3.338531e-01
5.430000e-01  3.329298e-01
5.460000e-01  3.320099e-01
5.490000e-01  3.310932e-01
5.520000e-01  3.301798e-01
5.550000e-01  3.292695e-01
5.580000e-01  3.283623e-01
5.610000e-01  3.274582e-01
5.640000e-01  3.265570e-01
5.670000e-01  3.256588e-01
5.700000e-01  3.247635e-01
5.730000e-01  3.238709e-01
5.760000e-01  3.229812e-01
5.790000e-01  3.220941e-01
5.820000e-01  3.212098e-01
5.850000e-01  3.203280e-01
5.880000e-01  3.194488e-01
5.910000e-01  3.185721e-01
5.940000e-01  3.176979e-01
5.970000e-01  3.168261e-01
6.000000e-01  3.159566e-01
6.030000e-01  3.150895e-01
6.060000e-01  3.142246e-01
6.090000e-01  3.133619e-01
6.120000e-01  3.125013e-01
6.150000e-01  3.116429e-01
6.180000e-01  3.107866e-01
6.210000e-01  3.099322e-01
6.240000e-01  3.090798e-01
6.270000e-01  3.082294e-01
6.300000e-01  3.073808e-01
6.330000e-01  3.065340e-01
6.360000e-01  3.056890e-01
6.390000e-01  3.048458e-01
6.420000e-01  3.040042e-01
6.450000e-01  3.031642e-01
6.480000e-01  3.023259e-01
6.510000e-01  3.014890e-01
6.540000e-01  3.006537e-01
6.570000e-01  2.998198e-01
6.600000e-01  2.989873e-01
6.630000e-01  2.981561e-01
6.660000e-01  2.973262e-01
6.690000e-01  2.964976e-01
6.720000e-01  2.956702e-01
6.750000e-01  2.948440e-01
6.780000e-01  2.940189e-01
6.810000e-01  2.931948e-01
6.840000e-01  2.923717e-01
6.870000e-01  2.915496e-01
6.900000e-01  2.907285e-01
6.930000e-01  2.899081e-01
6.960000e-01  2.890886e-01
6.990000e-01  2.882699e-01
7.020000e-01  2.874519e-01
7.050000e-01  2.866346e-01
7.080000e-01  2.858178e-01
7.110000e-01  2.850017e-01
7.140000e-01  2.841860e-01
7.170000e-01  2.833709e-01
7.200000e-01  2.825561e-01
7.230000e-01  2.817417e-01
7.260000e-01  2.809276e-01
7.290000e-01  2.801137e-01
7.320000e-01  2.793000e-01
7.350000e-01  2.784865e-01
7.380000e-01  2.776730e-01
7.410000e-01  000000
7.440000e-01  000000
7.470000e-01  000000
7.500000e-01  000000
7.530000e-01  000000
7.560000e-01  000000
7.590000e-01  000000
7.620000e-01  000000
7.650000e-01  000000
7.680000e-01  000000
7.710000e-01  000000
7.740000e-01  000000
7.770000e-01  000000
7.800000e-01  000000
7.830000e-01  000000
7.860000e-01  000000
7.890000e-01  000000
7.920000e-01  000000
7.950000e-01  000000
7.980000e-01  000000
8.010000e-01  000000
8.040000e-01  000000
8.070000e-01  000000
8.100000e-01  000000
8.130000e-01  000000
8.160000e-01  000000
8.190000e-01  000000
8.220000e-01  000000
8.250000e-01  000000
8.280000e-01  000000
8.310000e-01  000000
8.340000e-01  000000
8.370000e-01  000000
8.400000e-01  000000
8.430000e-01  000000
8.460000e-01  000000
8.490000e-01  000000
8.520000e-01  000000
8.550000e-01  000000
8.580000e-01  000000
8.610000e-01  000000
8.640000e-01  000000
8.670000e-01  000000
8.700000e-01  000000
8.730000e-01  000000
8.760000e-01  000000
8.790000e-01  000000
8.820000e-01  000000
8.850000e-01  000000
8.880000e-01  000000
8.910000e-01  000000
8.940000e-01  000000
8.970000e-01  000000
9.000000e-01  000000
9.030000e-01  000000
9.060000e-01  000000
9.090000e-01  000000
9.120000e-01  000000
9.150000e-01  000000
9.180000e-01  000000
9.210000e-01  000000
9.240000e-01  000000
9.270000e-01  000000
9.300000e-01  000000
9.330000e-01  000000
9.360000e-01  000000
9.390000e-01  000000
9.420000e-01  000000
9.450000e-01  000000
9.480000e-01  000000
9.510000e-01  000000
9.540000e-01  000000
9.570000e-01  000000
9.600000e-01  000000
9.630000e-01  000000
9.660000e-01  000000
9.690000e-01  000000
9.720000e-01  000000
9.750000e-01  000000
9.780000e-01  000000
9.810000e-01  000000
9.840000e-01  000000
9.870000e-01  000000
9.900000e-01  000000
9.930000e-01  000000
9.960000e-01  000000
9.990000e-01  000000
