000000  000001
3.000000e-03  9.291526e-01
6.000000e-03  8.795493e-01
9.000000e-03  8.413915e-01
1.200000e-02  8.104220e-01
1.500000e-02  7.843924e-01
1.800000e-02  7.619670e-01
2.100000e-02  7.422867e-01
2.400000e-02  7.247660e-01
2.700000e-02  7.089878e-01
3.000000e-02  6.946446e-01
3.300000e-02  6.815030e-01
3.600000e-02  6.693820e-01
3.900000e-02  6.581382e-01
4.200000e-02  6.476561e-01
4.500000e-02  6.378415e-01
4.800000e-02  6.286162e-01
5.100000e-02  6.199151e-01
5.400000e-02  6.116831e-01
5.700000e-02  6.038732e-01
6.000000e-02  5.964449e-01
6.300000e-02  5.893635e-01
6.600000e-02  5.825984e-01
6.900000e-02  5.761232e-01
7.200000e-02  5.699141e-01
7.500000e-02  5.639506e-01
7.800000e-02  5.582141e-01
8.100000e-02  5.526882e-01
8.400000e-02  5.473579e-01
8.700000e-02  5.422100e-01
9.000000e-02  5.372325e-01
9.300000e-02  5.324144e-01
9.600000e-02  5.277459e-01
9.900000e-02  5.232178e-01
1.020000e-01  5.188219e-01
1.050000e-01  5.145507e-01
1.080000e-01  5.103971e-01
1.110000e-01  5.063549e-01
1.140000e-01  5.024180e-01
1.170000e-01  4.985810e-01
1.200000e-01  4.948389e-01
1.230000e-01  4.911869e-01
1.260000e-01  4.876207e-01
1.290000e-01  4.841362e-01
1.320000e-01  4.807296e-01
1.350000e-01  4.773974e-01
1.380000e-01  4.741362e-01
1.410000e-01  4.709430e-01
1.440000e-01  4.678148e-01
1.470000e-01  4.647489e-01
1.500000e-01  4.617428e-01
1.530000e-01  4.587939e-01
1.560000e-01  4.559000e-01
1.590000e-01  4.530589e-01
1.620000e-01  4.502687e-01
1.650000e-01  4.475273e-01
1.680000e-01  4.448329e-01
1.710000e-01  4.421839e-01
1.740000e-01  4.395785e-01
1.770000e-01  4.370152e-01
1.800000e-01  4.344925e-01
1.830000e-01  4.320091e-01
1.860000e-01  4.295635e-01
1.890000e-01  4.271544e-01
1.920000e-01  4.247808e-01
1.950000e-01  4.224413e-01
1.980000e-01  4.201349e-01
2.010000e-01  4.178605e-01
2.040000e-01  4.156172e-01
2.070000e-01  4.134038e-01
2.100000e-01  4.112196e-01
2.130000e-01  4.090635e-01
2.160000e-01  4.069348e-01
2.190000e-01  4.048326e-01
2.220000e-01  4.027562e-01
2.250000e-01  4.007047e-01
2.280000e-01  3.986774e-01
2.310000e-01  3.966737e-01
2.340000e-01  3.946929e-01
2.370000e-01  3.927343e-01
2.400000e-01  3.907973e-01
2.430000e-01  3.888812e-01
2.460000e-01  3.869856e-01
2.490000e-01  3.851098e-01
2.520000e-01  3.832533e-01
2.550000e-01  3.814156e-01
2.580000e-01  3.795961e-01
2.610000e-01  3.777944e-01
2.640000e-01  3.760101e-01
2.670000e-01  3.742425e-01
2.700000e-01  3.724914e-01
2.730000e-01  3.707562e-01
2.760000e-01  3.690366e-01
2.790000e-01  3.673321e-01
2.820000e-01  3.656424e-01
2.850000e-01  3.639670e-01
2.880000e-01  3.623056e-01
2.910000e-01  3.606579e-01
2.940000e-01  3.590235e-01
2.970000e-01  3.574020e-01
3.000000e-01  3.557931e-01
3.030000e-01  3.541964e-01
3.060000e-01  3.526118e-01
3.090000e-01  3.510388e-01
3.120000e-01  3.494772e-01
3.150000e-01  3.479267e-01
3.180000e-01  3.463869e-01
3.210000e-01  3.448577e-01
3.240000e-01  3.433387e-01
3.270000e-01  3.418296e-01
3.300000e-01  3.403303e-01
3.330000e-01  3.388404e-01
3.360000e-01  3.373597e-01
3.390000e-01  3.358880e-01
3.420000e-01  3.344250e-01
3.450000e-01  3.329705e-01
3.480000e-01  3.315242e-01
3.510000e-01  3.300860e-01
3.540000e-01  3.286555e-01
3.570000e-01  3.272326e-01
3.600000e-01  3.258171e-01
3.630000e-01  3.244087e-01
3.660000e-01  3.230073e-01
3.690000e-01  3.216126e-01
3.720000e-01  3.202244e-01
3.750000e-01  3.188426e-01
3.780000e-01  3.174669e-01
3.810000e-01  3.160971e-01
3.840000e-01  3.147331e-01
3.870000e-01  3.133745e-01
3.900000e-01  3.120214e-01
3.930000e-01  3.106734e-01
3.960000e-01  3.093303e-01
3.990000e-01  3.079921e-01
4.020000e-01  3.066584e-01
4.050000e-01  3.053292e-01
4.080000e-01  3.040042e-01
4.110000e-01  3.026832e-01
4.140000e-01  3.013661e-01
4.170000e-01  3.000526e-01
4.200000e-01  2.987427e-01
4.230000e-01  2.974360e-01
4.260000e-01  2.961325e-01
4.290000e-01  2.948318e-01
4.320000e-01  2.935340e-01
4.350000e-01  2.922387e-01
4.380000e-01  2.909457e-01
4.410000e-01  2.896550e-01
4.440000e-01  2.883662e-01
4.470000e-01  2.870792e-01
4.500000e-01  2.857938e-01
4.530000e-01  2.845098e-01
4.560000e-01  2.832271e-01
4.590000e-01  2.819452e-01
4.620000e-01  2.806642e-01
4.650000e-01  2.793838e-01
4.680000e-01  2.781037e-01
4.710000e-01  000000
4.740000e-01  000000
4.770000e-01  000000
4.800000e-01  000000
4.830000e-01  000000
4.860000e-01  000000
4.890000e-01  000000
4.920000e-01  000000
4.950000e-01  000000
4.980000e-01  000000
5.010000e-01  000000
5.040000e-01  000000
5.070000e-01  000000
5.100000e-01  000000
5.130000e-01  000000
5.160000e-01  000000
5.190000e-01  000000
5.220000e-01  000000
5.250000e-01  000000
5.280000e-01  000000
5.310000e-01  000000
5.340000e-01  000000
5.370000e-01  000000
5.400000e-01  000000
5.430000e-01  000000
5.460000e-01  000000
5.490000e-01  000000
5.520000e-01  000000
5.550000e-01  000000
5.580000e-01  000000
5.610000e-01  000000
5.640000e-01  000000
5.670000e-01  000000
5.700000e-01  000000
5.730000e-01  000000
5.760000e-01  000000
5.790000e-01  000000
5.820000e-01  000000
5.850000e-01  000000
5.880000e-01  000000
5.910000e-01  000000
5.940000e-01  000000
5.970000e-01  000000
6.000000e-01  000000
6.030000e-01  000000
6.060000e-01  000000
6.090000e-01  000000
6.120000e-01  000000
6.150000e-01  000000
6.180000e-01  000000
6.210000e-01  000000
6.240000e-01  000000
6.270000e-01  000000
6.300000e-01  000000
6.330000e-01  000000
6.360000e-01  000000
6.390000e-01  000000
6.420000e-01  000000
6.450000e-01  000000
6.480000e-01  000000
6.510000e-01  000000
6.540000e-01  000000
6.570000e-01  000000
6.600000e-01  000000
6.630000e-01  000000
6.660000e-01  000000
6.690000e-01  000000
6.720000e-01  000000
6.750000e-01  000000
6.780000e-01  000000
6.810000e-01  000000
6.840000e-01  000000
6.870000e-01  000000
6.900000e-01  000000
6.930000e-01  000000
6.960000e-01  000000
6.990000e-01  000000
7.020000e-01  000000
7.050000e-01  000000
7.080000e-01  000000
7.110000e-01  000000
7.140000e-01  000000
7.170000e-01  000000
7.200000e-01  000000
7.230000e-01  000000
7.260000e-01  000000
7.290000e-01  000000
7.320000e-01  000000
7.350000e-01  000000
7.380000e-01  000000
7.410000e-01  000000
7.440000e-01  000000
7.470000e-01  000000
7.500000e-01  000000
7.530000e-01  000000
7.560000e-01  000000
7.590000e-01  000000
7.620000e-01  000000
7.650000e-01  000000
7.680000e-01  000000
7.710000e-01  000000
7.740000e-01  000000
7.770000e-01  000000
7.800000e-01  000000
7.830000e-01  000000
7.860000e-01  000000
7.890000e-01  000000
7.920000e-01  000000
7.950000e-01  000000
7.980000e-01  000000
8.010000e-01  000000
8.040000e-01  000000
8.070000e-01  000000
8.100000e-01  000000
8.130000e-01  000000
8.160000e-01  000000
8.190000e-01  000000
8.220000e-01  000000
8.250000e-01  000000
8.280000e-01  000000
8.310000e-01  000000
8.340000e-01  000000
8.370000e-01  000000
8.400000e-01  000000
8.430000e-01  000000
8.460000e-01  000000
8.490000e-01  000000
8.520000e-01  000000
8.550000e-01  000000
8.580000e-01  000000
8.610000e-01  000000
8.640000e-01  000000
8.670000e-01  000000
8.700000e-01  000000
8.730000e-01  000000
8.760000e-01  000000
8.790000e-01  000000
8.820000e-01  000000
8.850000e-01  000000
8.880000e-01  000000
8.910000e-01  000000
8.940000e-01  000000
8.970000e-01  000000
9.000000e-01  000000
9.030000e-01  000000
9.060000e-01  000000
9.090000e-01  000000
9.120000e-01  000000
9.150000e-01  000000
9.180000e-01  000000
9.210000e-01  000000
9.240000e-01  000000
9.270000e-01  000000
9.300000e-01  000000
9.330000e-01  000000
9.360000e-01  000000
9.390000e-01  000000
9.420000e-01  000000
9.450000e-01  000000
9.480000e-01  000000
9.510000e-01  000000
9.540000e-01  000000
9.570000e-01  000000
9.600000e-01  000000
9.630000e-01  000000
9.660000e-01  000000
9.690000e-01  000000
9.720000e-01  000000
9.750000e-01  000000
9.780000e-01  000000
9.810000e-01  000000
9.840000e-01  000000
9.870000e-01  000000
9.900000e-01  000000
9.930000e-01  000000
9.960000e-01  000000
9.990000e-01  000000
