000000  000001
3.000000e-03  9.528001e-01
6.000000e-03  9.160298e-01
9.000000e-03  8.859099e-01
1.200000e-02  8.604136e-01
1.500000e-02  8.383224e-01
1.800000e-02  8.188450e-01
2.100000e-02  8.014375e-01
2.400000e-02  7.857097e-01
2.700000e-02  7.713724e-01
3.000000e-02  7.582046e-01
3.300000e-02  7.460342e-01
3.600000e-02  7.347242e-01
3.900000e-02  7.241638e-01
4.200000e-02  7.142625e-01
4.500000e-02  7.049446e-01
4.800000e-02  6.961472e-01
5.100000e-02  6.878166e-01
5.400000e-02  6.799070e-01
5.700000e-02  6.723790e-01
6.000000e-02  6.651985e-01
6.300000e-02  6.583355e-01
6.600000e-02  6.517640e-01
6.900000e-02  6.454607e-01
7.200000e-02  6.394053e-01
7.500000e-02  6.335793e-01
7.800000e-02  6.279665e-01
8.100000e-02  6.225521e-01
8.400000e-02  6.173230e-01
8.700000e-02  6.122671e-01
9.000000e-02  6.073735e-01
9.300000e-02  6.026325e-01
9.600000e-02  5.980349e-01
9.900000e-02  5.935725e-01
1.020000e-01  5.892378e-01
1.050000e-01  5.850236e-01
1.080000e-01  5.809237e-01
1.110000e-01  5.769320e-01
1.140000e-01  5.730432e-01
1.170000e-01  5.692520e-01
1.200000e-01  5.655538e-01
1.230000e-01  5.619441e-01
1.260000e-01  5.584190e-01
1.290000e-01  5.549744e-01
1.320000e-01  5.516069e-01
1.350000e-01  5.483131e-01
1.380000e-01  5.450899e-01
1.410000e-01  5.419343e-01
1.440000e-01  5.388435e-01
1.470000e-01  5.358149e-01
1.500000e-01  5.328461e-01
1.530000e-01  5.299348e-01
1.560000e-01  5.270787e-01
1.590000e-01  5.242758e-01
1.620000e-01  5.215242e-01
1.650000e-01  5.188219e-01
1.680000e-01  5.161673e-01
1.710000e-01  5.135586e-01
1.740000e-01  5.109942e-01
1.770000e-01  5.084728e-01
1.800000e-01  5.059927e-01
1.830000e-01  5.035527e-01
1.860000e-01  5.011515e-01
1.890000e-01  4.987878e-01
1.920000e-01  4.964604e-01
1.950000e-01  4.941683e-01
1.980000e-01  4.919103e-01
2.010000e-01  4.896854e-01
2.040000e-01  4.874925e-01
2.070000e-01  4.853309e-01
2.100000e-01  4.831995e-01
2.130000e-01  4.810975e-01
2.160000e-01  4.790241e-01
2.190000e-01  4.769784e-01
2.220000e-01  4.749598e-01
2.250000e-01  4.729673e-01
2.280000e-01  4.710005e-01
2.310000e-01  4.690585e-01
2.340000e-01  4.671407e-01
2.370000e-01  4.652465e-01
2.400000e-01  4.633752e-01
2.430000e-01  4.615264e-01
2.460000e-01  4.596994e-01
2.490000e-01  4.578936e-01
2.520000e-01  4.561086e-01
2.550000e-01  4.543439e-01
2.580000e-01  4.525989e-01
2.610000e-01  4.508732e-01
2.640000e-01  4.491663e-01
2.670000e-01  4.474779e-01
2.700000e-01  4.458073e-01
2.730000e-01  4.441544e-01
2.760000e-01  4.425186e-01
2.790000e-01  4.408995e-01
2.820000e-01  4.392968e-01
2.850000e-01  4.377102e-01
2.880000e-01  4.361392e-01
2.910000e-01  4.345836e-01
2.940000e-01  4.330429e-01
2.970000e-01  4.315170e-01
3.000000e-01  4.300054e-01
3.030000e-01  4.285078e-01
3.060000e-01  4.270241e-01
3.090000e-01  4.255538e-01
3.120000e-01  4.240967e-01
3.150000e-01  4.226526e-01
3.180000e-01  4.212211e-01
3.210000e-01  4.198021e-01
3.240000e-01  4.183953e-01
3.270000e-01  4.170004e-01
3.300000e-01  4.156172e-01
3.330000e-01  4.142454e-01
3.360000e-01  4.128849e-01
3.390000e-01  4.115355e-01
3.420000e-01  4.101969e-01
3.450000e-01  4.088689e-01
3.480000e-01  4.075513e-01
3.510000e-01  4.062439e-01
3.540000e-01  4.049466e-01
3.570000e-01  4.036591e-01
3.600000e-01  4.023813e-01
3.630000e-01  4.011130e-01
3.660000e-01  3.998540e-01
3.690000e-01  3.986042e-01
3.720000e-01  3.973633e-01
3.750000e-01  3.961313e-01
3.780000e-01  3.949079e-01
3.810000e-01  3.936930e-01
3.840000e-01  3.924866e-01
3.870000e-01  3.912883e-01
3.900000e-01  3.900981e-01
3.930000e-01  3.889159e-01
3.960000e-01  3.877414e-01
3.990000e-01  3.865746e-01
4.020000e-01  3.854154e-01
4.050000e-01  3.842636e-01
4.080000e-01  3.831190e-01
4.110000e-01  3.819816e-01
4.140000e-01  3.808513e-01
4.170000e-01  3.797278e-01
4.200000e-01  3.786112e-01
4.230000e-01  3.775013e-01
4.260000e-01  3.763979e-01
4.290000e-01  3.753010e-01
4.320000e-01  3.742105e-01
4.350000e-01  3.731263e-01
4.380000e-01  3.720482e-01
4.410000e-01  3.709762e-01
4.440000e-01  3.699101e-01
4.470000e-01  3.688499e-01
4.500000e-01  3.677955e-01
4.530000e-01  3.667467e-01
4.560000e-01  3.657036e-01
4.590000e-01  3.646659e-01
4.620000e-01  3.636336e-01
4.650000e-01  3.626067e-01
4.680000e-01  3.615850e-01
4.710000e-01  3.605684e-01
4.740000e-01  3.595569e-01
4.770000e-01  3.585504e-01
4.800000e-01  3.575488e-01
4.830000e-01  3.565521e-01
4.860000e-01  3.555601e-01
4.890000e-01  3.545727e-01
4.920000e-01  3.535900e-01
4.950000e-01  3.526118e-01
4.980000e-01  3.516381e-01
5.010000e-01  3.506687e-01
5.040000e-01  3.497037e-01
5.070000e-01  3.487429e-01
5.100000e-01  3.477863e-01
5.130000e-01  3.468338e-01
5.160000e-01  3.458853e-01
5.190000e-01  3.449408e-01
5.220000e-01  3.440003e-01
5.250000e-01  3.430636e-01
5.280000e-01  3.421307e-01
5.310000e-01  3.412015e-01
5.340000e-01  3.402760e-01
5.370000e-01  3.393541e-01
5.400000e-01  3.384357e-01
5.430000e-01  3.375208e-01
5.460000e-01  3.366094e-01
5.490000e-01  3.357013e-01
5.520000e-01  3.347966e-01
5.550000e-01  3.338951e-01
5.580000e-01  3.329969e-01
5.610000e-01  3.321017e-01
5.640000e-01  3.312097e-01
5.670000e-01  3.303208e-01
5.700000e-01  3.294348e-01
5.730000e-01  3.285518e-01
5.760000e-01  3.276716e-01
5.790000e-01  3.267943e-01
5.820000e-01  3.259198e-01
5.850000e-01  3.250480e-01
5.880000e-01  3.241789e-01
5.910000e-01  3.233125e-01
5.940000e-01  3.224486e-01
5.970000e-01  3.215873e-01
6.000000e-01  3.207285e-01
6.030000e-01  3.198721e-01
6.060000e-01  3.190181e-01
6.090000e-01  3.181665e-01
6.120000e-01  3.173172e-01
6.150000e-01  3.164701e-01
6.180000e-01  3.156252e-01
6.210000e-01  3.147826e-01
6.240000e-01  3.139420e-01
6.270000e-01  3.131035e-01
6.300000e-01  3.122670e-01
6.330000e-01  3.114325e-01
6.360000e-01  3.106000e-01
6.390000e-01  3.097693e-01
6.420000e-01  3.089406e-01
6.450000e-01  3.081136e-01
6.480000e-01  3.072883e-01
6.510000e-01  3.064648e-01
6.540000e-01  3.056430e-01
6.570000e-01  3.048228e-01
6.600000e-01  3.040042e-01
6.630000e-01  3.031871e-01
6.660000e-01  3.023715e-01
6.690000e-01  3.015574e-01
6.720000e-01  3.007447e-01
6.750000e-01  2.999334e-01
6.780000e-01  2.991234e-01
6.810000e-01  2.983147e-01
6.840000e-01  2.975072e-01
6.870000e-01  2.967009e-01
6.900000e-01  2.958958e-01
6.930000e-01  2.950917e-01
6.960000e-01  2.942888e-01
6.990000e-01  2.934868e-01
7.020000e-01  2.926859e-01
7.050000e-01  2.918858e-01
7.080000e-01  2.910867e-01
7.110000e-01  2.902884e-01
7.140000e-01  2.894908e-01
7.170000e-01  2.886941e-01
7.200000e-01  2.878980e-01
7.230000e-01  2.871026e-01
7.260000e-01  2.863078e-01
7.290000e-01  2.855136e-01
7.320000e-01  2.847199e-01
7.350000e-01  2.839266e-01
7.380000e-01  2.831338e-01
7.410000e-01  2.823413e-01
7.440000e-01  2.815492e-01
7.470000e-01  2.807574e-01
7.500000e-01  2.799657e-01
7.530000e-01  2.791743e-01
7.560000e-01  2.783829e-01
7.590000e-01  2.775917e-01
7.620000e-01  000000
7.650000e-01  000000
7.680000e-01  000000
7.710000e-01  000000
7.740000e-01  000000
7.770000e-01  000000
7.800000e-01  000000
7.830000e-01  000000
7.860000e-01  000000
7.890000e-01  000000
7.920000e-01  000000
7.950000e-01  000000
7.980000e-01  000000
8.010000e-01  000000
8.040000e-01  000000
8.070000e-01  000000
8.100000e-01  000000
8.130000e-01  000000
8.160000e-01  000000
8.190000e-01  000000
8.220000e-01  000000
8.250000e-01  000000
8.280000e-01  000000
8.310000e-01  000000
8.340000e-01  000000
8.370000e-01  000000
8.400000e-01  000000
8.430000e-01  000000
8.460000e-01  000000
8.490000e-01  000000
8.520000e-01  000000
8.550000e-01  000000
8.580000e-01  000000
8.610000e-01  000000
8.640000e-01  000000
8.670000e-01  000000
8.700000e-01  000000
8.730000e-01  000000
8.760000e-01  000000
8.790000e-01  000000
8.820000e-01  000000
8.850000e-01  000000
8.880000e-01  000000
8.910000e-01  000000
8.940000e-01  000000
8.970000e-01  000000
9.000000e-01  000000
9.030000e-01  000000
9.060000e-01  000000
9.090000e-01  000000
9.120000e-01  000000
9.150000e-01  000000
9.180000e-01  000000
9.210000e-01  000000
9.240000e-01  000000
9.270000e-01  000000
9.300000e-01  000000
9.330000e-01  000000
9.360000e-01  000000
9.390000e-01  000000
9.420000e-01  000000
9.450000e-01  000000
9.480000e-01  000000
9.510000e-01  000000
9.540000e-01  000000
9.570000e-01  000000
9.600000e-01  000000
9.630000e-01  000000
9.660000e-01  000000
9.690000e-01  000000
9.720000e-01  000000
9.750000e-01  000000
9.780000e-01  000000
9.810000e-01  000000
9.840000e-01  000000
9.870000e-01  000000
9.900000e-01  000000
9.930000e-01  000000
9.960000e-01  000000
9.990000e-01  000000
