000000  000001
3.000000e-03  9.643561e-01
6.000000e-03  9.349906e-01
9.000000e-03  9.100184e-01
1.200000e-02  8.882993e-01
1.500000e-02  8.690886e-01
1.800000e-02  8.518726e-01
2.100000e-02  8.362811e-01
2.400000e-02  8.220384e-01
2.700000e-02  8.089336e-01
3.000000e-02  7.968018e-01
3.300000e-02  7.855113e-01
3.600000e-02  7.749555e-01
3.900000e-02  7.650467e-01
4.200000e-02  7.557120e-01
4.500000e-02  7.468902e-01
4.800000e-02  7.385292e-01
5.100000e-02  7.305845e-01
5.400000e-02  7.230177e-01
5.700000e-02  7.157954e-01
6.000000e-02  7.088884e-01
6.300000e-02  7.022711e-01
6.600000e-02  6.959207e-01
6.900000e-02  6.898173e-01
7.200000e-02  6.839427e-01
7.500000e-02  6.782810e-01
7.800000e-02  6.728176e-01
8.100000e-02  6.675396e-01
8.400000e-02  6.624350e-01
8.700000e-02  6.574931e-01
9.000000e-02  6.527042e-01
9.300000e-02  6.480593e-01
9.600000e-02  6.435503e-01
9.900000e-02  6.391695e-01
1.020000e-01  6.349101e-01
1.050000e-01  6.307658e-01
1.080000e-01  6.267305e-01
1.110000e-01  6.227989e-01
1.140000e-01  6.189659e-01
1.170000e-01  6.152267e-01
1.200000e-01  6.115770e-01
1.230000e-01  6.080127e-01
1.260000e-01  6.045300e-01
1.290000e-01  6.011253e-01
1.320000e-01  5.977952e-01
1.350000e-01  5.945366e-01
1.380000e-01  5.913466e-01
1.410000e-01  5.882224e-01
1.440000e-01  5.851613e-01
1.470000e-01  5.821609e-01
1.500000e-01  5.792190e-01
1.530000e-01  5.763332e-01
1.560000e-01  5.735015e-01
1.590000e-01  5.707220e-01
1.620000e-01  5.679928e-01
1.650000e-01  5.653120e-01
1.680000e-01  5.626782e-01
1.710000e-01  5.600896e-01
1.740000e-01  5.575447e-01
1.770000e-01  5.550421e-01
1.800000e-01  5.525804e-01
1.830000e-01  5.501584e-01
1.860000e-01  5.477747e-01
1.890000e-01  5.454282e-01
1.920000e-01  5.431177e-01
1.950000e-01  5.408422e-01
1.980000e-01  5.386005e-01
2.010000e-01  5.363918e-01
2.040000e-01  5.342151e-01
2.070000e-01  5.320694e-01
2.100000e-01  5.299539e-01
2.130000e-01  5.278677e-01
2.160000e-01  5.258100e-01
2.190000e-01  5.237801e-01
2.220000e-01  5.217772e-01
2.250000e-01  5.198006e-01
2.280000e-01  5.178496e-01
2.310000e-01  5.159235e-01
2.340000e-01  5.140217e-01
2.370000e-01  5.121436e-01
2.400000e-01  5.102886e-01
2.430000e-01  5.084562e-01
2.460000e-01  5.066457e-01
2.490000e-01  5.048567e-01
2.520000e-01  5.030886e-01
2.550000e-01  5.013409e-01
2.580000e-01  4.996132e-01
2.610000e-01  4.979051e-01
2.640000e-01  4.962159e-01
2.670000e-01  4.945454e-01
2.700000e-01  4.928931e-01
2.730000e-01  4.912586e-01
2.760000e-01  4.896415e-01
2.790000e-01  4.880414e-01
2.820000e-01  4.864580e-01
2.850000e-01  4.848909e-01
2.880000e-01  4.833398e-01
2.910000e-01  4.818042e-01
2.940000e-01  4.802840e-01
2.970000e-01  4.787788e-01
3.000000e-01  4.772883e-01
3.030000e-01  4.758121e-01
3.060000e-01  4.743501e-01
3.090000e-01  4.729018e-01
3.120000e-01  4.714671e-01
3.150000e-01  4.700457e-01
3.180000e-01  4.686373e-01
3.210000e-01  4.672417e-01
3.240000e-01  4.658586e-01
3.270000e-01  4.644878e-01
3.300000e-01  4.631291e-01
3.330000e-01  4.617822e-01
3.360000e-01  4.604469e-01
3.390000e-01  4.591231e-01
3.420000e-01  4.578104e-01
3.450000e-01  4.565088e-01
3.480000e-01  4.552179e-01
3.510000e-01  4.539377e-01
3.540000e-01  4.526679e-01
3.570000e-01  4.514083e-01
3.600000e-01  4.501588e-01
3.630000e-01  4.489192e-01
3.660000e-01  4.476893e-01
3.690000e-01  4.464690e-01
3.720000e-01  4.452581e-01
3.750000e-01  4.440564e-01
3.780000e-01  4.428638e-01
3.810000e-01  4.416802e-01
3.840000e-01  4.405053e-01
3.870000e-01  4.393391e-01
3.900000e-01  4.381814e-01
3.930000e-01  4.370320e-01
3.960000e-01  4.358909e-01
3.990000e-01  4.347580e-01
4.020000e-01  4.336329e-01
4.050000e-01  4.325158e-01
4.080000e-01  4.314064e-01
4.110000e-01  4.303045e-01
4.140000e-01  4.292102e-01
4.170000e-01  4.281233e-01
4.200000e-01  4.270436e-01
4.230000e-01  4.259711e-01
4.260000e-01  4.249057e-01
4.290000e-01  4.238472e-01
4.320000e-01  4.227955e-01
4.350000e-01  4.217506e-01
4.380000e-01  4.207123e-01
4.410000e-01  4.196805e-01
4.440000e-01  4.186552e-01
4.470000e-01  4.176363e-01
4.500000e-01  4.166236e-01
4.530000e-01  4.156172e-01
4.560000e-01  4.146168e-01
4.590000e-01  4.136224e-01
4.620000e-01  4.126339e-01
4.650000e-01  4.116512e-01
4.680000e-01  4.106744e-01
4.710000e-01  4.097031e-01
4.740000e-01  4.087375e-01
4.770000e-01  4.077774e-01
4.800000e-01  4.068228e-01
4.830000e-01  4.058735e-01
4.860000e-01  4.049295e-01
4.890000e-01  4.039907e-01
4.920000e-01  4.030571e-01
4.950000e-01  4.021286e-01
4.980000e-01  4.012051e-01
5.010000e-01  4.002865e-01
5.040000e-01  3.993729e-01
5.070000e-01  3.984640e-01
5.100000e-01  3.975599e-01
5.130000e-01  3.966605e-01
5.160000e-01  3.957658e-01
5.190000e-01  3.948756e-01
5.220000e-01  3.939899e-01
5.250000e-01  3.931087e-01
5.280000e-01  3.922319e-01
5.310000e-01  3.913595e-01
5.340000e-01  3.904913e-01
5.370000e-01  3.896274e-01
5.400000e-01  3.887677e-01
5.430000e-01  3.879121e-01
5.460000e-01  3.870605e-01
5.490000e-01  3.862130e-01
5.520000e-01  3.853695e-01
5.550000e-01  3.845299e-01
5.580000e-01  3.836942e-01
5.610000e-01  3.828623e-01
5.640000e-01  3.820342e-01
5.670000e-01  3.812098e-01
5.700000e-01  3.803892e-01
5.730000e-01  3.795721e-01
5.760000e-01  3.787587e-01
5.790000e-01  3.779489e-01
5.820000e-01  3.771425e-01
5.850000e-01  3.763397e-01
5.880000e-01  3.755402e-01
5.910000e-01  3.747442e-01
5.940000e-01  3.739515e-01
5.970000e-01  3.731621e-01
6.000000e-01  3.723760e-01
6.030000e-01  3.715931e-01
6.060000e-01  3.708134e-01
6.090000e-01  3.700369e-01
6.120000e-01  3.692635e-01
6.150000e-01  3.684931e-01
6.180000e-01  3.677259e-01
6.210000e-01  3.669616e-01
6.240000e-01  3.662003e-01
6.270000e-01  3.654419e-01
6.300000e-01  3.646865e-01
6.330000e-01  3.639339e-01
6.360000e-01  3.631841e-01
6.390000e-01  3.624372e-01
6.420000e-01  3.616930e-01
6.450000e-01  3.609516e-01
6.480000e-01  3.602128e-01
6.510000e-01  3.594768e-01
6.540000e-01  3.587434e-01
6.570000e-01  3.580126e-01
6.600000e-01  3.572843e-01
6.630000e-01  3.565587e-01
6.660000e-01  3.558355e-01
6.690000e-01  3.551149e-01
6.720000e-01  3.543967e-01
6.750000e-01  3.536809e-01
6.780000e-01  3.529676e-01
6.810000e-01  3.522566e-01
6.840000e-01  3.515480e-01
6.870000e-01  3.508417e-01
6.900000e-01  3.501377e-01
6.930000e-01  3.494360e-01
6.960000e-01  3.487365e-01
6.990000e-01  3.480393e-01
7.020000e-01  3.473442e-01
7.050000e-01  3.466513e-01
7.080000e-01  3.459605e-01
7.110000e-01  3.452719e-01
7.140000e-01  3.445853e-01
7.170000e-01  3.439008e-01
7.200000e-01  3.432184e-01
7.230000e-01  3.425380e-01
7.260000e-01  3.418595e-01
7.290000e-01  3.411831e-01
7.320000e-01  3.405085e-01
7.350000e-01  3.398359e-01
7.380000e-01  3.391652e-01
7.410000e-01  3.384964e-01
7.440000e-01  3.378294e-01
7.470000e-01  3.371643e-01
7.500000e-01  3.365010e-01
7.530000e-01  3.358394e-01
7.560000e-01  3.351797e-01
7.590000e-01  3.345216e-01
7.620000e-01  3.338653e-01
7.650000e-01  3.332107e-01
7.680000e-01  3.325578e-01
7.710000e-01  3.319065e-01
7.740000e-01  3.312569e-01
7.770000e-01  3.306089e-01
7.800000e-01  3.299625e-01
7.830000e-01  3.293177e-01
7.860000e-01  3.286744e-01
7.890000e-01  3.280327e-01
7.920000e-01  3.273924e-01
7.950000e-01  3.267537e-01
7.980000e-01  3.261165e-01
8.010000e-01  3.254807e-01
8.040000e-01  3.248464e-01
8.070000e-01  3.242134e-01
8.100000e-01  3.235819e-01
8.130000e-01  3.229518e-01
8.160000e-01  3.223230e-01
8.190000e-01  3.216956e-01
8.220000e-01  3.210695e-01
8.250000e-01  3.204447e-01
8.280000e-01  3.198211e-01
8.310000e-01  3.191989e-01
8.340000e-01  3.185779e-01
8.370000e-01  3.179582e-01
8.400000e-01  3.173396e-01
8.430000e-01  3.167223e-01
8.460000e-01  3.161062e-01
8.490000e-01  3.154912e-01
8.520000e-01  3.148773e-01
8.550000e-01  3.142646e-01
8.580000e-01  3.136530e-01
8.610000e-01  3.130425e-01
8.640000e-01  3.124330e-01
8.670000e-01  3.118247e-01
8.700000e-01  3.112173e-01
8.730000e-01  3.106110e-01
8.760000e-01  3.100057e-01
8.790000e-01  3.094014e-01
8.820000e-01  3.087980e-01
8.850000e-01  3.081956e-01
8.880000e-01  3.075942e-01
8.910000e-01  3.069936e-01
8.940000e-01  3.063940e-01
8.970000e-01  3.057953e-01
9.000000e-01  3.051974e-01
9.030000e-01  3.046004e-01
9.060000e-01  3.040042e-01
9.090000e-01  3.034088e-01
9.120000e-01  3.028142e-01
9.150000e-01  3.022205e-01
9.180000e-01  3.016275e-01
9.210000e-01  3.010352e-01
9.240000e-01  3.004437e-01
9.270000e-01  2.998529e-01
9.300000e-01  2.992628e-01
9.330000e-01  2.986734e-01
9.360000e-01  2.980846e-01
9.390000e-01  2.974965e-01
9.420000e-01  2.969090e-01
9.450000e-01  2.963222e-01
9.480000e-01  2.957359e-01
9.510000e-01  2.951503e-01
9.540000e-01  2.945652e-01
9.570000e-01  2.939806e-01
9.600000e-01  2.933966e-01
9.630000e-01  2.928131e-01
9.660000e-01  2.922301e-01
9.690000e-01  2.916476e-01
9.720000e-01  2.910655e-01
9.750000e-01  2.904839e-01
9.780000e-01  2.899027e-01
9.810000e-01  2.893219e-01
9.840000e-01  2.887415e-01
9.870000e-01  2.881615e-01
9.900000e-01  2.875819e-01
9.930000e-01  2.870026e-01
9.960000e-01  2.864236e-01
9.990000e-01  2.858449e-01
