000000  000001
3.000000e-03  9.428226e-01
6.000000e-03  9.002909e-01
9.000000e-03  8.664300e-01
1.200000e-02  8.383224e-01
1.500000e-02  8.143164e-01
1.800000e-02  7.933836e-01
2.100000e-02  7.748394e-01
2.400000e-02  7.582046e-01
2.700000e-02  7.431307e-01
3.000000e-02  7.293564e-01
3.300000e-02  7.166804e-01
3.600000e-02  7.049446e-01
3.900000e-02  6.940227e-01
4.200000e-02  6.838117e-01
4.500000e-02  6.742272e-01
4.800000e-02  6.651985e-01
5.100000e-02  6.566663e-01
5.400000e-02  6.485802e-01
5.700000e-02  6.408969e-01
6.000000e-02  6.335793e-01
6.300000e-02  6.265948e-01
6.600000e-02  6.199151e-01
6.900000e-02  6.135154e-01
7.200000e-02  6.073735e-01
7.500000e-02  6.014700e-01
7.800000e-02  5.957873e-01
8.100000e-02  5.903099e-01
8.400000e-02  5.850236e-01
8.700000e-02  5.799158e-01
9.000000e-02  5.749751e-01
9.300000e-02  5.701909e-01
9.600000e-02  5.655538e-01
9.900000e-02  5.610551e-01
1.020000e-01  5.566868e-01
1.050000e-01  5.524417e-01
1.080000e-01  5.483131e-01
1.110000e-01  5.442947e-01
1.140000e-01  5.403809e-01
1.170000e-01  5.365664e-01
1.200000e-01  5.328461e-01
1.230000e-01  5.292157e-01
1.260000e-01  5.256707e-01
1.290000e-01  5.222074e-01
1.320000e-01  5.188219e-01
1.350000e-01  5.155108e-01
1.380000e-01  5.122709e-01
1.410000e-01  5.090992e-01
1.440000e-01  5.059927e-01
1.470000e-01  5.029488e-01
1.500000e-01  4.999650e-01
1.530000e-01  4.970389e-01
1.560000e-01  4.941683e-01
1.590000e-01  4.913510e-01
1.620000e-01  4.885850e-01
1.650000e-01  4.858684e-01
1.680000e-01  4.831995e-01
1.710000e-01  4.805765e-01
1.740000e-01  4.779978e-01
1.770000e-01  4.754619e-01
1.800000e-01  4.729673e-01
1.830000e-01  4.705127e-01
1.860000e-01  4.680966e-01
1.890000e-01  4.657178e-01
1.920000e-01  4.633752e-01
1.950000e-01  4.610676e-01
1.980000e-01  4.587939e-01
2.010000e-01  4.565530e-01
2.040000e-01  4.543439e-01
2.070000e-01  4.521657e-01
2.100000e-01  4.500175e-01
2.130000e-01  4.478983e-01
2.160000e-01  4.458073e-01
2.190000e-01  4.437438e-01
2.220000e-01  4.417070e-01
2.250000e-01  4.396960e-01
2.280000e-01  4.377102e-01
2.310000e-01  4.357489e-01
2.340000e-01  4.338114e-01
2.370000e-01  4.318971e-01
2.400000e-01  4.300054e-01
2.430000e-01  4.281356e-01
2.460000e-01  4.262873e-01
2.490000e-01  4.244598e-01
2.520000e-01  4.226526e-01
2.550000e-01  4.208652e-01
2.580000e-01  4.190972e-01
2.610000e-01  4.173480e-01
2.640000e-01  4.156172e-01
2.670000e-01  4.139043e-01
2.700000e-01  4.122089e-01
2.730000e-01  4.105305e-01
2.760000e-01  4.088689e-01
2.790000e-01  4.072235e-01
2.820000e-01  4.055940e-01
2.850000e-01  4.039801e-01
2.880000e-01  4.023813e-01
2.910000e-01  4.007974e-01
2.940000e-01  3.992279e-01
2.970000e-01  3.976727e-01
3.000000e-01  3.961313e-01
3.030000e-01  3.946034e-01
3.060000e-01  3.930888e-01
3.090000e-01  3.915871e-01
3.120000e-01  3.900981e-01
3.150000e-01  3.886215e-01
3.180000e-01  3.871571e-01
3.210000e-01  3.857045e-01
3.240000e-01  3.842636e-01
3.270000e-01  3.828340e-01
3.300000e-01  3.814156e-01
3.330000e-01  3.800080e-01
3.360000e-01  3.786112e-01
3.390000e-01  3.772248e-01
3.420000e-01  3.758487e-01
3.450000e-01  3.744826e-01
3.480000e-01  3.731263e-01
3.510000e-01  3.717796e-01
3.540000e-01  3.704424e-01
3.570000e-01  3.691144e-01
3.600000e-01  3.677955e-01
3.630000e-01  3.664854e-01
3.660000e-01  3.651841e-01
3.690000e-01  3.638912e-01
3.720000e-01  3.626067e-01
3.750000e-01  3.613304e-01
3.780000e-01  3.600621e-01
3.810000e-01  3.588016e-01
3.840000e-01  3.575488e-01
3.870000e-01  3.563036e-01
3.900000e-01  3.550658e-01
3.930000e-01  3.538353e-01
3.960000e-01  3.526118e-01
3.990000e-01  3.513953e-01
4.020000e-01  3.501857e-01
4.050000e-01  3.489827e-01
4.080000e-01  3.477863e-01
4.110000e-01  3.465963e-01
4.140000e-01  3.454126e-01
4.170000e-01  3.442351e-01
4.200000e-01  3.430636e-01
4.230000e-01  3.418980e-01
4.260000e-01  3.407383e-01
4.290000e-01  3.395842e-01
4.320000e-01  3.384357e-01
4.350000e-01  3.372927e-01
4.380000e-01  3.361550e-01
4.410000e-01  3.350225e-01
4.440000e-01  3.338951e-01
4.470000e-01  3.327728e-01
4.500000e-01  3.316554e-01
4.530000e-01  3.305427e-01
4.560000e-01  3.294348e-01
4.590000e-01  3.283315e-01
4.620000e-01  3.272326e-01
4.650000e-01  3.261382e-01
4.680000e-01  3.250480e-01
4.710000e-01  3.239621e-01
4.740000e-01  3.228802e-01
4.770000e-01  3.218024e-01
4.800000e-01  3.207285e-01
4.830000e-01  3.196584e-01
4.860000e-01  3.185920e-01
4.890000e-01  3.175293e-01
4.920000e-01  3.164701e-01
4.950000e-01  3.154144e-01
4.980000e-01  3.143620e-01
5.010000e-01  3.133129e-01
5.040000e-01  3.122670e-01
5.070000e-01  3.112242e-01
5.100000e-01  3.101844e-01
5.130000e-01  3.091476e-01
5.160000e-01  3.081136e-01
5.190000e-01  3.070823e-01
5.220000e-01  3.060537e-01
5.250000e-01  3.050277e-01
5.280000e-01  3.040042e-01
5.310000e-01  3.029831e-01
5.340000e-01  3.019643e-01
5.370000e-01  3.009478e-01
5.400000e-01  2.999334e-01
5.430000e-01  2.989211e-01
5.460000e-01  2.979108e-01
5.490000e-01  2.969024e-01
5.520000e-01  2.958958e-01
5.550000e-01  2.948909e-01
5.580000e-01  2.938877e-01
5.610000e-01  2.928860e-01
5.640000e-01  2.918858e-01
5.670000e-01  2.908870e-01
5.700000e-01  2.898895e-01
5.730000e-01  2.888932e-01
5.760000e-01  2.878980e-01
5.790000e-01  2.869039e-01
5.820000e-01  2.859106e-01
5.850000e-01  2.849182e-01
5.880000e-01  2.839266e-01
5.910000e-01  2.829357e-01
5.940000e-01  2.819452e-01
5.970000e-01  2.809553e-01
6.000000e-01  2.799657e-01
6.030000e-01  2.789764e-01
6.060000e-01  2.779873e-01
6.090000e-01  000000
6.120000e-01  000000
6.150000e-01  000000
6.180000e-01  000000
6.210000e-01  000000
6.240000e-01  000000
6.270000e-01  000000
6.300000e-01  000000
6.330000e-01  000000
6.360000e-01  000000
6.390000e-01  000000
6.420000e-01  000000
6.450000e-01  000000
6.480000e-01  000000
6.510000e-01  000000
6.540000e-01  000000
6.570000e-01  000000
6.600000e-01  000000
6.630000e-01  000000
6.660000e-01  000000
6.690000e-01  000000
6.720000e-01  000000
6.750000e-01  000000
6.780000e-01  000000
6.810000e-01  000000
6.840000e-01  000000
6.870000e-01  000000
6.900000e-01  000000
6.930000e-01  000000
6.960000e-01  000000
6.990000e-01  000000
7.020000e-01  000000
7.050000e-01  000000
7.080000e-01  000000
7.110000e-01  000000
7.140000e-01  000000
7.170000e-01  000000
7.200000e-01  000000
7.230000e-01  000000
7.260000e-01  000000
7.290000e-01  000000
7.320000e-01  000000
7.350000e-01  000000
7.380000e-01  000000
7.410000e-01  000000
7.440000e-01  000000
7.470000e-01  000000
7.500000e-01  000000
7.530000e-01  000000
7.560000e-01  000000
7.590000e-01  000000
7.620000e-01  000000
7.650000e-01  000000
7.680000e-01  000000
7.710000e-01  000000
7.740000e-01  000000
7.770000e-01  000000
7.800000e-01  000000
7.830000e-01  000000
7.860000e-01  000000
7.890000e-01  000000
7.920000e-01  000000
7.950000e-01  000000
7.980000e-01  000000
8.010000e-01  000000
8.040000e-01  000000
8.070000e-01  000000
8.100000e-01  000000
8.130000e-01  000000
8.160000e-01  000000
8.190000e-01  000000
8.220000e-01  000000
8.250000e-01  000000
8.280000e-01  000000
8.310000e-01  000000
8.340000e-01  000000
8.370000e-01  000000
8.400000e-01  000000
8.430000e-01  000000
8.460000e-01  000000
8.490000e-01  000000
8.520000e-01  000000
8.550000e-01  000000
8.580000e-01  000000
8.610000e-01  000000
8.640000e-01  000000
8.670000e-01  000000
8.700000e-01  000000
8.730000e-01  000000
8.760000e-01  000000
8.790000e-01  000000
8.820000e-01  000000
8.850000e-01  000000
8.880000e-01  000000
8.910000e-01  000000
8.940000e-01  000000
8.970000e-01  000000
9.000000e-01  000000
9.030000e-01  000000
9.060000e-01  000000
9.090000e-01  000000
9.120000e-01  000000
9.150000e-01  000000
9.180000e-01  000000
9.210000e-01  000000
9.240000e-01  000000
9.270000e-01  000000
9.300000e-01  000000
9.330000e-01  000000
9.360000e-01  000000
9.390000e-01  000000
9.420000e-01  000000
9.450000e-01  000000
9.480000e-01  000000
9.510000e-01  000000
9.540000e-01  000000
9.570000e-01  000000
9.600000e-01  000000
9.630000e-01  000000
9.660000e-01  000000
9.690000e-01  000000
9.720000e-01  000000
9.750000e-01  000000
9.780000e-01  000000
9.810000e-01  000000
9.840000e-01  000000
9.870000e-01  000000
9.900000e-01  000000
9.930000e-01  000000
9.960000e-01  000000
9.990000e-01  000000
