000000  000001
3.000000e-03  9.433676e-01
6.000000e-03  9.011369e-01
9.000000e-03  8.674659e-01
1.200000e-02  8.394882e-01
1.500000e-02  8.155759e-01
1.800000e-02  7.947134e-01
2.100000e-02  7.762235e-01
2.400000e-02  7.596315e-01
2.700000e-02  7.445922e-01
3.000000e-02  7.308460e-01
3.300000e-02  7.181933e-01
3.600000e-02  7.064770e-01
3.900000e-02  6.955715e-01
4.200000e-02  6.853745e-01
4.500000e-02  6.758018e-01
4.800000e-02  6.667834e-01
5.100000e-02  6.582601e-01
5.400000e-02  6.501818e-01
5.700000e-02  6.425053e-01
6.000000e-02  6.351936e-01
6.300000e-02  6.282144e-01
6.600000e-02  6.215393e-01
6.900000e-02  6.151437e-01
7.200000e-02  6.090055e-01
7.500000e-02  6.031053e-01
7.800000e-02  5.974255e-01
8.100000e-02  5.919508e-01
8.400000e-02  5.866669e-01
8.700000e-02  5.815613e-01
9.000000e-02  5.766225e-01
9.300000e-02  5.718401e-01
9.600000e-02  5.672047e-01
9.900000e-02  5.627075e-01
1.020000e-01  5.583407e-01
1.050000e-01  5.540969e-01
1.080000e-01  5.499695e-01
1.110000e-01  5.459523e-01
1.140000e-01  5.420396e-01
1.170000e-01  5.382260e-01
1.200000e-01  5.345068e-01
1.230000e-01  5.308772e-01
1.260000e-01  5.273332e-01
1.290000e-01  5.238707e-01
1.320000e-01  5.204861e-01
1.350000e-01  5.171759e-01
1.380000e-01  5.139368e-01
1.410000e-01  5.107658e-01
1.440000e-01  5.076602e-01
1.470000e-01  5.046171e-01
1.500000e-01  5.016341e-01
1.530000e-01  4.987088e-01
1.560000e-01  4.958389e-01
1.590000e-01  4.930224e-01
1.620000e-01  4.902572e-01
1.650000e-01  4.875415e-01
1.680000e-01  4.848734e-01
1.710000e-01  4.822512e-01
1.740000e-01  4.796734e-01
1.770000e-01  4.771383e-01
1.800000e-01  4.746446e-01
1.830000e-01  4.721908e-01
1.860000e-01  4.697757e-01
1.890000e-01  4.673979e-01
1.920000e-01  4.650562e-01
1.950000e-01  4.627496e-01
1.980000e-01  4.604768e-01
2.010000e-01  4.582369e-01
2.040000e-01  4.560289e-01
2.070000e-01  4.538518e-01
2.100000e-01  4.517046e-01
2.130000e-01  4.495865e-01
2.160000e-01  4.474967e-01
2.190000e-01  4.454344e-01
2.220000e-01  4.433987e-01
2.250000e-01  4.413889e-01
2.280000e-01  4.394044e-01
2.310000e-01  4.374443e-01
2.340000e-01  4.355081e-01
2.370000e-01  4.335952e-01
2.400000e-01  4.317048e-01
2.430000e-01  4.298364e-01
2.460000e-01  4.279895e-01
2.490000e-01  4.261634e-01
2.520000e-01  4.243577e-01
2.550000e-01  4.225718e-01
2.580000e-01  4.208053e-01
2.610000e-01  4.190577e-01
2.640000e-01  4.173284e-01
2.670000e-01  4.156172e-01
2.700000e-01  4.139234e-01
2.730000e-01  4.122468e-01
2.760000e-01  4.105868e-01
2.790000e-01  4.089432e-01
2.820000e-01  4.073155e-01
2.850000e-01  4.057034e-01
2.880000e-01  4.041065e-01
2.910000e-01  4.025244e-01
2.940000e-01  4.009569e-01
2.970000e-01  3.994036e-01
3.000000e-01  3.978641e-01
3.030000e-01  3.963383e-01
3.060000e-01  3.948257e-01
3.090000e-01  3.933262e-01
3.120000e-01  3.918393e-01
3.150000e-01  3.903649e-01
3.180000e-01  3.889026e-01
3.210000e-01  3.874523e-01
3.240000e-01  3.860136e-01
3.270000e-01  3.845864e-01
3.300000e-01  3.831703e-01
3.330000e-01  3.817652e-01
3.360000e-01  3.803708e-01
3.390000e-01  3.789868e-01
3.420000e-01  3.776132e-01
3.450000e-01  3.762497e-01
3.480000e-01  3.748960e-01
3.510000e-01  3.735519e-01
3.540000e-01  3.722174e-01
3.570000e-01  3.708921e-01
3.600000e-01  3.695759e-01
3.630000e-01  3.682687e-01
3.660000e-01  3.669702e-01
3.690000e-01  3.656802e-01
3.720000e-01  3.643986e-01
3.750000e-01  3.631253e-01
3.780000e-01  3.618600e-01
3.810000e-01  3.606026e-01
3.840000e-01  3.593530e-01
3.870000e-01  3.581109e-01
3.900000e-01  3.568763e-01
3.930000e-01  3.556491e-01
3.960000e-01  3.544289e-01
3.990000e-01  3.532158e-01
4.020000e-01  3.520095e-01
4.050000e-01  3.508100e-01
4.080000e-01  3.496171e-01
4.110000e-01  3.484307e-01
4.140000e-01  3.472507e-01
4.170000e-01  3.460768e-01
4.200000e-01  3.449091e-01
4.230000e-01  3.437473e-01
4.260000e-01  3.425914e-01
4.290000e-01  3.414413e-01
4.320000e-01  3.402967e-01
4.350000e-01  3.391577e-01
4.380000e-01  3.380241e-01
4.410000e-01  3.368958e-01
4.440000e-01  3.357726e-01
4.470000e-01  3.346546e-01
4.500000e-01  3.335415e-01
4.530000e-01  3.324333e-01
4.560000e-01  3.313298e-01
4.590000e-01  3.302310e-01
4.620000e-01  3.291368e-01
4.650000e-01  3.280471e-01
4.680000e-01  3.269617e-01
4.710000e-01  3.258806e-01
4.740000e-01  3.248036e-01
4.770000e-01  3.237308e-01
4.800000e-01  3.226619e-01
4.830000e-01  3.215970e-01
4.860000e-01  3.205358e-01
4.890000e-01  3.194784e-01
4.920000e-01  3.184246e-01
4.950000e-01  3.173744e-01
4.980000e-01  3.163276e-01
5.010000e-01  3.152841e-01
5.040000e-01  3.142440e-01
5.070000e-01  3.132070e-01
5.100000e-01  3.121732e-01
5.130000e-01  3.111423e-01
5.160000e-01  3.101144e-01
5.190000e-01  3.090894e-01
5.220000e-01  3.080672e-01
5.250000e-01  3.070476e-01
5.280000e-01  3.060306e-01
5.310000e-01  3.050162e-01
5.340000e-01  3.040042e-01
5.370000e-01  3.029945e-01
5.400000e-01  3.019872e-01
5.430000e-01  3.009820e-01
5.460000e-01  2.999789e-01
5.490000e-01  2.989779e-01
5.520000e-01  2.979788e-01
5.550000e-01  2.969816e-01
5.580000e-01  2.959862e-01
5.610000e-01  2.949924e-01
5.640000e-01  2.940003e-01
5.670000e-01  2.930097e-01
5.700000e-01  2.920206e-01
5.730000e-01  2.910328e-01
5.760000e-01  2.900463e-01
5.790000e-01  2.890610e-01
5.820000e-01  2.880768e-01
5.850000e-01  2.870937e-01
5.880000e-01  2.861114e-01
5.910000e-01  2.851300e-01
5.940000e-01  2.841494e-01
5.970000e-01  2.831694e-01
6.000000e-01  2.821900e-01
6.030000e-01  2.812111e-01
6.060000e-01  2.802326e-01
6.090000e-01  2.792543e-01
6.120000e-01  2.782763e-01
6.150000e-01  000000
6.180000e-01  000000
6.210000e-01  000000
6.240000e-01  000000
6.270000e-01  000000
6.300000e-01  000000
6.330000e-01  000000
6.360000e-01  000000
6.390000e-01  000000
6.420000e-01  000000
6.450000e-01  000000
6.480000e-01  000000
6.510000e-01  000000
6.540000e-01  000000
6.570000e-01  000000
6.600000e-01  000000
6.630000e-01  000000
6.660000e-01  000000
6.690000e-01  000000
6.720000e-01  000000
6.750000e-01  000000
6.780000e-01  000000
6.810000e-01  000000
6.840000e-01  000000
6.870000e-01  000000
6.900000e-01  000000
6.930000e-01  000000
6.960000e-01  000000
6.990000e-01  000000
7.020000e-01  000000
7.050000e-01  000000
7.080000e-01  000000
7.110000e-01  000000
7.140000e-01  000000
7.170000e-01  000000
7.200000e-01  000000
7.230000e-01  000000
7.260000e-01  000000
7.290000e-01  000000
7.320000e-01  000000
7.350000e-01  000000
7.380000e-01  000000
7.410000e-01  000000
7.440000e-01  000000
7.470000e-01  000000
7.500000e-01  000000
7.530000e-01  000000
7.560000e-01  000000
7.590000e-01  000000
7.620000e-01  000000
7.650000e-01  000000
7.680000e-01  000000
7.710000e-01  000000
7.740000e-01  000000
7.770000e-01  000000
7.800000e-01  000000
7.830000e-01  000000
7.860000e-01  000000
7.890000e-01  000000
7.920000e-01  000000
7.950000e-01  000000
7.980000e-01  000000
8.010000e-01  000000
8.040000e-01  000000
8.070000e-01  000000
8.100000e-01  000000
8.130000e-01  000000
8.160000e-01  000000
8.190000e-01  000000
8.220000e-01  000000
8.250000e-01  000000
8.280000e-01  000000
8.310000e-01  000000
8.340000e-01  000000
8.370000e-01  000000
8.400000e-01  000000
8.430000e-01  000000
8.460000e-01  000000
8.490000e-01  000000
8.520000e-01  000000
8.550000e-01  000000
8.580000e-01  000000
8.610000e-01  000000
8.640000e-01  000000
8.670000e-01  000000
8.700000e-01  000000
8.730000e-01  000000
8.760000e-01  000000
8.790000e-01  000000
8.820000e-01  000000
8.850000e-01  000000
8.880000e-01  000000
8.910000e-01  000000
8.940000e-01  000000
8.970000e-01  000000
9.000000e-01  000000
9.030000e-01  000000
9.060000e-01  000000
9.090000e-01  000000
9.120000e-01  000000
9.150000e-01  000000
9.180000e-01  000000
9.210000e-01  000000
9.240000e-01  000000
9.270000e-01  000000
9.300000e-01  000000
9.330000e-01  000000
9.360000e-01  000000
9.390000e-01  000000
9.420000e-01  000000
9.450000e-01  000000
9.480000e-01  000000
9.510000e-01  000000
9.540000e-01  000000
9.570000e-01  000000
9.600000e-01  000000
9.630000e-01  000000
9.660000e-01  000000
9.690000e-01  000000
9.720000e-01  000000
9.750000e-01  000000
9.780000e-01  000000
9.810000e-01  000000
9.840000e-01  000000
9.870000e-01  000000
9.900000e-01  000000
9.930000e-01  000000
9.960000e-01  000000
9.990000e-01  000000
