000000  000001
3.000000e-03  9.545977e-01
6.000000e-03  9.189250e-01
9.000000e-03  8.895435e-01
1.200000e-02  8.645757e-01
1.500000e-02  8.428798e-01
1.800000e-02  8.237077e-01
2.100000e-02  8.065420e-01
2.400000e-02  7.910095e-01
2.700000e-02  7.768324e-01
3.000000e-02  7.637980e-01
3.300000e-02  7.517397e-01
3.600000e-02  7.405250e-01
3.900000e-02  7.300463e-01
4.200000e-02  7.202154e-01
4.500000e-02  7.109587e-01
4.800000e-02  7.022147e-01
5.100000e-02  6.939310e-01
5.400000e-02  6.860627e-01
5.700000e-02  6.785714e-01
6.000000e-02  6.714234e-01
6.300000e-02  6.645895e-01
6.600000e-02  6.580439e-01
6.900000e-02  6.517640e-01
7.200000e-02  6.457295e-01
7.500000e-02  6.399225e-01
7.800000e-02  6.343268e-01
8.100000e-02  6.289280e-01
8.400000e-02  6.237129e-01
8.700000e-02  6.186699e-01
9.000000e-02  6.137881e-01
9.300000e-02  6.090579e-01
9.600000e-02  6.044701e-01
9.900000e-02  6.000168e-01
1.020000e-01  5.956904e-01
1.050000e-01  5.914839e-01
1.080000e-01  5.873911e-01
1.110000e-01  5.834060e-01
1.140000e-01  5.795233e-01
1.170000e-01  5.757378e-01
1.200000e-01  5.720449e-01
1.230000e-01  5.684403e-01
1.260000e-01  5.649198e-01
1.290000e-01  5.614796e-01
1.320000e-01  5.581163e-01
1.350000e-01  5.548264e-01
1.380000e-01  5.516069e-01
1.410000e-01  5.484548e-01
1.440000e-01  5.453674e-01
1.470000e-01  5.423421e-01
1.500000e-01  5.393765e-01
1.530000e-01  5.364681e-01
1.560000e-01  5.336150e-01
1.590000e-01  5.308149e-01
1.620000e-01  5.280660e-01
1.650000e-01  5.253664e-01
1.680000e-01  5.227144e-01
1.710000e-01  5.201082e-01
1.740000e-01  5.175465e-01
1.770000e-01  5.150275e-01
1.800000e-01  5.125499e-01
1.830000e-01  5.101124e-01
1.860000e-01  5.077136e-01
1.890000e-01  5.053524e-01
1.920000e-01  5.030275e-01
1.950000e-01  5.007378e-01
1.980000e-01  4.984822e-01
2.010000e-01  4.962597e-01
2.040000e-01  4.940694e-01
2.070000e-01  4.919103e-01
2.100000e-01  4.897814e-01
2.130000e-01  4.876820e-01
2.160000e-01  4.856111e-01
2.190000e-01  4.835681e-01
2.220000e-01  4.815520e-01
2.250000e-01  4.795623e-01
2.280000e-01  4.775981e-01
2.310000e-01  4.756589e-01
2.340000e-01  4.737439e-01
2.370000e-01  4.718525e-01
2.400000e-01  4.699842e-01
2.430000e-01  4.681383e-01
2.460000e-01  4.663142e-01
2.490000e-01  4.645115e-01
2.520000e-01  4.627296e-01
2.550000e-01  4.609681e-01
2.580000e-01  4.592263e-01
2.610000e-01  4.575038e-01
2.640000e-01  4.558003e-01
2.670000e-01  4.541152e-01
2.700000e-01  4.524481e-01
2.730000e-01  4.507986e-01
2.760000e-01  4.491663e-01
2.790000e-01  4.475509e-01
2.820000e-01  4.459519e-01
2.850000e-01  4.443690e-01
2.880000e-01  4.428018e-01
2.910000e-01  4.412501e-01
2.940000e-01  4.397134e-01
2.970000e-01  4.381914e-01
3.000000e-01  4.366839e-01
3.030000e-01  4.351905e-01
3.060000e-01  4.337109e-01
3.090000e-01  4.322450e-01
3.120000e-01  4.307922e-01
3.150000e-01  4.293526e-01
3.180000e-01  4.279256e-01
3.210000e-01  4.265111e-01
3.240000e-01  4.251089e-01
3.270000e-01  4.237188e-01
3.300000e-01  4.223403e-01
3.330000e-01  4.209735e-01
3.360000e-01  4.196179e-01
3.390000e-01  4.182735e-01
3.420000e-01  4.169400e-01
3.450000e-01  4.156172e-01
3.480000e-01  4.143048e-01
3.510000e-01  4.130028e-01
3.540000e-01  4.117109e-01
3.570000e-01  4.104289e-01
3.600000e-01  4.091567e-01
3.630000e-01  4.078940e-01
3.660000e-01  4.066407e-01
3.690000e-01  4.053967e-01
3.720000e-01  4.041618e-01
3.750000e-01  4.029357e-01
3.780000e-01  4.017184e-01
3.810000e-01  4.005097e-01
3.840000e-01  3.993095e-01
3.870000e-01  3.981175e-01
3.900000e-01  3.969338e-01
3.930000e-01  3.957580e-01
3.960000e-01  3.945902e-01
3.990000e-01  3.934301e-01
4.020000e-01  3.922776e-01
4.050000e-01  3.911326e-01
4.080000e-01  3.899950e-01
4.110000e-01  3.888646e-01
4.140000e-01  3.877414e-01
4.170000e-01  3.866252e-01
4.200000e-01  3.855159e-01
4.230000e-01  3.844134e-01
4.260000e-01  3.833175e-01
4.290000e-01  3.822283e-01
4.320000e-01  3.811455e-01
4.350000e-01  3.800690e-01
4.380000e-01  3.789988e-01
4.410000e-01  3.779348e-01
4.440000e-01  3.768768e-01
4.470000e-01  3.758248e-01
4.500000e-01  3.747787e-01
4.530000e-01  3.737384e-01
4.560000e-01  3.727037e-01
4.590000e-01  3.716747e-01
4.620000e-01  3.706511e-01
4.650000e-01  3.696330e-01
4.680000e-01  3.686202e-01
4.710000e-01  3.676127e-01
4.740000e-01  3.666104e-01
4.770000e-01  3.656131e-01
4.800000e-01  3.646209e-01
4.830000e-01  3.636336e-01
4.860000e-01  3.626512e-01
4.890000e-01  3.616736e-01
4.920000e-01  3.607007e-01
4.950000e-01  3.597325e-01
4.980000e-01  3.587688e-01
5.010000e-01  3.578097e-01
5.040000e-01  3.568549e-01
5.070000e-01  3.559046e-01
5.100000e-01  3.549585e-01
5.130000e-01  3.540167e-01
5.160000e-01  3.530791e-01
5.190000e-01  3.521456e-01
5.220000e-01  3.512161e-01
5.250000e-01  3.502906e-01
5.280000e-01  3.493690e-01
5.310000e-01  3.484513e-01
5.340000e-01  3.475374e-01
5.370000e-01  3.466272e-01
5.400000e-01  3.457208e-01
5.430000e-01  3.448179e-01
5.460000e-01  3.439187e-01
5.490000e-01  3.430229e-01
5.520000e-01  3.421307e-01
5.550000e-01  3.412418e-01
5.580000e-01  3.403563e-01
5.610000e-01  3.394741e-01
5.640000e-01  3.385952e-01
5.670000e-01  3.377194e-01
5.700000e-01  3.368468e-01
5.730000e-01  3.359774e-01
5.760000e-01  3.351109e-01
5.790000e-01  3.342475e-01
5.820000e-01  3.333870e-01
5.850000e-01  3.325295e-01
5.880000e-01  3.316747e-01
5.910000e-01  3.308229e-01
5.940000e-01  3.299737e-01
5.970000e-01  3.291273e-01
6.000000e-01  3.282836e-01
6.030000e-01  3.274425e-01
6.060000e-01  3.266040e-01
6.090000e-01  3.257680e-01
6.120000e-01  3.249345e-01
6.150000e-01  3.241035e-01
6.180000e-01  3.232749e-01
6.210000e-01  3.224486e-01
6.240000e-01  3.216247e-01
6.270000e-01  3.208031e-01
6.300000e-01  3.199837e-01
6.330000e-01  3.191665e-01
6.360000e-01  3.183514e-01
6.390000e-01  3.175385e-01
6.420000e-01  3.167277e-01
6.450000e-01  3.159189e-01
6.480000e-01  3.151120e-01
6.510000e-01  3.143072e-01
6.540000e-01  3.135042e-01
6.570000e-01  3.127032e-01
6.600000e-01  3.119040e-01
6.630000e-01  3.111065e-01
6.660000e-01  3.103109e-01
6.690000e-01  3.095169e-01
6.720000e-01  3.087246e-01
6.750000e-01  3.079340e-01
6.780000e-01  3.071450e-01
6.810000e-01  3.063575e-01
6.840000e-01  3.055716e-01
6.870000e-01  3.047872e-01
6.900000e-01  3.040042e-01
6.930000e-01  3.032226e-01
6.960000e-01  3.024424e-01
6.990000e-01  3.016635e-01
7.020000e-01  3.008860e-01
7.050000e-01  3.001097e-01
7.080000e-01  2.993346e-01
7.110000e-01  2.985607e-01
7.140000e-01  2.977879e-01
7.170000e-01  2.970163e-01
7.200000e-01  2.962457e-01
7.230000e-01  2.954761e-01
7.260000e-01  2.947076e-01
7.290000e-01  2.939400e-01
7.320000e-01  2.931733e-01
7.350000e-01  2.924075e-01
7.380000e-01  2.916425e-01
7.410000e-01  2.908783e-01
7.440000e-01  2.901149e-01
7.470000e-01  2.893522e-01
7.500000e-01  2.885902e-01
7.530000e-01  2.878288e-01
7.560000e-01  2.870680e-01
7.590000e-01  2.863078e-01
7.620000e-01  2.855481e-01
7.650000e-01  2.847889e-01
7.680000e-01  2.840301e-01
7.710000e-01  2.832717e-01
7.740000e-01  2.825136e-01
7.770000e-01  2.817558e-01
7.800000e-01  2.809983e-01
7.830000e-01  2.802411e-01
7.860000e-01  2.794840e-01
7.890000e-01  2.787270e-01
7.920000e-01  2.779701e-01
7.950000e-01  000000
7.980000e-01  000000
8.010000e-01  000000
8.040000e-01  000000
8.070000e-01  000000
8.100000e-01  000000
8.130000e-01  000000
8.160000e-01  000000
8.190000e-01  000000
8.220000e-01  000000
8.250000e-01  000000
8.280000e-01  000000
8.310000e-01  000000
8.340000e-01  000000
8.370000e-01  000000
8.400000e-01  000000
8.430000e-01  000000
8.460000e-01  000000
8.490000e-01  000000
8.520000e-01  000000
8.550000e-01  000000
8.580000e-01  000000
8.610000e-01  000000
8.640000e-01  000000
8.670000e-01  000000
8.700000e-01  000000
8.730000e-01  000000
8.760000e-01  000000
8.790000e-01  000000
8.820000e-01  000000
8.850000e-01  000000
8.880000e-01  000000
8.910000e-01  000000
8.940000e-01  000000
8.970000e-01  000000
9.000000e-01  000000
9.030000e-01  000000
9.060000e-01  000000
9.090000e-01  000000
9.120000e-01  000000
9.150000e-01  000000
9.180000e-01  000000
9.210000e-01  000000
9.240000e-01  000000
9.270000e-01  000000
9.300000e-01  000000
9.330000e-01  000000
9.360000e-01  000000
9.390000e-01  000000
9.420000e-01  000000
9.450000e-01  000000
9.480000e-01  000000
9.510000e-01  000000
9.540000e-01  000000
9.570000e-01  000000
9.600000e-01  000000
9.630000e-01  000000
9.660000e-01  000000
9.690000e-01  000000
9.720000e-01  000000
9.750000e-01  000000
9.780000e-01  000000
9.810000e-01  000000
9.840000e-01  000000
9.870000e-01  000000
9.900000e-01  000000
9.930000e-01  000000
9.960000e-01  000000
9.990000e-01  000000
