000000  000001
3.000000e-03  8.655612e-01
6.000000e-03  7.929547e-01
9.000000e-03  7.435212e-01
1.200000e-02  7.063063e-01
1.500000e-02  6.766276e-01
1.800000e-02  6.520497e-01
2.100000e-02  6.311451e-01
2.400000e-02  6.130066e-01
2.700000e-02  5.970225e-01
3.000000e-02  5.827612e-01
3.300000e-02  5.699071e-01
3.600000e-02  5.582229e-01
3.900000e-02  5.475255e-01
4.200000e-02  5.376712e-01
4.500000e-02  5.285447e-01
4.800000e-02  5.200525e-01
5.100000e-02  5.121178e-01
5.400000e-02  5.046765e-01
5.700000e-02  4.976748e-01
6.000000e-02  4.910671e-01
6.300000e-02  4.848143e-01
6.600000e-02  4.788828e-01
6.900000e-02  4.732434e-01
7.200000e-02  4.678706e-01
7.500000e-02  4.627420e-01
7.800000e-02  4.578380e-01
8.100000e-02  4.531411e-01
8.400000e-02  4.486356e-01
8.700000e-02  4.443076e-01
9.000000e-02  4.401448e-01
9.300000e-02  4.361357e-01
9.600000e-02  4.322703e-01
9.900000e-02  4.285394e-01
1.020000e-01  4.249344e-01
1.050000e-01  4.214479e-01
1.080000e-01  4.180727e-01
1.110000e-01  4.148026e-01
1.140000e-01  4.116316e-01
1.170000e-01  4.085543e-01
1.200000e-01  4.055658e-01
1.230000e-01  4.026613e-01
1.260000e-01  3.998367e-01
1.290000e-01  3.970879e-01
1.320000e-01  3.944114e-01
1.350000e-01  3.918035e-01
1.380000e-01  3.892613e-01
1.410000e-01  3.867815e-01
1.440000e-01  3.843616e-01
1.470000e-01  3.819988e-01
1.500000e-01  3.796907e-01
1.530000e-01  3.774350e-01
1.560000e-01  3.752296e-01
1.590000e-01  3.730723e-01
1.620000e-01  3.709614e-01
1.650000e-01  3.688949e-01
1.680000e-01  3.668711e-01
1.710000e-01  3.648885e-01
1.740000e-01  3.629456e-01
1.770000e-01  3.610408e-01
1.800000e-01  3.591728e-01
1.830000e-01  3.573403e-01
1.860000e-01  3.555420e-01
1.890000e-01  3.537769e-01
1.920000e-01  3.520437e-01
1.950000e-01  3.503415e-01
1.980000e-01  3.486691e-01
2.010000e-01  3.470257e-01
2.040000e-01  3.454103e-01
2.070000e-01  3.438220e-01
2.100000e-01  3.422600e-01
2.130000e-01  3.407235e-01
2.160000e-01  3.392118e-01
2.190000e-01  3.377240e-01
2.220000e-01  3.362596e-01
2.250000e-01  3.348177e-01
2.280000e-01  3.333978e-01
2.310000e-01  3.319993e-01
2.340000e-01  3.306216e-01
2.370000e-01  3.292640e-01
2.400000e-01  3.279261e-01
2.430000e-01  3.266073e-01
2.460000e-01  3.253071e-01
2.490000e-01  3.240250e-01
2.520000e-01  3.227606e-01
2.550000e-01  3.215134e-01
2.580000e-01  3.202830e-01
2.610000e-01  3.190689e-01
2.640000e-01  3.178707e-01
2.670000e-01  3.166881e-01
2.700000e-01  3.155207e-01
2.730000e-01  3.143681e-01
2.760000e-01  3.132300e-01
2.790000e-01  3.121060e-01
2.820000e-01  3.109958e-01
2.850000e-01  3.098991e-01
2.880000e-01  3.088155e-01
2.910000e-01  3.077449e-01
2.940000e-01  3.066868e-01
2.970000e-01  3.056411e-01
3.000000e-01  3.046074e-01
3.030000e-01  3.035855e-01
3.060000e-01  3.025751e-01
3.090000e-01  3.015760e-01
3.120000e-01  3.005879e-01
3.150000e-01  2.996107e-01
3.180000e-01  2.986441e-01
3.210000e-01  2.976879e-01
3.240000e-01  2.967419e-01
3.270000e-01  2.958058e-01
3.300000e-01  2.948795e-01
3.330000e-01  2.939628e-01
3.360000e-01  2.930554e-01
3.390000e-01  2.921573e-01
3.420000e-01  2.912682e-01
3.450000e-01  2.903880e-01
3.480000e-01  2.895164e-01
3.510000e-01  2.886535e-01
3.540000e-01  2.877988e-01
3.570000e-01  2.869524e-01
3.600000e-01  2.861141e-01
3.630000e-01  2.852837e-01
3.660000e-01  2.844610e-01
3.690000e-01  2.836461e-01
3.720000e-01  2.828386e-01
3.750000e-01  2.820385e-01
3.780000e-01  2.812456e-01
3.810000e-01  2.804599e-01
3.840000e-01  2.796811e-01
3.870000e-01  2.789093e-01
3.900000e-01  2.781442e-01
3.930000e-01  2.773858e-01
3.960000e-01  2.766339e-01
3.990000e-01  2.758884e-01
4.020000e-01  2.751493e-01
4.050000e-01  2.744164e-01
4.080000e-01  2.736896e-01
4.110000e-01  2.729688e-01
4.140000e-01  2.722540e-01
4.170000e-01  2.715450e-01
4.200000e-01  2.708417e-01
4.230000e-01  2.701441e-01
4.260000e-01  2.694521e-01
4.290000e-01  2.687655e-01
4.320000e-01  2.680844e-01
4.350000e-01  2.674085e-01
4.380000e-01  2.667380e-01
4.410000e-01  2.660725e-01
4.440000e-01  2.654121e-01
4.470000e-01  2.647568e-01
4.500000e-01  2.641063e-01
4.530000e-01  2.634608e-01
4.560000e-01  2.628200e-01
4.590000e-01  2.621839e-01
4.620000e-01  2.615525e-01
4.650000e-01  2.609257e-01
4.680000e-01  2.603034e-01
4.710000e-01  2.596856e-01
4.740000e-01  2.590721e-01
4.770000e-01  2.584630e-01
4.800000e-01  2.578582e-01
4.830000e-01  2.572575e-01
4.860000e-01  2.566611e-01
4.890000e-01  2.560687e-01
4.920000e-01  2.554804e-01
4.950000e-01  2.548960e-01
4.980000e-01  2.543157e-01
5.010000e-01  2.537392e-01
5.040000e-01  2.531665e-01
5.070000e-01  2.525976e-01
5.100000e-01  2.520325e-01
5.130000e-01  2.514710e-01
5.160000e-01  2.509132e-01
5.190000e-01  2.503590e-01
5.220000e-01  2.498083e-01
5.250000e-01  2.492611e-01
5.280000e-01  2.487174e-01
5.310000e-01  2.481771e-01
5.340000e-01  2.476402e-01
5.370000e-01  2.471066e-01
5.400000e-01  2.465763e-01
5.430000e-01  2.460493e-01
5.460000e-01  2.455254e-01
5.490000e-01  2.450047e-01
5.520000e-01  2.444872e-01
5.550000e-01  2.439728e-01
5.580000e-01  2.434614e-01
5.610000e-01  2.429530e-01
5.640000e-01  2.424476e-01
5.670000e-01  2.419452e-01
5.700000e-01  2.414457e-01
5.730000e-01  2.409491e-01
5.760000e-01  2.404553e-01
5.790000e-01  2.399643e-01
5.820000e-01  2.394762e-01
5.850000e-01  2.389907e-01
5.880000e-01  2.385080e-01
5.910000e-01  2.380280e-01
5.940000e-01  2.375507e-01
5.970000e-01  2.370759e-01
6.000000e-01  2.366038e-01
6.030000e-01  2.361342e-01
6.060000e-01  2.356672e-01
6.090000e-01  2.352027e-01
6.120000e-01  2.347407e-01
6.150000e-01  2.342812e-01
6.180000e-01  2.338241e-01
6.210000e-01  2.333693e-01
6.240000e-01  2.329170e-01
6.270000e-01  2.324671e-01
6.300000e-01  2.320194e-01
6.330000e-01  2.315741e-01
6.360000e-01  2.311310e-01
6.390000e-01  2.306902e-01
6.420000e-01  2.302517e-01
6.450000e-01  2.298153e-01
6.480000e-01  2.293812e-01
6.510000e-01  2.289492e-01
6.540000e-01  2.285193e-01
6.570000e-01  2.280916e-01
6.600000e-01  2.276660e-01
6.630000e-01  2.272424e-01
6.660000e-01  2.268209e-01
6.690000e-01  2.264014e-01
6.720000e-01  2.259840e-01
6.750000e-01  2.255685e-01
6.780000e-01  2.251551e-01
6.810000e-01  2.247435e-01
6.840000e-01  2.243340e-01
6.870000e-01  2.239263e-01
6.900000e-01  2.235205e-01
6.930000e-01  2.231166e-01
6.960000e-01  2.227146e-01
6.990000e-01  2.223144e-01
7.020000e-01  2.219161e-01
7.050000e-01  2.215196e-01
7.080000e-01  2.211248e-01
7.110000e-01  2.207318e-01
7.140000e-01  2.203406e-01
7.170000e-01  2.199511e-01
7.200000e-01  2.195634e-01
7.230000e-01  2.191773e-01
7.260000e-01  2.187930e-01
7.290000e-01  2.184103e-01
7.320000e-01  2.180293e-01
7.350000e-01  2.176499e-01
7.380000e-01  2.172721e-01
7.410000e-01  2.168960e-01
7.440000e-01  2.165215e-01
7.470000e-01  2.161485e-01
7.500000e-01  2.157772e-01
7.530000e-01  2.154074e-01
7.560000e-01  2.150391e-01
7.590000e-01  2.146723e-01
7.620000e-01  2.143071e-01
7.650000e-01  2.139434e-01
7.680000e-01  2.135812e-01
7.710000e-01  2.132204e-01
7.740000e-01  2.128611e-01
7.770000e-01  2.125032e-01
7.800000e-01  2.121468e-01
7.830000e-01  2.117918e-01
7.860000e-01  2.114383e-01
7.890000e-01  2.110861e-01
7.920000e-01  2.107353e-01
7.950000e-01  2.103859e-01
7.980000e-01  2.100378e-01
8.010000e-01  2.096911e-01
8.040000e-01  2.093458e-01
8.070000e-01  2.090017e-01
8.100000e-01  2.086590e-01
8.130000e-01  2.083176e-01
8.160000e-01  2.079775e-01
8.190000e-01  2.076386e-01
8.220000e-01  2.073011e-01
8.250000e-01  2.069648e-01
8.280000e-01  2.066297e-01
8.310000e-01  2.062959e-01
8.340000e-01  2.059634e-01
8.370000e-01  2.056320e-01
8.400000e-01  2.053019e-01
8.430000e-01  2.049729e-01
8.460000e-01  2.046452e-01
8.490000e-01  2.043186e-01
8.520000e-01  2.039932e-01
8.550000e-01  2.036690e-01
8.580000e-01  2.033459e-01
8.610000e-01  2.030239e-01
8.640000e-01  2.027031e-01
8.670000e-01  2.023835e-01
8.700000e-01  2.020649e-01
8.730000e-01  2.017474e-01
8.760000e-01  2.014311e-01
8.790000e-01  2.011158e-01
8.820000e-01  2.008016e-01
8.850000e-01  2.004885e-01
8.880000e-01  2.001764e-01
8.910000e-01  1.998654e-01
8.940000e-01  1.995555e-01
8.970000e-01  1.992466e-01
9.000000e-01  1.989387e-01
9.030000e-01  1.986318e-01
9.060000e-01  1.983260e-01
9.090000e-01  1.980211e-01
9.120000e-01  1.977173e-01
9.150000e-01  1.974144e-01
9.180000e-01  1.971125e-01
9.210000e-01  1.968116e-01
9.240000e-01  1.965117e-01
9.270000e-01  1.962128e-01
9.300000e-01  1.959147e-01
9.330000e-01  1.956177e-01
9.360000e-01  1.953216e-01
9.390000e-01  1.950264e-01
9.420000e-01  1.947321e-01
9.450000e-01  1.944387e-01
9.480000e-01  1.941463e-01
9.510000e-01  1.938548e-01
9.540000e-01  1.935641e-01
9.570000e-01  1.932744e-01
9.600000e-01  1.929855e-01
9.630000e-01  1.926975e-01
9.660000e-01  1.924104e-01
9.690000e-01  1.921241e-01
9.720000e-01  1.918387e-01
9.750000e-01  1.915542e-01
9.780000e-01  1.912705e-01
9.810000e-01  1.909876e-01
9.840000e-01  1.907056e-01
9.870000e-01  1.904244e-01
9.900000e-01  1.901440e-01
9.930000e-01  1.898645e-01
9.960000e-01  1.895857e-01
9.990000e-01  1.893077e-01
