000000  000001
3.000000e-03  8.324658e-01
6.000000e-03  7.522143e-01
9.000000e-03  6.998665e-01
1.200000e-02  6.613752e-01
1.500000e-02  6.311451e-01
1.800000e-02  6.063818e-01
2.100000e-02  5.854921e-01
2.400000e-02  5.674832e-01
2.700000e-02  5.516960e-01
3.000000e-02  5.376712e-01
3.300000e-02  5.250763e-01
3.600000e-02  5.136634e-01
3.900000e-02  5.032426e-01
4.200000e-02  4.936656e-01
4.500000e-02  4.848143e-01
4.800000e-02  4.765935e-01
5.100000e-02  4.689249e-01
5.400000e-02  4.617439e-01
5.700000e-02  4.549960e-01
6.000000e-02  4.486356e-01
6.300000e-02  4.426234e-01
6.600000e-02  4.369258e-01
6.900000e-02  4.315137e-01
7.200000e-02  4.263618e-01
7.500000e-02  4.214479e-01
7.800000e-02  4.167524e-01
8.100000e-02  4.122581e-01
8.400000e-02  4.079497e-01
8.700000e-02  4.038133e-01
9.000000e-02  3.998367e-01
9.300000e-02  3.960088e-01
9.600000e-02  3.923198e-01
9.900000e-02  3.887604e-01
1.020000e-01  3.853226e-01
1.050000e-01  3.819988e-01
1.080000e-01  3.787823e-01
1.110000e-01  3.756668e-01
1.140000e-01  3.726465e-01
1.170000e-01  3.697162e-01
1.200000e-01  3.668711e-01
1.230000e-01  3.641067e-01
1.260000e-01  3.614187e-01
1.290000e-01  3.588035e-01
1.320000e-01  3.562573e-01
1.350000e-01  3.537769e-01
1.380000e-01  3.513592e-01
1.410000e-01  3.490012e-01
1.440000e-01  3.467004e-01
1.470000e-01  3.444541e-01
1.500000e-01  3.422600e-01
1.530000e-01  3.401159e-01
1.560000e-01  3.380197e-01
1.590000e-01  3.359694e-01
1.620000e-01  3.339632e-01
1.650000e-01  3.319993e-01
1.680000e-01  3.300762e-01
1.710000e-01  3.281921e-01
1.740000e-01  3.263458e-01
1.770000e-01  3.245357e-01
1.800000e-01  3.227606e-01
1.830000e-01  3.210192e-01
1.860000e-01  3.193104e-01
1.890000e-01  3.176330e-01
1.920000e-01  3.159859e-01
1.950000e-01  3.143681e-01
1.980000e-01  3.127787e-01
2.010000e-01  3.112168e-01
2.040000e-01  3.096813e-01
2.070000e-01  3.081716e-01
2.100000e-01  3.066868e-01
2.130000e-01  3.052262e-01
2.160000e-01  3.037889e-01
2.190000e-01  3.023744e-01
2.220000e-01  3.009819e-01
2.250000e-01  2.996107e-01
2.280000e-01  2.982604e-01
2.310000e-01  2.969303e-01
2.340000e-01  2.956197e-01
2.370000e-01  2.943283e-01
2.400000e-01  2.930554e-01
2.430000e-01  2.918006e-01
2.460000e-01  2.905633e-01
2.490000e-01  2.893432e-01
2.520000e-01  2.881397e-01
2.550000e-01  2.869524e-01
2.580000e-01  2.857810e-01
2.610000e-01  2.846249e-01
2.640000e-01  2.834840e-01
2.670000e-01  2.823576e-01
2.700000e-01  2.812456e-01
2.730000e-01  2.801476e-01
2.760000e-01  2.790631e-01
2.790000e-01  2.779920e-01
2.820000e-01  2.769338e-01
2.850000e-01  2.758884e-01
2.880000e-01  2.748554e-01
2.910000e-01  2.738344e-01
2.940000e-01  2.728254e-01
2.970000e-01  2.718279e-01
3.000000e-01  2.708417e-01
3.030000e-01  2.698667e-01
3.060000e-01  2.689024e-01
3.090000e-01  2.679488e-01
3.120000e-01  2.670056e-01
3.150000e-01  2.660725e-01
3.180000e-01  2.651494e-01
3.210000e-01  2.642360e-01
3.240000e-01  2.633322e-01
3.270000e-01  2.624378e-01
3.300000e-01  2.615525e-01
3.330000e-01  2.606762e-01
3.360000e-01  2.598088e-01
3.390000e-01  2.589499e-01
3.420000e-01  2.580996e-01
3.450000e-01  2.572575e-01
3.480000e-01  2.564236e-01
3.510000e-01  2.555977e-01
3.540000e-01  2.547797e-01
3.570000e-01  2.539693e-01
3.600000e-01  2.531665e-01
3.630000e-01  2.523711e-01
3.660000e-01  2.515830e-01
3.690000e-01  2.508021e-01
3.720000e-01  2.500282e-01
3.750000e-01  2.492611e-01
3.780000e-01  2.485009e-01
3.810000e-01  2.477473e-01
3.840000e-01  2.470003e-01
3.870000e-01  2.462597e-01
3.900000e-01  2.455254e-01
3.930000e-01  2.447973e-01
3.960000e-01  2.440754e-01
3.990000e-01  2.433595e-01
4.020000e-01  2.426494e-01
4.050000e-01  2.419452e-01
4.080000e-01  2.412467e-01
4.110000e-01  2.405538e-01
4.140000e-01  2.398665e-01
4.170000e-01  2.391846e-01
4.200000e-01  2.385080e-01
4.230000e-01  2.378367e-01
4.260000e-01  2.371707e-01
4.290000e-01  2.365097e-01
4.320000e-01  2.358537e-01
4.350000e-01  2.352027e-01
4.380000e-01  2.345566e-01
4.410000e-01  2.339153e-01
4.440000e-01  2.332787e-01
4.470000e-01  2.326468e-01
4.500000e-01  2.320194e-01
4.530000e-01  2.313966e-01
4.560000e-01  2.307782e-01
4.590000e-01  2.301642e-01
4.620000e-01  2.295546e-01
4.650000e-01  2.289492e-01
4.680000e-01  2.283480e-01
4.710000e-01  2.277509e-01
4.740000e-01  2.271579e-01
4.770000e-01  2.265690e-01
4.800000e-01  2.259840e-01
4.830000e-01  2.254029e-01
4.860000e-01  2.248257e-01
4.890000e-01  2.242523e-01
4.920000e-01  2.236826e-01
4.950000e-01  2.231166e-01
4.980000e-01  2.225543e-01
5.010000e-01  2.219956e-01
5.040000e-01  2.214405e-01
5.070000e-01  2.208888e-01
5.100000e-01  2.203406e-01
5.130000e-01  2.197958e-01
5.160000e-01  2.192544e-01
5.190000e-01  2.187163e-01
5.220000e-01  2.181815e-01
5.250000e-01  2.176499e-01
5.280000e-01  2.171215e-01
5.310000e-01  2.165963e-01
5.340000e-01  2.160741e-01
5.370000e-01  2.155551e-01
5.400000e-01  2.150391e-01
5.430000e-01  2.145261e-01
5.460000e-01  2.140160e-01
5.490000e-01  2.135089e-01
5.520000e-01  2.130046e-01
5.550000e-01  2.125032e-01
5.580000e-01  2.120047e-01
5.610000e-01  2.115089e-01
5.640000e-01  2.110158e-01
5.670000e-01  2.105255e-01
5.700000e-01  2.100378e-01
5.730000e-01  2.095528e-01
5.760000e-01  2.090704e-01
5.790000e-01  2.085906e-01
5.820000e-01  2.081134e-01
5.850000e-01  2.076386e-01
5.880000e-01  2.071664e-01
5.910000e-01  2.066966e-01
5.940000e-01  2.062293e-01
5.970000e-01  2.057644e-01
6.000000e-01  2.053019e-01
6.030000e-01  2.048417e-01
6.060000e-01  2.043838e-01
6.090000e-01  2.039283e-01
6.120000e-01  2.034750e-01
6.150000e-01  2.030239e-01
6.180000e-01  2.025751e-01
6.210000e-01  2.021285e-01
6.240000e-01  2.016841e-01
6.270000e-01  2.012418e-01
6.300000e-01  2.008016e-01
6.330000e-01  2.003635e-01
6.360000e-01  1.999275e-01
6.390000e-01  1.994936e-01
6.420000e-01  1.990617e-01
6.450000e-01  1.986318e-01
6.480000e-01  1.982039e-01
6.510000e-01  1.977780e-01
6.540000e-01  1.973540e-01
6.570000e-01  1.969319e-01
6.600000e-01  1.965117e-01
6.630000e-01  1.960934e-01
6.660000e-01  1.956770e-01
6.690000e-01  1.952624e-01
6.720000e-01  1.948497e-01
6.750000e-01  1.944387e-01
6.780000e-01  1.940296e-01
6.810000e-01  1.936222e-01
6.840000e-01  1.932165e-01
6.870000e-01  1.928126e-01
6.900000e-01  1.924104e-01
6.930000e-01  1.920099e-01
6.960000e-01  1.916110e-01
6.990000e-01  1.912138e-01
7.020000e-01  1.908183e-01
7.050000e-01  1.904244e-01
7.080000e-01  1.900321e-01
7.110000e-01  1.896414e-01
7.140000e-01  1.892522e-01
7.170000e-01  1.888647e-01
7.200000e-01  1.884786e-01
7.230000e-01  1.880941e-01
7.260000e-01  1.877111e-01
7.290000e-01  1.873296e-01
7.320000e-01  1.869496e-01
7.350000e-01  1.865711e-01
7.380000e-01  1.861940e-01
7.410000e-01  1.858183e-01
7.440000e-01  1.854441e-01
7.470000e-01  1.850713e-01
7.500000e-01  1.846998e-01
7.530000e-01  1.843298e-01
7.560000e-01  1.839611e-01
7.590000e-01  1.835938e-01
7.620000e-01  1.832278e-01
7.650000e-01  1.828631e-01
7.680000e-01  1.824998e-01
7.710000e-01  1.821378e-01
7.740000e-01  1.817770e-01
7.770000e-01  1.814175e-01
7.800000e-01  1.810593e-01
7.830000e-01  1.807024e-01
7.860000e-01  1.803467e-01
7.890000e-01  1.799922e-01
7.920000e-01  1.796389e-01
7.950000e-01  1.792868e-01
7.980000e-01  1.789360e-01
8.010000e-01  1.785863e-01
8.040000e-01  1.782377e-01
8.070000e-01  1.778904e-01
8.100000e-01  1.775441e-01
8.130000e-01  1.771990e-01
8.160000e-01  1.768551e-01
8.190000e-01  1.765122e-01
8.220000e-01  1.761705e-01
8.250000e-01  1.758299e-01
8.280000e-01  1.754903e-01
8.310000e-01  1.751518e-01
8.340000e-01  1.748144e-01
8.370000e-01  1.744780e-01
8.400000e-01  1.741426e-01
8.430000e-01  1.738083e-01
8.460000e-01  1.734750e-01
8.490000e-01  1.731428e-01
8.520000e-01  1.728115e-01
8.550000e-01  1.724812e-01
8.580000e-01  1.721519e-01
8.610000e-01  1.718236e-01
8.640000e-01  1.714962e-01
8.670000e-01  1.711698e-01
8.700000e-01  1.708444e-01
8.730000e-01  1.705199e-01
8.760000e-01  1.701963e-01
8.790000e-01  1.698736e-01
8.820000e-01  1.695518e-01
8.850000e-01  1.692310e-01
8.880000e-01  1.689110e-01
8.910000e-01  1.685919e-01
8.940000e-01  1.682737e-01
8.970000e-01  1.679563e-01
9.000000e-01  1.676399e-01
9.030000e-01  1.673242e-01
9.060000e-01  1.670094e-01
9.090000e-01  1.666955e-01
9.120000e-01  1.663823e-01
9.150000e-01  1.660700e-01
9.180000e-01  1.657585e-01
9.210000e-01  1.654478e-01
9.240000e-01  1.651379e-01
9.270000e-01  1.648288e-01
9.300000e-01  1.645205e-01
9.330000e-01  1.642129e-01
9.360000e-01  1.639061e-01
9.390000e-01  1.636000e-01
9.420000e-01  1.632947e-01
9.450000e-01  1.629902e-01
9.480000e-01  1.626864e-01
9.510000e-01  1.623833e-01
9.540000e-01  1.620809e-01
9.570000e-01  1.617792e-01
9.600000e-01  1.614783e-01
9.630000e-01  1.611780e-01
9.660000e-01  1.608784e-01
9.690000e-01  1.605795e-01
9.720000e-01  1.602813e-01
9.750000e-01  1.599838e-01
9.780000e-01  1.596869e-01
9.810000e-01  1.593907e-01
9.840000e-01  1.590951e-01
9.870000e-01  1.588002e-01
9.900000e-01  1.585059e-01
9.930000e-01  1.582122e-01
9.960000e-01  1.579192e-01
9.990000e-01  1.576267e-01
