000000  000001
3.000000e-03  8.314119e-01
6.000000e-03  7.509544e-01
9.000000e-03  6.985361e-01
1.200000e-02  6.600184e-01
1.500000e-02  6.297802e-01
1.800000e-02  6.050177e-01
2.100000e-02  5.841333e-01
2.400000e-02  5.661321e-01
2.700000e-02  5.503539e-01
3.000000e-02  5.363387e-01
3.300000e-02  5.237537e-01
3.600000e-02  5.123507e-01
3.900000e-02  5.019397e-01
4.200000e-02  4.923722e-01
4.500000e-02  4.835303e-01
4.800000e-02  4.753185e-01
5.100000e-02  4.676588e-01
5.400000e-02  4.604862e-01
5.700000e-02  4.537466e-01
6.000000e-02  4.473941e-01
6.300000e-02  4.413895e-01
6.600000e-02  4.356993e-01
6.900000e-02  4.302944e-01
7.200000e-02  4.251495e-01
7.500000e-02  4.202423e-01
7.800000e-02  4.155533e-01
8.100000e-02  4.110653e-01
8.400000e-02  4.067629e-01
8.700000e-02  4.026324e-01
9.000000e-02  3.986615e-01
9.300000e-02  3.948392e-01
9.600000e-02  3.911555e-01
9.900000e-02  3.876013e-01
1.020000e-01  3.841686e-01
1.050000e-01  3.808497e-01
1.080000e-01  3.776380e-01
1.110000e-01  3.745271e-01
1.140000e-01  3.715114e-01
1.170000e-01  3.685855e-01
1.200000e-01  3.657447e-01
1.230000e-01  3.629844e-01
1.260000e-01  3.603006e-01
1.290000e-01  3.576893e-01
1.320000e-01  3.551470e-01
1.350000e-01  3.526703e-01
1.380000e-01  3.502563e-01
1.410000e-01  3.479019e-01
1.440000e-01  3.456046e-01
1.470000e-01  3.433618e-01
1.500000e-01  3.411710e-01
1.530000e-01  3.390302e-01
1.560000e-01  3.369372e-01
1.590000e-01  3.348900e-01
1.620000e-01  3.328868e-01
1.650000e-01  3.309260e-01
1.680000e-01  3.290057e-01
1.710000e-01  3.271246e-01
1.740000e-01  3.252810e-01
1.770000e-01  3.234737e-01
1.800000e-01  3.217013e-01
1.830000e-01  3.199626e-01
1.860000e-01  3.182563e-01
1.890000e-01  3.165814e-01
1.920000e-01  3.149368e-01
1.950000e-01  3.133215e-01
1.980000e-01  3.117344e-01
2.010000e-01  3.101748e-01
2.040000e-01  3.086417e-01
2.070000e-01  3.071342e-01
2.100000e-01  3.056516e-01
2.130000e-01  3.041931e-01
2.160000e-01  3.027579e-01
2.190000e-01  3.013455e-01
2.220000e-01  2.999550e-01
2.250000e-01  2.985859e-01
2.280000e-01  2.972375e-01
2.310000e-01  2.959093e-01
2.340000e-01  2.946007e-01
2.370000e-01  2.933111e-01
2.400000e-01  2.920400e-01
2.430000e-01  2.907870e-01
2.460000e-01  2.895515e-01
2.490000e-01  2.883331e-01
2.520000e-01  2.871313e-01
2.550000e-01  2.859457e-01
2.580000e-01  2.847759e-01
2.610000e-01  2.836215e-01
2.640000e-01  2.824821e-01
2.670000e-01  2.813573e-01
2.700000e-01  2.802468e-01
2.730000e-01  2.791502e-01
2.760000e-01  2.780673e-01
2.790000e-01  2.769976e-01
2.820000e-01  2.759409e-01
2.850000e-01  2.748969e-01
2.880000e-01  2.738652e-01
2.910000e-01  2.728456e-01
2.940000e-01  2.718379e-01
2.970000e-01  2.708417e-01
3.000000e-01  2.698569e-01
3.030000e-01  2.688830e-01
3.060000e-01  2.679201e-01
3.090000e-01  2.669677e-01
3.120000e-01  2.660256e-01
3.150000e-01  2.650938e-01
3.180000e-01  2.641718e-01
3.210000e-01  2.632596e-01
3.240000e-01  2.623569e-01
3.270000e-01  2.614636e-01
3.300000e-01  2.605794e-01
3.330000e-01  2.597042e-01
3.360000e-01  2.588378e-01
3.390000e-01  2.579800e-01
3.420000e-01  2.571307e-01
3.450000e-01  2.562896e-01
3.480000e-01  2.554567e-01
3.510000e-01  2.546318e-01
3.540000e-01  2.538146e-01
3.570000e-01  2.530052e-01
3.600000e-01  2.522033e-01
3.630000e-01  2.514089e-01
3.660000e-01  2.506216e-01
3.690000e-01  2.498416e-01
3.720000e-01  2.490685e-01
3.750000e-01  2.483023e-01
3.780000e-01  2.475429e-01
3.810000e-01  2.467902e-01
3.840000e-01  2.460440e-01
3.870000e-01  2.453041e-01
3.900000e-01  2.445706e-01
3.930000e-01  2.438433e-01
3.960000e-01  2.431221e-01
3.990000e-01  2.424069e-01
4.020000e-01  2.416976e-01
4.050000e-01  2.409941e-01
4.080000e-01  2.402963e-01
4.110000e-01  2.396041e-01
4.140000e-01  2.389174e-01
4.170000e-01  2.382362e-01
4.200000e-01  2.375603e-01
4.230000e-01  2.368896e-01
4.260000e-01  2.362242e-01
4.290000e-01  2.355638e-01
4.320000e-01  2.349084e-01
4.350000e-01  2.342580e-01
4.380000e-01  2.336125e-01
4.410000e-01  2.329717e-01
4.440000e-01  2.323357e-01
4.470000e-01  2.317043e-01
4.500000e-01  2.310775e-01
4.530000e-01  2.304552e-01
4.560000e-01  2.298373e-01
4.590000e-01  2.292238e-01
4.620000e-01  2.286146e-01
4.650000e-01  2.280097e-01
4.680000e-01  2.274090e-01
4.710000e-01  2.268124e-01
4.740000e-01  2.262199e-01
4.770000e-01  2.256314e-01
4.800000e-01  2.250468e-01
4.830000e-01  2.244661e-01
4.860000e-01  2.238893e-01
4.890000e-01  2.233163e-01
4.920000e-01  2.227470e-01
4.950000e-01  2.221815e-01
4.980000e-01  2.216195e-01
5.010000e-01  2.210612e-01
5.040000e-01  2.205064e-01
5.070000e-01  2.199550e-01
5.100000e-01  2.194072e-01
5.130000e-01  2.188627e-01
5.160000e-01  2.183216e-01
5.190000e-01  2.177838e-01
5.220000e-01  2.172493e-01
5.250000e-01  2.167180e-01
5.280000e-01  2.161899e-01
5.310000e-01  2.156649e-01
5.340000e-01  2.151431e-01
5.370000e-01  2.146243e-01
5.400000e-01  2.141085e-01
5.430000e-01  2.135958e-01
5.460000e-01  2.130859e-01
5.490000e-01  2.125790e-01
5.520000e-01  2.120750e-01
5.550000e-01  2.115738e-01
5.580000e-01  2.110754e-01
5.610000e-01  2.105798e-01
5.640000e-01  2.100870e-01
5.670000e-01  2.095968e-01
5.700000e-01  2.091093e-01
5.730000e-01  2.086245e-01
5.760000e-01  2.081422e-01
5.790000e-01  2.076626e-01
5.820000e-01  2.071854e-01
5.850000e-01  2.067108e-01
5.880000e-01  2.062387e-01
5.910000e-01  2.057691e-01
5.940000e-01  2.053019e-01
5.970000e-01  2.048370e-01
6.000000e-01  2.043746e-01
6.030000e-01  2.039145e-01
6.060000e-01  2.034567e-01
6.090000e-01  2.030012e-01
6.120000e-01  2.025480e-01
6.150000e-01  2.020970e-01
6.180000e-01  2.016483e-01
6.210000e-01  2.012017e-01
6.240000e-01  2.007573e-01
6.270000e-01  2.003150e-01
6.300000e-01  1.998748e-01
6.330000e-01  1.994368e-01
6.360000e-01  1.990008e-01
6.390000e-01  1.985668e-01
6.420000e-01  1.981349e-01
6.450000e-01  1.977050e-01
6.480000e-01  1.972771e-01
6.510000e-01  1.968511e-01
6.540000e-01  1.964271e-01
6.570000e-01  1.960049e-01
6.600000e-01  1.955847e-01
6.630000e-01  1.951664e-01
6.660000e-01  1.947499e-01
6.690000e-01  1.943352e-01
6.720000e-01  1.939224e-01
6.750000e-01  1.935114e-01
6.780000e-01  1.931021e-01
6.810000e-01  1.926946e-01
6.840000e-01  1.922888e-01
6.870000e-01  1.918848e-01
6.900000e-01  1.914825e-01
6.930000e-01  1.910818e-01
6.960000e-01  1.906828e-01
6.990000e-01  1.902855e-01
7.020000e-01  1.898898e-01
7.050000e-01  1.894958e-01
7.080000e-01  1.891033e-01
7.110000e-01  1.887124e-01
7.140000e-01  1.883231e-01
7.170000e-01  1.879353e-01
7.200000e-01  1.875491e-01
7.230000e-01  1.871644e-01
7.260000e-01  1.867812e-01
7.290000e-01  1.863995e-01
7.320000e-01  1.860192e-01
7.350000e-01  1.856405e-01
7.380000e-01  1.852631e-01
7.410000e-01  1.848872e-01
7.440000e-01  1.845128e-01
7.470000e-01  1.841397e-01
7.500000e-01  1.837680e-01
7.530000e-01  1.833977e-01
7.560000e-01  1.830287e-01
7.590000e-01  1.826611e-01
7.620000e-01  1.822948e-01
7.650000e-01  1.819299e-01
7.680000e-01  1.815663e-01
7.710000e-01  1.812039e-01
7.740000e-01  1.808428e-01
7.770000e-01  1.804830e-01
7.800000e-01  1.801245e-01
7.830000e-01  1.797672e-01
7.860000e-01  1.794112e-01
7.890000e-01  1.790563e-01
7.920000e-01  1.787027e-01
7.950000e-01  1.783503e-01
7.980000e-01  1.779990e-01
8.010000e-01  1.776489e-01
8.040000e-01  1.773000e-01
8.070000e-01  1.769523e-01
8.100000e-01  1.766056e-01
8.130000e-01  1.762602e-01
8.160000e-01  1.759158e-01
8.190000e-01  1.755725e-01
8.220000e-01  1.752303e-01
8.250000e-01  1.748893e-01
8.280000e-01  1.745493e-01
8.310000e-01  1.742103e-01
8.340000e-01  1.738724e-01
8.370000e-01  1.735356e-01
8.400000e-01  1.731997e-01
8.430000e-01  1.728650e-01
8.460000e-01  1.725312e-01
8.490000e-01  1.721984e-01
8.520000e-01  1.718667e-01
8.550000e-01  1.715359e-01
8.580000e-01  1.712060e-01
8.610000e-01  1.708772e-01
8.640000e-01  1.705493e-01
8.670000e-01  1.702224e-01
8.700000e-01  1.698964e-01
8.730000e-01  1.695713e-01
8.760000e-01  1.692471e-01
8.790000e-01  1.689239e-01
8.820000e-01  1.686015e-01
8.850000e-01  1.682801e-01
8.880000e-01  1.679596e-01
8.910000e-01  1.676399e-01
8.940000e-01  1.673210e-01
8.970000e-01  1.670031e-01
9.000000e-01  1.666860e-01
9.030000e-01  1.663697e-01
9.060000e-01  1.660543e-01
9.090000e-01  1.657397e-01
9.120000e-01  1.654259e-01
9.150000e-01  1.651129e-01
9.180000e-01  1.648007e-01
9.210000e-01  1.644894e-01
9.240000e-01  1.641788e-01
9.270000e-01  1.638690e-01
9.300000e-01  1.635599e-01
9.330000e-01  1.632516e-01
9.360000e-01  1.629441e-01
9.390000e-01  1.626373e-01
9.420000e-01  1.623313e-01
9.450000e-01  1.620260e-01
9.480000e-01  1.617214e-01
9.510000e-01  1.614175e-01
9.540000e-01  1.611144e-01
9.570000e-01  1.608119e-01
9.600000e-01  1.605102e-01
9.630000e-01  1.602091e-01
9.660000e-01  1.599087e-01
9.690000e-01  1.596090e-01
9.720000e-01  1.593100e-01
9.750000e-01  1.590116e-01
9.780000e-01  1.587139e-01
9.810000e-01  1.584168e-01
9.840000e-01  1.581204e-01
9.870000e-01  1.578246e-01
9.900000e-01  1.575294e-01
9.930000e-01  1.572348e-01
9.960000e-01  1.569409e-01
9.990000e-01  1.566476e-01
