000000  000001
3.000000e-03  8.668598e-01
6.000000e-03  7.946040e-01
9.000000e-03  7.453167e-01
1.200000e-02  7.081725e-01
1.500000e-02  6.785296e-01
1.800000e-02  6.539690e-01
2.100000e-02  6.330712e-01
2.400000e-02  6.149333e-01
2.700000e-02  5.989457e-01
3.000000e-02  5.846784e-01
3.300000e-02  5.718167e-01
3.600000e-02  5.601239e-01
3.900000e-02  5.494173e-01
4.200000e-02  5.395534e-01
4.500000e-02  5.304171e-01
4.800000e-02  5.219151e-01
5.100000e-02  5.139705e-01
5.400000e-02  5.065194e-01
5.700000e-02  4.995081e-01
6.000000e-02  4.928909e-01
6.300000e-02  4.866289e-01
6.600000e-02  4.806882e-01
6.900000e-02  4.750399e-01
7.200000e-02  4.696583e-01
7.500000e-02  4.645213e-01
7.800000e-02  4.596089e-01
8.100000e-02  4.549038e-01
8.400000e-02  4.503904e-01
8.700000e-02  4.460548e-01
9.000000e-02  4.418844e-01
9.300000e-02  4.378679e-01
9.600000e-02  4.339953e-01
9.900000e-02  4.302573e-01
1.020000e-01  4.266455e-01
1.050000e-01  4.231522e-01
1.080000e-01  4.197706e-01
1.110000e-01  4.164940e-01
1.140000e-01  4.133168e-01
1.170000e-01  4.102334e-01
1.200000e-01  4.072388e-01
1.230000e-01  4.043285e-01
1.260000e-01  4.014982e-01
1.290000e-01  3.987438e-01
1.320000e-01  3.960618e-01
1.350000e-01  3.934486e-01
1.380000e-01  3.909010e-01
1.410000e-01  3.884162e-01
1.440000e-01  3.859912e-01
1.470000e-01  3.836235e-01
1.500000e-01  3.813105e-01
1.530000e-01  3.790501e-01
1.560000e-01  3.768400e-01
1.590000e-01  3.746782e-01
1.620000e-01  3.725628e-01
1.650000e-01  3.704919e-01
1.680000e-01  3.684638e-01
1.710000e-01  3.664770e-01
1.740000e-01  3.645299e-01
1.770000e-01  3.626210e-01
1.800000e-01  3.607490e-01
1.830000e-01  3.589126e-01
1.860000e-01  3.571105e-01
1.890000e-01  3.553415e-01
1.920000e-01  3.536046e-01
1.950000e-01  3.518987e-01
1.980000e-01  3.502227e-01
2.010000e-01  3.485758e-01
2.040000e-01  3.469569e-01
2.070000e-01  3.453652e-01
2.100000e-01  3.437998e-01
2.130000e-01  3.422600e-01
2.160000e-01  3.407450e-01
2.190000e-01  3.392540e-01
2.220000e-01  3.377864e-01
2.250000e-01  3.363415e-01
2.280000e-01  3.349185e-01
2.310000e-01  3.335170e-01
2.340000e-01  3.321363e-01
2.370000e-01  3.307758e-01
2.400000e-01  3.294350e-01
2.430000e-01  3.281134e-01
2.460000e-01  3.268104e-01
2.490000e-01  3.255256e-01
2.520000e-01  3.242584e-01
2.550000e-01  3.230086e-01
2.580000e-01  3.217755e-01
2.610000e-01  3.205588e-01
2.640000e-01  3.193581e-01
2.670000e-01  3.181730e-01
2.700000e-01  3.170031e-01
2.730000e-01  3.158481e-01
2.760000e-01  3.147075e-01
2.790000e-01  3.135811e-01
2.820000e-01  3.124686e-01
2.850000e-01  3.113696e-01
2.880000e-01  3.102837e-01
2.910000e-01  3.092108e-01
2.940000e-01  3.081505e-01
2.970000e-01  3.071026e-01
3.000000e-01  3.060667e-01
3.030000e-01  3.050427e-01
3.060000e-01  3.040302e-01
3.090000e-01  3.030290e-01
3.120000e-01  3.020390e-01
3.150000e-01  3.010597e-01
3.180000e-01  3.000911e-01
3.210000e-01  2.991329e-01
3.240000e-01  2.981849e-01
3.270000e-01  2.972469e-01
3.300000e-01  2.963187e-01
3.330000e-01  2.954001e-01
3.360000e-01  2.944910e-01
3.390000e-01  2.935910e-01
3.420000e-01  2.927001e-01
3.450000e-01  2.918181e-01
3.480000e-01  2.909449e-01
3.510000e-01  2.900801e-01
3.540000e-01  2.892238e-01
3.570000e-01  2.883757e-01
3.600000e-01  2.875357e-01
3.630000e-01  2.867036e-01
3.660000e-01  2.858794e-01
3.690000e-01  2.850628e-01
3.720000e-01  2.842537e-01
3.750000e-01  2.834520e-01
3.780000e-01  2.826576e-01
3.810000e-01  2.818704e-01
3.840000e-01  2.810901e-01
3.870000e-01  2.803168e-01
3.900000e-01  2.795502e-01
3.930000e-01  2.787903e-01
3.960000e-01  2.780370e-01
3.990000e-01  2.772901e-01
4.020000e-01  2.765496e-01
4.050000e-01  2.758152e-01
4.080000e-01  2.750871e-01
4.110000e-01  2.743650e-01
4.140000e-01  2.736488e-01
4.170000e-01  2.729385e-01
4.200000e-01  2.722339e-01
4.230000e-01  2.715350e-01
4.260000e-01  2.708417e-01
4.290000e-01  2.701539e-01
4.320000e-01  2.694715e-01
4.350000e-01  2.687944e-01
4.380000e-01  2.681226e-01
4.410000e-01  2.674560e-01
4.440000e-01  2.667944e-01
4.470000e-01  2.661379e-01
4.500000e-01  2.654863e-01
4.530000e-01  2.648396e-01
4.560000e-01  2.641977e-01
4.590000e-01  2.635605e-01
4.620000e-01  2.629280e-01
4.650000e-01  2.623000e-01
4.680000e-01  2.616767e-01
4.710000e-01  2.610578e-01
4.740000e-01  2.604432e-01
4.770000e-01  2.598331e-01
4.800000e-01  2.592272e-01
4.830000e-01  2.586256e-01
4.860000e-01  2.580281e-01
4.890000e-01  2.574347e-01
4.920000e-01  2.568454e-01
4.950000e-01  2.562601e-01
4.980000e-01  2.556788e-01
5.010000e-01  2.551013e-01
5.040000e-01  2.545277e-01
5.070000e-01  2.539579e-01
5.100000e-01  2.533919e-01
5.130000e-01  2.528295e-01
5.160000e-01  2.522708e-01
5.190000e-01  2.517157e-01
5.220000e-01  2.511642e-01
5.250000e-01  2.506161e-01
5.280000e-01  2.500716e-01
5.310000e-01  2.495304e-01
5.340000e-01  2.489927e-01
5.370000e-01  2.484583e-01
5.400000e-01  2.479272e-01
5.430000e-01  2.473993e-01
5.460000e-01  2.468747e-01
5.490000e-01  2.463532e-01
5.520000e-01  2.458349e-01
5.550000e-01  2.453197e-01
5.580000e-01  2.448076e-01
5.610000e-01  2.442985e-01
5.640000e-01  2.437923e-01
5.670000e-01  2.432892e-01
5.700000e-01  2.427890e-01
5.730000e-01  2.422916e-01
5.760000e-01  2.417972e-01
5.790000e-01  2.413055e-01
5.820000e-01  2.408167e-01
5.850000e-01  2.403306e-01
5.880000e-01  2.398472e-01
5.910000e-01  2.393665e-01
5.940000e-01  2.388885e-01
5.970000e-01  2.384132e-01
6.000000e-01  2.379404e-01
6.030000e-01  2.374702e-01
6.060000e-01  2.370026e-01
6.090000e-01  2.365375e-01
6.120000e-01  2.360749e-01
6.150000e-01  2.356148e-01
6.180000e-01  2.351571e-01
6.210000e-01  2.347018e-01
6.240000e-01  2.342489e-01
6.270000e-01  2.337984e-01
6.300000e-01  2.333502e-01
6.330000e-01  2.329043e-01
6.360000e-01  2.324607e-01
6.390000e-01  2.320194e-01
6.420000e-01  2.315803e-01
6.450000e-01  2.311435e-01
6.480000e-01  2.307088e-01
6.510000e-01  2.302763e-01
6.540000e-01  2.298460e-01
6.570000e-01  2.294178e-01
6.600000e-01  2.289917e-01
6.630000e-01  2.285676e-01
6.660000e-01  2.281457e-01
6.690000e-01  2.277258e-01
6.720000e-01  2.273079e-01
6.750000e-01  2.268920e-01
6.780000e-01  2.264781e-01
6.810000e-01  2.260661e-01
6.840000e-01  2.256561e-01
6.870000e-01  2.252481e-01
6.900000e-01  2.248419e-01
6.930000e-01  2.244376e-01
6.960000e-01  2.240352e-01
6.990000e-01  2.236346e-01
7.020000e-01  2.232359e-01
7.050000e-01  2.228390e-01
7.080000e-01  2.224439e-01
7.110000e-01  2.220506e-01
7.140000e-01  2.216590e-01
7.170000e-01  2.212692e-01
7.200000e-01  2.208811e-01
7.230000e-01  2.204947e-01
7.260000e-01  2.201100e-01
7.290000e-01  2.197270e-01
7.320000e-01  2.193457e-01
7.350000e-01  2.189660e-01
7.380000e-01  2.185879e-01
7.410000e-01  2.182115e-01
7.440000e-01  2.178367e-01
7.470000e-01  2.174635e-01
7.500000e-01  2.170918e-01
7.530000e-01  2.167217e-01
7.560000e-01  2.163532e-01
7.590000e-01  2.159862e-01
7.620000e-01  2.156207e-01
7.650000e-01  2.152568e-01
7.680000e-01  2.148943e-01
7.710000e-01  2.145333e-01
7.740000e-01  2.141738e-01
7.770000e-01  2.138157e-01
7.800000e-01  2.134591e-01
7.830000e-01  2.131038e-01
7.860000e-01  2.127501e-01
7.890000e-01  2.123977e-01
7.920000e-01  2.120467e-01
7.950000e-01  2.116971e-01
7.980000e-01  2.113489e-01
8.010000e-01  2.110020e-01
8.040000e-01  2.106564e-01
8.070000e-01  2.103122e-01
8.100000e-01  2.099694e-01
8.130000e-01  2.096278e-01
8.160000e-01  2.092875e-01
8.190000e-01  2.089485e-01
8.220000e-01  2.086108e-01
8.250000e-01  2.082744e-01
8.280000e-01  2.079392e-01
8.310000e-01  2.076053e-01
8.340000e-01  2.072726e-01
8.370000e-01  2.069412e-01
8.400000e-01  2.066109e-01
8.430000e-01  2.062819e-01
8.460000e-01  2.059540e-01
8.490000e-01  2.056273e-01
8.520000e-01  2.053019e-01
8.550000e-01  2.049775e-01
8.580000e-01  2.046544e-01
8.610000e-01  2.043324e-01
8.640000e-01  2.040115e-01
8.670000e-01  2.036918e-01
8.700000e-01  2.033731e-01
8.730000e-01  2.030556e-01
8.760000e-01  2.027392e-01
8.790000e-01  2.024239e-01
8.820000e-01  2.021097e-01
8.850000e-01  2.017965e-01
8.880000e-01  2.014845e-01
8.910000e-01  2.011734e-01
8.940000e-01  2.008635e-01
8.970000e-01  2.005545e-01
9.000000e-01  2.002467e-01
9.030000e-01  1.999398e-01
9.060000e-01  1.996340e-01
9.090000e-01  1.993291e-01
9.120000e-01  1.990253e-01
9.150000e-01  1.987225e-01
9.180000e-01  1.984206e-01
9.210000e-01  1.981198e-01
9.240000e-01  1.978199e-01
9.270000e-01  1.975209e-01
9.300000e-01  1.972230e-01
9.330000e-01  1.969260e-01
9.360000e-01  1.966299e-01
9.390000e-01  1.963348e-01
9.420000e-01  1.960406e-01
9.450000e-01  1.957473e-01
9.480000e-01  1.954549e-01
9.510000e-01  1.951634e-01
9.540000e-01  1.948729e-01
9.570000e-01  1.945832e-01
9.600000e-01  1.942945e-01
9.630000e-01  1.940066e-01
9.660000e-01  1.937196e-01
9.690000e-01  1.934334e-01
9.720000e-01  1.931481e-01
9.750000e-01  1.928637e-01
9.780000e-01  1.925801e-01
9.810000e-01  1.922974e-01
9.840000e-01  1.920155e-01
9.870000e-01  1.917344e-01
9.900000e-01  1.914542e-01
9.930000e-01  1.911748e-01
9.960000e-01  1.908962e-01
9.990000e-01  1.906184e-01
