000000  000001
3.000000e-03  8.475973e-01
6.000000e-03  7.705468e-01
9.000000e-03  7.193520e-01
1.200000e-02  6.813296e-01
1.500000e-02  6.512740e-01
1.800000e-02  6.265406e-01
2.100000e-02  6.056040e-01
2.400000e-02  5.875059e-01
2.700000e-02  5.716058e-01
3.000000e-02  5.574553e-01
3.300000e-02  5.447282e-01
3.600000e-02  5.331806e-01
3.900000e-02  5.226250e-01
4.200000e-02  5.129147e-01
4.500000e-02  5.039326e-01
4.800000e-02  4.955839e-01
5.100000e-02  4.877908e-01
5.400000e-02  4.804887e-01
5.700000e-02  4.736235e-01
6.000000e-02  4.671491e-01
6.300000e-02  4.610266e-01
6.600000e-02  4.552220e-01
6.900000e-02  4.497063e-01
7.200000e-02  4.444541e-01
7.500000e-02  4.394429e-01
7.800000e-02  4.346532e-01
8.100000e-02  4.300675e-01
8.400000e-02  4.256703e-01
8.700000e-02  4.214479e-01
9.000000e-02  4.173877e-01
9.300000e-02  4.134788e-01
9.600000e-02  4.097109e-01
9.900000e-02  4.060749e-01
1.020000e-01  4.025626e-01
1.050000e-01  3.991664e-01
1.080000e-01  3.958794e-01
1.110000e-01  3.926952e-01
1.140000e-01  3.896081e-01
1.170000e-01  3.866128e-01
1.200000e-01  3.837042e-01
1.230000e-01  3.808779e-01
1.260000e-01  3.781296e-01
1.290000e-01  3.754555e-01
1.320000e-01  3.728519e-01
1.350000e-01  3.703154e-01
1.380000e-01  3.678429e-01
1.410000e-01  3.654314e-01
1.440000e-01  3.630783e-01
1.470000e-01  3.607810e-01
1.500000e-01  3.585369e-01
1.530000e-01  3.563440e-01
1.560000e-01  3.542000e-01
1.590000e-01  3.521030e-01
1.620000e-01  3.500510e-01
1.650000e-01  3.480424e-01
1.680000e-01  3.460754e-01
1.710000e-01  3.441484e-01
1.740000e-01  3.422600e-01
1.770000e-01  3.404087e-01
1.800000e-01  3.385933e-01
1.830000e-01  3.368123e-01
1.860000e-01  3.350647e-01
1.890000e-01  3.333493e-01
1.920000e-01  3.316649e-01
1.950000e-01  3.300105e-01
1.980000e-01  3.283853e-01
2.010000e-01  3.267881e-01
2.040000e-01  3.252181e-01
2.070000e-01  3.236745e-01
2.100000e-01  3.221564e-01
2.130000e-01  3.206631e-01
2.160000e-01  3.191937e-01
2.190000e-01  3.177477e-01
2.220000e-01  3.163242e-01
2.250000e-01  3.149227e-01
2.280000e-01  3.135426e-01
2.310000e-01  3.121831e-01
2.340000e-01  3.108437e-01
2.370000e-01  3.095240e-01
2.400000e-01  3.082233e-01
2.430000e-01  3.069411e-01
2.460000e-01  3.056769e-01
2.490000e-01  3.044303e-01
2.520000e-01  3.032009e-01
2.550000e-01  3.019880e-01
2.580000e-01  3.007915e-01
2.610000e-01  2.996107e-01
2.640000e-01  2.984455e-01
2.670000e-01  2.972952e-01
2.700000e-01  2.961597e-01
2.730000e-01  2.950385e-01
2.760000e-01  2.939313e-01
2.790000e-01  2.928378e-01
2.820000e-01  2.917576e-01
2.850000e-01  2.906905e-01
2.880000e-01  2.896361e-01
2.910000e-01  2.885942e-01
2.940000e-01  2.875645e-01
2.970000e-01  2.865467e-01
3.000000e-01  2.855405e-01
3.030000e-01  2.845458e-01
3.060000e-01  2.835622e-01
3.090000e-01  2.825895e-01
3.120000e-01  2.816275e-01
3.150000e-01  2.806759e-01
3.180000e-01  2.797346e-01
3.210000e-01  2.788033e-01
3.240000e-01  2.778819e-01
3.270000e-01  2.769701e-01
3.300000e-01  2.760678e-01
3.330000e-01  2.751747e-01
3.360000e-01  2.742906e-01
3.390000e-01  2.734155e-01
3.420000e-01  2.725491e-01
3.450000e-01  2.716912e-01
3.480000e-01  2.708417e-01
3.510000e-01  2.700005e-01
3.540000e-01  2.691673e-01
3.570000e-01  2.683421e-01
3.600000e-01  2.675247e-01
3.630000e-01  2.667149e-01
3.660000e-01  2.659126e-01
3.690000e-01  2.651177e-01
3.720000e-01  2.643301e-01
3.750000e-01  2.635495e-01
3.780000e-01  2.627760e-01
3.810000e-01  2.620093e-01
3.840000e-01  2.612494e-01
3.870000e-01  2.604960e-01
3.900000e-01  2.597493e-01
3.930000e-01  2.590089e-01
3.960000e-01  2.582748e-01
3.990000e-01  2.575470e-01
4.020000e-01  2.568252e-01
4.050000e-01  2.561094e-01
4.080000e-01  2.553995e-01
4.110000e-01  2.546955e-01
4.140000e-01  2.539971e-01
4.170000e-01  2.533044e-01
4.200000e-01  2.526172e-01
4.230000e-01  2.519354e-01
4.260000e-01  2.512590e-01
4.290000e-01  2.505879e-01
4.320000e-01  2.499219e-01
4.350000e-01  2.492611e-01
4.380000e-01  2.486054e-01
4.410000e-01  2.479546e-01
4.440000e-01  2.473086e-01
4.470000e-01  2.466675e-01
4.500000e-01  2.460311e-01
4.530000e-01  2.453994e-01
4.560000e-01  2.447724e-01
4.590000e-01  2.441498e-01
4.620000e-01  2.435317e-01
4.650000e-01  2.429181e-01
4.680000e-01  2.423087e-01
4.710000e-01  2.417037e-01
4.740000e-01  2.411029e-01
4.770000e-01  2.405062e-01
4.800000e-01  2.399137e-01
4.830000e-01  2.393252e-01
4.860000e-01  2.387407e-01
4.890000e-01  2.381602e-01
4.920000e-01  2.375835e-01
4.950000e-01  2.370106e-01
4.980000e-01  2.364416e-01
5.010000e-01  2.358763e-01
5.040000e-01  2.353146e-01
5.070000e-01  2.347566e-01
5.100000e-01  2.342022e-01
5.130000e-01  2.336513e-01
5.160000e-01  2.331039e-01
5.190000e-01  2.325600e-01
5.220000e-01  2.320194e-01
5.250000e-01  2.314822e-01
5.280000e-01  2.309484e-01
5.310000e-01  2.304178e-01
5.340000e-01  2.298904e-01
5.370000e-01  2.293662e-01
5.400000e-01  2.288452e-01
5.430000e-01  2.283273e-01
5.460000e-01  2.278125e-01
5.490000e-01  2.273007e-01
5.520000e-01  2.267919e-01
5.550000e-01  2.262861e-01
5.580000e-01  2.257832e-01
5.610000e-01  2.252832e-01
5.640000e-01  2.247860e-01
5.670000e-01  2.242917e-01
5.700000e-01  2.238002e-01
5.730000e-01  2.233114e-01
5.760000e-01  2.228253e-01
5.790000e-01  2.223420e-01
5.820000e-01  2.218613e-01
5.850000e-01  2.213832e-01
5.880000e-01  2.209078e-01
5.910000e-01  2.204349e-01
5.940000e-01  2.199645e-01
5.970000e-01  2.194967e-01
6.000000e-01  2.190313e-01
6.030000e-01  2.185684e-01
6.060000e-01  2.181080e-01
6.090000e-01  2.176499e-01
6.120000e-01  2.171942e-01
6.150000e-01  2.167408e-01
6.180000e-01  2.162898e-01
6.210000e-01  2.158411e-01
6.240000e-01  2.153946e-01
6.270000e-01  2.149504e-01
6.300000e-01  2.145084e-01
6.330000e-01  2.140687e-01
6.360000e-01  2.136310e-01
6.390000e-01  2.131956e-01
6.420000e-01  2.127622e-01
6.450000e-01  2.123310e-01
6.480000e-01  2.119019e-01
6.510000e-01  2.114748e-01
6.540000e-01  2.110497e-01
6.570000e-01  2.106267e-01
6.600000e-01  2.102057e-01
6.630000e-01  2.097866e-01
6.660000e-01  2.093695e-01
6.690000e-01  2.089544e-01
6.720000e-01  2.085411e-01
6.750000e-01  2.081298e-01
6.780000e-01  2.077203e-01
6.810000e-01  2.073127e-01
6.840000e-01  2.069069e-01
6.870000e-01  2.065030e-01
6.900000e-01  2.061008e-01
6.930000e-01  2.057005e-01
6.960000e-01  2.053019e-01
6.990000e-01  2.049050e-01
7.020000e-01  2.045099e-01
7.050000e-01  2.041165e-01
7.080000e-01  2.037248e-01
7.110000e-01  2.033348e-01
7.140000e-01  2.029464e-01
7.170000e-01  2.025597e-01
7.200000e-01  2.021746e-01
7.230000e-01  2.017911e-01
7.260000e-01  2.014093e-01
7.290000e-01  2.010290e-01
7.320000e-01  2.006503e-01
7.350000e-01  2.002732e-01
7.380000e-01  1.998975e-01
7.410000e-01  1.995235e-01
7.440000e-01  1.991509e-01
7.470000e-01  1.987798e-01
7.500000e-01  1.984102e-01
7.530000e-01  1.980421e-01
7.560000e-01  1.976754e-01
7.590000e-01  1.973102e-01
7.620000e-01  1.969464e-01
7.650000e-01  1.965840e-01
7.680000e-01  1.962230e-01
7.710000e-01  1.958635e-01
7.740000e-01  1.955052e-01
7.770000e-01  1.951484e-01
7.800000e-01  1.947929e-01
7.830000e-01  1.944387e-01
7.860000e-01  1.940859e-01
7.890000e-01  1.937344e-01
7.920000e-01  1.933842e-01
7.950000e-01  1.930352e-01
7.980000e-01  1.926876e-01
8.010000e-01  1.923412e-01
8.040000e-01  1.919961e-01
8.070000e-01  1.916522e-01
8.100000e-01  1.913096e-01
8.130000e-01  1.909682e-01
8.160000e-01  1.906279e-01
8.190000e-01  1.902889e-01
8.220000e-01  1.899511e-01
8.250000e-01  1.896145e-01
8.280000e-01  1.892790e-01
8.310000e-01  1.889447e-01
8.340000e-01  1.886116e-01
8.370000e-01  1.882796e-01
8.400000e-01  1.879487e-01
8.430000e-01  1.876189e-01
8.460000e-01  1.872902e-01
8.490000e-01  1.869627e-01
8.520000e-01  1.866362e-01
8.550000e-01  1.863108e-01
8.580000e-01  1.859865e-01
8.610000e-01  1.856633e-01
8.640000e-01  1.853411e-01
8.670000e-01  1.850199e-01
8.700000e-01  1.846998e-01
8.730000e-01  1.843807e-01
8.760000e-01  1.840627e-01
8.790000e-01  1.837456e-01
8.820000e-01  1.834295e-01
8.850000e-01  1.831145e-01
8.880000e-01  1.828004e-01
8.910000e-01  1.824873e-01
8.940000e-01  1.821751e-01
8.970000e-01  1.818640e-01
9.000000e-01  1.815537e-01
9.030000e-01  1.812445e-01
9.060000e-01  1.809361e-01
9.090000e-01  1.806287e-01
9.120000e-01  1.803222e-01
9.150000e-01  1.800166e-01
9.180000e-01  1.797119e-01
9.210000e-01  1.794081e-01
9.240000e-01  1.791052e-01
9.270000e-01  1.788032e-01
9.300000e-01  1.785020e-01
9.330000e-01  1.782017e-01
9.360000e-01  1.779023e-01
9.390000e-01  1.776037e-01
9.420000e-01  1.773060e-01
9.450000e-01  1.770091e-01
9.480000e-01  1.767131e-01
9.510000e-01  1.764179e-01
9.540000e-01  1.761235e-01
9.570000e-01  1.758299e-01
9.600000e-01  1.755371e-01
9.630000e-01  1.752451e-01
9.660000e-01  1.749539e-01
9.690000e-01  1.746634e-01
9.720000e-01  1.743738e-01
9.750000e-01  1.740849e-01
9.780000e-01  1.737968e-01
9.810000e-01  1.735095e-01
9.840000e-01  1.732229e-01
9.870000e-01  1.729370e-01
9.900000e-01  1.726519e-01
9.930000e-01  1.723676e-01
9.960000e-01  1.720839e-01
9.990000e-01  1.718010e-01
