000000  000001
3.000000e-03  8.404142e-01
6.000000e-03  7.617863e-01
9.000000e-03  7.100099e-01
1.200000e-02  6.717435e-01
1.500000e-02  6.415907e-01
1.800000e-02  6.168331e-01
2.100000e-02  5.959115e-01
2.400000e-02  5.778504e-01
2.700000e-02  5.619998e-01
3.000000e-02  5.479059e-01
3.300000e-02  5.352393e-01
3.600000e-02  5.237537e-01
3.900000e-02  5.132607e-01
4.200000e-02  5.036127e-01
4.500000e-02  4.946919e-01
4.800000e-02  4.864033e-01
5.100000e-02  4.786689e-01
5.400000e-02  4.714240e-01
5.700000e-02  4.646143e-01
6.000000e-02  4.581940e-01
6.300000e-02  4.521238e-01
6.600000e-02  4.463701e-01
6.900000e-02  4.409038e-01
7.200000e-02  4.356993e-01
7.500000e-02  4.307346e-01
7.800000e-02  4.259899e-01
8.100000e-02  4.214479e-01
8.400000e-02  4.170931e-01
8.700000e-02  4.129119e-01
9.000000e-02  4.088918e-01
9.300000e-02  4.050217e-01
9.600000e-02  4.012916e-01
9.900000e-02  3.976924e-01
1.020000e-01  3.942159e-01
1.050000e-01  3.908545e-01
1.080000e-01  3.876013e-01
1.110000e-01  3.844502e-01
1.140000e-01  3.813953e-01
1.170000e-01  3.784312e-01
1.200000e-01  3.755532e-01
1.230000e-01  3.727567e-01
1.260000e-01  3.700375e-01
1.290000e-01  3.673918e-01
1.320000e-01  3.648159e-01
1.350000e-01  3.623065e-01
1.380000e-01  3.598604e-01
1.410000e-01  3.574748e-01
1.440000e-01  3.551470e-01
1.470000e-01  3.528743e-01
1.500000e-01  3.506544e-01
1.530000e-01  3.484851e-01
1.560000e-01  3.463642e-01
1.590000e-01  3.442898e-01
1.620000e-01  3.422600e-01
1.650000e-01  3.402731e-01
1.680000e-01  3.383273e-01
1.710000e-01  3.364211e-01
1.740000e-01  3.345531e-01
1.770000e-01  3.327218e-01
1.800000e-01  3.309260e-01
1.830000e-01  3.291642e-01
1.860000e-01  3.274354e-01
1.890000e-01  3.257385e-01
1.920000e-01  3.240722e-01
1.950000e-01  3.224356e-01
1.980000e-01  3.208278e-01
2.010000e-01  3.192477e-01
2.040000e-01  3.176946e-01
2.070000e-01  3.161674e-01
2.100000e-01  3.146656e-01
2.130000e-01  3.131881e-01
2.160000e-01  3.117344e-01
2.190000e-01  3.103037e-01
2.220000e-01  3.088954e-01
2.250000e-01  3.075087e-01
2.280000e-01  3.061431e-01
2.310000e-01  3.047979e-01
2.340000e-01  3.034726e-01
2.370000e-01  3.021667e-01
2.400000e-01  3.008796e-01
2.430000e-01  2.996107e-01
2.460000e-01  2.983597e-01
2.490000e-01  2.971261e-01
2.520000e-01  2.959093e-01
2.550000e-01  2.947090e-01
2.580000e-01  2.935247e-01
2.610000e-01  2.923561e-01
2.640000e-01  2.912027e-01
2.670000e-01  2.900642e-01
2.700000e-01  2.889402e-01
2.730000e-01  2.878303e-01
2.760000e-01  2.867343e-01
2.790000e-01  2.856518e-01
2.820000e-01  2.845824e-01
2.850000e-01  2.835260e-01
2.880000e-01  2.824821e-01
2.910000e-01  2.814505e-01
2.940000e-01  2.804309e-01
2.970000e-01  2.794231e-01
3.000000e-01  2.784268e-01
3.030000e-01  2.774417e-01
3.060000e-01  2.764677e-01
3.090000e-01  2.755044e-01
3.120000e-01  2.745516e-01
3.150000e-01  2.736092e-01
3.180000e-01  2.726769e-01
3.210000e-01  2.717544e-01
3.240000e-01  2.708417e-01
3.270000e-01  2.699385e-01
3.300000e-01  2.690446e-01
3.330000e-01  2.681598e-01
3.360000e-01  2.672840e-01
3.390000e-01  2.664169e-01
3.420000e-01  2.655585e-01
3.450000e-01  2.647084e-01
3.480000e-01  2.638667e-01
3.510000e-01  2.630331e-01
3.540000e-01  2.622074e-01
3.570000e-01  2.613896e-01
3.600000e-01  2.605794e-01
3.630000e-01  2.597768e-01
3.660000e-01  2.589816e-01
3.690000e-01  2.581936e-01
3.720000e-01  2.574128e-01
3.750000e-01  2.566390e-01
3.780000e-01  2.558721e-01
3.810000e-01  2.551120e-01
3.840000e-01  2.543585e-01
3.870000e-01  2.536116e-01
3.900000e-01  2.528711e-01
3.930000e-01  2.521369e-01
3.960000e-01  2.514089e-01
3.990000e-01  2.506870e-01
4.020000e-01  2.499711e-01
4.050000e-01  2.492611e-01
4.080000e-01  2.485570e-01
4.110000e-01  2.478586e-01
4.140000e-01  2.471657e-01
4.170000e-01  2.464785e-01
4.200000e-01  2.457966e-01
4.230000e-01  2.451202e-01
4.260000e-01  2.444490e-01
4.290000e-01  2.437830e-01
4.320000e-01  2.431221e-01
4.350000e-01  2.424663e-01
4.380000e-01  2.418154e-01
4.410000e-01  2.411694e-01
4.440000e-01  2.405283e-01
4.470000e-01  2.398918e-01
4.500000e-01  2.392601e-01
4.530000e-01  2.386329e-01
4.560000e-01  2.380103e-01
4.590000e-01  2.373921e-01
4.620000e-01  2.367784e-01
4.650000e-01  2.361689e-01
4.680000e-01  2.355638e-01
4.710000e-01  2.349629e-01
4.740000e-01  2.343661e-01
4.770000e-01  2.337734e-01
4.800000e-01  2.331848e-01
4.830000e-01  2.326001e-01
4.860000e-01  2.320194e-01
4.890000e-01  2.314426e-01
4.920000e-01  2.308695e-01
4.950000e-01  2.303003e-01
4.980000e-01  2.297348e-01
5.010000e-01  2.291729e-01
5.040000e-01  2.286146e-01
5.070000e-01  2.280600e-01
5.100000e-01  2.275088e-01
5.130000e-01  2.269612e-01
5.160000e-01  2.264169e-01
5.190000e-01  2.258761e-01
5.220000e-01  2.253386e-01
5.250000e-01  2.248044e-01
5.280000e-01  2.242734e-01
5.310000e-01  2.237457e-01
5.340000e-01  2.232212e-01
5.370000e-01  2.226998e-01
5.400000e-01  2.221815e-01
5.430000e-01  2.216662e-01
5.460000e-01  2.211540e-01
5.490000e-01  2.206447e-01
5.520000e-01  2.201384e-01
5.550000e-01  2.196350e-01
5.580000e-01  2.191345e-01
5.610000e-01  2.186369e-01
5.640000e-01  2.181420e-01
5.670000e-01  2.176499e-01
5.700000e-01  2.171605e-01
5.730000e-01  2.166739e-01
5.760000e-01  2.161899e-01
5.790000e-01  2.157086e-01
5.820000e-01  2.152299e-01
5.850000e-01  2.147537e-01
5.880000e-01  2.142801e-01
5.910000e-01  2.138091e-01
5.940000e-01  2.133405e-01
5.970000e-01  2.128744e-01
6.000000e-01  2.124107e-01
6.030000e-01  2.119494e-01
6.060000e-01  2.114906e-01
6.090000e-01  2.110340e-01
6.120000e-01  2.105798e-01
6.150000e-01  2.101279e-01
6.180000e-01  2.096783e-01
6.210000e-01  2.092309e-01
6.240000e-01  2.087858e-01
6.270000e-01  2.083428e-01
6.300000e-01  2.079021e-01
6.330000e-01  2.074635e-01
6.360000e-01  2.070270e-01
6.390000e-01  2.065926e-01
6.420000e-01  2.061603e-01
6.450000e-01  2.057301e-01
6.480000e-01  2.053019e-01
6.510000e-01  2.048757e-01
6.540000e-01  2.044515e-01
6.570000e-01  2.040293e-01
6.600000e-01  2.036090e-01
6.630000e-01  2.031907e-01
6.660000e-01  2.027743e-01
6.690000e-01  2.023598e-01
6.720000e-01  2.019472e-01
6.750000e-01  2.015364e-01
6.780000e-01  2.011275e-01
6.810000e-01  2.007203e-01
6.840000e-01  2.003150e-01
6.870000e-01  1.999114e-01
6.900000e-01  1.995096e-01
6.930000e-01  1.991096e-01
6.960000e-01  1.987113e-01
6.990000e-01  1.983146e-01
7.020000e-01  1.979197e-01
7.050000e-01  1.975265e-01
7.080000e-01  1.971349e-01
7.110000e-01  1.967449e-01
7.140000e-01  1.963566e-01
7.170000e-01  1.959699e-01
7.200000e-01  1.955847e-01
7.230000e-01  1.952012e-01
7.260000e-01  1.948192e-01
7.290000e-01  1.944387e-01
7.320000e-01  1.940598e-01
7.350000e-01  1.936824e-01
7.380000e-01  1.933065e-01
7.410000e-01  1.929321e-01
7.440000e-01  1.925592e-01
7.470000e-01  1.921877e-01
7.500000e-01  1.918176e-01
7.530000e-01  1.914490e-01
7.560000e-01  1.910818e-01
7.590000e-01  1.907160e-01
7.620000e-01  1.903516e-01
7.650000e-01  1.899886e-01
7.680000e-01  1.896269e-01
7.710000e-01  1.892666e-01
7.740000e-01  1.889076e-01
7.770000e-01  1.885500e-01
7.800000e-01  1.881937e-01
7.830000e-01  1.878386e-01
7.860000e-01  1.874849e-01
7.890000e-01  1.871324e-01
7.920000e-01  1.867812e-01
7.950000e-01  1.864312e-01
7.980000e-01  1.860825e-01
8.010000e-01  1.857350e-01
8.040000e-01  1.853887e-01
8.070000e-01  1.850437e-01
8.100000e-01  1.846998e-01
8.130000e-01  1.843571e-01
8.160000e-01  1.840156e-01
8.190000e-01  1.836753e-01
8.220000e-01  1.833361e-01
8.250000e-01  1.829980e-01
8.280000e-01  1.826611e-01
8.310000e-01  1.823253e-01
8.340000e-01  1.819906e-01
8.370000e-01  1.816570e-01
8.400000e-01  1.813245e-01
8.430000e-01  1.809931e-01
8.460000e-01  1.806628e-01
8.490000e-01  1.803335e-01
8.520000e-01  1.800053e-01
8.550000e-01  1.796781e-01
8.580000e-01  1.793519e-01
8.610000e-01  1.790268e-01
8.640000e-01  1.787027e-01
8.670000e-01  1.783796e-01
8.700000e-01  1.780575e-01
8.730000e-01  1.777363e-01
8.760000e-01  1.774162e-01
8.790000e-01  1.770970e-01
8.820000e-01  1.767788e-01
8.850000e-01  1.764616e-01
8.880000e-01  1.761452e-01
8.910000e-01  1.758299e-01
8.940000e-01  1.755154e-01
8.970000e-01  1.752019e-01
9.000000e-01  1.748893e-01
9.030000e-01  1.745775e-01
9.060000e-01  1.742667e-01
9.090000e-01  1.739568e-01
9.120000e-01  1.736477e-01
9.150000e-01  1.733396e-01
9.180000e-01  1.730322e-01
9.210000e-01  1.727258e-01
9.240000e-01  1.724202e-01
9.270000e-01  1.721154e-01
9.300000e-01  1.718115e-01
9.330000e-01  1.715083e-01
9.360000e-01  1.712060e-01
9.390000e-01  1.709046e-01
9.420000e-01  1.706039e-01
9.450000e-01  1.703040e-01
9.480000e-01  1.700049e-01
9.510000e-01  1.697066e-01
9.540000e-01  1.694091e-01
9.570000e-01  1.691123e-01
9.600000e-01  1.688163e-01
9.630000e-01  1.685211e-01
9.660000e-01  1.682266e-01
9.690000e-01  1.679329e-01
9.720000e-01  1.676399e-01
9.750000e-01  1.673476e-01
9.780000e-01  1.670560e-01
9.810000e-01  1.667652e-01
9.840000e-01  1.664750e-01
9.870000e-01  1.661856e-01
9.900000e-01  1.658969e-01
9.930000e-01  1.656088e-01
9.960000e-01  1.653215e-01
9.990000e-01  1.650348e-01
