000000  000001
3.000000e-03  7.063063e-01
6.000000e-03  6.130066e-01
9.000000e-03  5.582229e-01
1.200000e-02  5.200525e-01
1.500000e-02  4.910671e-01
1.800000e-02  4.678706e-01
2.100000e-02  4.486356e-01
2.400000e-02  4.322703e-01
2.700000e-02  4.180727e-01
3.000000e-02  4.055658e-01
3.300000e-02  3.944114e-01
3.600000e-02  3.843616e-01
3.900000e-02  3.752296e-01
4.200000e-02  3.668711e-01
4.500000e-02  3.591728e-01
4.800000e-02  3.520437e-01
5.100000e-02  3.454103e-01
5.400000e-02  3.392118e-01
5.700000e-02  3.333978e-01
6.000000e-02  3.279261e-01
6.300000e-02  3.227606e-01
6.600000e-02  3.178707e-01
6.900000e-02  3.132300e-01
7.200000e-02  3.088155e-01
7.500000e-02  3.046074e-01
7.800000e-02  3.005879e-01
8.100000e-02  2.967419e-01
8.400000e-02  2.930554e-01
8.700000e-02  2.895164e-01
9.000000e-02  2.861141e-01
9.300000e-02  2.828386e-01
9.600000e-02  2.796811e-01
9.900000e-02  2.766339e-01
1.020000e-01  2.736896e-01
1.050000e-01  2.708417e-01
1.080000e-01  2.680844e-01
1.110000e-01  2.654121e-01
1.140000e-01  2.628200e-01
1.170000e-01  2.603034e-01
1.200000e-01  2.578582e-01
1.230000e-01  2.554804e-01
1.260000e-01  2.531665e-01
1.290000e-01  2.509132e-01
1.320000e-01  2.487174e-01
1.350000e-01  2.465763e-01
1.380000e-01  2.444872e-01
1.410000e-01  2.424476e-01
1.440000e-01  2.404553e-01
1.470000e-01  2.385080e-01
1.500000e-01  2.366038e-01
1.530000e-01  2.347407e-01
1.560000e-01  2.329170e-01
1.590000e-01  2.311310e-01
1.620000e-01  2.293812e-01
1.650000e-01  2.276660e-01
1.680000e-01  2.259840e-01
1.710000e-01  2.243340e-01
1.740000e-01  2.227146e-01
1.770000e-01  2.211248e-01
1.800000e-01  2.195634e-01
1.830000e-01  2.180293e-01
1.860000e-01  2.165215e-01
1.890000e-01  2.150391e-01
1.920000e-01  2.135812e-01
1.950000e-01  2.121468e-01
1.980000e-01  2.107353e-01
2.010000e-01  2.093458e-01
2.040000e-01  2.079775e-01
2.070000e-01  2.066297e-01
2.100000e-01  2.053019e-01
2.130000e-01  2.039932e-01
2.160000e-01  2.027031e-01
2.190000e-01  2.014311e-01
2.220000e-01  2.001764e-01
2.250000e-01  1.989387e-01
2.280000e-01  1.977173e-01
2.310000e-01  1.965117e-01
2.340000e-01  1.953216e-01
2.370000e-01  1.941463e-01
2.400000e-01  1.929855e-01
2.430000e-01  1.918387e-01
2.460000e-01  1.907056e-01
2.490000e-01  1.895857e-01
2.520000e-01  1.884786e-01
2.550000e-01  1.873840e-01
2.580000e-01  1.863016e-01
2.610000e-01  1.852309e-01
2.640000e-01  1.841716e-01
2.670000e-01  1.831235e-01
2.700000e-01  1.820861e-01
2.730000e-01  1.810593e-01
2.760000e-01  1.800427e-01
2.790000e-01  1.790361e-01
2.820000e-01  1.780391e-01
2.850000e-01  1.770515e-01
2.880000e-01  1.760731e-01
2.910000e-01  1.751035e-01
2.940000e-01  1.741426e-01
2.970000e-01  1.731902e-01
3.000000e-01  1.722459e-01
3.030000e-01  1.713096e-01
3.060000e-01  1.703811e-01
3.090000e-01  1.694601e-01
3.120000e-01  1.685464e-01
3.150000e-01  1.676399e-01
3.180000e-01  1.667403e-01
3.210000e-01  1.658475e-01
3.240000e-01  1.649612e-01
3.270000e-01  1.640813e-01
3.300000e-01  1.632077e-01
3.330000e-01  1.623400e-01
3.360000e-01  1.614783e-01
3.390000e-01  1.606222e-01
3.420000e-01  1.597717e-01
3.450000e-01  1.589265e-01
3.480000e-01  1.580865e-01
3.510000e-01  1.572517e-01
3.540000e-01  1.564217e-01
3.570000e-01  1.555965e-01
3.600000e-01  1.547759e-01
3.630000e-01  1.539597e-01
3.660000e-01  1.531479e-01
3.690000e-01  1.523403e-01
3.720000e-01  1.515367e-01
3.750000e-01  1.507370e-01
3.780000e-01  1.499410e-01
3.810000e-01  1.491487e-01
3.840000e-01  1.483599e-01
3.870000e-01  1.475744e-01
3.900000e-01  1.467922e-01
3.930000e-01  1.460131e-01
3.960000e-01  1.452369e-01
3.990000e-01  1.444636e-01
4.020000e-01  1.436929e-01
4.050000e-01  1.429248e-01
4.080000e-01  1.421592e-01
4.110000e-01  1.413958e-01
4.140000e-01  1.406347e-01
4.170000e-01  1.398755e-01
4.200000e-01  1.391183e-01
4.230000e-01  1.383628e-01
4.260000e-01  1.376090e-01
4.290000e-01  1.368567e-01
4.320000e-01  1.361057e-01
4.350000e-01  1.353560e-01
4.380000e-01  1.346073e-01
4.410000e-01  1.338595e-01
4.440000e-01  1.331125e-01
4.470000e-01  1.323662e-01
4.500000e-01  1.316203e-01
4.530000e-01  1.308747e-01
4.560000e-01  000000
4.590000e-01  000000
4.620000e-01  000000
4.650000e-01  000000
4.680000e-01  000000
4.710000e-01  000000
4.740000e-01  000000
4.770000e-01  000000
4.800000e-01  000000
4.830000e-01  000000
4.860000e-01  000000
4.890000e-01  000000
4.920000e-01  000000
4.950000e-01  000000
4.980000e-01  000000
5.010000e-01  000000
5.040000e-01  000000
5.070000e-01  000000
5.100000e-01  000000
5.130000e-01  000000
5.160000e-01  000000
5.190000e-01  000000
5.220000e-01  000000
5.250000e-01  000000
5.280000e-01  000000
5.310000e-01  000000
5.340000e-01  000000
5.370000e-01  000000
5.400000e-01  000000
5.430000e-01  000000
5.460000e-01  000000
5.490000e-01  000000
5.520000e-01  000000
5.550000e-01  000000
5.580000e-01  000000
5.610000e-01  000000
5.640000e-01  000000
5.670000e-01  000000
5.700000e-01  000000
5.730000e-01  000000
5.760000e-01  000000
5.790000e-01  000000
5.820000e-01  000000
5.850000e-01  000000
5.880000e-01  000000
5.910000e-01  000000
5.940000e-01  000000
5.970000e-01  000000
6.000000e-01  000000
6.030000e-01  000000
6.060000e-01  000000
6.090000e-01  000000
6.120000e-01  000000
6.150000e-01  000000
6.180000e-01  000000
6.210000e-01  000000
6.240000e-01  000000
6.270000e-01  000000
6.300000e-01  000000
6.330000e-01  000000
6.360000e-01  000000
6.390000e-01  000000
6.420000e-01  000000
6.450000e-01  000000
6.480000e-01  000000
6.510000e-01  000000
6.540000e-01  000000
6.570000e-01  000000
6.600000e-01  000000
6.630000e-01  000000
6.660000e-01  000000
6.690000e-01  000000
6.720000e-01  000000
6.750000e-01  000000
6.780000e-01  000000
6.810000e-01  000000
6.840000e-01  000000
6.870000e-01  000000
6.900000e-01  000000
6.930000e-01  000000
6.960000e-01  000000
6.990000e-01  000000
7.020000e-01  000000
7.050000e-01  000000
7.080000e-01  000000
7.110000e-01  000000
7.140000e-01  000000
7.170000e-01  000000
7.200000e-01  000000
7.230000e-01  000000
7.260000e-01  000000
7.290000e-01  000000
7.320000e-01  000000
7.350000e-01  000000
7.380000e-01  000000
7.410000e-01  000000
7.440000e-01  000000
7.470000e-01  000000
7.500000e-01  000000
7.530000e-01  000000
7.560000e-01  000000
7.590000e-01  000000
7.620000e-01  000000
7.650000e-01  000000
7.680000e-01  000000
7.710000e-01  000000
7.740000e-01  000000
7.770000e-01  000000
7.800000e-01  000000
7.830000e-01  000000
7.860000e-01  000000
7.890000e-01  000000
7.920000e-01  000000
7.950000e-01  000000
7.980000e-01  000000
8.010000e-01  000000
8.040000e-01  000000
8.070000e-01  000000
8.100000e-01  000000
8.130000e-01  000000
8.160000e-01  000000
8.190000e-01  000000
8.220000e-01  000000
8.250000e-01  000000
8.280000e-01  000000
8.310000e-01  000000
8.340000e-01  000000
8.370000e-01  000000
8.400000e-01  000000
8.430000e-01  000000
8.460000e-01  000000
8.490000e-01  000000
8.520000e-01  000000
8.550000e-01  000000
8.580000e-01  000000
8.610000e-01  000000
8.640000e-01  000000
8.670000e-01  000000
8.700000e-01  000000
8.730000e-01  000000
8.760000e-01  000000
8.790000e-01  000000
8.820000e-01  000000
8.850000e-01  000000
8.880000e-01  000000
8.910000e-01  000000
8.940000e-01  000000
8.970000e-01  000000
9.000000e-01  000000
9.030000e-01  000000
9.060000e-01  000000
9.090000e-01  000000
9.120000e-01  000000
9.150000e-01  000000
9.180000e-01  000000
9.210000e-01  000000
9.240000e-01  000000
9.270000e-01  000000
9.300000e-01  000000
9.330000e-01  000000
9.360000e-01  000000
9.390000e-01  000000
9.420000e-01  000000
9.450000e-01  000000
9.480000e-01  000000
9.510000e-01  000000
9.540000e-01  000000
9.570000e-01  000000
9.600000e-01  000000
9.630000e-01  000000
9.660000e-01  000000
9.690000e-01  000000
9.720000e-01  000000
9.750000e-01  000000
9.780000e-01  000000
9.810000e-01  000000
9.840000e-01  000000
9.870000e-01  000000
9.900000e-01  000000
9.930000e-01  000000
9.960000e-01  000000
9.990000e-01  000000
