000000  000001
3.000000e-03  7.823991e-01
6.000000e-03  6.944552e-01
9.000000e-03  6.399056e-01
1.200000e-02  6.008425e-01
1.500000e-02  5.706740e-01
1.800000e-02  5.462502e-01
2.100000e-02  5.258266e-01
2.400000e-02  5.083390e-01
2.700000e-02  4.930922e-01
3.000000e-02  4.796077e-01
3.300000e-02  4.675431e-01
3.600000e-02  4.566450e-01
3.900000e-02  4.467210e-01
4.200000e-02  4.376218e-01
4.500000e-02  4.292291e-01
4.800000e-02  4.214479e-01
5.100000e-02  4.142007e-01
5.400000e-02  4.074235e-01
5.700000e-02  4.010629e-01
6.000000e-02  3.950739e-01
6.300000e-02  3.894183e-01
6.600000e-02  3.840632e-01
6.900000e-02  3.789803e-01
7.200000e-02  3.741451e-01
7.500000e-02  3.695360e-01
7.800000e-02  3.651342e-01
8.100000e-02  3.609230e-01
8.400000e-02  3.568875e-01
8.700000e-02  3.530148e-01
9.000000e-02  3.492928e-01
9.300000e-02  3.457111e-01
9.600000e-02  3.422600e-01
9.900000e-02  3.389310e-01
1.020000e-01  3.357162e-01
1.050000e-01  3.326086e-01
1.080000e-01  3.296015e-01
1.110000e-01  3.266892e-01
1.140000e-01  3.238660e-01
1.170000e-01  3.211271e-01
1.200000e-01  3.184678e-01
1.230000e-01  3.158839e-01
1.260000e-01  3.133715e-01
1.290000e-01  3.109269e-01
1.320000e-01  3.085467e-01
1.350000e-01  3.062278e-01
1.380000e-01  3.039673e-01
1.410000e-01  3.017625e-01
1.440000e-01  2.996107e-01
1.470000e-01  2.975098e-01
1.500000e-01  2.954573e-01
1.530000e-01  2.934512e-01
1.560000e-01  2.914896e-01
1.590000e-01  2.895707e-01
1.620000e-01  2.876926e-01
1.650000e-01  2.858537e-01
1.680000e-01  2.840526e-01
1.710000e-01  2.822877e-01
1.740000e-01  2.805577e-01
1.770000e-01  2.788613e-01
1.800000e-01  2.771972e-01
1.830000e-01  2.755643e-01
1.860000e-01  2.739614e-01
1.890000e-01  2.723876e-01
1.920000e-01  2.708417e-01
1.950000e-01  2.693229e-01
1.980000e-01  2.678303e-01
2.010000e-01  2.663630e-01
2.040000e-01  2.649202e-01
2.070000e-01  2.635010e-01
2.100000e-01  2.621047e-01
2.130000e-01  2.607308e-01
2.160000e-01  2.593783e-01
2.190000e-01  2.580467e-01
2.220000e-01  2.567354e-01
2.250000e-01  2.554437e-01
2.280000e-01  2.541712e-01
2.310000e-01  2.529171e-01
2.340000e-01  2.516811e-01
2.370000e-01  2.504626e-01
2.400000e-01  2.492611e-01
2.430000e-01  2.480762e-01
2.460000e-01  2.469074e-01
2.490000e-01  2.457542e-01
2.520000e-01  2.446163e-01
2.550000e-01  2.434932e-01
2.580000e-01  2.423847e-01
2.610000e-01  2.412902e-01
2.640000e-01  2.402095e-01
2.670000e-01  2.391421e-01
2.700000e-01  2.380879e-01
2.730000e-01  2.370463e-01
2.760000e-01  2.360172e-01
2.790000e-01  2.350003e-01
2.820000e-01  2.339952e-01
2.850000e-01  2.330016e-01
2.880000e-01  2.320194e-01
2.910000e-01  2.310482e-01
2.940000e-01  2.300878e-01
2.970000e-01  2.291379e-01
3.000000e-01  2.281983e-01
3.030000e-01  2.272688e-01
3.060000e-01  2.263491e-01
3.090000e-01  2.254391e-01
3.120000e-01  2.245385e-01
3.150000e-01  2.236471e-01
3.180000e-01  2.227648e-01
3.210000e-01  2.218913e-01
3.240000e-01  2.210264e-01
3.270000e-01  2.201700e-01
3.300000e-01  2.193219e-01
3.330000e-01  2.184819e-01
3.360000e-01  2.176499e-01
3.390000e-01  2.168257e-01
3.420000e-01  2.160091e-01
3.450000e-01  2.152000e-01
3.480000e-01  2.143983e-01
3.510000e-01  2.136037e-01
3.540000e-01  2.128163e-01
3.570000e-01  2.120358e-01
3.600000e-01  2.112620e-01
3.630000e-01  2.104949e-01
3.660000e-01  2.097344e-01
3.690000e-01  2.089803e-01
3.720000e-01  2.082324e-01
3.750000e-01  2.074908e-01
3.780000e-01  2.067552e-01
3.810000e-01  2.060256e-01
3.840000e-01  2.053019e-01
3.870000e-01  2.045838e-01
3.900000e-01  2.038715e-01
3.930000e-01  2.031647e-01
3.960000e-01  2.024633e-01
3.990000e-01  2.017672e-01
4.020000e-01  2.010765e-01
4.050000e-01  2.003908e-01
4.080000e-01  1.997103e-01
4.110000e-01  1.990348e-01
4.140000e-01  1.983641e-01
4.170000e-01  1.976983e-01
4.200000e-01  1.970372e-01
4.230000e-01  1.963808e-01
4.260000e-01  1.957290e-01
4.290000e-01  1.950816e-01
4.320000e-01  1.944387e-01
4.350000e-01  1.938002e-01
4.380000e-01  1.931659e-01
4.410000e-01  1.925359e-01
4.440000e-01  1.919100e-01
4.470000e-01  1.912882e-01
4.500000e-01  1.906704e-01
4.530000e-01  1.900566e-01
4.560000e-01  1.894466e-01
4.590000e-01  1.888405e-01
4.620000e-01  1.882381e-01
4.650000e-01  1.876395e-01
4.680000e-01  1.870445e-01
4.710000e-01  1.864531e-01
4.740000e-01  1.858652e-01
4.770000e-01  1.852808e-01
4.800000e-01  1.846998e-01
4.830000e-01  1.841222e-01
4.860000e-01  1.835480e-01
4.890000e-01  1.829769e-01
4.920000e-01  1.824092e-01
4.950000e-01  1.818446e-01
4.980000e-01  1.812831e-01
5.010000e-01  1.807246e-01
5.040000e-01  1.801693e-01
5.070000e-01  1.796169e-01
5.100000e-01  1.790674e-01
5.130000e-01  1.785208e-01
5.160000e-01  1.779771e-01
5.190000e-01  1.774362e-01
5.220000e-01  1.768980e-01
5.250000e-01  1.763626e-01
5.280000e-01  1.758299e-01
5.310000e-01  1.752997e-01
5.340000e-01  1.747723e-01
5.370000e-01  1.742473e-01
5.400000e-01  1.737249e-01
5.430000e-01  1.732050e-01
5.460000e-01  1.726875e-01
5.490000e-01  1.721725e-01
5.520000e-01  1.716598e-01
5.550000e-01  1.711495e-01
5.580000e-01  1.706414e-01
5.610000e-01  1.701357e-01
5.640000e-01  1.696322e-01
5.670000e-01  1.691309e-01
5.700000e-01  1.686317e-01
5.730000e-01  1.681347e-01
5.760000e-01  1.676399e-01
5.790000e-01  1.671471e-01
5.820000e-01  1.666563e-01
5.850000e-01  1.661675e-01
5.880000e-01  1.656808e-01
5.910000e-01  1.651960e-01
5.940000e-01  1.647131e-01
5.970000e-01  1.642321e-01
6.000000e-01  1.637530e-01
6.030000e-01  1.632757e-01
6.060000e-01  1.628002e-01
6.090000e-01  1.623265e-01
6.120000e-01  1.618546e-01
6.150000e-01  1.613843e-01
6.180000e-01  1.609158e-01
6.210000e-01  1.604490e-01
6.240000e-01  1.599838e-01
6.270000e-01  1.595202e-01
6.300000e-01  1.590582e-01
6.330000e-01  1.585978e-01
6.360000e-01  1.581389e-01
6.390000e-01  1.576815e-01
6.420000e-01  1.572257e-01
6.450000e-01  1.567712e-01
6.480000e-01  1.563183e-01
6.510000e-01  1.558667e-01
6.540000e-01  1.554166e-01
6.570000e-01  1.549678e-01
6.600000e-01  1.545203e-01
6.630000e-01  1.540742e-01
6.660000e-01  1.536294e-01
6.690000e-01  1.531859e-01
6.720000e-01  1.527436e-01
6.750000e-01  1.523025e-01
6.780000e-01  1.518626e-01
6.810000e-01  1.514240e-01
6.840000e-01  1.509864e-01
6.870000e-01  1.505501e-01
6.900000e-01  1.501148e-01
6.930000e-01  1.496807e-01
6.960000e-01  1.492476e-01
6.990000e-01  1.488155e-01
7.020000e-01  1.483845e-01
7.050000e-01  1.479545e-01
7.080000e-01  1.475255e-01
7.110000e-01  1.470974e-01
7.140000e-01  1.466703e-01
7.170000e-01  1.462441e-01
7.200000e-01  1.458188e-01
7.230000e-01  1.453943e-01
7.260000e-01  1.449708e-01
7.290000e-01  1.445480e-01
7.320000e-01  1.441261e-01
7.350000e-01  1.437049e-01
7.380000e-01  1.432846e-01
7.410000e-01  1.428649e-01
7.440000e-01  1.424460e-01
7.470000e-01  1.420278e-01
7.500000e-01  1.416103e-01
7.530000e-01  1.411934e-01
7.560000e-01  1.407772e-01
7.590000e-01  1.403616e-01
7.620000e-01  1.399466e-01
7.650000e-01  1.395322e-01
7.680000e-01  1.391183e-01
7.710000e-01  1.387050e-01
7.740000e-01  1.382921e-01
7.770000e-01  1.378797e-01
7.800000e-01  1.374678e-01
7.830000e-01  1.370564e-01
7.860000e-01  1.366453e-01
7.890000e-01  1.362347e-01
7.920000e-01  1.358244e-01
7.950000e-01  1.354145e-01
7.980000e-01  1.350049e-01
8.010000e-01  1.345956e-01
8.040000e-01  1.341865e-01
8.070000e-01  1.337778e-01
8.100000e-01  1.333692e-01
8.130000e-01  1.329609e-01
8.160000e-01  1.325527e-01
8.190000e-01  1.321447e-01
8.220000e-01  1.317368e-01
8.250000e-01  1.313290e-01
8.280000e-01  1.309213e-01
8.310000e-01  1.305137e-01
8.340000e-01  000000
8.370000e-01  000000
8.400000e-01  000000
8.430000e-01  000000
8.460000e-01  000000
8.490000e-01  000000
8.520000e-01  000000
8.550000e-01  000000
8.580000e-01  000000
8.610000e-01  000000
8.640000e-01  000000
8.670000e-01  000000
8.700000e-01  000000
8.730000e-01  000000
8.760000e-01  000000
8.790000e-01  000000
8.820000e-01  000000
8.850000e-01  000000
8.880000e-01  000000
8.910000e-01  000000
8.940000e-01  000000
8.970000e-01  000000
9.000000e-01  000000
9.030000e-01  000000
9.060000e-01  000000
9.090000e-01  000000
9.120000e-01  000000
9.150000e-01  000000
9.180000e-01  000000
9.210000e-01  000000
9.240000e-01  000000
9.270000e-01  000000
9.300000e-01  000000
9.330000e-01  000000
9.360000e-01  000000
9.390000e-01  000000
9.420000e-01  000000
9.450000e-01  000000
9.480000e-01  000000
9.510000e-01  000000
9.540000e-01  000000
9.570000e-01  000000
9.600000e-01  000000
9.630000e-01  000000
9.660000e-01  000000
9.690000e-01  000000
9.720000e-01  000000
9.750000e-01  000000
9.780000e-01  000000
9.810000e-01  000000
9.840000e-01  000000
9.870000e-01  000000
9.900000e-01  000000
9.930000e-01  000000
9.960000e-01  000000
9.990000e-01  000000
