000000  000001
3.000000e-03  8.774652e-01
6.000000e-03  8.082365e-01
9.000000e-03  7.602506e-01
1.200000e-02  7.237558e-01
1.500000e-02  6.944552e-01
1.800000e-02  6.700728e-01
2.100000e-02  6.492581e-01
2.400000e-02  6.311451e-01
2.700000e-02  6.151457e-01
3.000000e-02  6.008425e-01
3.300000e-02  5.879293e-01
3.600000e-02  5.761746e-01
3.900000e-02  5.653992e-01
4.200000e-02  5.554622e-01
4.500000e-02  5.462502e-01
4.800000e-02  5.376712e-01
5.100000e-02  5.296490e-01
5.400000e-02  5.221205e-01
5.700000e-02  5.150323e-01
6.000000e-02  5.083390e-01
6.300000e-02  5.020020e-01
6.600000e-02  4.959876e-01
6.900000e-02  4.902668e-01
7.200000e-02  4.848143e-01
7.500000e-02  4.796077e-01
7.800000e-02  4.746273e-01
8.100000e-02  4.698556e-01
8.400000e-02  4.652771e-01
8.700000e-02  4.608777e-01
9.000000e-02  4.566450e-01
9.300000e-02  4.525677e-01
9.600000e-02  4.486356e-01
9.900000e-02  4.448394e-01
1.020000e-01  4.411707e-01
1.050000e-01  4.376218e-01
1.080000e-01  4.341857e-01
1.110000e-01  4.308559e-01
1.140000e-01  4.276266e-01
1.170000e-01  4.244923e-01
1.200000e-01  4.214479e-01
1.230000e-01  4.184888e-01
1.260000e-01  4.156106e-01
1.290000e-01  4.128095e-01
1.320000e-01  4.100816e-01
1.350000e-01  4.074235e-01
1.380000e-01  4.048319e-01
1.410000e-01  4.023039e-01
1.440000e-01  3.998367e-01
1.470000e-01  3.974275e-01
1.500000e-01  3.950739e-01
1.530000e-01  3.927736e-01
1.560000e-01  3.905244e-01
1.590000e-01  3.883242e-01
1.620000e-01  3.861711e-01
1.650000e-01  3.840632e-01
1.680000e-01  3.819988e-01
1.710000e-01  3.799763e-01
1.740000e-01  3.779942e-01
1.770000e-01  3.760509e-01
1.800000e-01  3.741451e-01
1.830000e-01  3.722754e-01
1.860000e-01  3.704406e-01
1.890000e-01  3.686396e-01
1.920000e-01  3.668711e-01
1.950000e-01  3.651342e-01
1.980000e-01  3.634277e-01
2.010000e-01  3.617507e-01
2.040000e-01  3.601022e-01
2.070000e-01  3.584815e-01
2.100000e-01  3.568875e-01
2.130000e-01  3.553196e-01
2.160000e-01  3.537769e-01
2.190000e-01  3.522587e-01
2.220000e-01  3.507642e-01
2.250000e-01  3.492928e-01
2.280000e-01  3.478438e-01
2.310000e-01  3.464167e-01
2.340000e-01  3.450107e-01
2.370000e-01  3.436253e-01
2.400000e-01  3.422600e-01
2.430000e-01  3.409142e-01
2.460000e-01  3.395874e-01
2.490000e-01  3.382792e-01
2.520000e-01  3.369889e-01
2.550000e-01  3.357162e-01
2.580000e-01  3.344607e-01
2.610000e-01  3.332219e-01
2.640000e-01  3.319993e-01
2.670000e-01  3.307927e-01
2.700000e-01  3.296015e-01
2.730000e-01  3.284255e-01
2.760000e-01  3.272643e-01
2.790000e-01  3.261176e-01
2.820000e-01  3.249849e-01
2.850000e-01  3.238660e-01
2.880000e-01  3.227606e-01
2.910000e-01  3.216684e-01
2.940000e-01  3.205890e-01
2.970000e-01  3.195223e-01
3.000000e-01  3.184678e-01
3.030000e-01  3.174255e-01
3.060000e-01  3.163949e-01
3.090000e-01  3.153759e-01
3.120000e-01  3.143681e-01
3.150000e-01  3.133715e-01
3.180000e-01  3.123857e-01
3.210000e-01  3.114105e-01
3.240000e-01  3.104458e-01
3.270000e-01  3.094912e-01
3.300000e-01  3.085467e-01
3.330000e-01  3.076119e-01
3.360000e-01  3.066868e-01
3.390000e-01  3.057711e-01
3.420000e-01  3.048647e-01
3.450000e-01  3.039673e-01
3.480000e-01  3.030788e-01
3.510000e-01  3.021991e-01
3.540000e-01  3.013280e-01
3.570000e-01  3.004652e-01
3.600000e-01  2.996107e-01
3.630000e-01  2.987644e-01
3.660000e-01  2.979260e-01
3.690000e-01  2.970954e-01
3.720000e-01  2.962726e-01
3.750000e-01  2.954573e-01
3.780000e-01  2.946494e-01
3.810000e-01  2.938488e-01
3.840000e-01  2.930554e-01
3.870000e-01  2.922691e-01
3.900000e-01  2.914896e-01
3.930000e-01  2.907170e-01
3.960000e-01  2.899511e-01
3.990000e-01  2.891918e-01
4.020000e-01  2.884390e-01
4.050000e-01  2.876926e-01
4.080000e-01  2.869524e-01
4.110000e-01  2.862184e-01
4.140000e-01  2.854905e-01
4.170000e-01  2.847686e-01
4.200000e-01  2.840526e-01
4.230000e-01  2.833424e-01
4.260000e-01  2.826379e-01
4.290000e-01  2.819390e-01
4.320000e-01  2.812456e-01
4.350000e-01  2.805577e-01
4.380000e-01  2.798752e-01
4.410000e-01  2.791979e-01
4.440000e-01  2.785259e-01
4.470000e-01  2.778590e-01
4.500000e-01  2.771972e-01
4.530000e-01  2.765403e-01
4.560000e-01  2.758884e-01
4.590000e-01  2.752413e-01
4.620000e-01  2.745990e-01
4.650000e-01  2.739614e-01
4.680000e-01  2.733284e-01
4.710000e-01  2.727000e-01
4.740000e-01  2.720762e-01
4.770000e-01  2.714568e-01
4.800000e-01  2.708417e-01
4.830000e-01  2.702310e-01
4.860000e-01  2.696246e-01
4.890000e-01  2.690224e-01
4.920000e-01  2.684243e-01
4.950000e-01  2.678303e-01
4.980000e-01  2.672404e-01
5.010000e-01  2.666545e-01
5.040000e-01  2.660725e-01
5.070000e-01  2.654944e-01
5.100000e-01  2.649202e-01
5.130000e-01  2.643497e-01
5.160000e-01  2.637830e-01
5.190000e-01  2.632199e-01
5.220000e-01  2.626605e-01
5.250000e-01  2.621047e-01
5.280000e-01  2.615525e-01
5.310000e-01  2.610038e-01
5.340000e-01  2.604586e-01
5.370000e-01  2.599167e-01
5.400000e-01  2.593783e-01
5.430000e-01  2.588432e-01
5.460000e-01  2.583114e-01
5.490000e-01  2.577828e-01
5.520000e-01  2.572575e-01
5.550000e-01  2.567354e-01
5.580000e-01  2.562164e-01
5.610000e-01  2.557005e-01
5.640000e-01  2.551877e-01
5.670000e-01  2.546779e-01
5.700000e-01  2.541712e-01
5.730000e-01  2.536674e-01
5.760000e-01  2.531665e-01
5.790000e-01  2.526685e-01
5.820000e-01  2.521734e-01
5.850000e-01  2.516811e-01
5.880000e-01  2.511917e-01
5.910000e-01  2.507049e-01
5.940000e-01  2.502210e-01
5.970000e-01  2.497397e-01
6.000000e-01  2.492611e-01
6.030000e-01  2.487852e-01
6.060000e-01  2.483119e-01
6.090000e-01  2.478412e-01
6.120000e-01  2.473730e-01
6.150000e-01  2.469074e-01
6.180000e-01  2.464442e-01
6.210000e-01  2.459836e-01
6.240000e-01  2.455254e-01
6.270000e-01  2.450697e-01
6.300000e-01  2.446163e-01
6.330000e-01  2.441653e-01
6.360000e-01  2.437167e-01
6.390000e-01  2.432704e-01
6.420000e-01  2.428264e-01
6.450000e-01  2.423847e-01
6.480000e-01  2.419452e-01
6.510000e-01  2.415080e-01
6.540000e-01  2.410730e-01
6.570000e-01  2.406401e-01
6.600000e-01  2.402095e-01
6.630000e-01  2.397809e-01
6.660000e-01  2.393545e-01
6.690000e-01  2.389302e-01
6.720000e-01  2.385080e-01
6.750000e-01  2.380879e-01
6.780000e-01  2.376697e-01
6.810000e-01  2.372536e-01
6.840000e-01  2.368395e-01
6.870000e-01  2.364274e-01
6.900000e-01  2.360172e-01
6.930000e-01  2.356090e-01
6.960000e-01  2.352027e-01
6.990000e-01  2.347983e-01
7.020000e-01  2.343958e-01
7.050000e-01  2.339952e-01
7.080000e-01  2.335964e-01
7.110000e-01  2.331994e-01
7.140000e-01  2.328043e-01
7.170000e-01  2.324110e-01
7.200000e-01  2.320194e-01
7.230000e-01  2.316296e-01
7.260000e-01  2.312416e-01
7.290000e-01  2.308553e-01
7.320000e-01  2.304707e-01
7.350000e-01  2.300878e-01
7.380000e-01  2.297066e-01
7.410000e-01  2.293270e-01
7.440000e-01  2.289492e-01
7.470000e-01  2.285729e-01
7.500000e-01  2.281983e-01
7.530000e-01  2.278253e-01
7.560000e-01  2.274539e-01
7.590000e-01  2.270841e-01
7.620000e-01  2.267158e-01
7.650000e-01  2.263491e-01
7.680000e-01  2.259840e-01
7.710000e-01  2.256204e-01
7.740000e-01  2.252583e-01
7.770000e-01  2.248976e-01
7.800000e-01  2.245385e-01
7.830000e-01  2.241809e-01
7.860000e-01  2.238247e-01
7.890000e-01  2.234699e-01
7.920000e-01  2.231166e-01
7.950000e-01  2.227648e-01
7.980000e-01  2.224143e-01
8.010000e-01  2.220653e-01
8.040000e-01  2.217176e-01
8.070000e-01  2.213713e-01
8.100000e-01  2.210264e-01
8.130000e-01  2.206828e-01
8.160000e-01  2.203406e-01
8.190000e-01  2.199997e-01
8.220000e-01  2.196601e-01
8.250000e-01  2.193219e-01
8.280000e-01  2.189849e-01
8.310000e-01  2.186493e-01
8.340000e-01  2.183149e-01
8.370000e-01  2.179817e-01
8.400000e-01  2.176499e-01
8.430000e-01  2.173193e-01
8.460000e-01  2.169899e-01
8.490000e-01  2.166618e-01
8.520000e-01  2.163348e-01
8.550000e-01  2.160091e-01
8.580000e-01  2.156846e-01
8.610000e-01  2.153612e-01
8.640000e-01  2.150391e-01
8.670000e-01  2.147181e-01
8.700000e-01  2.143983e-01
8.730000e-01  2.140796e-01
8.760000e-01  2.137621e-01
8.790000e-01  2.134457e-01
8.820000e-01  2.131304e-01
8.850000e-01  2.128163e-01
8.880000e-01  2.125032e-01
8.910000e-01  2.121913e-01
8.940000e-01  2.118805e-01
8.970000e-01  2.115707e-01
9.000000e-01  2.112620e-01
9.030000e-01  2.109544e-01
9.060000e-01  2.106478e-01
9.090000e-01  2.103423e-01
9.120000e-01  2.100378e-01
9.150000e-01  2.097344e-01
9.180000e-01  2.094320e-01
9.210000e-01  2.091306e-01
9.240000e-01  2.088302e-01
9.270000e-01  2.085308e-01
9.300000e-01  2.082324e-01
9.330000e-01  2.079351e-01
9.360000e-01  2.076386e-01
9.390000e-01  2.073432e-01
9.420000e-01  2.070487e-01
9.450000e-01  2.067552e-01
9.480000e-01  2.064627e-01
9.510000e-01  2.061711e-01
9.540000e-01  2.058804e-01
9.570000e-01  2.055907e-01
9.600000e-01  2.053019e-01
9.630000e-01  2.050140e-01
9.660000e-01  2.047270e-01
9.690000e-01  2.044409e-01
9.720000e-01  2.041558e-01
9.750000e-01  2.038715e-01
9.780000e-01  2.035881e-01
9.810000e-01  2.033056e-01
9.840000e-01  2.030239e-01
9.870000e-01  2.027432e-01
9.900000e-01  2.024633e-01
9.930000e-01  2.021842e-01
9.960000e-01  2.019060e-01
9.990000e-01  2.016287e-01
