000000  000001
3.000000e-03  7.360296e-01
6.000000e-03  6.440789e-01
9.000000e-03  5.890523e-01
1.200000e-02  5.503539e-01
1.500000e-02  5.208004e-01
1.800000e-02  4.970585e-01
2.100000e-02  4.773169e-01
2.400000e-02  4.604862e-01
2.700000e-02  4.458617e-01
3.000000e-02  4.329629e-01
3.300000e-02  4.214479e-01
3.600000e-02  4.110653e-01
3.900000e-02  4.016252e-01
4.200000e-02  3.929806e-01
4.500000e-02  3.850158e-01
4.800000e-02  3.776380e-01
5.100000e-02  3.707717e-01
5.400000e-02  3.643548e-01
5.700000e-02  3.583355e-01
6.000000e-02  3.526703e-01
6.300000e-02  3.473224e-01
6.600000e-02  3.422600e-01
6.900000e-02  3.374560e-01
7.200000e-02  3.328868e-01
7.500000e-02  3.285318e-01
7.800000e-02  3.243729e-01
8.100000e-02  3.203941e-01
8.400000e-02  3.165814e-01
8.700000e-02  3.129221e-01
9.000000e-02  3.094050e-01
9.300000e-02  3.060199e-01
9.600000e-02  3.027579e-01
9.900000e-02  2.996107e-01
1.020000e-01  2.965709e-01
1.050000e-01  2.936317e-01
1.080000e-01  2.907870e-01
1.110000e-01  2.880311e-01
1.140000e-01  2.853588e-01
1.170000e-01  2.827655e-01
1.200000e-01  2.802468e-01
1.230000e-01  2.777986e-01
1.260000e-01  2.754173e-01
1.290000e-01  2.730994e-01
1.320000e-01  2.708417e-01
1.350000e-01  2.686413e-01
1.380000e-01  2.664954e-01
1.410000e-01  2.644014e-01
1.440000e-01  2.623569e-01
1.470000e-01  2.603598e-01
1.500000e-01  2.584078e-01
1.530000e-01  2.564991e-01
1.560000e-01  2.546318e-01
1.590000e-01  2.528040e-01
1.620000e-01  2.510144e-01
1.650000e-01  2.492611e-01
1.680000e-01  2.475429e-01
1.710000e-01  2.458584e-01
1.740000e-01  2.442062e-01
1.770000e-01  2.425852e-01
1.800000e-01  2.409941e-01
1.830000e-01  2.394319e-01
1.860000e-01  2.378975e-01
1.890000e-01  2.363900e-01
1.920000e-01  2.349084e-01
1.950000e-01  2.334518e-01
1.980000e-01  2.320194e-01
2.010000e-01  2.306103e-01
2.040000e-01  2.292238e-01
2.070000e-01  2.278592e-01
2.100000e-01  2.265156e-01
2.130000e-01  2.251926e-01
2.160000e-01  2.238893e-01
2.190000e-01  2.226053e-01
2.220000e-01  2.213399e-01
2.250000e-01  2.200925e-01
2.280000e-01  2.188627e-01
2.310000e-01  2.176499e-01
2.340000e-01  2.164536e-01
2.370000e-01  2.152733e-01
2.400000e-01  2.141085e-01
2.430000e-01  2.129589e-01
2.460000e-01  2.118241e-01
2.490000e-01  2.107035e-01
2.520000e-01  2.095968e-01
2.550000e-01  2.085036e-01
2.580000e-01  2.074237e-01
2.610000e-01  2.063565e-01
2.640000e-01  2.053019e-01
2.670000e-01  2.042594e-01
2.700000e-01  2.032287e-01
2.730000e-01  2.022095e-01
2.760000e-01  2.012017e-01
2.790000e-01  2.002047e-01
2.820000e-01  1.992185e-01
2.850000e-01  1.982427e-01
2.880000e-01  1.972771e-01
2.910000e-01  1.963214e-01
2.940000e-01  1.953753e-01
2.970000e-01  1.944387e-01
3.000000e-01  1.935114e-01
3.030000e-01  1.925930e-01
3.060000e-01  1.916834e-01
3.090000e-01  1.907824e-01
3.120000e-01  1.898898e-01
3.150000e-01  1.890054e-01
3.180000e-01  1.881290e-01
3.210000e-01  1.872604e-01
3.240000e-01  1.863995e-01
3.270000e-01  1.855460e-01
3.300000e-01  1.846998e-01
3.330000e-01  1.838608e-01
3.360000e-01  1.830287e-01
3.390000e-01  1.822035e-01
3.420000e-01  1.813849e-01
3.450000e-01  1.805729e-01
3.480000e-01  1.797672e-01
3.510000e-01  1.789678e-01
3.540000e-01  1.781745e-01
3.570000e-01  1.773871e-01
3.600000e-01  1.766056e-01
3.630000e-01  1.758299e-01
3.660000e-01  1.750597e-01
3.690000e-01  1.742949e-01
3.720000e-01  1.735356e-01
3.750000e-01  1.727814e-01
3.780000e-01  1.720324e-01
3.810000e-01  1.712884e-01
3.840000e-01  1.705493e-01
3.870000e-01  1.698150e-01
3.900000e-01  1.690854e-01
3.930000e-01  1.683604e-01
3.960000e-01  1.676399e-01
3.990000e-01  1.669237e-01
4.020000e-01  1.662119e-01
4.050000e-01  1.655043e-01
4.080000e-01  1.648007e-01
4.110000e-01  1.641012e-01
4.140000e-01  1.634057e-01
4.170000e-01  1.627140e-01
4.200000e-01  1.620260e-01
4.230000e-01  1.613417e-01
4.260000e-01  1.606610e-01
4.290000e-01  1.599838e-01
4.320000e-01  1.593100e-01
4.350000e-01  1.586396e-01
4.380000e-01  1.579724e-01
4.410000e-01  1.573084e-01
4.440000e-01  1.566476e-01
4.470000e-01  1.559897e-01
4.500000e-01  1.553349e-01
4.530000e-01  1.546829e-01
4.560000e-01  1.540337e-01
4.590000e-01  1.533873e-01
4.620000e-01  1.527436e-01
4.650000e-01  1.521024e-01
4.680000e-01  1.514638e-01
4.710000e-01  1.508276e-01
4.740000e-01  1.501939e-01
4.770000e-01  1.495624e-01
4.800000e-01  1.489332e-01
4.830000e-01  1.483062e-01
4.860000e-01  1.476814e-01
4.890000e-01  1.470585e-01
4.920000e-01  1.464377e-01
4.950000e-01  1.458188e-01
4.980000e-01  1.452017e-01
5.010000e-01  1.445864e-01
5.040000e-01  1.439728e-01
5.070000e-01  1.433609e-01
5.100000e-01  1.427506e-01
5.130000e-01  1.421418e-01
5.160000e-01  1.415345e-01
5.190000e-01  1.409285e-01
5.220000e-01  1.403239e-01
5.250000e-01  1.397205e-01
5.280000e-01  1.391183e-01
5.310000e-01  1.385172e-01
5.340000e-01  1.379172e-01
5.370000e-01  1.373182e-01
5.400000e-01  1.367201e-01
5.430000e-01  1.361228e-01
5.460000e-01  1.355263e-01
5.490000e-01  1.349304e-01
5.520000e-01  1.343353e-01
5.550000e-01  1.337406e-01
5.580000e-01  1.331465e-01
5.610000e-01  1.325527e-01
5.640000e-01  1.319593e-01
5.670000e-01  1.313661e-01
5.700000e-01  1.307731e-01
5.730000e-01  000000
5.760000e-01  000000
5.790000e-01  000000
5.820000e-01  000000
5.850000e-01  000000
5.880000e-01  000000
5.910000e-01  000000
5.940000e-01  000000
5.970000e-01  000000
6.000000e-01  000000
6.030000e-01  000000
6.060000e-01  000000
6.090000e-01  000000
6.120000e-01  000000
6.150000e-01  000000
6.180000e-01  000000
6.210000e-01  000000
6.240000e-01  000000
6.270000e-01  000000
6.300000e-01  000000
6.330000e-01  000000
6.360000e-01  000000
6.390000e-01  000000
6.420000e-01  000000
6.450000e-01  000000
6.480000e-01  000000
6.510000e-01  000000
6.540000e-01  000000
6.570000e-01  000000
6.600000e-01  000000
6.630000e-01  000000
6.660000e-01  000000
6.690000e-01  000000
6.720000e-01  000000
6.750000e-01  000000
6.780000e-01  000000
6.810000e-01  000000
6.840000e-01  000000
6.870000e-01  000000
6.900000e-01  000000
6.930000e-01  000000
6.960000e-01  000000
6.990000e-01  000000
7.020000e-01  000000
7.050000e-01  000000
7.080000e-01  000000
7.110000e-01  000000
7.140000e-01  000000
7.170000e-01  000000
7.200000e-01  000000
7.230000e-01  000000
7.260000e-01  000000
7.290000e-01  000000
7.320000e-01  000000
7.350000e-01  000000
7.380000e-01  000000
7.410000e-01  000000
7.440000e-01  000000
7.470000e-01  000000
7.500000e-01  000000
7.530000e-01  000000
7.560000e-01  000000
7.590000e-01  000000
7.620000e-01  000000
7.650000e-01  000000
7.680000e-01  000000
7.710000e-01  000000
7.740000e-01  000000
7.770000e-01  000000
7.800000e-01  000000
7.830000e-01  000000
7.860000e-01  000000
7.890000e-01  000000
7.920000e-01  000000
7.950000e-01  000000
7.980000e-01  000000
8.010000e-01  000000
8.040000e-01  000000
8.070000e-01  000000
8.100000e-01  000000
8.130000e-01  000000
8.160000e-01  000000
8.190000e-01  000000
8.220000e-01  000000
8.250000e-01  000000
8.280000e-01  000000
8.310000e-01  000000
8.340000e-01  000000
8.370000e-01  000000
8.400000e-01  000000
8.430000e-01  000000
8.460000e-01  000000
8.490000e-01  000000
8.520000e-01  000000
8.550000e-01  000000
8.580000e-01  000000
8.610000e-01  000000
8.640000e-01  000000
8.670000e-01  000000
8.700000e-01  000000
8.730000e-01  000000
8.760000e-01  000000
8.790000e-01  000000
8.820000e-01  000000
8.850000e-01  000000
8.880000e-01  000000
8.910000e-01  000000
8.940000e-01  000000
8.970000e-01  000000
9.000000e-01  000000
9.030000e-01  000000
9.060000e-01  000000
9.090000e-01  000000
9.120000e-01  000000
9.150000e-01  000000
9.180000e-01  000000
9.210000e-01  000000
9.240000e-01  000000
9.270000e-01  000000
9.300000e-01  000000
9.330000e-01  000000
9.360000e-01  000000
9.390000e-01  000000
9.420000e-01  000000
9.450000e-01  000000
9.480000e-01  000000
9.510000e-01  000000
9.540000e-01  000000
9.570000e-01  000000
9.600000e-01  000000
9.630000e-01  000000
9.660000e-01  000000
9.690000e-01  000000
9.720000e-01  000000
9.750000e-01  000000
9.780000e-01  000000
9.810000e-01  000000
9.840000e-01  000000
9.870000e-01  000000
9.900000e-01  000000
9.930000e-01  000000
9.960000e-01  000000
9.990000e-01  000000
