000000  000001
3.000000e-03  7.300594e-01
6.000000e-03  6.377687e-01
9.000000e-03  5.827612e-01
1.200000e-02  5.441533e-01
1.500000e-02  5.147049e-01
1.800000e-02  4.910671e-01
2.100000e-02  4.714240e-01
2.400000e-02  4.546847e-01
2.700000e-02  4.401448e-01
3.000000e-02  4.273241e-01
3.300000e-02  4.158814e-01
3.600000e-02  4.055658e-01
3.900000e-02  3.961879e-01
4.200000e-02  3.876013e-01
4.500000e-02  3.796907e-01
4.800000e-02  3.723636e-01
5.100000e-02  3.655449e-01
5.400000e-02  3.591728e-01
5.700000e-02  3.531957e-01
6.000000e-02  3.475703e-01
6.300000e-02  3.422600e-01
6.600000e-02  3.372333e-01
6.900000e-02  3.324632e-01
7.200000e-02  3.279261e-01
7.500000e-02  3.236016e-01
7.800000e-02  3.194718e-01
8.100000e-02  3.155207e-01
8.400000e-02  3.117344e-01
8.700000e-02  3.081004e-01
9.000000e-02  3.046074e-01
9.300000e-02  3.012454e-01
9.600000e-02  2.980055e-01
9.900000e-02  2.948795e-01
1.020000e-01  2.918599e-01
1.050000e-01  2.889402e-01
1.080000e-01  2.861141e-01
1.110000e-01  2.833761e-01
1.140000e-01  2.807210e-01
1.170000e-01  2.781442e-01
1.200000e-01  2.756413e-01
1.230000e-01  2.732084e-01
1.260000e-01  2.708417e-01
1.290000e-01  2.685379e-01
1.320000e-01  2.662937e-01
1.350000e-01  2.641063e-01
1.380000e-01  2.619730e-01
1.410000e-01  2.598910e-01
1.440000e-01  2.578582e-01
1.470000e-01  2.558721e-01
1.500000e-01  2.539309e-01
1.530000e-01  2.520325e-01
1.560000e-01  2.501750e-01
1.590000e-01  2.483569e-01
1.620000e-01  2.465763e-01
1.650000e-01  2.448319e-01
1.680000e-01  2.431221e-01
1.710000e-01  2.414457e-01
1.740000e-01  2.398013e-01
1.770000e-01  2.381877e-01
1.800000e-01  2.366038e-01
1.830000e-01  2.350485e-01
1.860000e-01  2.335206e-01
1.890000e-01  2.320194e-01
1.920000e-01  2.305438e-01
1.950000e-01  2.290929e-01
1.980000e-01  2.276660e-01
2.010000e-01  2.262621e-01
2.040000e-01  2.248805e-01
2.070000e-01  2.235205e-01
2.100000e-01  2.221815e-01
2.130000e-01  2.208626e-01
2.160000e-01  2.195634e-01
2.190000e-01  2.182831e-01
2.220000e-01  2.170212e-01
2.250000e-01  2.157772e-01
2.280000e-01  2.145504e-01
2.310000e-01  2.133405e-01
2.340000e-01  2.121468e-01
2.370000e-01  2.109690e-01
2.400000e-01  2.098065e-01
2.430000e-01  2.086590e-01
2.460000e-01  2.075260e-01
2.490000e-01  2.064071e-01
2.520000e-01  2.053019e-01
2.550000e-01  2.042100e-01
2.580000e-01  2.031311e-01
2.610000e-01  2.020649e-01
2.640000e-01  2.010109e-01
2.670000e-01  1.999690e-01
2.700000e-01  1.989387e-01
2.730000e-01  1.979197e-01
2.760000e-01  1.969118e-01
2.790000e-01  1.959147e-01
2.820000e-01  1.949282e-01
2.850000e-01  1.939518e-01
2.880000e-01  1.929855e-01
2.910000e-01  1.920289e-01
2.940000e-01  1.910818e-01
2.970000e-01  1.901440e-01
3.000000e-01  1.892153e-01
3.030000e-01  1.882953e-01
3.060000e-01  1.873840e-01
3.090000e-01  1.864811e-01
3.120000e-01  1.855865e-01
3.150000e-01  1.846998e-01
3.180000e-01  1.838210e-01
3.210000e-01  1.829498e-01
3.240000e-01  1.820861e-01
3.270000e-01  1.812297e-01
3.300000e-01  1.803805e-01
3.330000e-01  1.795382e-01
3.360000e-01  1.787027e-01
3.390000e-01  1.778739e-01
3.420000e-01  1.770515e-01
3.450000e-01  1.762355e-01
3.480000e-01  1.754257e-01
3.510000e-01  1.746220e-01
3.540000e-01  1.738242e-01
3.570000e-01  1.730322e-01
3.600000e-01  1.722459e-01
3.630000e-01  1.714651e-01
3.660000e-01  1.706897e-01
3.690000e-01  1.699196e-01
3.720000e-01  1.691547e-01
3.750000e-01  1.683948e-01
3.780000e-01  1.676399e-01
3.810000e-01  1.668897e-01
3.840000e-01  1.661443e-01
3.870000e-01  1.654035e-01
3.900000e-01  1.646672e-01
3.930000e-01  1.639353e-01
3.960000e-01  1.632077e-01
3.990000e-01  1.624842e-01
4.020000e-01  1.617649e-01
4.050000e-01  1.610495e-01
4.080000e-01  1.603381e-01
4.110000e-01  1.596304e-01
4.140000e-01  1.589265e-01
4.170000e-01  1.582262e-01
4.200000e-01  1.575294e-01
4.230000e-01  1.568361e-01
4.260000e-01  1.561461e-01
4.290000e-01  1.554594e-01
4.320000e-01  1.547759e-01
4.350000e-01  1.540954e-01
4.380000e-01  1.534180e-01
4.410000e-01  1.527436e-01
4.440000e-01  1.520719e-01
4.470000e-01  1.514031e-01
4.500000e-01  1.507370e-01
4.530000e-01  1.500734e-01
4.560000e-01  1.494124e-01
4.590000e-01  1.487539e-01
4.620000e-01  1.480977e-01
4.650000e-01  1.474439e-01
4.680000e-01  1.467922e-01
4.710000e-01  1.461427e-01
4.740000e-01  1.454953e-01
4.770000e-01  1.448499e-01
4.800000e-01  1.442064e-01
4.830000e-01  1.435647e-01
4.860000e-01  1.429248e-01
4.890000e-01  1.422866e-01
4.920000e-01  1.416500e-01
4.950000e-01  1.410150e-01
4.980000e-01  1.403814e-01
5.010000e-01  1.397492e-01
5.040000e-01  1.391183e-01
5.070000e-01  1.384886e-01
5.100000e-01  1.378601e-01
5.130000e-01  1.372327e-01
5.160000e-01  1.366062e-01
5.190000e-01  1.359807e-01
5.220000e-01  1.353560e-01
5.250000e-01  1.347320e-01
5.280000e-01  1.341087e-01
5.310000e-01  1.334859e-01
5.340000e-01  1.328637e-01
5.370000e-01  1.322418e-01
5.400000e-01  1.316203e-01
5.430000e-01  1.309990e-01
5.460000e-01  1.303778e-01
5.490000e-01  000000
5.520000e-01  000000
5.550000e-01  000000
5.580000e-01  000000
5.610000e-01  000000
5.640000e-01  000000
5.670000e-01  000000
5.700000e-01  000000
5.730000e-01  000000
5.760000e-01  000000
5.790000e-01  000000
5.820000e-01  000000
5.850000e-01  000000
5.880000e-01  000000
5.910000e-01  000000
5.940000e-01  000000
5.970000e-01  000000
6.000000e-01  000000
6.030000e-01  000000
6.060000e-01  000000
6.090000e-01  000000
6.120000e-01  000000
6.150000e-01  000000
6.180000e-01  000000
6.210000e-01  000000
6.240000e-01  000000
6.270000e-01  000000
6.300000e-01  000000
6.330000e-01  000000
6.360000e-01  000000
6.390000e-01  000000
6.420000e-01  000000
6.450000e-01  000000
6.480000e-01  000000
6.510000e-01  000000
6.540000e-01  000000
6.570000e-01  000000
6.600000e-01  000000
6.630000e-01  000000
6.660000e-01  000000
6.690000e-01  000000
6.720000e-01  000000
6.750000e-01  000000
6.780000e-01  000000
6.810000e-01  000000
6.840000e-01  000000
6.870000e-01  000000
6.900000e-01  000000
6.930000e-01  000000
6.960000e-01  000000
6.990000e-01  000000
7.020000e-01  000000
7.050000e-01  000000
7.080000e-01  000000
7.110000e-01  000000
7.140000e-01  000000
7.170000e-01  000000
7.200000e-01  000000
7.230000e-01  000000
7.260000e-01  000000
7.290000e-01  000000
7.320000e-01  000000
7.350000e-01  000000
7.380000e-01  000000
7.410000e-01  000000
7.440000e-01  000000
7.470000e-01  000000
7.500000e-01  000000
7.530000e-01  000000
7.560000e-01  000000
7.590000e-01  000000
7.620000e-01  000000
7.650000e-01  000000
7.680000e-01  000000
7.710000e-01  000000
7.740000e-01  000000
7.770000e-01  000000
7.800000e-01  000000
7.830000e-01  000000
7.860000e-01  000000
7.890000e-01  000000
7.920000e-01  000000
7.950000e-01  000000
7.980000e-01  000000
8.010000e-01  000000
8.040000e-01  000000
8.070000e-01  000000
8.100000e-01  000000
8.130000e-01  000000
8.160000e-01  000000
8.190000e-01  000000
8.220000e-01  000000
8.250000e-01  000000
8.280000e-01  000000
8.310000e-01  000000
8.340000e-01  000000
8.370000e-01  000000
8.400000e-01  000000
8.430000e-01  000000
8.460000e-01  000000
8.490000e-01  000000
8.520000e-01  000000
8.550000e-01  000000
8.580000e-01  000000
8.610000e-01  000000
8.640000e-01  000000
8.670000e-01  000000
8.700000e-01  000000
8.730000e-01  000000
8.760000e-01  000000
8.790000e-01  000000
8.820000e-01  000000
8.850000e-01  000000
8.880000e-01  000000
8.910000e-01  000000
8.940000e-01  000000
8.970000e-01  000000
9.000000e-01  000000
9.030000e-01  000000
9.060000e-01  000000
9.090000e-01  000000
9.120000e-01  000000
9.150000e-01  000000
9.180000e-01  000000
9.210000e-01  000000
9.240000e-01  000000
9.270000e-01  000000
9.300000e-01  000000
9.330000e-01  000000
9.360000e-01  000000
9.390000e-01  000000
9.420000e-01  000000
9.450000e-01  000000
9.480000e-01  000000
9.510000e-01  000000
9.540000e-01  000000
9.570000e-01  000000
9.600000e-01  000000
9.630000e-01  000000
9.660000e-01  000000
9.690000e-01  000000
9.720000e-01  000000
9.750000e-01  000000
9.780000e-01  000000
9.810000e-01  000000
9.840000e-01  000000
9.870000e-01  000000
9.900000e-01  000000
9.930000e-01  000000
9.960000e-01  000000
9.990000e-01  000000
