000000  000001
3.000000e-03  7.269512e-01
6.000000e-03  6.344979e-01
9.000000e-03  5.795064e-01
1.200000e-02  5.409490e-01
1.500000e-02  5.115573e-01
1.800000e-02  4.879748e-01
2.100000e-02  4.683837e-01
2.400000e-02  4.516924e-01
2.700000e-02  4.371968e-01
3.000000e-02  4.244170e-01
3.300000e-02  4.130119e-01
3.600000e-02  4.027312e-01
3.900000e-02  3.933857e-01
4.200000e-02  3.848292e-01
4.500000e-02  3.769467e-01
4.800000e-02  3.696459e-01
5.100000e-02  3.628518e-01
5.400000e-02  3.565028e-01
5.700000e-02  3.505474e-01
6.000000e-02  3.449426e-01
6.300000e-02  3.396517e-01
6.600000e-02  3.346434e-01
6.900000e-02  3.298906e-01
7.200000e-02  3.253701e-01
7.500000e-02  3.210613e-01
7.800000e-02  3.169464e-01
8.100000e-02  3.130096e-01
8.400000e-02  3.092369e-01
8.700000e-02  3.056157e-01
9.000000e-02  3.021351e-01
9.300000e-02  2.987849e-01
9.600000e-02  2.955563e-01
9.900000e-02  2.924411e-01
1.020000e-01  2.894319e-01
1.050000e-01  2.865220e-01
1.080000e-01  2.837054e-01
1.110000e-01  2.809765e-01
1.140000e-01  2.783302e-01
1.170000e-01  2.757618e-01
1.200000e-01  2.732669e-01
1.230000e-01  2.708417e-01
1.260000e-01  2.684825e-01
1.290000e-01  2.661858e-01
1.320000e-01  2.639485e-01
1.350000e-01  2.617676e-01
1.380000e-01  2.596405e-01
1.410000e-01  2.575646e-01
1.440000e-01  2.555376e-01
1.470000e-01  2.535572e-01
1.500000e-01  2.516213e-01
1.530000e-01  2.497280e-01
1.560000e-01  2.478755e-01
1.590000e-01  2.460621e-01
1.620000e-01  2.442861e-01
1.650000e-01  2.425460e-01
1.680000e-01  2.408404e-01
1.710000e-01  2.391680e-01
1.740000e-01  2.375274e-01
1.770000e-01  2.359175e-01
1.800000e-01  2.343371e-01
1.830000e-01  2.327851e-01
1.860000e-01  2.312605e-01
1.890000e-01  2.297623e-01
1.920000e-01  2.282895e-01
1.950000e-01  2.268414e-01
1.980000e-01  2.254170e-01
2.010000e-01  2.240156e-01
2.040000e-01  2.226364e-01
2.070000e-01  2.212786e-01
2.100000e-01  2.199416e-01
2.130000e-01  2.186247e-01
2.160000e-01  2.173273e-01
2.190000e-01  2.160488e-01
2.220000e-01  2.147885e-01
2.250000e-01  2.135459e-01
2.280000e-01  2.123205e-01
2.310000e-01  2.111118e-01
2.340000e-01  2.099193e-01
2.370000e-01  2.087425e-01
2.400000e-01  2.075809e-01
2.430000e-01  2.064342e-01
2.460000e-01  2.053019e-01
2.490000e-01  2.041835e-01
2.520000e-01  2.030788e-01
2.550000e-01  2.019874e-01
2.580000e-01  2.009088e-01
2.610000e-01  1.998427e-01
2.640000e-01  1.987888e-01
2.670000e-01  1.977469e-01
2.700000e-01  1.967164e-01
2.730000e-01  1.956973e-01
2.760000e-01  1.946891e-01
2.790000e-01  1.936916e-01
2.820000e-01  1.927045e-01
2.850000e-01  1.917276e-01
2.880000e-01  1.907606e-01
2.910000e-01  1.898032e-01
2.940000e-01  1.888552e-01
2.970000e-01  1.879164e-01
3.000000e-01  1.869866e-01
3.030000e-01  1.860655e-01
3.060000e-01  1.851530e-01
3.090000e-01  1.842487e-01
3.120000e-01  1.833526e-01
3.150000e-01  1.824644e-01
3.180000e-01  1.815840e-01
3.210000e-01  1.807111e-01
3.240000e-01  1.798455e-01
3.270000e-01  1.789872e-01
3.300000e-01  1.781359e-01
3.330000e-01  1.772915e-01
3.360000e-01  1.764538e-01
3.390000e-01  1.756227e-01
3.420000e-01  1.747979e-01
3.450000e-01  1.739794e-01
3.480000e-01  1.731671e-01
3.510000e-01  1.723606e-01
3.540000e-01  1.715600e-01
3.570000e-01  1.707651e-01
3.600000e-01  1.699758e-01
3.630000e-01  1.691919e-01
3.660000e-01  1.684133e-01
3.690000e-01  1.676399e-01
3.720000e-01  1.668715e-01
3.750000e-01  1.661081e-01
3.780000e-01  1.653495e-01
3.810000e-01  1.645956e-01
3.840000e-01  1.638463e-01
3.870000e-01  1.631015e-01
3.900000e-01  1.623611e-01
3.930000e-01  1.616250e-01
3.960000e-01  1.608930e-01
3.990000e-01  1.601651e-01
4.020000e-01  1.594412e-01
4.050000e-01  1.587212e-01
4.080000e-01  1.580049e-01
4.110000e-01  1.572923e-01
4.140000e-01  1.565833e-01
4.170000e-01  1.558777e-01
4.200000e-01  1.551756e-01
4.230000e-01  1.544768e-01
4.260000e-01  1.537811e-01
4.290000e-01  1.530887e-01
4.320000e-01  1.523992e-01
4.350000e-01  1.517127e-01
4.380000e-01  1.510291e-01
4.410000e-01  1.503482e-01
4.440000e-01  1.496701e-01
4.470000e-01  1.489945e-01
4.500000e-01  1.483215e-01
4.530000e-01  1.476509e-01
4.560000e-01  1.469827e-01
4.590000e-01  1.463168e-01
4.620000e-01  1.456530e-01
4.650000e-01  1.449914e-01
4.680000e-01  1.443318e-01
4.710000e-01  1.436741e-01
4.740000e-01  1.430184e-01
4.770000e-01  1.423644e-01
4.800000e-01  1.417121e-01
4.830000e-01  1.410614e-01
4.860000e-01  1.404123e-01
4.890000e-01  1.397646e-01
4.920000e-01  1.391183e-01
4.950000e-01  1.384733e-01
4.980000e-01  1.378295e-01
5.010000e-01  1.371868e-01
5.040000e-01  1.365452e-01
5.070000e-01  1.359044e-01
5.100000e-01  1.352646e-01
5.130000e-01  1.346255e-01
5.160000e-01  1.339871e-01
5.190000e-01  1.333493e-01
5.220000e-01  1.327120e-01
5.250000e-01  1.320751e-01
5.280000e-01  1.314384e-01
5.310000e-01  1.308020e-01
5.340000e-01  000000
5.370000e-01  000000
5.400000e-01  000000
5.430000e-01  000000
5.460000e-01  000000
5.490000e-01  000000
5.520000e-01  000000
5.550000e-01  000000
5.580000e-01  000000
5.610000e-01  000000
5.640000e-01  000000
5.670000e-01  000000
5.700000e-01  000000
5.730000e-01  000000
5.760000e-01  000000
5.790000e-01  000000
5.820000e-01  000000
5.850000e-01  000000
5.880000e-01  000000
5.910000e-01  000000
5.940000e-01  000000
5.970000e-01  000000
6.000000e-01  000000
6.030000e-01  000000
6.060000e-01  000000
6.090000e-01  000000
6.120000e-01  000000
6.150000e-01  000000
6.180000e-01  000000
6.210000e-01  000000
6.240000e-01  000000
6.270000e-01  000000
6.300000e-01  000000
6.330000e-01  000000
6.360000e-01  000000
6.390000e-01  000000
6.420000e-01  000000
6.450000e-01  000000
6.480000e-01  000000
6.510000e-01  000000
6.540000e-01  000000
6.570000e-01  000000
6.600000e-01  000000
6.630000e-01  000000
6.660000e-01  000000
6.690000e-01  000000
6.720000e-01  000000
6.750000e-01  000000
6.780000e-01  000000
6.810000e-01  000000
6.840000e-01  000000
6.870000e-01  000000
6.900000e-01  000000
6.930000e-01  000000
6.960000e-01  000000
6.990000e-01  000000
7.020000e-01  000000
7.050000e-01  000000
7.080000e-01  000000
7.110000e-01  000000
7.140000e-01  000000
7.170000e-01  000000
7.200000e-01  000000
7.230000e-01  000000
7.260000e-01  000000
7.290000e-01  000000
7.320000e-01  000000
7.350000e-01  000000
7.380000e-01  000000
7.410000e-01  000000
7.440000e-01  000000
7.470000e-01  000000
7.500000e-01  000000
7.530000e-01  000000
7.560000e-01  000000
7.590000e-01  000000
7.620000e-01  000000
7.650000e-01  000000
7.680000e-01  000000
7.710000e-01  000000
7.740000e-01  000000
7.770000e-01  000000
7.800000e-01  000000
7.830000e-01  000000
7.860000e-01  000000
7.890000e-01  000000
7.920000e-01  000000
7.950000e-01  000000
7.980000e-01  000000
8.010000e-01  000000
8.040000e-01  000000
8.070000e-01  000000
8.100000e-01  000000
8.130000e-01  000000
8.160000e-01  000000
8.190000e-01  000000
8.220000e-01  000000
8.250000e-01  000000
8.280000e-01  000000
8.310000e-01  000000
8.340000e-01  000000
8.370000e-01  000000
8.400000e-01  000000
8.430000e-01  000000
8.460000e-01  000000
8.490000e-01  000000
8.520000e-01  000000
8.550000e-01  000000
8.580000e-01  000000
8.610000e-01  000000
8.640000e-01  000000
8.670000e-01  000000
8.700000e-01  000000
8.730000e-01  000000
8.760000e-01  000000
8.790000e-01  000000
8.820000e-01  000000
8.850000e-01  000000
8.880000e-01  000000
8.910000e-01  000000
8.940000e-01  000000
8.970000e-01  000000
9.000000e-01  000000
9.030000e-01  000000
9.060000e-01  000000
9.090000e-01  000000
9.120000e-01  000000
9.150000e-01  000000
9.180000e-01  000000
9.210000e-01  000000
9.240000e-01  000000
9.270000e-01  000000
9.300000e-01  000000
9.330000e-01  000000
9.360000e-01  000000
9.390000e-01  000000
9.420000e-01  000000
9.450000e-01  000000
9.480000e-01  000000
9.510000e-01  000000
9.540000e-01  000000
9.570000e-01  000000
9.600000e-01  000000
9.630000e-01  000000
9.660000e-01  000000
9.690000e-01  000000
9.720000e-01  000000
9.750000e-01  000000
9.780000e-01  000000
9.810000e-01  000000
9.840000e-01  000000
9.870000e-01  000000
9.900000e-01  000000
9.930000e-01  000000
9.960000e-01  000000
9.990000e-01  000000
