000000  000001
3.000000e-03  7.723741e-01
6.000000e-03  6.834274e-01
9.000000e-03  6.287623e-01
1.200000e-02  5.898108e-01
1.500000e-02  5.598273e-01
1.800000e-02  5.356119e-01
2.100000e-02  5.154008e-01
2.400000e-02  4.981221e-01
2.700000e-02  4.830771e-01
3.000000e-02  4.697863e-01
3.300000e-02  4.579069e-01
3.600000e-02  4.471858e-01
3.900000e-02  4.374310e-01
4.200000e-02  4.284935e-01
4.500000e-02  4.202558e-01
4.800000e-02  4.126233e-01
5.100000e-02  4.055189e-01
5.400000e-02  3.988790e-01
5.700000e-02  3.926508e-01
6.000000e-02  3.867894e-01
6.300000e-02  3.812571e-01
6.600000e-02  3.760212e-01
6.900000e-02  3.710538e-01
7.200000e-02  3.663305e-01
7.500000e-02  3.618301e-01
7.800000e-02  3.575338e-01
8.100000e-02  3.534253e-01
8.400000e-02  3.494898e-01
8.700000e-02  3.457144e-01
9.000000e-02  3.420874e-01
9.300000e-02  3.385983e-01
9.600000e-02  3.352377e-01
9.900000e-02  3.319972e-01
1.020000e-01  3.288689e-01
1.050000e-01  3.258459e-01
1.080000e-01  3.229218e-01
1.110000e-01  3.200907e-01
1.140000e-01  3.173472e-01
1.170000e-01  3.146865e-01
1.200000e-01  3.121039e-01
1.230000e-01  3.095954e-01
1.260000e-01  3.071570e-01
1.290000e-01  3.047851e-01
1.320000e-01  3.024765e-01
1.350000e-01  3.002281e-01
1.380000e-01  2.980369e-01
1.410000e-01  2.959003e-01
1.440000e-01  2.938158e-01
1.470000e-01  2.917811e-01
1.500000e-01  2.897939e-01
1.530000e-01  2.878523e-01
1.560000e-01  2.859542e-01
1.590000e-01  2.840979e-01
1.620000e-01  2.822818e-01
1.650000e-01  2.805040e-01
1.680000e-01  2.787633e-01
1.710000e-01  2.770580e-01
1.740000e-01  2.753870e-01
1.770000e-01  2.737488e-01
1.800000e-01  2.721423e-01
1.830000e-01  2.705664e-01
1.860000e-01  2.690199e-01
1.890000e-01  2.675018e-01
1.920000e-01  2.660112e-01
1.950000e-01  2.645471e-01
1.980000e-01  2.631086e-01
2.010000e-01  2.616949e-01
2.040000e-01  2.603052e-01
2.070000e-01  2.589386e-01
2.100000e-01  2.575946e-01
2.130000e-01  2.562723e-01
2.160000e-01  2.549710e-01
2.190000e-01  2.536903e-01
2.220000e-01  2.524294e-01
2.250000e-01  2.511877e-01
2.280000e-01  2.499648e-01
2.310000e-01  2.487600e-01
2.340000e-01  2.475728e-01
2.370000e-01  2.464028e-01
2.400000e-01  2.452495e-01
2.430000e-01  2.441124e-01
2.460000e-01  2.429910e-01
2.490000e-01  2.418850e-01
2.520000e-01  2.407940e-01
2.550000e-01  2.397175e-01
2.580000e-01  2.386552e-01
2.610000e-01  2.376067e-01
2.640000e-01  2.365717e-01
2.670000e-01  2.355498e-01
2.700000e-01  2.345407e-01
2.730000e-01  2.335441e-01
2.760000e-01  2.325596e-01
2.790000e-01  2.315871e-01
2.820000e-01  2.306262e-01
2.850000e-01  2.296766e-01
2.880000e-01  2.287381e-01
2.910000e-01  2.278104e-01
2.940000e-01  2.268933e-01
2.970000e-01  2.259866e-01
3.000000e-01  2.250899e-01
3.030000e-01  2.242031e-01
3.060000e-01  2.233260e-01
3.090000e-01  2.224584e-01
3.120000e-01  2.215999e-01
3.150000e-01  2.207506e-01
3.180000e-01  2.199101e-01
3.210000e-01  2.190782e-01
3.240000e-01  2.182549e-01
3.270000e-01  2.174399e-01
3.300000e-01  2.166330e-01
3.330000e-01  2.158341e-01
3.360000e-01  2.150431e-01
3.390000e-01  2.142597e-01
3.420000e-01  2.134838e-01
3.450000e-01  2.127153e-01
3.480000e-01  2.119540e-01
3.510000e-01  2.111998e-01
3.540000e-01  2.104526e-01
3.570000e-01  2.097121e-01
3.600000e-01  2.089784e-01
3.630000e-01  2.082512e-01
3.660000e-01  2.075305e-01
3.690000e-01  2.068160e-01
3.720000e-01  2.061078e-01
3.750000e-01  2.054057e-01
3.780000e-01  2.047096e-01
3.810000e-01  2.040193e-01
3.840000e-01  2.033349e-01
3.870000e-01  2.026560e-01
3.900000e-01  2.019828e-01
3.930000e-01  2.013150e-01
3.960000e-01  2.006527e-01
3.990000e-01  1.999956e-01
4.020000e-01  1.993437e-01
4.050000e-01  1.986969e-01
4.080000e-01  1.980551e-01
4.110000e-01  1.974183e-01
4.140000e-01  1.967863e-01
4.170000e-01  1.961591e-01
4.200000e-01  1.955366e-01
4.230000e-01  1.949187e-01
4.260000e-01  1.943054e-01
4.290000e-01  1.936965e-01
4.320000e-01  1.930920e-01
4.350000e-01  1.924919e-01
4.380000e-01  1.918960e-01
4.410000e-01  1.913043e-01
4.440000e-01  1.907168e-01
4.470000e-01  1.901333e-01
4.500000e-01  1.895538e-01
4.530000e-01  1.889783e-01
4.560000e-01  1.884066e-01
4.590000e-01  1.878388e-01
4.620000e-01  1.872747e-01
4.650000e-01  1.867143e-01
4.680000e-01  1.861576e-01
4.710000e-01  1.856044e-01
4.740000e-01  1.850548e-01
4.770000e-01  1.845087e-01
4.800000e-01  1.839660e-01
4.830000e-01  1.834267e-01
4.860000e-01  1.828908e-01
4.890000e-01  1.823581e-01
4.920000e-01  1.818287e-01
4.950000e-01  1.813024e-01
4.980000e-01  1.807794e-01
5.010000e-01  1.802594e-01
5.040000e-01  1.797424e-01
5.070000e-01  1.792285e-01
5.100000e-01  1.787176e-01
5.130000e-01  1.782096e-01
5.160000e-01  1.777044e-01
5.190000e-01  1.772022e-01
5.220000e-01  1.767027e-01
5.250000e-01  1.762060e-01
5.280000e-01  1.757121e-01
5.310000e-01  1.752208e-01
5.340000e-01  1.747322e-01
5.370000e-01  1.742462e-01
5.400000e-01  1.737628e-01
5.430000e-01  1.732819e-01
5.460000e-01  1.728036e-01
5.490000e-01  1.723277e-01
5.520000e-01  1.718543e-01
5.550000e-01  1.713833e-01
5.580000e-01  1.709147e-01
5.610000e-01  1.704485e-01
5.640000e-01  1.699845e-01
5.670000e-01  1.695228e-01
5.700000e-01  1.690635e-01
5.730000e-01  1.686063e-01
5.760000e-01  1.681513e-01
5.790000e-01  1.676985e-01
5.820000e-01  1.672478e-01
5.850000e-01  1.667993e-01
5.880000e-01  1.663528e-01
5.910000e-01  1.659084e-01
5.940000e-01  1.654661e-01
5.970000e-01  1.650257e-01
6.000000e-01  1.645873e-01
6.030000e-01  1.641509e-01
6.060000e-01  1.637163e-01
6.090000e-01  1.632837e-01
6.120000e-01  1.628530e-01
6.150000e-01  1.624241e-01
6.180000e-01  1.619971e-01
6.210000e-01  1.615718e-01
6.240000e-01  1.611484e-01
6.270000e-01  1.607267e-01
6.300000e-01  1.603067e-01
6.330000e-01  1.598885e-01
6.360000e-01  1.594719e-01
6.390000e-01  1.590570e-01
6.420000e-01  1.586438e-01
6.450000e-01  1.582322e-01
6.480000e-01  1.578221e-01
6.510000e-01  1.574137e-01
6.540000e-01  1.570068e-01
6.570000e-01  1.566015e-01
6.600000e-01  1.561977e-01
6.630000e-01  1.557955e-01
6.660000e-01  1.553947e-01
6.690000e-01  1.549953e-01
6.720000e-01  1.545974e-01
6.750000e-01  1.542010e-01
6.780000e-01  1.538059e-01
6.810000e-01  1.534122e-01
6.840000e-01  1.530199e-01
6.870000e-01  1.526290e-01
6.900000e-01  1.522394e-01
6.930000e-01  1.518511e-01
6.960000e-01  1.514641e-01
6.990000e-01  1.510784e-01
7.020000e-01  1.506940e-01
7.050000e-01  1.503108e-01
7.080000e-01  1.499288e-01
7.110000e-01  1.495481e-01
7.140000e-01  1.491686e-01
7.170000e-01  1.487902e-01
7.200000e-01  1.484130e-01
7.230000e-01  1.480370e-01
7.260000e-01  1.476621e-01
7.290000e-01  1.472883e-01
7.320000e-01  1.469156e-01
7.350000e-01  1.465440e-01
7.380000e-01  1.461734e-01
7.410000e-01  1.458040e-01
7.440000e-01  1.454355e-01
7.470000e-01  1.450681e-01
7.500000e-01  1.447017e-01
7.530000e-01  1.443363e-01
7.560000e-01  1.439719e-01
7.590000e-01  1.436084e-01
7.620000e-01  1.432460e-01
7.650000e-01  1.428844e-01
7.680000e-01  1.425237e-01
7.710000e-01  1.421640e-01
7.740000e-01  1.418052e-01
7.770000e-01  1.414472e-01
7.800000e-01  1.410901e-01
7.830000e-01  1.407339e-01
7.860000e-01  1.403785e-01
7.890000e-01  1.400239e-01
7.920000e-01  1.396702e-01
7.950000e-01  1.393172e-01
7.980000e-01  1.389650e-01
8.010000e-01  1.386136e-01
8.040000e-01  1.382630e-01
8.070000e-01  1.379131e-01
8.100000e-01  1.375639e-01
8.130000e-01  1.372154e-01
8.160000e-01  1.368677e-01
8.190000e-01  1.365206e-01
8.220000e-01  1.361742e-01
8.250000e-01  1.358285e-01
8.280000e-01  1.354834e-01
8.310000e-01  1.351390e-01
8.340000e-01  1.347952e-01
8.370000e-01  1.344520e-01
8.400000e-01  1.341093e-01
8.430000e-01  1.337673e-01
8.460000e-01  1.334259e-01
8.490000e-01  1.330850e-01
8.520000e-01  1.327446e-01
8.550000e-01  1.324048e-01
8.580000e-01  1.320655e-01
8.610000e-01  1.317267e-01
8.640000e-01  1.313884e-01
8.670000e-01  1.310506e-01
8.700000e-01  1.307132e-01
8.730000e-01  1.303763e-01
8.760000e-01  1.300399e-01
8.790000e-01  1.297038e-01
8.820000e-01  1.293682e-01
8.850000e-01  1.290330e-01
8.880000e-01  1.286982e-01
8.910000e-01  1.283637e-01
8.940000e-01  1.280296e-01
8.970000e-01  1.276958e-01
9.000000e-01  1.273624e-01
9.030000e-01  1.270293e-01
9.060000e-01  1.266965e-01
9.090000e-01  1.263640e-01
9.120000e-01  1.260317e-01
9.150000e-01  1.256998e-01
9.180000e-01  1.253680e-01
9.210000e-01  1.250365e-01
9.240000e-01  1.247053e-01
9.270000e-01  1.243742e-01
9.300000e-01  1.240433e-01
9.330000e-01  1.237126e-01
9.360000e-01  1.233820e-01
9.390000e-01  1.230516e-01
9.420000e-01  1.227214e-01
9.450000e-01  1.223912e-01
9.480000e-01  1.220611e-01
9.510000e-01  1.217312e-01
9.540000e-01  1.214012e-01
9.570000e-01  1.210714e-01
9.600000e-01  1.207416e-01
9.630000e-01  1.204118e-01
9.660000e-01  000000
9.690000e-01  000000
9.720000e-01  000000
9.750000e-01  000000
9.780000e-01  000000
9.810000e-01  000000
9.840000e-01  000000
9.870000e-01  000000
9.900000e-01  000000
9.930000e-01  000000
9.960000e-01  000000
9.990000e-01  000000
