000000  000001
3.000000e-03  8.322715e-01
6.000000e-03  7.520251e-01
9.000000e-03  6.997170e-01
1.200000e-02  6.612759e-01
1.500000e-02  6.310992e-01
1.800000e-02  6.063901e-01
2.100000e-02  5.855542e-01
2.400000e-02  5.675981e-01
2.700000e-02  5.518627e-01
3.000000e-02  5.378885e-01
3.300000e-02  5.253430e-01
3.600000e-02  5.139783e-01
3.900000e-02  5.036045e-01
4.200000e-02  4.940736e-01
4.500000e-02  4.852674e-01
4.800000e-02  4.770907e-01
5.100000e-02  4.694653e-01
5.400000e-02  4.623266e-01
5.700000e-02  4.556203e-01
6.000000e-02  4.493006e-01
6.300000e-02  4.433285e-01
6.600000e-02  4.376703e-01
6.900000e-02  4.322970e-01
7.200000e-02  4.271832e-01
7.500000e-02  4.223069e-01
7.800000e-02  4.176485e-01
8.100000e-02  4.131907e-01
8.400000e-02  4.089183e-01
8.700000e-02  4.048174e-01
9.000000e-02  4.008759e-01
9.300000e-02  3.970827e-01
9.600000e-02  3.934279e-01
9.900000e-02  3.899024e-01
1.020000e-01  3.864980e-01
1.050000e-01  3.832073e-01
1.080000e-01  3.800236e-01
1.110000e-01  3.769404e-01
1.140000e-01  3.739523e-01
1.170000e-01  3.710538e-01
1.200000e-01  3.682402e-01
1.230000e-01  3.655069e-01
1.260000e-01  3.628499e-01
1.290000e-01  3.602652e-01
1.320000e-01  3.577495e-01
1.350000e-01  3.552992e-01
1.380000e-01  3.529113e-01
1.410000e-01  3.505831e-01
1.440000e-01  3.483116e-01
1.470000e-01  3.460946e-01
1.500000e-01  3.439295e-01
1.530000e-01  3.418142e-01
1.560000e-01  3.397466e-01
1.590000e-01  3.377247e-01
1.620000e-01  3.357467e-01
1.650000e-01  3.338109e-01
1.680000e-01  3.319156e-01
1.710000e-01  3.300593e-01
1.740000e-01  3.282405e-01
1.770000e-01  3.264578e-01
1.800000e-01  3.247099e-01
1.830000e-01  3.229956e-01
1.860000e-01  3.213137e-01
1.890000e-01  3.196631e-01
1.920000e-01  3.180426e-01
1.950000e-01  3.164514e-01
1.980000e-01  3.148883e-01
2.010000e-01  3.133526e-01
2.040000e-01  3.118433e-01
2.070000e-01  3.103596e-01
2.100000e-01  3.089007e-01
2.130000e-01  3.074658e-01
2.160000e-01  3.060542e-01
2.190000e-01  3.046652e-01
2.220000e-01  3.032982e-01
2.250000e-01  3.019524e-01
2.280000e-01  3.006273e-01
2.310000e-01  2.993223e-01
2.340000e-01  2.980369e-01
2.370000e-01  2.967704e-01
2.400000e-01  2.955224e-01
2.430000e-01  2.942923e-01
2.460000e-01  2.930798e-01
2.490000e-01  2.918842e-01
2.520000e-01  2.907053e-01
2.550000e-01  2.895425e-01
2.580000e-01  2.883954e-01
2.610000e-01  2.872637e-01
2.640000e-01  2.861469e-01
2.670000e-01  2.850448e-01
2.700000e-01  2.839568e-01
2.730000e-01  2.828828e-01
2.760000e-01  2.818223e-01
2.790000e-01  2.807751e-01
2.820000e-01  2.797408e-01
2.850000e-01  2.787191e-01
2.880000e-01  2.777098e-01
2.910000e-01  2.767125e-01
2.940000e-01  2.757270e-01
2.970000e-01  2.747531e-01
3.000000e-01  2.737904e-01
3.030000e-01  2.728388e-01
3.060000e-01  2.718979e-01
3.090000e-01  2.709676e-01
3.120000e-01  2.700477e-01
3.150000e-01  2.691378e-01
3.180000e-01  2.682379e-01
3.210000e-01  2.673477e-01
3.240000e-01  2.664670e-01
3.270000e-01  2.655956e-01
3.300000e-01  2.647334e-01
3.330000e-01  2.638801e-01
3.360000e-01  2.630355e-01
3.390000e-01  2.621996e-01
3.420000e-01  2.613721e-01
3.450000e-01  2.605529e-01
3.480000e-01  2.597418e-01
3.510000e-01  2.589386e-01
3.540000e-01  2.581433e-01
3.570000e-01  2.573556e-01
3.600000e-01  2.565755e-01
3.630000e-01  2.558028e-01
3.660000e-01  2.550373e-01
3.690000e-01  2.542789e-01
3.720000e-01  2.535275e-01
3.750000e-01  2.527831e-01
3.780000e-01  2.520453e-01
3.810000e-01  2.513142e-01
3.840000e-01  2.505896e-01
3.870000e-01  2.498715e-01
3.900000e-01  2.491596e-01
3.930000e-01  2.484539e-01
3.960000e-01  2.477544e-01
3.990000e-01  2.470608e-01
4.020000e-01  2.463731e-01
4.050000e-01  2.456912e-01
4.080000e-01  2.450149e-01
4.110000e-01  2.443443e-01
4.140000e-01  2.436793e-01
4.170000e-01  2.430196e-01
4.200000e-01  2.423653e-01
4.230000e-01  2.417162e-01
4.260000e-01  2.410724e-01
4.290000e-01  2.404336e-01
4.320000e-01  2.397998e-01
4.350000e-01  2.391710e-01
4.380000e-01  2.385470e-01
4.410000e-01  2.379279e-01
4.440000e-01  2.373134e-01
4.470000e-01  2.367036e-01
4.500000e-01  2.360984e-01
4.530000e-01  2.354977e-01
4.560000e-01  2.349014e-01
4.590000e-01  2.343096e-01
4.620000e-01  2.337220e-01
4.650000e-01  2.331387e-01
4.680000e-01  2.325596e-01
4.710000e-01  2.319847e-01
4.740000e-01  2.314138e-01
4.770000e-01  2.308469e-01
4.800000e-01  2.302840e-01
4.830000e-01  2.297250e-01
4.860000e-01  2.291699e-01
4.890000e-01  2.286186e-01
4.920000e-01  2.280710e-01
4.950000e-01  2.275271e-01
4.980000e-01  2.269869e-01
5.010000e-01  2.264503e-01
5.040000e-01  2.259172e-01
5.070000e-01  2.253877e-01
5.100000e-01  2.248616e-01
5.130000e-01  2.243389e-01
5.160000e-01  2.238196e-01
5.190000e-01  2.233036e-01
5.220000e-01  2.227910e-01
5.250000e-01  2.222815e-01
5.280000e-01  2.217753e-01
5.310000e-01  2.212722e-01
5.340000e-01  2.207722e-01
5.370000e-01  2.202754e-01
5.400000e-01  2.197815e-01
5.430000e-01  2.192907e-01
5.460000e-01  2.188028e-01
5.490000e-01  2.183179e-01
5.520000e-01  2.178359e-01
5.550000e-01  2.173568e-01
5.580000e-01  2.168804e-01
5.610000e-01  2.164069e-01
5.640000e-01  2.159361e-01
5.670000e-01  2.154681e-01
5.700000e-01  2.150027e-01
5.730000e-01  2.145400e-01
5.760000e-01  2.140800e-01
5.790000e-01  2.136225e-01
5.820000e-01  2.131676e-01
5.850000e-01  2.127153e-01
5.880000e-01  2.122655e-01
5.910000e-01  2.118181e-01
5.940000e-01  2.113732e-01
5.970000e-01  2.109308e-01
6.000000e-01  2.104907e-01
6.030000e-01  2.100530e-01
6.060000e-01  2.096177e-01
6.090000e-01  2.091847e-01
6.120000e-01  2.087539e-01
6.150000e-01  2.083255e-01
6.180000e-01  2.078993e-01
6.210000e-01  2.074753e-01
6.240000e-01  2.070535e-01
6.270000e-01  2.066339e-01
6.300000e-01  2.062164e-01
6.330000e-01  2.058010e-01
6.360000e-01  2.053878e-01
6.390000e-01  2.049766e-01
6.420000e-01  2.045675e-01
6.450000e-01  2.041605e-01
6.480000e-01  2.037554e-01
6.510000e-01  2.033523e-01
6.540000e-01  2.029512e-01
6.570000e-01  2.025521e-01
6.600000e-01  2.021549e-01
6.630000e-01  2.017596e-01
6.660000e-01  2.013662e-01
6.690000e-01  2.009747e-01
6.720000e-01  2.005850e-01
6.750000e-01  2.001972e-01
6.780000e-01  1.998112e-01
6.810000e-01  1.994269e-01
6.840000e-01  1.990445e-01
6.870000e-01  1.986638e-01
6.900000e-01  1.982849e-01
6.930000e-01  1.979077e-01
6.960000e-01  1.975322e-01
6.990000e-01  1.971584e-01
7.020000e-01  1.967863e-01
7.050000e-01  1.964158e-01
7.080000e-01  1.960470e-01
7.110000e-01  1.956798e-01
7.140000e-01  1.953143e-01
7.170000e-01  1.949503e-01
7.200000e-01  1.945879e-01
7.230000e-01  1.942271e-01
7.260000e-01  1.938678e-01
7.290000e-01  1.935100e-01
7.320000e-01  1.931538e-01
7.350000e-01  1.927991e-01
7.380000e-01  1.924459e-01
7.410000e-01  1.920942e-01
7.440000e-01  1.917439e-01
7.470000e-01  1.913951e-01
7.500000e-01  1.910477e-01
7.530000e-01  1.907018e-01
7.560000e-01  1.903573e-01
7.590000e-01  1.900141e-01
7.620000e-01  1.896724e-01
7.650000e-01  1.893320e-01
7.680000e-01  1.889930e-01
7.710000e-01  1.886553e-01
7.740000e-01  1.883190e-01
7.770000e-01  1.879840e-01
7.800000e-01  1.876503e-01
7.830000e-01  1.873179e-01
7.860000e-01  1.869868e-01
7.890000e-01  1.866570e-01
7.920000e-01  1.863285e-01
7.950000e-01  1.860012e-01
7.980000e-01  1.856751e-01
8.010000e-01  1.853503e-01
8.040000e-01  1.850267e-01
8.070000e-01  1.847043e-01
8.100000e-01  1.843832e-01
8.130000e-01  1.840632e-01
8.160000e-01  1.837444e-01
8.190000e-01  1.834267e-01
8.220000e-01  1.831102e-01
8.250000e-01  1.827949e-01
8.280000e-01  1.824807e-01
8.310000e-01  1.821677e-01
8.340000e-01  1.818558e-01
8.370000e-01  1.815449e-01
8.400000e-01  1.812352e-01
8.430000e-01  1.809266e-01
8.460000e-01  1.806190e-01
8.490000e-01  1.803126e-01
8.520000e-01  1.800071e-01
8.550000e-01  1.797028e-01
8.580000e-01  1.793995e-01
8.610000e-01  1.790972e-01
8.640000e-01  1.787960e-01
8.670000e-01  1.784958e-01
8.700000e-01  1.781966e-01
8.730000e-01  1.778984e-01
8.760000e-01  1.776012e-01
8.790000e-01  1.773050e-01
8.820000e-01  1.770097e-01
8.850000e-01  1.767155e-01
8.880000e-01  1.764222e-01
8.910000e-01  1.761299e-01
8.940000e-01  1.758385e-01
8.970000e-01  1.755480e-01
9.000000e-01  1.752585e-01
9.030000e-01  1.749699e-01
9.060000e-01  1.746822e-01
9.090000e-01  1.743954e-01
9.120000e-01  1.741096e-01
9.150000e-01  1.738246e-01
9.180000e-01  1.735405e-01
9.210000e-01  1.732573e-01
9.240000e-01  1.729750e-01
9.270000e-01  1.726936e-01
9.300000e-01  1.724130e-01
9.330000e-01  1.721332e-01
9.360000e-01  1.718543e-01
9.390000e-01  1.715763e-01
9.420000e-01  1.712990e-01
9.450000e-01  1.710226e-01
9.480000e-01  1.707471e-01
9.510000e-01  1.704723e-01
9.540000e-01  1.701983e-01
9.570000e-01  1.699252e-01
9.600000e-01  1.696528e-01
9.630000e-01  1.693813e-01
9.660000e-01  1.691105e-01
9.690000e-01  1.688405e-01
9.720000e-01  1.685712e-01
9.750000e-01  1.683027e-01
9.780000e-01  1.680350e-01
9.810000e-01  1.677680e-01
9.840000e-01  1.675018e-01
9.870000e-01  1.672363e-01
9.900000e-01  1.669716e-01
9.930000e-01  1.667075e-01
9.960000e-01  1.664443e-01
9.990000e-01  1.661817e-01
