000000  000001
3.000000e-03  8.577756e-01
6.000000e-03  7.831811e-01
9.000000e-03  7.329654e-01
1.200000e-02  6.954051e-01
1.500000e-02  6.655802e-01
1.800000e-02  6.409594e-01
2.100000e-02  6.200697e-01
2.400000e-02  6.019802e-01
2.700000e-02  5.860655e-01
3.000000e-02  5.718861e-01
3.300000e-02  5.591214e-01
3.600000e-02  5.475310e-01
3.900000e-02  5.369297e-01
4.200000e-02  5.271723e-01
4.500000e-02  5.181426e-01
4.800000e-02  5.097467e-01
5.100000e-02  5.019070e-01
5.400000e-02  4.945594e-01
5.700000e-02  4.876499e-01
6.000000e-02  4.811326e-01
6.300000e-02  4.749686e-01
6.600000e-02  4.691240e-01
6.900000e-02  4.635698e-01
7.200000e-02  4.582805e-01
7.500000e-02  4.532337e-01
7.800000e-02  4.484097e-01
8.100000e-02  4.437912e-01
8.400000e-02  4.393626e-01
8.700000e-02  4.351099e-01
9.000000e-02  4.310208e-01
9.300000e-02  4.270841e-01
9.600000e-02  4.232896e-01
9.900000e-02  4.196282e-01
1.020000e-01  4.160915e-01
1.050000e-01  4.126720e-01
1.080000e-01  4.093626e-01
1.110000e-01  4.061571e-01
1.140000e-01  4.030496e-01
1.170000e-01  4.000347e-01
1.200000e-01  3.971074e-01
1.230000e-01  3.942632e-01
1.260000e-01  3.914978e-01
1.290000e-01  3.888074e-01
1.320000e-01  3.861882e-01
1.350000e-01  3.836369e-01
1.380000e-01  3.811503e-01
1.410000e-01  3.787253e-01
1.440000e-01  3.763594e-01
1.470000e-01  3.740498e-01
1.500000e-01  3.717941e-01
1.530000e-01  3.695901e-01
1.560000e-01  3.674356e-01
1.590000e-01  3.653286e-01
1.620000e-01  3.632673e-01
1.650000e-01  3.612497e-01
1.680000e-01  3.592742e-01
1.710000e-01  3.573393e-01
1.740000e-01  3.554434e-01
1.770000e-01  3.535851e-01
1.800000e-01  3.517631e-01
1.830000e-01  3.499759e-01
1.860000e-01  3.482225e-01
1.890000e-01  3.465017e-01
1.920000e-01  3.448123e-01
1.950000e-01  3.431534e-01
1.980000e-01  3.415238e-01
2.010000e-01  3.399228e-01
2.040000e-01  3.383492e-01
2.070000e-01  3.368024e-01
2.100000e-01  3.352814e-01
2.130000e-01  3.337855e-01
2.160000e-01  3.323140e-01
2.190000e-01  3.308660e-01
2.220000e-01  3.294409e-01
2.250000e-01  3.280380e-01
2.280000e-01  3.266567e-01
2.310000e-01  3.252964e-01
2.340000e-01  3.239566e-01
2.370000e-01  3.226365e-01
2.400000e-01  3.213358e-01
2.430000e-01  3.200538e-01
2.460000e-01  3.187901e-01
2.490000e-01  3.175442e-01
2.520000e-01  3.163157e-01
2.550000e-01  3.151040e-01
2.580000e-01  3.139089e-01
2.610000e-01  3.127298e-01
2.640000e-01  3.115663e-01
2.670000e-01  3.104181e-01
2.700000e-01  3.092848e-01
2.730000e-01  3.081660e-01
2.760000e-01  3.070615e-01
2.790000e-01  3.059708e-01
2.820000e-01  3.048937e-01
2.850000e-01  3.038298e-01
2.880000e-01  3.027788e-01
2.910000e-01  3.017404e-01
2.940000e-01  3.007145e-01
2.970000e-01  2.997006e-01
3.000000e-01  2.986985e-01
3.030000e-01  2.977080e-01
3.060000e-01  2.967288e-01
3.090000e-01  2.957607e-01
3.120000e-01  2.948034e-01
3.150000e-01  2.938567e-01
3.180000e-01  2.929205e-01
3.210000e-01  2.919944e-01
3.240000e-01  2.910783e-01
3.270000e-01  2.901720e-01
3.300000e-01  2.892752e-01
3.330000e-01  2.883879e-01
3.360000e-01  2.875097e-01
3.390000e-01  2.866406e-01
3.420000e-01  2.857804e-01
3.450000e-01  2.849288e-01
3.480000e-01  2.840858e-01
3.510000e-01  2.832511e-01
3.540000e-01  2.824247e-01
3.570000e-01  2.816063e-01
3.600000e-01  2.807958e-01
3.630000e-01  2.799930e-01
3.660000e-01  2.791979e-01
3.690000e-01  2.784103e-01
3.720000e-01  2.776301e-01
3.750000e-01  2.768571e-01
3.780000e-01  2.760911e-01
3.810000e-01  2.753322e-01
3.840000e-01  2.745801e-01
3.870000e-01  2.738348e-01
3.900000e-01  2.730961e-01
3.930000e-01  2.723639e-01
3.960000e-01  2.716381e-01
3.990000e-01  2.709186e-01
4.020000e-01  2.702053e-01
4.050000e-01  2.694982e-01
4.080000e-01  2.687970e-01
4.110000e-01  2.681017e-01
4.140000e-01  2.674122e-01
4.170000e-01  2.667285e-01
4.200000e-01  2.660504e-01
4.230000e-01  2.653778e-01
4.260000e-01  2.647107e-01
4.290000e-01  2.640489e-01
4.320000e-01  2.633924e-01
4.350000e-01  2.627412e-01
4.380000e-01  2.620950e-01
4.410000e-01  2.614539e-01
4.440000e-01  2.608178e-01
4.470000e-01  2.601866e-01
4.500000e-01  2.595603e-01
4.530000e-01  2.589386e-01
4.560000e-01  2.583217e-01
4.590000e-01  2.577094e-01
4.620000e-01  2.571017e-01
4.650000e-01  2.564984e-01
4.680000e-01  2.558996e-01
4.710000e-01  2.553051e-01
4.740000e-01  2.547150e-01
4.770000e-01  2.541291e-01
4.800000e-01  2.535474e-01
4.830000e-01  2.529698e-01
4.860000e-01  2.523962e-01
4.890000e-01  2.518268e-01
4.920000e-01  2.512612e-01
4.950000e-01  2.506996e-01
4.980000e-01  2.501418e-01
5.010000e-01  2.495879e-01
5.040000e-01  2.490377e-01
5.070000e-01  2.484912e-01
5.100000e-01  2.479483e-01
5.130000e-01  2.474091e-01
5.160000e-01  2.468735e-01
5.190000e-01  2.463413e-01
5.220000e-01  2.458127e-01
5.250000e-01  2.452874e-01
5.280000e-01  2.447656e-01
5.310000e-01  2.442471e-01
5.340000e-01  2.437319e-01
5.370000e-01  2.432200e-01
5.400000e-01  2.427113e-01
5.430000e-01  2.422058e-01
5.460000e-01  2.417034e-01
5.490000e-01  2.412041e-01
5.520000e-01  2.407079e-01
5.550000e-01  2.402148e-01
5.580000e-01  2.397246e-01
5.610000e-01  2.392374e-01
5.640000e-01  2.387531e-01
5.670000e-01  2.382717e-01
5.700000e-01  2.377932e-01
5.730000e-01  2.373175e-01
5.760000e-01  2.368446e-01
5.790000e-01  2.363744e-01
5.820000e-01  2.359070e-01
5.850000e-01  2.354422e-01
5.880000e-01  2.349802e-01
5.910000e-01  2.345207e-01
5.940000e-01  2.340639e-01
5.970000e-01  2.336097e-01
6.000000e-01  2.331580e-01
6.030000e-01  2.327088e-01
6.060000e-01  2.322621e-01
6.090000e-01  2.318179e-01
6.120000e-01  2.313761e-01
6.150000e-01  2.309368e-01
6.180000e-01  2.304998e-01
6.210000e-01  2.300652e-01
6.240000e-01  2.296329e-01
6.270000e-01  2.292029e-01
6.300000e-01  2.287752e-01
6.330000e-01  2.283498e-01
6.360000e-01  2.279266e-01
6.390000e-01  2.275056e-01
6.420000e-01  2.270868e-01
6.450000e-01  2.266702e-01
6.480000e-01  2.262557e-01
6.510000e-01  2.258434e-01
6.540000e-01  2.254331e-01
6.570000e-01  2.250250e-01
6.600000e-01  2.246189e-01
6.630000e-01  2.242148e-01
6.660000e-01  2.238128e-01
6.690000e-01  2.234127e-01
6.720000e-01  2.230146e-01
6.750000e-01  2.226185e-01
6.780000e-01  2.222244e-01
6.810000e-01  2.218321e-01
6.840000e-01  2.214418e-01
6.870000e-01  2.210533e-01
6.900000e-01  2.206667e-01
6.930000e-01  2.202819e-01
6.960000e-01  2.198990e-01
6.990000e-01  2.195179e-01
7.020000e-01  2.191386e-01
7.050000e-01  2.187610e-01
7.080000e-01  2.183852e-01
7.110000e-01  2.180112e-01
7.140000e-01  2.176388e-01
7.170000e-01  2.172682e-01
7.200000e-01  2.168993e-01
7.230000e-01  2.165321e-01
7.260000e-01  2.161665e-01
7.290000e-01  2.158025e-01
7.320000e-01  2.154403e-01
7.350000e-01  2.150796e-01
7.380000e-01  2.147205e-01
7.410000e-01  2.143630e-01
7.440000e-01  2.140071e-01
7.470000e-01  2.136527e-01
7.500000e-01  2.132999e-01
7.530000e-01  2.129486e-01
7.560000e-01  2.125989e-01
7.590000e-01  2.122506e-01
7.620000e-01  2.119038e-01
7.650000e-01  2.115586e-01
7.680000e-01  2.112147e-01
7.710000e-01  2.108723e-01
7.740000e-01  2.105314e-01
7.770000e-01  2.101919e-01
7.800000e-01  2.098538e-01
7.830000e-01  2.095171e-01
7.860000e-01  2.091818e-01
7.890000e-01  2.088479e-01
7.920000e-01  2.085153e-01
7.950000e-01  2.081841e-01
7.980000e-01  2.078542e-01
8.010000e-01  2.075257e-01
8.040000e-01  2.071985e-01
8.070000e-01  2.068726e-01
8.100000e-01  2.065480e-01
8.130000e-01  2.062247e-01
8.160000e-01  2.059026e-01
8.190000e-01  2.055818e-01
8.220000e-01  2.052623e-01
8.250000e-01  2.049440e-01
8.280000e-01  2.046270e-01
8.310000e-01  2.043112e-01
8.340000e-01  2.039966e-01
8.370000e-01  2.036832e-01
8.400000e-01  2.033710e-01
8.430000e-01  2.030600e-01
8.460000e-01  2.027501e-01
8.490000e-01  2.024414e-01
8.520000e-01  2.021339e-01
8.550000e-01  2.018275e-01
8.580000e-01  2.015223e-01
8.610000e-01  2.012182e-01
8.640000e-01  2.009152e-01
8.670000e-01  2.006133e-01
8.700000e-01  2.003126e-01
8.730000e-01  2.000129e-01
8.760000e-01  1.997143e-01
8.790000e-01  1.994168e-01
8.820000e-01  1.991203e-01
8.850000e-01  1.988250e-01
8.880000e-01  1.985306e-01
8.910000e-01  1.982373e-01
8.940000e-01  1.979451e-01
8.970000e-01  1.976539e-01
9.000000e-01  1.973637e-01
9.030000e-01  1.970745e-01
9.060000e-01  1.967863e-01
9.090000e-01  1.964991e-01
9.120000e-01  1.962129e-01
9.150000e-01  1.959277e-01
9.180000e-01  1.956434e-01
9.210000e-01  1.953602e-01
9.240000e-01  1.950779e-01
9.270000e-01  1.947965e-01
9.300000e-01  1.945161e-01
9.330000e-01  1.942366e-01
9.360000e-01  1.939581e-01
9.390000e-01  1.936804e-01
9.420000e-01  1.934037e-01
9.450000e-01  1.931279e-01
9.480000e-01  1.928531e-01
9.510000e-01  1.925791e-01
9.540000e-01  1.923060e-01
9.570000e-01  1.920338e-01
9.600000e-01  1.917625e-01
9.630000e-01  1.914920e-01
9.660000e-01  1.912224e-01
9.690000e-01  1.909537e-01
9.720000e-01  1.906858e-01
9.750000e-01  1.904188e-01
9.780000e-01  1.901526e-01
9.810000e-01  1.898872e-01
9.840000e-01  1.896227e-01
9.870000e-01  1.893590e-01
9.900000e-01  1.890961e-01
9.930000e-01  1.888341e-01
9.960000e-01  1.885728e-01
9.990000e-01  1.883123e-01
