000000  000001
3.000000e-03  7.791645e-01
6.000000e-03  6.909350e-01
9.000000e-03  6.363989e-01
1.200000e-02  5.974249e-01
1.500000e-02  5.673688e-01
1.800000e-02  5.430636e-01
2.100000e-02  5.227584e-01
2.400000e-02  5.053864e-01
2.700000e-02  4.902514e-01
3.000000e-02  4.768747e-01
3.300000e-02  4.649138e-01
3.600000e-02  4.541156e-01
3.900000e-02  4.442878e-01
4.200000e-02  4.352814e-01
4.500000e-02  4.269783e-01
4.800000e-02  4.192838e-01
5.100000e-02  4.121206e-01
5.400000e-02  4.054249e-01
5.700000e-02  3.991435e-01
6.000000e-02  3.932314e-01
6.300000e-02  3.876507e-01
6.600000e-02  3.823687e-01
6.900000e-02  3.773571e-01
7.200000e-02  3.725914e-01
7.500000e-02  3.680504e-01
7.800000e-02  3.637152e-01
8.100000e-02  3.595693e-01
8.400000e-02  3.555978e-01
8.700000e-02  3.517878e-01
9.000000e-02  3.481274e-01
9.300000e-02  3.446062e-01
9.600000e-02  3.412146e-01
9.900000e-02  3.379441e-01
1.020000e-01  3.347869e-01
1.050000e-01  3.317359e-01
1.080000e-01  3.287847e-01
1.110000e-01  3.259274e-01
1.140000e-01  3.231586e-01
1.170000e-01  3.204732e-01
1.200000e-01  3.178668e-01
1.230000e-01  3.153351e-01
1.260000e-01  3.128743e-01
1.290000e-01  3.104806e-01
1.320000e-01  3.081508e-01
1.350000e-01  3.058818e-01
1.380000e-01  3.036706e-01
1.410000e-01  3.015145e-01
1.440000e-01  2.994111e-01
1.470000e-01  2.973579e-01
1.500000e-01  2.953528e-01
1.530000e-01  2.933937e-01
1.560000e-01  2.914786e-01
1.590000e-01  2.896058e-01
1.620000e-01  2.877734e-01
1.650000e-01  2.859799e-01
1.680000e-01  2.842238e-01
1.710000e-01  2.825036e-01
1.740000e-01  2.808179e-01
1.770000e-01  2.791654e-01
1.800000e-01  2.775450e-01
1.830000e-01  2.759555e-01
1.860000e-01  2.743957e-01
1.890000e-01  2.728647e-01
1.920000e-01  2.713614e-01
1.950000e-01  2.698849e-01
1.980000e-01  2.684343e-01
2.010000e-01  2.670088e-01
2.040000e-01  2.656075e-01
2.070000e-01  2.642297e-01
2.100000e-01  2.628746e-01
2.130000e-01  2.615415e-01
2.160000e-01  2.602297e-01
2.190000e-01  2.589386e-01
2.220000e-01  2.576676e-01
2.250000e-01  2.564161e-01
2.280000e-01  2.551835e-01
2.310000e-01  2.539693e-01
2.340000e-01  2.527729e-01
2.370000e-01  2.515939e-01
2.400000e-01  2.504317e-01
2.430000e-01  2.492859e-01
2.460000e-01  2.481561e-01
2.490000e-01  2.470419e-01
2.520000e-01  2.459427e-01
2.550000e-01  2.448583e-01
2.580000e-01  2.437882e-01
2.610000e-01  2.427321e-01
2.640000e-01  2.416897e-01
2.670000e-01  2.406605e-01
2.700000e-01  2.396443e-01
2.730000e-01  2.386407e-01
2.760000e-01  2.376495e-01
2.790000e-01  2.366703e-01
2.820000e-01  2.357029e-01
2.850000e-01  2.347470e-01
2.880000e-01  2.338022e-01
2.910000e-01  2.328685e-01
2.940000e-01  2.319454e-01
2.970000e-01  2.310328e-01
3.000000e-01  2.301305e-01
3.030000e-01  2.292381e-01
3.060000e-01  2.283556e-01
3.090000e-01  2.274826e-01
3.120000e-01  2.266190e-01
3.150000e-01  2.257646e-01
3.180000e-01  2.249191e-01
3.210000e-01  2.240824e-01
3.240000e-01  2.232543e-01
3.270000e-01  2.224347e-01
3.300000e-01  2.216233e-01
3.330000e-01  2.208200e-01
3.360000e-01  2.200247e-01
3.390000e-01  2.192371e-01
3.420000e-01  2.184571e-01
3.450000e-01  2.176846e-01
3.480000e-01  2.169195e-01
3.510000e-01  2.161615e-01
3.540000e-01  2.154105e-01
3.570000e-01  2.146665e-01
3.600000e-01  2.139293e-01
3.630000e-01  2.131987e-01
3.660000e-01  2.124747e-01
3.690000e-01  2.117570e-01
3.720000e-01  2.110457e-01
3.750000e-01  2.103406e-01
3.780000e-01  2.096415e-01
3.810000e-01  2.089484e-01
3.840000e-01  2.082611e-01
3.870000e-01  2.075796e-01
3.900000e-01  2.069038e-01
3.930000e-01  2.062335e-01
3.960000e-01  2.055687e-01
3.990000e-01  2.049092e-01
4.020000e-01  2.042551e-01
4.050000e-01  2.036061e-01
4.080000e-01  2.029622e-01
4.110000e-01  2.023233e-01
4.140000e-01  2.016894e-01
4.170000e-01  2.010603e-01
4.200000e-01  2.004360e-01
4.230000e-01  1.998164e-01
4.260000e-01  1.992015e-01
4.290000e-01  1.985910e-01
4.320000e-01  1.979851e-01
4.350000e-01  1.973835e-01
4.380000e-01  1.967863e-01
4.410000e-01  1.961933e-01
4.440000e-01  1.956046e-01
4.470000e-01  1.950200e-01
4.500000e-01  1.944394e-01
4.530000e-01  1.938629e-01
4.560000e-01  1.932903e-01
4.590000e-01  1.927216e-01
4.620000e-01  1.921567e-01
4.650000e-01  1.915956e-01
4.680000e-01  1.910382e-01
4.710000e-01  1.904845e-01
4.740000e-01  1.899344e-01
4.770000e-01  1.893879e-01
4.800000e-01  1.888448e-01
4.830000e-01  1.883052e-01
4.860000e-01  1.877690e-01
4.890000e-01  1.872362e-01
4.920000e-01  1.867066e-01
4.950000e-01  1.861804e-01
4.980000e-01  1.856573e-01
5.010000e-01  1.851374e-01
5.040000e-01  1.846206e-01
5.070000e-01  1.841069e-01
5.100000e-01  1.835963e-01
5.130000e-01  1.830886e-01
5.160000e-01  1.825839e-01
5.190000e-01  1.820821e-01
5.220000e-01  1.815832e-01
5.250000e-01  1.810871e-01
5.280000e-01  1.805938e-01
5.310000e-01  1.801033e-01
5.340000e-01  1.796154e-01
5.370000e-01  1.791303e-01
5.400000e-01  1.786478e-01
5.430000e-01  1.781680e-01
5.460000e-01  1.776907e-01
5.490000e-01  1.772159e-01
5.520000e-01  1.767437e-01
5.550000e-01  1.762739e-01
5.580000e-01  1.758066e-01
5.610000e-01  1.753417e-01
5.640000e-01  1.748792e-01
5.670000e-01  1.744190e-01
5.700000e-01  1.739611e-01
5.730000e-01  1.735056e-01
5.760000e-01  1.730523e-01
5.790000e-01  1.726012e-01
5.820000e-01  1.721524e-01
5.850000e-01  1.717057e-01
5.880000e-01  1.712611e-01
5.910000e-01  1.708187e-01
5.940000e-01  1.703784e-01
5.970000e-01  1.699401e-01
6.000000e-01  1.695039e-01
6.030000e-01  1.690697e-01
6.060000e-01  1.686375e-01
6.090000e-01  1.682073e-01
6.120000e-01  1.677790e-01
6.150000e-01  1.673526e-01
6.180000e-01  1.669281e-01
6.210000e-01  1.665055e-01
6.240000e-01  1.660847e-01
6.270000e-01  1.656658e-01
6.300000e-01  1.652486e-01
6.330000e-01  1.648333e-01
6.360000e-01  1.644197e-01
6.390000e-01  1.640078e-01
6.420000e-01  1.635976e-01
6.450000e-01  1.631892e-01
6.480000e-01  1.627824e-01
6.510000e-01  1.623772e-01
6.540000e-01  1.619737e-01
6.570000e-01  1.615718e-01
6.600000e-01  1.611715e-01
6.630000e-01  1.607728e-01
6.660000e-01  1.603756e-01
6.690000e-01  1.599800e-01
6.720000e-01  1.595859e-01
6.750000e-01  1.591932e-01
6.780000e-01  1.588021e-01
6.810000e-01  1.584124e-01
6.840000e-01  1.580241e-01
6.870000e-01  1.576373e-01
6.900000e-01  1.572519e-01
6.930000e-01  1.568679e-01
6.960000e-01  1.564852e-01
6.990000e-01  1.561039e-01
7.020000e-01  1.557240e-01
7.050000e-01  1.553453e-01
7.080000e-01  1.549680e-01
7.110000e-01  1.545920e-01
7.140000e-01  1.542172e-01
7.170000e-01  1.538437e-01
7.200000e-01  1.534715e-01
7.230000e-01  1.531004e-01
7.260000e-01  1.527306e-01
7.290000e-01  1.523620e-01
7.320000e-01  1.519946e-01
7.350000e-01  1.516283e-01
7.380000e-01  1.512632e-01
7.410000e-01  1.508992e-01
7.440000e-01  1.505364e-01
7.470000e-01  1.501746e-01
7.500000e-01  1.498140e-01
7.530000e-01  1.494544e-01
7.560000e-01  1.490959e-01
7.590000e-01  1.487385e-01
7.620000e-01  1.483821e-01
7.650000e-01  1.480267e-01
7.680000e-01  1.476723e-01
7.710000e-01  1.473189e-01
7.740000e-01  1.469666e-01
7.770000e-01  1.466152e-01
7.800000e-01  1.462647e-01
7.830000e-01  1.459152e-01
7.860000e-01  1.455666e-01
7.890000e-01  1.452190e-01
7.920000e-01  1.448723e-01
7.950000e-01  1.445264e-01
7.980000e-01  1.441815e-01
8.010000e-01  1.438374e-01
8.040000e-01  1.434941e-01
8.070000e-01  1.431518e-01
8.100000e-01  1.428102e-01
8.130000e-01  1.424695e-01
8.160000e-01  1.421296e-01
8.190000e-01  1.417905e-01
8.220000e-01  1.414521e-01
8.250000e-01  1.411146e-01
8.280000e-01  1.407778e-01
8.310000e-01  1.404417e-01
8.340000e-01  1.401064e-01
8.370000e-01  1.397719e-01
8.400000e-01  1.394380e-01
8.430000e-01  1.391048e-01
8.460000e-01  1.387724e-01
8.490000e-01  1.384406e-01
8.520000e-01  1.381095e-01
8.550000e-01  1.377791e-01
8.580000e-01  1.374493e-01
8.610000e-01  1.371201e-01
8.640000e-01  1.367915e-01
8.670000e-01  1.364636e-01
8.700000e-01  1.361363e-01
8.730000e-01  1.358096e-01
8.760000e-01  1.354834e-01
8.790000e-01  1.351578e-01
8.820000e-01  1.348328e-01
8.850000e-01  1.345083e-01
8.880000e-01  1.341844e-01
8.910000e-01  1.338610e-01
8.940000e-01  1.335381e-01
8.970000e-01  1.332157e-01
9.000000e-01  1.328938e-01
9.030000e-01  1.325723e-01
9.060000e-01  1.322514e-01
9.090000e-01  1.319309e-01
9.120000e-01  1.316108e-01
9.150000e-01  1.312912e-01
9.180000e-01  1.309720e-01
9.210000e-01  1.306532e-01
9.240000e-01  1.303348e-01
9.270000e-01  1.300169e-01
9.300000e-01  1.296992e-01
9.330000e-01  1.293820e-01
9.360000e-01  1.290651e-01
9.390000e-01  1.287486e-01
9.420000e-01  1.284324e-01
9.450000e-01  1.281165e-01
9.480000e-01  1.278010e-01
9.510000e-01  1.274857e-01
9.540000e-01  1.271707e-01
9.570000e-01  1.268560e-01
9.600000e-01  1.265416e-01
9.630000e-01  1.262274e-01
9.660000e-01  1.259135e-01
9.690000e-01  1.255998e-01
9.720000e-01  1.252863e-01
9.750000e-01  1.249730e-01
9.780000e-01  1.246599e-01
9.810000e-01  1.243470e-01
9.840000e-01  1.240342e-01
9.870000e-01  1.237216e-01
9.900000e-01  1.234092e-01
9.930000e-01  1.230969e-01
9.960000e-01  1.227847e-01
9.990000e-01  1.224726e-01
