000000  000001
3.000000e-03  8.558593e-01
6.000000e-03  7.807912e-01
9.000000e-03  7.303883e-01
1.200000e-02  6.927427e-01
1.500000e-02  6.628785e-01
1.800000e-02  6.382419e-01
2.100000e-02  6.173496e-01
2.400000e-02  5.992650e-01
2.700000e-02  5.833600e-01
3.000000e-02  5.691931e-01
3.300000e-02  5.564426e-01
3.600000e-02  5.448674e-01
3.900000e-02  5.342818e-01
4.200000e-02  5.245403e-01
4.500000e-02  5.155266e-01
4.800000e-02  5.071465e-01
5.100000e-02  4.993224e-01
5.400000e-02  4.919902e-01
5.700000e-02  4.850957e-01
6.000000e-02  4.785931e-01
6.300000e-02  4.724434e-01
6.600000e-02  4.666129e-01
6.900000e-02  4.610723e-01
7.200000e-02  4.557963e-01
7.500000e-02  4.507624e-01
7.800000e-02  4.459511e-01
8.100000e-02  4.413448e-01
8.400000e-02  4.369281e-01
8.700000e-02  4.326871e-01
9.000000e-02  4.286094e-01
9.300000e-02  4.246837e-01
9.600000e-02  4.209000e-01
9.900000e-02  4.172492e-01
1.020000e-01  4.137227e-01
1.050000e-01  4.103132e-01
1.080000e-01  4.070136e-01
1.110000e-01  4.038176e-01
1.140000e-01  4.007193e-01
1.170000e-01  3.977135e-01
1.200000e-01  3.947951e-01
1.230000e-01  3.919596e-01
1.260000e-01  3.892027e-01
1.290000e-01  3.865206e-01
1.320000e-01  3.839095e-01
1.350000e-01  3.813662e-01
1.380000e-01  3.788873e-01
1.410000e-01  3.764700e-01
1.440000e-01  3.741115e-01
1.470000e-01  3.718092e-01
1.500000e-01  3.695607e-01
1.530000e-01  3.673637e-01
1.560000e-01  3.652160e-01
1.590000e-01  3.631158e-01
1.620000e-01  3.610610e-01
1.650000e-01  3.590500e-01
1.680000e-01  3.570809e-01
1.710000e-01  3.551522e-01
1.740000e-01  3.532625e-01
1.770000e-01  3.514102e-01
1.800000e-01  3.495940e-01
1.830000e-01  3.478127e-01
1.860000e-01  3.460650e-01
1.890000e-01  3.443498e-01
1.920000e-01  3.426659e-01
1.950000e-01  3.410123e-01
1.980000e-01  3.393881e-01
2.010000e-01  3.377923e-01
2.040000e-01  3.362239e-01
2.070000e-01  3.346821e-01
2.100000e-01  3.331662e-01
2.130000e-01  3.316751e-01
2.160000e-01  3.302084e-01
2.190000e-01  3.287651e-01
2.220000e-01  3.273447e-01
2.250000e-01  3.259464e-01
2.280000e-01  3.245697e-01
2.310000e-01  3.232138e-01
2.340000e-01  3.218784e-01
2.370000e-01  3.205626e-01
2.400000e-01  3.192662e-01
2.430000e-01  3.179884e-01
2.460000e-01  3.167288e-01
2.490000e-01  3.154870e-01
2.520000e-01  3.142625e-01
2.550000e-01  3.130548e-01
2.580000e-01  3.118635e-01
2.610000e-01  3.106883e-01
2.640000e-01  3.095286e-01
2.670000e-01  3.083841e-01
2.700000e-01  3.072545e-01
2.730000e-01  3.061394e-01
2.760000e-01  3.050384e-01
2.790000e-01  3.039513e-01
2.820000e-01  3.028776e-01
2.850000e-01  3.018172e-01
2.880000e-01  3.007696e-01
2.910000e-01  2.997346e-01
2.940000e-01  2.987119e-01
2.970000e-01  2.977013e-01
3.000000e-01  2.967025e-01
3.030000e-01  2.957151e-01
3.060000e-01  2.947391e-01
3.090000e-01  2.937741e-01
3.120000e-01  2.928199e-01
3.150000e-01  2.918762e-01
3.180000e-01  2.909429e-01
3.210000e-01  2.900198e-01
3.240000e-01  2.891066e-01
3.270000e-01  2.882032e-01
3.300000e-01  2.873093e-01
3.330000e-01  2.864247e-01
3.360000e-01  2.855494e-01
3.390000e-01  2.846830e-01
3.420000e-01  2.838255e-01
3.450000e-01  2.829766e-01
3.480000e-01  2.821362e-01
3.510000e-01  2.813041e-01
3.540000e-01  2.804803e-01
3.570000e-01  2.796644e-01
3.600000e-01  2.788564e-01
3.630000e-01  2.780562e-01
3.660000e-01  2.772636e-01
3.690000e-01  2.764784e-01
3.720000e-01  2.757005e-01
3.750000e-01  2.749299e-01
3.780000e-01  2.741663e-01
3.810000e-01  2.734097e-01
3.840000e-01  2.726599e-01
3.870000e-01  2.719169e-01
3.900000e-01  2.711804e-01
3.930000e-01  2.704504e-01
3.960000e-01  2.697269e-01
3.990000e-01  2.690095e-01
4.020000e-01  2.682984e-01
4.050000e-01  2.675934e-01
4.080000e-01  2.668943e-01
4.110000e-01  2.662011e-01
4.140000e-01  2.655137e-01
4.170000e-01  2.648320e-01
4.200000e-01  2.641559e-01
4.230000e-01  2.634853e-01
4.260000e-01  2.628201e-01
4.290000e-01  2.621603e-01
4.320000e-01  2.615057e-01
4.350000e-01  2.608564e-01
4.380000e-01  2.602121e-01
4.410000e-01  2.595729e-01
4.440000e-01  2.589386e-01
4.470000e-01  2.583093e-01
4.500000e-01  2.576847e-01
4.530000e-01  2.570649e-01
4.560000e-01  2.564497e-01
4.590000e-01  2.558392e-01
4.620000e-01  2.552331e-01
4.650000e-01  2.546316e-01
4.680000e-01  2.540345e-01
4.710000e-01  2.534417e-01
4.740000e-01  2.528532e-01
4.770000e-01  2.522689e-01
4.800000e-01  2.516888e-01
4.830000e-01  2.511128e-01
4.860000e-01  2.505409e-01
4.890000e-01  2.499730e-01
4.920000e-01  2.494090e-01
4.950000e-01  2.488489e-01
4.980000e-01  2.482927e-01
5.010000e-01  2.477402e-01
5.040000e-01  2.471915e-01
5.070000e-01  2.466465e-01
5.100000e-01  2.461051e-01
5.130000e-01  2.455674e-01
5.160000e-01  2.450332e-01
5.190000e-01  2.445024e-01
5.220000e-01  2.439752e-01
5.250000e-01  2.434513e-01
5.280000e-01  2.429309e-01
5.310000e-01  2.424137e-01
5.340000e-01  2.418999e-01
5.370000e-01  2.413893e-01
5.400000e-01  2.408819e-01
5.430000e-01  2.403777e-01
5.460000e-01  2.398766e-01
5.490000e-01  2.393786e-01
5.520000e-01  2.388837e-01
5.550000e-01  2.383918e-01
5.580000e-01  2.379028e-01
5.610000e-01  2.374169e-01
5.640000e-01  2.369338e-01
5.670000e-01  2.364536e-01
5.700000e-01  2.359763e-01
5.730000e-01  2.355017e-01
5.760000e-01  2.350300e-01
5.790000e-01  2.345610e-01
5.820000e-01  2.340947e-01
5.850000e-01  2.336311e-01
5.880000e-01  2.331701e-01
5.910000e-01  2.327118e-01
5.940000e-01  2.322561e-01
5.970000e-01  2.318029e-01
6.000000e-01  2.313523e-01
6.030000e-01  2.309042e-01
6.060000e-01  2.304586e-01
6.090000e-01  2.300154e-01
6.120000e-01  2.295746e-01
6.150000e-01  2.291363e-01
6.180000e-01  2.287003e-01
6.210000e-01  2.282667e-01
6.240000e-01  2.278354e-01
6.270000e-01  2.274064e-01
6.300000e-01  2.269796e-01
6.330000e-01  2.265552e-01
6.360000e-01  2.261329e-01
6.390000e-01  2.257129e-01
6.420000e-01  2.252950e-01
6.450000e-01  2.248793e-01
6.480000e-01  2.244658e-01
6.510000e-01  2.240543e-01
6.540000e-01  2.236449e-01
6.570000e-01  2.232377e-01
6.600000e-01  2.228324e-01
6.630000e-01  2.224292e-01
6.660000e-01  2.220280e-01
6.690000e-01  2.216288e-01
6.720000e-01  2.212315e-01
6.750000e-01  2.208363e-01
6.780000e-01  2.204429e-01
6.810000e-01  2.200514e-01
6.840000e-01  2.196619e-01
6.870000e-01  2.192742e-01
6.900000e-01  2.188883e-01
6.930000e-01  2.185043e-01
6.960000e-01  2.181222e-01
6.990000e-01  2.177418e-01
7.020000e-01  2.173632e-01
7.050000e-01  2.169864e-01
7.080000e-01  2.166113e-01
7.110000e-01  2.162380e-01
7.140000e-01  2.158664e-01
7.170000e-01  2.154964e-01
7.200000e-01  2.151282e-01
7.230000e-01  2.147617e-01
7.260000e-01  2.143967e-01
7.290000e-01  2.140335e-01
7.320000e-01  2.136718e-01
7.350000e-01  2.133118e-01
7.380000e-01  2.129534e-01
7.410000e-01  2.125965e-01
7.440000e-01  2.122412e-01
7.470000e-01  2.118875e-01
7.500000e-01  2.115353e-01
7.530000e-01  2.111846e-01
7.560000e-01  2.108354e-01
7.590000e-01  2.104877e-01
7.620000e-01  2.101416e-01
7.650000e-01  2.097968e-01
7.680000e-01  2.094536e-01
7.710000e-01  2.091117e-01
7.740000e-01  2.087714e-01
7.770000e-01  2.084324e-01
7.800000e-01  2.080948e-01
7.830000e-01  2.077587e-01
7.860000e-01  2.074239e-01
7.890000e-01  2.070904e-01
7.920000e-01  2.067584e-01
7.950000e-01  2.064277e-01
7.980000e-01  2.060983e-01
8.010000e-01  2.057703e-01
8.040000e-01  2.054435e-01
8.070000e-01  2.051181e-01
8.100000e-01  2.047939e-01
8.130000e-01  2.044711e-01
8.160000e-01  2.041495e-01
8.190000e-01  2.038291e-01
8.220000e-01  2.035100e-01
8.250000e-01  2.031922e-01
8.280000e-01  2.028756e-01
8.310000e-01  2.025602e-01
8.340000e-01  2.022460e-01
8.370000e-01  2.019330e-01
8.400000e-01  2.016212e-01
8.430000e-01  2.013105e-01
8.460000e-01  2.010011e-01
8.490000e-01  2.006928e-01
8.520000e-01  2.003856e-01
8.550000e-01  2.000796e-01
8.580000e-01  1.997747e-01
8.610000e-01  1.994710e-01
8.640000e-01  1.991684e-01
8.670000e-01  1.988668e-01
8.700000e-01  1.985664e-01
8.730000e-01  1.982670e-01
8.760000e-01  1.979688e-01
8.790000e-01  1.976716e-01
8.820000e-01  1.973754e-01
8.850000e-01  1.970803e-01
8.880000e-01  1.967863e-01
8.910000e-01  1.964933e-01
8.940000e-01  1.962013e-01
8.970000e-01  1.959104e-01
9.000000e-01  1.956204e-01
9.030000e-01  1.953315e-01
9.060000e-01  1.950436e-01
9.090000e-01  1.947567e-01
9.120000e-01  1.944707e-01
9.150000e-01  1.941857e-01
9.180000e-01  1.939017e-01
9.210000e-01  1.936187e-01
9.240000e-01  1.933366e-01
9.270000e-01  1.930554e-01
9.300000e-01  1.927752e-01
9.330000e-01  1.924959e-01
9.360000e-01  1.922176e-01
9.390000e-01  1.919402e-01
9.420000e-01  1.916637e-01
9.450000e-01  1.913881e-01
9.480000e-01  1.911133e-01
9.510000e-01  1.908395e-01
9.540000e-01  1.905666e-01
9.570000e-01  1.902946e-01
9.600000e-01  1.900234e-01
9.630000e-01  1.897531e-01
9.660000e-01  1.894836e-01
9.690000e-01  1.892150e-01
9.720000e-01  1.889473e-01
9.750000e-01  1.886804e-01
9.780000e-01  1.884143e-01
9.810000e-01  1.881491e-01
9.840000e-01  1.878847e-01
9.870000e-01  1.876211e-01
9.900000e-01  1.873583e-01
9.930000e-01  1.870963e-01
9.960000e-01  1.868352e-01
9.990000e-01  1.865748e-01
