000000  000001
3.000000e-03  8.637930e-01
6.000000e-03  7.907422e-01
9.000000e-03  7.411497e-01
1.200000e-02  7.038803e-01
1.500000e-02  6.741951e-01
1.800000e-02  6.496352e-01
2.100000e-02  6.287623e-01
2.400000e-02  6.106633e-01
2.700000e-02  5.947232e-01
3.000000e-02  5.805084e-01
3.300000e-02  5.677023e-01
3.600000e-02  5.560666e-01
3.900000e-02  5.454178e-01
4.200000e-02  5.356119e-01
4.500000e-02  5.265334e-01
4.800000e-02  5.180886e-01
5.100000e-02  5.102007e-01
5.400000e-02  5.028054e-01
5.700000e-02  4.958491e-01
6.000000e-02  4.892860e-01
6.300000e-02  4.830771e-01
6.600000e-02  4.771887e-01
6.900000e-02  4.715917e-01
7.200000e-02  4.662606e-01
7.500000e-02  4.611731e-01
7.800000e-02  4.563094e-01
8.100000e-02  4.516522e-01
8.400000e-02  4.471858e-01
8.700000e-02  4.428963e-01
9.000000e-02  4.387714e-01
9.300000e-02  4.347996e-01
9.600000e-02  4.309710e-01
9.900000e-02  4.272763e-01
1.020000e-01  4.237071e-01
1.050000e-01  4.202558e-01
1.080000e-01  4.169155e-01
1.110000e-01  4.136797e-01
1.140000e-01  4.105425e-01
1.170000e-01  4.074987e-01
1.200000e-01  4.045432e-01
1.230000e-01  4.016714e-01
1.260000e-01  3.988790e-01
1.290000e-01  3.961621e-01
1.320000e-01  3.935171e-01
1.350000e-01  3.909404e-01
1.380000e-01  3.884290e-01
1.410000e-01  3.859798e-01
1.440000e-01  3.835900e-01
1.470000e-01  3.812571e-01
1.500000e-01  3.789785e-01
1.530000e-01  3.767521e-01
1.560000e-01  3.745757e-01
1.590000e-01  3.724471e-01
1.620000e-01  3.703646e-01
1.650000e-01  3.683263e-01
1.680000e-01  3.663305e-01
1.710000e-01  3.643756e-01
1.740000e-01  3.624601e-01
1.770000e-01  3.605825e-01
1.800000e-01  3.587415e-01
1.830000e-01  3.569358e-01
1.860000e-01  3.551641e-01
1.890000e-01  3.534253e-01
1.920000e-01  3.517182e-01
1.950000e-01  3.500419e-01
1.980000e-01  3.483953e-01
2.010000e-01  3.467774e-01
2.040000e-01  3.451874e-01
2.070000e-01  3.436243e-01
2.100000e-01  3.420874e-01
2.130000e-01  3.405757e-01
2.160000e-01  3.390886e-01
2.190000e-01  3.376254e-01
2.220000e-01  3.361853e-01
2.250000e-01  3.347676e-01
2.280000e-01  3.333718e-01
2.310000e-01  3.319972e-01
2.340000e-01  3.306432e-01
2.370000e-01  3.293092e-01
2.400000e-01  3.279948e-01
2.430000e-01  3.266993e-01
2.460000e-01  3.254223e-01
2.490000e-01  3.241633e-01
2.520000e-01  3.229218e-01
2.550000e-01  3.216974e-01
2.580000e-01  3.204897e-01
2.610000e-01  3.192981e-01
2.640000e-01  3.181224e-01
2.670000e-01  3.169622e-01
2.700000e-01  3.158170e-01
2.730000e-01  3.146865e-01
2.760000e-01  3.135704e-01
2.790000e-01  3.124683e-01
2.820000e-01  3.113798e-01
2.850000e-01  3.103048e-01
2.880000e-01  3.092428e-01
2.910000e-01  3.081937e-01
2.940000e-01  3.071570e-01
2.970000e-01  3.061325e-01
3.000000e-01  3.051200e-01
3.030000e-01  3.041192e-01
3.060000e-01  3.031299e-01
3.090000e-01  3.021517e-01
3.120000e-01  3.011845e-01
3.150000e-01  3.002281e-01
3.180000e-01  2.992821e-01
3.210000e-01  2.983465e-01
3.240000e-01  2.974210e-01
3.270000e-01  2.965053e-01
3.300000e-01  2.955994e-01
3.330000e-01  2.947029e-01
3.360000e-01  2.938158e-01
3.390000e-01  2.929378e-01
3.420000e-01  2.920688e-01
3.450000e-01  2.912085e-01
3.480000e-01  2.903569e-01
3.510000e-01  2.895138e-01
3.540000e-01  2.886790e-01
3.570000e-01  2.878523e-01
3.600000e-01  2.870336e-01
3.630000e-01  2.862228e-01
3.660000e-01  2.854197e-01
3.690000e-01  2.846242e-01
3.720000e-01  2.838361e-01
3.750000e-01  2.830553e-01
3.780000e-01  2.822818e-01
3.810000e-01  2.815153e-01
3.840000e-01  2.807557e-01
3.870000e-01  2.800030e-01
3.900000e-01  2.792569e-01
3.930000e-01  2.785175e-01
3.960000e-01  2.777846e-01
3.990000e-01  2.770580e-01
4.020000e-01  2.763377e-01
4.050000e-01  2.756236e-01
4.080000e-01  2.749156e-01
4.110000e-01  2.742136e-01
4.140000e-01  2.735174e-01
4.170000e-01  2.728270e-01
4.200000e-01  2.721423e-01
4.230000e-01  2.714632e-01
4.260000e-01  2.707897e-01
4.290000e-01  2.701216e-01
4.320000e-01  2.694588e-01
4.350000e-01  2.688013e-01
4.380000e-01  2.681490e-01
4.410000e-01  2.675018e-01
4.440000e-01  2.668597e-01
4.470000e-01  2.662225e-01
4.500000e-01  2.655902e-01
4.530000e-01  2.649628e-01
4.560000e-01  2.643401e-01
4.590000e-01  2.637220e-01
4.620000e-01  2.631086e-01
4.650000e-01  2.624998e-01
4.680000e-01  2.618954e-01
4.710000e-01  2.612954e-01
4.740000e-01  2.606998e-01
4.770000e-01  2.601086e-01
4.800000e-01  2.595215e-01
4.830000e-01  2.589386e-01
4.860000e-01  2.583599e-01
4.890000e-01  2.577852e-01
4.920000e-01  2.572146e-01
4.950000e-01  2.566479e-01
4.980000e-01  2.560851e-01
5.010000e-01  2.555262e-01
5.040000e-01  2.549710e-01
5.070000e-01  2.544197e-01
5.100000e-01  2.538720e-01
5.130000e-01  2.533280e-01
5.160000e-01  2.527877e-01
5.190000e-01  2.522509e-01
5.220000e-01  2.517176e-01
5.250000e-01  2.511877e-01
5.280000e-01  2.506614e-01
5.310000e-01  2.501384e-01
5.340000e-01  2.496187e-01
5.370000e-01  2.491024e-01
5.400000e-01  2.485893e-01
5.430000e-01  2.480795e-01
5.460000e-01  2.475728e-01
5.490000e-01  2.470693e-01
5.520000e-01  2.465690e-01
5.550000e-01  2.460716e-01
5.580000e-01  2.455774e-01
5.610000e-01  2.450861e-01
5.640000e-01  2.445978e-01
5.670000e-01  2.441124e-01
5.700000e-01  2.436299e-01
5.730000e-01  2.431503e-01
5.760000e-01  2.426735e-01
5.790000e-01  2.421995e-01
5.820000e-01  2.417283e-01
5.850000e-01  2.412598e-01
5.880000e-01  2.407940e-01
5.910000e-01  2.403309e-01
5.940000e-01  2.398704e-01
5.970000e-01  2.394126e-01
6.000000e-01  2.389573e-01
6.030000e-01  2.385046e-01
6.060000e-01  2.380544e-01
6.090000e-01  2.376067e-01
6.120000e-01  2.371615e-01
6.150000e-01  2.367187e-01
6.180000e-01  2.362784e-01
6.210000e-01  2.358404e-01
6.240000e-01  2.354048e-01
6.270000e-01  2.349716e-01
6.300000e-01  2.345407e-01
6.330000e-01  2.341120e-01
6.360000e-01  2.336857e-01
6.390000e-01  2.332616e-01
6.420000e-01  2.328397e-01
6.450000e-01  2.324200e-01
6.480000e-01  2.320024e-01
6.510000e-01  2.315871e-01
6.540000e-01  2.311739e-01
6.570000e-01  2.307628e-01
6.600000e-01  2.303537e-01
6.630000e-01  2.299468e-01
6.660000e-01  2.295419e-01
6.690000e-01  2.291390e-01
6.720000e-01  2.287381e-01
6.750000e-01  2.283392e-01
6.780000e-01  2.279423e-01
6.810000e-01  2.275473e-01
6.840000e-01  2.271543e-01
6.870000e-01  2.267632e-01
6.900000e-01  2.263739e-01
6.930000e-01  2.259866e-01
6.960000e-01  2.256011e-01
6.990000e-01  2.252174e-01
7.020000e-01  2.248355e-01
7.050000e-01  2.244555e-01
7.080000e-01  2.240772e-01
7.110000e-01  2.237007e-01
7.140000e-01  2.233260e-01
7.170000e-01  2.229530e-01
7.200000e-01  2.225817e-01
7.230000e-01  2.222121e-01
7.260000e-01  2.218443e-01
7.290000e-01  2.214780e-01
7.320000e-01  2.211135e-01
7.350000e-01  2.207506e-01
7.380000e-01  2.203893e-01
7.410000e-01  2.200296e-01
7.440000e-01  2.196715e-01
7.470000e-01  2.193150e-01
7.500000e-01  2.189601e-01
7.530000e-01  2.186067e-01
7.560000e-01  2.182549e-01
7.590000e-01  2.179046e-01
7.620000e-01  2.175558e-01
7.650000e-01  2.172085e-01
7.680000e-01  2.168627e-01
7.710000e-01  2.165184e-01
7.740000e-01  2.161755e-01
7.770000e-01  2.158341e-01
7.800000e-01  2.154942e-01
7.830000e-01  2.151556e-01
7.860000e-01  2.148185e-01
7.890000e-01  2.144827e-01
7.920000e-01  2.141484e-01
7.950000e-01  2.138154e-01
7.980000e-01  2.134838e-01
8.010000e-01  2.131536e-01
8.040000e-01  2.128246e-01
8.070000e-01  2.124970e-01
8.100000e-01  2.121708e-01
8.130000e-01  2.118458e-01
8.160000e-01  2.115222e-01
8.190000e-01  2.111998e-01
8.220000e-01  2.108787e-01
8.250000e-01  2.105589e-01
8.280000e-01  2.102403e-01
8.310000e-01  2.099230e-01
8.340000e-01  2.096069e-01
8.370000e-01  2.092920e-01
8.400000e-01  2.089784e-01
8.430000e-01  2.086659e-01
8.460000e-01  2.083547e-01
8.490000e-01  2.080446e-01
8.520000e-01  2.077357e-01
8.550000e-01  2.074280e-01
8.580000e-01  2.071215e-01
8.610000e-01  2.068160e-01
8.640000e-01  2.065118e-01
8.670000e-01  2.062086e-01
8.700000e-01  2.059066e-01
8.730000e-01  2.056057e-01
8.760000e-01  2.053059e-01
8.790000e-01  2.050072e-01
8.820000e-01  2.047096e-01
8.850000e-01  2.044130e-01
8.880000e-01  2.041176e-01
8.910000e-01  2.038232e-01
8.940000e-01  2.035298e-01
8.970000e-01  2.032375e-01
9.000000e-01  2.029463e-01
9.030000e-01  2.026560e-01
9.060000e-01  2.023668e-01
9.090000e-01  2.020786e-01
9.120000e-01  2.017915e-01
9.150000e-01  2.015053e-01
9.180000e-01  2.012201e-01
9.210000e-01  2.009359e-01
9.240000e-01  2.006527e-01
9.270000e-01  2.003704e-01
9.300000e-01  2.000891e-01
9.330000e-01  1.998088e-01
9.360000e-01  1.995294e-01
9.390000e-01  1.992510e-01
9.420000e-01  1.989734e-01
9.450000e-01  1.986969e-01
9.480000e-01  1.984212e-01
9.510000e-01  1.981465e-01
9.540000e-01  1.978726e-01
9.570000e-01  1.975997e-01
9.600000e-01  1.973277e-01
9.630000e-01  1.970566e-01
9.660000e-01  1.967863e-01
9.690000e-01  1.965169e-01
9.720000e-01  1.962484e-01
9.750000e-01  1.959808e-01
9.780000e-01  1.957140e-01
9.810000e-01  1.954480e-01
9.840000e-01  1.951830e-01
9.870000e-01  1.949187e-01
9.900000e-01  1.946553e-01
9.930000e-01  1.943927e-01
9.960000e-01  1.941310e-01
9.990000e-01  1.938700e-01
