000000  000001
3.000000e-03  8.497676e-01
6.000000e-03  7.732488e-01
9.000000e-03  7.222856e-01
1.200000e-02  6.843911e-01
1.500000e-02  6.544169e-01
1.800000e-02  6.297410e-01
2.100000e-02  6.088482e-01
2.400000e-02  5.907857e-01
2.700000e-02  5.749159e-01
3.000000e-02  5.607922e-01
3.300000e-02  5.480897e-01
3.600000e-02  5.365649e-01
3.900000e-02  5.260309e-01
4.200000e-02  5.163414e-01
4.500000e-02  5.073795e-01
4.800000e-02  4.990505e-01
5.100000e-02  4.912768e-01
5.400000e-02  4.839938e-01
5.700000e-02  4.771474e-01
6.000000e-02  4.706918e-01
6.300000e-02  4.645879e-01
6.600000e-02  4.588019e-01
6.900000e-02  4.533047e-01
7.200000e-02  4.480708e-01
7.500000e-02  4.430780e-01
7.800000e-02  4.383066e-01
8.100000e-02  4.337392e-01
8.400000e-02  4.293603e-01
8.700000e-02  4.251561e-01
9.000000e-02  4.211141e-01
9.300000e-02  4.172233e-01
9.600000e-02  4.134736e-01
9.900000e-02  4.098558e-01
1.020000e-01  4.063616e-01
1.050000e-01  4.029835e-01
1.080000e-01  3.997146e-01
1.110000e-01  3.965486e-01
1.140000e-01  3.934795e-01
1.170000e-01  3.905022e-01
1.200000e-01  3.876117e-01
1.230000e-01  3.848034e-01
1.260000e-01  3.820731e-01
1.290000e-01  3.794170e-01
1.320000e-01  3.768313e-01
1.350000e-01  3.743128e-01
1.380000e-01  3.718583e-01
1.410000e-01  3.694648e-01
1.440000e-01  3.671296e-01
1.470000e-01  3.648501e-01
1.500000e-01  3.626239e-01
1.530000e-01  3.604489e-01
1.560000e-01  3.583227e-01
1.590000e-01  3.562435e-01
1.620000e-01  3.542094e-01
1.650000e-01  3.522185e-01
1.680000e-01  3.502693e-01
1.710000e-01  3.483601e-01
1.740000e-01  3.464894e-01
1.770000e-01  3.446559e-01
1.800000e-01  3.428582e-01
1.830000e-01  3.410949e-01
1.860000e-01  3.393650e-01
1.890000e-01  3.376672e-01
1.920000e-01  3.360004e-01
1.950000e-01  3.343638e-01
1.980000e-01  3.327561e-01
2.010000e-01  3.311765e-01
2.040000e-01  3.296241e-01
2.070000e-01  3.280981e-01
2.100000e-01  3.265976e-01
2.130000e-01  3.251218e-01
2.160000e-01  3.236700e-01
2.190000e-01  3.222415e-01
2.220000e-01  3.208355e-01
2.250000e-01  3.194515e-01
2.280000e-01  3.180888e-01
2.310000e-01  3.167468e-01
2.340000e-01  3.154250e-01
2.370000e-01  3.141226e-01
2.400000e-01  3.128394e-01
2.430000e-01  3.115746e-01
2.460000e-01  3.103279e-01
2.490000e-01  3.090987e-01
2.520000e-01  3.078866e-01
2.550000e-01  3.066912e-01
2.580000e-01  3.055120e-01
2.610000e-01  3.043486e-01
2.640000e-01  3.032006e-01
2.670000e-01  3.020678e-01
2.700000e-01  3.009496e-01
2.730000e-01  2.998457e-01
2.760000e-01  2.987558e-01
2.790000e-01  2.976796e-01
2.820000e-01  2.966168e-01
2.850000e-01  2.955670e-01
2.880000e-01  2.945299e-01
2.910000e-01  2.935053e-01
2.940000e-01  2.924928e-01
2.970000e-01  2.914923e-01
3.000000e-01  2.905034e-01
3.030000e-01  2.895259e-01
3.060000e-01  2.885595e-01
3.090000e-01  2.876041e-01
3.120000e-01  2.866593e-01
3.150000e-01  2.857250e-01
3.180000e-01  2.848009e-01
3.210000e-01  2.838869e-01
3.240000e-01  2.829827e-01
3.270000e-01  2.820881e-01
3.300000e-01  2.812029e-01
3.330000e-01  2.803271e-01
3.360000e-01  2.794602e-01
3.390000e-01  2.786023e-01
3.420000e-01  2.777531e-01
3.450000e-01  2.769124e-01
3.480000e-01  2.760802e-01
3.510000e-01  2.752561e-01
3.540000e-01  2.744402e-01
3.570000e-01  2.736322e-01
3.600000e-01  2.728320e-01
3.630000e-01  2.720394e-01
3.660000e-01  2.712543e-01
3.690000e-01  2.704766e-01
3.720000e-01  2.697061e-01
3.750000e-01  2.689428e-01
3.780000e-01  2.681864e-01
3.810000e-01  2.674369e-01
3.840000e-01  2.666942e-01
3.870000e-01  2.659581e-01
3.900000e-01  2.652285e-01
3.930000e-01  2.645054e-01
3.960000e-01  2.637885e-01
3.990000e-01  2.630779e-01
4.020000e-01  2.623733e-01
4.050000e-01  2.616748e-01
4.080000e-01  2.609821e-01
4.110000e-01  2.602953e-01
4.140000e-01  2.596141e-01
4.170000e-01  2.589386e-01
4.200000e-01  2.582687e-01
4.230000e-01  2.576041e-01
4.260000e-01  2.569450e-01
4.290000e-01  2.562911e-01
4.320000e-01  2.556425e-01
4.350000e-01  2.549989e-01
4.380000e-01  2.543604e-01
4.410000e-01  2.537269e-01
4.440000e-01  2.530982e-01
4.470000e-01  2.524744e-01
4.500000e-01  2.518553e-01
4.530000e-01  2.512410e-01
4.560000e-01  2.506312e-01
4.590000e-01  2.500259e-01
4.620000e-01  2.494252e-01
4.650000e-01  2.488289e-01
4.680000e-01  2.482369e-01
4.710000e-01  2.476492e-01
4.740000e-01  2.470657e-01
4.770000e-01  2.464865e-01
4.800000e-01  2.459113e-01
4.830000e-01  2.453402e-01
4.860000e-01  2.447731e-01
4.890000e-01  2.442099e-01
4.920000e-01  2.436507e-01
4.950000e-01  2.430953e-01
4.980000e-01  2.425436e-01
5.010000e-01  2.419958e-01
5.040000e-01  2.414516e-01
5.070000e-01  2.409110e-01
5.100000e-01  2.403741e-01
5.130000e-01  2.398407e-01
5.160000e-01  2.393108e-01
5.190000e-01  2.387844e-01
5.220000e-01  2.382614e-01
5.250000e-01  2.377417e-01
5.280000e-01  2.372254e-01
5.310000e-01  2.367124e-01
5.340000e-01  2.362026e-01
5.370000e-01  2.356960e-01
5.400000e-01  2.351926e-01
5.430000e-01  2.346923e-01
5.460000e-01  2.341951e-01
5.490000e-01  2.337010e-01
5.520000e-01  2.332098e-01
5.550000e-01  2.327217e-01
5.580000e-01  2.322365e-01
5.610000e-01  2.317542e-01
5.640000e-01  2.312748e-01
5.670000e-01  2.307982e-01
5.700000e-01  2.303244e-01
5.730000e-01  2.298534e-01
5.760000e-01  2.293851e-01
5.790000e-01  2.289196e-01
5.820000e-01  2.284567e-01
5.850000e-01  2.279964e-01
5.880000e-01  2.275388e-01
5.910000e-01  2.270838e-01
5.940000e-01  2.266314e-01
5.970000e-01  2.261814e-01
6.000000e-01  2.257340e-01
6.030000e-01  2.252890e-01
6.060000e-01  2.248465e-01
6.090000e-01  2.244064e-01
6.120000e-01  2.239687e-01
6.150000e-01  2.235334e-01
6.180000e-01  2.231004e-01
6.210000e-01  2.226697e-01
6.240000e-01  2.222413e-01
6.270000e-01  2.218152e-01
6.300000e-01  2.213913e-01
6.330000e-01  2.209697e-01
6.360000e-01  2.205502e-01
6.390000e-01  2.201329e-01
6.420000e-01  2.197178e-01
6.450000e-01  2.193048e-01
6.480000e-01  2.188939e-01
6.510000e-01  2.184851e-01
6.540000e-01  2.180783e-01
6.570000e-01  2.176736e-01
6.600000e-01  2.172709e-01
6.630000e-01  2.168702e-01
6.660000e-01  2.164715e-01
6.690000e-01  2.160747e-01
6.720000e-01  2.156799e-01
6.750000e-01  2.152870e-01
6.780000e-01  2.148960e-01
6.810000e-01  2.145068e-01
6.840000e-01  2.141196e-01
6.870000e-01  2.137342e-01
6.900000e-01  2.133506e-01
6.930000e-01  2.129688e-01
6.960000e-01  2.125888e-01
6.990000e-01  2.122106e-01
7.020000e-01  2.118342e-01
7.050000e-01  2.114595e-01
7.080000e-01  2.110865e-01
7.110000e-01  2.107152e-01
7.140000e-01  2.103456e-01
7.170000e-01  2.099777e-01
7.200000e-01  2.096114e-01
7.230000e-01  2.092468e-01
7.260000e-01  2.088838e-01
7.290000e-01  2.085225e-01
7.320000e-01  2.081627e-01
7.350000e-01  2.078045e-01
7.380000e-01  2.074479e-01
7.410000e-01  2.070928e-01
7.440000e-01  2.067393e-01
7.470000e-01  2.063873e-01
7.500000e-01  2.060368e-01
7.530000e-01  2.056879e-01
7.560000e-01  2.053404e-01
7.590000e-01  2.049943e-01
7.620000e-01  2.046498e-01
7.650000e-01  2.043066e-01
7.680000e-01  2.039650e-01
7.710000e-01  2.036247e-01
7.740000e-01  2.032858e-01
7.770000e-01  2.029484e-01
7.800000e-01  2.026123e-01
7.830000e-01  2.022776e-01
7.860000e-01  2.019442e-01
7.890000e-01  2.016122e-01
7.920000e-01  2.012816e-01
7.950000e-01  2.009522e-01
7.980000e-01  2.006242e-01
8.010000e-01  2.002974e-01
8.040000e-01  1.999720e-01
8.070000e-01  1.996479e-01
8.100000e-01  1.993250e-01
8.130000e-01  1.990033e-01
8.160000e-01  1.986830e-01
8.190000e-01  1.983638e-01
8.220000e-01  1.980459e-01
8.250000e-01  1.977292e-01
8.280000e-01  1.974137e-01
8.310000e-01  1.970994e-01
8.340000e-01  1.967863e-01
8.370000e-01  1.964744e-01
8.400000e-01  1.961636e-01
8.430000e-01  1.958540e-01
8.460000e-01  1.955455e-01
8.490000e-01  1.952382e-01
8.520000e-01  1.949320e-01
8.550000e-01  1.946269e-01
8.580000e-01  1.943230e-01
8.610000e-01  1.940201e-01
8.640000e-01  1.937183e-01
8.670000e-01  1.934176e-01
8.700000e-01  1.931180e-01
8.730000e-01  1.928195e-01
8.760000e-01  1.925220e-01
8.790000e-01  1.922256e-01
8.820000e-01  1.919302e-01
8.850000e-01  1.916359e-01
8.880000e-01  1.913425e-01
8.910000e-01  1.910502e-01
8.940000e-01  1.907589e-01
8.970000e-01  1.904686e-01
9.000000e-01  1.901793e-01
9.030000e-01  1.898910e-01
9.060000e-01  1.896037e-01
9.090000e-01  1.893173e-01
9.120000e-01  1.890320e-01
9.150000e-01  1.887475e-01
9.180000e-01  1.884640e-01
9.210000e-01  1.881815e-01
9.240000e-01  1.878999e-01
9.270000e-01  1.876192e-01
9.300000e-01  1.873394e-01
9.330000e-01  1.870606e-01
9.360000e-01  1.867826e-01
9.390000e-01  1.865056e-01
9.420000e-01  1.862295e-01
9.450000e-01  1.859542e-01
9.480000e-01  1.856798e-01
9.510000e-01  1.854063e-01
9.540000e-01  1.851337e-01
9.570000e-01  1.848619e-01
9.600000e-01  1.845910e-01
9.630000e-01  1.843209e-01
9.660000e-01  1.840517e-01
9.690000e-01  1.837833e-01
9.720000e-01  1.835157e-01
9.750000e-01  1.832490e-01
9.780000e-01  1.829831e-01
9.810000e-01  1.827180e-01
9.840000e-01  1.824537e-01
9.870000e-01  1.821902e-01
9.900000e-01  1.819275e-01
9.930000e-01  1.816656e-01
9.960000e-01  1.814044e-01
9.990000e-01  1.811441e-01
