000000  000001
3.000000e-03  7.419357e-01
6.000000e-03  6.504722e-01
9.000000e-03  5.955601e-01
1.200000e-02  5.568926e-01
1.500000e-02  5.273460e-01
1.800000e-02  5.036045e-01
2.100000e-02  4.838632e-01
2.400000e-02  4.670345e-01
2.700000e-02  4.524147e-01
3.000000e-02  4.395234e-01
3.300000e-02  4.280185e-01
3.600000e-02  4.176485e-01
3.900000e-02  4.082232e-01
4.200000e-02  3.995956e-01
4.500000e-02  3.916495e-01
4.800000e-02  3.842920e-01
5.100000e-02  3.774476e-01
5.400000e-02  3.710538e-01
5.700000e-02  3.650589e-01
6.000000e-02  3.594192e-01
6.300000e-02  3.540976e-01
6.600000e-02  3.490626e-01
6.900000e-02  3.442868e-01
7.200000e-02  3.397466e-01
7.500000e-02  3.354212e-01
7.800000e-02  3.312926e-01
8.100000e-02  3.273447e-01
8.400000e-02  3.235634e-01
8.700000e-02  3.199360e-01
9.000000e-02  3.164514e-01
9.300000e-02  3.130992e-01
9.600000e-02  3.098706e-01
9.900000e-02  3.067572e-01
1.020000e-01  3.037515e-01
1.050000e-01  3.008468e-01
1.080000e-01  2.980369e-01
1.110000e-01  2.953161e-01
1.140000e-01  2.926794e-01
1.170000e-01  2.901219e-01
1.200000e-01  2.876393e-01
1.230000e-01  2.852275e-01
1.260000e-01  2.828828e-01
1.290000e-01  2.806018e-01
1.320000e-01  2.783813e-01
1.350000e-01  2.762183e-01
1.380000e-01  2.741100e-01
1.410000e-01  2.720540e-01
1.440000e-01  2.700477e-01
1.470000e-01  2.680889e-01
1.500000e-01  2.661755e-01
1.530000e-01  2.643056e-01
1.560000e-01  2.624773e-01
1.590000e-01  2.606889e-01
1.620000e-01  2.589386e-01
1.650000e-01  2.572251e-01
1.680000e-01  2.555468e-01
1.710000e-01  2.539024e-01
1.740000e-01  2.522905e-01
1.770000e-01  2.507100e-01
1.800000e-01  2.491596e-01
1.830000e-01  2.476384e-01
1.860000e-01  2.461451e-01
1.890000e-01  2.446790e-01
1.920000e-01  2.432389e-01
1.950000e-01  2.418240e-01
1.980000e-01  2.404336e-01
2.010000e-01  2.390667e-01
2.040000e-01  2.377225e-01
2.070000e-01  2.364004e-01
2.100000e-01  2.350997e-01
2.130000e-01  2.338196e-01
2.160000e-01  2.325596e-01
2.190000e-01  2.313190e-01
2.220000e-01  2.300973e-01
2.250000e-01  2.288938e-01
2.280000e-01  2.277080e-01
2.310000e-01  2.265395e-01
2.340000e-01  2.253877e-01
2.370000e-01  2.242521e-01
2.400000e-01  2.231324e-01
2.430000e-01  2.220280e-01
2.460000e-01  2.209385e-01
2.490000e-01  2.198636e-01
2.520000e-01  2.188028e-01
2.550000e-01  2.177559e-01
2.580000e-01  2.167223e-01
2.610000e-01  2.157017e-01
2.640000e-01  2.146940e-01
2.670000e-01  2.136986e-01
2.700000e-01  2.127153e-01
2.730000e-01  2.117438e-01
2.760000e-01  2.107838e-01
2.790000e-01  2.098351e-01
2.820000e-01  2.088972e-01
2.850000e-01  2.079702e-01
2.880000e-01  2.070535e-01
2.910000e-01  2.061470e-01
2.940000e-01  2.052505e-01
2.970000e-01  2.043637e-01
3.000000e-01  2.034865e-01
3.030000e-01  2.026185e-01
3.060000e-01  2.017596e-01
3.090000e-01  2.009096e-01
3.120000e-01  2.000683e-01
3.150000e-01  1.992355e-01
3.180000e-01  1.984110e-01
3.210000e-01  1.975947e-01
3.240000e-01  1.967863e-01
3.270000e-01  1.959857e-01
3.300000e-01  1.951927e-01
3.330000e-01  1.944073e-01
3.360000e-01  1.936291e-01
3.390000e-01  1.928582e-01
3.420000e-01  1.920942e-01
3.450000e-01  1.913371e-01
3.480000e-01  1.905868e-01
3.510000e-01  1.898431e-01
3.540000e-01  1.891058e-01
3.570000e-01  1.883750e-01
3.600000e-01  1.876503e-01
3.630000e-01  1.869318e-01
3.660000e-01  1.862192e-01
3.690000e-01  1.855126e-01
3.720000e-01  1.848117e-01
3.750000e-01  1.841164e-01
3.780000e-01  1.834267e-01
3.810000e-01  1.827425e-01
3.840000e-01  1.820636e-01
3.870000e-01  1.813899e-01
3.900000e-01  1.807214e-01
3.930000e-01  1.800580e-01
3.960000e-01  1.793995e-01
3.990000e-01  1.787459e-01
4.020000e-01  1.780971e-01
4.050000e-01  1.774530e-01
4.080000e-01  1.768135e-01
4.110000e-01  1.761785e-01
4.140000e-01  1.755480e-01
4.170000e-01  1.749219e-01
4.200000e-01  1.743001e-01
4.230000e-01  1.736825e-01
4.260000e-01  1.730690e-01
4.290000e-01  1.724597e-01
4.320000e-01  1.718543e-01
4.350000e-01  1.712529e-01
4.380000e-01  1.706554e-01
4.410000e-01  1.700617e-01
4.440000e-01  1.694717e-01
4.470000e-01  1.688854e-01
4.500000e-01  1.683027e-01
4.530000e-01  1.677236e-01
4.560000e-01  1.671480e-01
4.590000e-01  1.665758e-01
4.620000e-01  1.660070e-01
4.650000e-01  1.654415e-01
4.680000e-01  1.648793e-01
4.710000e-01  1.643204e-01
4.740000e-01  1.637645e-01
4.770000e-01  1.632118e-01
4.800000e-01  1.626622e-01
4.830000e-01  1.621155e-01
4.860000e-01  1.615718e-01
4.890000e-01  1.610311e-01
4.920000e-01  1.604931e-01
4.950000e-01  1.599581e-01
4.980000e-01  1.594257e-01
5.010000e-01  1.588961e-01
5.040000e-01  1.583692e-01
5.070000e-01  1.578449e-01
5.100000e-01  1.573232e-01
5.130000e-01  1.568040e-01
5.160000e-01  1.562873e-01
5.190000e-01  1.557732e-01
5.220000e-01  1.552614e-01
5.250000e-01  1.547520e-01
5.280000e-01  1.542449e-01
5.310000e-01  1.537402e-01
5.340000e-01  1.532377e-01
5.370000e-01  1.527375e-01
5.400000e-01  1.522394e-01
5.430000e-01  1.517435e-01
5.460000e-01  1.512497e-01
5.490000e-01  1.507580e-01
5.520000e-01  1.502683e-01
5.550000e-01  1.497806e-01
5.580000e-01  1.492949e-01
5.610000e-01  1.488112e-01
5.640000e-01  1.483293e-01
5.670000e-01  1.478494e-01
5.700000e-01  1.473712e-01
5.730000e-01  1.468949e-01
5.760000e-01  1.464203e-01
5.790000e-01  1.459475e-01
5.820000e-01  1.454764e-01
5.850000e-01  1.450070e-01
5.880000e-01  1.445392e-01
5.910000e-01  1.440730e-01
5.940000e-01  1.436084e-01
5.970000e-01  1.431454e-01
6.000000e-01  1.426839e-01
6.030000e-01  1.422239e-01
6.060000e-01  1.417654e-01
6.090000e-01  1.413083e-01
6.120000e-01  1.408526e-01
6.150000e-01  1.403982e-01
6.180000e-01  1.399453e-01
6.210000e-01  1.394936e-01
6.240000e-01  1.390432e-01
6.270000e-01  1.385941e-01
6.300000e-01  1.381463e-01
6.330000e-01  1.376996e-01
6.360000e-01  1.372541e-01
6.390000e-01  1.368098e-01
6.420000e-01  1.363666e-01
6.450000e-01  1.359245e-01
6.480000e-01  1.354834e-01
6.510000e-01  1.350434e-01
6.540000e-01  1.346044e-01
6.570000e-01  1.341664e-01
6.600000e-01  1.337294e-01
6.630000e-01  1.332932e-01
6.660000e-01  1.328580e-01
6.690000e-01  1.324237e-01
6.720000e-01  1.319902e-01
6.750000e-01  1.315575e-01
6.780000e-01  1.311256e-01
6.810000e-01  1.306945e-01
6.840000e-01  1.302641e-01
6.870000e-01  1.298345e-01
6.900000e-01  1.294055e-01
6.930000e-01  1.289772e-01
6.960000e-01  1.285495e-01
6.990000e-01  1.281224e-01
7.020000e-01  1.276958e-01
7.050000e-01  1.272698e-01
7.080000e-01  1.268444e-01
7.110000e-01  1.264194e-01
7.140000e-01  1.259948e-01
7.170000e-01  1.255707e-01
7.200000e-01  1.251470e-01
7.230000e-01  1.247237e-01
7.260000e-01  1.243006e-01
7.290000e-01  1.238779e-01
7.320000e-01  1.234555e-01
7.350000e-01  1.230333e-01
7.380000e-01  1.226113e-01
7.410000e-01  1.221895e-01
7.440000e-01  1.217678e-01
7.470000e-01  1.213463e-01
7.500000e-01  1.209248e-01
7.530000e-01  1.205034e-01
7.560000e-01  000000
7.590000e-01  000000
7.620000e-01  000000
7.650000e-01  000000
7.680000e-01  000000
7.710000e-01  000000
7.740000e-01  000000
7.770000e-01  000000
7.800000e-01  000000
7.830000e-01  000000
7.860000e-01  000000
7.890000e-01  000000
7.920000e-01  000000
7.950000e-01  000000
7.980000e-01  000000
8.010000e-01  000000
8.040000e-01  000000
8.070000e-01  000000
8.100000e-01  000000
8.130000e-01  000000
8.160000e-01  000000
8.190000e-01  000000
8.220000e-01  000000
8.250000e-01  000000
8.280000e-01  000000
8.310000e-01  000000
8.340000e-01  000000
8.370000e-01  000000
8.400000e-01  000000
8.430000e-01  000000
8.460000e-01  000000
8.490000e-01  000000
8.520000e-01  000000
8.550000e-01  000000
8.580000e-01  000000
8.610000e-01  000000
8.640000e-01  000000
8.670000e-01  000000
8.700000e-01  000000
8.730000e-01  000000
8.760000e-01  000000
8.790000e-01  000000
8.820000e-01  000000
8.850000e-01  000000
8.880000e-01  000000
8.910000e-01  000000
8.940000e-01  000000
8.970000e-01  000000
9.000000e-01  000000
9.030000e-01  000000
9.060000e-01  000000
9.090000e-01  000000
9.120000e-01  000000
9.150000e-01  000000
9.180000e-01  000000
9.210000e-01  000000
9.240000e-01  000000
9.270000e-01  000000
9.300000e-01  000000
9.330000e-01  000000
9.360000e-01  000000
9.390000e-01  000000
9.420000e-01  000000
9.450000e-01  000000
9.480000e-01  000000
9.510000e-01  000000
9.540000e-01  000000
9.570000e-01  000000
9.600000e-01  000000
9.630000e-01  000000
9.660000e-01  000000
9.690000e-01  000000
9.720000e-01  000000
9.750000e-01  000000
9.780000e-01  000000
9.810000e-01  000000
9.840000e-01  000000
9.870000e-01  000000
9.900000e-01  000000
9.930000e-01  000000
9.960000e-01  000000
9.990000e-01  000000
