000000  000001
3.000000e-03  7.125589e-01
6.000000e-03  6.196201e-01
9.000000e-03  5.648993e-01
1.200000e-02  5.267370e-01
1.500000e-02  4.977490e-01
1.800000e-02  4.745508e-01
2.100000e-02  4.553181e-01
2.400000e-02  4.389597e-01
2.700000e-02  4.247734e-01
3.000000e-02  4.122817e-01
3.300000e-02  4.011460e-01
3.600000e-02  3.911180e-01
3.900000e-02  3.820105e-01
4.200000e-02  3.736789e-01
4.500000e-02  3.660095e-01
4.800000e-02  3.589112e-01
5.100000e-02  3.523102e-01
5.400000e-02  3.461456e-01
5.700000e-02  3.403668e-01
6.000000e-02  3.349314e-01
6.300000e-02  3.298033e-01
6.600000e-02  3.249518e-01
6.900000e-02  3.203503e-01
7.200000e-02  3.159759e-01
7.500000e-02  3.118085e-01
7.800000e-02  3.078306e-01
8.100000e-02  3.040267e-01
8.400000e-02  3.003830e-01
8.700000e-02  2.968874e-01
9.000000e-02  2.935289e-01
9.300000e-02  2.902978e-01
9.600000e-02  2.871853e-01
9.900000e-02  2.841834e-01
1.020000e-01  2.812849e-01
1.050000e-01  2.784833e-01
1.080000e-01  2.757726e-01
1.110000e-01  2.731474e-01
1.140000e-01  2.706027e-01
1.170000e-01  2.681339e-01
1.200000e-01  2.657369e-01
1.230000e-01  2.634076e-01
1.260000e-01  2.611427e-01
1.290000e-01  2.589386e-01
1.320000e-01  2.567925e-01
1.350000e-01  2.547013e-01
1.380000e-01  2.526625e-01
1.410000e-01  2.506736e-01
1.440000e-01  2.487322e-01
1.470000e-01  2.468362e-01
1.500000e-01  2.449836e-01
1.530000e-01  2.431725e-01
1.560000e-01  2.414011e-01
1.590000e-01  2.396678e-01
1.620000e-01  2.379709e-01
1.650000e-01  2.363090e-01
1.680000e-01  2.346807e-01
1.710000e-01  2.330847e-01
1.740000e-01  2.315197e-01
1.770000e-01  2.299845e-01
1.800000e-01  2.284782e-01
1.830000e-01  2.269994e-01
1.860000e-01  2.255474e-01
1.890000e-01  2.241211e-01
1.920000e-01  2.227197e-01
1.950000e-01  2.213422e-01
1.980000e-01  2.199879e-01
2.010000e-01  2.186560e-01
2.040000e-01  2.173457e-01
2.070000e-01  2.160563e-01
2.100000e-01  2.147872e-01
2.130000e-01  2.135377e-01
2.160000e-01  2.123072e-01
2.190000e-01  2.110951e-01
2.220000e-01  2.099009e-01
2.250000e-01  2.087240e-01
2.280000e-01  2.075638e-01
2.310000e-01  2.064200e-01
2.340000e-01  2.052920e-01
2.370000e-01  2.041793e-01
2.400000e-01  2.030816e-01
2.430000e-01  2.019984e-01
2.460000e-01  2.009293e-01
2.490000e-01  1.998739e-01
2.520000e-01  1.988318e-01
2.550000e-01  1.978027e-01
2.580000e-01  1.967863e-01
2.610000e-01  1.957821e-01
2.640000e-01  1.947900e-01
2.670000e-01  1.938094e-01
2.700000e-01  1.928403e-01
2.730000e-01  1.918822e-01
2.760000e-01  1.909350e-01
2.790000e-01  1.899982e-01
2.820000e-01  1.890717e-01
2.850000e-01  1.881552e-01
2.880000e-01  1.872485e-01
2.910000e-01  1.863514e-01
2.940000e-01  1.854635e-01
2.970000e-01  1.845847e-01
3.000000e-01  1.837148e-01
3.030000e-01  1.828535e-01
3.060000e-01  1.820007e-01
3.090000e-01  1.811562e-01
3.120000e-01  1.803197e-01
3.150000e-01  1.794911e-01
3.180000e-01  1.786702e-01
3.210000e-01  1.778569e-01
3.240000e-01  1.770509e-01
3.270000e-01  1.762521e-01
3.300000e-01  1.754604e-01
3.330000e-01  1.746755e-01
3.360000e-01  1.738974e-01
3.390000e-01  1.731259e-01
3.420000e-01  1.723609e-01
3.450000e-01  1.716021e-01
3.480000e-01  1.708495e-01
3.510000e-01  1.701030e-01
3.540000e-01  1.693623e-01
3.570000e-01  1.686275e-01
3.600000e-01  1.678983e-01
3.630000e-01  1.671747e-01
3.660000e-01  1.664565e-01
3.690000e-01  1.657436e-01
3.720000e-01  1.650359e-01
3.750000e-01  1.643333e-01
3.780000e-01  1.636357e-01
3.810000e-01  1.629430e-01
3.840000e-01  1.622551e-01
3.870000e-01  1.615718e-01
3.900000e-01  1.608932e-01
3.930000e-01  1.602190e-01
3.960000e-01  1.595493e-01
3.990000e-01  1.588838e-01
4.020000e-01  1.582226e-01
4.050000e-01  1.575655e-01
4.080000e-01  1.569125e-01
4.110000e-01  1.562634e-01
4.140000e-01  1.556182e-01
4.170000e-01  1.549768e-01
4.200000e-01  1.543391e-01
4.230000e-01  1.537051e-01
4.260000e-01  1.530746e-01
4.290000e-01  1.524476e-01
4.320000e-01  1.518241e-01
4.350000e-01  1.512039e-01
4.380000e-01  1.505869e-01
4.410000e-01  1.499732e-01
4.440000e-01  1.493626e-01
4.470000e-01  1.487551e-01
4.500000e-01  1.481505e-01
4.530000e-01  1.475489e-01
4.560000e-01  1.469502e-01
4.590000e-01  1.463543e-01
4.620000e-01  1.457611e-01
4.650000e-01  1.451706e-01
4.680000e-01  1.445826e-01
4.710000e-01  1.439973e-01
4.740000e-01  1.434144e-01
4.770000e-01  1.428340e-01
4.800000e-01  1.422560e-01
4.830000e-01  1.416802e-01
4.860000e-01  1.411067e-01
4.890000e-01  1.405354e-01
4.920000e-01  1.399663e-01
4.950000e-01  1.393992e-01
4.980000e-01  1.388342e-01
5.010000e-01  1.382711e-01
5.040000e-01  1.377100e-01
5.070000e-01  1.371507e-01
5.100000e-01  1.365932e-01
5.130000e-01  1.360375e-01
5.160000e-01  1.354834e-01
5.190000e-01  1.349310e-01
5.220000e-01  1.343802e-01
5.250000e-01  1.338309e-01
5.280000e-01  1.332831e-01
5.310000e-01  1.327367e-01
5.340000e-01  1.321917e-01
5.370000e-01  1.316480e-01
5.400000e-01  1.311056e-01
5.430000e-01  1.305643e-01
5.460000e-01  1.300242e-01
5.490000e-01  1.294853e-01
5.520000e-01  1.289473e-01
5.550000e-01  1.284104e-01
5.580000e-01  1.278743e-01
5.610000e-01  1.273392e-01
5.640000e-01  1.268048e-01
5.670000e-01  1.262712e-01
5.700000e-01  1.257383e-01
5.730000e-01  1.252061e-01
5.760000e-01  1.246744e-01
5.790000e-01  1.241433e-01
5.820000e-01  1.236126e-01
5.850000e-01  1.230824e-01
5.880000e-01  1.225524e-01
5.910000e-01  1.220228e-01
5.940000e-01  1.214933e-01
5.970000e-01  1.209640e-01
6.000000e-01  1.204348e-01
6.030000e-01  000000
6.060000e-01  000000
6.090000e-01  000000
6.120000e-01  000000
6.150000e-01  000000
6.180000e-01  000000
6.210000e-01  000000
6.240000e-01  000000
6.270000e-01  000000
6.300000e-01  000000
6.330000e-01  000000
6.360000e-01  000000
6.390000e-01  000000
6.420000e-01  000000
6.450000e-01  000000
6.480000e-01  000000
6.510000e-01  000000
6.540000e-01  000000
6.570000e-01  000000
6.600000e-01  000000
6.630000e-01  000000
6.660000e-01  000000
6.690000e-01  000000
6.720000e-01  000000
6.750000e-01  000000
6.780000e-01  000000
6.810000e-01  000000
6.840000e-01  000000
6.870000e-01  000000
6.900000e-01  000000
6.930000e-01  000000
6.960000e-01  000000
6.990000e-01  000000
7.020000e-01  000000
7.050000e-01  000000
7.080000e-01  000000
7.110000e-01  000000
7.140000e-01  000000
7.170000e-01  000000
7.200000e-01  000000
7.230000e-01  000000
7.260000e-01  000000
7.290000e-01  000000
7.320000e-01  000000
7.350000e-01  000000
7.380000e-01  000000
7.410000e-01  000000
7.440000e-01  000000
7.470000e-01  000000
7.500000e-01  000000
7.530000e-01  000000
7.560000e-01  000000
7.590000e-01  000000
7.620000e-01  000000
7.650000e-01  000000
7.680000e-01  000000
7.710000e-01  000000
7.740000e-01  000000
7.770000e-01  000000
7.800000e-01  000000
7.830000e-01  000000
7.860000e-01  000000
7.890000e-01  000000
7.920000e-01  000000
7.950000e-01  000000
7.980000e-01  000000
8.010000e-01  000000
8.040000e-01  000000
8.070000e-01  000000
8.100000e-01  000000
8.130000e-01  000000
8.160000e-01  000000
8.190000e-01  000000
8.220000e-01  000000
8.250000e-01  000000
8.280000e-01  000000
8.310000e-01  000000
8.340000e-01  000000
8.370000e-01  000000
8.400000e-01  000000
8.430000e-01  000000
8.460000e-01  000000
8.490000e-01  000000
8.520000e-01  000000
8.550000e-01  000000
8.580000e-01  000000
8.610000e-01  000000
8.640000e-01  000000
8.670000e-01  000000
8.700000e-01  000000
8.730000e-01  000000
8.760000e-01  000000
8.790000e-01  000000
8.820000e-01  000000
8.850000e-01  000000
8.880000e-01  000000
8.910000e-01  000000
8.940000e-01  000000
8.970000e-01  000000
9.000000e-01  000000
9.030000e-01  000000
9.060000e-01  000000
9.090000e-01  000000
9.120000e-01  000000
9.150000e-01  000000
9.180000e-01  000000
9.210000e-01  000000
9.240000e-01  000000
9.270000e-01  000000
9.300000e-01  000000
9.330000e-01  000000
9.360000e-01  000000
9.390000e-01  000000
9.420000e-01  000000
9.450000e-01  000000
9.480000e-01  000000
9.510000e-01  000000
9.540000e-01  000000
9.570000e-01  000000
9.600000e-01  000000
9.630000e-01  000000
9.660000e-01  000000
9.690000e-01  000000
9.720000e-01  000000
9.750000e-01  000000
9.780000e-01  000000
9.810000e-01  000000
9.840000e-01  000000
9.870000e-01  000000
9.900000e-01  000000
9.930000e-01  000000
9.960000e-01  000000
9.990000e-01  000000
