000000  000001
3.000000e-03  8.438735e-01
6.000000e-03  7.660284e-01
9.000000e-03  7.145702e-01
1.200000e-02  6.764652e-01
1.500000e-02  6.464052e-01
1.800000e-02  6.217057e-01
2.100000e-02  6.008231e-01
2.400000e-02  5.827897e-01
2.700000e-02  5.669602e-01
3.000000e-02  5.528830e-01
3.300000e-02  5.402304e-01
3.600000e-02  5.287572e-01
3.900000e-02  5.182755e-01
4.200000e-02  5.086381e-01
4.500000e-02  4.997276e-01
4.800000e-02  4.914491e-01
5.100000e-02  4.837248e-01
5.400000e-02  4.764900e-01
5.700000e-02  4.696906e-01
6.000000e-02  4.632807e-01
6.300000e-02  4.572212e-01
6.600000e-02  4.514783e-01
6.900000e-02  4.460230e-01
7.200000e-02  4.408298e-01
7.500000e-02  4.358764e-01
7.800000e-02  4.311434e-01
8.100000e-02  4.266132e-01
8.400000e-02  4.222706e-01
8.700000e-02  4.181016e-01
9.000000e-02  4.140939e-01
9.300000e-02  4.102364e-01
9.600000e-02  4.065191e-01
9.900000e-02  4.029328e-01
1.020000e-01  3.994694e-01
1.050000e-01  3.961212e-01
1.080000e-01  3.928815e-01
1.110000e-01  3.897439e-01
1.140000e-01  3.867026e-01
1.170000e-01  3.837523e-01
1.200000e-01  3.808882e-01
1.230000e-01  3.781057e-01
1.260000e-01  3.754006e-01
1.290000e-01  3.727691e-01
1.320000e-01  3.702075e-01
1.350000e-01  3.677125e-01
1.380000e-01  3.652809e-01
1.410000e-01  3.629099e-01
1.440000e-01  3.605967e-01
1.470000e-01  3.583388e-01
1.500000e-01  3.561337e-01
1.530000e-01  3.539792e-01
1.560000e-01  3.518733e-01
1.590000e-01  3.498139e-01
1.620000e-01  3.477992e-01
1.650000e-01  3.458274e-01
1.680000e-01  3.438968e-01
1.710000e-01  3.420059e-01
1.740000e-01  3.401533e-01
1.770000e-01  3.383373e-01
1.800000e-01  3.365569e-01
1.830000e-01  3.348106e-01
1.860000e-01  3.330973e-01
1.890000e-01  3.314159e-01
1.920000e-01  3.297652e-01
1.950000e-01  3.281443e-01
1.980000e-01  3.265522e-01
2.010000e-01  3.249878e-01
2.040000e-01  3.234504e-01
2.070000e-01  3.219391e-01
2.100000e-01  3.204530e-01
2.130000e-01  3.189915e-01
2.160000e-01  3.175537e-01
2.190000e-01  3.161389e-01
2.220000e-01  3.147465e-01
2.250000e-01  3.133759e-01
2.280000e-01  3.120263e-01
2.310000e-01  3.106972e-01
2.340000e-01  3.093880e-01
2.370000e-01  3.080982e-01
2.400000e-01  3.068272e-01
2.430000e-01  3.055746e-01
2.460000e-01  3.043398e-01
2.490000e-01  3.031223e-01
2.520000e-01  3.019218e-01
2.550000e-01  3.007378e-01
2.580000e-01  2.995699e-01
2.610000e-01  2.984176e-01
2.640000e-01  2.972805e-01
2.670000e-01  2.961584e-01
2.700000e-01  2.950508e-01
2.730000e-01  2.939574e-01
2.760000e-01  2.928778e-01
2.790000e-01  2.918118e-01
2.820000e-01  2.907589e-01
2.850000e-01  2.897190e-01
2.880000e-01  2.886916e-01
2.910000e-01  2.876766e-01
2.940000e-01  2.866736e-01
2.970000e-01  2.856824e-01
3.000000e-01  2.847028e-01
3.030000e-01  2.837344e-01
3.060000e-01  2.827770e-01
3.090000e-01  2.818304e-01
3.120000e-01  2.808943e-01
3.150000e-01  2.799687e-01
3.180000e-01  2.790531e-01
3.210000e-01  2.781475e-01
3.240000e-01  2.772515e-01
3.270000e-01  2.763651e-01
3.300000e-01  2.754880e-01
3.330000e-01  2.746201e-01
3.360000e-01  2.737612e-01
3.390000e-01  2.729110e-01
3.420000e-01  2.720695e-01
3.450000e-01  2.712364e-01
3.480000e-01  2.704116e-01
3.510000e-01  2.695950e-01
3.540000e-01  2.687863e-01
3.570000e-01  2.679855e-01
3.600000e-01  2.671924e-01
3.630000e-01  2.664068e-01
3.660000e-01  2.656287e-01
3.690000e-01  2.648579e-01
3.720000e-01  2.640942e-01
3.750000e-01  2.633375e-01
3.780000e-01  2.625878e-01
3.810000e-01  2.618449e-01
3.840000e-01  2.611086e-01
3.870000e-01  2.603788e-01
3.900000e-01  2.596556e-01
3.930000e-01  2.589386e-01
3.960000e-01  2.582279e-01
3.990000e-01  2.575234e-01
4.020000e-01  2.568248e-01
4.050000e-01  2.561322e-01
4.080000e-01  2.554454e-01
4.110000e-01  2.547644e-01
4.140000e-01  2.540890e-01
4.170000e-01  2.534191e-01
4.200000e-01  2.527548e-01
4.230000e-01  2.520958e-01
4.260000e-01  2.514421e-01
4.290000e-01  2.507936e-01
4.320000e-01  2.501503e-01
4.350000e-01  2.495120e-01
4.380000e-01  2.488788e-01
4.410000e-01  2.482504e-01
4.440000e-01  2.476268e-01
4.470000e-01  2.470081e-01
4.500000e-01  2.463940e-01
4.530000e-01  2.457845e-01
4.560000e-01  2.451796e-01
4.590000e-01  2.445792e-01
4.620000e-01  2.439832e-01
4.650000e-01  2.433916e-01
4.680000e-01  2.428042e-01
4.710000e-01  2.422212e-01
4.740000e-01  2.416423e-01
4.770000e-01  2.410675e-01
4.800000e-01  2.404967e-01
4.830000e-01  2.399300e-01
4.860000e-01  2.393673e-01
4.890000e-01  2.388084e-01
4.920000e-01  2.382534e-01
4.950000e-01  2.377022e-01
4.980000e-01  2.371547e-01
5.010000e-01  2.366109e-01
5.040000e-01  2.360708e-01
5.070000e-01  2.355343e-01
5.100000e-01  2.350013e-01
5.130000e-01  2.344718e-01
5.160000e-01  2.339458e-01
5.190000e-01  2.334232e-01
5.220000e-01  2.329039e-01
5.250000e-01  2.323880e-01
5.280000e-01  2.318754e-01
5.310000e-01  2.313660e-01
5.340000e-01  2.308599e-01
5.370000e-01  2.303569e-01
5.400000e-01  2.298570e-01
5.430000e-01  2.293602e-01
5.460000e-01  2.288664e-01
5.490000e-01  2.283757e-01
5.520000e-01  2.278879e-01
5.550000e-01  2.274031e-01
5.580000e-01  2.269212e-01
5.610000e-01  2.264421e-01
5.640000e-01  2.259659e-01
5.670000e-01  2.254925e-01
5.700000e-01  2.250219e-01
5.730000e-01  2.245540e-01
5.760000e-01  2.240888e-01
5.790000e-01  2.236262e-01
5.820000e-01  2.231664e-01
5.850000e-01  2.227091e-01
5.880000e-01  2.222544e-01
5.910000e-01  2.218022e-01
5.940000e-01  2.213526e-01
5.970000e-01  2.209055e-01
6.000000e-01  2.204609e-01
6.030000e-01  2.200186e-01
6.060000e-01  2.195788e-01
6.090000e-01  2.191414e-01
6.120000e-01  2.187064e-01
6.150000e-01  2.182737e-01
6.180000e-01  2.178433e-01
6.210000e-01  2.174151e-01
6.240000e-01  2.169893e-01
6.270000e-01  2.165656e-01
6.300000e-01  2.161442e-01
6.330000e-01  2.157250e-01
6.360000e-01  2.153079e-01
6.390000e-01  2.148930e-01
6.420000e-01  2.144802e-01
6.450000e-01  2.140695e-01
6.480000e-01  2.136608e-01
6.510000e-01  2.132543e-01
6.540000e-01  2.128497e-01
6.570000e-01  2.124472e-01
6.600000e-01  2.120466e-01
6.630000e-01  2.116480e-01
6.660000e-01  2.112514e-01
6.690000e-01  2.108567e-01
6.720000e-01  2.104639e-01
6.750000e-01  2.100730e-01
6.780000e-01  2.096840e-01
6.810000e-01  2.092968e-01
6.840000e-01  2.089115e-01
6.870000e-01  2.085280e-01
6.900000e-01  2.081463e-01
6.930000e-01  2.077663e-01
6.960000e-01  2.073882e-01
6.990000e-01  2.070117e-01
7.020000e-01  2.066371e-01
7.050000e-01  2.062641e-01
7.080000e-01  2.058928e-01
7.110000e-01  2.055232e-01
7.140000e-01  2.051553e-01
7.170000e-01  2.047890e-01
7.200000e-01  2.044243e-01
7.230000e-01  2.040613e-01
7.260000e-01  2.036999e-01
7.290000e-01  2.033401e-01
7.320000e-01  2.029818e-01
7.350000e-01  2.026251e-01
7.380000e-01  2.022699e-01
7.410000e-01  2.019163e-01
7.440000e-01  2.015642e-01
7.470000e-01  2.012136e-01
7.500000e-01  2.008644e-01
7.530000e-01  2.005168e-01
7.560000e-01  2.001706e-01
7.590000e-01  1.998259e-01
7.620000e-01  1.994826e-01
7.650000e-01  1.991407e-01
7.680000e-01  1.988002e-01
7.710000e-01  1.984611e-01
7.740000e-01  1.981234e-01
7.770000e-01  1.977871e-01
7.800000e-01  1.974522e-01
7.830000e-01  1.971186e-01
7.860000e-01  1.967863e-01
7.890000e-01  1.964553e-01
7.920000e-01  1.961257e-01
7.950000e-01  1.957974e-01
7.980000e-01  1.954703e-01
8.010000e-01  1.951446e-01
8.040000e-01  1.948201e-01
8.070000e-01  1.944968e-01
8.100000e-01  1.941749e-01
8.130000e-01  1.938541e-01
8.160000e-01  1.935346e-01
8.190000e-01  1.932163e-01
8.220000e-01  1.928992e-01
8.250000e-01  1.925833e-01
8.280000e-01  1.922685e-01
8.310000e-01  1.919550e-01
8.340000e-01  1.916426e-01
8.370000e-01  1.913314e-01
8.400000e-01  1.910213e-01
8.430000e-01  1.907123e-01
8.460000e-01  1.904045e-01
8.490000e-01  1.900978e-01
8.520000e-01  1.897922e-01
8.550000e-01  1.894877e-01
8.580000e-01  1.891843e-01
8.610000e-01  1.888820e-01
8.640000e-01  1.885808e-01
8.670000e-01  1.882806e-01
8.700000e-01  1.879815e-01
8.730000e-01  1.876834e-01
8.760000e-01  1.873863e-01
8.790000e-01  1.870903e-01
8.820000e-01  1.867953e-01
8.850000e-01  1.865014e-01
8.880000e-01  1.862084e-01
8.910000e-01  1.859164e-01
8.940000e-01  1.856255e-01
8.970000e-01  1.853355e-01
9.000000e-01  1.850465e-01
9.030000e-01  1.847584e-01
9.060000e-01  1.844713e-01
9.090000e-01  1.841852e-01
9.120000e-01  1.839000e-01
9.150000e-01  1.836157e-01
9.180000e-01  1.833324e-01
9.210000e-01  1.830500e-01
9.240000e-01  1.827685e-01
9.270000e-01  1.824879e-01
9.300000e-01  1.822082e-01
9.330000e-01  1.819295e-01
9.360000e-01  1.816516e-01
9.390000e-01  1.813746e-01
9.420000e-01  1.810984e-01
9.450000e-01  1.808232e-01
9.480000e-01  1.805488e-01
9.510000e-01  1.802752e-01
9.540000e-01  1.800025e-01
9.570000e-01  1.797306e-01
9.600000e-01  1.794596e-01
9.630000e-01  1.791894e-01
9.660000e-01  1.789201e-01
9.690000e-01  1.786515e-01
9.720000e-01  1.783838e-01
9.750000e-01  1.781168e-01
9.780000e-01  1.778507e-01
9.810000e-01  1.775853e-01
9.840000e-01  1.773208e-01
9.870000e-01  1.770570e-01
9.900000e-01  1.767940e-01
9.930000e-01  1.765318e-01
9.960000e-01  1.762703e-01
9.990000e-01  1.760096e-01
