000000  000001
3.000000e-03  8.525411e-01
6.000000e-03  7.766725e-01
9.000000e-03  7.259581e-01
1.200000e-02  6.881728e-01
1.500000e-02  6.582459e-01
1.800000e-02  6.335859e-01
2.100000e-02  6.126919e-01
2.400000e-02  5.946182e-01
2.700000e-02  5.787316e-01
3.000000e-02  5.645876e-01
3.300000e-02  5.518627e-01
3.600000e-02  5.403145e-01
3.900000e-02  5.297568e-01
4.200000e-02  5.200434e-01
4.500000e-02  5.110577e-01
4.800000e-02  5.027052e-01
5.100000e-02  4.949085e-01
5.400000e-02  4.876030e-01
5.700000e-02  4.807347e-01
6.000000e-02  4.742577e-01
6.300000e-02  4.681329e-01
6.600000e-02  4.623266e-01
6.900000e-02  4.568096e-01
7.200000e-02  4.515566e-01
7.500000e-02  4.465451e-01
7.800000e-02  4.417555e-01
8.100000e-02  4.371705e-01
8.400000e-02  4.327744e-01
8.700000e-02  4.285535e-01
9.000000e-02  4.244953e-01
9.300000e-02  4.205887e-01
9.600000e-02  4.168236e-01
9.900000e-02  4.131907e-01
1.020000e-01  4.096819e-01
1.050000e-01  4.062896e-01
1.080000e-01  4.030068e-01
1.110000e-01  3.998272e-01
1.140000e-01  3.967449e-01
1.170000e-01  3.937547e-01
1.200000e-01  3.908515e-01
1.230000e-01  3.880309e-01
1.260000e-01  3.852886e-01
1.290000e-01  3.826207e-01
1.320000e-01  3.800236e-01
1.350000e-01  3.774938e-01
1.380000e-01  3.750282e-01
1.410000e-01  3.726240e-01
1.440000e-01  3.702782e-01
1.470000e-01  3.679884e-01
1.500000e-01  3.657522e-01
1.530000e-01  3.635672e-01
1.560000e-01  3.614313e-01
1.590000e-01  3.593426e-01
1.620000e-01  3.572992e-01
1.650000e-01  3.552992e-01
1.680000e-01  3.533410e-01
1.710000e-01  3.514230e-01
1.740000e-01  3.495437e-01
1.770000e-01  3.477017e-01
1.800000e-01  3.458956e-01
1.830000e-01  3.441242e-01
1.860000e-01  3.423863e-01
1.890000e-01  3.406806e-01
1.920000e-01  3.390062e-01
1.950000e-01  3.373619e-01
1.980000e-01  3.357467e-01
2.010000e-01  3.341598e-01
2.040000e-01  3.326002e-01
2.070000e-01  3.310671e-01
2.100000e-01  3.295596e-01
2.130000e-01  3.280769e-01
2.160000e-01  3.266184e-01
2.190000e-01  3.251832e-01
2.220000e-01  3.237708e-01
2.250000e-01  3.223803e-01
2.280000e-01  3.210113e-01
2.310000e-01  3.196631e-01
2.340000e-01  3.183350e-01
2.370000e-01  3.170267e-01
2.400000e-01  3.157375e-01
2.430000e-01  3.144668e-01
2.460000e-01  3.132143e-01
2.490000e-01  3.119795e-01
2.520000e-01  3.107618e-01
2.550000e-01  3.095608e-01
2.580000e-01  3.083762e-01
2.610000e-01  3.072074e-01
2.640000e-01  3.060542e-01
2.670000e-01  3.049161e-01
2.700000e-01  3.037928e-01
2.730000e-01  3.026839e-01
2.760000e-01  3.015890e-01
2.790000e-01  3.005079e-01
2.820000e-01  2.994402e-01
2.850000e-01  2.983855e-01
2.880000e-01  2.973438e-01
2.910000e-01  2.963145e-01
2.940000e-01  2.952974e-01
2.970000e-01  2.942923e-01
3.000000e-01  2.932990e-01
3.030000e-01  2.923170e-01
3.060000e-01  2.913463e-01
3.090000e-01  2.903866e-01
3.120000e-01  2.894376e-01
3.150000e-01  2.884990e-01
3.180000e-01  2.875709e-01
3.210000e-01  2.866527e-01
3.240000e-01  2.857445e-01
3.270000e-01  2.848459e-01
3.300000e-01  2.839568e-01
3.330000e-01  2.830771e-01
3.360000e-01  2.822064e-01
3.390000e-01  2.813447e-01
3.420000e-01  2.804917e-01
3.450000e-01  2.796474e-01
3.480000e-01  2.788115e-01
3.510000e-01  2.779838e-01
3.540000e-01  2.771643e-01
3.570000e-01  2.763528e-01
3.600000e-01  2.755491e-01
3.630000e-01  2.747531e-01
3.660000e-01  2.739646e-01
3.690000e-01  2.731835e-01
3.720000e-01  2.724098e-01
3.750000e-01  2.716432e-01
3.780000e-01  2.708836e-01
3.810000e-01  2.701309e-01
3.840000e-01  2.693850e-01
3.870000e-01  2.686458e-01
3.900000e-01  2.679131e-01
3.930000e-01  2.671869e-01
3.960000e-01  2.664670e-01
3.990000e-01  2.657534e-01
4.020000e-01  2.650459e-01
4.050000e-01  2.643444e-01
4.080000e-01  2.636489e-01
4.110000e-01  2.629592e-01
4.140000e-01  2.622753e-01
4.170000e-01  2.615970e-01
4.200000e-01  2.609242e-01
4.230000e-01  2.602570e-01
4.260000e-01  2.595952e-01
4.290000e-01  2.589386e-01
4.320000e-01  2.582873e-01
4.350000e-01  2.576412e-01
4.380000e-01  2.570001e-01
4.410000e-01  2.563640e-01
4.440000e-01  2.557329e-01
4.470000e-01  2.551066e-01
4.500000e-01  2.544850e-01
4.530000e-01  2.538682e-01
4.560000e-01  2.532560e-01
4.590000e-01  2.526484e-01
4.620000e-01  2.520453e-01
4.650000e-01  2.514467e-01
4.680000e-01  2.508524e-01
4.710000e-01  2.502624e-01
4.740000e-01  2.496767e-01
4.770000e-01  2.490952e-01
4.800000e-01  2.485178e-01
4.830000e-01  2.479446e-01
4.860000e-01  2.473753e-01
4.890000e-01  2.468100e-01
4.920000e-01  2.462487e-01
4.950000e-01  2.456912e-01
4.980000e-01  2.451375e-01
5.010000e-01  2.445876e-01
5.040000e-01  2.440414e-01
5.070000e-01  2.434988e-01
5.100000e-01  2.429599e-01
5.130000e-01  2.424246e-01
5.160000e-01  2.418927e-01
5.190000e-01  2.413644e-01
5.220000e-01  2.408395e-01
5.250000e-01  2.403180e-01
5.280000e-01  2.397998e-01
5.310000e-01  2.392849e-01
5.340000e-01  2.387734e-01
5.370000e-01  2.382650e-01
5.400000e-01  2.377598e-01
5.430000e-01  2.372578e-01
5.460000e-01  2.367589e-01
5.490000e-01  2.362630e-01
5.520000e-01  2.357702e-01
5.550000e-01  2.352804e-01
5.580000e-01  2.347935e-01
5.610000e-01  2.343096e-01
5.640000e-01  2.338285e-01
5.670000e-01  2.333503e-01
5.700000e-01  2.328750e-01
5.730000e-01  2.324024e-01
5.760000e-01  2.319326e-01
5.790000e-01  2.314655e-01
5.820000e-01  2.310011e-01
5.850000e-01  2.305394e-01
5.880000e-01  2.300803e-01
5.910000e-01  2.296238e-01
5.940000e-01  2.291699e-01
5.970000e-01  2.287185e-01
6.000000e-01  2.282697e-01
6.030000e-01  2.278233e-01
6.060000e-01  2.273794e-01
6.090000e-01  2.269380e-01
6.120000e-01  2.264989e-01
6.150000e-01  2.260623e-01
6.180000e-01  2.256280e-01
6.210000e-01  2.251960e-01
6.240000e-01  2.247663e-01
6.270000e-01  2.243389e-01
6.300000e-01  2.239138e-01
6.330000e-01  2.234909e-01
6.360000e-01  2.230702e-01
6.390000e-01  2.226517e-01
6.420000e-01  2.222354e-01
6.450000e-01  2.218212e-01
6.480000e-01  2.214091e-01
6.510000e-01  2.209991e-01
6.540000e-01  2.205912e-01
6.570000e-01  2.201853e-01
6.600000e-01  2.197815e-01
6.630000e-01  2.193797e-01
6.660000e-01  2.189799e-01
6.690000e-01  2.185821e-01
6.720000e-01  2.181862e-01
6.750000e-01  2.177922e-01
6.780000e-01  2.174002e-01
6.810000e-01  2.170101e-01
6.840000e-01  2.166218e-01
6.870000e-01  2.162354e-01
6.900000e-01  2.158508e-01
6.930000e-01  2.154681e-01
6.960000e-01  2.150871e-01
6.990000e-01  2.147080e-01
7.020000e-01  2.143306e-01
7.050000e-01  2.139550e-01
7.080000e-01  2.135811e-01
7.110000e-01  2.132089e-01
7.140000e-01  2.128384e-01
7.170000e-01  2.124696e-01
7.200000e-01  2.121025e-01
7.230000e-01  2.117371e-01
7.260000e-01  2.113732e-01
7.290000e-01  2.110110e-01
7.320000e-01  2.106505e-01
7.350000e-01  2.102915e-01
7.380000e-01  2.099341e-01
7.410000e-01  2.095782e-01
7.440000e-01  2.092239e-01
7.470000e-01  2.088712e-01
7.500000e-01  2.085200e-01
7.530000e-01  2.081702e-01
7.560000e-01  2.078220e-01
7.590000e-01  2.074753e-01
7.620000e-01  2.071300e-01
7.650000e-01  2.067862e-01
7.680000e-01  2.064438e-01
7.710000e-01  2.061029e-01
7.740000e-01  2.057634e-01
7.770000e-01  2.054253e-01
7.800000e-01  2.050886e-01
7.830000e-01  2.047532e-01
7.860000e-01  2.044193e-01
7.890000e-01  2.040866e-01
7.920000e-01  2.037554e-01
7.950000e-01  2.034255e-01
7.980000e-01  2.030969e-01
8.010000e-01  2.027696e-01
8.040000e-01  2.024436e-01
8.070000e-01  2.021189e-01
8.100000e-01  2.017955e-01
8.130000e-01  2.014733e-01
8.160000e-01  2.011524e-01
8.190000e-01  2.008328e-01
8.220000e-01  2.005144e-01
8.250000e-01  2.001972e-01
8.280000e-01  1.998812e-01
8.310000e-01  1.995665e-01
8.340000e-01  1.992529e-01
8.370000e-01  1.989405e-01
8.400000e-01  1.986293e-01
8.430000e-01  1.983193e-01
8.460000e-01  1.980104e-01
8.490000e-01  1.977027e-01
8.520000e-01  1.973961e-01
8.550000e-01  1.970906e-01
8.580000e-01  1.967863e-01
8.610000e-01  1.964831e-01
8.640000e-01  1.961809e-01
8.670000e-01  1.958799e-01
8.700000e-01  1.955800e-01
8.730000e-01  1.952811e-01
8.760000e-01  1.949833e-01
8.790000e-01  1.946866e-01
8.820000e-01  1.943909e-01
8.850000e-01  1.940962e-01
8.880000e-01  1.938026e-01
8.910000e-01  1.935100e-01
8.940000e-01  1.932185e-01
8.970000e-01  1.929279e-01
9.000000e-01  1.926384e-01
9.030000e-01  1.923499e-01
9.060000e-01  1.920623e-01
9.090000e-01  1.917757e-01
9.120000e-01  1.914901e-01
9.150000e-01  1.912055e-01
9.180000e-01  1.909218e-01
9.210000e-01  1.906391e-01
9.240000e-01  1.903573e-01
9.270000e-01  1.900764e-01
9.300000e-01  1.897965e-01
9.330000e-01  1.895175e-01
9.360000e-01  1.892394e-01
9.390000e-01  1.889622e-01
9.420000e-01  1.886860e-01
9.450000e-01  1.884106e-01
9.480000e-01  1.881361e-01
9.510000e-01  1.878625e-01
9.540000e-01  1.875898e-01
9.570000e-01  1.873179e-01
9.600000e-01  1.870470e-01
9.630000e-01  1.867768e-01
9.660000e-01  1.865075e-01
9.690000e-01  1.862391e-01
9.720000e-01  1.859715e-01
9.750000e-01  1.857047e-01
9.780000e-01  1.854388e-01
9.810000e-01  1.851737e-01
9.840000e-01  1.849094e-01
9.870000e-01  1.846459e-01
9.900000e-01  1.843832e-01
9.930000e-01  1.841213e-01
9.960000e-01  1.838602e-01
9.990000e-01  1.835998e-01
