000000  000001
3.000000e-03  7.956944e-01
6.000000e-03  7.094760e-01
9.000000e-03  6.553848e-01
1.200000e-02  6.164306e-01
1.500000e-02  5.862440e-01
1.800000e-02  5.617506e-01
2.100000e-02  5.412368e-01
2.400000e-02  5.236521e-01
2.700000e-02  5.083079e-01
3.000000e-02  4.947291e-01
3.300000e-02  4.825746e-01
3.600000e-02  4.715917e-01
3.900000e-02  4.615882e-01
4.200000e-02  4.524147e-01
4.500000e-02  4.439528e-01
4.800000e-02  4.361072e-01
5.100000e-02  4.288000e-01
5.400000e-02  4.219672e-01
5.700000e-02  4.155549e-01
6.000000e-02  4.095178e-01
6.300000e-02  4.038176e-01
6.600000e-02  3.984211e-01
6.900000e-02  3.932998e-01
7.200000e-02  3.884290e-01
7.500000e-02  3.837869e-01
7.800000e-02  3.793546e-01
8.100000e-02  3.751152e-01
8.400000e-02  3.710538e-01
8.700000e-02  3.671570e-01
9.000000e-02  3.634130e-01
9.300000e-02  3.598110e-01
9.600000e-02  3.563415e-01
9.900000e-02  3.529956e-01
1.020000e-01  3.497655e-01
1.050000e-01  3.466439e-01
1.080000e-01  3.436243e-01
1.110000e-01  3.407007e-01
1.140000e-01  3.378677e-01
1.170000e-01  3.351200e-01
1.200000e-01  3.324531e-01
1.230000e-01  3.298626e-01
1.260000e-01  3.273447e-01
1.290000e-01  3.248955e-01
1.320000e-01  3.225118e-01
1.350000e-01  3.201903e-01
1.380000e-01  3.179280e-01
1.410000e-01  3.157222e-01
1.440000e-01  3.135704e-01
1.470000e-01  3.114700e-01
1.500000e-01  3.094189e-01
1.530000e-01  3.074150e-01
1.560000e-01  3.054562e-01
1.590000e-01  3.035407e-01
1.620000e-01  3.016668e-01
1.650000e-01  2.998327e-01
1.680000e-01  2.980369e-01
1.710000e-01  2.962779e-01
1.740000e-01  2.945544e-01
1.770000e-01  2.928651e-01
1.800000e-01  2.912085e-01
1.830000e-01  2.895837e-01
1.860000e-01  2.879895e-01
1.890000e-01  2.864247e-01
1.920000e-01  2.848885e-01
1.950000e-01  2.833798e-01
1.980000e-01  2.818976e-01
2.010000e-01  2.804412e-01
2.040000e-01  2.790097e-01
2.070000e-01  2.776023e-01
2.100000e-01  2.762183e-01
2.130000e-01  2.748569e-01
2.160000e-01  2.735174e-01
2.190000e-01  2.721991e-01
2.220000e-01  2.709016e-01
2.250000e-01  2.696240e-01
2.280000e-01  2.683659e-01
2.310000e-01  2.671267e-01
2.340000e-01  2.659058e-01
2.370000e-01  2.647027e-01
2.400000e-01  2.635171e-01
2.430000e-01  2.623483e-01
2.460000e-01  2.611959e-01
2.490000e-01  2.600595e-01
2.520000e-01  2.589386e-01
2.550000e-01  2.578330e-01
2.580000e-01  2.567421e-01
2.610000e-01  2.556655e-01
2.640000e-01  2.546030e-01
2.670000e-01  2.535543e-01
2.700000e-01  2.525188e-01
2.730000e-01  2.514964e-01
2.760000e-01  2.504867e-01
2.790000e-01  2.494893e-01
2.820000e-01  2.485041e-01
2.850000e-01  2.475308e-01
2.880000e-01  2.465690e-01
2.910000e-01  2.456184e-01
2.940000e-01  2.446790e-01
2.970000e-01  2.437503e-01
3.000000e-01  2.428321e-01
3.030000e-01  2.419243e-01
3.060000e-01  2.410266e-01
3.090000e-01  2.401387e-01
3.120000e-01  2.392605e-01
3.150000e-01  2.383918e-01
3.180000e-01  2.375323e-01
3.210000e-01  2.366819e-01
3.240000e-01  2.358404e-01
3.270000e-01  2.350076e-01
3.300000e-01  2.341833e-01
3.330000e-01  2.333674e-01
3.360000e-01  2.325596e-01
3.390000e-01  2.317599e-01
3.420000e-01  2.309681e-01
3.450000e-01  2.301839e-01
3.480000e-01  2.294073e-01
3.510000e-01  2.286382e-01
3.540000e-01  2.278763e-01
3.570000e-01  2.271216e-01
3.600000e-01  2.263739e-01
3.630000e-01  2.256331e-01
3.660000e-01  2.248991e-01
3.690000e-01  2.241716e-01
3.720000e-01  2.234507e-01
3.750000e-01  2.227362e-01
3.780000e-01  2.220280e-01
3.810000e-01  2.213259e-01
3.840000e-01  2.206300e-01
3.870000e-01  2.199399e-01
3.900000e-01  2.192558e-01
3.930000e-01  2.185774e-01
3.960000e-01  2.179046e-01
3.990000e-01  2.172374e-01
4.020000e-01  2.165757e-01
4.050000e-01  2.159194e-01
4.080000e-01  2.152683e-01
4.110000e-01  2.146225e-01
4.140000e-01  2.139817e-01
4.170000e-01  2.133460e-01
4.200000e-01  2.127153e-01
4.230000e-01  2.120894e-01
4.260000e-01  2.114684e-01
4.290000e-01  2.108520e-01
4.320000e-01  2.102403e-01
4.350000e-01  2.096332e-01
4.380000e-01  2.090306e-01
4.410000e-01  2.084324e-01
4.440000e-01  2.078386e-01
4.470000e-01  2.072490e-01
4.500000e-01  2.066638e-01
4.530000e-01  2.060826e-01
4.560000e-01  2.055056e-01
4.590000e-01  2.049327e-01
4.620000e-01  2.043637e-01
4.650000e-01  2.037987e-01
4.680000e-01  2.032375e-01
4.710000e-01  2.026802e-01
4.740000e-01  2.021266e-01
4.770000e-01  2.015767e-01
4.800000e-01  2.010305e-01
4.830000e-01  2.004879e-01
4.860000e-01  1.999488e-01
4.890000e-01  1.994133e-01
4.920000e-01  1.988811e-01
4.950000e-01  1.983524e-01
4.980000e-01  1.978271e-01
5.010000e-01  1.973051e-01
5.040000e-01  1.967863e-01
5.070000e-01  1.962707e-01
5.100000e-01  1.957584e-01
5.130000e-01  1.952491e-01
5.160000e-01  1.947430e-01
5.190000e-01  1.942399e-01
5.220000e-01  1.937399e-01
5.250000e-01  1.932428e-01
5.280000e-01  1.927486e-01
5.310000e-01  1.922573e-01
5.340000e-01  1.917689e-01
5.370000e-01  1.912833e-01
5.400000e-01  1.908005e-01
5.430000e-01  1.903204e-01
5.460000e-01  1.898431e-01
5.490000e-01  1.893684e-01
5.520000e-01  1.888964e-01
5.550000e-01  1.884270e-01
5.580000e-01  1.879601e-01
5.610000e-01  1.874958e-01
5.640000e-01  1.870341e-01
5.670000e-01  1.865748e-01
5.700000e-01  1.861179e-01
5.730000e-01  1.856635e-01
5.760000e-01  1.852115e-01
5.790000e-01  1.847618e-01
5.820000e-01  1.843145e-01
5.850000e-01  1.838695e-01
5.880000e-01  1.834267e-01
5.910000e-01  1.829862e-01
5.940000e-01  1.825480e-01
5.970000e-01  1.821119e-01
6.000000e-01  1.816780e-01
6.030000e-01  1.812463e-01
6.060000e-01  1.808166e-01
6.090000e-01  1.803891e-01
6.120000e-01  1.799636e-01
6.150000e-01  1.795402e-01
6.180000e-01  1.791188e-01
6.210000e-01  1.786994e-01
6.240000e-01  1.782820e-01
6.270000e-01  1.778665e-01
6.300000e-01  1.774530e-01
6.330000e-01  1.770413e-01
6.360000e-01  1.766316e-01
6.390000e-01  1.762237e-01
6.420000e-01  1.758177e-01
6.450000e-01  1.754135e-01
6.480000e-01  1.750111e-01
6.510000e-01  1.746104e-01
6.540000e-01  1.742116e-01
6.570000e-01  1.738145e-01
6.600000e-01  1.734191e-01
6.630000e-01  1.730254e-01
6.660000e-01  1.726334e-01
6.690000e-01  1.722430e-01
6.720000e-01  1.718543e-01
6.750000e-01  1.714673e-01
6.780000e-01  1.710818e-01
6.810000e-01  1.706979e-01
6.840000e-01  1.703157e-01
6.870000e-01  1.699349e-01
6.900000e-01  1.695558e-01
6.930000e-01  1.691781e-01
6.960000e-01  1.688019e-01
6.990000e-01  1.684273e-01
7.020000e-01  1.680541e-01
7.050000e-01  1.676824e-01
7.080000e-01  1.673121e-01
7.110000e-01  1.669432e-01
7.140000e-01  1.665758e-01
7.170000e-01  1.662098e-01
7.200000e-01  1.658451e-01
7.230000e-01  1.654818e-01
7.260000e-01  1.651199e-01
7.290000e-01  1.647593e-01
7.320000e-01  1.644000e-01
7.350000e-01  1.640421e-01
7.380000e-01  1.636854e-01
7.410000e-01  1.633300e-01
7.440000e-01  1.629759e-01
7.470000e-01  1.626230e-01
7.500000e-01  1.622714e-01
7.530000e-01  1.619210e-01
7.560000e-01  1.615718e-01
7.590000e-01  1.612239e-01
7.620000e-01  1.608771e-01
7.650000e-01  1.605315e-01
7.680000e-01  1.601870e-01
7.710000e-01  1.598437e-01
7.740000e-01  1.595016e-01
7.770000e-01  1.591606e-01
7.800000e-01  1.588207e-01
7.830000e-01  1.584819e-01
7.860000e-01  1.581442e-01
7.890000e-01  1.578075e-01
7.920000e-01  1.574720e-01
7.950000e-01  1.571375e-01
7.980000e-01  1.568040e-01
8.010000e-01  1.564716e-01
8.040000e-01  1.561402e-01
8.070000e-01  1.558098e-01
8.100000e-01  1.554804e-01
8.130000e-01  1.551520e-01
8.160000e-01  1.548246e-01
8.190000e-01  1.544982e-01
8.220000e-01  1.541727e-01
8.250000e-01  1.538482e-01
8.280000e-01  1.535246e-01
8.310000e-01  1.532019e-01
8.340000e-01  1.528802e-01
8.370000e-01  1.525593e-01
8.400000e-01  1.522394e-01
8.430000e-01  1.519204e-01
8.460000e-01  1.516022e-01
8.490000e-01  1.512849e-01
8.520000e-01  1.509685e-01
8.550000e-01  1.506529e-01
8.580000e-01  1.503381e-01
8.610000e-01  1.500242e-01
8.640000e-01  1.497111e-01
8.670000e-01  1.493989e-01
8.700000e-01  1.490874e-01
8.730000e-01  1.487767e-01
8.760000e-01  1.484668e-01
8.790000e-01  1.481577e-01
8.820000e-01  1.478494e-01
8.850000e-01  1.475418e-01
8.880000e-01  1.472350e-01
8.910000e-01  1.469289e-01
8.940000e-01  1.466235e-01
8.970000e-01  1.463189e-01
9.000000e-01  1.460150e-01
9.030000e-01  1.457118e-01
9.060000e-01  1.454093e-01
9.090000e-01  1.451074e-01
9.120000e-01  1.448063e-01
9.150000e-01  1.445058e-01
9.180000e-01  1.442061e-01
9.210000e-01  1.439069e-01
9.240000e-01  1.436084e-01
9.270000e-01  1.433106e-01
9.300000e-01  1.430134e-01
9.330000e-01  1.427168e-01
9.360000e-01  1.424209e-01
9.390000e-01  1.421255e-01
9.420000e-01  1.418308e-01
9.450000e-01  1.415366e-01
9.480000e-01  1.412431e-01
9.510000e-01  1.409501e-01
9.540000e-01  1.406577e-01
9.570000e-01  1.403658e-01
9.600000e-01  1.400745e-01
9.630000e-01  1.397838e-01
9.660000e-01  1.394936e-01
9.690000e-01  1.392039e-01
9.720000e-01  1.389148e-01
9.750000e-01  1.386262e-01
9.780000e-01  1.383381e-01
9.810000e-01  1.380504e-01
9.840000e-01  1.377633e-01
9.870000e-01  1.374767e-01
9.900000e-01  1.371906e-01
9.930000e-01  1.369049e-01
9.960000e-01  1.366197e-01
9.990000e-01  1.363350e-01
