000000  000001
3.000000e-03  7.758276e-01
6.000000e-03  6.872381e-01
9.000000e-03  6.326349e-01
1.200000e-02  5.936699e-01
1.500000e-02  5.636482e-01
1.800000e-02  5.393863e-01
2.100000e-02  5.191268e-01
2.400000e-02  5.018002e-01
2.700000e-02  4.867092e-01
3.000000e-02  4.733745e-01
3.300000e-02  4.614536e-01
3.600000e-02  4.506931e-01
3.900000e-02  4.409012e-01
4.200000e-02  4.319286e-01
4.500000e-02  4.236577e-01
4.800000e-02  4.159936e-01
5.100000e-02  4.088594e-01
5.400000e-02  4.021911e-01
5.700000e-02  3.959359e-01
6.000000e-02  3.900488e-01
6.300000e-02  3.844919e-01
6.600000e-02  3.792326e-01
6.900000e-02  3.742428e-01
7.200000e-02  3.694981e-01
7.500000e-02  3.649771e-01
7.800000e-02  3.606611e-01
8.100000e-02  3.565336e-01
8.400000e-02  3.525799e-01
8.700000e-02  3.487869e-01
9.000000e-02  3.451430e-01
9.300000e-02  3.416377e-01
9.600000e-02  3.382614e-01
9.900000e-02  3.350057e-01
1.020000e-01  3.318628e-01
1.050000e-01  3.288256e-01
1.080000e-01  3.258878e-01
1.110000e-01  3.230435e-01
1.140000e-01  3.202871e-01
1.170000e-01  3.176140e-01
1.200000e-01  3.150194e-01
1.230000e-01  3.124991e-01
1.260000e-01  3.100494e-01
1.290000e-01  3.076665e-01
1.320000e-01  3.053472e-01
1.350000e-01  3.030883e-01
1.380000e-01  3.008870e-01
1.410000e-01  2.987406e-01
1.440000e-01  2.966465e-01
1.470000e-01  2.946025e-01
1.500000e-01  2.926063e-01
1.530000e-01  2.906558e-01
1.560000e-01  2.887492e-01
1.590000e-01  2.868845e-01
1.620000e-01  2.850602e-01
1.650000e-01  2.832745e-01
1.680000e-01  2.815260e-01
1.710000e-01  2.798132e-01
1.740000e-01  2.781348e-01
1.770000e-01  2.764894e-01
1.800000e-01  2.748759e-01
1.830000e-01  2.732931e-01
1.860000e-01  2.717399e-01
1.890000e-01  2.702153e-01
1.920000e-01  2.687183e-01
1.950000e-01  2.672480e-01
1.980000e-01  2.658034e-01
2.010000e-01  2.643838e-01
2.040000e-01  2.629882e-01
2.070000e-01  2.616160e-01
2.100000e-01  2.602664e-01
2.130000e-01  2.589386e-01
2.160000e-01  2.576321e-01
2.190000e-01  2.563462e-01
2.220000e-01  2.550802e-01
2.250000e-01  2.538336e-01
2.280000e-01  2.526058e-01
2.310000e-01  2.513963e-01
2.340000e-01  2.502045e-01
2.370000e-01  2.490299e-01
2.400000e-01  2.478722e-01
2.430000e-01  2.467307e-01
2.460000e-01  2.456051e-01
2.490000e-01  2.444950e-01
2.520000e-01  2.433999e-01
2.550000e-01  2.423194e-01
2.580000e-01  2.412532e-01
2.610000e-01  2.402009e-01
2.640000e-01  2.391622e-01
2.670000e-01  2.381366e-01
2.700000e-01  2.371240e-01
2.730000e-01  2.361239e-01
2.760000e-01  2.351361e-01
2.790000e-01  2.341602e-01
2.820000e-01  2.331960e-01
2.850000e-01  2.322433e-01
2.880000e-01  2.313017e-01
2.910000e-01  2.303710e-01
2.940000e-01  2.294509e-01
2.970000e-01  2.285412e-01
3.000000e-01  2.276417e-01
3.030000e-01  2.267522e-01
3.060000e-01  2.258724e-01
3.090000e-01  2.250020e-01
3.120000e-01  2.241411e-01
3.150000e-01  2.232892e-01
3.180000e-01  2.224462e-01
3.210000e-01  2.216120e-01
3.240000e-01  2.207863e-01
3.270000e-01  2.199690e-01
3.300000e-01  2.191599e-01
3.330000e-01  2.183588e-01
3.360000e-01  2.175656e-01
3.390000e-01  2.167802e-01
3.420000e-01  2.160022e-01
3.450000e-01  2.152318e-01
3.480000e-01  2.144686e-01
3.510000e-01  2.137125e-01
3.540000e-01  2.129635e-01
3.570000e-01  2.122213e-01
3.600000e-01  2.114858e-01
3.630000e-01  2.107569e-01
3.660000e-01  2.100346e-01
3.690000e-01  2.093186e-01
3.720000e-01  2.086088e-01
3.750000e-01  2.079052e-01
3.780000e-01  2.072077e-01
3.810000e-01  2.065160e-01
3.840000e-01  2.058302e-01
3.870000e-01  2.051501e-01
3.900000e-01  2.044756e-01
3.930000e-01  2.038066e-01
3.960000e-01  2.031431e-01
3.990000e-01  2.024848e-01
4.020000e-01  2.018319e-01
4.050000e-01  2.011840e-01
4.080000e-01  2.005412e-01
4.110000e-01  1.999034e-01
4.140000e-01  1.992705e-01
4.170000e-01  1.986424e-01
4.200000e-01  1.980191e-01
4.230000e-01  1.974004e-01
4.260000e-01  1.967863e-01
4.290000e-01  1.961767e-01
4.320000e-01  1.955715e-01
4.350000e-01  1.949707e-01
4.380000e-01  1.943743e-01
4.410000e-01  1.937820e-01
4.440000e-01  1.931939e-01
4.470000e-01  1.926099e-01
4.500000e-01  1.920300e-01
4.530000e-01  1.914540e-01
4.560000e-01  1.908819e-01
4.590000e-01  1.903137e-01
4.620000e-01  1.897493e-01
4.650000e-01  1.891886e-01
4.680000e-01  1.886316e-01
4.710000e-01  1.880782e-01
4.740000e-01  1.875285e-01
4.770000e-01  1.869822e-01
4.800000e-01  1.864394e-01
4.830000e-01  1.859000e-01
4.860000e-01  1.853640e-01
4.890000e-01  1.848313e-01
4.920000e-01  1.843019e-01
4.950000e-01  1.837757e-01
4.980000e-01  1.832528e-01
5.010000e-01  1.827329e-01
5.040000e-01  1.822161e-01
5.070000e-01  1.817024e-01
5.100000e-01  1.811917e-01
5.130000e-01  1.806839e-01
5.160000e-01  1.801791e-01
5.190000e-01  1.796771e-01
5.220000e-01  1.791780e-01
5.250000e-01  1.786817e-01
5.280000e-01  1.781882e-01
5.310000e-01  1.776974e-01
5.340000e-01  1.772092e-01
5.370000e-01  1.767238e-01
5.400000e-01  1.762409e-01
5.430000e-01  1.757606e-01
5.460000e-01  1.752829e-01
5.490000e-01  1.748077e-01
5.520000e-01  1.743350e-01
5.550000e-01  1.738647e-01
5.580000e-01  1.733968e-01
5.610000e-01  1.729314e-01
5.640000e-01  1.724682e-01
5.670000e-01  1.720074e-01
5.700000e-01  1.715489e-01
5.730000e-01  1.710926e-01
5.760000e-01  1.706386e-01
5.790000e-01  1.701868e-01
5.820000e-01  1.697371e-01
5.850000e-01  1.692896e-01
5.880000e-01  1.688443e-01
5.910000e-01  1.684009e-01
5.940000e-01  1.679597e-01
5.970000e-01  1.675205e-01
6.000000e-01  1.670833e-01
6.030000e-01  1.666482e-01
6.060000e-01  1.662149e-01
6.090000e-01  1.657836e-01
6.120000e-01  1.653542e-01
6.150000e-01  1.649267e-01
6.180000e-01  1.645011e-01
6.210000e-01  1.640773e-01
6.240000e-01  1.636553e-01
6.270000e-01  1.632351e-01
6.300000e-01  1.628167e-01
6.330000e-01  1.624000e-01
6.360000e-01  1.619851e-01
6.390000e-01  1.615718e-01
6.420000e-01  1.611603e-01
6.450000e-01  1.607504e-01
6.480000e-01  1.603421e-01
6.510000e-01  1.599355e-01
6.540000e-01  1.595305e-01
6.570000e-01  1.591270e-01
6.600000e-01  1.587251e-01
6.630000e-01  1.583248e-01
6.660000e-01  1.579259e-01
6.690000e-01  1.575286e-01
6.720000e-01  1.571328e-01
6.750000e-01  1.567384e-01
6.780000e-01  1.563454e-01
6.810000e-01  1.559539e-01
6.840000e-01  1.555638e-01
6.870000e-01  1.551751e-01
6.900000e-01  1.547878e-01
6.930000e-01  1.544018e-01
6.960000e-01  1.540172e-01
6.990000e-01  1.536339e-01
7.020000e-01  1.532518e-01
7.050000e-01  1.528711e-01
7.080000e-01  1.524917e-01
7.110000e-01  1.521135e-01
7.140000e-01  1.517365e-01
7.170000e-01  1.513608e-01
7.200000e-01  1.509863e-01
7.230000e-01  1.506129e-01
7.260000e-01  1.502408e-01
7.290000e-01  1.498698e-01
7.320000e-01  1.494999e-01
7.350000e-01  1.491312e-01
7.380000e-01  1.487636e-01
7.410000e-01  1.483971e-01
7.440000e-01  1.480317e-01
7.470000e-01  1.476673e-01
7.500000e-01  1.473040e-01
7.530000e-01  1.469418e-01
7.560000e-01  1.465806e-01
7.590000e-01  1.462204e-01
7.620000e-01  1.458611e-01
7.650000e-01  1.455029e-01
7.680000e-01  1.451457e-01
7.710000e-01  1.447894e-01
7.740000e-01  1.444340e-01
7.770000e-01  1.440796e-01
7.800000e-01  1.437261e-01
7.830000e-01  1.433735e-01
7.860000e-01  1.430218e-01
7.890000e-01  1.426709e-01
7.920000e-01  1.423210e-01
7.950000e-01  1.419719e-01
7.980000e-01  1.416236e-01
8.010000e-01  1.412761e-01
8.040000e-01  1.409295e-01
8.070000e-01  1.405836e-01
8.100000e-01  1.402386e-01
8.130000e-01  1.398943e-01
8.160000e-01  1.395508e-01
8.190000e-01  1.392080e-01
8.220000e-01  1.388660e-01
8.250000e-01  1.385247e-01
8.280000e-01  1.381841e-01
8.310000e-01  1.378442e-01
8.340000e-01  1.375049e-01
8.370000e-01  1.371664e-01
8.400000e-01  1.368285e-01
8.430000e-01  1.364913e-01
8.460000e-01  1.361547e-01
8.490000e-01  1.358188e-01
8.520000e-01  1.354834e-01
8.550000e-01  1.351487e-01
8.580000e-01  1.348145e-01
8.610000e-01  1.344809e-01
8.640000e-01  1.341479e-01
8.670000e-01  1.338155e-01
8.700000e-01  1.334835e-01
8.730000e-01  1.331522e-01
8.760000e-01  1.328213e-01
8.790000e-01  1.324909e-01
8.820000e-01  1.321610e-01
8.850000e-01  1.318316e-01
8.880000e-01  1.315027e-01
8.910000e-01  1.311743e-01
8.940000e-01  1.308462e-01
8.970000e-01  1.305186e-01
9.000000e-01  1.301915e-01
9.030000e-01  1.298647e-01
9.060000e-01  1.295384e-01
9.090000e-01  1.292124e-01
9.120000e-01  1.288868e-01
9.150000e-01  1.285615e-01
9.180000e-01  1.282366e-01
9.210000e-01  1.279120e-01
9.240000e-01  1.275878e-01
9.270000e-01  1.272639e-01
9.300000e-01  1.269402e-01
9.330000e-01  1.266169e-01
9.360000e-01  1.262938e-01
9.390000e-01  1.259709e-01
9.420000e-01  1.256483e-01
9.450000e-01  1.253260e-01
9.480000e-01  1.250039e-01
9.510000e-01  1.246819e-01
9.540000e-01  1.243602e-01
9.570000e-01  1.240386e-01
9.600000e-01  1.237172e-01
9.630000e-01  1.233960e-01
9.660000e-01  1.230749e-01
9.690000e-01  1.227539e-01
9.720000e-01  1.224330e-01
9.750000e-01  1.221123e-01
9.780000e-01  1.217916e-01
9.810000e-01  1.214709e-01
9.840000e-01  1.211504e-01
9.870000e-01  1.208298e-01
9.900000e-01  1.205093e-01
9.930000e-01  000000
9.960000e-01  000000
9.990000e-01  000000
