000000  000001
3.000000e-03  8.115757e-01
6.000000e-03  7.277781e-01
9.000000e-03  6.744328e-01
1.200000e-02  6.357351e-01
1.500000e-02  6.056160e-01
1.800000e-02  5.811070e-01
2.100000e-02  5.605392e-01
2.400000e-02  5.428832e-01
2.700000e-02  5.274607e-01
3.000000e-02  5.138023e-01
3.300000e-02  5.015699e-01
3.600000e-02  4.905124e-01
3.900000e-02  4.804383e-01
4.200000e-02  4.711986e-01
4.500000e-02  4.626749e-01
4.800000e-02  4.547718e-01
5.100000e-02  4.474116e-01
5.400000e-02  4.405296e-01
5.700000e-02  4.340721e-01
6.000000e-02  4.279935e-01
6.300000e-02  4.222552e-01
6.600000e-02  4.168238e-01
6.900000e-02  4.116706e-01
7.200000e-02  4.067708e-01
7.500000e-02  4.021025e-01
7.800000e-02  3.976464e-01
8.100000e-02  3.933855e-01
8.400000e-02  3.893049e-01
8.700000e-02  3.853910e-01
9.000000e-02  3.816319e-01
9.300000e-02  3.780167e-01
9.600000e-02  3.745356e-01
9.900000e-02  3.711799e-01
1.020000e-01  3.679415e-01
1.050000e-01  3.648132e-01
1.080000e-01  3.617883e-01
1.110000e-01  3.588607e-01
1.140000e-01  3.560249e-01
1.170000e-01  3.532757e-01
1.200000e-01  3.506084e-01
1.230000e-01  3.480187e-01
1.260000e-01  3.455026e-01
1.290000e-01  3.430563e-01
1.320000e-01  3.406763e-01
1.350000e-01  3.383594e-01
1.380000e-01  3.361027e-01
1.410000e-01  3.339033e-01
1.440000e-01  3.317586e-01
1.470000e-01  3.296662e-01
1.500000e-01  3.276238e-01
1.530000e-01  3.256293e-01
1.560000e-01  3.236806e-01
1.590000e-01  3.217758e-01
1.620000e-01  3.199132e-01
1.650000e-01  3.180911e-01
1.680000e-01  3.163079e-01
1.710000e-01  3.145621e-01
1.740000e-01  3.128522e-01
1.770000e-01  3.111770e-01
1.800000e-01  3.095352e-01
1.830000e-01  3.079256e-01
1.860000e-01  3.063470e-01
1.890000e-01  3.047984e-01
1.920000e-01  3.032787e-01
1.950000e-01  3.017870e-01
1.980000e-01  3.003222e-01
2.010000e-01  2.988837e-01
2.040000e-01  2.974704e-01
2.070000e-01  2.960816e-01
2.100000e-01  2.947165e-01
2.130000e-01  2.933744e-01
2.160000e-01  2.920545e-01
2.190000e-01  2.907563e-01
2.220000e-01  2.894790e-01
2.250000e-01  2.882221e-01
2.280000e-01  2.869849e-01
2.310000e-01  2.857670e-01
2.340000e-01  2.845677e-01
2.370000e-01  2.833865e-01
2.400000e-01  2.822229e-01
2.430000e-01  2.810765e-01
2.460000e-01  2.799468e-01
2.490000e-01  2.788333e-01
2.520000e-01  2.777357e-01
2.550000e-01  2.766535e-01
2.580000e-01  2.755862e-01
2.610000e-01  2.745336e-01
2.640000e-01  2.734953e-01
2.670000e-01  2.724709e-01
2.700000e-01  2.714601e-01
2.730000e-01  2.704625e-01
2.760000e-01  2.694778e-01
2.790000e-01  2.685057e-01
2.820000e-01  2.675460e-01
2.850000e-01  2.665983e-01
2.880000e-01  2.656624e-01
2.910000e-01  2.647379e-01
2.940000e-01  2.638247e-01
2.970000e-01  2.629225e-01
3.000000e-01  2.620310e-01
3.030000e-01  2.611500e-01
3.060000e-01  2.602792e-01
3.090000e-01  2.594185e-01
3.120000e-01  2.585677e-01
3.150000e-01  2.577265e-01
3.180000e-01  2.568947e-01
3.210000e-01  2.560722e-01
3.240000e-01  2.552587e-01
3.270000e-01  2.544541e-01
3.300000e-01  2.536581e-01
3.330000e-01  2.528707e-01
3.360000e-01  2.520916e-01
3.390000e-01  2.513207e-01
3.420000e-01  2.505578e-01
3.450000e-01  2.498028e-01
3.480000e-01  2.490555e-01
3.510000e-01  2.483158e-01
3.540000e-01  2.475835e-01
3.570000e-01  2.468585e-01
3.600000e-01  2.461406e-01
3.630000e-01  2.454298e-01
3.660000e-01  2.447258e-01
3.690000e-01  2.440286e-01
3.720000e-01  2.433381e-01
3.750000e-01  2.426541e-01
3.780000e-01  2.419766e-01
3.810000e-01  2.413053e-01
3.840000e-01  2.406403e-01
3.870000e-01  2.399813e-01
3.900000e-01  2.393283e-01
3.930000e-01  2.386812e-01
3.960000e-01  2.380399e-01
3.990000e-01  2.374042e-01
4.020000e-01  2.367742e-01
4.050000e-01  2.361497e-01
4.080000e-01  2.355305e-01
4.110000e-01  2.349167e-01
4.140000e-01  2.343082e-01
4.170000e-01  2.337048e-01
4.200000e-01  2.331065e-01
4.230000e-01  2.325131e-01
4.260000e-01  2.319247e-01
4.290000e-01  2.313411e-01
4.320000e-01  2.307623e-01
4.350000e-01  2.301882e-01
4.380000e-01  2.296187e-01
4.410000e-01  2.290538e-01
4.440000e-01  2.284933e-01
4.470000e-01  2.279372e-01
4.500000e-01  2.273855e-01
4.530000e-01  2.268381e-01
4.560000e-01  2.262949e-01
4.590000e-01  2.257559e-01
4.620000e-01  2.252210e-01
4.650000e-01  2.246901e-01
4.680000e-01  2.241632e-01
4.710000e-01  2.236402e-01
4.740000e-01  2.231211e-01
4.770000e-01  2.226058e-01
4.800000e-01  2.220943e-01
4.830000e-01  2.215865e-01
4.860000e-01  2.210824e-01
4.890000e-01  2.205818e-01
4.920000e-01  2.200849e-01
4.950000e-01  2.195914e-01
4.980000e-01  2.191014e-01
5.010000e-01  2.186149e-01
5.040000e-01  2.181317e-01
5.070000e-01  2.176519e-01
5.100000e-01  2.171753e-01
5.130000e-01  2.167020e-01
5.160000e-01  2.162319e-01
5.190000e-01  2.157649e-01
5.220000e-01  2.153011e-01
5.250000e-01  2.148403e-01
5.280000e-01  2.143826e-01
5.310000e-01  2.139279e-01
5.340000e-01  2.134762e-01
5.370000e-01  2.130274e-01
5.400000e-01  2.125815e-01
5.430000e-01  2.121384e-01
5.460000e-01  2.116982e-01
5.490000e-01  2.112608e-01
5.520000e-01  2.108261e-01
5.550000e-01  2.103941e-01
5.580000e-01  2.099648e-01
5.610000e-01  2.095382e-01
5.640000e-01  2.091142e-01
5.670000e-01  2.086928e-01
5.700000e-01  2.082740e-01
5.730000e-01  2.078577e-01
5.760000e-01  2.074439e-01
5.790000e-01  2.070326e-01
5.820000e-01  2.066237e-01
5.850000e-01  2.062172e-01
5.880000e-01  2.058132e-01
5.910000e-01  2.054115e-01
5.940000e-01  2.050121e-01
5.970000e-01  2.046150e-01
6.000000e-01  2.042203e-01
6.030000e-01  2.038277e-01
6.060000e-01  2.034375e-01
6.090000e-01  2.030494e-01
6.120000e-01  2.026635e-01
6.150000e-01  2.022798e-01
6.180000e-01  2.018982e-01
6.210000e-01  2.015187e-01
6.240000e-01  2.011414e-01
6.270000e-01  2.007661e-01
6.300000e-01  2.003928e-01
6.330000e-01  2.000216e-01
6.360000e-01  1.996524e-01
6.390000e-01  1.992851e-01
6.420000e-01  1.989198e-01
6.450000e-01  1.985565e-01
6.480000e-01  1.981951e-01
6.510000e-01  1.978356e-01
6.540000e-01  1.974779e-01
6.570000e-01  1.971222e-01
6.600000e-01  1.967682e-01
6.630000e-01  1.964161e-01
6.660000e-01  1.960659e-01
6.690000e-01  1.957174e-01
6.720000e-01  1.953706e-01
6.750000e-01  1.950257e-01
6.780000e-01  1.946824e-01
6.810000e-01  1.943409e-01
6.840000e-01  1.940011e-01
6.870000e-01  1.936629e-01
6.900000e-01  1.933265e-01
6.930000e-01  1.929917e-01
6.960000e-01  1.926585e-01
6.990000e-01  1.923269e-01
7.020000e-01  1.919970e-01
7.050000e-01  1.916686e-01
7.080000e-01  1.913418e-01
7.110000e-01  1.910166e-01
7.140000e-01  1.906929e-01
7.170000e-01  1.903708e-01
7.200000e-01  1.900502e-01
7.230000e-01  1.897310e-01
7.260000e-01  1.894134e-01
7.290000e-01  1.890972e-01
7.320000e-01  1.887825e-01
7.350000e-01  1.884692e-01
7.380000e-01  1.881574e-01
7.410000e-01  1.878470e-01
7.440000e-01  1.875380e-01
7.470000e-01  1.872304e-01
7.500000e-01  1.869242e-01
7.530000e-01  1.866193e-01
7.560000e-01  1.863158e-01
7.590000e-01  1.860137e-01
7.620000e-01  1.857129e-01
7.650000e-01  1.854134e-01
7.680000e-01  1.851152e-01
7.710000e-01  1.848183e-01
7.740000e-01  1.845227e-01
7.770000e-01  1.842284e-01
7.800000e-01  1.839354e-01
7.830000e-01  1.836436e-01
7.860000e-01  1.833530e-01
7.890000e-01  1.830637e-01
7.920000e-01  1.827756e-01
7.950000e-01  1.824887e-01
7.980000e-01  1.822030e-01
8.010000e-01  1.819185e-01
8.040000e-01  1.816352e-01
8.070000e-01  1.813531e-01
8.100000e-01  1.810721e-01
8.130000e-01  1.807922e-01
8.160000e-01  1.805136e-01
8.190000e-01  1.802360e-01
8.220000e-01  1.799596e-01
8.250000e-01  1.796842e-01
8.280000e-01  1.794100e-01
8.310000e-01  1.791369e-01
8.340000e-01  1.788649e-01
8.370000e-01  1.785939e-01
8.400000e-01  1.783241e-01
8.430000e-01  1.780552e-01
8.460000e-01  1.777875e-01
8.490000e-01  1.775207e-01
8.520000e-01  1.772550e-01
8.550000e-01  1.769904e-01
8.580000e-01  1.767267e-01
8.610000e-01  1.764641e-01
8.640000e-01  1.762025e-01
8.670000e-01  1.759418e-01
8.700000e-01  1.756822e-01
8.730000e-01  1.754235e-01
8.760000e-01  1.751658e-01
8.790000e-01  1.749091e-01
8.820000e-01  1.746533e-01
8.850000e-01  1.743985e-01
8.880000e-01  1.741446e-01
8.910000e-01  1.738916e-01
8.940000e-01  1.736396e-01
8.970000e-01  1.733885e-01
9.000000e-01  1.731383e-01
9.030000e-01  1.728890e-01
9.060000e-01  1.726407e-01
9.090000e-01  1.723932e-01
9.120000e-01  1.721466e-01
9.150000e-01  1.719008e-01
9.180000e-01  1.716560e-01
9.210000e-01  1.714120e-01
9.240000e-01  1.711689e-01
9.270000e-01  1.709266e-01
9.300000e-01  1.706852e-01
9.330000e-01  1.704446e-01
9.360000e-01  1.702049e-01
9.390000e-01  1.699660e-01
9.420000e-01  1.697279e-01
9.450000e-01  1.694906e-01
9.480000e-01  1.692541e-01
9.510000e-01  1.690185e-01
9.540000e-01  1.687836e-01
9.570000e-01  1.685495e-01
9.600000e-01  1.683163e-01
9.630000e-01  1.680838e-01
9.660000e-01  1.678520e-01
9.690000e-01  1.676211e-01
9.720000e-01  1.673909e-01
9.750000e-01  1.671615e-01
9.780000e-01  1.669328e-01
9.810000e-01  1.667049e-01
9.840000e-01  1.664777e-01
9.870000e-01  1.662513e-01
9.900000e-01  1.660256e-01
9.930000e-01  1.658006e-01
9.960000e-01  1.655764e-01
9.990000e-01  1.653528e-01
