000000  000001
3.000000e-03  7.943235e-01
6.000000e-03  7.080503e-01
9.000000e-03  6.540569e-01
1.200000e-02  6.152386e-01
1.500000e-02  5.851977e-01
1.800000e-02  5.608507e-01
2.100000e-02  5.404804e-01
2.400000e-02  5.230353e-01
2.700000e-02  5.078262e-01
3.000000e-02  4.943780e-01
3.300000e-02  4.823500e-01
3.600000e-02  4.714896e-01
3.900000e-02  4.616049e-01
4.200000e-02  4.525466e-01
4.500000e-02  4.441967e-01
4.800000e-02  4.364601e-01
5.100000e-02  4.292592e-01
5.400000e-02  4.225299e-01
5.700000e-02  4.162188e-01
6.000000e-02  4.102807e-01
6.300000e-02  4.046772e-01
6.600000e-02  3.993754e-01
6.900000e-02  3.943470e-01
7.200000e-02  3.895672e-01
7.500000e-02  3.850146e-01
7.800000e-02  3.806701e-01
8.100000e-02  3.765171e-01
8.400000e-02  3.725405e-01
8.700000e-02  3.687273e-01
9.000000e-02  3.650656e-01
9.300000e-02  3.615447e-01
9.600000e-02  3.581550e-01
9.900000e-02  3.548879e-01
1.020000e-01  3.517356e-01
1.050000e-01  3.486907e-01
1.080000e-01  3.457469e-01
1.110000e-01  3.428982e-01
1.140000e-01  3.401391e-01
1.170000e-01  3.374645e-01
1.200000e-01  3.348699e-01
1.230000e-01  3.323509e-01
1.260000e-01  3.299037e-01
1.290000e-01  3.275246e-01
1.320000e-01  3.252102e-01
1.350000e-01  3.229573e-01
1.380000e-01  3.207631e-01
1.410000e-01  3.186247e-01
1.440000e-01  3.165396e-01
1.470000e-01  3.145054e-01
1.500000e-01  3.125200e-01
1.530000e-01  3.105811e-01
1.560000e-01  3.086869e-01
1.590000e-01  3.068355e-01
1.620000e-01  3.050250e-01
1.650000e-01  3.032540e-01
1.680000e-01  3.015209e-01
1.710000e-01  2.998241e-01
1.740000e-01  2.981623e-01
1.770000e-01  2.965343e-01
1.800000e-01  2.949387e-01
1.830000e-01  2.933744e-01
1.860000e-01  2.918402e-01
1.890000e-01  2.903352e-01
1.920000e-01  2.888584e-01
1.950000e-01  2.874086e-01
1.980000e-01  2.859852e-01
2.010000e-01  2.845872e-01
2.040000e-01  2.832137e-01
2.070000e-01  2.818640e-01
2.100000e-01  2.805374e-01
2.130000e-01  2.792331e-01
2.160000e-01  2.779504e-01
2.190000e-01  2.766887e-01
2.220000e-01  2.754474e-01
2.250000e-01  2.742258e-01
2.280000e-01  2.730234e-01
2.310000e-01  2.718396e-01
2.340000e-01  2.706740e-01
2.370000e-01  2.695259e-01
2.400000e-01  2.683950e-01
2.430000e-01  2.672807e-01
2.460000e-01  2.661826e-01
2.490000e-01  2.651003e-01
2.520000e-01  2.640333e-01
2.550000e-01  2.629813e-01
2.580000e-01  2.619438e-01
2.610000e-01  2.609206e-01
2.640000e-01  2.599112e-01
2.670000e-01  2.589152e-01
2.700000e-01  2.579325e-01
2.730000e-01  2.569626e-01
2.760000e-01  2.560052e-01
2.790000e-01  2.550600e-01
2.820000e-01  2.541268e-01
2.850000e-01  2.532053e-01
2.880000e-01  2.522952e-01
2.910000e-01  2.513962e-01
2.940000e-01  2.505081e-01
2.970000e-01  2.496306e-01
3.000000e-01  2.487636e-01
3.030000e-01  2.479067e-01
3.060000e-01  2.470598e-01
3.090000e-01  2.462226e-01
3.120000e-01  2.453950e-01
3.150000e-01  2.445767e-01
3.180000e-01  2.437675e-01
3.210000e-01  2.429673e-01
3.240000e-01  2.421759e-01
3.270000e-01  2.413930e-01
3.300000e-01  2.406185e-01
3.330000e-01  2.398523e-01
3.360000e-01  2.390942e-01
3.390000e-01  2.383440e-01
3.420000e-01  2.376016e-01
3.450000e-01  2.368668e-01
3.480000e-01  2.361395e-01
3.510000e-01  2.354195e-01
3.540000e-01  2.347066e-01
3.570000e-01  2.340009e-01
3.600000e-01  2.333021e-01
3.630000e-01  2.326101e-01
3.660000e-01  2.319247e-01
3.690000e-01  2.312459e-01
3.720000e-01  2.305736e-01
3.750000e-01  2.299075e-01
3.780000e-01  2.292477e-01
3.810000e-01  2.285940e-01
3.840000e-01  2.279463e-01
3.870000e-01  2.273045e-01
3.900000e-01  2.266685e-01
3.930000e-01  2.260382e-01
3.960000e-01  2.254134e-01
3.990000e-01  2.247942e-01
4.020000e-01  2.241804e-01
4.050000e-01  2.235719e-01
4.080000e-01  2.229687e-01
4.110000e-01  2.223706e-01
4.140000e-01  2.217775e-01
4.170000e-01  2.211895e-01
4.200000e-01  2.206064e-01
4.230000e-01  2.200281e-01
4.260000e-01  2.194545e-01
4.290000e-01  2.188857e-01
4.320000e-01  2.183214e-01
4.350000e-01  2.177617e-01
4.380000e-01  2.172064e-01
4.410000e-01  2.166556e-01
4.440000e-01  2.161091e-01
4.470000e-01  2.155668e-01
4.500000e-01  2.150288e-01
4.530000e-01  2.144949e-01
4.560000e-01  2.139651e-01
4.590000e-01  2.134393e-01
4.620000e-01  2.129175e-01
4.650000e-01  2.123996e-01
4.680000e-01  2.118855e-01
4.710000e-01  2.113752e-01
4.740000e-01  2.108687e-01
4.770000e-01  2.103659e-01
4.800000e-01  2.098667e-01
4.830000e-01  2.093711e-01
4.860000e-01  2.088790e-01
4.890000e-01  2.083905e-01
4.920000e-01  2.079053e-01
4.950000e-01  2.074236e-01
4.980000e-01  2.069452e-01
5.010000e-01  2.064702e-01
5.040000e-01  2.059983e-01
5.070000e-01  2.055298e-01
5.100000e-01  2.050643e-01
5.130000e-01  2.046020e-01
5.160000e-01  2.041429e-01
5.190000e-01  2.036867e-01
5.220000e-01  2.032336e-01
5.250000e-01  2.027835e-01
5.280000e-01  2.023363e-01
5.310000e-01  2.018920e-01
5.340000e-01  2.014505e-01
5.370000e-01  2.010119e-01
5.400000e-01  2.005761e-01
5.430000e-01  2.001431e-01
5.460000e-01  1.997127e-01
5.490000e-01  1.992851e-01
5.520000e-01  1.988601e-01
5.550000e-01  1.984378e-01
5.580000e-01  1.980180e-01
5.610000e-01  1.976008e-01
5.640000e-01  1.971862e-01
5.670000e-01  1.967740e-01
5.700000e-01  1.963644e-01
5.730000e-01  1.959571e-01
5.760000e-01  1.955523e-01
5.790000e-01  1.951499e-01
5.820000e-01  1.947498e-01
5.850000e-01  1.943521e-01
5.880000e-01  1.939566e-01
5.910000e-01  1.935635e-01
5.940000e-01  1.931726e-01
5.970000e-01  1.927839e-01
6.000000e-01  1.923974e-01
6.030000e-01  1.920132e-01
6.060000e-01  1.916310e-01
6.090000e-01  1.912511e-01
6.120000e-01  1.908732e-01
6.150000e-01  1.904973e-01
6.180000e-01  1.901236e-01
6.210000e-01  1.897519e-01
6.240000e-01  1.893822e-01
6.270000e-01  1.890145e-01
6.300000e-01  1.886488e-01
6.330000e-01  1.882850e-01
6.360000e-01  1.879232e-01
6.390000e-01  1.875633e-01
6.420000e-01  1.872052e-01
6.450000e-01  1.868491e-01
6.480000e-01  1.864948e-01
6.510000e-01  1.861423e-01
6.540000e-01  1.857916e-01
6.570000e-01  1.854428e-01
6.600000e-01  1.850957e-01
6.630000e-01  1.847504e-01
6.660000e-01  1.844068e-01
6.690000e-01  1.840649e-01
6.720000e-01  1.837248e-01
6.750000e-01  1.833863e-01
6.780000e-01  1.830495e-01
6.810000e-01  1.827143e-01
6.840000e-01  1.823808e-01
6.870000e-01  1.820490e-01
6.900000e-01  1.817187e-01
6.930000e-01  1.813900e-01
6.960000e-01  1.810629e-01
6.990000e-01  1.807373e-01
7.020000e-01  1.804133e-01
7.050000e-01  1.800908e-01
7.080000e-01  1.797699e-01
7.110000e-01  1.794504e-01
7.140000e-01  1.791325e-01
7.170000e-01  1.788159e-01
7.200000e-01  1.785009e-01
7.230000e-01  1.781873e-01
7.260000e-01  1.778751e-01
7.290000e-01  1.775644e-01
7.320000e-01  1.772550e-01
7.350000e-01  1.769471e-01
7.380000e-01  1.766405e-01
7.410000e-01  1.763353e-01
7.440000e-01  1.760314e-01
7.470000e-01  1.757289e-01
7.500000e-01  1.754277e-01
7.530000e-01  1.751279e-01
7.560000e-01  1.748293e-01
7.590000e-01  1.745320e-01
7.620000e-01  1.742361e-01
7.650000e-01  1.739413e-01
7.680000e-01  1.736479e-01
7.710000e-01  1.733557e-01
7.740000e-01  1.730647e-01
7.770000e-01  1.727749e-01
7.800000e-01  1.724864e-01
7.830000e-01  1.721990e-01
7.860000e-01  1.719129e-01
7.890000e-01  1.716280e-01
7.920000e-01  1.713442e-01
7.950000e-01  1.710616e-01
7.980000e-01  1.707801e-01
8.010000e-01  1.704997e-01
8.040000e-01  1.702206e-01
8.070000e-01  1.699425e-01
8.100000e-01  1.696656e-01
8.130000e-01  1.693897e-01
8.160000e-01  1.691149e-01
8.190000e-01  1.688413e-01
8.220000e-01  1.685687e-01
8.250000e-01  1.682972e-01
8.280000e-01  1.680267e-01
8.310000e-01  1.677573e-01
8.340000e-01  1.674889e-01
8.370000e-01  1.672216e-01
8.400000e-01  1.669553e-01
8.430000e-01  1.666900e-01
8.460000e-01  1.664257e-01
8.490000e-01  1.661624e-01
8.520000e-01  1.659001e-01
8.550000e-01  1.656388e-01
8.580000e-01  1.653784e-01
8.610000e-01  1.651191e-01
8.640000e-01  1.648607e-01
8.670000e-01  1.646032e-01
8.700000e-01  1.643467e-01
8.730000e-01  1.640911e-01
8.760000e-01  1.638365e-01
8.790000e-01  1.635827e-01
8.820000e-01  1.633299e-01
8.850000e-01  1.630780e-01
8.880000e-01  1.628270e-01
8.910000e-01  1.625769e-01
8.940000e-01  1.623277e-01
8.970000e-01  1.620794e-01
9.000000e-01  1.618319e-01
9.030000e-01  1.615853e-01
9.060000e-01  1.613396e-01
9.090000e-01  1.610947e-01
9.120000e-01  1.608507e-01
9.150000e-01  1.606074e-01
9.180000e-01  1.603651e-01
9.210000e-01  1.601235e-01
9.240000e-01  1.598828e-01
9.270000e-01  1.596429e-01
9.300000e-01  1.594038e-01
9.330000e-01  1.591655e-01
9.360000e-01  1.589280e-01
9.390000e-01  1.586913e-01
9.420000e-01  1.584554e-01
9.450000e-01  1.582203e-01
9.480000e-01  1.579859e-01
9.510000e-01  1.577523e-01
9.540000e-01  1.575195e-01
9.570000e-01  1.572874e-01
9.600000e-01  1.570561e-01
9.630000e-01  1.568255e-01
9.660000e-01  1.565956e-01
9.690000e-01  1.563665e-01
9.720000e-01  1.561382e-01
9.750000e-01  1.559105e-01
9.780000e-01  1.556836e-01
9.810000e-01  1.554573e-01
9.840000e-01  1.552318e-01
9.870000e-01  1.550070e-01
9.900000e-01  1.547829e-01
9.930000e-01  1.545595e-01
9.960000e-01  1.543367e-01
9.990000e-01  1.541147e-01
