000000  000001
3.000000e-03  6.299062e-01
6.000000e-03  5.372125e-01
9.000000e-03  4.850669e-01
1.200000e-02  4.495240e-01
1.500000e-02  4.229137e-01
1.800000e-02  4.018347e-01
2.100000e-02  3.844930e-01
2.400000e-02  3.698326e-01
2.700000e-02  3.571818e-01
3.000000e-02  3.460882e-01
3.300000e-02  3.362338e-01
3.600000e-02  3.273867e-01
3.900000e-02  3.193732e-01
4.200000e-02  3.120597e-01
4.500000e-02  3.053416e-01
4.800000e-02  2.991357e-01
5.100000e-02  2.933744e-01
5.400000e-02  2.880023e-01
5.700000e-02  2.829738e-01
6.000000e-02  2.782503e-01
6.300000e-02  2.737992e-01
6.600000e-02  2.695930e-01
6.900000e-02  2.656077e-01
7.200000e-02  2.618227e-01
7.500000e-02  2.582202e-01
7.800000e-02  2.547843e-01
8.100000e-02  2.515014e-01
8.400000e-02  2.483591e-01
8.700000e-02  2.453466e-01
9.000000e-02  2.424542e-01
9.300000e-02  2.396732e-01
9.600000e-02  2.369959e-01
9.900000e-02  2.344152e-01
1.020000e-01  2.319247e-01
1.050000e-01  2.295187e-01
1.080000e-01  2.271918e-01
1.110000e-01  2.249394e-01
1.140000e-01  2.227570e-01
1.170000e-01  2.206405e-01
1.200000e-01  2.185864e-01
1.230000e-01  2.165911e-01
1.260000e-01  2.146515e-01
1.290000e-01  2.127648e-01
1.320000e-01  2.109281e-01
1.350000e-01  2.091391e-01
1.380000e-01  2.073954e-01
1.410000e-01  2.056948e-01
1.440000e-01  2.040353e-01
1.470000e-01  2.024150e-01
1.500000e-01  2.008322e-01
1.530000e-01  1.992851e-01
1.560000e-01  1.977723e-01
1.590000e-01  1.962923e-01
1.620000e-01  1.948437e-01
1.650000e-01  1.934253e-01
1.680000e-01  1.920357e-01
1.710000e-01  1.906739e-01
1.740000e-01  1.893389e-01
1.770000e-01  1.880294e-01
1.800000e-01  1.867447e-01
1.830000e-01  1.854837e-01
1.860000e-01  1.842457e-01
1.890000e-01  1.830297e-01
1.920000e-01  1.818351e-01
1.950000e-01  1.806610e-01
1.980000e-01  1.795067e-01
2.010000e-01  1.783716e-01
2.040000e-01  1.772550e-01
2.070000e-01  1.761564e-01
2.100000e-01  1.750751e-01
2.130000e-01  1.740106e-01
2.160000e-01  1.729623e-01
2.190000e-01  1.719297e-01
2.220000e-01  1.709124e-01
2.250000e-01  1.699099e-01
2.280000e-01  1.689217e-01
2.310000e-01  1.679474e-01
2.340000e-01  1.669865e-01
2.370000e-01  1.660388e-01
2.400000e-01  1.651038e-01
2.430000e-01  1.641812e-01
2.460000e-01  1.632706e-01
2.490000e-01  1.623716e-01
2.520000e-01  1.614840e-01
2.550000e-01  1.606074e-01
2.580000e-01  1.597416e-01
2.610000e-01  1.588862e-01
2.640000e-01  1.580410e-01
2.670000e-01  1.572057e-01
2.700000e-01  1.563800e-01
2.730000e-01  1.555637e-01
2.760000e-01  1.547566e-01
2.790000e-01  1.539583e-01
2.820000e-01  1.531688e-01
2.850000e-01  1.523878e-01
2.880000e-01  1.516150e-01
2.910000e-01  1.508502e-01
2.940000e-01  1.500933e-01
2.970000e-01  1.493441e-01
3.000000e-01  1.486024e-01
3.030000e-01  1.478680e-01
3.060000e-01  1.471407e-01
3.090000e-01  1.464204e-01
3.120000e-01  1.457068e-01
3.150000e-01  1.449999e-01
3.180000e-01  1.442995e-01
3.210000e-01  1.436054e-01
3.240000e-01  1.429176e-01
3.270000e-01  1.422357e-01
3.300000e-01  1.415598e-01
3.330000e-01  1.408896e-01
3.360000e-01  1.402251e-01
3.390000e-01  1.395660e-01
3.420000e-01  1.389124e-01
3.450000e-01  1.382640e-01
3.480000e-01  1.376208e-01
3.510000e-01  1.369827e-01
3.540000e-01  1.363494e-01
3.570000e-01  1.357210e-01
3.600000e-01  1.350972e-01
3.630000e-01  1.344781e-01
3.660000e-01  1.338635e-01
3.690000e-01  1.332533e-01
3.720000e-01  1.326474e-01
3.750000e-01  1.320457e-01
3.780000e-01  1.314481e-01
3.810000e-01  1.308546e-01
3.840000e-01  1.302649e-01
3.870000e-01  1.296792e-01
3.900000e-01  1.290972e-01
3.930000e-01  1.285189e-01
3.960000e-01  1.279441e-01
3.990000e-01  1.273729e-01
4.020000e-01  1.268052e-01
4.050000e-01  1.262408e-01
4.080000e-01  1.256797e-01
4.110000e-01  1.251218e-01
4.140000e-01  1.245670e-01
4.170000e-01  1.240153e-01
4.200000e-01  1.234667e-01
4.230000e-01  1.229209e-01
4.260000e-01  1.223780e-01
4.290000e-01  1.218378e-01
4.320000e-01  1.213004e-01
4.350000e-01  1.207657e-01
4.380000e-01  1.202335e-01
4.410000e-01  1.197039e-01
4.440000e-01  1.191767e-01
4.470000e-01  1.186520e-01
4.500000e-01  1.181295e-01
4.530000e-01  1.176094e-01
4.560000e-01  1.170914e-01
4.590000e-01  1.165756e-01
4.620000e-01  1.160619e-01
4.650000e-01  1.155503e-01
4.680000e-01  1.150406e-01
4.710000e-01  1.145328e-01
4.740000e-01  1.140269e-01
4.770000e-01  1.135228e-01
4.800000e-01  1.130205e-01
4.830000e-01  1.125198e-01
4.860000e-01  1.120208e-01
4.890000e-01  1.115234e-01
4.920000e-01  1.110274e-01
4.950000e-01  1.105330e-01
4.980000e-01  1.100399e-01
5.010000e-01  1.095482e-01
5.040000e-01  1.090578e-01
5.070000e-01  1.085686e-01
5.100000e-01  1.080806e-01
5.130000e-01  1.075937e-01
5.160000e-01  1.071079e-01
5.190000e-01  1.066231e-01
5.220000e-01  1.061392e-01
5.250000e-01  1.056563e-01
5.280000e-01  1.051742e-01
5.310000e-01  1.046928e-01
5.340000e-01  1.042122e-01
5.370000e-01  1.037322e-01
5.400000e-01  1.032528e-01
5.430000e-01  1.027739e-01
5.460000e-01  1.022955e-01
5.490000e-01  1.018175e-01
5.520000e-01  1.013398e-01
5.550000e-01  1.008624e-01
5.580000e-01  1.003852e-01
5.610000e-01  9.990816e-02
5.640000e-01  000000
5.670000e-01  000000
5.700000e-01  000000
5.730000e-01  000000
5.760000e-01  000000
5.790000e-01  000000
5.820000e-01  000000
5.850000e-01  000000
5.880000e-01  000000
5.910000e-01  000000
5.940000e-01  000000
5.970000e-01  000000
6.000000e-01  000000
6.030000e-01  000000
6.060000e-01  000000
6.090000e-01  000000
6.120000e-01  000000
6.150000e-01  000000
6.180000e-01  000000
6.210000e-01  000000
6.240000e-01  000000
6.270000e-01  000000
6.300000e-01  000000
6.330000e-01  000000
6.360000e-01  000000
6.390000e-01  000000
6.420000e-01  000000
6.450000e-01  000000
6.480000e-01  000000
6.510000e-01  000000
6.540000e-01  000000
6.570000e-01  000000
6.600000e-01  000000
6.630000e-01  000000
6.660000e-01  000000
6.690000e-01  000000
6.720000e-01  000000
6.750000e-01  000000
6.780000e-01  000000
6.810000e-01  000000
6.840000e-01  000000
6.870000e-01  000000
6.900000e-01  000000
6.930000e-01  000000
6.960000e-01  000000
6.990000e-01  000000
7.020000e-01  000000
7.050000e-01  000000
7.080000e-01  000000
7.110000e-01  000000
7.140000e-01  000000
7.170000e-01  000000
7.200000e-01  000000
7.230000e-01  000000
7.260000e-01  000000
7.290000e-01  000000
7.320000e-01  000000
7.350000e-01  000000
7.380000e-01  000000
7.410000e-01  000000
7.440000e-01  000000
7.470000e-01  000000
7.500000e-01  000000
7.530000e-01  000000
7.560000e-01  000000
7.590000e-01  000000
7.620000e-01  000000
7.650000e-01  000000
7.680000e-01  000000
7.710000e-01  000000
7.740000e-01  000000
7.770000e-01  000000
7.800000e-01  000000
7.830000e-01  000000
7.860000e-01  000000
7.890000e-01  000000
7.920000e-01  000000
7.950000e-01  000000
7.980000e-01  000000
8.010000e-01  000000
8.040000e-01  000000
8.070000e-01  000000
8.100000e-01  000000
8.130000e-01  000000
8.160000e-01  000000
8.190000e-01  000000
8.220000e-01  000000
8.250000e-01  000000
8.280000e-01  000000
8.310000e-01  000000
8.340000e-01  000000
8.370000e-01  000000
8.400000e-01  000000
8.430000e-01  000000
8.460000e-01  000000
8.490000e-01  000000
8.520000e-01  000000
8.550000e-01  000000
8.580000e-01  000000
8.610000e-01  000000
8.640000e-01  000000
8.670000e-01  000000
8.700000e-01  000000
8.730000e-01  000000
8.760000e-01  000000
8.790000e-01  000000
8.820000e-01  000000
8.850000e-01  000000
8.880000e-01  000000
8.910000e-01  000000
8.940000e-01  000000
8.970000e-01  000000
9.000000e-01  000000
9.030000e-01  000000
9.060000e-01  000000
9.090000e-01  000000
9.120000e-01  000000
9.150000e-01  000000
9.180000e-01  000000
9.210000e-01  000000
9.240000e-01  000000
9.270000e-01  000000
9.300000e-01  000000
9.330000e-01  000000
9.360000e-01  000000
9.390000e-01  000000
9.420000e-01  000000
9.450000e-01  000000
9.480000e-01  000000
9.510000e-01  000000
9.540000e-01  000000
9.570000e-01  000000
9.600000e-01  000000
9.630000e-01  000000
9.660000e-01  000000
9.690000e-01  000000
9.720000e-01  000000
9.750000e-01  000000
9.780000e-01  000000
9.810000e-01  000000
9.840000e-01  000000
9.870000e-01  000000
9.900000e-01  000000
9.930000e-01  000000
9.960000e-01  000000
9.990000e-01  000000
