000000  000001
3.000000e-03  7.853503e-01
6.000000e-03  6.979680e-01
9.000000e-03  6.437296e-01
1.200000e-02  6.049022e-01
1.500000e-02  5.749358e-01
1.800000e-02  5.506957e-01
2.100000e-02  5.304438e-01
2.400000e-02  5.131195e-01
2.700000e-02  4.980294e-01
3.000000e-02  4.846963e-01
3.300000e-02  4.727787e-01
3.600000e-02  4.620238e-01
3.900000e-02  4.522396e-01
4.200000e-02  4.432771e-01
4.500000e-02  4.350183e-01
4.800000e-02  4.273686e-01
5.100000e-02  4.202506e-01
5.400000e-02  4.136004e-01
5.700000e-02  4.073649e-01
6.000000e-02  4.014991e-01
6.300000e-02  3.959649e-01
6.600000e-02  3.907297e-01
6.900000e-02  3.857651e-01
7.200000e-02  3.810467e-01
7.500000e-02  3.765530e-01
7.800000e-02  3.722654e-01
8.100000e-02  3.681671e-01
8.400000e-02  3.642434e-01
8.700000e-02  3.604812e-01
9.000000e-02  3.568688e-01
9.300000e-02  3.533956e-01
9.600000e-02  3.500521e-01
9.900000e-02  3.468297e-01
1.020000e-01  3.437206e-01
1.050000e-01  3.407178e-01
1.080000e-01  3.378148e-01
1.110000e-01  3.350057e-01
1.140000e-01  3.322851e-01
1.170000e-01  3.296479e-01
1.200000e-01  3.270897e-01
1.230000e-01  3.246062e-01
1.260000e-01  3.221935e-01
1.290000e-01  3.198480e-01
1.320000e-01  3.175664e-01
1.350000e-01  3.153455e-01
1.380000e-01  3.131824e-01
1.410000e-01  3.110744e-01
1.440000e-01  3.090190e-01
1.470000e-01  3.070139e-01
1.500000e-01  3.050567e-01
1.530000e-01  3.031456e-01
1.560000e-01  3.012784e-01
1.590000e-01  2.994535e-01
1.620000e-01  2.976690e-01
1.650000e-01  2.959233e-01
1.680000e-01  2.942150e-01
1.710000e-01  2.925425e-01
1.740000e-01  2.909046e-01
1.770000e-01  2.892998e-01
1.800000e-01  2.877271e-01
1.830000e-01  2.861852e-01
1.860000e-01  2.846731e-01
1.890000e-01  2.831896e-01
1.920000e-01  2.817339e-01
1.950000e-01  2.803049e-01
1.980000e-01  2.789018e-01
2.010000e-01  2.775238e-01
2.040000e-01  2.761699e-01
2.070000e-01  2.748395e-01
2.100000e-01  2.735318e-01
2.130000e-01  2.722461e-01
2.160000e-01  2.709817e-01
2.190000e-01  2.697380e-01
2.220000e-01  2.685143e-01
2.250000e-01  2.673101e-01
2.280000e-01  2.661248e-01
2.310000e-01  2.649578e-01
2.340000e-01  2.638086e-01
2.370000e-01  2.626768e-01
2.400000e-01  2.615619e-01
2.430000e-01  2.604633e-01
2.460000e-01  2.593807e-01
2.490000e-01  2.583136e-01
2.520000e-01  2.572616e-01
2.550000e-01  2.562244e-01
2.580000e-01  2.552014e-01
2.610000e-01  2.541925e-01
2.640000e-01  2.531972e-01
2.670000e-01  2.522152e-01
2.700000e-01  2.512461e-01
2.730000e-01  2.502897e-01
2.760000e-01  2.493456e-01
2.790000e-01  2.484135e-01
2.820000e-01  2.474932e-01
2.850000e-01  2.465844e-01
2.880000e-01  2.456869e-01
2.910000e-01  2.448002e-01
2.940000e-01  2.439243e-01
2.970000e-01  2.430589e-01
3.000000e-01  2.422037e-01
3.030000e-01  2.413586e-01
3.060000e-01  2.405232e-01
3.090000e-01  2.396974e-01
3.120000e-01  2.388810e-01
3.150000e-01  2.380738e-01
3.180000e-01  2.372755e-01
3.210000e-01  2.364861e-01
3.240000e-01  2.357053e-01
3.270000e-01  2.349330e-01
3.300000e-01  2.341689e-01
3.330000e-01  2.334129e-01
3.360000e-01  2.326649e-01
3.390000e-01  2.319247e-01
3.420000e-01  2.311921e-01
3.450000e-01  2.304671e-01
3.480000e-01  2.297493e-01
3.510000e-01  2.290388e-01
3.540000e-01  2.283354e-01
3.570000e-01  2.276389e-01
3.600000e-01  2.269492e-01
3.630000e-01  2.262662e-01
3.660000e-01  2.255898e-01
3.690000e-01  2.249198e-01
3.720000e-01  2.242561e-01
3.750000e-01  2.235987e-01
3.780000e-01  2.229474e-01
3.810000e-01  2.223021e-01
3.840000e-01  2.216627e-01
3.870000e-01  2.210290e-01
3.900000e-01  2.204011e-01
3.930000e-01  2.197788e-01
3.960000e-01  2.191620e-01
3.990000e-01  2.185506e-01
4.020000e-01  2.179445e-01
4.050000e-01  2.173436e-01
4.080000e-01  2.167479e-01
4.110000e-01  2.161573e-01
4.140000e-01  2.155716e-01
4.170000e-01  2.149909e-01
4.200000e-01  2.144149e-01
4.230000e-01  2.138438e-01
4.260000e-01  2.132773e-01
4.290000e-01  2.127153e-01
4.320000e-01  2.121580e-01
4.350000e-01  2.116051e-01
4.380000e-01  2.110566e-01
4.410000e-01  2.105123e-01
4.440000e-01  2.099724e-01
4.470000e-01  2.094367e-01
4.500000e-01  2.089051e-01
4.530000e-01  2.083775e-01
4.560000e-01  2.078540e-01
4.590000e-01  2.073345e-01
4.620000e-01  2.068188e-01
4.650000e-01  2.063069e-01
4.680000e-01  2.057989e-01
4.710000e-01  2.052946e-01
4.740000e-01  2.047939e-01
4.770000e-01  2.042969e-01
4.800000e-01  2.038035e-01
4.830000e-01  2.033136e-01
4.860000e-01  2.028272e-01
4.890000e-01  2.023442e-01
4.920000e-01  2.018646e-01
4.950000e-01  2.013883e-01
4.980000e-01  2.009153e-01
5.010000e-01  2.004455e-01
5.040000e-01  1.999790e-01
5.070000e-01  1.995156e-01
5.100000e-01  1.990554e-01
5.130000e-01  1.985982e-01
5.160000e-01  1.981441e-01
5.190000e-01  1.976929e-01
5.220000e-01  1.972447e-01
5.250000e-01  1.967995e-01
5.280000e-01  1.963571e-01
5.310000e-01  1.959176e-01
5.340000e-01  1.954809e-01
5.370000e-01  1.950470e-01
5.400000e-01  1.946158e-01
5.430000e-01  1.941873e-01
5.460000e-01  1.937615e-01
5.490000e-01  1.933384e-01
5.520000e-01  1.929178e-01
5.550000e-01  1.924998e-01
5.580000e-01  1.920844e-01
5.610000e-01  1.916715e-01
5.640000e-01  1.912611e-01
5.670000e-01  1.908532e-01
5.700000e-01  1.904476e-01
5.730000e-01  1.900445e-01
5.760000e-01  1.896437e-01
5.790000e-01  1.892453e-01
5.820000e-01  1.888492e-01
5.850000e-01  1.884554e-01
5.880000e-01  1.880639e-01
5.910000e-01  1.876746e-01
5.940000e-01  1.872875e-01
5.970000e-01  1.869025e-01
6.000000e-01  1.865198e-01
6.030000e-01  1.861392e-01
6.060000e-01  1.857607e-01
6.090000e-01  1.853843e-01
6.120000e-01  1.850100e-01
6.150000e-01  1.846377e-01
6.180000e-01  1.842674e-01
6.210000e-01  1.838991e-01
6.240000e-01  1.835329e-01
6.270000e-01  1.831685e-01
6.300000e-01  1.828061e-01
6.330000e-01  1.824456e-01
6.360000e-01  1.820870e-01
6.390000e-01  1.817303e-01
6.420000e-01  1.813755e-01
6.450000e-01  1.810225e-01
6.480000e-01  1.806713e-01
6.510000e-01  1.803218e-01
6.540000e-01  1.799742e-01
6.570000e-01  1.796283e-01
6.600000e-01  1.792842e-01
6.630000e-01  1.789418e-01
6.660000e-01  1.786011e-01
6.690000e-01  1.782621e-01
6.720000e-01  1.779248e-01
6.750000e-01  1.775891e-01
6.780000e-01  1.772550e-01
6.810000e-01  1.769226e-01
6.840000e-01  1.765918e-01
6.870000e-01  1.762626e-01
6.900000e-01  1.759349e-01
6.930000e-01  1.756088e-01
6.960000e-01  1.752843e-01
6.990000e-01  1.749613e-01
7.020000e-01  1.746398e-01
7.050000e-01  1.743197e-01
7.080000e-01  1.740012e-01
7.110000e-01  1.736842e-01
7.140000e-01  1.733686e-01
7.170000e-01  1.730544e-01
7.200000e-01  1.727417e-01
7.230000e-01  1.724304e-01
7.260000e-01  1.721204e-01
7.290000e-01  1.718119e-01
7.320000e-01  1.715047e-01
7.350000e-01  1.711990e-01
7.380000e-01  1.708945e-01
7.410000e-01  1.705914e-01
7.440000e-01  1.702896e-01
7.470000e-01  1.699892e-01
7.500000e-01  1.696900e-01
7.530000e-01  1.693921e-01
7.560000e-01  1.690955e-01
7.590000e-01  1.688002e-01
7.620000e-01  1.685061e-01
7.650000e-01  1.682133e-01
7.680000e-01  1.679217e-01
7.710000e-01  1.676313e-01
7.740000e-01  1.673421e-01
7.770000e-01  1.670541e-01
7.800000e-01  1.667674e-01
7.830000e-01  1.664817e-01
7.860000e-01  1.661973e-01
7.890000e-01  1.659140e-01
7.920000e-01  1.656319e-01
7.950000e-01  1.653509e-01
7.980000e-01  1.650710e-01
8.010000e-01  1.647922e-01
8.040000e-01  1.645146e-01
8.070000e-01  1.642380e-01
8.100000e-01  1.639626e-01
8.130000e-01  1.636882e-01
8.160000e-01  1.634149e-01
8.190000e-01  1.631426e-01
8.220000e-01  1.628714e-01
8.250000e-01  1.626012e-01
8.280000e-01  1.623321e-01
8.310000e-01  1.620640e-01
8.340000e-01  1.617969e-01
8.370000e-01  1.615309e-01
8.400000e-01  1.612658e-01
8.430000e-01  1.610017e-01
8.460000e-01  1.607386e-01
8.490000e-01  1.604765e-01
8.520000e-01  1.602154e-01
8.550000e-01  1.599552e-01
8.580000e-01  1.596959e-01
8.610000e-01  1.594376e-01
8.640000e-01  1.591803e-01
8.670000e-01  1.589238e-01
8.700000e-01  1.586683e-01
8.730000e-01  1.584137e-01
8.760000e-01  1.581601e-01
8.790000e-01  1.579073e-01
8.820000e-01  1.576554e-01
8.850000e-01  1.574044e-01
8.880000e-01  1.571543e-01
8.910000e-01  1.569050e-01
8.940000e-01  1.566566e-01
8.970000e-01  1.564091e-01
9.000000e-01  1.561624e-01
9.030000e-01  1.559165e-01
9.060000e-01  1.556715e-01
9.090000e-01  1.554274e-01
9.120000e-01  1.551840e-01
9.150000e-01  1.549415e-01
9.180000e-01  1.546998e-01
9.210000e-01  1.544589e-01
9.240000e-01  1.542187e-01
9.270000e-01  1.539794e-01
9.300000e-01  1.537409e-01
9.330000e-01  1.535031e-01
9.360000e-01  1.532662e-01
9.390000e-01  1.530300e-01
9.420000e-01  1.527945e-01
9.450000e-01  1.525598e-01
9.480000e-01  1.523259e-01
9.510000e-01  1.520927e-01
9.540000e-01  1.518603e-01
9.570000e-01  1.516286e-01
9.600000e-01  1.513976e-01
9.630000e-01  1.511673e-01
9.660000e-01  1.509378e-01
9.690000e-01  1.507090e-01
9.720000e-01  1.504809e-01
9.750000e-01  1.502535e-01
9.780000e-01  1.500267e-01
9.810000e-01  1.498007e-01
9.840000e-01  1.495754e-01
9.870000e-01  1.493507e-01
9.900000e-01  1.491268e-01
9.930000e-01  1.489035e-01
9.960000e-01  1.486808e-01
9.990000e-01  1.484589e-01
