000000  000001
3.000000e-03  6.991309e-01
6.000000e-03  6.060898e-01
9.000000e-03  5.518605e-01
1.200000e-02  5.142558e-01
1.500000e-02  4.858050e-01
1.800000e-02  4.631072e-01
2.100000e-02  4.443377e-01
2.400000e-02  4.284086e-01
2.700000e-02  4.146216e-01
3.000000e-02  4.025032e-01
3.300000e-02  3.917181e-01
3.600000e-02  3.820206e-01
3.900000e-02  3.732260e-01
4.200000e-02  3.651916e-01
4.500000e-02  3.578055e-01
4.800000e-02  3.509780e-01
5.100000e-02  3.446365e-01
5.400000e-02  3.387211e-01
5.700000e-02  3.331824e-01
6.000000e-02  3.279786e-01
6.300000e-02  3.230744e-01
6.600000e-02  3.184397e-01
6.900000e-02  3.140484e-01
7.200000e-02  3.098782e-01
7.500000e-02  3.059093e-01
7.800000e-02  3.021248e-01
8.100000e-02  2.985093e-01
8.400000e-02  2.950496e-01
8.700000e-02  2.917337e-01
9.000000e-02  2.885509e-01
9.300000e-02  2.854918e-01
9.600000e-02  2.825478e-01
9.900000e-02  2.797110e-01
1.020000e-01  2.769746e-01
1.050000e-01  2.743322e-01
1.080000e-01  2.717778e-01
1.110000e-01  2.693064e-01
1.140000e-01  2.669129e-01
1.170000e-01  2.645930e-01
1.200000e-01  2.623426e-01
1.230000e-01  2.601578e-01
1.260000e-01  2.580353e-01
1.290000e-01  2.559718e-01
1.320000e-01  2.539643e-01
1.350000e-01  2.520101e-01
1.380000e-01  2.501065e-01
1.410000e-01  2.482512e-01
1.440000e-01  2.464420e-01
1.470000e-01  2.446767e-01
1.500000e-01  2.429533e-01
1.530000e-01  2.412702e-01
1.560000e-01  2.396254e-01
1.590000e-01  2.380175e-01
1.620000e-01  2.364448e-01
1.650000e-01  2.349060e-01
1.680000e-01  2.333997e-01
1.710000e-01  2.319247e-01
1.740000e-01  2.304797e-01
1.770000e-01  2.290636e-01
1.800000e-01  2.276754e-01
1.830000e-01  2.263139e-01
1.860000e-01  2.249783e-01
1.890000e-01  2.236676e-01
1.920000e-01  2.223810e-01
1.950000e-01  2.211176e-01
1.980000e-01  2.198767e-01
2.010000e-01  2.186574e-01
2.040000e-01  2.174592e-01
2.070000e-01  2.162812e-01
2.100000e-01  2.151229e-01
2.130000e-01  2.139836e-01
2.160000e-01  2.128628e-01
2.190000e-01  2.117598e-01
2.220000e-01  2.106742e-01
2.250000e-01  2.096054e-01
2.280000e-01  2.085529e-01
2.310000e-01  2.075163e-01
2.340000e-01  2.064951e-01
2.370000e-01  2.054888e-01
2.400000e-01  2.044970e-01
2.430000e-01  2.035194e-01
2.460000e-01  2.025556e-01
2.490000e-01  2.016051e-01
2.520000e-01  2.006676e-01
2.550000e-01  1.997429e-01
2.580000e-01  1.988304e-01
2.610000e-01  1.979300e-01
2.640000e-01  1.970413e-01
2.670000e-01  1.961640e-01
2.700000e-01  1.952978e-01
2.730000e-01  1.944426e-01
2.760000e-01  1.935979e-01
2.790000e-01  1.927635e-01
2.820000e-01  1.919393e-01
2.850000e-01  1.911249e-01
2.880000e-01  1.903201e-01
2.910000e-01  1.895247e-01
2.940000e-01  1.887385e-01
2.970000e-01  1.879612e-01
3.000000e-01  1.871927e-01
3.030000e-01  1.864328e-01
3.060000e-01  1.856813e-01
3.090000e-01  1.849380e-01
3.120000e-01  1.842026e-01
3.150000e-01  1.834752e-01
3.180000e-01  1.827554e-01
3.210000e-01  1.820432e-01
3.240000e-01  1.813382e-01
3.270000e-01  1.806405e-01
3.300000e-01  1.799499e-01
3.330000e-01  1.792662e-01
3.360000e-01  1.785892e-01
3.390000e-01  1.779189e-01
3.420000e-01  1.772550e-01
3.450000e-01  1.765976e-01
3.480000e-01  1.759464e-01
3.510000e-01  1.753013e-01
3.540000e-01  1.746623e-01
3.570000e-01  1.740291e-01
3.600000e-01  1.734017e-01
3.630000e-01  1.727800e-01
3.660000e-01  1.721639e-01
3.690000e-01  1.715532e-01
3.720000e-01  1.709478e-01
3.750000e-01  1.703478e-01
3.780000e-01  1.697529e-01
3.810000e-01  1.691631e-01
3.840000e-01  1.685782e-01
3.870000e-01  1.679983e-01
3.900000e-01  1.674232e-01
3.930000e-01  1.668528e-01
3.960000e-01  1.662870e-01
3.990000e-01  1.657258e-01
4.020000e-01  1.651691e-01
4.050000e-01  1.646167e-01
4.080000e-01  1.640687e-01
4.110000e-01  1.635250e-01
4.140000e-01  1.629855e-01
4.170000e-01  1.624500e-01
4.200000e-01  1.619186e-01
4.230000e-01  1.613912e-01
4.260000e-01  1.608677e-01
4.290000e-01  1.603481e-01
4.320000e-01  1.598323e-01
4.350000e-01  1.593201e-01
4.380000e-01  1.588117e-01
4.410000e-01  1.583068e-01
4.440000e-01  1.578055e-01
4.470000e-01  1.573077e-01
4.500000e-01  1.568134e-01
4.530000e-01  1.563224e-01
4.560000e-01  1.558348e-01
4.590000e-01  1.553504e-01
4.620000e-01  1.548693e-01
4.650000e-01  1.543914e-01
4.680000e-01  1.539166e-01
4.710000e-01  1.534449e-01
4.740000e-01  1.529762e-01
4.770000e-01  1.525105e-01
4.800000e-01  1.520478e-01
4.830000e-01  1.515880e-01
4.860000e-01  1.511310e-01
4.890000e-01  1.506769e-01
4.920000e-01  1.502256e-01
4.950000e-01  1.497770e-01
4.980000e-01  1.493311e-01
5.010000e-01  1.488878e-01
5.040000e-01  1.484472e-01
5.070000e-01  1.480092e-01
5.100000e-01  1.475737e-01
5.130000e-01  1.471407e-01
5.160000e-01  1.467102e-01
5.190000e-01  1.462822e-01
5.220000e-01  1.458565e-01
5.250000e-01  1.454332e-01
5.280000e-01  1.450123e-01
5.310000e-01  1.445937e-01
5.340000e-01  1.441773e-01
5.370000e-01  1.437632e-01
5.400000e-01  1.433513e-01
5.430000e-01  1.429416e-01
5.460000e-01  1.425340e-01
5.490000e-01  1.421286e-01
5.520000e-01  1.417252e-01
5.550000e-01  1.413240e-01
5.580000e-01  1.409247e-01
5.610000e-01  1.405275e-01
5.640000e-01  1.401322e-01
5.670000e-01  1.397389e-01
5.700000e-01  1.393476e-01
5.730000e-01  1.389581e-01
5.760000e-01  1.385705e-01
5.790000e-01  1.381848e-01
5.820000e-01  1.378009e-01
5.850000e-01  1.374188e-01
5.880000e-01  1.370384e-01
5.910000e-01  1.366599e-01
5.940000e-01  1.362830e-01
5.970000e-01  1.359079e-01
6.000000e-01  1.355345e-01
6.030000e-01  1.351627e-01
6.060000e-01  1.347925e-01
6.090000e-01  1.344240e-01
6.120000e-01  1.340571e-01
6.150000e-01  1.336918e-01
6.180000e-01  1.333280e-01
6.210000e-01  1.329658e-01
6.240000e-01  1.326050e-01
6.270000e-01  1.322458e-01
6.300000e-01  1.318880e-01
6.330000e-01  1.315317e-01
6.360000e-01  1.311769e-01
6.390000e-01  1.308234e-01
6.420000e-01  1.304714e-01
6.450000e-01  1.301207e-01
6.480000e-01  1.297714e-01
6.510000e-01  1.294235e-01
6.540000e-01  1.290768e-01
6.570000e-01  1.287315e-01
6.600000e-01  1.283875e-01
6.630000e-01  1.280447e-01
6.660000e-01  1.277032e-01
6.690000e-01  1.273630e-01
6.720000e-01  1.270239e-01
6.750000e-01  1.266861e-01
6.780000e-01  1.263495e-01
6.810000e-01  1.260140e-01
6.840000e-01  1.256797e-01
6.870000e-01  1.253465e-01
6.900000e-01  1.250145e-01
6.930000e-01  1.246836e-01
6.960000e-01  1.243537e-01
6.990000e-01  1.240250e-01
7.020000e-01  1.236973e-01
7.050000e-01  1.233707e-01
7.080000e-01  1.230451e-01
7.110000e-01  1.227205e-01
7.140000e-01  1.223970e-01
7.170000e-01  1.220744e-01
7.200000e-01  1.217528e-01
7.230000e-01  1.214322e-01
7.260000e-01  1.211125e-01
7.290000e-01  1.207938e-01
7.320000e-01  1.204759e-01
7.350000e-01  1.201590e-01
7.380000e-01  1.198430e-01
7.410000e-01  1.195279e-01
7.440000e-01  1.192136e-01
7.470000e-01  1.189002e-01
7.500000e-01  1.185877e-01
7.530000e-01  1.182759e-01
7.560000e-01  1.179650e-01
7.590000e-01  1.176549e-01
7.620000e-01  1.173456e-01
7.650000e-01  1.170370e-01
7.680000e-01  1.167292e-01
7.710000e-01  1.164222e-01
7.740000e-01  1.161159e-01
7.770000e-01  1.158103e-01
7.800000e-01  1.155055e-01
7.830000e-01  1.152013e-01
7.860000e-01  1.148979e-01
7.890000e-01  1.145951e-01
7.920000e-01  1.142930e-01
7.950000e-01  1.139915e-01
7.980000e-01  1.136907e-01
8.010000e-01  1.133905e-01
8.040000e-01  1.130909e-01
8.070000e-01  1.127919e-01
8.100000e-01  1.124935e-01
8.130000e-01  1.121957e-01
8.160000e-01  1.118985e-01
8.190000e-01  1.116018e-01
8.220000e-01  1.113057e-01
8.250000e-01  1.110101e-01
8.280000e-01  1.107150e-01
8.310000e-01  1.104204e-01
8.340000e-01  1.101263e-01
8.370000e-01  1.098327e-01
8.400000e-01  1.095396e-01
8.430000e-01  1.092469e-01
8.460000e-01  1.089547e-01
8.490000e-01  1.086629e-01
8.520000e-01  1.083715e-01
8.550000e-01  1.080806e-01
8.580000e-01  1.077900e-01
8.610000e-01  1.074999e-01
8.640000e-01  1.072101e-01
8.670000e-01  1.069207e-01
8.700000e-01  1.066316e-01
8.730000e-01  1.063429e-01
8.760000e-01  1.060545e-01
8.790000e-01  1.057664e-01
8.820000e-01  1.054786e-01
8.850000e-01  1.051911e-01
8.880000e-01  1.049038e-01
8.910000e-01  1.046169e-01
8.940000e-01  1.043301e-01
8.970000e-01  1.040437e-01
9.000000e-01  1.037574e-01
9.030000e-01  1.034714e-01
9.060000e-01  1.031855e-01
9.090000e-01  1.028999e-01
9.120000e-01  1.026144e-01
9.150000e-01  1.023291e-01
9.180000e-01  1.020439e-01
9.210000e-01  1.017588e-01
9.240000e-01  1.014739e-01
9.270000e-01  1.011890e-01
9.300000e-01  1.009043e-01
9.330000e-01  1.006196e-01
9.360000e-01  1.003350e-01
9.390000e-01  1.000504e-01
9.420000e-01  9.976590e-02
9.450000e-01  000000
9.480000e-01  000000
9.510000e-01  000000
9.540000e-01  000000
9.570000e-01  000000
9.600000e-01  000000
9.630000e-01  000000
9.660000e-01  000000
9.690000e-01  000000
9.720000e-01  000000
9.750000e-01  000000
9.780000e-01  000000
9.810000e-01  000000
9.840000e-01  000000
9.870000e-01  000000
9.900000e-01  000000
9.930000e-01  000000
9.960000e-01  000000
9.990000e-01  000000
