000000  000001
3.000000e-03  8.218885e-01
6.000000e-03  7.398044e-01
9.000000e-03  6.869713e-01
1.200000e-02  6.484199e-01
1.500000e-02  6.183016e-01
1.800000e-02  5.937281e-01
2.100000e-02  5.730647e-01
2.400000e-02  5.552988e-01
2.700000e-02  5.397606e-01
3.000000e-02  5.259853e-01
3.300000e-02  5.136371e-01
3.600000e-02  5.024664e-01
3.900000e-02  4.922825e-01
4.200000e-02  4.829365e-01
4.500000e-02  4.743105e-01
4.800000e-02  4.663089e-01
5.100000e-02  4.588537e-01
5.400000e-02  4.518805e-01
5.700000e-02  4.453352e-01
6.000000e-02  4.391720e-01
6.300000e-02  4.333522e-01
6.600000e-02  4.278423e-01
6.900000e-02  4.226135e-01
7.200000e-02  4.176406e-01
7.500000e-02  4.129017e-01
7.800000e-02  4.083774e-01
8.100000e-02  4.040506e-01
8.400000e-02  3.999061e-01
8.700000e-02  3.959305e-01
9.000000e-02  3.921114e-01
9.300000e-02  3.884381e-01
9.600000e-02  3.849007e-01
9.900000e-02  3.814902e-01
1.020000e-01  3.781987e-01
1.050000e-01  3.750187e-01
1.080000e-01  3.719436e-01
1.110000e-01  3.689671e-01
1.140000e-01  3.660837e-01
1.170000e-01  3.632882e-01
1.200000e-01  3.605758e-01
1.230000e-01  3.579420e-01
1.260000e-01  3.553829e-01
1.290000e-01  3.528947e-01
1.320000e-01  3.504738e-01
1.350000e-01  3.481170e-01
1.380000e-01  3.458212e-01
1.410000e-01  3.435837e-01
1.440000e-01  3.414017e-01
1.470000e-01  3.392728e-01
1.500000e-01  3.371948e-01
1.530000e-01  3.351653e-01
1.560000e-01  3.331824e-01
1.590000e-01  3.312442e-01
1.620000e-01  3.293488e-01
1.650000e-01  3.274945e-01
1.680000e-01  3.256798e-01
1.710000e-01  3.239031e-01
1.740000e-01  3.221631e-01
1.770000e-01  3.204582e-01
1.800000e-01  3.187872e-01
1.830000e-01  3.171490e-01
1.860000e-01  3.155424e-01
1.890000e-01  3.139662e-01
1.920000e-01  3.124194e-01
1.950000e-01  3.109011e-01
1.980000e-01  3.094103e-01
2.010000e-01  3.079461e-01
2.040000e-01  3.065075e-01
2.070000e-01  3.050939e-01
2.100000e-01  3.037045e-01
2.130000e-01  3.023384e-01
2.160000e-01  3.009950e-01
2.190000e-01  2.996735e-01
2.220000e-01  2.983735e-01
2.250000e-01  2.970941e-01
2.280000e-01  2.958348e-01
2.310000e-01  2.945951e-01
2.340000e-01  2.933744e-01
2.370000e-01  2.921721e-01
2.400000e-01  2.909877e-01
2.430000e-01  2.898209e-01
2.460000e-01  2.886710e-01
2.490000e-01  2.875377e-01
2.520000e-01  2.864204e-01
2.550000e-01  2.853189e-01
2.580000e-01  2.842327e-01
2.610000e-01  2.831614e-01
2.640000e-01  2.821045e-01
2.670000e-01  2.810619e-01
2.700000e-01  2.800331e-01
2.730000e-01  2.790178e-01
2.760000e-01  2.780156e-01
2.790000e-01  2.770264e-01
2.820000e-01  2.760496e-01
2.850000e-01  2.750851e-01
2.880000e-01  2.741326e-01
2.910000e-01  2.731918e-01
2.940000e-01  2.722625e-01
2.970000e-01  2.713443e-01
3.000000e-01  2.704371e-01
3.030000e-01  2.695405e-01
3.060000e-01  2.686545e-01
3.090000e-01  2.677787e-01
3.120000e-01  2.669129e-01
3.150000e-01  2.660569e-01
3.180000e-01  2.652106e-01
3.210000e-01  2.643736e-01
3.240000e-01  2.635459e-01
3.270000e-01  2.627273e-01
3.300000e-01  2.619174e-01
3.330000e-01  2.611163e-01
3.360000e-01  2.603236e-01
3.390000e-01  2.595393e-01
3.420000e-01  2.587632e-01
3.450000e-01  2.579951e-01
3.480000e-01  2.572348e-01
3.510000e-01  2.564823e-01
3.540000e-01  2.557374e-01
3.570000e-01  2.549998e-01
3.600000e-01  2.542696e-01
3.630000e-01  2.535466e-01
3.660000e-01  2.528306e-01
3.690000e-01  2.521214e-01
3.720000e-01  2.514191e-01
3.750000e-01  2.507234e-01
3.780000e-01  2.500343e-01
3.810000e-01  2.493516e-01
3.840000e-01  2.486752e-01
3.870000e-01  2.480050e-01
3.900000e-01  2.473410e-01
3.930000e-01  2.466829e-01
3.960000e-01  2.460308e-01
3.990000e-01  2.453844e-01
4.020000e-01  2.447438e-01
4.050000e-01  2.441087e-01
4.080000e-01  2.434792e-01
4.110000e-01  2.428552e-01
4.140000e-01  2.422364e-01
4.170000e-01  2.416230e-01
4.200000e-01  2.410147e-01
4.230000e-01  2.404115e-01
4.260000e-01  2.398133e-01
4.290000e-01  2.392200e-01
4.320000e-01  2.386316e-01
4.350000e-01  2.380480e-01
4.380000e-01  2.374692e-01
4.410000e-01  2.368949e-01
4.440000e-01  2.363253e-01
4.470000e-01  2.357601e-01
4.500000e-01  2.351994e-01
4.530000e-01  2.346430e-01
4.560000e-01  2.340910e-01
4.590000e-01  2.335432e-01
4.620000e-01  2.329996e-01
4.650000e-01  2.324601e-01
4.680000e-01  2.319247e-01
4.710000e-01  2.313933e-01
4.740000e-01  2.308659e-01
4.770000e-01  2.303423e-01
4.800000e-01  2.298226e-01
4.830000e-01  2.293067e-01
4.860000e-01  2.287945e-01
4.890000e-01  2.282860e-01
4.920000e-01  2.277812e-01
4.950000e-01  2.272799e-01
4.980000e-01  2.267822e-01
5.010000e-01  2.262880e-01
5.040000e-01  2.257972e-01
5.070000e-01  2.253098e-01
5.100000e-01  2.248258e-01
5.130000e-01  2.243451e-01
5.160000e-01  2.238677e-01
5.190000e-01  2.233935e-01
5.220000e-01  2.229225e-01
5.250000e-01  2.224546e-01
5.280000e-01  2.219898e-01
5.310000e-01  2.215281e-01
5.340000e-01  2.210695e-01
5.370000e-01  2.206138e-01
5.400000e-01  2.201611e-01
5.430000e-01  2.197113e-01
5.460000e-01  2.192644e-01
5.490000e-01  2.188203e-01
5.520000e-01  2.183791e-01
5.550000e-01  2.179406e-01
5.580000e-01  2.175049e-01
5.610000e-01  2.170719e-01
5.640000e-01  2.166415e-01
5.670000e-01  2.162138e-01
5.700000e-01  2.157888e-01
5.730000e-01  2.153663e-01
5.760000e-01  2.149464e-01
5.790000e-01  2.145290e-01
5.820000e-01  2.141141e-01
5.850000e-01  2.137017e-01
5.880000e-01  2.132917e-01
5.910000e-01  2.128842e-01
5.940000e-01  2.124790e-01
5.970000e-01  2.120762e-01
6.000000e-01  2.116757e-01
6.030000e-01  2.112775e-01
6.060000e-01  2.108817e-01
6.090000e-01  2.104880e-01
6.120000e-01  2.100966e-01
6.150000e-01  2.097075e-01
6.180000e-01  2.093205e-01
6.210000e-01  2.089356e-01
6.240000e-01  2.085529e-01
6.270000e-01  2.081724e-01
6.300000e-01  2.077939e-01
6.330000e-01  2.074174e-01
6.360000e-01  2.070431e-01
6.390000e-01  2.066707e-01
6.420000e-01  2.063004e-01
6.450000e-01  2.059321e-01
6.480000e-01  2.055657e-01
6.510000e-01  2.052012e-01
6.540000e-01  2.048387e-01
6.570000e-01  2.044781e-01
6.600000e-01  2.041194e-01
6.630000e-01  2.037626e-01
6.660000e-01  2.034075e-01
6.690000e-01  2.030544e-01
6.720000e-01  2.027030e-01
6.750000e-01  2.023534e-01
6.780000e-01  2.020056e-01
6.810000e-01  2.016596e-01
6.840000e-01  2.013153e-01
6.870000e-01  2.009727e-01
6.900000e-01  2.006318e-01
6.930000e-01  2.002927e-01
6.960000e-01  1.999552e-01
6.990000e-01  1.996193e-01
7.020000e-01  1.992851e-01
7.050000e-01  1.989525e-01
7.080000e-01  1.986216e-01
7.110000e-01  1.982922e-01
7.140000e-01  1.979644e-01
7.170000e-01  1.976382e-01
7.200000e-01  1.973135e-01
7.230000e-01  1.969904e-01
7.260000e-01  1.966688e-01
7.290000e-01  1.963486e-01
7.320000e-01  1.960300e-01
7.350000e-01  1.957129e-01
7.380000e-01  1.953972e-01
7.410000e-01  1.950830e-01
7.440000e-01  1.947703e-01
7.470000e-01  1.944589e-01
7.500000e-01  1.941490e-01
7.530000e-01  1.938405e-01
7.560000e-01  1.935333e-01
7.590000e-01  1.932276e-01
7.620000e-01  1.929232e-01
7.650000e-01  1.926201e-01
7.680000e-01  1.923185e-01
7.710000e-01  1.920181e-01
7.740000e-01  1.917190e-01
7.770000e-01  1.914213e-01
7.800000e-01  1.911249e-01
7.830000e-01  1.908297e-01
7.860000e-01  1.905358e-01
7.890000e-01  1.902432e-01
7.920000e-01  1.899518e-01
7.950000e-01  1.896617e-01
7.980000e-01  1.893728e-01
8.010000e-01  1.890851e-01
8.040000e-01  1.887986e-01
8.070000e-01  1.885133e-01
8.100000e-01  1.882292e-01
8.130000e-01  1.879463e-01
8.160000e-01  1.876646e-01
8.190000e-01  1.873840e-01
8.220000e-01  1.871046e-01
8.250000e-01  1.868263e-01
8.280000e-01  1.865492e-01
8.310000e-01  1.862731e-01
8.340000e-01  1.859982e-01
8.370000e-01  1.857244e-01
8.400000e-01  1.854517e-01
8.430000e-01  1.851801e-01
8.460000e-01  1.849095e-01
8.490000e-01  1.846401e-01
8.520000e-01  1.843716e-01
8.550000e-01  1.841043e-01
8.580000e-01  1.838380e-01
8.610000e-01  1.835727e-01
8.640000e-01  1.833084e-01
8.670000e-01  1.830452e-01
8.700000e-01  1.827830e-01
8.730000e-01  1.825217e-01
8.760000e-01  1.822615e-01
8.790000e-01  1.820023e-01
8.820000e-01  1.817440e-01
8.850000e-01  1.814867e-01
8.880000e-01  1.812304e-01
8.910000e-01  1.809751e-01
8.940000e-01  1.807207e-01
8.970000e-01  1.804672e-01
9.000000e-01  1.802147e-01
9.030000e-01  1.799631e-01
9.060000e-01  1.797124e-01
9.090000e-01  1.794627e-01
9.120000e-01  1.792138e-01
9.150000e-01  1.789659e-01
9.180000e-01  1.787189e-01
9.210000e-01  1.784727e-01
9.240000e-01  1.782274e-01
9.270000e-01  1.779830e-01
9.300000e-01  1.777395e-01
9.330000e-01  1.774968e-01
9.360000e-01  1.772550e-01
9.390000e-01  1.770141e-01
9.420000e-01  1.767740e-01
9.450000e-01  1.765347e-01
9.480000e-01  1.762963e-01
9.510000e-01  1.760587e-01
9.540000e-01  1.758219e-01
9.570000e-01  1.755859e-01
9.600000e-01  1.753507e-01
9.630000e-01  1.751164e-01
9.660000e-01  1.748828e-01
9.690000e-01  1.746500e-01
9.720000e-01  1.744180e-01
9.750000e-01  1.741868e-01
9.780000e-01  1.739564e-01
9.810000e-01  1.737268e-01
9.840000e-01  1.734978e-01
9.870000e-01  1.732697e-01
9.900000e-01  1.730423e-01
9.930000e-01  1.728157e-01
9.960000e-01  1.725898e-01
9.990000e-01  1.723647e-01
