000000  000001
3.000000e-03  5.651409e-01
6.000000e-03  4.755025e-01
9.000000e-03  4.263208e-01
1.200000e-02  3.931872e-01
1.500000e-02  3.685496e-01
1.800000e-02  3.491194e-01
2.100000e-02  3.331824e-01
2.400000e-02  3.197380e-01
2.700000e-02  3.081536e-01
3.000000e-02  2.980058e-01
3.300000e-02  2.889978e-01
3.600000e-02  2.809141e-01
3.900000e-02  2.735936e-01
4.200000e-02  2.669129e-01
4.500000e-02  2.607755e-01
4.800000e-02  2.551048e-01
5.100000e-02  2.498386e-01
5.400000e-02  2.449262e-01
5.700000e-02  2.403257e-01
6.000000e-02  2.360017e-01
6.300000e-02  2.319247e-01
6.600000e-02  2.280692e-01
6.900000e-02  2.244136e-01
7.200000e-02  2.209390e-01
7.500000e-02  2.176291e-01
7.800000e-02  2.144696e-01
8.100000e-02  2.114479e-01
8.400000e-02  2.085529e-01
8.700000e-02  2.057748e-01
9.000000e-02  2.031047e-01
9.300000e-02  2.005348e-01
9.600000e-02  1.980579e-01
9.900000e-02  1.956677e-01
1.020000e-01  1.933585e-01
1.050000e-01  1.911249e-01
1.080000e-01  1.889622e-01
1.110000e-01  1.868660e-01
1.140000e-01  1.848324e-01
1.170000e-01  1.828578e-01
1.200000e-01  1.809387e-01
1.230000e-01  1.790721e-01
1.260000e-01  1.772550e-01
1.290000e-01  1.754850e-01
1.320000e-01  1.737595e-01
1.350000e-01  1.720763e-01
1.380000e-01  1.704332e-01
1.410000e-01  1.688283e-01
1.440000e-01  1.672597e-01
1.470000e-01  1.657258e-01
1.500000e-01  1.642249e-01
1.530000e-01  1.627555e-01
1.560000e-01  1.613162e-01
1.590000e-01  1.599057e-01
1.620000e-01  1.585227e-01
1.650000e-01  1.571661e-01
1.680000e-01  1.558348e-01
1.710000e-01  1.545276e-01
1.740000e-01  1.532436e-01
1.770000e-01  1.519819e-01
1.800000e-01  1.507416e-01
1.830000e-01  1.495218e-01
1.860000e-01  1.483218e-01
1.890000e-01  1.471407e-01
1.920000e-01  1.459779e-01
1.950000e-01  1.448326e-01
1.980000e-01  1.437042e-01
2.010000e-01  1.425921e-01
2.040000e-01  1.414957e-01
2.070000e-01  1.404144e-01
2.100000e-01  1.393476e-01
2.130000e-01  1.382948e-01
2.160000e-01  1.372556e-01
2.190000e-01  1.362293e-01
2.220000e-01  1.352157e-01
2.250000e-01  1.342142e-01
2.280000e-01  1.332243e-01
2.310000e-01  1.322458e-01
2.340000e-01  1.312781e-01
2.370000e-01  1.303209e-01
2.400000e-01  1.293739e-01
2.430000e-01  1.284365e-01
2.460000e-01  1.275086e-01
2.490000e-01  1.265898e-01
2.520000e-01  1.256797e-01
2.550000e-01  1.247780e-01
2.580000e-01  1.238844e-01
2.610000e-01  1.229987e-01
2.640000e-01  1.221204e-01
2.670000e-01  1.212494e-01
2.700000e-01  1.203853e-01
2.730000e-01  1.195279e-01
2.760000e-01  1.186769e-01
2.790000e-01  1.178320e-01
2.820000e-01  1.169930e-01
2.850000e-01  1.161596e-01
2.880000e-01  1.153316e-01
2.910000e-01  1.145087e-01
2.940000e-01  1.136907e-01
2.970000e-01  1.128773e-01
3.000000e-01  1.120683e-01
3.030000e-01  1.112634e-01
3.060000e-01  1.104624e-01
3.090000e-01  1.096652e-01
3.120000e-01  1.088713e-01
3.150000e-01  1.080806e-01
3.180000e-01  1.072929e-01
3.210000e-01  1.065078e-01
3.240000e-01  1.057252e-01
3.270000e-01  1.049448e-01
3.300000e-01  1.041664e-01
3.330000e-01  1.033897e-01
3.360000e-01  1.026144e-01
3.390000e-01  1.018402e-01
3.420000e-01  1.010670e-01
3.450000e-01  1.002944e-01
3.480000e-01  000000
3.510000e-01  000000
3.540000e-01  000000
3.570000e-01  000000
3.600000e-01  000000
3.630000e-01  000000
3.660000e-01  000000
3.690000e-01  000000
3.720000e-01  000000
3.750000e-01  000000
3.780000e-01  000000
3.810000e-01  000000
3.840000e-01  000000
3.870000e-01  000000
3.900000e-01  000000
3.930000e-01  000000
3.960000e-01  000000
3.990000e-01  000000
4.020000e-01  000000
4.050000e-01  000000
4.080000e-01  000000
4.110000e-01  000000
4.140000e-01  000000
4.170000e-01  000000
4.200000e-01  000000
4.230000e-01  000000
4.260000e-01  000000
4.290000e-01  000000
4.320000e-01  000000
4.350000e-01  000000
4.380000e-01  000000
4.410000e-01  000000
4.440000e-01  000000
4.470000e-01  000000
4.500000e-01  000000
4.530000e-01  000000
4.560000e-01  000000
4.590000e-01  000000
4.620000e-01  000000
4.650000e-01  000000
4.680000e-01  000000
4.710000e-01  000000
4.740000e-01  000000
4.770000e-01  000000
4.800000e-01  000000
4.830000e-01  000000
4.860000e-01  000000
4.890000e-01  000000
4.920000e-01  000000
4.950000e-01  000000
4.980000e-01  000000
5.010000e-01  000000
5.040000e-01  000000
5.070000e-01  000000
5.100000e-01  000000
5.130000e-01  000000
5.160000e-01  000000
5.190000e-01  000000
5.220000e-01  000000
5.250000e-01  000000
5.280000e-01  000000
5.310000e-01  000000
5.340000e-01  000000
5.370000e-01  000000
5.400000e-01  000000
5.430000e-01  000000
5.460000e-01  000000
5.490000e-01  000000
5.520000e-01  000000
5.550000e-01  000000
5.580000e-01  000000
5.610000e-01  000000
5.640000e-01  000000
5.670000e-01  000000
5.700000e-01  000000
5.730000e-01  000000
5.760000e-01  000000
5.790000e-01  000000
5.820000e-01  000000
5.850000e-01  000000
5.880000e-01  000000
5.910000e-01  000000
5.940000e-01  000000
5.970000e-01  000000
6.000000e-01  000000
6.030000e-01  000000
6.060000e-01  000000
6.090000e-01  000000
6.120000e-01  000000
6.150000e-01  000000
6.180000e-01  000000
6.210000e-01  000000
6.240000e-01  000000
6.270000e-01  000000
6.300000e-01  000000
6.330000e-01  000000
6.360000e-01  000000
6.390000e-01  000000
6.420000e-01  000000
6.450000e-01  000000
6.480000e-01  000000
6.510000e-01  000000
6.540000e-01  000000
6.570000e-01  000000
6.600000e-01  000000
6.630000e-01  000000
6.660000e-01  000000
6.690000e-01  000000
6.720000e-01  000000
6.750000e-01  000000
6.780000e-01  000000
6.810000e-01  000000
6.840000e-01  000000
6.870000e-01  000000
6.900000e-01  000000
6.930000e-01  000000
6.960000e-01  000000
6.990000e-01  000000
7.020000e-01  000000
7.050000e-01  000000
7.080000e-01  000000
7.110000e-01  000000
7.140000e-01  000000
7.170000e-01  000000
7.200000e-01  000000
7.230000e-01  000000
7.260000e-01  000000
7.290000e-01  000000
7.320000e-01  000000
7.350000e-01  000000
7.380000e-01  000000
7.410000e-01  000000
7.440000e-01  000000
7.470000e-01  000000
7.500000e-01  000000
7.530000e-01  000000
7.560000e-01  000000
7.590000e-01  000000
7.620000e-01  000000
7.650000e-01  000000
7.680000e-01  000000
7.710000e-01  000000
7.740000e-01  000000
7.770000e-01  000000
7.800000e-01  000000
7.830000e-01  000000
7.860000e-01  000000
7.890000e-01  000000
7.920000e-01  000000
7.950000e-01  000000
7.980000e-01  000000
8.010000e-01  000000
8.040000e-01  000000
8.070000e-01  000000
8.100000e-01  000000
8.130000e-01  000000
8.160000e-01  000000
8.190000e-01  000000
8.220000e-01  000000
8.250000e-01  000000
8.280000e-01  000000
8.310000e-01  000000
8.340000e-01  000000
8.370000e-01  000000
8.400000e-01  000000
8.430000e-01  000000
8.460000e-01  000000
8.490000e-01  000000
8.520000e-01  000000
8.550000e-01  000000
8.580000e-01  000000
8.610000e-01  000000
8.640000e-01  000000
8.670000e-01  000000
8.700000e-01  000000
8.730000e-01  000000
8.760000e-01  000000
8.790000e-01  000000
8.820000e-01  000000
8.850000e-01  000000
8.880000e-01  000000
8.910000e-01  000000
8.940000e-01  000000
8.970000e-01  000000
9.000000e-01  000000
9.030000e-01  000000
9.060000e-01  000000
9.090000e-01  000000
9.120000e-01  000000
9.150000e-01  000000
9.180000e-01  000000
9.210000e-01  000000
9.240000e-01  000000
9.270000e-01  000000
9.300000e-01  000000
9.330000e-01  000000
9.360000e-01  000000
9.390000e-01  000000
9.420000e-01  000000
9.450000e-01  000000
9.480000e-01  000000
9.510000e-01  000000
9.540000e-01  000000
9.570000e-01  000000
9.600000e-01  000000
9.630000e-01  000000
9.660000e-01  000000
9.690000e-01  000000
9.720000e-01  000000
9.750000e-01  000000
9.780000e-01  000000
9.810000e-01  000000
9.840000e-01  000000
9.870000e-01  000000
9.900000e-01  000000
9.930000e-01  000000
9.960000e-01  000000
9.990000e-01  000000
