000000  000001
3.000000e-03  7.259502e-01
6.000000e-03  6.338202e-01
9.000000e-03  5.792075e-01
1.200000e-02  5.410178e-01
1.500000e-02  5.119742e-01
1.800000e-02  4.887202e-01
2.100000e-02  4.694399e-01
2.400000e-02  4.530442e-01
2.700000e-02  4.388305e-01
3.000000e-02  4.263208e-01
3.300000e-02  4.151755e-01
3.600000e-02  4.051452e-01
3.900000e-02  3.960418e-01
4.200000e-02  3.877201e-01
4.500000e-02  3.800655e-01
4.800000e-02  3.729865e-01
5.100000e-02  3.664087e-01
5.400000e-02  3.602709e-01
5.700000e-02  3.545220e-01
6.000000e-02  3.491194e-01
6.300000e-02  3.440266e-01
6.600000e-02  3.392128e-01
6.900000e-02  3.346511e-01
7.200000e-02  3.303183e-01
7.500000e-02  3.261944e-01
7.800000e-02  3.222615e-01
8.100000e-02  3.185041e-01
8.400000e-02  3.149083e-01
8.700000e-02  3.114618e-01
9.000000e-02  3.081536e-01
9.300000e-02  3.049739e-01
9.600000e-02  3.019138e-01
9.900000e-02  2.989652e-01
1.020000e-01  2.961209e-01
1.050000e-01  2.933744e-01
1.080000e-01  2.907195e-01
1.110000e-01  2.881509e-01
1.140000e-01  2.856635e-01
1.170000e-01  2.832526e-01
1.200000e-01  2.809141e-01
1.230000e-01  2.786441e-01
1.260000e-01  2.764388e-01
1.290000e-01  2.742951e-01
1.320000e-01  2.722097e-01
1.350000e-01  2.701798e-01
1.380000e-01  2.682028e-01
1.410000e-01  2.662761e-01
1.440000e-01  2.643974e-01
1.470000e-01  2.625646e-01
1.500000e-01  2.607755e-01
1.530000e-01  2.590284e-01
1.560000e-01  2.573213e-01
1.590000e-01  2.556527e-01
1.620000e-01  2.540209e-01
1.650000e-01  2.524245e-01
1.680000e-01  2.508620e-01
1.710000e-01  2.493322e-01
1.740000e-01  2.478337e-01
1.770000e-01  2.463654e-01
1.800000e-01  2.449262e-01
1.830000e-01  2.435151e-01
1.860000e-01  2.421309e-01
1.890000e-01  2.407728e-01
1.920000e-01  2.394398e-01
1.950000e-01  2.381311e-01
1.980000e-01  2.368459e-01
2.010000e-01  2.355834e-01
2.040000e-01  2.343428e-01
2.070000e-01  2.331235e-01
2.100000e-01  2.319247e-01
2.130000e-01  2.307459e-01
2.160000e-01  2.295863e-01
2.190000e-01  2.284455e-01
2.220000e-01  2.273228e-01
2.250000e-01  2.262177e-01
2.280000e-01  2.251297e-01
2.310000e-01  2.240583e-01
2.340000e-01  2.230030e-01
2.370000e-01  2.219634e-01
2.400000e-01  2.209390e-01
2.430000e-01  2.199294e-01
2.460000e-01  2.189342e-01
2.490000e-01  2.179531e-01
2.520000e-01  2.169856e-01
2.550000e-01  2.160314e-01
2.580000e-01  2.150901e-01
2.610000e-01  2.141614e-01
2.640000e-01  2.132450e-01
2.670000e-01  2.123406e-01
2.700000e-01  2.114479e-01
2.730000e-01  2.105666e-01
2.760000e-01  2.096964e-01
2.790000e-01  2.088370e-01
2.820000e-01  2.079883e-01
2.850000e-01  2.071498e-01
2.880000e-01  2.063215e-01
2.910000e-01  2.055031e-01
2.940000e-01  2.046943e-01
2.970000e-01  2.038949e-01
3.000000e-01  2.031047e-01
3.030000e-01  2.023235e-01
3.060000e-01  2.015512e-01
3.090000e-01  2.007875e-01
3.120000e-01  2.000322e-01
3.150000e-01  1.992851e-01
3.180000e-01  1.985461e-01
3.210000e-01  1.978151e-01
3.240000e-01  1.970918e-01
3.270000e-01  1.963760e-01
3.300000e-01  1.956677e-01
3.330000e-01  1.949667e-01
3.360000e-01  1.942728e-01
3.390000e-01  1.935859e-01
3.420000e-01  1.929058e-01
3.450000e-01  1.922325e-01
3.480000e-01  1.915658e-01
3.510000e-01  1.909055e-01
3.540000e-01  1.902515e-01
3.570000e-01  1.896038e-01
3.600000e-01  1.889622e-01
3.630000e-01  1.883265e-01
3.660000e-01  1.876967e-01
3.690000e-01  1.870727e-01
3.720000e-01  1.864544e-01
3.750000e-01  1.858416e-01
3.780000e-01  1.852343e-01
3.810000e-01  1.846324e-01
3.840000e-01  1.840357e-01
3.870000e-01  1.834442e-01
3.900000e-01  1.828578e-01
3.930000e-01  1.822764e-01
3.960000e-01  1.816998e-01
3.990000e-01  1.811282e-01
4.020000e-01  1.805613e-01
4.050000e-01  1.799990e-01
4.080000e-01  1.794413e-01
4.110000e-01  1.788882e-01
4.140000e-01  1.783395e-01
4.170000e-01  1.777951e-01
4.200000e-01  1.772550e-01
4.230000e-01  1.767192e-01
4.260000e-01  1.761875e-01
4.290000e-01  1.756600e-01
4.320000e-01  1.751364e-01
4.350000e-01  1.746168e-01
4.380000e-01  1.741011e-01
4.410000e-01  1.735893e-01
4.440000e-01  1.730813e-01
4.470000e-01  1.725769e-01
4.500000e-01  1.720763e-01
4.530000e-01  1.715792e-01
4.560000e-01  1.710857e-01
4.590000e-01  1.705957e-01
4.620000e-01  1.701092e-01
4.650000e-01  1.696261e-01
4.680000e-01  1.691463e-01
4.710000e-01  1.686698e-01
4.740000e-01  1.681966e-01
4.770000e-01  1.677266e-01
4.800000e-01  1.672597e-01
4.830000e-01  1.667960e-01
4.860000e-01  1.663353e-01
4.890000e-01  1.658777e-01
4.920000e-01  1.654230e-01
4.950000e-01  1.649713e-01
4.980000e-01  1.645225e-01
5.010000e-01  1.640765e-01
5.040000e-01  1.636334e-01
5.070000e-01  1.631931e-01
5.100000e-01  1.627555e-01
5.130000e-01  1.623206e-01
5.160000e-01  1.618884e-01
5.190000e-01  1.614588e-01
5.220000e-01  1.610319e-01
5.250000e-01  1.606074e-01
5.280000e-01  1.601856e-01
5.310000e-01  1.597662e-01
5.340000e-01  1.593493e-01
5.370000e-01  1.589348e-01
5.400000e-01  1.585227e-01
5.430000e-01  1.581130e-01
5.460000e-01  1.577057e-01
5.490000e-01  1.573006e-01
5.520000e-01  1.568979e-01
5.550000e-01  1.564974e-01
5.580000e-01  1.560991e-01
5.610000e-01  1.557030e-01
5.640000e-01  1.553091e-01
5.670000e-01  1.549173e-01
5.700000e-01  1.545276e-01
5.730000e-01  1.541400e-01
5.760000e-01  1.537545e-01
5.790000e-01  1.533710e-01
5.820000e-01  1.529895e-01
5.850000e-01  1.526101e-01
5.880000e-01  1.522325e-01
5.910000e-01  1.518570e-01
5.940000e-01  1.514833e-01
5.970000e-01  1.511115e-01
6.000000e-01  1.507416e-01
6.030000e-01  1.503736e-01
6.060000e-01  1.500073e-01
6.090000e-01  1.496429e-01
6.120000e-01  1.492803e-01
6.150000e-01  1.489194e-01
6.180000e-01  1.485603e-01
6.210000e-01  1.482028e-01
6.240000e-01  1.478471e-01
6.270000e-01  1.474931e-01
6.300000e-01  1.471407e-01
6.330000e-01  1.467900e-01
6.360000e-01  1.464409e-01
6.390000e-01  1.460934e-01
6.420000e-01  1.457474e-01
6.450000e-01  1.454031e-01
6.480000e-01  1.450603e-01
6.510000e-01  1.447190e-01
6.540000e-01  1.443793e-01
6.570000e-01  1.440410e-01
6.600000e-01  1.437042e-01
6.630000e-01  1.433689e-01
6.660000e-01  1.430351e-01
6.690000e-01  1.427026e-01
6.720000e-01  1.423716e-01
6.750000e-01  1.420420e-01
6.780000e-01  1.417137e-01
6.810000e-01  1.413869e-01
6.840000e-01  1.410614e-01
6.870000e-01  1.407372e-01
6.900000e-01  1.404144e-01
6.930000e-01  1.400928e-01
6.960000e-01  1.397726e-01
6.990000e-01  1.394536e-01
7.020000e-01  1.391359e-01
7.050000e-01  1.388195e-01
7.080000e-01  1.385042e-01
7.110000e-01  1.381903e-01
7.140000e-01  1.378775e-01
7.170000e-01  1.375659e-01
7.200000e-01  1.372556e-01
7.230000e-01  1.369463e-01
7.260000e-01  1.366383e-01
7.290000e-01  1.363314e-01
7.320000e-01  1.360256e-01
7.350000e-01  1.357210e-01
7.380000e-01  1.354174e-01
7.410000e-01  1.351150e-01
7.440000e-01  1.348137e-01
7.470000e-01  1.345134e-01
7.500000e-01  1.342142e-01
7.530000e-01  1.339160e-01
7.560000e-01  1.336189e-01
7.590000e-01  1.333228e-01
7.620000e-01  1.330277e-01
7.650000e-01  1.327337e-01
7.680000e-01  1.324406e-01
7.710000e-01  1.321485e-01
7.740000e-01  1.318574e-01
7.770000e-01  1.315673e-01
7.800000e-01  1.312781e-01
7.830000e-01  1.309899e-01
7.860000e-01  1.307026e-01
7.890000e-01  1.304162e-01
7.920000e-01  1.301307e-01
7.950000e-01  1.298461e-01
7.980000e-01  1.295625e-01
8.010000e-01  1.292797e-01
8.040000e-01  1.289978e-01
8.070000e-01  1.287167e-01
8.100000e-01  1.284365e-01
8.130000e-01  1.281572e-01
8.160000e-01  1.278787e-01
8.190000e-01  1.276010e-01
8.220000e-01  1.273241e-01
8.250000e-01  1.270481e-01
8.280000e-01  1.267728e-01
8.310000e-01  1.264984e-01
8.340000e-01  1.262247e-01
8.370000e-01  1.259518e-01
8.400000e-01  1.256797e-01
8.430000e-01  1.254083e-01
8.460000e-01  1.251377e-01
8.490000e-01  1.248678e-01
8.520000e-01  1.245986e-01
8.550000e-01  1.243302e-01
8.580000e-01  1.240625e-01
8.610000e-01  1.237955e-01
8.640000e-01  1.235292e-01
8.670000e-01  1.232636e-01
8.700000e-01  1.229987e-01
8.730000e-01  1.227344e-01
8.760000e-01  1.224708e-01
8.790000e-01  1.222079e-01
8.820000e-01  1.219456e-01
8.850000e-01  1.216840e-01
8.880000e-01  1.214230e-01
8.910000e-01  1.211627e-01
8.940000e-01  1.209029e-01
8.970000e-01  1.206438e-01
9.000000e-01  1.203853e-01
9.030000e-01  1.201274e-01
9.060000e-01  1.198701e-01
9.090000e-01  1.196133e-01
9.120000e-01  1.193572e-01
9.150000e-01  1.191016e-01
9.180000e-01  1.188466e-01
9.210000e-01  1.185921e-01
9.240000e-01  1.183382e-01
9.270000e-01  1.180848e-01
9.300000e-01  1.178320e-01
9.330000e-01  1.175797e-01
9.360000e-01  1.173279e-01
9.390000e-01  1.170766e-01
9.420000e-01  1.168259e-01
9.450000e-01  1.165756e-01
9.480000e-01  1.163259e-01
9.510000e-01  1.160766e-01
9.540000e-01  1.158278e-01
9.570000e-01  1.155795e-01
9.600000e-01  1.153316e-01
9.630000e-01  1.150842e-01
9.660000e-01  1.148373e-01
9.690000e-01  1.145908e-01
9.720000e-01  1.143447e-01
9.750000e-01  1.140991e-01
9.780000e-01  1.138539e-01
9.810000e-01  1.136091e-01
9.840000e-01  1.133648e-01
9.870000e-01  1.131208e-01
9.900000e-01  1.128773e-01
9.930000e-01  1.126341e-01
9.960000e-01  1.123914e-01
9.990000e-01  1.121490e-01
