000000  000001
3.000000e-03  8.042228e-01
6.000000e-03  7.193126e-01
9.000000e-03  6.656609e-01
1.200000e-02  6.268941e-01
1.500000e-02  5.967969e-01
1.800000e-02  5.723494e-01
2.100000e-02  5.518605e-01
2.400000e-02  5.342906e-01
2.700000e-02  5.189563e-01
3.000000e-02  5.053855e-01
3.300000e-02  4.932388e-01
3.600000e-02  4.822643e-01
3.900000e-02  4.722701e-01
4.200000e-02  4.631072e-01
4.500000e-02  4.546573e-01
4.800000e-02  4.468250e-01
5.100000e-02  4.395327e-01
5.400000e-02  4.327158e-01
5.700000e-02  4.263208e-01
6.000000e-02  4.203023e-01
6.300000e-02  4.146216e-01
6.600000e-02  4.092458e-01
6.900000e-02  4.041461e-01
7.200000e-02  3.992978e-01
7.500000e-02  3.946791e-01
7.800000e-02  3.902710e-01
8.100000e-02  3.860565e-01
8.400000e-02  3.820206e-01
8.700000e-02  3.781501e-01
9.000000e-02  3.744329e-01
9.300000e-02  3.708583e-01
9.600000e-02  3.674166e-01
9.900000e-02  3.640991e-01
1.020000e-01  3.608978e-01
1.050000e-01  3.578055e-01
1.080000e-01  3.548156e-01
1.110000e-01  3.519221e-01
1.140000e-01  3.491194e-01
1.170000e-01  3.464024e-01
1.200000e-01  3.437666e-01
1.230000e-01  3.412075e-01
1.260000e-01  3.387211e-01
1.290000e-01  3.363039e-01
1.320000e-01  3.339523e-01
1.350000e-01  3.316631e-01
1.380000e-01  3.294334e-01
1.410000e-01  3.272604e-01
1.440000e-01  3.251416e-01
1.470000e-01  3.230744e-01
1.500000e-01  3.210567e-01
1.530000e-01  3.190863e-01
1.560000e-01  3.171612e-01
1.590000e-01  3.152796e-01
1.620000e-01  3.134396e-01
1.650000e-01  3.116397e-01
1.680000e-01  3.098782e-01
1.710000e-01  3.081536e-01
1.740000e-01  3.064647e-01
1.770000e-01  3.048099e-01
1.800000e-01  3.031882e-01
1.830000e-01  3.015982e-01
1.860000e-01  3.000390e-01
1.890000e-01  2.985093e-01
1.920000e-01  2.970082e-01
1.950000e-01  2.955348e-01
1.980000e-01  2.940880e-01
2.010000e-01  2.926671e-01
2.040000e-01  2.912711e-01
2.070000e-01  2.898993e-01
2.100000e-01  2.885509e-01
2.130000e-01  2.872253e-01
2.160000e-01  2.859216e-01
2.190000e-01  2.846393e-01
2.220000e-01  2.833777e-01
2.250000e-01  2.821361e-01
2.280000e-01  2.809141e-01
2.310000e-01  2.797110e-01
2.340000e-01  2.785264e-01
2.370000e-01  2.773597e-01
2.400000e-01  2.762103e-01
2.430000e-01  2.750779e-01
2.460000e-01  2.739620e-01
2.490000e-01  2.728621e-01
2.520000e-01  2.717778e-01
2.550000e-01  2.707088e-01
2.580000e-01  2.696546e-01
2.610000e-01  2.686148e-01
2.640000e-01  2.675890e-01
2.670000e-01  2.665771e-01
2.700000e-01  2.655785e-01
2.730000e-01  2.645930e-01
2.760000e-01  2.636202e-01
2.790000e-01  2.626599e-01
2.820000e-01  2.617118e-01
2.850000e-01  2.607755e-01
2.880000e-01  2.598509e-01
2.910000e-01  2.589376e-01
2.940000e-01  2.580353e-01
2.970000e-01  2.571439e-01
3.000000e-01  2.562631e-01
3.030000e-01  2.553926e-01
3.060000e-01  2.545323e-01
3.090000e-01  2.536820e-01
3.120000e-01  2.528413e-01
3.150000e-01  2.520101e-01
3.180000e-01  2.511882e-01
3.210000e-01  2.503755e-01
3.240000e-01  2.495716e-01
3.270000e-01  2.487765e-01
3.300000e-01  2.479900e-01
3.330000e-01  2.472119e-01
3.360000e-01  2.464420e-01
3.390000e-01  2.456802e-01
3.420000e-01  2.449262e-01
3.450000e-01  2.441801e-01
3.480000e-01  2.434415e-01
3.510000e-01  2.427105e-01
3.540000e-01  2.419867e-01
3.570000e-01  2.412702e-01
3.600000e-01  2.405607e-01
3.630000e-01  2.398581e-01
3.660000e-01  2.391623e-01
3.690000e-01  2.384732e-01
3.720000e-01  2.377907e-01
3.750000e-01  2.371146e-01
3.780000e-01  2.364448e-01
3.810000e-01  2.357813e-01
3.840000e-01  2.351238e-01
3.870000e-01  2.344724e-01
3.900000e-01  2.338269e-01
3.930000e-01  2.331871e-01
3.960000e-01  2.325531e-01
3.990000e-01  2.319247e-01
4.020000e-01  2.313018e-01
4.050000e-01  2.306843e-01
4.080000e-01  2.300722e-01
4.110000e-01  2.294653e-01
4.140000e-01  2.288636e-01
4.170000e-01  2.282670e-01
4.200000e-01  2.276754e-01
4.230000e-01  2.270887e-01
4.260000e-01  2.265068e-01
4.290000e-01  2.259297e-01
4.320000e-01  2.253573e-01
4.350000e-01  2.247896e-01
4.380000e-01  2.242264e-01
4.410000e-01  2.236676e-01
4.440000e-01  2.231133e-01
4.470000e-01  2.225634e-01
4.500000e-01  2.220177e-01
4.530000e-01  2.214763e-01
4.560000e-01  2.209390e-01
4.590000e-01  2.204058e-01
4.620000e-01  2.198767e-01
4.650000e-01  2.193515e-01
4.680000e-01  2.188303e-01
4.710000e-01  2.183129e-01
4.740000e-01  2.177994e-01
4.770000e-01  2.172896e-01
4.800000e-01  2.167836e-01
4.830000e-01  2.162812e-01
4.860000e-01  2.157824e-01
4.890000e-01  2.152872e-01
4.920000e-01  2.147955e-01
4.950000e-01  2.143072e-01
4.980000e-01  2.138224e-01
5.010000e-01  2.133409e-01
5.040000e-01  2.128628e-01
5.070000e-01  2.123879e-01
5.100000e-01  2.119163e-01
5.130000e-01  2.114479e-01
5.160000e-01  2.109826e-01
5.190000e-01  2.105205e-01
5.220000e-01  2.100614e-01
5.250000e-01  2.096054e-01
5.280000e-01  2.091524e-01
5.310000e-01  2.087023e-01
5.340000e-01  2.082552e-01
5.370000e-01  2.078109e-01
5.400000e-01  2.073695e-01
5.430000e-01  2.069309e-01
5.460000e-01  2.064951e-01
5.490000e-01  2.060620e-01
5.520000e-01  2.056317e-01
5.550000e-01  2.052040e-01
5.580000e-01  2.047789e-01
5.610000e-01  2.043565e-01
5.640000e-01  2.039367e-01
5.670000e-01  2.035194e-01
5.700000e-01  2.031047e-01
5.730000e-01  2.026925e-01
5.760000e-01  2.022827e-01
5.790000e-01  2.018753e-01
5.820000e-01  2.014704e-01
5.850000e-01  2.010678e-01
5.880000e-01  2.006676e-01
5.910000e-01  2.002698e-01
5.940000e-01  1.998742e-01
5.970000e-01  1.994809e-01
6.000000e-01  1.990899e-01
6.030000e-01  1.987010e-01
6.060000e-01  1.983144e-01
6.090000e-01  1.979300e-01
6.120000e-01  1.975477e-01
6.150000e-01  1.971675e-01
6.180000e-01  1.967895e-01
6.210000e-01  1.964135e-01
6.240000e-01  1.960396e-01
6.270000e-01  1.956677e-01
6.300000e-01  1.952978e-01
6.330000e-01  1.949300e-01
6.360000e-01  1.945641e-01
6.390000e-01  1.942001e-01
6.420000e-01  1.938382e-01
6.450000e-01  1.934781e-01
6.480000e-01  1.931199e-01
6.510000e-01  1.927635e-01
6.540000e-01  1.924090e-01
6.570000e-01  1.920564e-01
6.600000e-01  1.917056e-01
6.630000e-01  1.913566e-01
6.660000e-01  1.910093e-01
6.690000e-01  1.906638e-01
6.720000e-01  1.903201e-01
6.750000e-01  1.899780e-01
6.780000e-01  1.896377e-01
6.810000e-01  1.892991e-01
6.840000e-01  1.889622e-01
6.870000e-01  1.886269e-01
6.900000e-01  1.882932e-01
6.930000e-01  1.879612e-01
6.960000e-01  1.876308e-01
6.990000e-01  1.873020e-01
7.020000e-01  1.869747e-01
7.050000e-01  1.866491e-01
7.080000e-01  1.863249e-01
7.110000e-01  1.860023e-01
7.140000e-01  1.856813e-01
7.170000e-01  1.853617e-01
7.200000e-01  1.850437e-01
7.230000e-01  1.847271e-01
7.260000e-01  1.844119e-01
7.290000e-01  1.840982e-01
7.320000e-01  1.837860e-01
7.350000e-01  1.834752e-01
7.380000e-01  1.831658e-01
7.410000e-01  1.828578e-01
7.440000e-01  1.825512e-01
7.470000e-01  1.822459e-01
7.500000e-01  1.819420e-01
7.530000e-01  1.816395e-01
7.560000e-01  1.813382e-01
7.590000e-01  1.810384e-01
7.620000e-01  1.807398e-01
7.650000e-01  1.804425e-01
7.680000e-01  1.801465e-01
7.710000e-01  1.798518e-01
7.740000e-01  1.795584e-01
7.770000e-01  1.792662e-01
7.800000e-01  1.789752e-01
7.830000e-01  1.786855e-01
7.860000e-01  1.783970e-01
7.890000e-01  1.781097e-01
7.920000e-01  1.778236e-01
7.950000e-01  1.775388e-01
7.980000e-01  1.772550e-01
8.010000e-01  1.769725e-01
8.040000e-01  1.766911e-01
8.070000e-01  1.764109e-01
8.100000e-01  1.761318e-01
8.130000e-01  1.758539e-01
8.160000e-01  1.755770e-01
8.190000e-01  1.753013e-01
8.220000e-01  1.750267e-01
8.250000e-01  1.747532e-01
8.280000e-01  1.744808e-01
8.310000e-01  1.742094e-01
8.340000e-01  1.739391e-01
8.370000e-01  1.736699e-01
8.400000e-01  1.734017e-01
8.430000e-01  1.731346e-01
8.460000e-01  1.728685e-01
8.490000e-01  1.726034e-01
8.520000e-01  1.723393e-01
8.550000e-01  1.720763e-01
8.580000e-01  1.718142e-01
8.610000e-01  1.715532e-01
8.640000e-01  1.712931e-01
8.670000e-01  1.710340e-01
8.700000e-01  1.707759e-01
8.730000e-01  1.705187e-01
8.760000e-01  1.702625e-01
8.790000e-01  1.700072e-01
8.820000e-01  1.697529e-01
8.850000e-01  1.694995e-01
8.880000e-01  1.692470e-01
8.910000e-01  1.689955e-01
8.940000e-01  1.687448e-01
8.970000e-01  1.684951e-01
9.000000e-01  1.682463e-01
9.030000e-01  1.679983e-01
9.060000e-01  1.677512e-01
9.090000e-01  1.675050e-01
9.120000e-01  1.672597e-01
9.150000e-01  1.670153e-01
9.180000e-01  1.667717e-01
9.210000e-01  1.665289e-01
9.240000e-01  1.662870e-01
9.270000e-01  1.660459e-01
9.300000e-01  1.658057e-01
9.330000e-01  1.655663e-01
9.360000e-01  1.653277e-01
9.390000e-01  1.650899e-01
9.420000e-01  1.648529e-01
9.450000e-01  1.646167e-01
9.480000e-01  1.643814e-01
9.510000e-01  1.641468e-01
9.540000e-01  1.639130e-01
9.570000e-01  1.636799e-01
9.600000e-01  1.634477e-01
9.630000e-01  1.632162e-01
9.660000e-01  1.629855e-01
9.690000e-01  1.627555e-01
9.720000e-01  1.625263e-01
9.750000e-01  1.622978e-01
9.780000e-01  1.620701e-01
9.810000e-01  1.618431e-01
9.840000e-01  1.616168e-01
9.870000e-01  1.613912e-01
9.900000e-01  1.611664e-01
9.930000e-01  1.609423e-01
9.960000e-01  1.607189e-01
9.990000e-01  1.604962e-01
