000000  000001
3.000000e-03  5.884580e-01
6.000000e-03  4.974650e-01
9.000000e-03  4.471275e-01
1.200000e-02  4.130870e-01
1.500000e-02  3.877201e-01
1.800000e-02  3.676873e-01
2.100000e-02  3.512413e-01
2.400000e-02  3.373592e-01
2.700000e-02  3.253931e-01
3.000000e-02  3.149083e-01
3.300000e-02  3.056000e-01
3.600000e-02  2.972465e-01
3.900000e-02  2.896820e-01
4.200000e-02  2.827792e-01
4.500000e-02  2.764388e-01
4.800000e-02  2.705815e-01
5.100000e-02  2.651433e-01
5.400000e-02  2.600718e-01
5.700000e-02  2.553235e-01
6.000000e-02  2.508620e-01
6.300000e-02  2.466567e-01
6.600000e-02  2.426814e-01
6.900000e-02  2.389135e-01
7.200000e-02  2.353336e-01
7.500000e-02  2.319247e-01
7.800000e-02  2.286722e-01
8.100000e-02  2.255629e-01
8.400000e-02  2.225853e-01
8.700000e-02  2.197292e-01
9.000000e-02  2.169856e-01
9.300000e-02  2.143461e-01
9.600000e-02  2.118036e-01
9.900000e-02  2.093513e-01
1.020000e-01  2.069834e-01
1.050000e-01  2.046943e-01
1.080000e-01  2.024791e-01
1.110000e-01  2.003333e-01
1.140000e-01  1.982528e-01
1.170000e-01  1.962338e-01
1.200000e-01  1.942728e-01
1.230000e-01  1.923666e-01
1.260000e-01  1.905123e-01
1.290000e-01  1.887072e-01
1.320000e-01  1.869486e-01
1.350000e-01  1.852343e-01
1.380000e-01  1.835621e-01
1.410000e-01  1.819299e-01
1.440000e-01  1.803358e-01
1.470000e-01  1.787781e-01
1.500000e-01  1.772550e-01
1.530000e-01  1.757652e-01
1.560000e-01  1.743070e-01
1.590000e-01  1.728791e-01
1.620000e-01  1.714802e-01
1.650000e-01  1.701092e-01
1.680000e-01  1.687649e-01
1.710000e-01  1.674461e-01
1.740000e-01  1.661519e-01
1.770000e-01  1.648813e-01
1.800000e-01  1.636334e-01
1.830000e-01  1.624074e-01
1.860000e-01  1.612023e-01
1.890000e-01  1.600175e-01
1.920000e-01  1.588522e-01
1.950000e-01  1.577057e-01
1.980000e-01  1.565773e-01
2.010000e-01  1.554664e-01
2.040000e-01  1.543723e-01
2.070000e-01  1.532946e-01
2.100000e-01  1.522325e-01
2.130000e-01  1.511857e-01
2.160000e-01  1.501536e-01
2.190000e-01  1.491357e-01
2.220000e-01  1.481316e-01
2.250000e-01  1.471407e-01
2.280000e-01  1.461627e-01
2.310000e-01  1.451972e-01
2.340000e-01  1.442438e-01
2.370000e-01  1.433020e-01
2.400000e-01  1.423716e-01
2.430000e-01  1.414522e-01
2.460000e-01  1.405433e-01
2.490000e-01  1.396448e-01
2.520000e-01  1.387563e-01
2.550000e-01  1.378775e-01
2.580000e-01  1.370081e-01
2.610000e-01  1.361478e-01
2.640000e-01  1.352963e-01
2.670000e-01  1.344535e-01
2.700000e-01  1.336189e-01
2.730000e-01  1.327924e-01
2.760000e-01  1.319738e-01
2.790000e-01  1.311627e-01
2.820000e-01  1.303590e-01
2.850000e-01  1.295625e-01
2.880000e-01  1.287729e-01
2.910000e-01  1.279900e-01
2.940000e-01  1.272136e-01
2.970000e-01  1.264436e-01
3.000000e-01  1.256797e-01
3.030000e-01  1.249217e-01
3.060000e-01  1.241695e-01
3.090000e-01  1.234229e-01
3.120000e-01  1.226816e-01
3.150000e-01  1.219456e-01
3.180000e-01  1.212147e-01
3.210000e-01  1.204886e-01
3.240000e-01  1.197673e-01
3.270000e-01  1.190506e-01
3.300000e-01  1.183382e-01
3.330000e-01  1.176301e-01
3.360000e-01  1.169261e-01
3.390000e-01  1.162261e-01
3.420000e-01  1.155299e-01
3.450000e-01  1.148373e-01
3.480000e-01  1.141482e-01
3.510000e-01  1.134625e-01
3.540000e-01  1.127800e-01
3.570000e-01  1.121005e-01
3.600000e-01  1.114241e-01
3.630000e-01  1.107504e-01
3.660000e-01  1.100793e-01
3.690000e-01  1.094107e-01
3.720000e-01  1.087446e-01
3.750000e-01  1.080806e-01
3.780000e-01  1.074187e-01
3.810000e-01  1.067587e-01
3.840000e-01  1.061006e-01
3.870000e-01  1.054441e-01
3.900000e-01  1.047890e-01
3.930000e-01  1.041353e-01
3.960000e-01  1.034828e-01
3.990000e-01  1.028313e-01
4.020000e-01  1.021807e-01
4.050000e-01  1.015309e-01
4.080000e-01  1.008815e-01
4.110000e-01  1.002326e-01
4.140000e-01  000000
4.170000e-01  000000
4.200000e-01  000000
4.230000e-01  000000
4.260000e-01  000000
4.290000e-01  000000
4.320000e-01  000000
4.350000e-01  000000
4.380000e-01  000000
4.410000e-01  000000
4.440000e-01  000000
4.470000e-01  000000
4.500000e-01  000000
4.530000e-01  000000
4.560000e-01  000000
4.590000e-01  000000
4.620000e-01  000000
4.650000e-01  000000
4.680000e-01  000000
4.710000e-01  000000
4.740000e-01  000000
4.770000e-01  000000
4.800000e-01  000000
4.830000e-01  000000
4.860000e-01  000000
4.890000e-01  000000
4.920000e-01  000000
4.950000e-01  000000
4.980000e-01  000000
5.010000e-01  000000
5.040000e-01  000000
5.070000e-01  000000
5.100000e-01  000000
5.130000e-01  000000
5.160000e-01  000000
5.190000e-01  000000
5.220000e-01  000000
5.250000e-01  000000
5.280000e-01  000000
5.310000e-01  000000
5.340000e-01  000000
5.370000e-01  000000
5.400000e-01  000000
5.430000e-01  000000
5.460000e-01  000000
5.490000e-01  000000
5.520000e-01  000000
5.550000e-01  000000
5.580000e-01  000000
5.610000e-01  000000
5.640000e-01  000000
5.670000e-01  000000
5.700000e-01  000000
5.730000e-01  000000
5.760000e-01  000000
5.790000e-01  000000
5.820000e-01  000000
5.850000e-01  000000
5.880000e-01  000000
5.910000e-01  000000
5.940000e-01  000000
5.970000e-01  000000
6.000000e-01  000000
6.030000e-01  000000
6.060000e-01  000000
6.090000e-01  000000
6.120000e-01  000000
6.150000e-01  000000
6.180000e-01  000000
6.210000e-01  000000
6.240000e-01  000000
6.270000e-01  000000
6.300000e-01  000000
6.330000e-01  000000
6.360000e-01  000000
6.390000e-01  000000
6.420000e-01  000000
6.450000e-01  000000
6.480000e-01  000000
6.510000e-01  000000
6.540000e-01  000000
6.570000e-01  000000
6.600000e-01  000000
6.630000e-01  000000
6.660000e-01  000000
6.690000e-01  000000
6.720000e-01  000000
6.750000e-01  000000
6.780000e-01  000000
6.810000e-01  000000
6.840000e-01  000000
6.870000e-01  000000
6.900000e-01  000000
6.930000e-01  000000
6.960000e-01  000000
6.990000e-01  000000
7.020000e-01  000000
7.050000e-01  000000
7.080000e-01  000000
7.110000e-01  000000
7.140000e-01  000000
7.170000e-01  000000
7.200000e-01  000000
7.230000e-01  000000
7.260000e-01  000000
7.290000e-01  000000
7.320000e-01  000000
7.350000e-01  000000
7.380000e-01  000000
7.410000e-01  000000
7.440000e-01  000000
7.470000e-01  000000
7.500000e-01  000000
7.530000e-01  000000
7.560000e-01  000000
7.590000e-01  000000
7.620000e-01  000000
7.650000e-01  000000
7.680000e-01  000000
7.710000e-01  000000
7.740000e-01  000000
7.770000e-01  000000
7.800000e-01  000000
7.830000e-01  000000
7.860000e-01  000000
7.890000e-01  000000
7.920000e-01  000000
7.950000e-01  000000
7.980000e-01  000000
8.010000e-01  000000
8.040000e-01  000000
8.070000e-01  000000
8.100000e-01  000000
8.130000e-01  000000
8.160000e-01  000000
8.190000e-01  000000
8.220000e-01  000000
8.250000e-01  000000
8.280000e-01  000000
8.310000e-01  000000
8.340000e-01  000000
8.370000e-01  000000
8.400000e-01  000000
8.430000e-01  000000
8.460000e-01  000000
8.490000e-01  000000
8.520000e-01  000000
8.550000e-01  000000
8.580000e-01  000000
8.610000e-01  000000
8.640000e-01  000000
8.670000e-01  000000
8.700000e-01  000000
8.730000e-01  000000
8.760000e-01  000000
8.790000e-01  000000
8.820000e-01  000000
8.850000e-01  000000
8.880000e-01  000000
8.910000e-01  000000
8.940000e-01  000000
8.970000e-01  000000
9.000000e-01  000000
9.030000e-01  000000
9.060000e-01  000000
9.090000e-01  000000
9.120000e-01  000000
9.150000e-01  000000
9.180000e-01  000000
9.210000e-01  000000
9.240000e-01  000000
9.270000e-01  000000
9.300000e-01  000000
9.330000e-01  000000
9.360000e-01  000000
9.390000e-01  000000
9.420000e-01  000000
9.450000e-01  000000
9.480000e-01  000000
9.510000e-01  000000
9.540000e-01  000000
9.570000e-01  000000
9.600000e-01  000000
9.630000e-01  000000
9.660000e-01  000000
9.690000e-01  000000
9.720000e-01  000000
9.750000e-01  000000
9.780000e-01  000000
9.810000e-01  000000
9.840000e-01  000000
9.870000e-01  000000
9.900000e-01  000000
9.930000e-01  000000
9.960000e-01  000000
9.990000e-01  000000
