000000  000001
3.000000e-03  8.204910e-01
6.000000e-03  7.381638e-01
9.000000e-03  6.852554e-01
1.200000e-02  6.466805e-01
1.500000e-02  6.165598e-01
1.800000e-02  5.919934e-01
2.100000e-02  5.713419e-01
2.400000e-02  5.535900e-01
2.700000e-02  5.380670e-01
3.000000e-02  5.243070e-01
3.300000e-02  5.119742e-01
3.600000e-02  5.008186e-01
3.900000e-02  4.906494e-01
4.200000e-02  4.813177e-01
4.500000e-02  4.727054e-01
4.800000e-02  4.647171e-01
5.100000e-02  4.572748e-01
5.400000e-02  4.503139e-01
5.700000e-02  4.437805e-01
6.000000e-02  4.376288e-01
6.300000e-02  4.318200e-01
6.600000e-02  4.263208e-01
6.900000e-02  4.211023e-01
7.200000e-02  4.161394e-01
7.500000e-02  4.114101e-01
7.800000e-02  4.068951e-01
8.100000e-02  4.025773e-01
8.400000e-02  3.984416e-01
8.700000e-02  3.944743e-01
9.000000e-02  3.906635e-01
9.300000e-02  3.869981e-01
9.600000e-02  3.834684e-01
9.900000e-02  3.800655e-01
1.020000e-01  3.767812e-01
1.050000e-01  3.736083e-01
1.080000e-01  3.705401e-01
1.110000e-01  3.675703e-01
1.140000e-01  3.646934e-01
1.170000e-01  3.619042e-01
1.200000e-01  3.591980e-01
1.230000e-01  3.565703e-01
1.260000e-01  3.540171e-01
1.290000e-01  3.515347e-01
1.320000e-01  3.491194e-01
1.350000e-01  3.467681e-01
1.380000e-01  3.444777e-01
1.410000e-01  3.422454e-01
1.440000e-01  3.400685e-01
1.470000e-01  3.379447e-01
1.500000e-01  3.358715e-01
1.530000e-01  3.338469e-01
1.560000e-01  3.318687e-01
1.590000e-01  3.299351e-01
1.620000e-01  3.280442e-01
1.650000e-01  3.261944e-01
1.680000e-01  3.243840e-01
1.710000e-01  3.226116e-01
1.740000e-01  3.208757e-01
1.770000e-01  3.191749e-01
1.800000e-01  3.175079e-01
1.830000e-01  3.158737e-01
1.860000e-01  3.142709e-01
1.890000e-01  3.126985e-01
1.920000e-01  3.111555e-01
1.950000e-01  3.096409e-01
1.980000e-01  3.081536e-01
2.010000e-01  3.066929e-01
2.040000e-01  3.052579e-01
2.070000e-01  3.038477e-01
2.100000e-01  3.024616e-01
2.130000e-01  3.010988e-01
2.160000e-01  2.997587e-01
2.190000e-01  2.984405e-01
2.220000e-01  2.971436e-01
2.250000e-01  2.958673e-01
2.280000e-01  2.946111e-01
2.310000e-01  2.933744e-01
2.340000e-01  2.921566e-01
2.370000e-01  2.909572e-01
2.400000e-01  2.897758e-01
2.430000e-01  2.886117e-01
2.460000e-01  2.874646e-01
2.490000e-01  2.863341e-01
2.520000e-01  2.852195e-01
2.550000e-01  2.841207e-01
2.580000e-01  2.830371e-01
2.610000e-01  2.819684e-01
2.640000e-01  2.809141e-01
2.670000e-01  2.798740e-01
2.700000e-01  2.788477e-01
2.730000e-01  2.778348e-01
2.760000e-01  2.768351e-01
2.790000e-01  2.758482e-01
2.820000e-01  2.748738e-01
2.850000e-01  2.739116e-01
2.880000e-01  2.729614e-01
2.910000e-01  2.720229e-01
2.940000e-01  2.710958e-01
2.970000e-01  2.701798e-01
3.000000e-01  2.692748e-01
3.030000e-01  2.683804e-01
3.060000e-01  2.674965e-01
3.090000e-01  2.666228e-01
3.120000e-01  2.657591e-01
3.150000e-01  2.649052e-01
3.180000e-01  2.640608e-01
3.210000e-01  2.632259e-01
3.240000e-01  2.624002e-01
3.270000e-01  2.615834e-01
3.300000e-01  2.607755e-01
3.330000e-01  2.599763e-01
3.360000e-01  2.591855e-01
3.390000e-01  2.584031e-01
3.420000e-01  2.576288e-01
3.450000e-01  2.568625e-01
3.480000e-01  2.561041e-01
3.510000e-01  2.553533e-01
3.540000e-01  2.546101e-01
3.570000e-01  2.538744e-01
3.600000e-01  2.531459e-01
3.630000e-01  2.524245e-01
3.660000e-01  2.517102e-01
3.690000e-01  2.510027e-01
3.720000e-01  2.503020e-01
3.750000e-01  2.496080e-01
3.780000e-01  2.489205e-01
3.810000e-01  2.482394e-01
3.840000e-01  2.475645e-01
3.870000e-01  2.468959e-01
3.900000e-01  2.462334e-01
3.930000e-01  2.455769e-01
3.960000e-01  2.449262e-01
3.990000e-01  2.442814e-01
4.020000e-01  2.436422e-01
4.050000e-01  2.430086e-01
4.080000e-01  2.423806e-01
4.110000e-01  2.417580e-01
4.140000e-01  2.411406e-01
4.170000e-01  2.405286e-01
4.200000e-01  2.399217e-01
4.230000e-01  2.393198e-01
4.260000e-01  2.387230e-01
4.290000e-01  2.381311e-01
4.320000e-01  2.375441e-01
4.350000e-01  2.369618e-01
4.380000e-01  2.363842e-01
4.410000e-01  2.358113e-01
4.440000e-01  2.352429e-01
4.470000e-01  2.346790e-01
4.500000e-01  2.341196e-01
4.530000e-01  2.335645e-01
4.560000e-01  2.330137e-01
4.590000e-01  2.324671e-01
4.620000e-01  2.319247e-01
4.650000e-01  2.313864e-01
4.680000e-01  2.308522e-01
4.710000e-01  2.303220e-01
4.740000e-01  2.297957e-01
4.770000e-01  2.292733e-01
4.800000e-01  2.287548e-01
4.830000e-01  2.282400e-01
4.860000e-01  2.277289e-01
4.890000e-01  2.272216e-01
4.920000e-01  2.267178e-01
4.950000e-01  2.262177e-01
4.980000e-01  2.257210e-01
5.010000e-01  2.252279e-01
5.040000e-01  2.247382e-01
5.070000e-01  2.242519e-01
5.100000e-01  2.237689e-01
5.130000e-01  2.232892e-01
5.160000e-01  2.228128e-01
5.190000e-01  2.223396e-01
5.220000e-01  2.218696e-01
5.250000e-01  2.214027e-01
5.280000e-01  2.209390e-01
5.310000e-01  2.204783e-01
5.340000e-01  2.200206e-01
5.370000e-01  2.195659e-01
5.400000e-01  2.191141e-01
5.430000e-01  2.186653e-01
5.460000e-01  2.182193e-01
5.490000e-01  2.177762e-01
5.520000e-01  2.173358e-01
5.550000e-01  2.168983e-01
5.580000e-01  2.164635e-01
5.610000e-01  2.160314e-01
5.640000e-01  2.156019e-01
5.670000e-01  2.151751e-01
5.700000e-01  2.147509e-01
5.730000e-01  2.143293e-01
5.760000e-01  2.139103e-01
5.790000e-01  2.134937e-01
5.820000e-01  2.130797e-01
5.850000e-01  2.126681e-01
5.880000e-01  2.122590e-01
5.910000e-01  2.118523e-01
5.940000e-01  2.114479e-01
5.970000e-01  2.110459e-01
6.000000e-01  2.106462e-01
6.030000e-01  2.102489e-01
6.060000e-01  2.098538e-01
6.090000e-01  2.094609e-01
6.120000e-01  2.090703e-01
6.150000e-01  2.086819e-01
6.180000e-01  2.082957e-01
6.210000e-01  2.079116e-01
6.240000e-01  2.075297e-01
6.270000e-01  2.071498e-01
6.300000e-01  2.067721e-01
6.330000e-01  2.063964e-01
6.360000e-01  2.060228e-01
6.390000e-01  2.056512e-01
6.420000e-01  2.052815e-01
6.450000e-01  2.049139e-01
6.480000e-01  2.045482e-01
6.510000e-01  2.041845e-01
6.540000e-01  2.038227e-01
6.570000e-01  2.034627e-01
6.600000e-01  2.031047e-01
6.630000e-01  2.027485e-01
6.660000e-01  2.023942e-01
6.690000e-01  2.020417e-01
6.720000e-01  2.016910e-01
6.750000e-01  2.013421e-01
6.780000e-01  2.009949e-01
6.810000e-01  2.006495e-01
6.840000e-01  2.003058e-01
6.870000e-01  1.999639e-01
6.900000e-01  1.996237e-01
6.930000e-01  1.992851e-01
6.960000e-01  1.989482e-01
6.990000e-01  1.986130e-01
7.020000e-01  1.982794e-01
7.050000e-01  1.979474e-01
7.080000e-01  1.976170e-01
7.110000e-01  1.972883e-01
7.140000e-01  1.969611e-01
7.170000e-01  1.966354e-01
7.200000e-01  1.963113e-01
7.230000e-01  1.959888e-01
7.260000e-01  1.956677e-01
7.290000e-01  1.953482e-01
7.320000e-01  1.950301e-01
7.350000e-01  1.947135e-01
7.380000e-01  1.943984e-01
7.410000e-01  1.940848e-01
7.440000e-01  1.937725e-01
7.470000e-01  1.934617e-01
7.500000e-01  1.931523e-01
7.530000e-01  1.928444e-01
7.560000e-01  1.925377e-01
7.590000e-01  1.922325e-01
7.620000e-01  1.919286e-01
7.650000e-01  1.916261e-01
7.680000e-01  1.913249e-01
7.710000e-01  1.910250e-01
7.740000e-01  1.907265e-01
7.770000e-01  1.904292e-01
7.800000e-01  1.901333e-01
7.830000e-01  1.898386e-01
7.860000e-01  1.895452e-01
7.890000e-01  1.892531e-01
7.920000e-01  1.889622e-01
7.950000e-01  1.886725e-01
7.980000e-01  1.883841e-01
8.010000e-01  1.880968e-01
8.040000e-01  1.878108e-01
8.070000e-01  1.875260e-01
8.100000e-01  1.872424e-01
8.130000e-01  1.869599e-01
8.160000e-01  1.866786e-01
8.190000e-01  1.863985e-01
8.220000e-01  1.861195e-01
8.250000e-01  1.858416e-01
8.280000e-01  1.855649e-01
8.310000e-01  1.852893e-01
8.340000e-01  1.850148e-01
8.370000e-01  1.847414e-01
8.400000e-01  1.844691e-01
8.430000e-01  1.841979e-01
8.460000e-01  1.839278e-01
8.490000e-01  1.836587e-01
8.520000e-01  1.833907e-01
8.550000e-01  1.831237e-01
8.580000e-01  1.828578e-01
8.610000e-01  1.825929e-01
8.640000e-01  1.823290e-01
8.670000e-01  1.820662e-01
8.700000e-01  1.818043e-01
8.730000e-01  1.815435e-01
8.760000e-01  1.812836e-01
8.790000e-01  1.810248e-01
8.820000e-01  1.807669e-01
8.850000e-01  1.805099e-01
8.880000e-01  1.802540e-01
8.910000e-01  1.799990e-01
8.940000e-01  1.797449e-01
8.970000e-01  1.794918e-01
9.000000e-01  1.792397e-01
9.030000e-01  1.789884e-01
9.060000e-01  1.787381e-01
9.090000e-01  1.784887e-01
9.120000e-01  1.782402e-01
9.150000e-01  1.779925e-01
9.180000e-01  1.777458e-01
9.210000e-01  1.775000e-01
9.240000e-01  1.772550e-01
9.270000e-01  1.770110e-01
9.300000e-01  1.767678e-01
9.330000e-01  1.765254e-01
9.360000e-01  1.762839e-01
9.390000e-01  1.760433e-01
9.420000e-01  1.758034e-01
9.450000e-01  1.755645e-01
9.480000e-01  1.753263e-01
9.510000e-01  1.750890e-01
9.540000e-01  1.748525e-01
9.570000e-01  1.746168e-01
9.600000e-01  1.743820e-01
9.630000e-01  1.741479e-01
9.660000e-01  1.739146e-01
9.690000e-01  1.736821e-01
9.720000e-01  1.734504e-01
9.750000e-01  1.732195e-01
9.780000e-01  1.729893e-01
9.810000e-01  1.727599e-01
9.840000e-01  1.725313e-01
9.870000e-01  1.723034e-01
9.900000e-01  1.720763e-01
9.930000e-01  1.718499e-01
9.960000e-01  1.716243e-01
9.990000e-01  1.713994e-01
