000000  000001
3.000000e-03  6.258749e-01
6.000000e-03  5.333031e-01
9.000000e-03  4.813177e-01
1.200000e-02  4.459138e-01
1.500000e-02  4.194207e-01
1.800000e-02  3.984416e-01
2.100000e-02  3.811862e-01
2.400000e-02  3.666013e-01
2.700000e-02  3.540171e-01
3.000000e-02  3.429832e-01
3.300000e-02  3.331824e-01
3.600000e-02  3.243840e-01
3.900000e-02  3.164149e-01
4.200000e-02  3.091421e-01
4.500000e-02  3.024616e-01
4.800000e-02  2.962904e-01
5.100000e-02  2.905614e-01
5.400000e-02  2.852195e-01
5.700000e-02  2.802192e-01
6.000000e-02  2.755220e-01
6.300000e-02  2.710958e-01
6.600000e-02  2.669129e-01
6.900000e-02  2.629496e-01
7.200000e-02  2.591855e-01
7.500000e-02  2.556027e-01
7.800000e-02  2.521856e-01
8.100000e-02  2.489205e-01
8.400000e-02  2.457951e-01
8.700000e-02  2.427987e-01
9.000000e-02  2.399217e-01
9.300000e-02  2.371554e-01
9.600000e-02  2.344920e-01
9.900000e-02  2.319247e-01
1.020000e-01  2.294470e-01
1.050000e-01  2.270533e-01
1.080000e-01  2.247382e-01
1.110000e-01  2.224970e-01
1.140000e-01  2.203254e-01
1.170000e-01  2.182193e-01
1.200000e-01  2.161751e-01
1.230000e-01  2.141894e-01
1.260000e-01  2.122590e-01
1.290000e-01  2.103811e-01
1.320000e-01  2.085529e-01
1.350000e-01  2.067721e-01
1.380000e-01  2.050362e-01
1.410000e-01  2.033432e-01
1.440000e-01  2.016910e-01
1.470000e-01  2.000777e-01
1.500000e-01  1.985016e-01
1.530000e-01  1.969611e-01
1.560000e-01  1.954545e-01
1.590000e-01  1.939805e-01
1.620000e-01  1.925377e-01
1.650000e-01  1.911249e-01
1.680000e-01  1.897407e-01
1.710000e-01  1.883841e-01
1.740000e-01  1.870539e-01
1.770000e-01  1.857493e-01
1.800000e-01  1.844691e-01
1.830000e-01  1.832126e-01
1.860000e-01  1.819788e-01
1.890000e-01  1.807669e-01
1.920000e-01  1.795761e-01
1.950000e-01  1.784057e-01
1.980000e-01  1.772550e-01
2.010000e-01  1.761234e-01
2.040000e-01  1.750101e-01
2.070000e-01  1.739146e-01
2.100000e-01  1.728363e-01
2.130000e-01  1.717746e-01
2.160000e-01  1.707290e-01
2.190000e-01  1.696990e-01
2.220000e-01  1.686842e-01
2.250000e-01  1.676840e-01
2.280000e-01  1.666980e-01
2.310000e-01  1.657258e-01
2.340000e-01  1.647669e-01
2.370000e-01  1.638211e-01
2.400000e-01  1.628878e-01
2.430000e-01  1.619668e-01
2.460000e-01  1.610577e-01
2.490000e-01  1.601601e-01
2.520000e-01  1.592738e-01
2.550000e-01  1.583983e-01
2.580000e-01  1.575336e-01
2.610000e-01  1.566791e-01
2.640000e-01  1.558348e-01
2.670000e-01  1.550002e-01
2.700000e-01  1.541752e-01
2.730000e-01  1.533594e-01
2.760000e-01  1.525527e-01
2.790000e-01  1.517549e-01
2.820000e-01  1.509656e-01
2.850000e-01  1.501847e-01
2.880000e-01  1.494119e-01
2.910000e-01  1.486472e-01
2.940000e-01  1.478901e-01
2.970000e-01  1.471407e-01
3.000000e-01  1.463986e-01
3.030000e-01  1.456638e-01
3.060000e-01  1.449360e-01
3.090000e-01  1.442151e-01
3.120000e-01  1.435008e-01
3.150000e-01  1.427931e-01
3.180000e-01  1.420918e-01
3.210000e-01  1.413968e-01
3.240000e-01  1.407078e-01
3.270000e-01  1.400248e-01
3.300000e-01  1.393476e-01
3.330000e-01  1.386760e-01
3.360000e-01  1.380100e-01
3.390000e-01  1.373495e-01
3.420000e-01  1.366942e-01
3.450000e-01  1.360441e-01
3.480000e-01  1.353991e-01
3.510000e-01  1.347590e-01
3.540000e-01  1.341237e-01
3.570000e-01  1.334932e-01
3.600000e-01  1.328672e-01
3.630000e-01  1.322458e-01
3.660000e-01  1.316288e-01
3.690000e-01  1.310160e-01
3.720000e-01  1.304075e-01
3.750000e-01  1.298031e-01
3.780000e-01  1.292027e-01
3.810000e-01  1.286062e-01
3.840000e-01  1.280136e-01
3.870000e-01  1.274247e-01
3.900000e-01  1.268395e-01
3.930000e-01  1.262579e-01
3.960000e-01  1.256797e-01
3.990000e-01  1.251049e-01
4.020000e-01  1.245335e-01
4.050000e-01  1.239653e-01
4.080000e-01  1.234003e-01
4.110000e-01  1.228384e-01
4.140000e-01  1.222796e-01
4.170000e-01  1.217236e-01
4.200000e-01  1.211706e-01
4.230000e-01  1.206203e-01
4.260000e-01  1.200728e-01
4.290000e-01  1.195279e-01
4.320000e-01  1.189856e-01
4.350000e-01  1.184459e-01
4.380000e-01  1.179086e-01
4.410000e-01  1.173737e-01
4.440000e-01  1.168411e-01
4.470000e-01  1.163107e-01
4.500000e-01  1.157826e-01
4.530000e-01  1.152566e-01
4.560000e-01  1.147326e-01
4.590000e-01  1.142107e-01
4.620000e-01  1.136907e-01
4.650000e-01  1.131725e-01
4.680000e-01  1.126562e-01
4.710000e-01  1.121416e-01
4.740000e-01  1.116288e-01
4.770000e-01  1.111175e-01
4.800000e-01  1.106078e-01
4.830000e-01  1.100996e-01
4.860000e-01  1.095928e-01
4.890000e-01  1.090875e-01
4.920000e-01  1.085834e-01
4.950000e-01  1.080806e-01
4.980000e-01  1.075790e-01
5.010000e-01  1.070785e-01
5.040000e-01  1.065791e-01
5.070000e-01  1.060807e-01
5.100000e-01  1.055832e-01
5.130000e-01  1.050866e-01
5.160000e-01  1.045908e-01
5.190000e-01  1.040957e-01
5.220000e-01  1.036014e-01
5.250000e-01  1.031076e-01
5.280000e-01  1.026144e-01
5.310000e-01  1.021216e-01
5.340000e-01  1.016293e-01
5.370000e-01  1.011373e-01
5.400000e-01  1.006455e-01
5.430000e-01  1.001539e-01
5.460000e-01  9.966243e-02
5.490000e-01  000000
5.520000e-01  000000
5.550000e-01  000000
5.580000e-01  000000
5.610000e-01  000000
5.640000e-01  000000
5.670000e-01  000000
5.700000e-01  000000
5.730000e-01  000000
5.760000e-01  000000
5.790000e-01  000000
5.820000e-01  000000
5.850000e-01  000000
5.880000e-01  000000
5.910000e-01  000000
5.940000e-01  000000
5.970000e-01  000000
6.000000e-01  000000
6.030000e-01  000000
6.060000e-01  000000
6.090000e-01  000000
6.120000e-01  000000
6.150000e-01  000000
6.180000e-01  000000
6.210000e-01  000000
6.240000e-01  000000
6.270000e-01  000000
6.300000e-01  000000
6.330000e-01  000000
6.360000e-01  000000
6.390000e-01  000000
6.420000e-01  000000
6.450000e-01  000000
6.480000e-01  000000
6.510000e-01  000000
6.540000e-01  000000
6.570000e-01  000000
6.600000e-01  000000
6.630000e-01  000000
6.660000e-01  000000
6.690000e-01  000000
6.720000e-01  000000
6.750000e-01  000000
6.780000e-01  000000
6.810000e-01  000000
6.840000e-01  000000
6.870000e-01  000000
6.900000e-01  000000
6.930000e-01  000000
6.960000e-01  000000
6.990000e-01  000000
7.020000e-01  000000
7.050000e-01  000000
7.080000e-01  000000
7.110000e-01  000000
7.140000e-01  000000
7.170000e-01  000000
7.200000e-01  000000
7.230000e-01  000000
7.260000e-01  000000
7.290000e-01  000000
7.320000e-01  000000
7.350000e-01  000000
7.380000e-01  000000
7.410000e-01  000000
7.440000e-01  000000
7.470000e-01  000000
7.500000e-01  000000
7.530000e-01  000000
7.560000e-01  000000
7.590000e-01  000000
7.620000e-01  000000
7.650000e-01  000000
7.680000e-01  000000
7.710000e-01  000000
7.740000e-01  000000
7.770000e-01  000000
7.800000e-01  000000
7.830000e-01  000000
7.860000e-01  000000
7.890000e-01  000000
7.920000e-01  000000
7.950000e-01  000000
7.980000e-01  000000
8.010000e-01  000000
8.040000e-01  000000
8.070000e-01  000000
8.100000e-01  000000
8.130000e-01  000000
8.160000e-01  000000
8.190000e-01  000000
8.220000e-01  000000
8.250000e-01  000000
8.280000e-01  000000
8.310000e-01  000000
8.340000e-01  000000
8.370000e-01  000000
8.400000e-01  000000
8.430000e-01  000000
8.460000e-01  000000
8.490000e-01  000000
8.520000e-01  000000
8.550000e-01  000000
8.580000e-01  000000
8.610000e-01  000000
8.640000e-01  000000
8.670000e-01  000000
8.700000e-01  000000
8.730000e-01  000000
8.760000e-01  000000
8.790000e-01  000000
8.820000e-01  000000
8.850000e-01  000000
8.880000e-01  000000
8.910000e-01  000000
8.940000e-01  000000
8.970000e-01  000000
9.000000e-01  000000
9.030000e-01  000000
9.060000e-01  000000
9.090000e-01  000000
9.120000e-01  000000
9.150000e-01  000000
9.180000e-01  000000
9.210000e-01  000000
9.240000e-01  000000
9.270000e-01  000000
9.300000e-01  000000
9.330000e-01  000000
9.360000e-01  000000
9.390000e-01  000000
9.420000e-01  000000
9.450000e-01  000000
9.480000e-01  000000
9.510000e-01  000000
9.540000e-01  000000
9.570000e-01  000000
9.600000e-01  000000
9.630000e-01  000000
9.660000e-01  000000
9.690000e-01  000000
9.720000e-01  000000
9.750000e-01  000000
9.780000e-01  000000
9.810000e-01  000000
9.840000e-01  000000
9.870000e-01  000000
9.900000e-01  000000
9.930000e-01  000000
9.960000e-01  000000
9.990000e-01  000000
