000000  000001
3.000000e-03  7.731027e-01
6.000000e-03  6.843884e-01
9.000000e-03  6.299062e-01
1.200000e-02  5.911179e-01
1.500000e-02  5.612856e-01
1.800000e-02  5.372125e-01
2.100000e-02  5.171368e-01
2.400000e-02  4.999875e-01
2.700000e-02  4.850669e-01
3.000000e-02  4.718960e-01
3.300000e-02  4.601326e-01
3.600000e-02  4.495240e-01
3.900000e-02  4.398786e-01
4.200000e-02  4.310476e-01
4.500000e-02  4.229137e-01
4.800000e-02  4.153826e-01
5.100000e-02  4.083774e-01
5.400000e-02  4.018347e-01
5.700000e-02  3.957016e-01
6.000000e-02  3.899337e-01
6.300000e-02  3.844930e-01
6.600000e-02  3.793473e-01
6.900000e-02  3.744686e-01
7.200000e-02  3.698326e-01
7.500000e-02  3.654182e-01
7.800000e-02  3.612067e-01
8.100000e-02  3.571818e-01
8.400000e-02  3.533288e-01
8.700000e-02  3.496348e-01
9.000000e-02  3.460882e-01
9.300000e-02  3.426786e-01
9.600000e-02  3.393966e-01
9.900000e-02  3.362338e-01
1.020000e-01  3.331824e-01
1.050000e-01  3.302355e-01
1.080000e-01  3.273867e-01
1.110000e-01  3.246302e-01
1.140000e-01  3.219607e-01
1.170000e-01  3.193732e-01
1.200000e-01  3.168632e-01
1.230000e-01  3.144267e-01
1.260000e-01  3.120597e-01
1.290000e-01  3.097587e-01
1.320000e-01  3.075203e-01
1.350000e-01  3.053416e-01
1.380000e-01  3.032197e-01
1.410000e-01  3.011519e-01
1.440000e-01  2.991357e-01
1.470000e-01  2.971688e-01
1.500000e-01  2.952490e-01
1.530000e-01  2.933744e-01
1.560000e-01  2.915429e-01
1.590000e-01  2.897528e-01
1.620000e-01  2.880023e-01
1.650000e-01  2.862900e-01
1.680000e-01  2.846143e-01
1.710000e-01  2.829738e-01
1.740000e-01  2.813671e-01
1.770000e-01  2.797930e-01
1.800000e-01  2.782503e-01
1.830000e-01  2.767378e-01
1.860000e-01  2.752544e-01
1.890000e-01  2.737992e-01
1.920000e-01  2.723712e-01
1.950000e-01  2.709694e-01
1.980000e-01  2.695930e-01
2.010000e-01  2.682411e-01
2.040000e-01  2.669129e-01
2.070000e-01  2.656077e-01
2.100000e-01  2.643247e-01
2.130000e-01  2.630633e-01
2.160000e-01  2.618227e-01
2.190000e-01  2.606024e-01
2.220000e-01  2.594018e-01
2.250000e-01  2.582202e-01
2.280000e-01  2.570571e-01
2.310000e-01  2.559120e-01
2.340000e-01  2.547843e-01
2.370000e-01  2.536737e-01
2.400000e-01  2.525795e-01
2.430000e-01  2.515014e-01
2.460000e-01  2.504389e-01
2.490000e-01  2.493916e-01
2.520000e-01  2.483591e-01
2.550000e-01  2.473410e-01
2.580000e-01  2.463370e-01
2.610000e-01  2.453466e-01
2.640000e-01  2.443696e-01
2.670000e-01  2.434055e-01
2.700000e-01  2.424542e-01
2.730000e-01  2.415152e-01
2.760000e-01  2.405883e-01
2.790000e-01  2.396732e-01
2.820000e-01  2.387697e-01
2.850000e-01  2.378773e-01
2.880000e-01  2.369959e-01
2.910000e-01  2.361253e-01
2.940000e-01  2.352651e-01
2.970000e-01  2.344152e-01
3.000000e-01  2.335753e-01
3.030000e-01  2.327452e-01
3.060000e-01  2.319247e-01
3.090000e-01  2.311136e-01
3.120000e-01  2.303116e-01
3.150000e-01  2.295187e-01
3.180000e-01  2.287345e-01
3.210000e-01  2.279590e-01
3.240000e-01  2.271918e-01
3.270000e-01  2.264330e-01
3.300000e-01  2.256822e-01
3.330000e-01  2.249394e-01
3.360000e-01  2.242043e-01
3.390000e-01  2.234769e-01
3.420000e-01  2.227570e-01
3.450000e-01  2.220444e-01
3.480000e-01  2.213389e-01
3.510000e-01  2.206405e-01
3.540000e-01  2.199491e-01
3.570000e-01  2.192644e-01
3.600000e-01  2.185864e-01
3.630000e-01  2.179149e-01
3.660000e-01  2.172498e-01
3.690000e-01  2.165911e-01
3.720000e-01  2.159385e-01
3.750000e-01  2.152920e-01
3.780000e-01  2.146515e-01
3.810000e-01  2.140168e-01
3.840000e-01  2.133880e-01
3.870000e-01  2.127648e-01
3.900000e-01  2.121471e-01
3.930000e-01  2.115349e-01
3.960000e-01  2.109281e-01
3.990000e-01  2.103266e-01
4.020000e-01  2.097303e-01
4.050000e-01  2.091391e-01
4.080000e-01  2.085529e-01
4.110000e-01  2.079717e-01
4.140000e-01  2.073954e-01
4.170000e-01  2.068238e-01
4.200000e-01  2.062570e-01
4.230000e-01  2.056948e-01
4.260000e-01  2.051371e-01
4.290000e-01  2.045840e-01
4.320000e-01  2.040353e-01
4.350000e-01  2.034909e-01
4.380000e-01  2.029508e-01
4.410000e-01  2.024150e-01
4.440000e-01  2.018833e-01
4.470000e-01  2.013557e-01
4.500000e-01  2.008322e-01
4.530000e-01  2.003126e-01
4.560000e-01  1.997969e-01
4.590000e-01  1.992851e-01
4.620000e-01  1.987771e-01
4.650000e-01  1.982729e-01
4.680000e-01  1.977723e-01
4.710000e-01  1.972754e-01
4.740000e-01  1.967821e-01
4.770000e-01  1.962923e-01
4.800000e-01  1.958060e-01
4.830000e-01  1.953232e-01
4.860000e-01  1.948437e-01
4.890000e-01  1.943676e-01
4.920000e-01  1.938948e-01
4.950000e-01  1.934253e-01
4.980000e-01  1.929589e-01
5.010000e-01  1.924958e-01
5.040000e-01  1.920357e-01
5.070000e-01  1.915788e-01
5.100000e-01  1.911249e-01
5.130000e-01  1.906739e-01
5.160000e-01  1.902260e-01
5.190000e-01  1.897810e-01
5.220000e-01  1.893389e-01
5.250000e-01  1.888996e-01
5.280000e-01  1.884631e-01
5.310000e-01  1.880294e-01
5.340000e-01  1.875985e-01
5.370000e-01  1.871703e-01
5.400000e-01  1.867447e-01
5.430000e-01  1.863218e-01
5.460000e-01  1.859015e-01
5.490000e-01  1.854837e-01
5.520000e-01  1.850686e-01
5.550000e-01  1.846559e-01
5.580000e-01  1.842457e-01
5.610000e-01  1.838380e-01
5.640000e-01  1.834326e-01
5.670000e-01  1.830297e-01
5.700000e-01  1.826292e-01
5.730000e-01  1.822310e-01
5.760000e-01  1.818351e-01
5.790000e-01  1.814415e-01
5.820000e-01  1.810501e-01
5.850000e-01  1.806610e-01
5.880000e-01  1.802740e-01
5.910000e-01  1.798893e-01
5.940000e-01  1.795067e-01
5.970000e-01  1.791262e-01
6.000000e-01  1.787479e-01
6.030000e-01  1.783716e-01
6.060000e-01  1.779974e-01
6.090000e-01  1.776252e-01
6.120000e-01  1.772550e-01
6.150000e-01  1.768869e-01
6.180000e-01  1.765207e-01
6.210000e-01  1.761564e-01
6.240000e-01  1.757941e-01
6.270000e-01  1.754336e-01
6.300000e-01  1.750751e-01
6.330000e-01  1.747184e-01
6.360000e-01  1.743636e-01
6.390000e-01  1.740106e-01
6.420000e-01  1.736594e-01
6.450000e-01  1.733099e-01
6.480000e-01  1.729623e-01
6.510000e-01  1.726164e-01
6.540000e-01  1.722722e-01
6.570000e-01  1.719297e-01
6.600000e-01  1.715889e-01
6.630000e-01  1.712498e-01
6.660000e-01  1.709124e-01
6.690000e-01  1.705766e-01
6.720000e-01  1.702424e-01
6.750000e-01  1.699099e-01
6.780000e-01  1.695789e-01
6.810000e-01  1.692495e-01
6.840000e-01  1.689217e-01
6.870000e-01  1.685954e-01
6.900000e-01  1.682706e-01
6.930000e-01  1.679474e-01
6.960000e-01  1.676256e-01
6.990000e-01  1.673053e-01
7.020000e-01  1.669865e-01
7.050000e-01  1.666692e-01
7.080000e-01  1.663533e-01
7.110000e-01  1.660388e-01
7.140000e-01  1.657258e-01
7.170000e-01  1.654141e-01
7.200000e-01  1.651038e-01
7.230000e-01  1.647949e-01
7.260000e-01  1.644874e-01
7.290000e-01  1.641812e-01
7.320000e-01  1.638764e-01
7.350000e-01  1.635728e-01
7.380000e-01  1.632706e-01
7.410000e-01  1.629697e-01
7.440000e-01  1.626700e-01
7.470000e-01  1.623716e-01
7.500000e-01  1.620745e-01
7.530000e-01  1.617786e-01
7.560000e-01  1.614840e-01
7.590000e-01  1.611906e-01
7.620000e-01  1.608984e-01
7.650000e-01  1.606074e-01
7.680000e-01  1.603177e-01
7.710000e-01  1.600290e-01
7.740000e-01  1.597416e-01
7.770000e-01  1.594553e-01
7.800000e-01  1.591702e-01
7.830000e-01  1.588862e-01
7.860000e-01  1.586033e-01
7.890000e-01  1.583216e-01
7.920000e-01  1.580410e-01
7.950000e-01  1.577615e-01
7.980000e-01  1.574830e-01
8.010000e-01  1.572057e-01
8.040000e-01  1.569294e-01
8.070000e-01  1.566542e-01
8.100000e-01  1.563800e-01
8.130000e-01  1.561069e-01
8.160000e-01  1.558348e-01
8.190000e-01  1.555637e-01
8.220000e-01  1.552936e-01
8.250000e-01  1.550246e-01
8.280000e-01  1.547566e-01
8.310000e-01  1.544895e-01
8.340000e-01  1.542234e-01
8.370000e-01  1.539583e-01
8.400000e-01  1.536942e-01
8.430000e-01  1.534310e-01
8.460000e-01  1.531688e-01
8.490000e-01  1.529075e-01
8.520000e-01  1.526472e-01
8.550000e-01  1.523878e-01
8.580000e-01  1.521293e-01
8.610000e-01  1.518717e-01
8.640000e-01  1.516150e-01
8.670000e-01  1.513592e-01
8.700000e-01  1.511042e-01
8.730000e-01  1.508502e-01
8.760000e-01  1.505971e-01
8.790000e-01  1.503448e-01
8.820000e-01  1.500933e-01
8.850000e-01  1.498428e-01
8.880000e-01  1.495930e-01
8.910000e-01  1.493441e-01
8.940000e-01  1.490961e-01
8.970000e-01  1.488488e-01
9.000000e-01  1.486024e-01
9.030000e-01  1.483568e-01
9.060000e-01  1.481120e-01
9.090000e-01  1.478680e-01
9.120000e-01  1.476248e-01
9.150000e-01  1.473824e-01
9.180000e-01  1.471407e-01
9.210000e-01  1.468998e-01
9.240000e-01  1.466597e-01
9.270000e-01  1.464204e-01
9.300000e-01  1.461818e-01
9.330000e-01  1.459439e-01
9.360000e-01  1.457068e-01
9.390000e-01  1.454705e-01
9.420000e-01  1.452349e-01
9.450000e-01  1.449999e-01
9.480000e-01  1.447658e-01
9.510000e-01  1.445323e-01
9.540000e-01  1.442995e-01
9.570000e-01  1.440675e-01
9.600000e-01  1.438361e-01
9.630000e-01  1.436054e-01
9.660000e-01  1.433755e-01
9.690000e-01  1.431462e-01
9.720000e-01  1.429176e-01
9.750000e-01  1.426896e-01
9.780000e-01  1.424623e-01
9.810000e-01  1.422357e-01
9.840000e-01  1.420097e-01
9.870000e-01  1.417844e-01
9.900000e-01  1.415598e-01
9.930000e-01  1.413357e-01
9.960000e-01  1.411123e-01
9.990000e-01  1.408896e-01
