000000  000001
3.000000e-03  7.777358e-01
6.000000e-03  6.895015e-01
9.000000e-03  6.350999e-01
1.200000e-02  5.962901e-01
1.500000e-02  5.664030e-01
1.800000e-02  5.422641e-01
2.100000e-02  5.221199e-01
2.400000e-02  5.049031e-01
2.700000e-02  4.899175e-01
3.000000e-02  4.766847e-01
3.300000e-02  4.648625e-01
3.600000e-02  4.541983e-01
3.900000e-02  4.445001e-01
4.200000e-02  4.356193e-01
4.500000e-02  4.274382e-01
4.800000e-02  4.198622e-01
5.100000e-02  4.128144e-01
5.400000e-02  4.062311e-01
5.700000e-02  4.000594e-01
6.000000e-02  3.942546e-01
6.300000e-02  3.887787e-01
6.600000e-02  3.835993e-01
6.900000e-02  3.786882e-01
7.200000e-02  3.740212e-01
7.500000e-02  3.695770e-01
7.800000e-02  3.653369e-01
8.100000e-02  3.612844e-01
8.400000e-02  3.574049e-01
8.700000e-02  3.536853e-01
9.000000e-02  3.501140e-01
9.300000e-02  3.466805e-01
9.600000e-02  3.433755e-01
9.900000e-02  3.401903e-01
1.020000e-01  3.371173e-01
1.050000e-01  3.341495e-01
1.080000e-01  3.312804e-01
1.110000e-01  3.285041e-01
1.140000e-01  3.258155e-01
1.170000e-01  3.232094e-01
1.200000e-01  3.206814e-01
1.230000e-01  3.182272e-01
1.260000e-01  3.158431e-01
1.290000e-01  3.135255e-01
1.320000e-01  3.112710e-01
1.350000e-01  3.090765e-01
1.380000e-01  3.069391e-01
1.410000e-01  3.048563e-01
1.440000e-01  3.028255e-01
1.470000e-01  3.008443e-01
1.500000e-01  2.989106e-01
1.530000e-01  2.970223e-01
1.560000e-01  2.951775e-01
1.590000e-01  2.933744e-01
1.620000e-01  2.916112e-01
1.650000e-01  2.898865e-01
1.680000e-01  2.881986e-01
1.710000e-01  2.865461e-01
1.740000e-01  2.849278e-01
1.770000e-01  2.833422e-01
1.800000e-01  2.817883e-01
1.830000e-01  2.802649e-01
1.860000e-01  2.787708e-01
1.890000e-01  2.773050e-01
1.920000e-01  2.758667e-01
1.950000e-01  2.744548e-01
1.980000e-01  2.730684e-01
2.010000e-01  2.717068e-01
2.040000e-01  2.703690e-01
2.070000e-01  2.690544e-01
2.100000e-01  2.677623e-01
2.130000e-01  2.664918e-01
2.160000e-01  2.652424e-01
2.190000e-01  2.640133e-01
2.220000e-01  2.628041e-01
2.250000e-01  2.616141e-01
2.280000e-01  2.604427e-01
2.310000e-01  2.592895e-01
2.340000e-01  2.581539e-01
2.370000e-01  2.570353e-01
2.400000e-01  2.559334e-01
2.430000e-01  2.548477e-01
2.460000e-01  2.537777e-01
2.490000e-01  2.527231e-01
2.520000e-01  2.516833e-01
2.550000e-01  2.506581e-01
2.580000e-01  2.496471e-01
2.610000e-01  2.486498e-01
2.640000e-01  2.476660e-01
2.670000e-01  2.466953e-01
2.700000e-01  2.457374e-01
2.730000e-01  2.447919e-01
2.760000e-01  2.438587e-01
2.790000e-01  2.429373e-01
2.820000e-01  2.420275e-01
2.850000e-01  2.411290e-01
2.880000e-01  2.402417e-01
2.910000e-01  2.393651e-01
2.940000e-01  2.384991e-01
2.970000e-01  2.376434e-01
3.000000e-01  2.367979e-01
3.030000e-01  2.359622e-01
3.060000e-01  2.351362e-01
3.090000e-01  2.343196e-01
3.120000e-01  2.335123e-01
3.150000e-01  2.327141e-01
3.180000e-01  2.319247e-01
3.210000e-01  2.311440e-01
3.240000e-01  2.303719e-01
3.270000e-01  2.296080e-01
3.300000e-01  2.288523e-01
3.330000e-01  2.281046e-01
3.360000e-01  2.273648e-01
3.390000e-01  2.266327e-01
3.420000e-01  2.259080e-01
3.450000e-01  2.251908e-01
3.480000e-01  2.244808e-01
3.510000e-01  2.237780e-01
3.540000e-01  2.230821e-01
3.570000e-01  2.223930e-01
3.600000e-01  2.217107e-01
3.630000e-01  2.210350e-01
3.660000e-01  2.203657e-01
3.690000e-01  2.197028e-01
3.720000e-01  2.190462e-01
3.750000e-01  2.183957e-01
3.780000e-01  2.177512e-01
3.810000e-01  2.171126e-01
3.840000e-01  2.164798e-01
3.870000e-01  2.158528e-01
3.900000e-01  2.152313e-01
3.930000e-01  2.146154e-01
3.960000e-01  2.140049e-01
3.990000e-01  2.133998e-01
4.020000e-01  2.127999e-01
4.050000e-01  2.122051e-01
4.080000e-01  2.116155e-01
4.110000e-01  2.110308e-01
4.140000e-01  2.104510e-01
4.170000e-01  2.098761e-01
4.200000e-01  2.093059e-01
4.230000e-01  2.087404e-01
4.260000e-01  2.081795e-01
4.290000e-01  2.076232e-01
4.320000e-01  2.070713e-01
4.350000e-01  2.065238e-01
4.380000e-01  2.059806e-01
4.410000e-01  2.054417e-01
4.440000e-01  2.049070e-01
4.470000e-01  2.043764e-01
4.500000e-01  2.038499e-01
4.530000e-01  2.033274e-01
4.560000e-01  2.028089e-01
4.590000e-01  2.022942e-01
4.620000e-01  2.017834e-01
4.650000e-01  2.012764e-01
4.680000e-01  2.007731e-01
4.710000e-01  2.002735e-01
4.740000e-01  1.997775e-01
4.770000e-01  1.992851e-01
4.800000e-01  1.987962e-01
4.830000e-01  1.983108e-01
4.860000e-01  1.978288e-01
4.890000e-01  1.973502e-01
4.920000e-01  1.968749e-01
4.950000e-01  1.964029e-01
4.980000e-01  1.959341e-01
5.010000e-01  1.954686e-01
5.040000e-01  1.950062e-01
5.070000e-01  1.945469e-01
5.100000e-01  1.940907e-01
5.130000e-01  1.936375e-01
5.160000e-01  1.931873e-01
5.190000e-01  1.927401e-01
5.220000e-01  1.922957e-01
5.250000e-01  1.918543e-01
5.280000e-01  1.914157e-01
5.310000e-01  1.909799e-01
5.340000e-01  1.905469e-01
5.370000e-01  1.901166e-01
5.400000e-01  1.896890e-01
5.430000e-01  1.892641e-01
5.460000e-01  1.888418e-01
5.490000e-01  1.884221e-01
5.520000e-01  1.880050e-01
5.550000e-01  1.875904e-01
5.580000e-01  1.871783e-01
5.610000e-01  1.867687e-01
5.640000e-01  1.863616e-01
5.670000e-01  1.859568e-01
5.700000e-01  1.855545e-01
5.730000e-01  1.851545e-01
5.760000e-01  1.847569e-01
5.790000e-01  1.843615e-01
5.820000e-01  1.839685e-01
5.850000e-01  1.835777e-01
5.880000e-01  1.831891e-01
5.910000e-01  1.828027e-01
5.940000e-01  1.824185e-01
5.970000e-01  1.820365e-01
6.000000e-01  1.816565e-01
6.030000e-01  1.812787e-01
6.060000e-01  1.809030e-01
6.090000e-01  1.805293e-01
6.120000e-01  1.801577e-01
6.150000e-01  1.797880e-01
6.180000e-01  1.794204e-01
6.210000e-01  1.790547e-01
6.240000e-01  1.786909e-01
6.270000e-01  1.783291e-01
6.300000e-01  1.779692e-01
6.330000e-01  1.776112e-01
6.360000e-01  1.772550e-01
6.390000e-01  1.769007e-01
6.420000e-01  1.765482e-01
6.450000e-01  1.761975e-01
6.480000e-01  1.758486e-01
6.510000e-01  1.755015e-01
6.540000e-01  1.751561e-01
6.570000e-01  1.748124e-01
6.600000e-01  1.744705e-01
6.630000e-01  1.741303e-01
6.660000e-01  1.737917e-01
6.690000e-01  1.734548e-01
6.720000e-01  1.731195e-01
6.750000e-01  1.727858e-01
6.780000e-01  1.724538e-01
6.810000e-01  1.721234e-01
6.840000e-01  1.717945e-01
6.870000e-01  1.714672e-01
6.900000e-01  1.711414e-01
6.930000e-01  1.708172e-01
6.960000e-01  1.704945e-01
6.990000e-01  1.701733e-01
7.020000e-01  1.698536e-01
7.050000e-01  1.695353e-01
7.080000e-01  1.692185e-01
7.110000e-01  1.689031e-01
7.140000e-01  1.685892e-01
7.170000e-01  1.682767e-01
7.200000e-01  1.679656e-01
7.230000e-01  1.676559e-01
7.260000e-01  1.673476e-01
7.290000e-01  1.670406e-01
7.320000e-01  1.667350e-01
7.350000e-01  1.664307e-01
7.380000e-01  1.661277e-01
7.410000e-01  1.658260e-01
7.440000e-01  1.655257e-01
7.470000e-01  1.652266e-01
7.500000e-01  1.649288e-01
7.530000e-01  1.646323e-01
7.560000e-01  1.643370e-01
7.590000e-01  1.640430e-01
7.620000e-01  1.637502e-01
7.650000e-01  1.634586e-01
7.680000e-01  1.631682e-01
7.710000e-01  1.628791e-01
7.740000e-01  1.625911e-01
7.770000e-01  1.623042e-01
7.800000e-01  1.620186e-01
7.830000e-01  1.617341e-01
7.860000e-01  1.614507e-01
7.890000e-01  1.611685e-01
7.920000e-01  1.608874e-01
7.950000e-01  1.606074e-01
7.980000e-01  1.603286e-01
8.010000e-01  1.600508e-01
8.040000e-01  1.597741e-01
8.070000e-01  1.594985e-01
8.100000e-01  1.592239e-01
8.130000e-01  1.589504e-01
8.160000e-01  1.586780e-01
8.190000e-01  1.584065e-01
8.220000e-01  1.581362e-01
8.250000e-01  1.578668e-01
8.280000e-01  1.575985e-01
8.310000e-01  1.573311e-01
8.340000e-01  1.570648e-01
8.370000e-01  1.567994e-01
8.400000e-01  1.565351e-01
8.430000e-01  1.562716e-01
8.460000e-01  1.560092e-01
8.490000e-01  1.557477e-01
8.520000e-01  1.554872e-01
8.550000e-01  1.552276e-01
8.580000e-01  1.549689e-01
8.610000e-01  1.547111e-01
8.640000e-01  1.544543e-01
8.670000e-01  1.541984e-01
8.700000e-01  1.539434e-01
8.730000e-01  1.536892e-01
8.760000e-01  1.534360e-01
8.790000e-01  1.531836e-01
8.820000e-01  1.529321e-01
8.850000e-01  1.526815e-01
8.880000e-01  1.524317e-01
8.910000e-01  1.521828e-01
8.940000e-01  1.519348e-01
8.970000e-01  1.516875e-01
9.000000e-01  1.514411e-01
9.030000e-01  1.511955e-01
9.060000e-01  1.509508e-01
9.090000e-01  1.507068e-01
9.120000e-01  1.504637e-01
9.150000e-01  1.502213e-01
9.180000e-01  1.499798e-01
9.210000e-01  1.497390e-01
9.240000e-01  1.494990e-01
9.270000e-01  1.492598e-01
9.300000e-01  1.490214e-01
9.330000e-01  1.487837e-01
9.360000e-01  1.485467e-01
9.390000e-01  1.483106e-01
9.420000e-01  1.480751e-01
9.450000e-01  1.478404e-01
9.480000e-01  1.476065e-01
9.510000e-01  1.473732e-01
9.540000e-01  1.471407e-01
9.570000e-01  1.469089e-01
9.600000e-01  1.466778e-01
9.630000e-01  1.464474e-01
9.660000e-01  1.462178e-01
9.690000e-01  1.459888e-01
9.720000e-01  1.457605e-01
9.750000e-01  1.455329e-01
9.780000e-01  1.453059e-01
9.810000e-01  1.450796e-01
9.840000e-01  1.448541e-01
9.870000e-01  1.446291e-01
9.900000e-01  1.444048e-01
9.930000e-01  1.441812e-01
9.960000e-01  1.439583e-01
9.990000e-01  1.437359e-01
