000000  000001
3.000000e-03  8.239411e-01
6.000000e-03  7.422204e-01
9.000000e-03  6.895015e-01
1.200000e-02  6.509866e-01
1.500000e-02  6.208732e-01
1.800000e-02  5.962901e-01
2.100000e-02  5.756101e-01
2.400000e-02  5.578240e-01
2.700000e-02  5.422641e-01
3.000000e-02  5.284664e-01
3.300000e-02  5.160958e-01
3.600000e-02  5.049031e-01
3.900000e-02  4.946977e-01
4.200000e-02  4.853309e-01
4.500000e-02  4.766847e-01
4.800000e-02  4.686636e-01
5.100000e-02  4.611896e-01
5.400000e-02  4.541983e-01
5.700000e-02  4.476354e-01
6.000000e-02  4.414554e-01
6.300000e-02  4.356193e-01
6.600000e-02  4.300937e-01
6.900000e-02  4.248498e-01
7.200000e-02  4.198622e-01
7.500000e-02  4.151091e-01
7.800000e-02  4.105711e-01
8.100000e-02  4.062311e-01
8.400000e-02  4.020738e-01
8.700000e-02  3.980857e-01
9.000000e-02  3.942546e-01
9.300000e-02  3.905695e-01
9.600000e-02  3.870208e-01
9.900000e-02  3.835993e-01
1.020000e-01  3.802970e-01
1.050000e-01  3.771066e-01
1.080000e-01  3.740212e-01
1.110000e-01  3.710349e-01
1.140000e-01  3.681419e-01
1.170000e-01  3.653369e-01
1.200000e-01  3.626153e-01
1.230000e-01  3.599727e-01
1.260000e-01  3.574049e-01
1.290000e-01  3.549081e-01
1.320000e-01  3.524789e-01
1.350000e-01  3.501140e-01
1.380000e-01  3.478103e-01
1.410000e-01  3.455650e-01
1.440000e-01  3.433755e-01
1.470000e-01  3.412392e-01
1.500000e-01  3.391539e-01
1.530000e-01  3.371173e-01
1.560000e-01  3.351275e-01
1.590000e-01  3.331824e-01
1.620000e-01  3.312804e-01
1.650000e-01  3.294196e-01
1.680000e-01  3.275984e-01
1.710000e-01  3.258155e-01
1.740000e-01  3.240692e-01
1.770000e-01  3.223583e-01
1.800000e-01  3.206814e-01
1.830000e-01  3.190373e-01
1.860000e-01  3.174249e-01
1.890000e-01  3.158431e-01
1.920000e-01  3.142909e-01
1.950000e-01  3.127671e-01
1.980000e-01  3.112710e-01
2.010000e-01  3.098015e-01
2.040000e-01  3.083578e-01
2.070000e-01  3.069391e-01
2.100000e-01  3.055447e-01
2.130000e-01  3.041737e-01
2.160000e-01  3.028255e-01
2.190000e-01  3.014993e-01
2.220000e-01  3.001945e-01
2.250000e-01  2.989106e-01
2.280000e-01  2.976468e-01
2.310000e-01  2.964026e-01
2.340000e-01  2.951775e-01
2.370000e-01  2.939709e-01
2.400000e-01  2.927823e-01
2.430000e-01  2.916112e-01
2.460000e-01  2.904572e-01
2.490000e-01  2.893198e-01
2.520000e-01  2.881986e-01
2.550000e-01  2.870931e-01
2.580000e-01  2.860029e-01
2.610000e-01  2.849278e-01
2.640000e-01  2.838672e-01
2.670000e-01  2.828208e-01
2.700000e-01  2.817883e-01
2.730000e-01  2.807694e-01
2.760000e-01  2.797636e-01
2.790000e-01  2.787708e-01
2.820000e-01  2.777905e-01
2.850000e-01  2.768226e-01
2.880000e-01  2.758667e-01
2.910000e-01  2.749225e-01
2.940000e-01  2.739899e-01
2.970000e-01  2.730684e-01
3.000000e-01  2.721580e-01
3.030000e-01  2.712582e-01
3.060000e-01  2.703690e-01
3.090000e-01  2.694901e-01
3.120000e-01  2.686213e-01
3.150000e-01  2.677623e-01
3.180000e-01  2.669129e-01
3.210000e-01  2.660730e-01
3.240000e-01  2.652424e-01
3.270000e-01  2.644208e-01
3.300000e-01  2.636081e-01
3.330000e-01  2.628041e-01
3.360000e-01  2.620087e-01
3.390000e-01  2.612216e-01
3.420000e-01  2.604427e-01
3.450000e-01  2.596719e-01
3.480000e-01  2.589090e-01
3.510000e-01  2.581539e-01
3.540000e-01  2.574063e-01
3.570000e-01  2.566662e-01
3.600000e-01  2.559334e-01
3.630000e-01  2.552078e-01
3.660000e-01  2.544893e-01
3.690000e-01  2.537777e-01
3.720000e-01  2.530730e-01
3.750000e-01  2.523749e-01
3.780000e-01  2.516833e-01
3.810000e-01  2.509983e-01
3.840000e-01  2.503196e-01
3.870000e-01  2.496471e-01
3.900000e-01  2.489807e-01
3.930000e-01  2.483204e-01
3.960000e-01  2.476660e-01
3.990000e-01  2.470174e-01
4.020000e-01  2.463746e-01
4.050000e-01  2.457374e-01
4.080000e-01  2.451057e-01
4.110000e-01  2.444795e-01
4.140000e-01  2.438587e-01
4.170000e-01  2.432431e-01
4.200000e-01  2.426327e-01
4.230000e-01  2.420275e-01
4.260000e-01  2.414273e-01
4.290000e-01  2.408320e-01
4.320000e-01  2.402417e-01
4.350000e-01  2.396561e-01
4.380000e-01  2.390753e-01
4.410000e-01  2.384991e-01
4.440000e-01  2.379275e-01
4.470000e-01  2.373605e-01
4.500000e-01  2.367979e-01
4.530000e-01  2.362397e-01
4.560000e-01  2.356858e-01
4.590000e-01  2.351362e-01
4.620000e-01  2.345908e-01
4.650000e-01  2.340495e-01
4.680000e-01  2.335123e-01
4.710000e-01  2.329792e-01
4.740000e-01  2.324500e-01
4.770000e-01  2.319247e-01
4.800000e-01  2.314033e-01
4.830000e-01  2.308857e-01
4.860000e-01  2.303719e-01
4.890000e-01  2.298617e-01
4.920000e-01  2.293552e-01
4.950000e-01  2.288523e-01
4.980000e-01  2.283530e-01
5.010000e-01  2.278572e-01
5.040000e-01  2.273648e-01
5.070000e-01  2.268759e-01
5.100000e-01  2.263903e-01
5.130000e-01  2.259080e-01
5.160000e-01  2.254291e-01
5.190000e-01  2.249534e-01
5.220000e-01  2.244808e-01
5.250000e-01  2.240115e-01
5.280000e-01  2.235452e-01
5.310000e-01  2.230821e-01
5.340000e-01  2.226220e-01
5.370000e-01  2.221649e-01
5.400000e-01  2.217107e-01
5.430000e-01  2.212595e-01
5.460000e-01  2.208112e-01
5.490000e-01  2.203657e-01
5.520000e-01  2.199231e-01
5.550000e-01  2.194833e-01
5.580000e-01  2.190462e-01
5.610000e-01  2.186118e-01
5.640000e-01  2.181802e-01
5.670000e-01  2.177512e-01
5.700000e-01  2.173248e-01
5.730000e-01  2.169010e-01
5.760000e-01  2.164798e-01
5.790000e-01  2.160612e-01
5.820000e-01  2.156450e-01
5.850000e-01  2.152313e-01
5.880000e-01  2.148201e-01
5.910000e-01  2.144113e-01
5.940000e-01  2.140049e-01
5.970000e-01  2.136009e-01
6.000000e-01  2.131992e-01
6.030000e-01  2.127999e-01
6.060000e-01  2.124028e-01
6.090000e-01  2.120080e-01
6.120000e-01  2.116155e-01
6.150000e-01  2.112251e-01
6.180000e-01  2.108370e-01
6.210000e-01  2.104510e-01
6.240000e-01  2.100672e-01
6.270000e-01  2.096855e-01
6.300000e-01  2.093059e-01
6.330000e-01  2.089284e-01
6.360000e-01  2.085529e-01
6.390000e-01  2.081795e-01
6.420000e-01  2.078081e-01
6.450000e-01  2.074387e-01
6.480000e-01  2.070713e-01
6.510000e-01  2.067058e-01
6.540000e-01  2.063422e-01
6.570000e-01  2.059806e-01
6.600000e-01  2.056209e-01
6.630000e-01  2.052630e-01
6.660000e-01  2.049070e-01
6.690000e-01  2.045528e-01
6.720000e-01  2.042004e-01
6.750000e-01  2.038499e-01
6.780000e-01  2.035011e-01
6.810000e-01  2.031541e-01
6.840000e-01  2.028089e-01
6.870000e-01  2.024654e-01
6.900000e-01  2.021235e-01
6.930000e-01  2.017834e-01
6.960000e-01  2.014450e-01
6.990000e-01  2.011082e-01
7.020000e-01  2.007731e-01
7.050000e-01  2.004397e-01
7.080000e-01  2.001078e-01
7.110000e-01  1.997775e-01
7.140000e-01  1.994489e-01
7.170000e-01  1.991218e-01
7.200000e-01  1.987962e-01
7.230000e-01  1.984722e-01
7.260000e-01  1.981498e-01
7.290000e-01  1.978288e-01
7.320000e-01  1.975093e-01
7.350000e-01  1.971914e-01
7.380000e-01  1.968749e-01
7.410000e-01  1.965599e-01
7.440000e-01  1.962463e-01
7.470000e-01  1.959341e-01
7.500000e-01  1.956234e-01
7.530000e-01  1.953141e-01
7.560000e-01  1.950062e-01
7.590000e-01  1.946996e-01
7.620000e-01  1.943945e-01
7.650000e-01  1.940907e-01
7.680000e-01  1.937882e-01
7.710000e-01  1.934871e-01
7.740000e-01  1.931873e-01
7.770000e-01  1.928888e-01
7.800000e-01  1.925916e-01
7.830000e-01  1.922957e-01
7.860000e-01  1.920011e-01
7.890000e-01  1.917078e-01
7.920000e-01  1.914157e-01
7.950000e-01  1.911249e-01
7.980000e-01  1.908353e-01
8.010000e-01  1.905469e-01
8.040000e-01  1.902597e-01
8.070000e-01  1.899737e-01
8.100000e-01  1.896890e-01
8.130000e-01  1.894054e-01
8.160000e-01  1.891230e-01
8.190000e-01  1.888418e-01
8.220000e-01  1.885617e-01
8.250000e-01  1.882828e-01
8.280000e-01  1.880050e-01
8.310000e-01  1.877283e-01
8.340000e-01  1.874528e-01
8.370000e-01  1.871783e-01
8.400000e-01  1.869050e-01
8.430000e-01  1.866327e-01
8.460000e-01  1.863616e-01
8.490000e-01  1.860915e-01
8.520000e-01  1.858225e-01
8.550000e-01  1.855545e-01
8.580000e-01  1.852876e-01
8.610000e-01  1.850217e-01
8.640000e-01  1.847569e-01
8.670000e-01  1.844930e-01
8.700000e-01  1.842303e-01
8.730000e-01  1.839685e-01
8.760000e-01  1.837077e-01
8.790000e-01  1.834479e-01
8.820000e-01  1.831891e-01
8.850000e-01  1.829313e-01
8.880000e-01  1.826744e-01
8.910000e-01  1.824185e-01
8.940000e-01  1.821636e-01
8.970000e-01  1.819096e-01
9.000000e-01  1.816565e-01
9.030000e-01  1.814044e-01
9.060000e-01  1.811533e-01
9.090000e-01  1.809030e-01
9.120000e-01  1.806536e-01
9.150000e-01  1.804052e-01
9.180000e-01  1.801577e-01
9.210000e-01  1.799110e-01
9.240000e-01  1.796652e-01
9.270000e-01  1.794204e-01
9.300000e-01  1.791764e-01
9.330000e-01  1.789332e-01
9.360000e-01  1.786909e-01
9.390000e-01  1.784495e-01
9.420000e-01  1.782089e-01
9.450000e-01  1.779692e-01
9.480000e-01  1.777303e-01
9.510000e-01  1.774923e-01
9.540000e-01  1.772550e-01
9.570000e-01  1.770186e-01
9.600000e-01  1.767830e-01
9.630000e-01  1.765482e-01
9.660000e-01  1.763142e-01
9.690000e-01  1.760810e-01
9.720000e-01  1.758486e-01
9.750000e-01  1.756170e-01
9.780000e-01  1.753862e-01
9.810000e-01  1.751561e-01
9.840000e-01  1.749268e-01
9.870000e-01  1.746983e-01
9.900000e-01  1.744705e-01
9.930000e-01  1.742435e-01
9.960000e-01  1.740172e-01
9.990000e-01  1.737917e-01
