000000  000001
3.000000e-03  8.007473e-01
6.000000e-03  7.153413e-01
9.000000e-03  6.615607e-01
1.200000e-02  6.227706e-01
1.500000e-02  5.926898e-01
1.800000e-02  5.682754e-01
2.100000e-02  5.478266e-01
2.400000e-02  5.302993e-01
2.700000e-02  5.150083e-01
3.000000e-02  5.014800e-01
3.300000e-02  4.893745e-01
3.600000e-02  4.784397e-01
3.900000e-02  4.684838e-01
4.200000e-02  4.593575e-01
4.500000e-02  4.509427e-01
4.800000e-02  4.431439e-01
5.100000e-02  4.358837e-01
5.400000e-02  4.290976e-01
5.700000e-02  4.227321e-01
6.000000e-02  4.167418e-01
6.300000e-02  4.110883e-01
6.600000e-02  4.057386e-01
6.900000e-02  4.006640e-01
7.200000e-02  3.958399e-01
7.500000e-02  3.912445e-01
7.800000e-02  3.868589e-01
8.100000e-02  3.826660e-01
8.400000e-02  3.786512e-01
8.700000e-02  3.748009e-01
9.000000e-02  3.711033e-01
9.300000e-02  3.675477e-01
9.600000e-02  3.641244e-01
9.900000e-02  3.608247e-01
1.020000e-01  3.576407e-01
1.050000e-01  3.545652e-01
1.080000e-01  3.515916e-01
1.110000e-01  3.487139e-01
1.140000e-01  3.459267e-01
1.170000e-01  3.432247e-01
1.200000e-01  3.406035e-01
1.230000e-01  3.380586e-01
1.260000e-01  3.355862e-01
1.290000e-01  3.331824e-01
1.320000e-01  3.308440e-01
1.350000e-01  3.285677e-01
1.380000e-01  3.263506e-01
1.410000e-01  3.241898e-01
1.440000e-01  3.220830e-01
1.470000e-01  3.200275e-01
1.500000e-01  3.180213e-01
1.530000e-01  3.160621e-01
1.560000e-01  3.141479e-01
1.590000e-01  3.122770e-01
1.620000e-01  3.104476e-01
1.650000e-01  3.086579e-01
1.680000e-01  3.069064e-01
1.710000e-01  3.051918e-01
1.740000e-01  3.035125e-01
1.770000e-01  3.018672e-01
1.800000e-01  3.002548e-01
1.830000e-01  2.986739e-01
1.860000e-01  2.971236e-01
1.890000e-01  2.956027e-01
1.920000e-01  2.941102e-01
1.950000e-01  2.926452e-01
1.980000e-01  2.912067e-01
2.010000e-01  2.897939e-01
2.040000e-01  2.884060e-01
2.070000e-01  2.870421e-01
2.100000e-01  2.857014e-01
2.130000e-01  2.843833e-01
2.160000e-01  2.830872e-01
2.190000e-01  2.818122e-01
2.220000e-01  2.805578e-01
2.250000e-01  2.793234e-01
2.280000e-01  2.781083e-01
2.310000e-01  2.769121e-01
2.340000e-01  2.757343e-01
2.370000e-01  2.745742e-01
2.400000e-01  2.734314e-01
2.430000e-01  2.723054e-01
2.460000e-01  2.711959e-01
2.490000e-01  2.701022e-01
2.520000e-01  2.690241e-01
2.550000e-01  2.679612e-01
2.580000e-01  2.669129e-01
2.610000e-01  2.658790e-01
2.640000e-01  2.648591e-01
2.670000e-01  2.638529e-01
2.700000e-01  2.628599e-01
2.730000e-01  2.618800e-01
2.760000e-01  2.609127e-01
2.790000e-01  2.599578e-01
2.820000e-01  2.590150e-01
2.850000e-01  2.580840e-01
2.880000e-01  2.571645e-01
2.910000e-01  2.562563e-01
2.940000e-01  2.553591e-01
2.970000e-01  2.544727e-01
3.000000e-01  2.535968e-01
3.030000e-01  2.527312e-01
3.060000e-01  2.518757e-01
3.090000e-01  2.510300e-01
3.120000e-01  2.501940e-01
3.150000e-01  2.493674e-01
3.180000e-01  2.485501e-01
3.210000e-01  2.477418e-01
3.240000e-01  2.469424e-01
3.270000e-01  2.461517e-01
3.300000e-01  2.453695e-01
3.330000e-01  2.445956e-01
3.360000e-01  2.438299e-01
3.390000e-01  2.430722e-01
3.420000e-01  2.423224e-01
3.450000e-01  2.415803e-01
3.480000e-01  2.408458e-01
3.510000e-01  2.401187e-01
3.540000e-01  2.393989e-01
3.570000e-01  2.386862e-01
3.600000e-01  2.379805e-01
3.630000e-01  2.372817e-01
3.660000e-01  2.365896e-01
3.690000e-01  2.359042e-01
3.720000e-01  2.352254e-01
3.750000e-01  2.345529e-01
3.780000e-01  2.338867e-01
3.810000e-01  2.332267e-01
3.840000e-01  2.325727e-01
3.870000e-01  2.319247e-01
3.900000e-01  2.312826e-01
3.930000e-01  2.306462e-01
3.960000e-01  2.300155e-01
3.990000e-01  2.293904e-01
4.020000e-01  2.287708e-01
4.050000e-01  2.281566e-01
4.080000e-01  2.275476e-01
4.110000e-01  2.269439e-01
4.140000e-01  2.263453e-01
4.170000e-01  2.257517e-01
4.200000e-01  2.251632e-01
4.230000e-01  2.245795e-01
4.260000e-01  2.240006e-01
4.290000e-01  2.234265e-01
4.320000e-01  2.228570e-01
4.350000e-01  2.222921e-01
4.380000e-01  2.217318e-01
4.410000e-01  2.211759e-01
4.440000e-01  2.206244e-01
4.470000e-01  2.200772e-01
4.500000e-01  2.195343e-01
4.530000e-01  2.189955e-01
4.560000e-01  2.184610e-01
4.590000e-01  2.179304e-01
4.620000e-01  2.174039e-01
4.650000e-01  2.168814e-01
4.680000e-01  2.163627e-01
4.710000e-01  2.158479e-01
4.740000e-01  2.153369e-01
4.770000e-01  2.148297e-01
4.800000e-01  2.143261e-01
4.830000e-01  2.138261e-01
4.860000e-01  2.133298e-01
4.890000e-01  2.128369e-01
4.920000e-01  2.123476e-01
4.950000e-01  2.118617e-01
4.980000e-01  2.113792e-01
5.010000e-01  2.109000e-01
5.040000e-01  2.104242e-01
5.070000e-01  2.099516e-01
5.100000e-01  2.094822e-01
5.130000e-01  2.090160e-01
5.160000e-01  2.085529e-01
5.190000e-01  2.080930e-01
5.220000e-01  2.076360e-01
5.250000e-01  2.071821e-01
5.280000e-01  2.067312e-01
5.310000e-01  2.062832e-01
5.340000e-01  2.058382e-01
5.370000e-01  2.053959e-01
5.400000e-01  2.049566e-01
5.430000e-01  2.045200e-01
5.460000e-01  2.040861e-01
5.490000e-01  2.036550e-01
5.520000e-01  2.032266e-01
5.550000e-01  2.028009e-01
5.580000e-01  2.023778e-01
5.610000e-01  2.019572e-01
5.640000e-01  2.015393e-01
5.670000e-01  2.011239e-01
5.700000e-01  2.007110e-01
5.730000e-01  2.003005e-01
5.760000e-01  1.998925e-01
5.790000e-01  1.994870e-01
5.820000e-01  1.990838e-01
5.850000e-01  1.986830e-01
5.880000e-01  1.982845e-01
5.910000e-01  1.978884e-01
5.940000e-01  1.974945e-01
5.970000e-01  1.971029e-01
6.000000e-01  1.967135e-01
6.030000e-01  1.963264e-01
6.060000e-01  1.959414e-01
6.090000e-01  1.955586e-01
6.120000e-01  1.951779e-01
6.150000e-01  1.947993e-01
6.180000e-01  1.944228e-01
6.210000e-01  1.940484e-01
6.240000e-01  1.936760e-01
6.270000e-01  1.933057e-01
6.300000e-01  1.929373e-01
6.330000e-01  1.925709e-01
6.360000e-01  1.922065e-01
6.390000e-01  1.918441e-01
6.420000e-01  1.914835e-01
6.450000e-01  1.911249e-01
6.480000e-01  1.907681e-01
6.510000e-01  1.904131e-01
6.540000e-01  1.900601e-01
6.570000e-01  1.897088e-01
6.600000e-01  1.893594e-01
6.630000e-01  1.890117e-01
6.660000e-01  1.886658e-01
6.690000e-01  1.883216e-01
6.720000e-01  1.879792e-01
6.750000e-01  1.876385e-01
6.780000e-01  1.872994e-01
6.810000e-01  1.869621e-01
6.840000e-01  1.866264e-01
6.870000e-01  1.862924e-01
6.900000e-01  1.859600e-01
6.930000e-01  1.856292e-01
6.960000e-01  1.853000e-01
6.990000e-01  1.849724e-01
7.020000e-01  1.846463e-01
7.050000e-01  1.843218e-01
7.080000e-01  1.839989e-01
7.110000e-01  1.836774e-01
7.140000e-01  1.833575e-01
7.170000e-01  1.830391e-01
7.200000e-01  1.827221e-01
7.230000e-01  1.824066e-01
7.260000e-01  1.820926e-01
7.290000e-01  1.817800e-01
7.320000e-01  1.814688e-01
7.350000e-01  1.811591e-01
7.380000e-01  1.808507e-01
7.410000e-01  1.805438e-01
7.440000e-01  1.802382e-01
7.470000e-01  1.799339e-01
7.500000e-01  1.796310e-01
7.530000e-01  1.793295e-01
7.560000e-01  1.790292e-01
7.590000e-01  1.787303e-01
7.620000e-01  1.784327e-01
7.650000e-01  1.781364e-01
7.680000e-01  1.778414e-01
7.710000e-01  1.775476e-01
7.740000e-01  1.772550e-01
7.770000e-01  1.769638e-01
7.800000e-01  1.766737e-01
7.830000e-01  1.763849e-01
7.860000e-01  1.760973e-01
7.890000e-01  1.758109e-01
7.920000e-01  1.755257e-01
7.950000e-01  1.752416e-01
7.980000e-01  1.749588e-01
8.010000e-01  1.746771e-01
8.040000e-01  1.743965e-01
8.070000e-01  1.741171e-01
8.100000e-01  1.738388e-01
8.130000e-01  1.735617e-01
8.160000e-01  1.732856e-01
8.190000e-01  1.730107e-01
8.220000e-01  1.727368e-01
8.250000e-01  1.724641e-01
8.280000e-01  1.721924e-01
8.310000e-01  1.719218e-01
8.340000e-01  1.716522e-01
8.370000e-01  1.713837e-01
8.400000e-01  1.711162e-01
8.430000e-01  1.708498e-01
8.460000e-01  1.705844e-01
8.490000e-01  1.703200e-01
8.520000e-01  1.700566e-01
8.550000e-01  1.697942e-01
8.580000e-01  1.695328e-01
8.610000e-01  1.692724e-01
8.640000e-01  1.690130e-01
8.670000e-01  1.687545e-01
8.700000e-01  1.684970e-01
8.730000e-01  1.682405e-01
8.760000e-01  1.679849e-01
8.790000e-01  1.677302e-01
8.820000e-01  1.674765e-01
8.850000e-01  1.672237e-01
8.880000e-01  1.669718e-01
8.910000e-01  1.667208e-01
8.940000e-01  1.664707e-01
8.970000e-01  1.662215e-01
9.000000e-01  1.659732e-01
9.030000e-01  1.657258e-01
9.060000e-01  1.654792e-01
9.090000e-01  1.652336e-01
9.120000e-01  1.649887e-01
9.150000e-01  1.647448e-01
9.180000e-01  1.645017e-01
9.210000e-01  1.642594e-01
9.240000e-01  1.640180e-01
9.270000e-01  1.637774e-01
9.300000e-01  1.635376e-01
9.330000e-01  1.632986e-01
9.360000e-01  1.630605e-01
9.390000e-01  1.628232e-01
9.420000e-01  1.625866e-01
9.450000e-01  1.623509e-01
9.480000e-01  1.621159e-01
9.510000e-01  1.618817e-01
9.540000e-01  1.616483e-01
9.570000e-01  1.614157e-01
9.600000e-01  1.611838e-01
9.630000e-01  1.609527e-01
9.660000e-01  1.607223e-01
9.690000e-01  1.604927e-01
9.720000e-01  1.602639e-01
9.750000e-01  1.600357e-01
9.780000e-01  1.598083e-01
9.810000e-01  1.595817e-01
9.840000e-01  1.593557e-01
9.870000e-01  1.591305e-01
9.900000e-01  1.589060e-01
9.930000e-01  1.586822e-01
9.960000e-01  1.584591e-01
9.990000e-01  1.582367e-01
