000000  000001
3.000000e-03  8.272507e-01
6.000000e-03  7.461320e-01
9.000000e-03  6.936063e-01
1.200000e-02  6.551558e-01
1.500000e-02  6.250540e-01
1.800000e-02  6.004580e-01
2.100000e-02  5.797528e-01
2.400000e-02  5.619355e-01
2.700000e-02  5.463414e-01
3.000000e-02  5.325083e-01
3.300000e-02  5.201023e-01
3.600000e-02  5.088745e-01
3.900000e-02  4.986347e-01
4.200000e-02  4.892345e-01
4.500000e-02  4.805559e-01
4.800000e-02  4.725035e-01
5.100000e-02  4.649993e-01
5.400000e-02  4.579787e-01
5.700000e-02  4.513877e-01
6.000000e-02  4.451805e-01
6.300000e-02  4.393181e-01
6.600000e-02  4.337671e-01
6.900000e-02  4.284986e-01
7.200000e-02  4.234874e-01
7.500000e-02  4.187114e-01
7.800000e-02  4.141513e-01
8.100000e-02  4.097897e-01
8.400000e-02  4.056116e-01
8.700000e-02  4.016033e-01
9.000000e-02  3.977527e-01
9.300000e-02  3.940486e-01
9.600000e-02  3.904814e-01
9.900000e-02  3.870420e-01
1.020000e-01  3.837223e-01
1.050000e-01  3.805149e-01
1.080000e-01  3.774131e-01
1.110000e-01  3.744107e-01
1.140000e-01  3.715020e-01
1.170000e-01  3.686818e-01
1.200000e-01  3.659453e-01
1.230000e-01  3.632882e-01
1.260000e-01  3.607062e-01
1.290000e-01  3.581956e-01
1.320000e-01  3.557529e-01
1.350000e-01  3.533748e-01
1.380000e-01  3.510582e-01
1.410000e-01  3.488003e-01
1.440000e-01  3.465984e-01
1.470000e-01  3.444501e-01
1.500000e-01  3.423530e-01
1.530000e-01  3.403048e-01
1.560000e-01  3.383036e-01
1.590000e-01  3.363475e-01
1.620000e-01  3.344346e-01
1.650000e-01  3.325631e-01
1.680000e-01  3.307315e-01
1.710000e-01  3.289383e-01
1.740000e-01  3.271820e-01
1.770000e-01  3.254612e-01
1.800000e-01  3.237746e-01
1.830000e-01  3.221211e-01
1.860000e-01  3.204993e-01
1.890000e-01  3.189084e-01
1.920000e-01  3.173471e-01
1.950000e-01  3.158145e-01
1.980000e-01  3.143096e-01
2.010000e-01  3.128316e-01
2.040000e-01  3.113795e-01
2.070000e-01  3.099526e-01
2.100000e-01  3.085500e-01
2.130000e-01  3.071710e-01
2.160000e-01  3.058149e-01
2.190000e-01  3.044810e-01
2.220000e-01  3.031686e-01
2.250000e-01  3.018771e-01
2.280000e-01  3.006060e-01
2.310000e-01  2.993545e-01
2.340000e-01  2.981222e-01
2.370000e-01  2.969086e-01
2.400000e-01  2.957130e-01
2.430000e-01  2.945351e-01
2.460000e-01  2.933744e-01
2.490000e-01  2.922303e-01
2.520000e-01  2.911025e-01
2.550000e-01  2.899906e-01
2.580000e-01  2.888940e-01
2.610000e-01  2.878126e-01
2.640000e-01  2.867458e-01
2.670000e-01  2.856933e-01
2.700000e-01  2.846548e-01
2.730000e-01  2.836299e-01
2.760000e-01  2.826183e-01
2.790000e-01  2.816196e-01
2.820000e-01  2.806337e-01
2.850000e-01  2.796601e-01
2.880000e-01  2.786986e-01
2.910000e-01  2.777490e-01
2.940000e-01  2.768109e-01
2.970000e-01  2.758841e-01
3.000000e-01  2.749683e-01
3.030000e-01  2.740634e-01
3.060000e-01  2.731690e-01
3.090000e-01  2.722850e-01
3.120000e-01  2.714111e-01
3.150000e-01  2.705471e-01
3.180000e-01  2.696929e-01
3.210000e-01  2.688481e-01
3.240000e-01  2.680127e-01
3.270000e-01  2.671863e-01
3.300000e-01  2.663690e-01
3.330000e-01  2.655604e-01
3.360000e-01  2.647603e-01
3.390000e-01  2.639687e-01
3.420000e-01  2.631854e-01
3.450000e-01  2.624102e-01
3.480000e-01  2.616429e-01
3.510000e-01  2.608834e-01
3.540000e-01  2.601316e-01
3.570000e-01  2.593872e-01
3.600000e-01  2.586503e-01
3.630000e-01  2.579206e-01
3.660000e-01  2.571979e-01
3.690000e-01  2.564823e-01
3.720000e-01  2.557735e-01
3.750000e-01  2.550715e-01
3.780000e-01  2.543760e-01
3.810000e-01  2.536871e-01
3.840000e-01  2.530045e-01
3.870000e-01  2.523283e-01
3.900000e-01  2.516582e-01
3.930000e-01  2.509941e-01
3.960000e-01  2.503360e-01
3.990000e-01  2.496838e-01
4.020000e-01  2.490374e-01
4.050000e-01  2.483966e-01
4.080000e-01  2.477614e-01
4.110000e-01  2.471317e-01
4.140000e-01  2.465074e-01
4.170000e-01  2.458884e-01
4.200000e-01  2.452746e-01
4.230000e-01  2.446660e-01
4.260000e-01  2.440625e-01
4.290000e-01  2.434640e-01
4.320000e-01  2.428703e-01
4.350000e-01  2.422815e-01
4.380000e-01  2.416975e-01
4.410000e-01  2.411181e-01
4.440000e-01  2.405434e-01
4.470000e-01  2.399733e-01
4.500000e-01  2.394076e-01
4.530000e-01  2.388463e-01
4.560000e-01  2.382894e-01
4.590000e-01  2.377368e-01
4.620000e-01  2.371885e-01
4.650000e-01  2.366443e-01
4.680000e-01  2.361042e-01
4.710000e-01  2.355681e-01
4.740000e-01  2.350361e-01
4.770000e-01  2.345080e-01
4.800000e-01  2.339838e-01
4.830000e-01  2.334634e-01
4.860000e-01  2.329468e-01
4.890000e-01  2.324339e-01
4.920000e-01  2.319247e-01
4.950000e-01  2.314191e-01
4.980000e-01  2.309172e-01
5.010000e-01  2.304187e-01
5.040000e-01  2.299237e-01
5.070000e-01  2.294322e-01
5.100000e-01  2.289441e-01
5.130000e-01  2.284593e-01
5.160000e-01  2.279778e-01
5.190000e-01  2.274995e-01
5.220000e-01  2.270246e-01
5.250000e-01  2.265528e-01
5.280000e-01  2.260841e-01
5.310000e-01  2.256185e-01
5.340000e-01  2.251560e-01
5.370000e-01  2.246965e-01
5.400000e-01  2.242400e-01
5.430000e-01  2.237865e-01
5.460000e-01  2.233359e-01
5.490000e-01  2.228881e-01
5.520000e-01  2.224432e-01
5.550000e-01  2.220011e-01
5.580000e-01  2.215618e-01
5.610000e-01  2.211253e-01
5.640000e-01  2.206914e-01
5.670000e-01  2.202602e-01
5.700000e-01  2.198317e-01
5.730000e-01  2.194058e-01
5.760000e-01  2.189824e-01
5.790000e-01  2.185617e-01
5.820000e-01  2.181434e-01
5.850000e-01  2.177277e-01
5.880000e-01  2.173144e-01
5.910000e-01  2.169036e-01
5.940000e-01  2.164952e-01
5.970000e-01  2.160892e-01
6.000000e-01  2.156855e-01
6.030000e-01  2.152842e-01
6.060000e-01  2.148851e-01
6.090000e-01  2.144884e-01
6.120000e-01  2.140939e-01
6.150000e-01  2.137017e-01
6.180000e-01  2.133117e-01
6.210000e-01  2.129238e-01
6.240000e-01  2.125381e-01
6.270000e-01  2.121546e-01
6.300000e-01  2.117732e-01
6.330000e-01  2.113938e-01
6.360000e-01  2.110166e-01
6.390000e-01  2.106414e-01
6.420000e-01  2.102682e-01
6.450000e-01  2.098970e-01
6.480000e-01  2.095279e-01
6.510000e-01  2.091606e-01
6.540000e-01  2.087954e-01
6.570000e-01  2.084320e-01
6.600000e-01  2.080706e-01
6.630000e-01  2.077111e-01
6.660000e-01  2.073534e-01
6.690000e-01  2.069976e-01
6.720000e-01  2.066436e-01
6.750000e-01  2.062914e-01
6.780000e-01  2.059410e-01
6.810000e-01  2.055924e-01
6.840000e-01  2.052456e-01
6.870000e-01  2.049005e-01
6.900000e-01  2.045571e-01
6.930000e-01  2.042155e-01
6.960000e-01  2.038755e-01
6.990000e-01  2.035372e-01
7.020000e-01  2.032006e-01
7.050000e-01  2.028656e-01
7.080000e-01  2.025323e-01
7.110000e-01  2.022005e-01
7.140000e-01  2.018704e-01
7.170000e-01  2.015418e-01
7.200000e-01  2.012148e-01
7.230000e-01  2.008894e-01
7.260000e-01  2.005655e-01
7.290000e-01  2.002432e-01
7.320000e-01  1.999223e-01
7.350000e-01  1.996030e-01
7.380000e-01  1.992851e-01
7.410000e-01  1.989687e-01
7.440000e-01  1.986538e-01
7.470000e-01  1.983403e-01
7.500000e-01  1.980282e-01
7.530000e-01  1.977176e-01
7.560000e-01  1.974084e-01
7.590000e-01  1.971005e-01
7.620000e-01  1.967941e-01
7.650000e-01  1.964890e-01
7.680000e-01  1.961853e-01
7.710000e-01  1.958829e-01
7.740000e-01  1.955818e-01
7.770000e-01  1.952821e-01
7.800000e-01  1.949837e-01
7.830000e-01  1.946866e-01
7.860000e-01  1.943908e-01
7.890000e-01  1.940962e-01
7.920000e-01  1.938029e-01
7.950000e-01  1.935109e-01
7.980000e-01  1.932201e-01
8.010000e-01  1.929306e-01
8.040000e-01  1.926423e-01
8.070000e-01  1.923552e-01
8.100000e-01  1.920693e-01
8.130000e-01  1.917846e-01
8.160000e-01  1.915010e-01
8.190000e-01  1.912187e-01
8.220000e-01  1.909375e-01
8.250000e-01  1.906575e-01
8.280000e-01  1.903786e-01
8.310000e-01  1.901009e-01
8.340000e-01  1.898243e-01
8.370000e-01  1.895488e-01
8.400000e-01  1.892744e-01
8.430000e-01  1.890011e-01
8.460000e-01  1.887289e-01
8.490000e-01  1.884578e-01
8.520000e-01  1.881878e-01
8.550000e-01  1.879188e-01
8.580000e-01  1.876509e-01
8.610000e-01  1.873840e-01
8.640000e-01  1.871182e-01
8.670000e-01  1.868534e-01
8.700000e-01  1.865897e-01
8.730000e-01  1.863269e-01
8.760000e-01  1.860652e-01
8.790000e-01  1.858044e-01
8.820000e-01  1.855447e-01
8.850000e-01  1.852860e-01
8.880000e-01  1.850282e-01
8.910000e-01  1.847714e-01
8.940000e-01  1.845155e-01
8.970000e-01  1.842607e-01
9.000000e-01  1.840067e-01
9.030000e-01  1.837537e-01
9.060000e-01  1.835017e-01
9.090000e-01  1.832506e-01
9.120000e-01  1.830003e-01
9.150000e-01  1.827511e-01
9.180000e-01  1.825027e-01
9.210000e-01  1.822552e-01
9.240000e-01  1.820086e-01
9.270000e-01  1.817629e-01
9.300000e-01  1.815181e-01
9.330000e-01  1.812741e-01
9.360000e-01  1.810311e-01
9.390000e-01  1.807888e-01
9.420000e-01  1.805475e-01
9.450000e-01  1.803070e-01
9.480000e-01  1.800673e-01
9.510000e-01  1.798285e-01
9.540000e-01  1.795905e-01
9.570000e-01  1.793533e-01
9.600000e-01  1.791170e-01
9.630000e-01  1.788814e-01
9.660000e-01  1.786467e-01
9.690000e-01  1.784128e-01
9.720000e-01  1.781797e-01
9.750000e-01  1.779473e-01
9.780000e-01  1.777158e-01
9.810000e-01  1.774850e-01
9.840000e-01  1.772550e-01
9.870000e-01  1.770258e-01
9.900000e-01  1.767974e-01
9.930000e-01  1.765697e-01
9.960000e-01  1.763427e-01
9.990000e-01  1.761165e-01
