000000  000001
3.000000e-03  6.706085e-01
6.000000e-03  5.772819e-01
9.000000e-03  5.237432e-01
1.200000e-02  4.869052e-01
1.500000e-02  4.591674e-01
1.800000e-02  4.371106e-01
2.100000e-02  4.189145e-01
2.400000e-02  4.035000e-01
2.700000e-02  3.901774e-01
3.000000e-02  3.784804e-01
3.300000e-02  3.680800e-01
3.600000e-02  3.587355e-01
3.900000e-02  3.502663e-01
4.200000e-02  3.425333e-01
4.500000e-02  3.354273e-01
4.800000e-02  3.288612e-01
5.100000e-02  3.227642e-01
5.400000e-02  3.170785e-01
5.700000e-02  3.117559e-01
6.000000e-02  3.067559e-01
6.300000e-02  3.020444e-01
6.600000e-02  2.975923e-01
6.900000e-02  2.933744e-01
7.200000e-02  2.893689e-01
7.500000e-02  2.855571e-01
7.800000e-02  2.819222e-01
8.100000e-02  2.784498e-01
8.400000e-02  2.751268e-01
8.700000e-02  2.719418e-01
9.000000e-02  2.688846e-01
9.300000e-02  2.659460e-01
9.600000e-02  2.631177e-01
9.900000e-02  2.603922e-01
1.020000e-01  2.577629e-01
1.050000e-01  2.552235e-01
1.080000e-01  2.527686e-01
1.110000e-01  2.503930e-01
1.140000e-01  2.480921e-01
1.170000e-01  2.458616e-01
1.200000e-01  2.436976e-01
1.230000e-01  2.415964e-01
1.260000e-01  2.395547e-01
1.290000e-01  2.375695e-01
1.320000e-01  2.356378e-01
1.350000e-01  2.337571e-01
1.380000e-01  2.319247e-01
1.410000e-01  2.301385e-01
1.440000e-01  2.283963e-01
1.470000e-01  2.266960e-01
1.500000e-01  2.250359e-01
1.530000e-01  2.234140e-01
1.560000e-01  2.218289e-01
1.590000e-01  2.202789e-01
1.620000e-01  2.187626e-01
1.650000e-01  2.172786e-01
1.680000e-01  2.158256e-01
1.710000e-01  2.144025e-01
1.740000e-01  2.130079e-01
1.770000e-01  2.116410e-01
1.800000e-01  2.103006e-01
1.830000e-01  2.089857e-01
1.860000e-01  2.076955e-01
1.890000e-01  2.064290e-01
1.920000e-01  2.051854e-01
1.950000e-01  2.039640e-01
1.980000e-01  2.027640e-01
2.010000e-01  2.015846e-01
2.040000e-01  2.004252e-01
2.070000e-01  1.992851e-01
2.100000e-01  1.981637e-01
2.130000e-01  1.970605e-01
2.160000e-01  1.959748e-01
2.190000e-01  1.949061e-01
2.220000e-01  1.938539e-01
2.250000e-01  1.928176e-01
2.280000e-01  1.917969e-01
2.310000e-01  1.907913e-01
2.340000e-01  1.898003e-01
2.370000e-01  1.888235e-01
2.400000e-01  1.878605e-01
2.430000e-01  1.869109e-01
2.460000e-01  1.859744e-01
2.490000e-01  1.850506e-01
2.520000e-01  1.841391e-01
2.550000e-01  1.832397e-01
2.580000e-01  1.823519e-01
2.610000e-01  1.814756e-01
2.640000e-01  1.806104e-01
2.670000e-01  1.797560e-01
2.700000e-01  1.789121e-01
2.730000e-01  1.780786e-01
2.760000e-01  1.772550e-01
2.790000e-01  1.764413e-01
2.820000e-01  1.756371e-01
2.850000e-01  1.748423e-01
2.880000e-01  1.740565e-01
2.910000e-01  1.732796e-01
2.940000e-01  1.725114e-01
2.970000e-01  1.717517e-01
3.000000e-01  1.710003e-01
3.030000e-01  1.702569e-01
3.060000e-01  1.695215e-01
3.090000e-01  1.687938e-01
3.120000e-01  1.680737e-01
3.150000e-01  1.673609e-01
3.180000e-01  1.666555e-01
3.210000e-01  1.659570e-01
3.240000e-01  1.652656e-01
3.270000e-01  1.645809e-01
3.300000e-01  1.639028e-01
3.330000e-01  1.632313e-01
3.360000e-01  1.625661e-01
3.390000e-01  1.619071e-01
3.420000e-01  1.612543e-01
3.450000e-01  1.606074e-01
3.480000e-01  1.599665e-01
3.510000e-01  1.593312e-01
3.540000e-01  1.587016e-01
3.570000e-01  1.580775e-01
3.600000e-01  1.574589e-01
3.630000e-01  1.568455e-01
3.660000e-01  1.562374e-01
3.690000e-01  1.556343e-01
3.720000e-01  1.550363e-01
3.750000e-01  1.544432e-01
3.780000e-01  1.538549e-01
3.810000e-01  1.532713e-01
3.840000e-01  1.526924e-01
3.870000e-01  1.521180e-01
3.900000e-01  1.515482e-01
3.930000e-01  1.509826e-01
3.960000e-01  1.504215e-01
3.990000e-01  1.498645e-01
4.020000e-01  1.493117e-01
4.050000e-01  1.487630e-01
4.080000e-01  1.482183e-01
4.110000e-01  1.476776e-01
4.140000e-01  1.471407e-01
4.170000e-01  1.466076e-01
4.200000e-01  1.460783e-01
4.230000e-01  1.455526e-01
4.260000e-01  1.450306e-01
4.290000e-01  1.445120e-01
4.320000e-01  1.439970e-01
4.350000e-01  1.434854e-01
4.380000e-01  1.429771e-01
4.410000e-01  1.424722e-01
4.440000e-01  1.419705e-01
4.470000e-01  1.414720e-01
4.500000e-01  1.409767e-01
4.530000e-01  1.404844e-01
4.560000e-01  1.399952e-01
4.590000e-01  1.395090e-01
4.620000e-01  1.390257e-01
4.650000e-01  1.385453e-01
4.680000e-01  1.380677e-01
4.710000e-01  1.375930e-01
4.740000e-01  1.371210e-01
4.770000e-01  1.366517e-01
4.800000e-01  1.361850e-01
4.830000e-01  1.357210e-01
4.860000e-01  1.352595e-01
4.890000e-01  1.348006e-01
4.920000e-01  1.343441e-01
4.950000e-01  1.338901e-01
4.980000e-01  1.334386e-01
5.010000e-01  1.329893e-01
5.040000e-01  1.325424e-01
5.070000e-01  1.320978e-01
5.100000e-01  1.316555e-01
5.130000e-01  1.312154e-01
5.160000e-01  1.307774e-01
5.190000e-01  1.303416e-01
5.220000e-01  1.299079e-01
5.250000e-01  1.294763e-01
5.280000e-01  1.290467e-01
5.310000e-01  1.286192e-01
5.340000e-01  1.281936e-01
5.370000e-01  1.277699e-01
5.400000e-01  1.273482e-01
5.430000e-01  1.269283e-01
5.460000e-01  1.265103e-01
5.490000e-01  1.260941e-01
5.520000e-01  1.256797e-01
5.550000e-01  1.252670e-01
5.580000e-01  1.248561e-01
5.610000e-01  1.244468e-01
5.640000e-01  1.240393e-01
5.670000e-01  1.236333e-01
5.700000e-01  1.232290e-01
5.730000e-01  1.228263e-01
5.760000e-01  1.224251e-01
5.790000e-01  1.220254e-01
5.820000e-01  1.216272e-01
5.850000e-01  1.212305e-01
5.880000e-01  1.208353e-01
5.910000e-01  1.204415e-01
5.940000e-01  1.200490e-01
5.970000e-01  1.196580e-01
6.000000e-01  1.192682e-01
6.030000e-01  1.188798e-01
6.060000e-01  1.184927e-01
6.090000e-01  1.181068e-01
6.120000e-01  1.177222e-01
6.150000e-01  1.173389e-01
6.180000e-01  1.169567e-01
6.210000e-01  1.165756e-01
6.240000e-01  1.161957e-01
6.270000e-01  1.158170e-01
6.300000e-01  1.154393e-01
6.330000e-01  1.150627e-01
6.360000e-01  1.146872e-01
6.390000e-01  1.143127e-01
6.420000e-01  1.139391e-01
6.450000e-01  1.135666e-01
6.480000e-01  1.131950e-01
6.510000e-01  1.128244e-01
6.540000e-01  1.124547e-01
6.570000e-01  1.120858e-01
6.600000e-01  1.117178e-01
6.630000e-01  1.113507e-01
6.660000e-01  1.109844e-01
6.690000e-01  1.106189e-01
6.720000e-01  1.102541e-01
6.750000e-01  1.098901e-01
6.780000e-01  1.095268e-01
6.810000e-01  1.091643e-01
6.840000e-01  1.088024e-01
6.870000e-01  1.084412e-01
6.900000e-01  1.080806e-01
6.930000e-01  1.077206e-01
6.960000e-01  1.073612e-01
6.990000e-01  1.070024e-01
7.020000e-01  1.066442e-01
7.050000e-01  1.062864e-01
7.080000e-01  1.059292e-01
7.110000e-01  1.055724e-01
7.140000e-01  1.052160e-01
7.170000e-01  1.048601e-01
7.200000e-01  1.045046e-01
7.230000e-01  1.041495e-01
7.260000e-01  1.037947e-01
7.290000e-01  1.034403e-01
7.320000e-01  1.030861e-01
7.350000e-01  1.027323e-01
7.380000e-01  1.023787e-01
7.410000e-01  1.020253e-01
7.440000e-01  1.016721e-01
7.470000e-01  1.013191e-01
7.500000e-01  1.009662e-01
7.530000e-01  1.006134e-01
7.560000e-01  1.002608e-01
7.590000e-01  9.990816e-02
7.620000e-01  000000
7.650000e-01  000000
7.680000e-01  000000
7.710000e-01  000000
7.740000e-01  000000
7.770000e-01  000000
7.800000e-01  000000
7.830000e-01  000000
7.860000e-01  000000
7.890000e-01  000000
7.920000e-01  000000
7.950000e-01  000000
7.980000e-01  000000
8.010000e-01  000000
8.040000e-01  000000
8.070000e-01  000000
8.100000e-01  000000
8.130000e-01  000000
8.160000e-01  000000
8.190000e-01  000000
8.220000e-01  000000
8.250000e-01  000000
8.280000e-01  000000
8.310000e-01  000000
8.340000e-01  000000
8.370000e-01  000000
8.400000e-01  000000
8.430000e-01  000000
8.460000e-01  000000
8.490000e-01  000000
8.520000e-01  000000
8.550000e-01  000000
8.580000e-01  000000
8.610000e-01  000000
8.640000e-01  000000
8.670000e-01  000000
8.700000e-01  000000
8.730000e-01  000000
8.760000e-01  000000
8.790000e-01  000000
8.820000e-01  000000
8.850000e-01  000000
8.880000e-01  000000
8.910000e-01  000000
8.940000e-01  000000
8.970000e-01  000000
9.000000e-01  000000
9.030000e-01  000000
9.060000e-01  000000
9.090000e-01  000000
9.120000e-01  000000
9.150000e-01  000000
9.180000e-01  000000
9.210000e-01  000000
9.240000e-01  000000
9.270000e-01  000000
9.300000e-01  000000
9.330000e-01  000000
9.360000e-01  000000
9.390000e-01  000000
9.420000e-01  000000
9.450000e-01  000000
9.480000e-01  000000
9.510000e-01  000000
9.540000e-01  000000
9.570000e-01  000000
9.600000e-01  000000
9.630000e-01  000000
9.660000e-01  000000
9.690000e-01  000000
9.720000e-01  000000
9.750000e-01  000000
9.780000e-01  000000
9.810000e-01  000000
9.840000e-01  000000
9.870000e-01  000000
9.900000e-01  000000
9.930000e-01  000000
9.960000e-01  000000
9.990000e-01  000000
