000000  000001
3.000000e-03  7.563835e-01
6.000000e-03  6.661644e-01
9.000000e-03  6.115005e-01
1.200000e-02  5.728505e-01
1.500000e-02  5.432533e-01
1.800000e-02  5.194423e-01
2.100000e-02  4.996299e-01
2.400000e-02  4.827352e-01
2.700000e-02  4.680568e-01
3.000000e-02  4.551148e-01
3.300000e-02  4.435671e-01
3.600000e-02  4.331616e-01
3.900000e-02  4.237074e-01
4.200000e-02  4.150570e-01
4.500000e-02  4.070936e-01
4.800000e-02  3.997239e-01
5.100000e-02  3.928717e-01
5.400000e-02  3.864743e-01
5.700000e-02  3.804795e-01
6.000000e-02  3.748433e-01
6.300000e-02  3.695283e-01
6.600000e-02  3.645027e-01
6.900000e-02  3.597389e-01
7.200000e-02  3.552130e-01
7.500000e-02  3.509042e-01
7.800000e-02  3.467941e-01
8.100000e-02  3.428667e-01
8.400000e-02  3.391076e-01
8.700000e-02  3.355040e-01
9.000000e-02  3.320447e-01
9.300000e-02  3.287193e-01
9.600000e-02  3.255186e-01
9.900000e-02  3.224344e-01
1.020000e-01  3.194591e-01
1.050000e-01  3.165859e-01
1.080000e-01  3.138085e-01
1.110000e-01  3.111212e-01
1.140000e-01  3.085188e-01
1.170000e-01  3.059964e-01
1.200000e-01  3.035498e-01
1.230000e-01  3.011748e-01
1.260000e-01  2.988676e-01
1.290000e-01  2.966248e-01
1.320000e-01  2.944432e-01
1.350000e-01  2.923197e-01
1.380000e-01  2.902515e-01
1.410000e-01  2.882361e-01
1.440000e-01  2.862710e-01
1.470000e-01  2.843540e-01
1.500000e-01  2.824829e-01
1.530000e-01  2.806557e-01
1.560000e-01  2.788706e-01
1.590000e-01  2.771258e-01
1.620000e-01  2.754197e-01
1.650000e-01  2.737507e-01
1.680000e-01  2.721173e-01
1.710000e-01  2.705182e-01
1.740000e-01  2.689520e-01
1.770000e-01  2.674175e-01
1.800000e-01  2.659136e-01
1.830000e-01  2.644391e-01
1.860000e-01  2.629930e-01
1.890000e-01  2.615743e-01
1.920000e-01  2.601820e-01
1.950000e-01  2.588153e-01
1.980000e-01  2.574732e-01
2.010000e-01  2.561550e-01
2.040000e-01  2.548598e-01
2.070000e-01  2.535870e-01
2.100000e-01  2.523358e-01
2.130000e-01  2.511056e-01
2.160000e-01  2.498957e-01
2.190000e-01  2.487055e-01
2.220000e-01  2.475344e-01
2.250000e-01  2.463818e-01
2.280000e-01  2.452472e-01
2.310000e-01  2.441301e-01
2.340000e-01  2.430299e-01
2.370000e-01  2.419463e-01
2.400000e-01  2.408787e-01
2.430000e-01  2.398267e-01
2.460000e-01  2.387898e-01
2.490000e-01  2.377678e-01
2.520000e-01  2.367601e-01
2.550000e-01  2.357664e-01
2.580000e-01  2.347864e-01
2.610000e-01  2.338196e-01
2.640000e-01  2.328659e-01
2.670000e-01  2.319247e-01
2.700000e-01  2.309959e-01
2.730000e-01  2.300791e-01
2.760000e-01  2.291740e-01
2.790000e-01  2.282803e-01
2.820000e-01  2.273979e-01
2.850000e-01  2.265263e-01
2.880000e-01  2.256655e-01
2.910000e-01  2.248150e-01
2.940000e-01  2.239747e-01
2.970000e-01  2.231444e-01
3.000000e-01  2.223237e-01
3.030000e-01  2.215126e-01
3.060000e-01  2.207108e-01
3.090000e-01  2.199181e-01
3.120000e-01  2.191344e-01
3.150000e-01  2.183593e-01
3.180000e-01  2.175928e-01
3.210000e-01  2.168346e-01
3.240000e-01  2.160846e-01
3.270000e-01  2.153427e-01
3.300000e-01  2.146085e-01
3.330000e-01  2.138821e-01
3.360000e-01  2.131632e-01
3.390000e-01  2.124518e-01
3.420000e-01  2.117475e-01
3.450000e-01  2.110504e-01
3.480000e-01  2.103603e-01
3.510000e-01  2.096769e-01
3.540000e-01  2.090003e-01
3.570000e-01  2.083303e-01
3.600000e-01  2.076668e-01
3.630000e-01  2.070095e-01
3.660000e-01  2.063585e-01
3.690000e-01  2.057136e-01
3.720000e-01  2.050748e-01
3.750000e-01  2.044418e-01
3.780000e-01  2.038146e-01
3.810000e-01  2.031930e-01
3.840000e-01  2.025771e-01
3.870000e-01  2.019667e-01
3.900000e-01  2.013616e-01
3.930000e-01  2.007619e-01
3.960000e-01  2.001673e-01
3.990000e-01  1.995779e-01
4.020000e-01  1.989935e-01
4.050000e-01  1.984141e-01
4.080000e-01  1.978396e-01
4.110000e-01  1.972698e-01
4.140000e-01  1.967048e-01
4.170000e-01  1.961444e-01
4.200000e-01  1.955886e-01
4.230000e-01  1.950373e-01
4.260000e-01  1.944903e-01
4.290000e-01  1.939478e-01
4.320000e-01  1.934095e-01
4.350000e-01  1.928754e-01
4.380000e-01  1.923455e-01
4.410000e-01  1.918197e-01
4.440000e-01  1.912979e-01
4.470000e-01  1.907801e-01
4.500000e-01  1.902661e-01
4.530000e-01  1.897561e-01
4.560000e-01  1.892498e-01
4.590000e-01  1.887472e-01
4.620000e-01  1.882484e-01
4.650000e-01  1.877531e-01
4.680000e-01  1.872615e-01
4.710000e-01  1.867733e-01
4.740000e-01  1.862886e-01
4.770000e-01  1.858074e-01
4.800000e-01  1.853295e-01
4.830000e-01  1.848550e-01
4.860000e-01  1.843837e-01
4.890000e-01  1.839156e-01
4.920000e-01  1.834508e-01
4.950000e-01  1.829891e-01
4.980000e-01  1.825305e-01
5.010000e-01  1.820750e-01
5.040000e-01  1.816225e-01
5.070000e-01  1.811730e-01
5.100000e-01  1.807264e-01
5.130000e-01  1.802827e-01
5.160000e-01  1.798419e-01
5.190000e-01  1.794039e-01
5.220000e-01  1.789687e-01
5.250000e-01  1.785362e-01
5.280000e-01  1.781065e-01
5.310000e-01  1.776794e-01
5.340000e-01  1.772550e-01
5.370000e-01  1.768333e-01
5.400000e-01  1.764140e-01
5.430000e-01  1.759974e-01
5.460000e-01  1.755832e-01
5.490000e-01  1.751716e-01
5.520000e-01  1.747624e-01
5.550000e-01  1.743556e-01
5.580000e-01  1.739512e-01
5.610000e-01  1.735492e-01
5.640000e-01  1.731496e-01
5.670000e-01  1.727522e-01
5.700000e-01  1.723571e-01
5.730000e-01  1.719643e-01
5.760000e-01  1.715737e-01
5.790000e-01  1.711853e-01
5.820000e-01  1.707990e-01
5.850000e-01  1.704149e-01
5.880000e-01  1.700330e-01
5.910000e-01  1.696531e-01
5.940000e-01  1.692753e-01
5.970000e-01  1.688996e-01
6.000000e-01  1.685259e-01
6.030000e-01  1.681542e-01
6.060000e-01  1.677845e-01
6.090000e-01  1.674167e-01
6.120000e-01  1.670509e-01
6.150000e-01  1.666870e-01
6.180000e-01  1.663250e-01
6.210000e-01  1.659649e-01
6.240000e-01  1.656066e-01
6.270000e-01  1.652501e-01
6.300000e-01  1.648954e-01
6.330000e-01  1.645426e-01
6.360000e-01  1.641915e-01
6.390000e-01  1.638422e-01
6.420000e-01  1.634946e-01
6.450000e-01  1.631487e-01
6.480000e-01  1.628045e-01
6.510000e-01  1.624620e-01
6.540000e-01  1.621212e-01
6.570000e-01  1.617820e-01
6.600000e-01  1.614444e-01
6.630000e-01  1.611084e-01
6.660000e-01  1.607740e-01
6.690000e-01  1.604412e-01
6.720000e-01  1.601100e-01
6.750000e-01  1.597803e-01
6.780000e-01  1.594521e-01
6.810000e-01  1.591255e-01
6.840000e-01  1.588003e-01
6.870000e-01  1.584766e-01
6.900000e-01  1.581544e-01
6.930000e-01  1.578336e-01
6.960000e-01  1.575143e-01
6.990000e-01  1.571963e-01
7.020000e-01  1.568798e-01
7.050000e-01  1.565647e-01
7.080000e-01  1.562510e-01
7.110000e-01  1.559386e-01
7.140000e-01  1.556276e-01
7.170000e-01  1.553179e-01
7.200000e-01  1.550095e-01
7.230000e-01  1.547025e-01
7.260000e-01  1.543967e-01
7.290000e-01  1.540923e-01
7.320000e-01  1.537891e-01
7.350000e-01  1.534871e-01
7.380000e-01  1.531865e-01
7.410000e-01  1.528870e-01
7.440000e-01  1.525888e-01
7.470000e-01  1.522918e-01
7.500000e-01  1.519960e-01
7.530000e-01  1.517014e-01
7.560000e-01  1.514079e-01
7.590000e-01  1.511157e-01
7.620000e-01  1.508246e-01
7.650000e-01  1.505346e-01
7.680000e-01  1.502458e-01
7.710000e-01  1.499581e-01
7.740000e-01  1.496715e-01
7.770000e-01  1.493860e-01
7.800000e-01  1.491016e-01
7.830000e-01  1.488183e-01
7.860000e-01  1.485361e-01
7.890000e-01  1.482549e-01
7.920000e-01  1.479748e-01
7.950000e-01  1.476957e-01
7.980000e-01  1.474177e-01
8.010000e-01  1.471407e-01
8.040000e-01  1.468647e-01
8.070000e-01  1.465897e-01
8.100000e-01  1.463157e-01
8.130000e-01  1.460427e-01
8.160000e-01  1.457707e-01
8.190000e-01  1.454996e-01
8.220000e-01  1.452296e-01
8.250000e-01  1.449604e-01
8.280000e-01  1.446922e-01
8.310000e-01  1.444250e-01
8.340000e-01  1.441587e-01
8.370000e-01  1.438932e-01
8.400000e-01  1.436288e-01
8.430000e-01  1.433652e-01
8.460000e-01  1.431024e-01
8.490000e-01  1.428407e-01
8.520000e-01  1.425797e-01
8.550000e-01  1.423197e-01
8.580000e-01  1.420605e-01
8.610000e-01  1.418021e-01
8.640000e-01  1.415446e-01
8.670000e-01  1.412880e-01
8.700000e-01  1.410322e-01
8.730000e-01  1.407772e-01
8.760000e-01  1.405230e-01
8.790000e-01  1.402697e-01
8.820000e-01  1.400171e-01
8.850000e-01  1.397654e-01
8.880000e-01  1.395144e-01
8.910000e-01  1.392643e-01
8.940000e-01  1.390149e-01
8.970000e-01  1.387663e-01
9.000000e-01  1.385184e-01
9.030000e-01  1.382713e-01
9.060000e-01  1.380250e-01
9.090000e-01  1.377794e-01
9.120000e-01  1.375345e-01
9.150000e-01  1.372904e-01
9.180000e-01  1.370470e-01
9.210000e-01  1.368043e-01
9.240000e-01  1.365623e-01
9.270000e-01  1.363211e-01
9.300000e-01  1.360805e-01
9.330000e-01  1.358407e-01
9.360000e-01  1.356015e-01
9.390000e-01  1.353630e-01
9.420000e-01  1.351252e-01
9.450000e-01  1.348880e-01
9.480000e-01  1.346516e-01
9.510000e-01  1.344158e-01
9.540000e-01  1.341806e-01
9.570000e-01  1.339461e-01
9.600000e-01  1.337123e-01
9.630000e-01  1.334790e-01
9.660000e-01  1.332465e-01
9.690000e-01  1.330145e-01
9.720000e-01  1.327832e-01
9.750000e-01  1.325525e-01
9.780000e-01  1.323224e-01
9.810000e-01  1.320929e-01
9.840000e-01  1.318640e-01
9.870000e-01  1.316357e-01
9.900000e-01  1.314080e-01
9.930000e-01  1.311808e-01
9.960000e-01  1.309543e-01
9.990000e-01  1.307284e-01
