000000  000001
3.000000e-03  8.823175e-01
6.000000e-03  8.145064e-01
9.000000e-03  7.670879e-01
1.200000e-02  7.308276e-01
1.500000e-02  7.016014e-01
1.800000e-02  6.772071e-01
2.100000e-02  6.563305e-01
2.400000e-02  6.381253e-01
2.700000e-02  6.220147e-01
3.000000e-02  6.075885e-01
3.300000e-02  5.945448e-01
3.600000e-02  5.826550e-01
3.900000e-02  5.717421e-01
4.200000e-02  5.616663e-01
4.500000e-02  5.523153e-01
4.800000e-02  5.435975e-01
5.100000e-02  5.354374e-01
5.400000e-02  5.277720e-01
5.700000e-02  5.205483e-01
6.000000e-02  5.137210e-01
6.300000e-02  5.072514e-01
6.600000e-02  5.011061e-01
6.900000e-02  4.952561e-01
7.200000e-02  4.896760e-01
7.500000e-02  4.843434e-01
7.800000e-02  4.792387e-01
8.100000e-02  4.743442e-01
8.400000e-02  4.696445e-01
8.700000e-02  4.651255e-01
9.000000e-02  4.607747e-01
9.300000e-02  4.565807e-01
9.600000e-02  4.525333e-01
9.900000e-02  4.486232e-01
1.020000e-01  4.448419e-01
1.050000e-01  4.411818e-01
1.080000e-01  4.376357e-01
1.110000e-01  4.341972e-01
1.140000e-01  4.308603e-01
1.170000e-01  4.276196e-01
1.200000e-01  4.244699e-01
1.230000e-01  4.214066e-01
1.260000e-01  4.184253e-01
1.290000e-01  4.155220e-01
1.320000e-01  4.126930e-01
1.350000e-01  4.099347e-01
1.380000e-01  4.072439e-01
1.410000e-01  4.046176e-01
1.440000e-01  4.020529e-01
1.470000e-01  3.995471e-01
1.500000e-01  3.970978e-01
1.530000e-01  3.947025e-01
1.560000e-01  3.923591e-01
1.590000e-01  3.900655e-01
1.620000e-01  3.878197e-01
1.650000e-01  3.856199e-01
1.680000e-01  3.834643e-01
1.710000e-01  3.813513e-01
1.740000e-01  3.792793e-01
1.770000e-01  3.772467e-01
1.800000e-01  3.752523e-01
1.830000e-01  3.732947e-01
1.860000e-01  3.713725e-01
1.890000e-01  3.694847e-01
1.920000e-01  3.676300e-01
1.950000e-01  3.658073e-01
1.980000e-01  3.640157e-01
2.010000e-01  3.622541e-01
2.040000e-01  3.605215e-01
2.070000e-01  3.588172e-01
2.100000e-01  3.571401e-01
2.130000e-01  3.554895e-01
2.160000e-01  3.538647e-01
2.190000e-01  3.522647e-01
2.220000e-01  3.506890e-01
2.250000e-01  3.491367e-01
2.280000e-01  3.476074e-01
2.310000e-01  3.461002e-01
2.340000e-01  3.446146e-01
2.370000e-01  3.431501e-01
2.400000e-01  3.417059e-01
2.430000e-01  3.402817e-01
2.460000e-01  3.388768e-01
2.490000e-01  3.374908e-01
2.520000e-01  3.361232e-01
2.550000e-01  3.347736e-01
2.580000e-01  3.334413e-01
2.610000e-01  3.321261e-01
2.640000e-01  3.308276e-01
2.670000e-01  3.295452e-01
2.700000e-01  3.282787e-01
2.730000e-01  3.270276e-01
2.760000e-01  3.257915e-01
2.790000e-01  3.245702e-01
2.820000e-01  3.233633e-01
2.850000e-01  3.221705e-01
2.880000e-01  3.209914e-01
2.910000e-01  3.198257e-01
2.940000e-01  3.186732e-01
2.970000e-01  3.175335e-01
3.000000e-01  3.164063e-01
3.030000e-01  3.152915e-01
3.060000e-01  3.141887e-01
3.090000e-01  3.130977e-01
3.120000e-01  3.120183e-01
3.150000e-01  3.109501e-01
3.180000e-01  3.098930e-01
3.210000e-01  3.088467e-01
3.240000e-01  3.078111e-01
3.270000e-01  3.067859e-01
3.300000e-01  3.057708e-01
3.330000e-01  3.047658e-01
3.360000e-01  3.037706e-01
3.390000e-01  3.027849e-01
3.420000e-01  3.018088e-01
3.450000e-01  3.008418e-01
3.480000e-01  2.998840e-01
3.510000e-01  2.989350e-01
3.540000e-01  2.979948e-01
3.570000e-01  2.970632e-01
3.600000e-01  2.961400e-01
3.630000e-01  2.952251e-01
3.660000e-01  2.943183e-01
3.690000e-01  2.934195e-01
3.720000e-01  2.925285e-01
3.750000e-01  2.916452e-01
3.780000e-01  2.907695e-01
3.810000e-01  2.899012e-01
3.840000e-01  2.890402e-01
3.870000e-01  2.881864e-01
3.900000e-01  2.873397e-01
3.930000e-01  2.864999e-01
3.960000e-01  2.856669e-01
3.990000e-01  2.848407e-01
4.020000e-01  2.840210e-01
4.050000e-01  2.832079e-01
4.080000e-01  2.824011e-01
4.110000e-01  2.816006e-01
4.140000e-01  2.808063e-01
4.170000e-01  2.800181e-01
4.200000e-01  2.792359e-01
4.230000e-01  2.784596e-01
4.260000e-01  2.776890e-01
4.290000e-01  2.769242e-01
4.320000e-01  2.761651e-01
4.350000e-01  2.754114e-01
4.380000e-01  2.746632e-01
4.410000e-01  2.739204e-01
4.440000e-01  2.731829e-01
4.470000e-01  2.724506e-01
4.500000e-01  2.717234e-01
4.530000e-01  2.710013e-01
4.560000e-01  2.702842e-01
4.590000e-01  2.695720e-01
4.620000e-01  2.688646e-01
4.650000e-01  2.681620e-01
4.680000e-01  2.674641e-01
4.710000e-01  2.667708e-01
4.740000e-01  2.660822e-01
4.770000e-01  2.653980e-01
4.800000e-01  2.647182e-01
4.830000e-01  2.640429e-01
4.860000e-01  2.633719e-01
4.890000e-01  2.627051e-01
4.920000e-01  2.620425e-01
4.950000e-01  2.613841e-01
4.980000e-01  2.607298e-01
5.010000e-01  2.600795e-01
5.040000e-01  2.594332e-01
5.070000e-01  2.587908e-01
5.100000e-01  2.581523e-01
5.130000e-01  2.575176e-01
5.160000e-01  2.568866e-01
5.190000e-01  2.562594e-01
5.220000e-01  2.556359e-01
5.250000e-01  2.550160e-01
5.280000e-01  2.543997e-01
5.310000e-01  2.537869e-01
5.340000e-01  2.531776e-01
5.370000e-01  2.525718e-01
5.400000e-01  2.519694e-01
5.430000e-01  2.513703e-01
5.460000e-01  2.507745e-01
5.490000e-01  2.501820e-01
5.520000e-01  2.495927e-01
5.550000e-01  2.490067e-01
5.580000e-01  2.484238e-01
5.610000e-01  2.478440e-01
5.640000e-01  2.472673e-01
5.670000e-01  2.466936e-01
5.700000e-01  2.461229e-01
5.730000e-01  2.455552e-01
5.760000e-01  2.449904e-01
5.790000e-01  2.444286e-01
5.820000e-01  2.438695e-01
5.850000e-01  2.433133e-01
5.880000e-01  2.427600e-01
5.910000e-01  2.422093e-01
5.940000e-01  2.416614e-01
5.970000e-01  2.411162e-01
6.000000e-01  2.405737e-01
6.030000e-01  2.400338e-01
6.060000e-01  2.394964e-01
6.090000e-01  2.389617e-01
6.120000e-01  2.384295e-01
6.150000e-01  2.378999e-01
6.180000e-01  2.373727e-01
6.210000e-01  2.368480e-01
6.240000e-01  2.363257e-01
6.270000e-01  2.358058e-01
6.300000e-01  2.352882e-01
6.330000e-01  2.347731e-01
6.360000e-01  2.342602e-01
6.390000e-01  2.337497e-01
6.420000e-01  2.332414e-01
6.450000e-01  2.327354e-01
6.480000e-01  2.322315e-01
6.510000e-01  2.317299e-01
6.540000e-01  2.312305e-01
6.570000e-01  2.307332e-01
6.600000e-01  2.302380e-01
6.630000e-01  2.297449e-01
6.660000e-01  2.292539e-01
6.690000e-01  2.287650e-01
6.720000e-01  2.282781e-01
6.750000e-01  2.277932e-01
6.780000e-01  2.273103e-01
6.810000e-01  2.268294e-01
6.840000e-01  2.263504e-01
6.870000e-01  2.258733e-01
6.900000e-01  2.253982e-01
6.930000e-01  2.249249e-01
6.960000e-01  2.244535e-01
6.990000e-01  2.239840e-01
7.020000e-01  2.235162e-01
7.050000e-01  2.230503e-01
7.080000e-01  2.225862e-01
7.110000e-01  2.221238e-01
7.140000e-01  2.216632e-01
7.170000e-01  2.212043e-01
7.200000e-01  2.207471e-01
7.230000e-01  2.202917e-01
7.260000e-01  2.198379e-01
7.290000e-01  2.193857e-01
7.320000e-01  2.189353e-01
7.350000e-01  2.184864e-01
7.380000e-01  2.180391e-01
7.410000e-01  2.175935e-01
7.440000e-01  2.171494e-01
7.470000e-01  2.167069e-01
7.500000e-01  2.162659e-01
7.530000e-01  2.158264e-01
7.560000e-01  2.153885e-01
7.590000e-01  2.149521e-01
7.620000e-01  2.145171e-01
7.650000e-01  2.140836e-01
7.680000e-01  2.136515e-01
7.710000e-01  2.132209e-01
7.740000e-01  2.127917e-01
7.770000e-01  2.123640e-01
7.800000e-01  2.119376e-01
7.830000e-01  2.115125e-01
7.860000e-01  2.110889e-01
7.890000e-01  2.106666e-01
7.920000e-01  2.102456e-01
7.950000e-01  2.098260e-01
7.980000e-01  2.094076e-01
8.010000e-01  2.089906e-01
8.040000e-01  2.085748e-01
8.070000e-01  2.081603e-01
8.100000e-01  2.077471e-01
8.130000e-01  2.073351e-01
8.160000e-01  2.069243e-01
8.190000e-01  2.065148e-01
8.220000e-01  2.061064e-01
8.250000e-01  2.056993e-01
8.280000e-01  2.052933e-01
8.310000e-01  2.048885e-01
8.340000e-01  2.044848e-01
8.370000e-01  2.040823e-01
8.400000e-01  2.036809e-01
8.430000e-01  2.032807e-01
8.460000e-01  2.028815e-01
8.490000e-01  2.024835e-01
8.520000e-01  2.020865e-01
8.550000e-01  2.016906e-01
8.580000e-01  2.012957e-01
8.610000e-01  2.009019e-01
8.640000e-01  2.005092e-01
8.670000e-01  2.001175e-01
8.700000e-01  1.997268e-01
8.730000e-01  1.993371e-01
8.760000e-01  1.989484e-01
8.790000e-01  1.985607e-01
8.820000e-01  1.981739e-01
8.850000e-01  1.977881e-01
8.880000e-01  1.974033e-01
8.910000e-01  1.970194e-01
8.940000e-01  1.966365e-01
8.970000e-01  1.962545e-01
9.000000e-01  1.958734e-01
9.030000e-01  1.954932e-01
9.060000e-01  1.951138e-01
9.090000e-01  1.947354e-01
9.120000e-01  1.943579e-01
9.150000e-01  1.939812e-01
9.180000e-01  1.936053e-01
9.210000e-01  1.932303e-01
9.240000e-01  1.928562e-01
9.270000e-01  1.924828e-01
9.300000e-01  1.921103e-01
9.330000e-01  1.917386e-01
9.360000e-01  1.913677e-01
9.390000e-01  1.909975e-01
9.420000e-01  1.906282e-01
9.450000e-01  1.902596e-01
9.480000e-01  1.898917e-01
9.510000e-01  1.895247e-01
9.540000e-01  1.891583e-01
9.570000e-01  1.887927e-01
9.600000e-01  1.884279e-01
9.630000e-01  1.880637e-01
9.660000e-01  1.877002e-01
9.690000e-01  1.873375e-01
9.720000e-01  1.869754e-01
9.750000e-01  1.866140e-01
9.780000e-01  1.862533e-01
9.810000e-01  1.858932e-01
9.840000e-01  1.855338e-01
9.870000e-01  1.851750e-01
9.900000e-01  1.848169e-01
9.930000e-01  1.844594e-01
9.960000e-01  1.841025e-01
9.990000e-01  1.837462e-01
