000000  000001
3.000000e-03  8.962881e-01
6.000000e-03  8.331574e-01
9.000000e-03  7.879466e-01
1.200000e-02  7.528892e-01
1.500000e-02  7.243677e-01
1.800000e-02  7.004000e-01
2.100000e-02  6.797825e-01
2.400000e-02  6.617296e-01
2.700000e-02  6.457006e-01
3.000000e-02  6.313076e-01
3.300000e-02  6.182635e-01
3.600000e-02  6.063495e-01
3.900000e-02  5.953952e-01
4.200000e-02  5.852658e-01
4.500000e-02  5.758523e-01
4.800000e-02  5.670658e-01
5.100000e-02  5.588325e-01
5.400000e-02  5.510910e-01
5.700000e-02  5.437891e-01
6.000000e-02  5.368825e-01
6.300000e-02  5.303331e-01
6.600000e-02  5.241079e-01
6.900000e-02  5.181783e-01
7.200000e-02  5.125191e-01
7.500000e-02  5.071082e-01
7.800000e-02  5.019261e-01
8.100000e-02  4.969554e-01
8.400000e-02  4.921804e-01
8.700000e-02  4.875875e-01
9.000000e-02  4.831639e-01
9.300000e-02  4.788984e-01
9.600000e-02  4.747809e-01
9.900000e-02  4.708020e-01
1.020000e-01  4.669532e-01
1.050000e-01  4.632268e-01
1.080000e-01  4.596157e-01
1.110000e-01  4.561135e-01
1.140000e-01  4.527142e-01
1.170000e-01  4.494122e-01
1.200000e-01  4.462025e-01
1.230000e-01  4.430804e-01
1.260000e-01  4.400415e-01
1.290000e-01  4.370817e-01
1.320000e-01  4.341972e-01
1.350000e-01  4.313846e-01
1.380000e-01  4.286406e-01
1.410000e-01  4.259621e-01
1.440000e-01  4.233462e-01
1.470000e-01  4.207902e-01
1.500000e-01  4.182917e-01
1.530000e-01  4.158481e-01
1.560000e-01  4.134574e-01
1.590000e-01  4.111173e-01
1.620000e-01  4.088260e-01
1.650000e-01  4.065814e-01
1.680000e-01  4.043820e-01
1.710000e-01  4.022259e-01
1.740000e-01  4.001116e-01
1.770000e-01  3.980376e-01
1.800000e-01  3.960025e-01
1.830000e-01  3.940049e-01
1.860000e-01  3.920435e-01
1.890000e-01  3.901171e-01
1.920000e-01  3.882246e-01
1.950000e-01  3.863648e-01
1.980000e-01  3.845367e-01
2.010000e-01  3.827393e-01
2.040000e-01  3.809716e-01
2.070000e-01  3.792326e-01
2.100000e-01  3.775216e-01
2.130000e-01  3.758377e-01
2.160000e-01  3.741800e-01
2.190000e-01  3.725479e-01
2.220000e-01  3.709405e-01
2.250000e-01  3.693572e-01
2.280000e-01  3.677972e-01
2.310000e-01  3.662600e-01
2.340000e-01  3.647449e-01
2.370000e-01  3.632514e-01
2.400000e-01  3.617787e-01
2.430000e-01  3.603265e-01
2.460000e-01  3.588940e-01
2.490000e-01  3.574810e-01
2.520000e-01  3.560867e-01
2.550000e-01  3.547109e-01
2.580000e-01  3.533529e-01
2.610000e-01  3.520124e-01
2.640000e-01  3.506890e-01
2.670000e-01  3.493821e-01
2.700000e-01  3.480915e-01
2.730000e-01  3.468168e-01
2.760000e-01  3.455575e-01
2.790000e-01  3.443134e-01
2.820000e-01  3.430840e-01
2.850000e-01  3.418690e-01
2.880000e-01  3.406682e-01
2.910000e-01  3.394811e-01
2.940000e-01  3.383076e-01
2.970000e-01  3.371473e-01
3.000000e-01  3.359998e-01
3.030000e-01  3.348650e-01
3.060000e-01  3.337426e-01
3.090000e-01  3.326323e-01
3.120000e-01  3.315339e-01
3.150000e-01  3.304470e-01
3.180000e-01  3.293716e-01
3.210000e-01  3.283073e-01
3.240000e-01  3.272539e-01
3.270000e-01  3.262112e-01
3.300000e-01  3.251791e-01
3.330000e-01  3.241572e-01
3.360000e-01  3.231454e-01
3.390000e-01  3.221435e-01
3.420000e-01  3.211514e-01
3.450000e-01  3.201687e-01
3.480000e-01  3.191954e-01
3.510000e-01  3.182313e-01
3.540000e-01  3.172762e-01
3.570000e-01  3.163300e-01
3.600000e-01  3.153924e-01
3.630000e-01  3.144633e-01
3.660000e-01  3.135427e-01
3.690000e-01  3.126302e-01
3.720000e-01  3.117259e-01
3.750000e-01  3.108294e-01
3.780000e-01  3.099408e-01
3.810000e-01  3.090599e-01
3.840000e-01  3.081865e-01
3.870000e-01  3.073205e-01
3.900000e-01  3.064618e-01
3.930000e-01  3.056103e-01
3.960000e-01  3.047658e-01
3.990000e-01  3.039282e-01
4.020000e-01  3.030975e-01
4.050000e-01  3.022735e-01
4.080000e-01  3.014561e-01
4.110000e-01  3.006452e-01
4.140000e-01  2.998407e-01
4.170000e-01  2.990424e-01
4.200000e-01  2.982504e-01
4.230000e-01  2.974645e-01
4.260000e-01  2.966845e-01
4.290000e-01  2.959105e-01
4.320000e-01  2.951423e-01
4.350000e-01  2.943799e-01
4.380000e-01  2.936231e-01
4.410000e-01  2.928718e-01
4.440000e-01  2.921261e-01
4.470000e-01  2.913857e-01
4.500000e-01  2.906507e-01
4.530000e-01  2.899209e-01
4.560000e-01  2.891962e-01
4.590000e-01  2.884767e-01
4.620000e-01  2.877622e-01
4.650000e-01  2.870526e-01
4.680000e-01  2.863480e-01
4.710000e-01  2.856481e-01
4.740000e-01  2.849530e-01
4.770000e-01  2.842625e-01
4.800000e-01  2.835767e-01
4.830000e-01  2.828954e-01
4.860000e-01  2.822186e-01
4.890000e-01  2.815463e-01
4.920000e-01  2.808783e-01
4.950000e-01  2.802146e-01
4.980000e-01  2.795552e-01
5.010000e-01  2.788999e-01
5.040000e-01  2.782488e-01
5.070000e-01  2.776018e-01
5.100000e-01  2.769589e-01
5.130000e-01  2.763199e-01
5.160000e-01  2.756848e-01
5.190000e-01  2.750536e-01
5.220000e-01  2.744263e-01
5.250000e-01  2.738027e-01
5.280000e-01  2.731829e-01
5.310000e-01  2.725667e-01
5.340000e-01  2.719542e-01
5.370000e-01  2.713453e-01
5.400000e-01  2.707400e-01
5.430000e-01  2.701381e-01
5.460000e-01  2.695397e-01
5.490000e-01  2.689447e-01
5.520000e-01  2.683531e-01
5.550000e-01  2.677649e-01
5.580000e-01  2.671799e-01
5.610000e-01  2.665982e-01
5.640000e-01  2.660198e-01
5.670000e-01  2.654445e-01
5.700000e-01  2.648723e-01
5.730000e-01  2.643033e-01
5.760000e-01  2.637374e-01
5.790000e-01  2.631744e-01
5.820000e-01  2.626145e-01
5.850000e-01  2.620575e-01
5.880000e-01  2.615035e-01
5.910000e-01  2.609524e-01
5.940000e-01  2.604041e-01
5.970000e-01  2.598587e-01
6.000000e-01  2.593161e-01
6.030000e-01  2.587762e-01
6.060000e-01  2.582391e-01
6.090000e-01  2.577047e-01
6.120000e-01  2.571730e-01
6.150000e-01  2.566439e-01
6.180000e-01  2.561174e-01
6.210000e-01  2.555935e-01
6.240000e-01  2.550722e-01
6.270000e-01  2.545535e-01
6.300000e-01  2.540372e-01
6.330000e-01  2.535234e-01
6.360000e-01  2.530121e-01
6.390000e-01  2.525032e-01
6.420000e-01  2.519967e-01
6.450000e-01  2.514925e-01
6.480000e-01  2.509908e-01
6.510000e-01  2.504913e-01
6.540000e-01  2.499942e-01
6.570000e-01  2.494993e-01
6.600000e-01  2.490067e-01
6.630000e-01  2.485163e-01
6.660000e-01  2.480281e-01
6.690000e-01  2.475421e-01
6.720000e-01  2.470583e-01
6.750000e-01  2.465766e-01
6.780000e-01  2.460970e-01
6.810000e-01  2.456196e-01
6.840000e-01  2.451442e-01
6.870000e-01  2.446708e-01
6.900000e-01  2.441995e-01
6.930000e-01  2.437302e-01
6.960000e-01  2.432629e-01
6.990000e-01  2.427976e-01
7.020000e-01  2.423342e-01
7.050000e-01  2.418728e-01
7.080000e-01  2.414133e-01
7.110000e-01  2.409556e-01
7.140000e-01  2.404999e-01
7.170000e-01  2.400460e-01
7.200000e-01  2.395939e-01
7.230000e-01  2.391437e-01
7.260000e-01  2.386953e-01
7.290000e-01  2.382487e-01
7.320000e-01  2.378038e-01
7.350000e-01  2.373607e-01
7.380000e-01  2.369194e-01
7.410000e-01  2.364797e-01
7.440000e-01  2.360418e-01
7.470000e-01  2.356055e-01
7.500000e-01  2.351710e-01
7.530000e-01  2.347380e-01
7.560000e-01  2.343067e-01
7.590000e-01  2.338771e-01
7.620000e-01  2.334491e-01
7.650000e-01  2.330226e-01
7.680000e-01  2.325977e-01
7.710000e-01  2.321744e-01
7.740000e-01  2.317527e-01
7.770000e-01  2.313325e-01
7.800000e-01  2.309138e-01
7.830000e-01  2.304966e-01
7.860000e-01  2.300809e-01
7.890000e-01  2.296667e-01
7.920000e-01  2.292539e-01
7.950000e-01  2.288427e-01
7.980000e-01  2.284328e-01
8.010000e-01  2.280244e-01
8.040000e-01  2.276174e-01
8.070000e-01  2.272118e-01
8.100000e-01  2.268076e-01
8.130000e-01  2.264047e-01
8.160000e-01  2.260032e-01
8.190000e-01  2.256031e-01
8.220000e-01  2.252043e-01
8.250000e-01  2.248069e-01
8.280000e-01  2.244107e-01
8.310000e-01  2.240159e-01
8.340000e-01  2.236224e-01
8.370000e-01  2.232301e-01
8.400000e-01  2.228391e-01
8.430000e-01  2.224494e-01
8.460000e-01  2.220609e-01
8.490000e-01  2.216736e-01
8.520000e-01  2.212876e-01
8.550000e-01  2.209028e-01
8.580000e-01  2.205192e-01
8.610000e-01  2.201368e-01
8.640000e-01  2.197556e-01
8.670000e-01  2.193755e-01
8.700000e-01  2.189966e-01
8.730000e-01  2.186188e-01
8.760000e-01  2.182422e-01
8.790000e-01  2.178668e-01
8.820000e-01  2.174924e-01
8.850000e-01  2.171192e-01
8.880000e-01  2.167470e-01
8.910000e-01  2.163760e-01
8.940000e-01  2.160060e-01
8.970000e-01  2.156371e-01
9.000000e-01  2.152693e-01
9.030000e-01  2.149025e-01
9.060000e-01  2.145368e-01
9.090000e-01  2.141721e-01
9.120000e-01  2.138085e-01
9.150000e-01  2.134458e-01
9.180000e-01  2.130842e-01
9.210000e-01  2.127236e-01
9.240000e-01  2.123640e-01
9.270000e-01  2.120053e-01
9.300000e-01  2.116476e-01
9.330000e-01  2.112909e-01
9.360000e-01  2.109352e-01
9.390000e-01  2.105804e-01
9.420000e-01  2.102265e-01
9.450000e-01  2.098736e-01
9.480000e-01  2.095216e-01
9.510000e-01  2.091705e-01
9.540000e-01  2.088203e-01
9.570000e-01  2.084711e-01
9.600000e-01  2.081227e-01
9.630000e-01  2.077752e-01
9.660000e-01  2.074286e-01
9.690000e-01  2.070829e-01
9.720000e-01  2.067380e-01
9.750000e-01  2.063940e-01
9.780000e-01  2.060508e-01
9.810000e-01  2.057085e-01
9.840000e-01  2.053670e-01
9.870000e-01  2.050264e-01
9.900000e-01  2.046865e-01
9.930000e-01  2.043475e-01
9.960000e-01  2.040092e-01
9.990000e-01  2.036718e-01
