000000  000001
3.000000e-03  7.364958e-01
6.000000e-03  6.441414e-01
9.000000e-03  5.886728e-01
1.200000e-02  5.495458e-01
1.500000e-02  5.195839e-01
1.800000e-02  4.954532e-01
2.100000e-02  4.753404e-01
2.400000e-02  4.581537e-01
2.700000e-02  4.431866e-01
3.000000e-02  4.299570e-01
3.300000e-02  4.181214e-01
3.600000e-02  4.074274e-01
3.900000e-02  3.976840e-01
4.200000e-02  3.887434e-01
4.500000e-02  3.804890e-01
4.800000e-02  3.728275e-01
5.100000e-02  3.656828e-01
5.400000e-02  3.589922e-01
5.700000e-02  3.527036e-01
6.000000e-02  3.467731e-01
6.300000e-02  3.411634e-01
6.600000e-02  3.358426e-01
6.900000e-02  3.307831e-01
7.200000e-02  3.259611e-01
7.500000e-02  3.213558e-01
7.800000e-02  3.169489e-01
8.100000e-02  3.127242e-01
8.400000e-02  3.086674e-01
8.700000e-02  3.047658e-01
9.000000e-02  3.010079e-01
9.300000e-02  2.973835e-01
9.600000e-02  2.938834e-01
9.900000e-02  2.904992e-01
1.020000e-01  2.872235e-01
1.050000e-01  2.840492e-01
1.080000e-01  2.809702e-01
1.110000e-01  2.779806e-01
1.140000e-01  2.750753e-01
1.170000e-01  2.722495e-01
1.200000e-01  2.694986e-01
1.230000e-01  2.668185e-01
1.260000e-01  2.642055e-01
1.290000e-01  2.616561e-01
1.320000e-01  2.591669e-01
1.350000e-01  2.567349e-01
1.380000e-01  2.543573e-01
1.410000e-01  2.520315e-01
1.440000e-01  2.497550e-01
1.470000e-01  2.475254e-01
1.500000e-01  2.453406e-01
1.530000e-01  2.431986e-01
1.560000e-01  2.410975e-01
1.590000e-01  2.390353e-01
1.620000e-01  2.370105e-01
1.650000e-01  2.350215e-01
1.680000e-01  2.330666e-01
1.710000e-01  2.311446e-01
1.740000e-01  2.292539e-01
1.770000e-01  2.273934e-01
1.800000e-01  2.255618e-01
1.830000e-01  2.237579e-01
1.860000e-01  2.219807e-01
1.890000e-01  2.202290e-01
1.920000e-01  2.185018e-01
1.950000e-01  2.167983e-01
1.980000e-01  2.151174e-01
2.010000e-01  2.134583e-01
2.040000e-01  2.118202e-01
2.070000e-01  2.102021e-01
2.100000e-01  2.086035e-01
2.130000e-01  2.070234e-01
2.160000e-01  2.054611e-01
2.190000e-01  2.039161e-01
2.220000e-01  2.023875e-01
2.250000e-01  2.008748e-01
2.280000e-01  1.993774e-01
2.310000e-01  1.978945e-01
2.340000e-01  1.964256e-01
2.370000e-01  1.949702e-01
2.400000e-01  1.935277e-01
2.430000e-01  1.920975e-01
2.460000e-01  1.906791e-01
2.490000e-01  1.892719e-01
2.520000e-01  1.878756e-01
2.550000e-01  1.864895e-01
2.580000e-01  1.851132e-01
2.610000e-01  1.837462e-01
2.640000e-01  1.823881e-01
2.670000e-01  1.810382e-01
2.700000e-01  1.796963e-01
2.730000e-01  1.783617e-01
2.760000e-01  1.770341e-01
2.790000e-01  1.757131e-01
2.820000e-01  1.743980e-01
2.850000e-01  1.730885e-01
2.880000e-01  1.717841e-01
2.910000e-01  1.704844e-01
2.940000e-01  1.691888e-01
2.970000e-01  1.678970e-01
3.000000e-01  1.666083e-01
3.030000e-01  1.653223e-01
3.060000e-01  1.640386e-01
3.090000e-01  1.627565e-01
3.120000e-01  1.614756e-01
3.150000e-01  000000
3.180000e-01  000000
3.210000e-01  000000
3.240000e-01  000000
3.270000e-01  000000
3.300000e-01  000000
3.330000e-01  000000
3.360000e-01  000000
3.390000e-01  000000
3.420000e-01  000000
3.450000e-01  000000
3.480000e-01  000000
3.510000e-01  000000
3.540000e-01  000000
3.570000e-01  000000
3.600000e-01  000000
3.630000e-01  000000
3.660000e-01  000000
3.690000e-01  000000
3.720000e-01  000000
3.750000e-01  000000
3.780000e-01  000000
3.810000e-01  000000
3.840000e-01  000000
3.870000e-01  000000
3.900000e-01  000000
3.930000e-01  000000
3.960000e-01  000000
3.990000e-01  000000
4.020000e-01  000000
4.050000e-01  000000
4.080000e-01  000000
4.110000e-01  000000
4.140000e-01  000000
4.170000e-01  000000
4.200000e-01  000000
4.230000e-01  000000
4.260000e-01  000000
4.290000e-01  000000
4.320000e-01  000000
4.350000e-01  000000
4.380000e-01  000000
4.410000e-01  000000
4.440000e-01  000000
4.470000e-01  000000
4.500000e-01  000000
4.530000e-01  000000
4.560000e-01  000000
4.590000e-01  000000
4.620000e-01  000000
4.650000e-01  000000
4.680000e-01  000000
4.710000e-01  000000
4.740000e-01  000000
4.770000e-01  000000
4.800000e-01  000000
4.830000e-01  000000
4.860000e-01  000000
4.890000e-01  000000
4.920000e-01  000000
4.950000e-01  000000
4.980000e-01  000000
5.010000e-01  000000
5.040000e-01  000000
5.070000e-01  000000
5.100000e-01  000000
5.130000e-01  000000
5.160000e-01  000000
5.190000e-01  000000
5.220000e-01  000000
5.250000e-01  000000
5.280000e-01  000000
5.310000e-01  000000
5.340000e-01  000000
5.370000e-01  000000
5.400000e-01  000000
5.430000e-01  000000
5.460000e-01  000000
5.490000e-01  000000
5.520000e-01  000000
5.550000e-01  000000
5.580000e-01  000000
5.610000e-01  000000
5.640000e-01  000000
5.670000e-01  000000
5.700000e-01  000000
5.730000e-01  000000
5.760000e-01  000000
5.790000e-01  000000
5.820000e-01  000000
5.850000e-01  000000
5.880000e-01  000000
5.910000e-01  000000
5.940000e-01  000000
5.970000e-01  000000
6.000000e-01  000000
6.030000e-01  000000
6.060000e-01  000000
6.090000e-01  000000
6.120000e-01  000000
6.150000e-01  000000
6.180000e-01  000000
6.210000e-01  000000
6.240000e-01  000000
6.270000e-01  000000
6.300000e-01  000000
6.330000e-01  000000
6.360000e-01  000000
6.390000e-01  000000
6.420000e-01  000000
6.450000e-01  000000
6.480000e-01  000000
6.510000e-01  000000
6.540000e-01  000000
6.570000e-01  000000
6.600000e-01  000000
6.630000e-01  000000
6.660000e-01  000000
6.690000e-01  000000
6.720000e-01  000000
6.750000e-01  000000
6.780000e-01  000000
6.810000e-01  000000
6.840000e-01  000000
6.870000e-01  000000
6.900000e-01  000000
6.930000e-01  000000
6.960000e-01  000000
6.990000e-01  000000
7.020000e-01  000000
7.050000e-01  000000
7.080000e-01  000000
7.110000e-01  000000
7.140000e-01  000000
7.170000e-01  000000
7.200000e-01  000000
7.230000e-01  000000
7.260000e-01  000000
7.290000e-01  000000
7.320000e-01  000000
7.350000e-01  000000
7.380000e-01  000000
7.410000e-01  000000
7.440000e-01  000000
7.470000e-01  000000
7.500000e-01  000000
7.530000e-01  000000
7.560000e-01  000000
7.590000e-01  000000
7.620000e-01  000000
7.650000e-01  000000
7.680000e-01  000000
7.710000e-01  000000
7.740000e-01  000000
7.770000e-01  000000
7.800000e-01  000000
7.830000e-01  000000
7.860000e-01  000000
7.890000e-01  000000
7.920000e-01  000000
7.950000e-01  000000
7.980000e-01  000000
8.010000e-01  000000
8.040000e-01  000000
8.070000e-01  000000
8.100000e-01  000000
8.130000e-01  000000
8.160000e-01  000000
8.190000e-01  000000
8.220000e-01  000000
8.250000e-01  000000
8.280000e-01  000000
8.310000e-01  000000
8.340000e-01  000000
8.370000e-01  000000
8.400000e-01  000000
8.430000e-01  000000
8.460000e-01  000000
8.490000e-01  000000
8.520000e-01  000000
8.550000e-01  000000
8.580000e-01  000000
8.610000e-01  000000
8.640000e-01  000000
8.670000e-01  000000
8.700000e-01  000000
8.730000e-01  000000
8.760000e-01  000000
8.790000e-01  000000
8.820000e-01  000000
8.850000e-01  000000
8.880000e-01  000000
8.910000e-01  000000
8.940000e-01  000000
8.970000e-01  000000
9.000000e-01  000000
9.030000e-01  000000
9.060000e-01  000000
9.090000e-01  000000
9.120000e-01  000000
9.150000e-01  000000
9.180000e-01  000000
9.210000e-01  000000
9.240000e-01  000000
9.270000e-01  000000
9.300000e-01  000000
9.330000e-01  000000
9.360000e-01  000000
9.390000e-01  000000
9.420000e-01  000000
9.450000e-01  000000
9.480000e-01  000000
9.510000e-01  000000
9.540000e-01  000000
9.570000e-01  000000
9.600000e-01  000000
9.630000e-01  000000
9.660000e-01  000000
9.690000e-01  000000
9.720000e-01  000000
9.750000e-01  000000
9.780000e-01  000000
9.810000e-01  000000
9.840000e-01  000000
9.870000e-01  000000
9.900000e-01  000000
9.930000e-01  000000
9.960000e-01  000000
9.990000e-01  000000
