000000  000001
3.000000e-03  7.852272e-01
6.000000e-03  6.973434e-01
9.000000e-03  6.425635e-01
1.200000e-02  6.032023e-01
1.500000e-02  5.727201e-01
1.800000e-02  5.479836e-01
2.100000e-02  5.272543e-01
2.400000e-02  5.094698e-01
2.700000e-02  4.939352e-01
3.000000e-02  4.801720e-01
3.300000e-02  4.678370e-01
3.600000e-02  4.566765e-01
3.900000e-02  4.464973e-01
4.200000e-02  4.371496e-01
4.500000e-02  4.285146e-01
4.800000e-02  4.204968e-01
5.100000e-02  4.130182e-01
5.400000e-02  4.060146e-01
5.700000e-02  3.994320e-01
6.000000e-02  3.932252e-01
6.300000e-02  3.873556e-01
6.600000e-02  3.817901e-01
6.900000e-02  3.765002e-01
7.200000e-02  3.714612e-01
7.500000e-02  3.666511e-01
7.800000e-02  3.620511e-01
8.100000e-02  3.576443e-01
8.400000e-02  3.534157e-01
8.700000e-02  3.493520e-01
9.000000e-02  3.454412e-01
9.300000e-02  3.416726e-01
9.600000e-02  3.380366e-01
9.900000e-02  3.345244e-01
1.020000e-01  3.311281e-01
1.050000e-01  3.278405e-01
1.080000e-01  3.246550e-01
1.110000e-01  3.215655e-01
1.140000e-01  3.185666e-01
1.170000e-01  3.156532e-01
1.200000e-01  3.128205e-01
1.230000e-01  3.100644e-01
1.260000e-01  3.073807e-01
1.290000e-01  3.047658e-01
1.320000e-01  3.022163e-01
1.350000e-01  2.997289e-01
1.380000e-01  2.973007e-01
1.410000e-01  2.949290e-01
1.440000e-01  2.926110e-01
1.470000e-01  2.903445e-01
1.500000e-01  2.881271e-01
1.530000e-01  2.859567e-01
1.560000e-01  2.838314e-01
1.590000e-01  2.817491e-01
1.620000e-01  2.797081e-01
1.650000e-01  2.777069e-01
1.680000e-01  2.757437e-01
1.710000e-01  2.738172e-01
1.740000e-01  2.719258e-01
1.770000e-01  2.700683e-01
1.800000e-01  2.682435e-01
1.830000e-01  2.664500e-01
1.860000e-01  2.646867e-01
1.890000e-01  2.629527e-01
1.920000e-01  2.612468e-01
1.950000e-01  2.595681e-01
1.980000e-01  2.579156e-01
2.010000e-01  2.562885e-01
2.040000e-01  2.546859e-01
2.070000e-01  2.531070e-01
2.100000e-01  2.515510e-01
2.130000e-01  2.500172e-01
2.160000e-01  2.485049e-01
2.190000e-01  2.470134e-01
2.220000e-01  2.455420e-01
2.250000e-01  2.440902e-01
2.280000e-01  2.426573e-01
2.310000e-01  2.412428e-01
2.340000e-01  2.398460e-01
2.370000e-01  2.384666e-01
2.400000e-01  2.371039e-01
2.430000e-01  2.357575e-01
2.460000e-01  2.344269e-01
2.490000e-01  2.331117e-01
2.520000e-01  2.318114e-01
2.550000e-01  2.305256e-01
2.580000e-01  2.292539e-01
2.610000e-01  2.279959e-01
2.640000e-01  2.267513e-01
2.670000e-01  2.255195e-01
2.700000e-01  2.243004e-01
2.730000e-01  2.230936e-01
2.760000e-01  2.218986e-01
2.790000e-01  2.207153e-01
2.820000e-01  2.195433e-01
2.850000e-01  2.183822e-01
2.880000e-01  2.172319e-01
2.910000e-01  2.160920e-01
2.940000e-01  2.149622e-01
2.970000e-01  2.138423e-01
3.000000e-01  2.127320e-01
3.030000e-01  2.116310e-01
3.060000e-01  2.105392e-01
3.090000e-01  2.094562e-01
3.120000e-01  2.083819e-01
3.150000e-01  2.073160e-01
3.180000e-01  2.062582e-01
3.210000e-01  2.052085e-01
3.240000e-01  2.041665e-01
3.270000e-01  2.031320e-01
3.300000e-01  2.021049e-01
3.330000e-01  2.010850e-01
3.360000e-01  2.000720e-01
3.390000e-01  1.990658e-01
3.420000e-01  1.980662e-01
3.450000e-01  1.970730e-01
3.480000e-01  1.960860e-01
3.510000e-01  1.951050e-01
3.540000e-01  1.941300e-01
3.570000e-01  1.931606e-01
3.600000e-01  1.921969e-01
3.630000e-01  1.912385e-01
3.660000e-01  1.902853e-01
3.690000e-01  1.893372e-01
3.720000e-01  1.883939e-01
3.750000e-01  1.874555e-01
3.780000e-01  1.865217e-01
3.810000e-01  1.855923e-01
3.840000e-01  1.846672e-01
3.870000e-01  1.837462e-01
3.900000e-01  1.828293e-01
3.930000e-01  1.819163e-01
3.960000e-01  1.810069e-01
3.990000e-01  1.801012e-01
4.020000e-01  1.791989e-01
4.050000e-01  1.782998e-01
4.080000e-01  1.774040e-01
4.110000e-01  1.765111e-01
4.140000e-01  1.756211e-01
4.170000e-01  1.747339e-01
4.200000e-01  1.738492e-01
4.230000e-01  1.729670e-01
4.260000e-01  1.720870e-01
4.290000e-01  1.712093e-01
4.320000e-01  1.703335e-01
4.350000e-01  1.694597e-01
4.380000e-01  1.685875e-01
4.410000e-01  1.677170e-01
4.440000e-01  1.668478e-01
4.470000e-01  1.659800e-01
4.500000e-01  1.651132e-01
4.530000e-01  1.642474e-01
4.560000e-01  1.633825e-01
4.590000e-01  1.625182e-01
4.620000e-01  1.616543e-01
4.650000e-01  1.607908e-01
4.680000e-01  000000
4.710000e-01  000000
4.740000e-01  000000
4.770000e-01  000000
4.800000e-01  000000
4.830000e-01  000000
4.860000e-01  000000
4.890000e-01  000000
4.920000e-01  000000
4.950000e-01  000000
4.980000e-01  000000
5.010000e-01  000000
5.040000e-01  000000
5.070000e-01  000000
5.100000e-01  000000
5.130000e-01  000000
5.160000e-01  000000
5.190000e-01  000000
5.220000e-01  000000
5.250000e-01  000000
5.280000e-01  000000
5.310000e-01  000000
5.340000e-01  000000
5.370000e-01  000000
5.400000e-01  000000
5.430000e-01  000000
5.460000e-01  000000
5.490000e-01  000000
5.520000e-01  000000
5.550000e-01  000000
5.580000e-01  000000
5.610000e-01  000000
5.640000e-01  000000
5.670000e-01  000000
5.700000e-01  000000
5.730000e-01  000000
5.760000e-01  000000
5.790000e-01  000000
5.820000e-01  000000
5.850000e-01  000000
5.880000e-01  000000
5.910000e-01  000000
5.940000e-01  000000
5.970000e-01  000000
6.000000e-01  000000
6.030000e-01  000000
6.060000e-01  000000
6.090000e-01  000000
6.120000e-01  000000
6.150000e-01  000000
6.180000e-01  000000
6.210000e-01  000000
6.240000e-01  000000
6.270000e-01  000000
6.300000e-01  000000
6.330000e-01  000000
6.360000e-01  000000
6.390000e-01  000000
6.420000e-01  000000
6.450000e-01  000000
6.480000e-01  000000
6.510000e-01  000000
6.540000e-01  000000
6.570000e-01  000000
6.600000e-01  000000
6.630000e-01  000000
6.660000e-01  000000
6.690000e-01  000000
6.720000e-01  000000
6.750000e-01  000000
6.780000e-01  000000
6.810000e-01  000000
6.840000e-01  000000
6.870000e-01  000000
6.900000e-01  000000
6.930000e-01  000000
6.960000e-01  000000
6.990000e-01  000000
7.020000e-01  000000
7.050000e-01  000000
7.080000e-01  000000
7.110000e-01  000000
7.140000e-01  000000
7.170000e-01  000000
7.200000e-01  000000
7.230000e-01  000000
7.260000e-01  000000
7.290000e-01  000000
7.320000e-01  000000
7.350000e-01  000000
7.380000e-01  000000
7.410000e-01  000000
7.440000e-01  000000
7.470000e-01  000000
7.500000e-01  000000
7.530000e-01  000000
7.560000e-01  000000
7.590000e-01  000000
7.620000e-01  000000
7.650000e-01  000000
7.680000e-01  000000
7.710000e-01  000000
7.740000e-01  000000
7.770000e-01  000000
7.800000e-01  000000
7.830000e-01  000000
7.860000e-01  000000
7.890000e-01  000000
7.920000e-01  000000
7.950000e-01  000000
7.980000e-01  000000
8.010000e-01  000000
8.040000e-01  000000
8.070000e-01  000000
8.100000e-01  000000
8.130000e-01  000000
8.160000e-01  000000
8.190000e-01  000000
8.220000e-01  000000
8.250000e-01  000000
8.280000e-01  000000
8.310000e-01  000000
8.340000e-01  000000
8.370000e-01  000000
8.400000e-01  000000
8.430000e-01  000000
8.460000e-01  000000
8.490000e-01  000000
8.520000e-01  000000
8.550000e-01  000000
8.580000e-01  000000
8.610000e-01  000000
8.640000e-01  000000
8.670000e-01  000000
8.700000e-01  000000
8.730000e-01  000000
8.760000e-01  000000
8.790000e-01  000000
8.820000e-01  000000
8.850000e-01  000000
8.880000e-01  000000
8.910000e-01  000000
8.940000e-01  000000
8.970000e-01  000000
9.000000e-01  000000
9.030000e-01  000000
9.060000e-01  000000
9.090000e-01  000000
9.120000e-01  000000
9.150000e-01  000000
9.180000e-01  000000
9.210000e-01  000000
9.240000e-01  000000
9.270000e-01  000000
9.300000e-01  000000
9.330000e-01  000000
9.360000e-01  000000
9.390000e-01  000000
9.420000e-01  000000
9.450000e-01  000000
9.480000e-01  000000
9.510000e-01  000000
9.540000e-01  000000
9.570000e-01  000000
9.600000e-01  000000
9.630000e-01  000000
9.660000e-01  000000
9.690000e-01  000000
9.720000e-01  000000
9.750000e-01  000000
9.780000e-01  000000
9.810000e-01  000000
9.840000e-01  000000
9.870000e-01  000000
9.900000e-01  000000
9.930000e-01  000000
9.960000e-01  000000
9.990000e-01  000000
