000000  000001
3.000000e-03  8.996739e-01
6.000000e-03  8.377690e-01
9.000000e-03  7.931609e-01
1.200000e-02  7.584432e-01
1.500000e-02  7.301277e-01
1.800000e-02  7.062900e-01
2.100000e-02  6.857557e-01
2.400000e-02  6.677557e-01
2.700000e-02  6.517592e-01
3.000000e-02  6.373847e-01
3.300000e-02  6.243489e-01
3.600000e-02  6.124359e-01
3.900000e-02  6.014774e-01
4.200000e-02  5.913398e-01
4.500000e-02  5.819152e-01
4.800000e-02  5.731154e-01
5.100000e-02  5.648673e-01
5.400000e-02  5.571097e-01
5.700000e-02  5.497909e-01
6.000000e-02  5.428667e-01
6.300000e-02  5.362993e-01
6.600000e-02  5.300559e-01
6.900000e-02  5.241079e-01
7.200000e-02  5.184303e-01
7.500000e-02  5.130011e-01
7.800000e-02  5.078006e-01
8.100000e-02  5.028117e-01
8.400000e-02  4.980188e-01
8.700000e-02  4.934080e-01
9.000000e-02  4.889668e-01
9.300000e-02  4.846840e-01
9.600000e-02  4.805494e-01
9.900000e-02  4.765536e-01
1.020000e-01  4.726882e-01
1.050000e-01  4.689455e-01
1.080000e-01  4.653184e-01
1.110000e-01  4.618004e-01
1.140000e-01  4.583855e-01
1.170000e-01  4.550683e-01
1.200000e-01  4.518436e-01
1.230000e-01  4.487068e-01
1.260000e-01  4.456534e-01
1.290000e-01  4.426794e-01
1.320000e-01  4.397810e-01
1.350000e-01  4.369547e-01
1.380000e-01  4.341972e-01
1.410000e-01  4.315055e-01
1.440000e-01  4.288766e-01
1.470000e-01  4.263079e-01
1.500000e-01  4.237968e-01
1.530000e-01  4.213409e-01
1.560000e-01  4.189381e-01
1.590000e-01  4.165861e-01
1.620000e-01  4.142831e-01
1.650000e-01  4.120271e-01
1.680000e-01  4.098163e-01
1.710000e-01  4.076492e-01
1.740000e-01  4.055240e-01
1.770000e-01  4.034393e-01
1.800000e-01  4.013936e-01
1.830000e-01  3.993857e-01
1.860000e-01  3.974142e-01
1.890000e-01  3.954778e-01
1.920000e-01  3.935754e-01
1.950000e-01  3.917060e-01
1.980000e-01  3.898684e-01
2.010000e-01  3.880616e-01
2.040000e-01  3.862847e-01
2.070000e-01  3.845367e-01
2.100000e-01  3.828168e-01
2.130000e-01  3.811241e-01
2.160000e-01  3.794579e-01
2.190000e-01  3.778172e-01
2.220000e-01  3.762015e-01
2.250000e-01  3.746100e-01
2.280000e-01  3.730420e-01
2.310000e-01  3.714968e-01
2.340000e-01  3.699739e-01
2.370000e-01  3.684726e-01
2.400000e-01  3.669924e-01
2.430000e-01  3.655327e-01
2.460000e-01  3.640929e-01
2.490000e-01  3.626727e-01
2.520000e-01  3.612713e-01
2.550000e-01  3.598884e-01
2.580000e-01  3.585236e-01
2.610000e-01  3.571763e-01
2.640000e-01  3.558462e-01
2.670000e-01  3.545328e-01
2.700000e-01  3.532357e-01
2.730000e-01  3.519545e-01
2.760000e-01  3.506890e-01
2.790000e-01  3.494386e-01
2.820000e-01  3.482031e-01
2.850000e-01  3.469822e-01
2.880000e-01  3.457754e-01
2.910000e-01  3.445826e-01
2.940000e-01  3.434033e-01
2.970000e-01  3.422373e-01
3.000000e-01  3.410843e-01
3.030000e-01  3.399440e-01
3.060000e-01  3.388162e-01
3.090000e-01  3.377006e-01
3.120000e-01  3.365969e-01
3.150000e-01  3.355049e-01
3.180000e-01  3.344244e-01
3.210000e-01  3.333551e-01
3.240000e-01  3.322967e-01
3.270000e-01  3.312492e-01
3.300000e-01  3.302123e-01
3.330000e-01  3.291857e-01
3.360000e-01  3.281693e-01
3.390000e-01  3.271628e-01
3.420000e-01  3.261661e-01
3.450000e-01  3.251791e-01
3.480000e-01  3.242014e-01
3.510000e-01  3.232330e-01
3.540000e-01  3.222736e-01
3.570000e-01  3.213232e-01
3.600000e-01  3.203815e-01
3.630000e-01  3.194484e-01
3.660000e-01  3.185238e-01
3.690000e-01  3.176074e-01
3.720000e-01  3.166992e-01
3.750000e-01  3.157990e-01
3.780000e-01  3.149066e-01
3.810000e-01  3.140220e-01
3.840000e-01  3.131449e-01
3.870000e-01  3.122754e-01
3.900000e-01  3.114132e-01
3.930000e-01  3.105582e-01
3.960000e-01  3.097103e-01
3.990000e-01  3.088694e-01
4.020000e-01  3.080353e-01
4.050000e-01  3.072081e-01
4.080000e-01  3.063875e-01
4.110000e-01  3.055734e-01
4.140000e-01  3.047658e-01
4.170000e-01  3.039645e-01
4.200000e-01  3.031695e-01
4.230000e-01  3.023806e-01
4.260000e-01  3.015978e-01
4.290000e-01  3.008209e-01
4.320000e-01  3.000499e-01
4.350000e-01  2.992847e-01
4.380000e-01  2.985252e-01
4.410000e-01  2.977713e-01
4.440000e-01  2.970229e-01
4.470000e-01  2.962800e-01
4.500000e-01  2.955424e-01
4.530000e-01  2.948101e-01
4.560000e-01  2.940831e-01
4.590000e-01  2.933611e-01
4.620000e-01  2.926443e-01
4.650000e-01  2.919324e-01
4.680000e-01  2.912254e-01
4.710000e-01  2.905234e-01
4.740000e-01  2.898260e-01
4.770000e-01  2.891335e-01
4.800000e-01  2.884455e-01
4.830000e-01  2.877622e-01
4.860000e-01  2.870834e-01
4.890000e-01  2.864090e-01
4.920000e-01  2.857391e-01
4.950000e-01  2.850735e-01
4.980000e-01  2.844122e-01
5.010000e-01  2.837552e-01
5.040000e-01  2.831023e-01
5.070000e-01  2.824535e-01
5.100000e-01  2.818088e-01
5.130000e-01  2.811682e-01
5.160000e-01  2.805315e-01
5.190000e-01  2.798987e-01
5.220000e-01  2.792698e-01
5.250000e-01  2.786447e-01
5.280000e-01  2.780233e-01
5.310000e-01  2.774057e-01
5.340000e-01  2.767918e-01
5.370000e-01  2.761815e-01
5.400000e-01  2.755748e-01
5.430000e-01  2.749716e-01
5.460000e-01  2.743719e-01
5.490000e-01  2.737757e-01
5.520000e-01  2.731829e-01
5.550000e-01  2.725934e-01
5.580000e-01  2.720073e-01
5.610000e-01  2.714245e-01
5.640000e-01  2.708450e-01
5.670000e-01  2.702686e-01
5.700000e-01  2.696955e-01
5.730000e-01  2.691255e-01
5.760000e-01  2.685585e-01
5.790000e-01  2.679947e-01
5.820000e-01  2.674339e-01
5.850000e-01  2.668760e-01
5.880000e-01  2.663212e-01
5.910000e-01  2.657693e-01
5.940000e-01  2.652202e-01
5.970000e-01  2.646741e-01
6.000000e-01  2.641307e-01
6.030000e-01  2.635902e-01
6.060000e-01  2.630525e-01
6.090000e-01  2.625174e-01
6.120000e-01  2.619851e-01
6.150000e-01  2.614555e-01
6.180000e-01  2.609285e-01
6.210000e-01  2.604041e-01
6.240000e-01  2.598824e-01
6.270000e-01  2.593631e-01
6.300000e-01  2.588465e-01
6.330000e-01  2.583323e-01
6.360000e-01  2.578206e-01
6.390000e-01  2.573114e-01
6.420000e-01  2.568046e-01
6.450000e-01  2.563002e-01
6.480000e-01  2.557982e-01
6.510000e-01  2.552986e-01
6.540000e-01  2.548012e-01
6.570000e-01  2.543062e-01
6.600000e-01  2.538135e-01
6.630000e-01  2.533230e-01
6.660000e-01  2.528348e-01
6.690000e-01  2.523488e-01
6.720000e-01  2.518649e-01
6.750000e-01  2.513833e-01
6.780000e-01  2.509037e-01
6.810000e-01  2.504263e-01
6.840000e-01  2.499511e-01
6.870000e-01  2.494778e-01
6.900000e-01  2.490067e-01
6.930000e-01  2.485376e-01
6.960000e-01  2.480705e-01
6.990000e-01  2.476054e-01
7.020000e-01  2.471423e-01
7.050000e-01  2.466811e-01
7.080000e-01  2.462219e-01
7.110000e-01  2.457647e-01
7.140000e-01  2.453093e-01
7.170000e-01  2.448558e-01
7.200000e-01  2.444042e-01
7.230000e-01  2.439544e-01
7.260000e-01  2.435065e-01
7.290000e-01  2.430604e-01
7.320000e-01  2.426160e-01
7.350000e-01  2.421735e-01
7.380000e-01  2.417327e-01
7.410000e-01  2.412937e-01
7.440000e-01  2.408564e-01
7.470000e-01  2.404208e-01
7.500000e-01  2.399869e-01
7.530000e-01  2.395547e-01
7.560000e-01  2.391242e-01
7.590000e-01  2.386953e-01
7.620000e-01  2.382681e-01
7.650000e-01  2.378424e-01
7.680000e-01  2.374184e-01
7.710000e-01  2.369960e-01
7.740000e-01  2.365751e-01
7.770000e-01  2.361559e-01
7.800000e-01  2.357381e-01
7.830000e-01  2.353219e-01
7.860000e-01  2.349072e-01
7.890000e-01  2.344941e-01
7.920000e-01  2.340824e-01
7.950000e-01  2.336722e-01
7.980000e-01  2.332634e-01
8.010000e-01  2.328562e-01
8.040000e-01  2.324503e-01
8.070000e-01  2.320459e-01
8.100000e-01  2.316429e-01
8.130000e-01  2.312413e-01
8.160000e-01  2.308411e-01
8.190000e-01  2.304423e-01
8.220000e-01  2.300448e-01
8.250000e-01  2.296487e-01
8.280000e-01  2.292539e-01
8.310000e-01  2.288605e-01
8.340000e-01  2.284684e-01
8.370000e-01  2.280776e-01
8.400000e-01  2.276881e-01
8.430000e-01  2.272998e-01
8.460000e-01  2.269129e-01
8.490000e-01  2.265272e-01
8.520000e-01  2.261427e-01
8.550000e-01  2.257595e-01
8.580000e-01  2.253776e-01
8.610000e-01  2.249968e-01
8.640000e-01  2.246173e-01
8.670000e-01  2.242389e-01
8.700000e-01  2.238618e-01
8.730000e-01  2.234858e-01
8.760000e-01  2.231110e-01
8.790000e-01  2.227373e-01
8.820000e-01  2.223648e-01
8.850000e-01  2.219935e-01
8.880000e-01  2.216232e-01
8.910000e-01  2.212541e-01
8.940000e-01  2.208861e-01
8.970000e-01  2.205192e-01
9.000000e-01  2.201534e-01
9.030000e-01  2.197887e-01
9.060000e-01  2.194250e-01
9.090000e-01  2.190624e-01
9.120000e-01  2.187009e-01
9.150000e-01  2.183404e-01
9.180000e-01  2.179809e-01
9.210000e-01  2.176225e-01
9.240000e-01  2.172651e-01
9.270000e-01  2.169087e-01
9.300000e-01  2.165533e-01
9.330000e-01  2.161989e-01
9.360000e-01  2.158455e-01
9.390000e-01  2.154931e-01
9.420000e-01  2.151416e-01
9.450000e-01  2.147911e-01
9.480000e-01  2.144416e-01
9.510000e-01  2.140930e-01
9.540000e-01  2.137453e-01
9.570000e-01  2.133986e-01
9.600000e-01  2.130528e-01
9.630000e-01  2.127079e-01
9.660000e-01  2.123640e-01
9.690000e-01  2.120209e-01
9.720000e-01  2.116787e-01
9.750000e-01  2.113374e-01
9.780000e-01  2.109970e-01
9.810000e-01  2.106574e-01
9.840000e-01  2.103187e-01
9.870000e-01  2.099809e-01
9.900000e-01  2.096439e-01
9.930000e-01  2.093078e-01
9.960000e-01  2.089725e-01
9.990000e-01  2.086380e-01
