000000  000001
3.000000e-03  8.248083e-01
6.000000e-03  7.429363e-01
9.000000e-03  6.898977e-01
1.200000e-02  6.510170e-01
1.500000e-02  6.205266e-01
1.800000e-02  5.955678e-01
2.100000e-02  5.745184e-01
2.400000e-02  5.563711e-01
2.700000e-02  5.404589e-01
3.000000e-02  5.263176e-01
3.300000e-02  5.136121e-01
3.600000e-02  5.020926e-01
3.900000e-02  4.915680e-01
4.200000e-02  4.818893e-01
4.500000e-02  4.729378e-01
4.800000e-02  4.646179e-01
5.100000e-02  4.568511e-01
5.400000e-02  4.495724e-01
5.700000e-02  4.427275e-01
6.000000e-02  4.362704e-01
6.300000e-02  4.301618e-01
6.600000e-02  4.243681e-01
6.900000e-02  4.188602e-01
7.200000e-02  4.136126e-01
7.500000e-02  4.086031e-01
7.800000e-02  4.038123e-01
8.100000e-02  3.992227e-01
8.400000e-02  3.948191e-01
8.700000e-02  3.905876e-01
9.000000e-02  3.865160e-01
9.300000e-02  3.825933e-01
9.600000e-02  3.788093e-01
9.900000e-02  3.751552e-01
1.020000e-01  3.716226e-01
1.050000e-01  3.682042e-01
1.080000e-01  3.648930e-01
1.110000e-01  3.616829e-01
1.140000e-01  3.585681e-01
1.170000e-01  3.555433e-01
1.200000e-01  3.526036e-01
1.230000e-01  3.497447e-01
1.260000e-01  3.469623e-01
1.290000e-01  3.442526e-01
1.320000e-01  3.416119e-01
1.350000e-01  3.390371e-01
1.380000e-01  3.365249e-01
1.410000e-01  3.340725e-01
1.440000e-01  3.316772e-01
1.470000e-01  3.293365e-01
1.500000e-01  3.270479e-01
1.530000e-01  3.248093e-01
1.560000e-01  3.226186e-01
1.590000e-01  3.204738e-01
1.620000e-01  3.183730e-01
1.650000e-01  3.163145e-01
1.680000e-01  3.142967e-01
1.710000e-01  3.123180e-01
1.740000e-01  3.103769e-01
1.770000e-01  3.084720e-01
1.800000e-01  3.066021e-01
1.830000e-01  3.047658e-01
1.860000e-01  3.029620e-01
1.890000e-01  3.011895e-01
1.920000e-01  2.994473e-01
1.950000e-01  2.977343e-01
1.980000e-01  2.960497e-01
2.010000e-01  2.943923e-01
2.040000e-01  2.927614e-01
2.070000e-01  2.911562e-01
2.100000e-01  2.895757e-01
2.130000e-01  2.880193e-01
2.160000e-01  2.864862e-01
2.190000e-01  2.849757e-01
2.220000e-01  2.834871e-01
2.250000e-01  2.820198e-01
2.280000e-01  2.805731e-01
2.310000e-01  2.791465e-01
2.340000e-01  2.777394e-01
2.370000e-01  2.763512e-01
2.400000e-01  2.749815e-01
2.430000e-01  2.736296e-01
2.460000e-01  2.722952e-01
2.490000e-01  2.709777e-01
2.520000e-01  2.696767e-01
2.550000e-01  2.683918e-01
2.580000e-01  2.671226e-01
2.610000e-01  2.658686e-01
2.640000e-01  2.646294e-01
2.670000e-01  2.634048e-01
2.700000e-01  2.621942e-01
2.730000e-01  2.609974e-01
2.760000e-01  2.598141e-01
2.790000e-01  2.586439e-01
2.820000e-01  2.574864e-01
2.850000e-01  2.563415e-01
2.880000e-01  2.552087e-01
2.910000e-01  2.540879e-01
2.940000e-01  2.529786e-01
2.970000e-01  2.518808e-01
3.000000e-01  2.507940e-01
3.030000e-01  2.497181e-01
3.060000e-01  2.486527e-01
3.090000e-01  2.475978e-01
3.120000e-01  2.465530e-01
3.150000e-01  2.455181e-01
3.180000e-01  2.444929e-01
3.210000e-01  2.434772e-01
3.240000e-01  2.424708e-01
3.270000e-01  2.414734e-01
3.300000e-01  2.404850e-01
3.330000e-01  2.395052e-01
3.360000e-01  2.385340e-01
3.390000e-01  2.375712e-01
3.420000e-01  2.366165e-01
3.450000e-01  2.356698e-01
3.480000e-01  2.347309e-01
3.510000e-01  2.337998e-01
3.540000e-01  2.328762e-01
3.570000e-01  2.319599e-01
3.600000e-01  2.310509e-01
3.630000e-01  2.301489e-01
3.660000e-01  2.292539e-01
3.690000e-01  2.283658e-01
3.720000e-01  2.274842e-01
3.750000e-01  2.266093e-01
3.780000e-01  2.257407e-01
3.810000e-01  2.248785e-01
3.840000e-01  2.240224e-01
3.870000e-01  2.231723e-01
3.900000e-01  2.223282e-01
3.930000e-01  2.214900e-01
3.960000e-01  2.206574e-01
3.990000e-01  2.198305e-01
4.020000e-01  2.190090e-01
4.050000e-01  2.181929e-01
4.080000e-01  2.173822e-01
4.110000e-01  2.165766e-01
4.140000e-01  2.157761e-01
4.170000e-01  2.149806e-01
4.200000e-01  2.141900e-01
4.230000e-01  2.134043e-01
4.260000e-01  2.126233e-01
4.290000e-01  2.118469e-01
4.320000e-01  2.110750e-01
4.350000e-01  2.103076e-01
4.380000e-01  2.095447e-01
4.410000e-01  2.087860e-01
4.440000e-01  2.080315e-01
4.470000e-01  2.072812e-01
4.500000e-01  2.065349e-01
4.530000e-01  2.057926e-01
4.560000e-01  2.050542e-01
4.590000e-01  2.043197e-01
4.620000e-01  2.035890e-01
4.650000e-01  2.028619e-01
4.680000e-01  2.021385e-01
4.710000e-01  2.014186e-01
4.740000e-01  2.007022e-01
4.770000e-01  1.999893e-01
4.800000e-01  1.992797e-01
4.830000e-01  1.985734e-01
4.860000e-01  1.978703e-01
4.890000e-01  1.971704e-01
4.920000e-01  1.964736e-01
4.950000e-01  1.957798e-01
4.980000e-01  1.950890e-01
5.010000e-01  1.944011e-01
5.040000e-01  1.937161e-01
5.070000e-01  1.930339e-01
5.100000e-01  1.923545e-01
5.130000e-01  1.916777e-01
5.160000e-01  1.910036e-01
5.190000e-01  1.903320e-01
5.220000e-01  1.896630e-01
5.250000e-01  1.889964e-01
5.280000e-01  1.883323e-01
5.310000e-01  1.876705e-01
5.340000e-01  1.870110e-01
5.370000e-01  1.863537e-01
5.400000e-01  1.856987e-01
5.430000e-01  1.850458e-01
5.460000e-01  1.843950e-01
5.490000e-01  1.837462e-01
5.520000e-01  1.830995e-01
5.550000e-01  1.824547e-01
5.580000e-01  1.818117e-01
5.610000e-01  1.811706e-01
5.640000e-01  1.805313e-01
5.670000e-01  1.798938e-01
5.700000e-01  1.792579e-01
5.730000e-01  1.786237e-01
5.760000e-01  1.779911e-01
5.790000e-01  1.773600e-01
5.820000e-01  1.767304e-01
5.850000e-01  1.761022e-01
5.880000e-01  1.754755e-01
5.910000e-01  1.748501e-01
5.940000e-01  1.742260e-01
5.970000e-01  1.736031e-01
6.000000e-01  1.729814e-01
6.030000e-01  1.723609e-01
6.060000e-01  1.717414e-01
6.090000e-01  1.711231e-01
6.120000e-01  1.705057e-01
6.150000e-01  1.698892e-01
6.180000e-01  1.692737e-01
6.210000e-01  1.686590e-01
6.240000e-01  1.680450e-01
6.270000e-01  1.674318e-01
6.300000e-01  1.668193e-01
6.330000e-01  1.662075e-01
6.360000e-01  1.655962e-01
6.390000e-01  1.649854e-01
6.420000e-01  1.643751e-01
6.450000e-01  1.637652e-01
6.480000e-01  1.631557e-01
6.510000e-01  1.625465e-01
6.540000e-01  1.619375e-01
6.570000e-01  1.613287e-01
6.600000e-01  1.607200e-01
6.630000e-01  000000
6.660000e-01  000000
6.690000e-01  000000
6.720000e-01  000000
6.750000e-01  000000
6.780000e-01  000000
6.810000e-01  000000
6.840000e-01  000000
6.870000e-01  000000
6.900000e-01  000000
6.930000e-01  000000
6.960000e-01  000000
6.990000e-01  000000
7.020000e-01  000000
7.050000e-01  000000
7.080000e-01  000000
7.110000e-01  000000
7.140000e-01  000000
7.170000e-01  000000
7.200000e-01  000000
7.230000e-01  000000
7.260000e-01  000000
7.290000e-01  000000
7.320000e-01  000000
7.350000e-01  000000
7.380000e-01  000000
7.410000e-01  000000
7.440000e-01  000000
7.470000e-01  000000
7.500000e-01  000000
7.530000e-01  000000
7.560000e-01  000000
7.590000e-01  000000
7.620000e-01  000000
7.650000e-01  000000
7.680000e-01  000000
7.710000e-01  000000
7.740000e-01  000000
7.770000e-01  000000
7.800000e-01  000000
7.830000e-01  000000
7.860000e-01  000000
7.890000e-01  000000
7.920000e-01  000000
7.950000e-01  000000
7.980000e-01  000000
8.010000e-01  000000
8.040000e-01  000000
8.070000e-01  000000
8.100000e-01  000000
8.130000e-01  000000
8.160000e-01  000000
8.190000e-01  000000
8.220000e-01  000000
8.250000e-01  000000
8.280000e-01  000000
8.310000e-01  000000
8.340000e-01  000000
8.370000e-01  000000
8.400000e-01  000000
8.430000e-01  000000
8.460000e-01  000000
8.490000e-01  000000
8.520000e-01  000000
8.550000e-01  000000
8.580000e-01  000000
8.610000e-01  000000
8.640000e-01  000000
8.670000e-01  000000
8.700000e-01  000000
8.730000e-01  000000
8.760000e-01  000000
8.790000e-01  000000
8.820000e-01  000000
8.850000e-01  000000
8.880000e-01  000000
8.910000e-01  000000
8.940000e-01  000000
8.970000e-01  000000
9.000000e-01  000000
9.030000e-01  000000
9.060000e-01  000000
9.090000e-01  000000
9.120000e-01  000000
9.150000e-01  000000
9.180000e-01  000000
9.210000e-01  000000
9.240000e-01  000000
9.270000e-01  000000
9.300000e-01  000000
9.330000e-01  000000
9.360000e-01  000000
9.390000e-01  000000
9.420000e-01  000000
9.450000e-01  000000
9.480000e-01  000000
9.510000e-01  000000
9.540000e-01  000000
9.570000e-01  000000
9.600000e-01  000000
9.630000e-01  000000
9.660000e-01  000000
9.690000e-01  000000
9.720000e-01  000000
9.750000e-01  000000
9.780000e-01  000000
9.810000e-01  000000
9.840000e-01  000000
9.870000e-01  000000
9.900000e-01  000000
9.930000e-01  000000
9.960000e-01  000000
9.990000e-01  000000
