000000  000001
3.000000e-03  8.606054e-01
6.000000e-03  7.865966e-01
9.000000e-03  7.364958e-01
1.200000e-02  6.988814e-01
1.500000e-02  6.689277e-01
1.800000e-02  6.441414e-01
2.100000e-02  6.230677e-01
2.400000e-02  6.047848e-01
2.700000e-02  5.886728e-01
3.000000e-02  5.742949e-01
3.300000e-02  5.613324e-01
3.600000e-02  5.495458e-01
3.900000e-02  5.387506e-01
4.200000e-02  5.288020e-01
4.500000e-02  5.195839e-01
4.800000e-02  5.110025e-01
5.100000e-02  5.029804e-01
5.400000e-02  4.954532e-01
5.700000e-02  4.883669e-01
6.000000e-02  4.816757e-01
6.300000e-02  4.753404e-01
6.600000e-02  4.693272e-01
6.900000e-02  4.636068e-01
7.200000e-02  4.581537e-01
7.500000e-02  4.529454e-01
7.800000e-02  4.479623e-01
8.100000e-02  4.431866e-01
8.400000e-02  4.386029e-01
8.700000e-02  4.341972e-01
9.000000e-02  4.299570e-01
9.300000e-02  4.258709e-01
9.600000e-02  4.219288e-01
9.900000e-02  4.181214e-01
1.020000e-01  4.144404e-01
1.050000e-01  4.108781e-01
1.080000e-01  4.074274e-01
1.110000e-01  4.040820e-01
1.140000e-01  4.008360e-01
1.170000e-01  3.976840e-01
1.200000e-01  3.946209e-01
1.230000e-01  3.916421e-01
1.260000e-01  3.887434e-01
1.290000e-01  3.859207e-01
1.320000e-01  3.831704e-01
1.350000e-01  3.804890e-01
1.380000e-01  3.778734e-01
1.410000e-01  3.753205e-01
1.440000e-01  3.728275e-01
1.470000e-01  3.703918e-01
1.500000e-01  3.680110e-01
1.530000e-01  3.656828e-01
1.560000e-01  3.634049e-01
1.590000e-01  3.611753e-01
1.620000e-01  3.589922e-01
1.650000e-01  3.568537e-01
1.680000e-01  3.547580e-01
1.710000e-01  3.527036e-01
1.740000e-01  3.506890e-01
1.770000e-01  3.487126e-01
1.800000e-01  3.467731e-01
1.830000e-01  3.448692e-01
1.860000e-01  3.429997e-01
1.890000e-01  3.411634e-01
1.920000e-01  3.393591e-01
1.950000e-01  3.375858e-01
1.980000e-01  3.358426e-01
2.010000e-01  3.341283e-01
2.040000e-01  3.324421e-01
2.070000e-01  3.307831e-01
2.100000e-01  3.291505e-01
2.130000e-01  3.275434e-01
2.160000e-01  3.259611e-01
2.190000e-01  3.244029e-01
2.220000e-01  3.228680e-01
2.250000e-01  3.213558e-01
2.280000e-01  3.198657e-01
2.310000e-01  3.183969e-01
2.340000e-01  3.169489e-01
2.370000e-01  3.155212e-01
2.400000e-01  3.141131e-01
2.430000e-01  3.127242e-01
2.460000e-01  3.113540e-01
2.490000e-01  3.100018e-01
2.520000e-01  3.086674e-01
2.550000e-01  3.073502e-01
2.580000e-01  3.060498e-01
2.610000e-01  3.047658e-01
2.640000e-01  3.034977e-01
2.670000e-01  3.022452e-01
2.700000e-01  3.010079e-01
2.730000e-01  2.997854e-01
2.760000e-01  2.985774e-01
2.790000e-01  2.973835e-01
2.820000e-01  2.962034e-01
2.850000e-01  2.950368e-01
2.880000e-01  2.938834e-01
2.910000e-01  2.927428e-01
2.940000e-01  2.916149e-01
2.970000e-01  2.904992e-01
3.000000e-01  2.893956e-01
3.030000e-01  2.883038e-01
3.060000e-01  2.872235e-01
3.090000e-01  2.861544e-01
3.120000e-01  2.850964e-01
3.150000e-01  2.840492e-01
3.180000e-01  2.830126e-01
3.210000e-01  2.819863e-01
3.240000e-01  2.809702e-01
3.270000e-01  2.799640e-01
3.300000e-01  2.789675e-01
3.330000e-01  2.779806e-01
3.360000e-01  2.770031e-01
3.390000e-01  2.760347e-01
3.420000e-01  2.750753e-01
3.450000e-01  2.741248e-01
3.480000e-01  2.731829e-01
3.510000e-01  2.722495e-01
3.540000e-01  2.713244e-01
3.570000e-01  2.704075e-01
3.600000e-01  2.694986e-01
3.630000e-01  2.685975e-01
3.660000e-01  2.677042e-01
3.690000e-01  2.668185e-01
3.720000e-01  2.659402e-01
3.750000e-01  2.650693e-01
3.780000e-01  2.642055e-01
3.810000e-01  2.633488e-01
3.840000e-01  2.624990e-01
3.870000e-01  2.616561e-01
3.900000e-01  2.608198e-01
3.930000e-01  2.599901e-01
3.960000e-01  2.591669e-01
3.990000e-01  2.583500e-01
4.020000e-01  2.575394e-01
4.050000e-01  2.567349e-01
4.080000e-01  2.559365e-01
4.110000e-01  2.551440e-01
4.140000e-01  2.543573e-01
4.170000e-01  2.535764e-01
4.200000e-01  2.528012e-01
4.230000e-01  2.520315e-01
4.260000e-01  2.512673e-01
4.290000e-01  2.505085e-01
4.320000e-01  2.497550e-01
4.350000e-01  2.490067e-01
4.380000e-01  2.482635e-01
4.410000e-01  2.475254e-01
4.440000e-01  2.467923e-01
4.470000e-01  2.460641e-01
4.500000e-01  2.453406e-01
4.530000e-01  2.446220e-01
4.560000e-01  2.439080e-01
4.590000e-01  2.431986e-01
4.620000e-01  2.424938e-01
4.650000e-01  2.417934e-01
4.680000e-01  2.410975e-01
4.710000e-01  2.404058e-01
4.740000e-01  2.397185e-01
4.770000e-01  2.390353e-01
4.800000e-01  2.383563e-01
4.830000e-01  2.376814e-01
4.860000e-01  2.370105e-01
4.890000e-01  2.363436e-01
4.920000e-01  2.356806e-01
4.950000e-01  2.350215e-01
4.980000e-01  2.343661e-01
5.010000e-01  2.337145e-01
5.040000e-01  2.330666e-01
5.070000e-01  2.324224e-01
5.100000e-01  2.317817e-01
5.130000e-01  2.311446e-01
5.160000e-01  2.305109e-01
5.190000e-01  2.298807e-01
5.220000e-01  2.292539e-01
5.250000e-01  2.286305e-01
5.280000e-01  2.280103e-01
5.310000e-01  2.273934e-01
5.340000e-01  2.267797e-01
5.370000e-01  2.261692e-01
5.400000e-01  2.255618e-01
5.430000e-01  2.249575e-01
5.460000e-01  2.243562e-01
5.490000e-01  2.237579e-01
5.520000e-01  2.231626e-01
5.550000e-01  2.225702e-01
5.580000e-01  2.219807e-01
5.610000e-01  2.213940e-01
5.640000e-01  2.208101e-01
5.670000e-01  2.202290e-01
5.700000e-01  2.196506e-01
5.730000e-01  2.190749e-01
5.760000e-01  2.185018e-01
5.790000e-01  2.179314e-01
5.820000e-01  2.173636e-01
5.850000e-01  2.167983e-01
5.880000e-01  2.162355e-01
5.910000e-01  2.156753e-01
5.940000e-01  2.151174e-01
5.970000e-01  2.145620e-01
6.000000e-01  2.140090e-01
6.030000e-01  2.134583e-01
6.060000e-01  2.129100e-01
6.090000e-01  2.123640e-01
6.120000e-01  2.118202e-01
6.150000e-01  2.112786e-01
6.180000e-01  2.107393e-01
6.210000e-01  2.102021e-01
6.240000e-01  2.096671e-01
6.270000e-01  2.091343e-01
6.300000e-01  2.086035e-01
6.330000e-01  2.080747e-01
6.360000e-01  2.075480e-01
6.390000e-01  2.070234e-01
6.420000e-01  2.065007e-01
6.450000e-01  2.059799e-01
6.480000e-01  2.054611e-01
6.510000e-01  2.049443e-01
6.540000e-01  2.044292e-01
6.570000e-01  2.039161e-01
6.600000e-01  2.034048e-01
6.630000e-01  2.028953e-01
6.660000e-01  2.023875e-01
6.690000e-01  2.018816e-01
6.720000e-01  2.013773e-01
6.750000e-01  2.008748e-01
6.780000e-01  2.003740e-01
6.810000e-01  1.998749e-01
6.840000e-01  1.993774e-01
6.870000e-01  1.988815e-01
6.900000e-01  1.983872e-01
6.930000e-01  1.978945e-01
6.960000e-01  1.974033e-01
6.990000e-01  1.969137e-01
7.020000e-01  1.964256e-01
7.050000e-01  1.959390e-01
7.080000e-01  1.954539e-01
7.110000e-01  1.949702e-01
7.140000e-01  1.944879e-01
7.170000e-01  1.940071e-01
7.200000e-01  1.935277e-01
7.230000e-01  1.930496e-01
7.260000e-01  1.925729e-01
7.290000e-01  1.920975e-01
7.320000e-01  1.916234e-01
7.350000e-01  1.911506e-01
7.380000e-01  1.906791e-01
7.410000e-01  1.902088e-01
7.440000e-01  1.897398e-01
7.470000e-01  1.892719e-01
7.500000e-01  1.888053e-01
7.530000e-01  1.883399e-01
7.560000e-01  1.878756e-01
7.590000e-01  1.874125e-01
7.620000e-01  1.869504e-01
7.650000e-01  1.864895e-01
7.680000e-01  1.860297e-01
7.710000e-01  1.855709e-01
7.740000e-01  1.851132e-01
7.770000e-01  1.846566e-01
7.800000e-01  1.842009e-01
7.830000e-01  1.837462e-01
7.860000e-01  1.832926e-01
7.890000e-01  1.828398e-01
7.920000e-01  1.823881e-01
7.950000e-01  1.819372e-01
7.980000e-01  1.814873e-01
8.010000e-01  1.810382e-01
8.040000e-01  1.805901e-01
8.070000e-01  1.801427e-01
8.100000e-01  1.796963e-01
8.130000e-01  1.792506e-01
8.160000e-01  1.788058e-01
8.190000e-01  1.783617e-01
8.220000e-01  1.779185e-01
8.250000e-01  1.774759e-01
8.280000e-01  1.770341e-01
8.310000e-01  1.765931e-01
8.340000e-01  1.761527e-01
8.370000e-01  1.757131e-01
8.400000e-01  1.752741e-01
8.430000e-01  1.748357e-01
8.460000e-01  1.743980e-01
8.490000e-01  1.739609e-01
8.520000e-01  1.735244e-01
8.550000e-01  1.730885e-01
8.580000e-01  1.726532e-01
8.610000e-01  1.722184e-01
8.640000e-01  1.717841e-01
8.670000e-01  1.713504e-01
8.700000e-01  1.709171e-01
8.730000e-01  1.704844e-01
8.760000e-01  1.700521e-01
8.790000e-01  1.696202e-01
8.820000e-01  1.691888e-01
8.850000e-01  1.687578e-01
8.880000e-01  1.683272e-01
8.910000e-01  1.678970e-01
8.940000e-01  1.674671e-01
8.970000e-01  1.670375e-01
9.000000e-01  1.666083e-01
9.030000e-01  1.661794e-01
9.060000e-01  1.657507e-01
9.090000e-01  1.653223e-01
9.120000e-01  1.648942e-01
9.150000e-01  1.644663e-01
9.180000e-01  1.640386e-01
9.210000e-01  1.636111e-01
9.240000e-01  1.631837e-01
9.270000e-01  1.627565e-01
9.300000e-01  1.623295e-01
9.330000e-01  1.619025e-01
9.360000e-01  1.614756e-01
9.390000e-01  1.610488e-01
9.420000e-01  1.606221e-01
9.450000e-01  000000
9.480000e-01  000000
9.510000e-01  000000
9.540000e-01  000000
9.570000e-01  000000
9.600000e-01  000000
9.630000e-01  000000
9.660000e-01  000000
9.690000e-01  000000
9.720000e-01  000000
9.750000e-01  000000
9.780000e-01  000000
9.810000e-01  000000
9.840000e-01  000000
9.870000e-01  000000
9.900000e-01  000000
9.930000e-01  000000
9.960000e-01  000000
9.990000e-01  000000
