000000  000001
3.000000e-03  8.815540e-01
6.000000e-03  8.135038e-01
9.000000e-03  7.659765e-01
1.200000e-02  7.296587e-01
1.500000e-02  7.004000e-01
1.800000e-02  6.759869e-01
2.100000e-02  6.550996e-01
2.400000e-02  6.368887e-01
2.700000e-02  6.207757e-01
3.000000e-02  6.063495e-01
3.300000e-02  5.933072e-01
3.600000e-02  5.814198e-01
3.900000e-02  5.705101e-01
4.200000e-02  5.604380e-01
4.500000e-02  5.510910e-01
4.800000e-02  5.423775e-01
5.100000e-02  5.342219e-01
5.400000e-02  5.265610e-01
5.700000e-02  5.193418e-01
6.000000e-02  5.125191e-01
6.300000e-02  5.060541e-01
6.600000e-02  4.999134e-01
6.900000e-02  4.940678e-01
7.200000e-02  4.884921e-01
7.500000e-02  4.831639e-01
7.800000e-02  4.780634e-01
8.100000e-02  4.731732e-01
8.400000e-02  4.684776e-01
8.700000e-02  4.639626e-01
9.000000e-02  4.596157e-01
9.300000e-02  4.554256e-01
9.600000e-02  4.513820e-01
9.900000e-02  4.474756e-01
1.020000e-01  4.436980e-01
1.050000e-01  4.400415e-01
1.080000e-01  4.364988e-01
1.110000e-01  4.330638e-01
1.140000e-01  4.297302e-01
1.170000e-01  4.264927e-01
1.200000e-01  4.233462e-01
1.230000e-01  4.202860e-01
1.260000e-01  4.173078e-01
1.290000e-01  4.144075e-01
1.320000e-01  4.115814e-01
1.350000e-01  4.088260e-01
1.380000e-01  4.061380e-01
1.410000e-01  4.035144e-01
1.440000e-01  4.009524e-01
1.470000e-01  3.984492e-01
1.500000e-01  3.960025e-01
1.530000e-01  3.936097e-01
1.560000e-01  3.912688e-01
1.590000e-01  3.889776e-01
1.620000e-01  3.867342e-01
1.650000e-01  3.845367e-01
1.680000e-01  3.823834e-01
1.710000e-01  3.802726e-01
1.740000e-01  3.782027e-01
1.770000e-01  3.761724e-01
1.800000e-01  3.741800e-01
1.830000e-01  3.722244e-01
1.860000e-01  3.703043e-01
1.890000e-01  3.684184e-01
1.920000e-01  3.665657e-01
1.950000e-01  3.647449e-01
1.980000e-01  3.629552e-01
2.010000e-01  3.611954e-01
2.040000e-01  3.594647e-01
2.070000e-01  3.577621e-01
2.100000e-01  3.560867e-01
2.130000e-01  3.544379e-01
2.160000e-01  3.528146e-01
2.190000e-01  3.512163e-01
2.220000e-01  3.496422e-01
2.250000e-01  3.480915e-01
2.280000e-01  3.465637e-01
2.310000e-01  3.450581e-01
2.340000e-01  3.435740e-01
2.370000e-01  3.421109e-01
2.400000e-01  3.406682e-01
2.430000e-01  3.392454e-01
2.460000e-01  3.378419e-01
2.490000e-01  3.364573e-01
2.520000e-01  3.350910e-01
2.550000e-01  3.337426e-01
2.580000e-01  3.324117e-01
2.610000e-01  3.310977e-01
2.640000e-01  3.298004e-01
2.670000e-01  3.285192e-01
2.700000e-01  3.272539e-01
2.730000e-01  3.260040e-01
2.760000e-01  3.247691e-01
2.790000e-01  3.235489e-01
2.820000e-01  3.223431e-01
2.850000e-01  3.211514e-01
2.880000e-01  3.199733e-01
2.910000e-01  3.188087e-01
2.940000e-01  3.176572e-01
2.970000e-01  3.165185e-01
3.000000e-01  3.153924e-01
3.030000e-01  3.142785e-01
3.060000e-01  3.131767e-01
3.090000e-01  3.120866e-01
3.120000e-01  3.110081e-01
3.150000e-01  3.099408e-01
3.180000e-01  3.088846e-01
3.210000e-01  3.078392e-01
3.240000e-01  3.068044e-01
3.270000e-01  3.057800e-01
3.300000e-01  3.047658e-01
3.330000e-01  3.037616e-01
3.360000e-01  3.027671e-01
3.390000e-01  3.017823e-01
3.420000e-01  3.008068e-01
3.450000e-01  2.998407e-01
3.480000e-01  2.988835e-01
3.510000e-01  2.979353e-01
3.540000e-01  2.969958e-01
3.570000e-01  2.960649e-01
3.600000e-01  2.951423e-01
3.630000e-01  2.942281e-01
3.660000e-01  2.933219e-01
3.690000e-01  2.924237e-01
3.720000e-01  2.915333e-01
3.750000e-01  2.906507e-01
3.780000e-01  2.897755e-01
3.810000e-01  2.889078e-01
3.840000e-01  2.880474e-01
3.870000e-01  2.871941e-01
3.900000e-01  2.863480e-01
3.930000e-01  2.855087e-01
3.960000e-01  2.846762e-01
3.990000e-01  2.838505e-01
4.020000e-01  2.830313e-01
4.050000e-01  2.822186e-01
4.080000e-01  2.814123e-01
4.110000e-01  2.806123e-01
4.140000e-01  2.798184e-01
4.170000e-01  2.790307e-01
4.200000e-01  2.782488e-01
4.230000e-01  2.774729e-01
4.260000e-01  2.767028e-01
4.290000e-01  2.759384e-01
4.320000e-01  2.751796e-01
4.350000e-01  2.744263e-01
4.380000e-01  2.736785e-01
4.410000e-01  2.729360e-01
4.440000e-01  2.721988e-01
4.470000e-01  2.714668e-01
4.500000e-01  2.707400e-01
4.530000e-01  2.700181e-01
4.560000e-01  2.693013e-01
4.590000e-01  2.685894e-01
4.620000e-01  2.678823e-01
4.650000e-01  2.671799e-01
4.680000e-01  2.664823e-01
4.710000e-01  2.657893e-01
4.740000e-01  2.651008e-01
4.770000e-01  2.644169e-01
4.800000e-01  2.637374e-01
4.830000e-01  2.630622e-01
4.860000e-01  2.623914e-01
4.890000e-01  2.617248e-01
4.920000e-01  2.610624e-01
4.950000e-01  2.604041e-01
4.980000e-01  2.597500e-01
5.010000e-01  2.590998e-01
5.040000e-01  2.584536e-01
5.070000e-01  2.578113e-01
5.100000e-01  2.571730e-01
5.130000e-01  2.565384e-01
5.160000e-01  2.559075e-01
5.190000e-01  2.552804e-01
5.220000e-01  2.546570e-01
5.250000e-01  2.540372e-01
5.280000e-01  2.534209e-01
5.310000e-01  2.528082e-01
5.340000e-01  2.521990e-01
5.370000e-01  2.515932e-01
5.400000e-01  2.509908e-01
5.430000e-01  2.503917e-01
5.460000e-01  2.497959e-01
5.490000e-01  2.492035e-01
5.520000e-01  2.486142e-01
5.550000e-01  2.480281e-01
5.580000e-01  2.474452e-01
5.610000e-01  2.468654e-01
5.640000e-01  2.462886e-01
5.670000e-01  2.457149e-01
5.700000e-01  2.451442e-01
5.730000e-01  2.445764e-01
5.760000e-01  2.440116e-01
5.790000e-01  2.434496e-01
5.820000e-01  2.428905e-01
5.850000e-01  2.423342e-01
5.880000e-01  2.417807e-01
5.910000e-01  2.412300e-01
5.940000e-01  2.406820e-01
5.970000e-01  2.401366e-01
6.000000e-01  2.395939e-01
6.030000e-01  2.390539e-01
6.060000e-01  2.385164e-01
6.090000e-01  2.379816e-01
6.120000e-01  2.374492e-01
6.150000e-01  2.369194e-01
6.180000e-01  2.363920e-01
6.210000e-01  2.358671e-01
6.240000e-01  2.353446e-01
6.270000e-01  2.348245e-01
6.300000e-01  2.343067e-01
6.330000e-01  2.337914e-01
6.360000e-01  2.332783e-01
6.390000e-01  2.327675e-01
6.420000e-01  2.322590e-01
6.450000e-01  2.317527e-01
6.480000e-01  2.312486e-01
6.510000e-01  2.307467e-01
6.540000e-01  2.302470e-01
6.570000e-01  2.297494e-01
6.600000e-01  2.292539e-01
6.630000e-01  2.287606e-01
6.660000e-01  2.282693e-01
6.690000e-01  2.277800e-01
6.720000e-01  2.272928e-01
6.750000e-01  2.268076e-01
6.780000e-01  2.263243e-01
6.810000e-01  2.258430e-01
6.840000e-01  2.253637e-01
6.870000e-01  2.248863e-01
6.900000e-01  2.244107e-01
6.930000e-01  2.239371e-01
6.960000e-01  2.234653e-01
6.990000e-01  2.229954e-01
7.020000e-01  2.225272e-01
7.050000e-01  2.220609e-01
7.080000e-01  2.215963e-01
7.110000e-01  2.211335e-01
7.140000e-01  2.206725e-01
7.170000e-01  2.202132e-01
7.200000e-01  2.197556e-01
7.230000e-01  2.192996e-01
7.260000e-01  2.188454e-01
7.290000e-01  2.183927e-01
7.320000e-01  2.179418e-01
7.350000e-01  2.174924e-01
7.380000e-01  2.170447e-01
7.410000e-01  2.165985e-01
7.440000e-01  2.161539e-01
7.470000e-01  2.157108e-01
7.500000e-01  2.152693e-01
7.530000e-01  2.148293e-01
7.560000e-01  2.143908e-01
7.590000e-01  2.139538e-01
7.620000e-01  2.135183e-01
7.650000e-01  2.130842e-01
7.680000e-01  2.126516e-01
7.710000e-01  2.122204e-01
7.740000e-01  2.117906e-01
7.770000e-01  2.113622e-01
7.800000e-01  2.109352e-01
7.830000e-01  2.105095e-01
7.860000e-01  2.100852e-01
7.890000e-01  2.096623e-01
7.920000e-01  2.092407e-01
7.950000e-01  2.088203e-01
7.980000e-01  2.084013e-01
8.010000e-01  2.079836e-01
8.040000e-01  2.075672e-01
8.070000e-01  2.071520e-01
8.100000e-01  2.067380e-01
8.130000e-01  2.063253e-01
8.160000e-01  2.059138e-01
8.190000e-01  2.055035e-01
8.220000e-01  2.050944e-01
8.250000e-01  2.046865e-01
8.280000e-01  2.042798e-01
8.310000e-01  2.038742e-01
8.340000e-01  2.034697e-01
8.370000e-01  2.030664e-01
8.400000e-01  2.026643e-01
8.430000e-01  2.022632e-01
8.460000e-01  2.018632e-01
8.490000e-01  2.014643e-01
8.520000e-01  2.010665e-01
8.550000e-01  2.006698e-01
8.580000e-01  2.002741e-01
8.610000e-01  1.998794e-01
8.640000e-01  1.994858e-01
8.670000e-01  1.990931e-01
8.700000e-01  1.987015e-01
8.730000e-01  1.983109e-01
8.760000e-01  1.979213e-01
8.790000e-01  1.975327e-01
8.820000e-01  1.971450e-01
8.850000e-01  1.967583e-01
8.880000e-01  1.963725e-01
8.910000e-01  1.959876e-01
8.940000e-01  1.956037e-01
8.970000e-01  1.952207e-01
9.000000e-01  1.948385e-01
9.030000e-01  1.944573e-01
9.060000e-01  1.940770e-01
9.090000e-01  1.936975e-01
9.120000e-01  1.933189e-01
9.150000e-01  1.929411e-01
9.180000e-01  1.925642e-01
9.210000e-01  1.921881e-01
9.240000e-01  1.918129e-01
9.270000e-01  1.914384e-01
9.300000e-01  1.910648e-01
9.330000e-01  1.906919e-01
9.360000e-01  1.903198e-01
9.390000e-01  1.899485e-01
9.420000e-01  1.895780e-01
9.450000e-01  1.892082e-01
9.480000e-01  1.888392e-01
9.510000e-01  1.884709e-01
9.540000e-01  1.881034e-01
9.570000e-01  1.877365e-01
9.600000e-01  1.873704e-01
9.630000e-01  1.870050e-01
9.660000e-01  1.866403e-01
9.690000e-01  1.862762e-01
9.720000e-01  1.859128e-01
9.750000e-01  1.855501e-01
9.780000e-01  1.851881e-01
9.810000e-01  1.848267e-01
9.840000e-01  1.844659e-01
9.870000e-01  1.841058e-01
9.900000e-01  1.837462e-01
9.930000e-01  1.833873e-01
9.960000e-01  1.830290e-01
9.990000e-01  1.826713e-01
