000000  000001
3.000000e-03  7.931609e-01
6.000000e-03  7.062900e-01
9.000000e-03  6.517592e-01
1.200000e-02  6.124359e-01
1.500000e-02  5.819152e-01
1.800000e-02  5.571097e-01
2.100000e-02  5.362993e-01
2.400000e-02  5.184303e-01
2.700000e-02  5.028117e-01
3.000000e-02  4.889668e-01
3.300000e-02  4.765536e-01
3.600000e-02  4.653184e-01
3.900000e-02  4.550683e-01
4.200000e-02  4.456534e-01
4.500000e-02  4.369547e-01
4.800000e-02  4.288766e-01
5.100000e-02  4.213409e-01
5.400000e-02  4.142831e-01
5.700000e-02  4.076492e-01
6.000000e-02  4.013936e-01
6.300000e-02  3.954778e-01
6.600000e-02  3.898684e-01
6.900000e-02  3.845367e-01
7.200000e-02  3.794579e-01
7.500000e-02  3.746100e-01
7.800000e-02  3.699739e-01
8.100000e-02  3.655327e-01
8.400000e-02  3.612713e-01
8.700000e-02  3.571763e-01
9.000000e-02  3.532357e-01
9.300000e-02  3.494386e-01
9.600000e-02  3.457754e-01
9.900000e-02  3.422373e-01
1.020000e-01  3.388162e-01
1.050000e-01  3.355049e-01
1.080000e-01  3.322967e-01
1.110000e-01  3.291857e-01
1.140000e-01  3.261661e-01
1.170000e-01  3.232330e-01
1.200000e-01  3.203815e-01
1.230000e-01  3.176074e-01
1.260000e-01  3.149066e-01
1.290000e-01  3.122754e-01
1.320000e-01  3.097103e-01
1.350000e-01  3.072081e-01
1.380000e-01  3.047658e-01
1.410000e-01  3.023806e-01
1.440000e-01  3.000499e-01
1.470000e-01  2.977713e-01
1.500000e-01  2.955424e-01
1.530000e-01  2.933611e-01
1.560000e-01  2.912254e-01
1.590000e-01  2.891335e-01
1.620000e-01  2.870834e-01
1.650000e-01  2.850735e-01
1.680000e-01  2.831023e-01
1.710000e-01  2.811682e-01
1.740000e-01  2.792698e-01
1.770000e-01  2.774057e-01
1.800000e-01  2.755748e-01
1.830000e-01  2.737757e-01
1.860000e-01  2.720073e-01
1.890000e-01  2.702686e-01
1.920000e-01  2.685585e-01
1.950000e-01  2.668760e-01
1.980000e-01  2.652202e-01
2.010000e-01  2.635902e-01
2.040000e-01  2.619851e-01
2.070000e-01  2.604041e-01
2.100000e-01  2.588465e-01
2.130000e-01  2.573114e-01
2.160000e-01  2.557982e-01
2.190000e-01  2.543062e-01
2.220000e-01  2.528348e-01
2.250000e-01  2.513833e-01
2.280000e-01  2.499511e-01
2.310000e-01  2.485376e-01
2.340000e-01  2.471423e-01
2.370000e-01  2.457647e-01
2.400000e-01  2.444042e-01
2.430000e-01  2.430604e-01
2.460000e-01  2.417327e-01
2.490000e-01  2.404208e-01
2.520000e-01  2.391242e-01
2.550000e-01  2.378424e-01
2.580000e-01  2.365751e-01
2.610000e-01  2.353219e-01
2.640000e-01  2.340824e-01
2.670000e-01  2.328562e-01
2.700000e-01  2.316429e-01
2.730000e-01  2.304423e-01
2.760000e-01  2.292539e-01
2.790000e-01  2.280776e-01
2.820000e-01  2.269129e-01
2.850000e-01  2.257595e-01
2.880000e-01  2.246173e-01
2.910000e-01  2.234858e-01
2.940000e-01  2.223648e-01
2.970000e-01  2.212541e-01
3.000000e-01  2.201534e-01
3.030000e-01  2.190624e-01
3.060000e-01  2.179809e-01
3.090000e-01  2.169087e-01
3.120000e-01  2.158455e-01
3.150000e-01  2.147911e-01
3.180000e-01  2.137453e-01
3.210000e-01  2.127079e-01
3.240000e-01  2.116787e-01
3.270000e-01  2.106574e-01
3.300000e-01  2.096439e-01
3.330000e-01  2.086380e-01
3.360000e-01  2.076395e-01
3.390000e-01  2.066482e-01
3.420000e-01  2.056639e-01
3.450000e-01  2.046865e-01
3.480000e-01  2.037158e-01
3.510000e-01  2.027516e-01
3.540000e-01  2.017938e-01
3.570000e-01  2.008421e-01
3.600000e-01  1.998965e-01
3.630000e-01  1.989568e-01
3.660000e-01  1.980229e-01
3.690000e-01  1.970945e-01
3.720000e-01  1.961716e-01
3.750000e-01  1.952539e-01
3.780000e-01  1.943415e-01
3.810000e-01  1.934340e-01
3.840000e-01  1.925315e-01
3.870000e-01  1.916337e-01
3.900000e-01  1.907405e-01
3.930000e-01  1.898518e-01
3.960000e-01  1.889675e-01
3.990000e-01  1.880874e-01
4.020000e-01  1.872114e-01
4.050000e-01  1.863395e-01
4.080000e-01  1.854714e-01
4.110000e-01  1.846070e-01
4.140000e-01  1.837462e-01
4.170000e-01  1.828890e-01
4.200000e-01  1.820351e-01
4.230000e-01  1.811846e-01
4.260000e-01  1.803371e-01
4.290000e-01  1.794927e-01
4.320000e-01  1.786512e-01
4.350000e-01  1.778126e-01
4.380000e-01  1.769766e-01
4.410000e-01  1.761432e-01
4.440000e-01  1.753122e-01
4.470000e-01  1.744836e-01
4.500000e-01  1.736572e-01
4.530000e-01  1.728329e-01
4.560000e-01  1.720106e-01
4.590000e-01  1.711902e-01
4.620000e-01  1.703716e-01
4.650000e-01  1.695546e-01
4.680000e-01  1.687391e-01
4.710000e-01  1.679250e-01
4.740000e-01  1.671122e-01
4.770000e-01  1.663005e-01
4.800000e-01  1.654899e-01
4.830000e-01  1.646802e-01
4.860000e-01  1.638713e-01
4.890000e-01  1.630630e-01
4.920000e-01  1.622552e-01
4.950000e-01  1.614478e-01
4.980000e-01  1.606406e-01
5.010000e-01  000000
5.040000e-01  000000
5.070000e-01  000000
5.100000e-01  000000
5.130000e-01  000000
5.160000e-01  000000
5.190000e-01  000000
5.220000e-01  000000
5.250000e-01  000000
5.280000e-01  000000
5.310000e-01  000000
5.340000e-01  000000
5.370000e-01  000000
5.400000e-01  000000
5.430000e-01  000000
5.460000e-01  000000
5.490000e-01  000000
5.520000e-01  000000
5.550000e-01  000000
5.580000e-01  000000
5.610000e-01  000000
5.640000e-01  000000
5.670000e-01  000000
5.700000e-01  000000
5.730000e-01  000000
5.760000e-01  000000
5.790000e-01  000000
5.820000e-01  000000
5.850000e-01  000000
5.880000e-01  000000
5.910000e-01  000000
5.940000e-01  000000
5.970000e-01  000000
6.000000e-01  000000
6.030000e-01  000000
6.060000e-01  000000
6.090000e-01  000000
6.120000e-01  000000
6.150000e-01  000000
6.180000e-01  000000
6.210000e-01  000000
6.240000e-01  000000
6.270000e-01  000000
6.300000e-01  000000
6.330000e-01  000000
6.360000e-01  000000
6.390000e-01  000000
6.420000e-01  000000
6.450000e-01  000000
6.480000e-01  000000
6.510000e-01  000000
6.540000e-01  000000
6.570000e-01  000000
6.600000e-01  000000
6.630000e-01  000000
6.660000e-01  000000
6.690000e-01  000000
6.720000e-01  000000
6.750000e-01  000000
6.780000e-01  000000
6.810000e-01  000000
6.840000e-01  000000
6.870000e-01  000000
6.900000e-01  000000
6.930000e-01  000000
6.960000e-01  000000
6.990000e-01  000000
7.020000e-01  000000
7.050000e-01  000000
7.080000e-01  000000
7.110000e-01  000000
7.140000e-01  000000
7.170000e-01  000000
7.200000e-01  000000
7.230000e-01  000000
7.260000e-01  000000
7.290000e-01  000000
7.320000e-01  000000
7.350000e-01  000000
7.380000e-01  000000
7.410000e-01  000000
7.440000e-01  000000
7.470000e-01  000000
7.500000e-01  000000
7.530000e-01  000000
7.560000e-01  000000
7.590000e-01  000000
7.620000e-01  000000
7.650000e-01  000000
7.680000e-01  000000
7.710000e-01  000000
7.740000e-01  000000
7.770000e-01  000000
7.800000e-01  000000
7.830000e-01  000000
7.860000e-01  000000
7.890000e-01  000000
7.920000e-01  000000
7.950000e-01  000000
7.980000e-01  000000
8.010000e-01  000000
8.040000e-01  000000
8.070000e-01  000000
8.100000e-01  000000
8.130000e-01  000000
8.160000e-01  000000
8.190000e-01  000000
8.220000e-01  000000
8.250000e-01  000000
8.280000e-01  000000
8.310000e-01  000000
8.340000e-01  000000
8.370000e-01  000000
8.400000e-01  000000
8.430000e-01  000000
8.460000e-01  000000
8.490000e-01  000000
8.520000e-01  000000
8.550000e-01  000000
8.580000e-01  000000
8.610000e-01  000000
8.640000e-01  000000
8.670000e-01  000000
8.700000e-01  000000
8.730000e-01  000000
8.760000e-01  000000
8.790000e-01  000000
8.820000e-01  000000
8.850000e-01  000000
8.880000e-01  000000
8.910000e-01  000000
8.940000e-01  000000
8.970000e-01  000000
9.000000e-01  000000
9.030000e-01  000000
9.060000e-01  000000
9.090000e-01  000000
9.120000e-01  000000
9.150000e-01  000000
9.180000e-01  000000
9.210000e-01  000000
9.240000e-01  000000
9.270000e-01  000000
9.300000e-01  000000
9.330000e-01  000000
9.360000e-01  000000
9.390000e-01  000000
9.420000e-01  000000
9.450000e-01  000000
9.480000e-01  000000
9.510000e-01  000000
9.540000e-01  000000
9.570000e-01  000000
9.600000e-01  000000
9.630000e-01  000000
9.660000e-01  000000
9.690000e-01  000000
9.720000e-01  000000
9.750000e-01  000000
9.780000e-01  000000
9.810000e-01  000000
9.840000e-01  000000
9.870000e-01  000000
9.900000e-01  000000
9.930000e-01  000000
9.960000e-01  000000
9.990000e-01  000000
