000000  000001
3.000000e-03  8.792005e-01
6.000000e-03  8.104232e-01
9.000000e-03  7.625678e-01
1.200000e-02  7.260780e-01
1.500000e-02  6.967227e-01
1.800000e-02  6.722540e-01
2.100000e-02  6.513356e-01
2.400000e-02  6.331088e-01
2.700000e-02  6.169898e-01
3.000000e-02  6.025641e-01
3.300000e-02  5.895269e-01
3.600000e-02  5.776478e-01
3.900000e-02  5.667484e-01
4.200000e-02  5.566881e-01
4.500000e-02  5.473540e-01
4.800000e-02  5.386539e-01
5.100000e-02  5.305122e-01
5.400000e-02  5.228655e-01
5.700000e-02  5.156606e-01
6.000000e-02  5.088521e-01
6.300000e-02  5.024012e-01
6.600000e-02  4.962745e-01
6.900000e-02  4.904429e-01
7.200000e-02  4.848808e-01
7.500000e-02  4.795660e-01
7.800000e-02  4.744787e-01
8.100000e-02  4.696014e-01
8.400000e-02  4.649185e-01
8.700000e-02  4.604160e-01
9.000000e-02  4.560813e-01
9.300000e-02  4.519031e-01
9.600000e-02  4.478712e-01
9.900000e-02  4.439762e-01
1.020000e-01  4.402097e-01
1.050000e-01  4.365641e-01
1.080000e-01  4.330321e-01
1.110000e-01  4.296075e-01
1.140000e-01  4.262841e-01
1.170000e-01  4.230566e-01
1.200000e-01  4.199199e-01
1.230000e-01  4.168692e-01
1.260000e-01  4.139003e-01
1.290000e-01  4.110092e-01
1.320000e-01  4.081920e-01
1.350000e-01  4.054453e-01
1.380000e-01  4.027659e-01
1.410000e-01  4.001507e-01
1.440000e-01  3.975969e-01
1.470000e-01  3.951018e-01
1.500000e-01  3.926629e-01
1.530000e-01  3.902778e-01
1.560000e-01  3.879445e-01
1.590000e-01  3.856606e-01
1.620000e-01  3.834245e-01
1.650000e-01  3.812340e-01
1.680000e-01  3.790876e-01
1.710000e-01  3.769836e-01
1.740000e-01  3.749205e-01
1.770000e-01  3.728966e-01
1.800000e-01  3.709107e-01
1.830000e-01  3.689614e-01
1.860000e-01  3.670474e-01
1.890000e-01  3.651675e-01
1.920000e-01  3.633207e-01
1.950000e-01  3.615057e-01
1.980000e-01  3.597217e-01
2.010000e-01  3.579675e-01
2.040000e-01  3.562422e-01
2.070000e-01  3.545450e-01
2.100000e-01  3.528749e-01
2.130000e-01  3.512312e-01
2.160000e-01  3.496130e-01
2.190000e-01  3.480196e-01
2.220000e-01  3.464504e-01
2.250000e-01  3.449045e-01
2.280000e-01  3.433814e-01
2.310000e-01  3.418803e-01
2.340000e-01  3.404007e-01
2.370000e-01  3.389421e-01
2.400000e-01  3.375037e-01
2.430000e-01  3.360852e-01
2.460000e-01  3.346859e-01
2.490000e-01  3.333053e-01
2.520000e-01  3.319431e-01
2.550000e-01  3.305987e-01
2.580000e-01  3.292716e-01
2.610000e-01  3.279615e-01
2.640000e-01  3.266679e-01
2.670000e-01  3.253904e-01
2.700000e-01  3.241287e-01
2.730000e-01  3.228823e-01
2.760000e-01  3.216509e-01
2.790000e-01  3.204341e-01
2.820000e-01  3.192316e-01
2.850000e-01  3.180432e-01
2.880000e-01  3.168683e-01
2.910000e-01  3.157069e-01
2.940000e-01  3.145585e-01
2.970000e-01  3.134228e-01
3.000000e-01  3.122996e-01
3.030000e-01  3.111887e-01
3.060000e-01  3.100898e-01
3.090000e-01  3.090025e-01
3.120000e-01  3.079267e-01
3.150000e-01  3.068622e-01
3.180000e-01  3.058086e-01
3.210000e-01  3.047658e-01
3.240000e-01  3.037335e-01
3.270000e-01  3.027116e-01
3.300000e-01  3.016999e-01
3.330000e-01  3.006980e-01
3.360000e-01  2.997059e-01
3.390000e-01  2.987234e-01
3.420000e-01  2.977502e-01
3.450000e-01  2.967862e-01
3.480000e-01  2.958313e-01
3.510000e-01  2.948852e-01
3.540000e-01  2.939477e-01
3.570000e-01  2.930188e-01
3.600000e-01  2.920983e-01
3.630000e-01  2.911859e-01
3.660000e-01  2.902817e-01
3.690000e-01  2.893854e-01
3.720000e-01  2.884968e-01
3.750000e-01  2.876159e-01
3.780000e-01  2.867425e-01
3.810000e-01  2.858765e-01
3.840000e-01  2.850177e-01
3.870000e-01  2.841661e-01
3.900000e-01  2.833215e-01
3.930000e-01  2.824837e-01
3.960000e-01  2.816528e-01
3.990000e-01  2.808285e-01
4.020000e-01  2.800108e-01
4.050000e-01  2.791995e-01
4.080000e-01  2.783945e-01
4.110000e-01  2.775958e-01
4.140000e-01  2.768032e-01
4.170000e-01  2.760167e-01
4.200000e-01  2.752361e-01
4.230000e-01  2.744614e-01
4.260000e-01  2.736924e-01
4.290000e-01  2.729291e-01
4.320000e-01  2.721713e-01
4.350000e-01  2.714191e-01
4.380000e-01  2.706723e-01
4.410000e-01  2.699308e-01
4.440000e-01  2.691945e-01
4.470000e-01  2.684635e-01
4.500000e-01  2.677375e-01
4.530000e-01  2.670165e-01
4.560000e-01  2.663005e-01
4.590000e-01  2.655894e-01
4.620000e-01  2.648830e-01
4.650000e-01  2.641814e-01
4.680000e-01  2.634844e-01
4.710000e-01  2.627921e-01
4.740000e-01  2.621043e-01
4.770000e-01  2.614209e-01
4.800000e-01  2.607420e-01
4.830000e-01  2.600674e-01
4.860000e-01  2.593970e-01
4.890000e-01  2.587309e-01
4.920000e-01  2.580690e-01
4.950000e-01  2.574112e-01
4.980000e-01  2.567574e-01
5.010000e-01  2.561076e-01
5.040000e-01  2.554618e-01
5.070000e-01  2.548198e-01
5.100000e-01  2.541817e-01
5.130000e-01  2.535474e-01
5.160000e-01  2.529168e-01
5.190000e-01  2.522899e-01
5.220000e-01  2.516666e-01
5.250000e-01  2.510469e-01
5.280000e-01  2.504308e-01
5.310000e-01  2.498182e-01
5.340000e-01  2.492090e-01
5.370000e-01  2.486032e-01
5.400000e-01  2.480008e-01
5.430000e-01  2.474017e-01
5.460000e-01  2.468059e-01
5.490000e-01  2.462134e-01
5.520000e-01  2.456240e-01
5.550000e-01  2.450378e-01
5.580000e-01  2.444548e-01
5.610000e-01  2.438748e-01
5.640000e-01  2.432978e-01
5.670000e-01  2.427238e-01
5.700000e-01  2.421529e-01
5.730000e-01  2.415848e-01
5.760000e-01  2.410197e-01
5.790000e-01  2.404574e-01
5.820000e-01  2.398979e-01
5.850000e-01  2.393413e-01
5.880000e-01  2.387874e-01
5.910000e-01  2.382362e-01
5.940000e-01  2.376877e-01
5.970000e-01  2.371419e-01
6.000000e-01  2.365987e-01
6.030000e-01  2.360581e-01
6.060000e-01  2.355201e-01
6.090000e-01  2.349846e-01
6.120000e-01  2.344517e-01
6.150000e-01  2.339212e-01
6.180000e-01  2.333932e-01
6.210000e-01  2.328676e-01
6.240000e-01  2.323444e-01
6.270000e-01  2.318235e-01
6.300000e-01  2.313050e-01
6.330000e-01  2.307888e-01
6.360000e-01  2.302750e-01
6.390000e-01  2.297633e-01
6.420000e-01  2.292539e-01
6.450000e-01  2.287468e-01
6.480000e-01  2.282418e-01
6.510000e-01  2.277390e-01
6.540000e-01  2.272383e-01
6.570000e-01  2.267397e-01
6.600000e-01  2.262432e-01
6.630000e-01  2.257488e-01
6.660000e-01  2.252564e-01
6.690000e-01  2.247661e-01
6.720000e-01  2.242778e-01
6.750000e-01  2.237914e-01
6.780000e-01  2.233070e-01
6.810000e-01  2.228245e-01
6.840000e-01  2.223440e-01
6.870000e-01  2.218653e-01
6.900000e-01  2.213885e-01
6.930000e-01  2.209136e-01
6.960000e-01  2.204405e-01
6.990000e-01  2.199692e-01
7.020000e-01  2.194997e-01
7.050000e-01  2.190320e-01
7.080000e-01  2.185660e-01
7.110000e-01  2.181017e-01
7.140000e-01  2.176392e-01
7.170000e-01  2.171784e-01
7.200000e-01  2.167193e-01
7.230000e-01  2.162618e-01
7.260000e-01  2.158059e-01
7.290000e-01  2.153517e-01
7.320000e-01  2.148991e-01
7.350000e-01  2.144481e-01
7.380000e-01  2.139987e-01
7.410000e-01  2.135508e-01
7.440000e-01  2.131045e-01
7.470000e-01  2.126597e-01
7.500000e-01  2.122163e-01
7.530000e-01  2.117745e-01
7.560000e-01  2.113342e-01
7.590000e-01  2.108953e-01
7.620000e-01  2.104579e-01
7.650000e-01  2.100219e-01
7.680000e-01  2.095873e-01
7.710000e-01  2.091541e-01
7.740000e-01  2.087223e-01
7.770000e-01  2.082919e-01
7.800000e-01  2.078628e-01
7.830000e-01  2.074351e-01
7.860000e-01  2.070087e-01
7.890000e-01  2.065836e-01
7.920000e-01  2.061598e-01
7.950000e-01  2.057373e-01
7.980000e-01  2.053160e-01
8.010000e-01  2.048960e-01
8.040000e-01  2.044773e-01
8.070000e-01  2.040598e-01
8.100000e-01  2.036435e-01
8.130000e-01  2.032284e-01
8.160000e-01  2.028145e-01
8.190000e-01  2.024017e-01
8.220000e-01  2.019902e-01
8.250000e-01  2.015798e-01
8.280000e-01  2.011705e-01
8.310000e-01  2.007624e-01
8.340000e-01  2.003553e-01
8.370000e-01  1.999494e-01
8.400000e-01  1.995446e-01
8.430000e-01  1.991408e-01
8.460000e-01  1.987381e-01
8.490000e-01  1.983365e-01
8.520000e-01  1.979359e-01
8.550000e-01  1.975363e-01
8.580000e-01  1.971377e-01
8.610000e-01  1.967402e-01
8.640000e-01  1.963437e-01
8.670000e-01  1.959481e-01
8.700000e-01  1.955535e-01
8.730000e-01  1.951599e-01
8.760000e-01  1.947672e-01
8.790000e-01  1.943755e-01
8.820000e-01  1.939847e-01
8.850000e-01  1.935948e-01
8.880000e-01  1.932058e-01
8.910000e-01  1.928177e-01
8.940000e-01  1.924305e-01
8.970000e-01  1.920442e-01
9.000000e-01  1.916588e-01
9.030000e-01  1.912742e-01
9.060000e-01  1.908904e-01
9.090000e-01  1.905075e-01
9.120000e-01  1.901254e-01
9.150000e-01  1.897441e-01
9.180000e-01  1.893637e-01
9.210000e-01  1.889840e-01
9.240000e-01  1.886051e-01
9.270000e-01  1.882270e-01
9.300000e-01  1.878496e-01
9.330000e-01  1.874730e-01
9.360000e-01  1.870971e-01
9.390000e-01  1.867220e-01
9.420000e-01  1.863476e-01
9.450000e-01  1.859739e-01
9.480000e-01  1.856009e-01
9.510000e-01  1.852286e-01
9.540000e-01  1.848570e-01
9.570000e-01  1.844861e-01
9.600000e-01  1.841158e-01
9.630000e-01  1.837462e-01
9.660000e-01  1.833773e-01
9.690000e-01  1.830090e-01
9.720000e-01  1.826413e-01
9.750000e-01  1.822742e-01
9.780000e-01  1.819077e-01
9.810000e-01  1.815419e-01
9.840000e-01  1.811766e-01
9.870000e-01  1.808119e-01
9.900000e-01  1.804478e-01
9.930000e-01  1.800843e-01
9.960000e-01  1.797213e-01
9.990000e-01  1.793588e-01
