000000  000001
3.000000e-03  9.043472e-01
6.000000e-03  8.441970e-01
9.000000e-03  8.004691e-01
1.200000e-02  7.662555e-01
1.500000e-02  7.382504e-01
1.800000e-02  7.146118e-01
2.100000e-02  6.942077e-01
2.400000e-02  6.762930e-01
2.700000e-02  6.603513e-01
3.000000e-02  6.460102e-01
3.300000e-02  6.329926e-01
3.600000e-02  6.210865e-01
3.900000e-02  6.101268e-01
4.200000e-02  5.999817e-01
4.500000e-02  5.905450e-01
4.800000e-02  5.817297e-01
5.100000e-02  5.734633e-01
5.400000e-02  5.656855e-01
5.700000e-02  5.583450e-01
6.000000e-02  5.513981e-01
6.300000e-02  5.448071e-01
6.600000e-02  5.385396e-01
6.900000e-02  5.325671e-01
7.200000e-02  5.268647e-01
7.500000e-02  5.214107e-01
7.800000e-02  5.161855e-01
8.100000e-02  5.111718e-01
8.400000e-02  5.063544e-01
8.700000e-02  5.017192e-01
9.000000e-02  4.972539e-01
9.300000e-02  4.929472e-01
9.600000e-02  4.887890e-01
9.900000e-02  4.847699e-01
1.020000e-01  4.808816e-01
1.050000e-01  4.771162e-01
1.080000e-01  4.734668e-01
1.110000e-01  4.699269e-01
1.140000e-01  4.664904e-01
1.170000e-01  4.631520e-01
1.200000e-01  4.599063e-01
1.230000e-01  4.567489e-01
1.260000e-01  4.536753e-01
1.290000e-01  4.506814e-01
1.320000e-01  4.477634e-01
1.350000e-01  4.449179e-01
1.380000e-01  4.421415e-01
1.410000e-01  4.394311e-01
1.440000e-01  4.367839e-01
1.470000e-01  4.341972e-01
1.500000e-01  4.316684e-01
1.530000e-01  4.291952e-01
1.560000e-01  4.267753e-01
1.590000e-01  4.244065e-01
1.620000e-01  4.220870e-01
1.650000e-01  4.198147e-01
1.680000e-01  4.175880e-01
1.710000e-01  4.154051e-01
1.740000e-01  4.132645e-01
1.770000e-01  4.111646e-01
1.800000e-01  4.091040e-01
1.830000e-01  4.070813e-01
1.860000e-01  4.050953e-01
1.890000e-01  4.031447e-01
1.920000e-01  4.012283e-01
1.950000e-01  3.993451e-01
1.980000e-01  3.974939e-01
2.010000e-01  3.956738e-01
2.040000e-01  3.938838e-01
2.070000e-01  3.921229e-01
2.100000e-01  3.903902e-01
2.130000e-01  3.886850e-01
2.160000e-01  3.870064e-01
2.190000e-01  3.853536e-01
2.220000e-01  3.837260e-01
2.250000e-01  3.821227e-01
2.280000e-01  3.805431e-01
2.310000e-01  3.789865e-01
2.340000e-01  3.774524e-01
2.370000e-01  3.759400e-01
2.400000e-01  3.744489e-01
2.430000e-01  3.729785e-01
2.460000e-01  3.715281e-01
2.490000e-01  3.700974e-01
2.520000e-01  3.686858e-01
2.550000e-01  3.672928e-01
2.580000e-01  3.659180e-01
2.610000e-01  3.645609e-01
2.640000e-01  3.632211e-01
2.670000e-01  3.618982e-01
2.700000e-01  3.605917e-01
2.730000e-01  3.593013e-01
2.760000e-01  3.580266e-01
2.790000e-01  3.567673e-01
2.820000e-01  3.555230e-01
2.850000e-01  3.542933e-01
2.880000e-01  3.530779e-01
2.910000e-01  3.518766e-01
2.940000e-01  3.506890e-01
2.970000e-01  3.495147e-01
3.000000e-01  3.483536e-01
3.030000e-01  3.472054e-01
3.060000e-01  3.460697e-01
3.090000e-01  3.449463e-01
3.120000e-01  3.438349e-01
3.150000e-01  3.427354e-01
3.180000e-01  3.416474e-01
3.210000e-01  3.405708e-01
3.240000e-01  3.395052e-01
3.270000e-01  3.384506e-01
3.300000e-01  3.374066e-01
3.330000e-01  3.363731e-01
3.360000e-01  3.353498e-01
3.390000e-01  3.343367e-01
3.420000e-01  3.333333e-01
3.450000e-01  3.323397e-01
3.480000e-01  3.313556e-01
3.510000e-01  3.303808e-01
3.540000e-01  3.294152e-01
3.570000e-01  3.284586e-01
3.600000e-01  3.275109e-01
3.630000e-01  3.265718e-01
3.660000e-01  3.256412e-01
3.690000e-01  3.247190e-01
3.720000e-01  3.238050e-01
3.750000e-01  3.228991e-01
3.780000e-01  3.220012e-01
3.810000e-01  3.211111e-01
3.840000e-01  3.202286e-01
3.870000e-01  3.193537e-01
3.900000e-01  3.184862e-01
3.930000e-01  3.176260e-01
3.960000e-01  3.167730e-01
3.990000e-01  3.159271e-01
4.020000e-01  3.150881e-01
4.050000e-01  3.142559e-01
4.080000e-01  3.134305e-01
4.110000e-01  3.126117e-01
4.140000e-01  3.117994e-01
4.170000e-01  3.109935e-01
4.200000e-01  3.101939e-01
4.230000e-01  3.094006e-01
4.260000e-01  3.086133e-01
4.290000e-01  3.078321e-01
4.320000e-01  3.070569e-01
4.350000e-01  3.062874e-01
4.380000e-01  3.055238e-01
4.410000e-01  3.047658e-01
4.440000e-01  3.040134e-01
4.470000e-01  3.032665e-01
4.500000e-01  3.025250e-01
4.530000e-01  3.017889e-01
4.560000e-01  3.010581e-01
4.590000e-01  3.003325e-01
4.620000e-01  2.996119e-01
4.650000e-01  2.988965e-01
4.680000e-01  2.981860e-01
4.710000e-01  2.974804e-01
4.740000e-01  2.967797e-01
4.770000e-01  2.960838e-01
4.800000e-01  2.953925e-01
4.830000e-01  2.947059e-01
4.860000e-01  2.940239e-01
4.890000e-01  2.933464e-01
4.920000e-01  2.926734e-01
4.950000e-01  2.920048e-01
4.980000e-01  2.913405e-01
5.010000e-01  2.906805e-01
5.040000e-01  2.900248e-01
5.070000e-01  2.893732e-01
5.100000e-01  2.887258e-01
5.130000e-01  2.880824e-01
5.160000e-01  2.874430e-01
5.190000e-01  2.868076e-01
5.220000e-01  2.861761e-01
5.250000e-01  2.855485e-01
5.280000e-01  2.849247e-01
5.310000e-01  2.843047e-01
5.340000e-01  2.836883e-01
5.370000e-01  2.830757e-01
5.400000e-01  2.824667e-01
5.430000e-01  2.818613e-01
5.460000e-01  2.812595e-01
5.490000e-01  2.806611e-01
5.520000e-01  2.800662e-01
5.550000e-01  2.794747e-01
5.580000e-01  2.788866e-01
5.610000e-01  2.783018e-01
5.640000e-01  2.777204e-01
5.670000e-01  2.771422e-01
5.700000e-01  2.765672e-01
5.730000e-01  2.759954e-01
5.760000e-01  2.754267e-01
5.790000e-01  2.748612e-01
5.820000e-01  2.742987e-01
5.850000e-01  2.737393e-01
5.880000e-01  2.731829e-01
5.910000e-01  2.726294e-01
5.940000e-01  2.720789e-01
5.970000e-01  2.715313e-01
6.000000e-01  2.709866e-01
6.030000e-01  2.704447e-01
6.060000e-01  2.699057e-01
6.090000e-01  2.693694e-01
6.120000e-01  2.688358e-01
6.150000e-01  2.683050e-01
6.180000e-01  2.677769e-01
6.210000e-01  2.672514e-01
6.240000e-01  2.667286e-01
6.270000e-01  2.662083e-01
6.300000e-01  2.656907e-01
6.330000e-01  2.651755e-01
6.360000e-01  2.646630e-01
6.390000e-01  2.641529e-01
6.420000e-01  2.636452e-01
6.450000e-01  2.631401e-01
6.480000e-01  2.626373e-01
6.510000e-01  2.621369e-01
6.540000e-01  2.616389e-01
6.570000e-01  2.611433e-01
6.600000e-01  2.606499e-01
6.630000e-01  2.601589e-01
6.660000e-01  2.596701e-01
6.690000e-01  2.591836e-01
6.720000e-01  2.586993e-01
6.750000e-01  2.582172e-01
6.780000e-01  2.577373e-01
6.810000e-01  2.572596e-01
6.840000e-01  2.567840e-01
6.870000e-01  2.563105e-01
6.900000e-01  2.558391e-01
6.930000e-01  2.553698e-01
6.960000e-01  2.549025e-01
6.990000e-01  2.544373e-01
7.020000e-01  2.539741e-01
7.050000e-01  2.535129e-01
7.080000e-01  2.530537e-01
7.110000e-01  2.525965e-01
7.140000e-01  2.521411e-01
7.170000e-01  2.516877e-01
7.200000e-01  2.512362e-01
7.230000e-01  2.507866e-01
7.260000e-01  2.503389e-01
7.290000e-01  2.498930e-01
7.320000e-01  2.494489e-01
7.350000e-01  2.490067e-01
7.380000e-01  2.485662e-01
7.410000e-01  2.481276e-01
7.440000e-01  2.476907e-01
7.470000e-01  2.472555e-01
7.500000e-01  2.468221e-01
7.530000e-01  2.463904e-01
7.560000e-01  2.459604e-01
7.590000e-01  2.455321e-01
7.620000e-01  2.451055e-01
7.650000e-01  2.446805e-01
7.680000e-01  2.442571e-01
7.710000e-01  2.438354e-01
7.740000e-01  2.434153e-01
7.770000e-01  2.429968e-01
7.800000e-01  2.425799e-01
7.830000e-01  2.421645e-01
7.860000e-01  2.417507e-01
7.890000e-01  2.413384e-01
7.920000e-01  2.409277e-01
7.950000e-01  2.405185e-01
7.980000e-01  2.401107e-01
8.010000e-01  2.397045e-01
8.040000e-01  2.392997e-01
8.070000e-01  2.388964e-01
8.100000e-01  2.384946e-01
8.130000e-01  2.380941e-01
8.160000e-01  2.376951e-01
8.190000e-01  2.372976e-01
8.220000e-01  2.369014e-01
8.250000e-01  2.365066e-01
8.280000e-01  2.361132e-01
8.310000e-01  2.357211e-01
8.340000e-01  2.353304e-01
8.370000e-01  2.349410e-01
8.400000e-01  2.345530e-01
8.430000e-01  2.341663e-01
8.460000e-01  2.337809e-01
8.490000e-01  2.333967e-01
8.520000e-01  2.330139e-01
8.550000e-01  2.326324e-01
8.580000e-01  2.322521e-01
8.610000e-01  2.318730e-01
8.640000e-01  2.314952e-01
8.670000e-01  2.311186e-01
8.700000e-01  2.307433e-01
8.730000e-01  2.303692e-01
8.760000e-01  2.299962e-01
8.790000e-01  2.296245e-01
8.820000e-01  2.292539e-01
8.850000e-01  2.288845e-01
8.880000e-01  2.285163e-01
8.910000e-01  2.281493e-01
8.940000e-01  2.277833e-01
8.970000e-01  2.274185e-01
9.000000e-01  2.270549e-01
9.030000e-01  2.266923e-01
9.060000e-01  2.263309e-01
9.090000e-01  2.259705e-01
9.120000e-01  2.256113e-01
9.150000e-01  2.252531e-01
9.180000e-01  2.248960e-01
9.210000e-01  2.245400e-01
9.240000e-01  2.241850e-01
9.270000e-01  2.238310e-01
9.300000e-01  2.234781e-01
9.330000e-01  2.231263e-01
9.360000e-01  2.227754e-01
9.390000e-01  2.224256e-01
9.420000e-01  2.220767e-01
9.450000e-01  2.217289e-01
9.480000e-01  2.213820e-01
9.510000e-01  2.210362e-01
9.540000e-01  2.206913e-01
9.570000e-01  2.203474e-01
9.600000e-01  2.200044e-01
9.630000e-01  2.196624e-01
9.660000e-01  2.193213e-01
9.690000e-01  2.189811e-01
9.720000e-01  2.186419e-01
9.750000e-01  2.183036e-01
9.780000e-01  2.179663e-01
9.810000e-01  2.176298e-01
9.840000e-01  2.172942e-01
9.870000e-01  2.169596e-01
9.900000e-01  2.166258e-01
9.930000e-01  2.162928e-01
9.960000e-01  2.159608e-01
9.990000e-01  2.156296e-01
