000000  000001
3.000000e-03  8.549718e-01
6.000000e-03  7.795451e-01
9.000000e-03  7.288727e-01
1.200000e-02  6.909895e-01
1.500000e-02  6.609044e-01
1.800000e-02  6.360579e-01
2.100000e-02  6.149640e-01
2.400000e-02  5.966845e-01
2.700000e-02  5.805903e-01
3.000000e-02  5.662392e-01
3.300000e-02  5.533092e-01
3.600000e-02  5.415584e-01
3.900000e-02  5.308010e-01
4.200000e-02  5.208911e-01
4.500000e-02  5.117123e-01
4.800000e-02  5.031699e-01
5.100000e-02  4.951865e-01
5.400000e-02  4.876974e-01
5.700000e-02  4.806485e-01
6.000000e-02  4.739939e-01
6.300000e-02  4.676943e-01
6.600000e-02  4.617159e-01
6.900000e-02  4.560294e-01
7.200000e-02  4.506093e-01
7.500000e-02  4.454331e-01
7.800000e-02  4.404811e-01
8.100000e-02  4.357358e-01
8.400000e-02  4.311816e-01
8.700000e-02  4.268045e-01
9.000000e-02  4.225920e-01
9.300000e-02  4.185330e-01
9.600000e-02  4.146171e-01
9.900000e-02  4.108353e-01
1.020000e-01  4.071791e-01
1.050000e-01  4.036409e-01
1.080000e-01  4.002138e-01
1.110000e-01  3.968912e-01
1.140000e-01  3.936675e-01
1.170000e-01  3.905370e-01
1.200000e-01  3.874950e-01
1.230000e-01  3.845367e-01
1.260000e-01  3.816579e-01
1.290000e-01  3.788547e-01
1.320000e-01  3.761233e-01
1.350000e-01  3.734604e-01
1.380000e-01  3.708627e-01
1.410000e-01  3.683273e-01
1.440000e-01  3.658514e-01
1.470000e-01  3.634324e-01
1.500000e-01  3.610678e-01
1.530000e-01  3.587554e-01
1.560000e-01  3.564929e-01
1.590000e-01  3.542784e-01
1.620000e-01  3.521099e-01
1.650000e-01  3.499857e-01
1.680000e-01  3.479040e-01
1.710000e-01  3.458633e-01
1.740000e-01  3.438619e-01
1.770000e-01  3.418985e-01
1.800000e-01  3.399717e-01
1.830000e-01  3.380802e-01
1.860000e-01  3.362227e-01
1.890000e-01  3.343981e-01
1.920000e-01  3.326054e-01
1.950000e-01  3.308433e-01
1.980000e-01  3.291110e-01
2.010000e-01  3.274074e-01
2.040000e-01  3.257316e-01
2.070000e-01  3.240828e-01
2.100000e-01  3.224601e-01
2.130000e-01  3.208628e-01
2.160000e-01  3.192900e-01
2.190000e-01  3.177410e-01
2.220000e-01  3.162151e-01
2.250000e-01  3.147118e-01
2.280000e-01  3.132302e-01
2.310000e-01  3.117698e-01
2.340000e-01  3.103300e-01
2.370000e-01  3.089102e-01
2.400000e-01  3.075100e-01
2.430000e-01  3.061286e-01
2.460000e-01  3.047658e-01
2.490000e-01  3.034209e-01
2.520000e-01  3.020935e-01
2.550000e-01  3.007832e-01
2.580000e-01  2.994894e-01
2.610000e-01  2.982119e-01
2.640000e-01  2.969502e-01
2.670000e-01  2.957038e-01
2.700000e-01  2.944725e-01
2.730000e-01  2.932559e-01
2.760000e-01  2.920536e-01
2.790000e-01  2.908652e-01
2.820000e-01  2.896905e-01
2.850000e-01  2.885292e-01
2.880000e-01  2.873808e-01
2.910000e-01  2.862452e-01
2.940000e-01  2.851221e-01
2.970000e-01  2.840111e-01
3.000000e-01  2.829120e-01
3.030000e-01  2.818245e-01
3.060000e-01  2.807484e-01
3.090000e-01  2.796835e-01
3.120000e-01  2.786295e-01
3.150000e-01  2.775861e-01
3.180000e-01  2.765532e-01
3.210000e-01  2.755305e-01
3.240000e-01  2.745179e-01
3.270000e-01  2.735150e-01
3.300000e-01  2.725218e-01
3.330000e-01  2.715380e-01
3.360000e-01  2.705634e-01
3.390000e-01  2.695979e-01
3.420000e-01  2.686413e-01
3.450000e-01  2.676934e-01
3.480000e-01  2.667540e-01
3.510000e-01  2.658230e-01
3.540000e-01  2.649002e-01
3.570000e-01  2.639854e-01
3.600000e-01  2.630786e-01
3.630000e-01  2.621795e-01
3.660000e-01  2.612881e-01
3.690000e-01  2.604041e-01
3.720000e-01  2.595275e-01
3.750000e-01  2.586581e-01
3.780000e-01  2.577957e-01
3.810000e-01  2.569404e-01
3.840000e-01  2.560918e-01
3.870000e-01  2.552500e-01
3.900000e-01  2.544147e-01
3.930000e-01  2.535859e-01
3.960000e-01  2.527635e-01
3.990000e-01  2.519474e-01
4.020000e-01  2.511374e-01
4.050000e-01  2.503334e-01
4.080000e-01  2.495354e-01
4.110000e-01  2.487433e-01
4.140000e-01  2.479569e-01
4.170000e-01  2.471761e-01
4.200000e-01  2.464009e-01
4.230000e-01  2.456312e-01
4.260000e-01  2.448669e-01
4.290000e-01  2.441078e-01
4.320000e-01  2.433540e-01
4.350000e-01  2.426052e-01
4.380000e-01  2.418616e-01
4.410000e-01  2.411228e-01
4.440000e-01  2.403890e-01
4.470000e-01  2.396600e-01
4.500000e-01  2.389357e-01
4.530000e-01  2.382161e-01
4.560000e-01  2.375010e-01
4.590000e-01  2.367905e-01
4.620000e-01  2.360844e-01
4.650000e-01  2.353827e-01
4.680000e-01  2.346853e-01
4.710000e-01  2.339922e-01
4.740000e-01  2.333032e-01
4.770000e-01  2.326184e-01
4.800000e-01  2.319376e-01
4.830000e-01  2.312609e-01
4.860000e-01  2.305880e-01
4.890000e-01  2.299191e-01
4.920000e-01  2.292539e-01
4.950000e-01  2.285926e-01
4.980000e-01  2.279349e-01
5.010000e-01  2.272809e-01
5.040000e-01  2.266305e-01
5.070000e-01  2.259837e-01
5.100000e-01  2.253404e-01
5.130000e-01  2.247005e-01
5.160000e-01  2.240640e-01
5.190000e-01  2.234309e-01
5.220000e-01  2.228010e-01
5.250000e-01  2.221745e-01
5.280000e-01  2.215511e-01
5.310000e-01  2.209309e-01
5.340000e-01  2.203138e-01
5.370000e-01  2.196999e-01
5.400000e-01  2.190889e-01
5.430000e-01  2.184809e-01
5.460000e-01  2.178759e-01
5.490000e-01  2.172738e-01
5.520000e-01  2.166746e-01
5.550000e-01  2.160781e-01
5.580000e-01  2.154845e-01
5.610000e-01  2.148936e-01
5.640000e-01  2.143054e-01
5.670000e-01  2.137199e-01
5.700000e-01  2.131371e-01
5.730000e-01  2.125568e-01
5.760000e-01  2.119791e-01
5.790000e-01  2.114039e-01
5.820000e-01  2.108312e-01
5.850000e-01  2.102610e-01
5.880000e-01  2.096932e-01
5.910000e-01  2.091278e-01
5.940000e-01  2.085647e-01
5.970000e-01  2.080040e-01
6.000000e-01  2.074455e-01
6.030000e-01  2.068893e-01
6.060000e-01  2.063354e-01
6.090000e-01  2.057836e-01
6.120000e-01  2.052340e-01
6.150000e-01  2.046865e-01
6.180000e-01  2.041412e-01
6.210000e-01  2.035979e-01
6.240000e-01  2.030566e-01
6.270000e-01  2.025174e-01
6.300000e-01  2.019802e-01
6.330000e-01  2.014449e-01
6.360000e-01  2.009115e-01
6.390000e-01  2.003801e-01
6.420000e-01  1.998506e-01
6.450000e-01  1.993228e-01
6.480000e-01  1.987970e-01
6.510000e-01  1.982729e-01
6.540000e-01  1.977506e-01
6.570000e-01  1.972300e-01
6.600000e-01  1.967111e-01
6.630000e-01  1.961940e-01
6.660000e-01  1.956785e-01
6.690000e-01  1.951647e-01
6.720000e-01  1.946525e-01
6.750000e-01  1.941418e-01
6.780000e-01  1.936328e-01
6.810000e-01  1.931253e-01
6.840000e-01  1.926193e-01
6.870000e-01  1.921148e-01
6.900000e-01  1.916118e-01
6.930000e-01  1.911103e-01
6.960000e-01  1.906102e-01
6.990000e-01  1.901115e-01
7.020000e-01  1.896141e-01
7.050000e-01  1.891182e-01
7.080000e-01  1.886236e-01
7.110000e-01  1.881303e-01
7.140000e-01  1.876382e-01
7.170000e-01  1.871475e-01
7.200000e-01  1.866580e-01
7.230000e-01  1.861698e-01
7.260000e-01  1.856827e-01
7.290000e-01  1.851969e-01
7.320000e-01  1.847122e-01
7.350000e-01  1.842287e-01
7.380000e-01  1.837462e-01
7.410000e-01  1.832649e-01
7.440000e-01  1.827847e-01
7.470000e-01  1.823055e-01
7.500000e-01  1.818274e-01
7.530000e-01  1.813503e-01
7.560000e-01  1.808742e-01
7.590000e-01  1.803990e-01
7.620000e-01  1.799249e-01
7.650000e-01  1.794516e-01
7.680000e-01  1.789793e-01
7.710000e-01  1.785079e-01
7.740000e-01  1.780373e-01
7.770000e-01  1.775676e-01
7.800000e-01  1.770988e-01
7.830000e-01  1.766307e-01
7.860000e-01  1.761635e-01
7.890000e-01  1.756970e-01
7.920000e-01  1.752313e-01
7.950000e-01  1.747663e-01
7.980000e-01  1.743020e-01
8.010000e-01  1.738384e-01
8.040000e-01  1.733755e-01
8.070000e-01  1.729132e-01
8.100000e-01  1.724516e-01
8.130000e-01  1.719906e-01
8.160000e-01  1.715302e-01
8.190000e-01  1.710703e-01
8.220000e-01  1.706110e-01
8.250000e-01  1.701522e-01
8.280000e-01  1.696939e-01
8.310000e-01  1.692362e-01
8.340000e-01  1.687788e-01
8.370000e-01  1.683219e-01
8.400000e-01  1.678655e-01
8.430000e-01  1.674094e-01
8.460000e-01  1.669537e-01
8.490000e-01  1.664984e-01
8.520000e-01  1.660434e-01
8.550000e-01  1.655887e-01
8.580000e-01  1.651343e-01
8.610000e-01  1.646802e-01
8.640000e-01  1.642263e-01
8.670000e-01  1.637727e-01
8.700000e-01  1.633192e-01
8.730000e-01  1.628659e-01
8.760000e-01  1.624128e-01
8.790000e-01  1.619598e-01
8.820000e-01  1.615069e-01
8.850000e-01  1.610540e-01
8.880000e-01  1.606012e-01
8.910000e-01  000000
8.940000e-01  000000
8.970000e-01  000000
9.000000e-01  000000
9.030000e-01  000000
9.060000e-01  000000
9.090000e-01  000000
9.120000e-01  000000
9.150000e-01  000000
9.180000e-01  000000
9.210000e-01  000000
9.240000e-01  000000
9.270000e-01  000000
9.300000e-01  000000
9.330000e-01  000000
9.360000e-01  000000
9.390000e-01  000000
9.420000e-01  000000
9.450000e-01  000000
9.480000e-01  000000
9.510000e-01  000000
9.540000e-01  000000
9.570000e-01  000000
9.600000e-01  000000
9.630000e-01  000000
9.660000e-01  000000
9.690000e-01  000000
9.720000e-01  000000
9.750000e-01  000000
9.780000e-01  000000
9.810000e-01  000000
9.840000e-01  000000
9.870000e-01  000000
9.900000e-01  000000
9.930000e-01  000000
9.960000e-01  000000
9.990000e-01  000000
