000000  000001
3.000000e-03  9.038501e-01
6.000000e-03  8.435097e-01
9.000000e-03  7.996854e-01
1.200000e-02  7.654162e-01
1.500000e-02  7.373766e-01
1.800000e-02  7.137157e-01
2.100000e-02  6.932968e-01
2.400000e-02  6.753723e-01
2.700000e-02  6.594242e-01
3.000000e-02  6.450791e-01
3.300000e-02  6.320591e-01
3.600000e-02  6.201520e-01
3.900000e-02  6.091921e-01
4.200000e-02  5.990476e-01
4.500000e-02  5.896120e-01
4.800000e-02  5.807982e-01
5.100000e-02  5.725336e-01
5.400000e-02  5.647579e-01
5.700000e-02  5.574195e-01
6.000000e-02  5.504749e-01
6.300000e-02  5.438864e-01
6.600000e-02  5.376214e-01
6.900000e-02  5.316514e-01
7.200000e-02  5.259517e-01
7.500000e-02  5.205002e-01
7.800000e-02  5.152776e-01
8.100000e-02  5.102666e-01
8.400000e-02  5.054517e-01
8.700000e-02  5.008191e-01
9.000000e-02  4.963564e-01
9.300000e-02  4.920522e-01
9.600000e-02  4.878965e-01
9.900000e-02  4.838799e-01
1.020000e-01  4.799940e-01
1.050000e-01  4.762311e-01
1.080000e-01  4.725841e-01
1.110000e-01  4.690465e-01
1.140000e-01  4.656123e-01
1.170000e-01  4.622761e-01
1.200000e-01  4.590327e-01
1.230000e-01  4.558775e-01
1.260000e-01  4.528060e-01
1.290000e-01  4.498142e-01
1.320000e-01  4.468984e-01
1.350000e-01  4.440549e-01
1.380000e-01  4.412805e-01
1.410000e-01  4.385722e-01
1.440000e-01  4.359270e-01
1.470000e-01  4.333422e-01
1.500000e-01  4.308153e-01
1.530000e-01  4.283439e-01
1.560000e-01  4.259258e-01
1.590000e-01  4.235589e-01
1.620000e-01  4.212411e-01
1.650000e-01  4.189706e-01
1.680000e-01  4.167456e-01
1.710000e-01  4.145644e-01
1.740000e-01  4.124255e-01
1.770000e-01  4.103272e-01
1.800000e-01  4.082682e-01
1.830000e-01  4.062472e-01
1.860000e-01  4.042627e-01
1.890000e-01  4.023136e-01
1.920000e-01  4.003988e-01
1.950000e-01  3.985171e-01
1.980000e-01  3.966674e-01
2.010000e-01  3.948487e-01
2.040000e-01  3.930600e-01
2.070000e-01  3.913005e-01
2.100000e-01  3.895693e-01
2.130000e-01  3.878654e-01
2.160000e-01  3.861882e-01
2.190000e-01  3.845367e-01
2.220000e-01  3.829103e-01
2.250000e-01  3.813083e-01
2.280000e-01  3.797300e-01
2.310000e-01  3.781747e-01
2.340000e-01  3.766417e-01
2.370000e-01  3.751306e-01
2.400000e-01  3.736407e-01
2.430000e-01  3.721714e-01
2.460000e-01  3.707222e-01
2.490000e-01  3.692926e-01
2.520000e-01  3.678821e-01
2.550000e-01  3.664902e-01
2.580000e-01  3.651165e-01
2.610000e-01  3.637605e-01
2.640000e-01  3.624217e-01
2.670000e-01  3.610998e-01
2.700000e-01  3.597944e-01
2.730000e-01  3.585050e-01
2.760000e-01  3.572313e-01
2.790000e-01  3.559730e-01
2.820000e-01  3.547296e-01
2.850000e-01  3.535009e-01
2.880000e-01  3.522865e-01
2.910000e-01  3.510861e-01
2.940000e-01  3.498993e-01
2.970000e-01  3.487260e-01
3.000000e-01  3.475658e-01
3.030000e-01  3.464184e-01
3.060000e-01  3.452835e-01
3.090000e-01  3.441610e-01
3.120000e-01  3.430505e-01
3.150000e-01  3.419518e-01
3.180000e-01  3.408646e-01
3.210000e-01  3.397888e-01
3.240000e-01  3.387240e-01
3.270000e-01  3.376702e-01
3.300000e-01  3.366270e-01
3.330000e-01  3.355942e-01
3.360000e-01  3.345717e-01
3.390000e-01  3.335593e-01
3.420000e-01  3.325567e-01
3.450000e-01  3.315638e-01
3.480000e-01  3.305804e-01
3.510000e-01  3.296063e-01
3.540000e-01  3.286414e-01
3.570000e-01  3.276855e-01
3.600000e-01  3.267384e-01
3.630000e-01  3.257999e-01
3.660000e-01  3.248700e-01
3.690000e-01  3.239485e-01
3.720000e-01  3.230351e-01
3.750000e-01  3.221299e-01
3.780000e-01  3.212325e-01
3.810000e-01  3.203430e-01
3.840000e-01  3.194612e-01
3.870000e-01  3.185868e-01
3.900000e-01  3.177199e-01
3.930000e-01  3.168603e-01
3.960000e-01  3.160079e-01
3.990000e-01  3.151625e-01
4.020000e-01  3.143241e-01
4.050000e-01  3.134924e-01
4.080000e-01  3.126676e-01
4.110000e-01  3.118493e-01
4.140000e-01  3.110375e-01
4.170000e-01  3.102321e-01
4.200000e-01  3.094331e-01
4.230000e-01  3.086402e-01
4.260000e-01  3.078535e-01
4.290000e-01  3.070727e-01
4.320000e-01  3.062979e-01
4.350000e-01  3.055290e-01
4.380000e-01  3.047658e-01
4.410000e-01  3.040083e-01
4.440000e-01  3.032563e-01
4.470000e-01  3.025099e-01
4.500000e-01  3.017688e-01
4.530000e-01  3.010332e-01
4.560000e-01  3.003027e-01
4.590000e-01  2.995775e-01
4.620000e-01  2.988574e-01
4.650000e-01  2.981424e-01
4.680000e-01  2.974323e-01
4.710000e-01  2.967271e-01
4.740000e-01  2.960268e-01
4.770000e-01  2.953312e-01
4.800000e-01  2.946403e-01
4.830000e-01  2.939541e-01
4.860000e-01  2.932725e-01
4.890000e-01  2.925953e-01
4.920000e-01  2.919227e-01
4.950000e-01  2.912544e-01
4.980000e-01  2.905905e-01
5.010000e-01  2.899308e-01
5.040000e-01  2.892754e-01
5.070000e-01  2.886241e-01
5.100000e-01  2.879770e-01
5.130000e-01  2.873339e-01
5.160000e-01  2.866949e-01
5.190000e-01  2.860598e-01
5.220000e-01  2.854286e-01
5.250000e-01  2.848012e-01
5.280000e-01  2.841777e-01
5.310000e-01  2.835580e-01
5.340000e-01  2.829419e-01
5.370000e-01  2.823296e-01
5.400000e-01  2.817208e-01
5.430000e-01  2.811157e-01
5.460000e-01  2.805141e-01
5.490000e-01  2.799160e-01
5.520000e-01  2.793213e-01
5.550000e-01  2.787301e-01
5.580000e-01  2.781422e-01
5.610000e-01  2.775577e-01
5.640000e-01  2.769764e-01
5.670000e-01  2.763984e-01
5.700000e-01  2.758237e-01
5.730000e-01  2.752521e-01
5.760000e-01  2.746836e-01
5.790000e-01  2.741183e-01
5.820000e-01  2.735560e-01
5.850000e-01  2.729968e-01
5.880000e-01  2.724406e-01
5.910000e-01  2.718873e-01
5.940000e-01  2.713370e-01
5.970000e-01  2.707896e-01
6.000000e-01  2.702450e-01
6.030000e-01  2.697033e-01
6.060000e-01  2.691644e-01
6.090000e-01  2.686283e-01
6.120000e-01  2.680949e-01
6.150000e-01  2.675642e-01
6.180000e-01  2.670362e-01
6.210000e-01  2.665109e-01
6.240000e-01  2.659882e-01
6.270000e-01  2.654681e-01
6.300000e-01  2.649505e-01
6.330000e-01  2.644356e-01
6.360000e-01  2.639231e-01
6.390000e-01  2.634131e-01
6.420000e-01  2.629056e-01
6.450000e-01  2.624005e-01
6.480000e-01  2.618979e-01
6.510000e-01  2.613976e-01
6.540000e-01  2.608997e-01
6.570000e-01  2.604041e-01
6.600000e-01  2.599109e-01
6.630000e-01  2.594199e-01
6.660000e-01  2.589312e-01
6.690000e-01  2.584448e-01
6.720000e-01  2.579606e-01
6.750000e-01  2.574786e-01
6.780000e-01  2.569987e-01
6.810000e-01  2.565210e-01
6.840000e-01  2.560455e-01
6.870000e-01  2.555721e-01
6.900000e-01  2.551007e-01
6.930000e-01  2.546315e-01
6.960000e-01  2.541643e-01
6.990000e-01  2.536991e-01
7.020000e-01  2.532359e-01
7.050000e-01  2.527747e-01
7.080000e-01  2.523156e-01
7.110000e-01  2.518583e-01
7.140000e-01  2.514030e-01
7.170000e-01  2.509496e-01
7.200000e-01  2.504981e-01
7.230000e-01  2.500485e-01
7.260000e-01  2.496008e-01
7.290000e-01  2.491549e-01
7.320000e-01  2.487108e-01
7.350000e-01  2.482686e-01
7.380000e-01  2.478281e-01
7.410000e-01  2.473895e-01
7.440000e-01  2.469526e-01
7.470000e-01  2.465174e-01
7.500000e-01  2.460839e-01
7.530000e-01  2.456522e-01
7.560000e-01  2.452222e-01
7.590000e-01  2.447938e-01
7.620000e-01  2.443672e-01
7.650000e-01  2.439421e-01
7.680000e-01  2.435187e-01
7.710000e-01  2.430970e-01
7.740000e-01  2.426768e-01
7.770000e-01  2.422582e-01
7.800000e-01  2.418413e-01
7.830000e-01  2.414258e-01
7.860000e-01  2.410120e-01
7.890000e-01  2.405996e-01
7.920000e-01  2.401888e-01
7.950000e-01  2.397795e-01
7.980000e-01  2.393717e-01
8.010000e-01  2.389654e-01
8.040000e-01  2.385605e-01
8.070000e-01  2.381571e-01
8.100000e-01  2.377552e-01
8.130000e-01  2.373547e-01
8.160000e-01  2.369556e-01
8.190000e-01  2.365579e-01
8.220000e-01  2.361616e-01
8.250000e-01  2.357667e-01
8.280000e-01  2.353731e-01
8.310000e-01  2.349810e-01
8.340000e-01  2.345901e-01
8.370000e-01  2.342006e-01
8.400000e-01  2.338125e-01
8.430000e-01  2.334256e-01
8.460000e-01  2.330401e-01
8.490000e-01  2.326558e-01
8.520000e-01  2.322729e-01
8.550000e-01  2.318912e-01
8.580000e-01  2.315107e-01
8.610000e-01  2.311315e-01
8.640000e-01  2.307536e-01
8.670000e-01  2.303768e-01
8.700000e-01  2.300013e-01
8.730000e-01  2.296270e-01
8.760000e-01  2.292539e-01
8.790000e-01  2.288820e-01
8.820000e-01  2.285113e-01
8.850000e-01  2.281417e-01
8.880000e-01  2.277733e-01
8.910000e-01  2.274061e-01
8.940000e-01  2.270400e-01
8.970000e-01  2.266750e-01
9.000000e-01  2.263111e-01
9.030000e-01  2.259484e-01
9.060000e-01  2.255867e-01
9.090000e-01  2.252262e-01
9.120000e-01  2.248667e-01
9.150000e-01  2.245083e-01
9.180000e-01  2.241510e-01
9.210000e-01  2.237947e-01
9.240000e-01  2.234395e-01
9.270000e-01  2.230853e-01
9.300000e-01  2.227322e-01
9.330000e-01  2.223801e-01
9.360000e-01  2.220290e-01
9.390000e-01  2.216789e-01
9.420000e-01  2.213299e-01
9.450000e-01  2.209818e-01
9.480000e-01  2.206347e-01
9.510000e-01  2.202886e-01
9.540000e-01  2.199434e-01
9.570000e-01  2.195992e-01
9.600000e-01  2.192560e-01
9.630000e-01  2.189137e-01
9.660000e-01  2.185724e-01
9.690000e-01  2.182319e-01
9.720000e-01  2.178924e-01
9.750000e-01  2.175539e-01
9.780000e-01  2.172162e-01
9.810000e-01  2.168795e-01
9.840000e-01  2.165436e-01
9.870000e-01  2.162086e-01
9.900000e-01  2.158745e-01
9.930000e-01  2.155413e-01
9.960000e-01  2.152089e-01
9.990000e-01  2.148775e-01
