000000  000001
3.000000e-03  8.462207e-01
6.000000e-03  7.687326e-01
9.000000e-03  7.172598e-01
1.200000e-02  6.790154e-01
1.500000e-02  6.487648e-01
1.800000e-02  6.238521e-01
2.100000e-02  6.027468e-01
2.400000e-02  5.844876e-01
2.700000e-02  5.684327e-01
3.000000e-02  5.541321e-01
3.300000e-02  5.412593e-01
3.600000e-02  5.295696e-01
3.900000e-02  5.188751e-01
4.200000e-02  5.090288e-01
4.500000e-02  4.999134e-01
4.800000e-02  4.914337e-01
5.100000e-02  4.835118e-01
5.400000e-02  4.760830e-01
5.700000e-02  4.690929e-01
6.000000e-02  4.624956e-01
6.300000e-02  4.562516e-01
6.600000e-02  4.503273e-01
6.900000e-02  4.446932e-01
7.200000e-02  4.393240e-01
7.500000e-02  4.341972e-01
7.800000e-02  4.292931e-01
8.100000e-02  4.245942e-01
8.400000e-02  4.200849e-01
8.700000e-02  4.157515e-01
9.000000e-02  4.115814e-01
9.300000e-02  4.075634e-01
9.600000e-02  4.036874e-01
9.900000e-02  3.999442e-01
1.020000e-01  3.963255e-01
1.050000e-01  3.928238e-01
1.080000e-01  3.894320e-01
1.110000e-01  3.861438e-01
1.140000e-01  3.829534e-01
1.170000e-01  3.798554e-01
1.200000e-01  3.768449e-01
1.230000e-01  3.739172e-01
1.260000e-01  3.710682e-01
1.290000e-01  3.682939e-01
1.320000e-01  3.655907e-01
1.350000e-01  3.629552e-01
1.380000e-01  3.603842e-01
1.410000e-01  3.578747e-01
1.440000e-01  3.554241e-01
1.470000e-01  3.530296e-01
1.500000e-01  3.506890e-01
1.530000e-01  3.483998e-01
1.560000e-01  3.461601e-01
1.590000e-01  3.439677e-01
1.620000e-01  3.418207e-01
1.650000e-01  3.397175e-01
1.680000e-01  3.376562e-01
1.710000e-01  3.356353e-01
1.740000e-01  3.336533e-01
1.770000e-01  3.317088e-01
1.800000e-01  3.298004e-01
1.830000e-01  3.279268e-01
1.860000e-01  3.260868e-01
1.890000e-01  3.242793e-01
1.920000e-01  3.225031e-01
1.950000e-01  3.207572e-01
1.980000e-01  3.190406e-01
2.010000e-01  3.173523e-01
2.040000e-01  3.156915e-01
2.070000e-01  3.140572e-01
2.100000e-01  3.124487e-01
2.130000e-01  3.108651e-01
2.160000e-01  3.093058e-01
2.190000e-01  3.077699e-01
2.220000e-01  3.062568e-01
2.250000e-01  3.047658e-01
2.280000e-01  3.032963e-01
2.310000e-01  3.018476e-01
2.340000e-01  3.004193e-01
2.370000e-01  2.990106e-01
2.400000e-01  2.976212e-01
2.430000e-01  2.962504e-01
2.460000e-01  2.948977e-01
2.490000e-01  2.935628e-01
2.520000e-01  2.922450e-01
2.550000e-01  2.909440e-01
2.580000e-01  2.896594e-01
2.610000e-01  2.883907e-01
2.640000e-01  2.871375e-01
2.670000e-01  2.858995e-01
2.700000e-01  2.846762e-01
2.730000e-01  2.834674e-01
2.760000e-01  2.822726e-01
2.790000e-01  2.810916e-01
2.820000e-01  2.799239e-01
2.850000e-01  2.787694e-01
2.880000e-01  2.776276e-01
2.910000e-01  2.764984e-01
2.940000e-01  2.753814e-01
2.970000e-01  2.742763e-01
3.000000e-01  2.731829e-01
3.030000e-01  2.721009e-01
3.060000e-01  2.710301e-01
3.090000e-01  2.699702e-01
3.120000e-01  2.689210e-01
3.150000e-01  2.678823e-01
3.180000e-01  2.668538e-01
3.210000e-01  2.658353e-01
3.240000e-01  2.648267e-01
3.270000e-01  2.638277e-01
3.300000e-01  2.628381e-01
3.330000e-01  2.618578e-01
3.360000e-01  2.608864e-01
3.390000e-01  2.599240e-01
3.420000e-01  2.589702e-01
3.450000e-01  2.580250e-01
3.480000e-01  2.570881e-01
3.510000e-01  2.561594e-01
3.540000e-01  2.552388e-01
3.570000e-01  2.543260e-01
3.600000e-01  2.534209e-01
3.630000e-01  2.525235e-01
3.660000e-01  2.516335e-01
3.690000e-01  2.507507e-01
3.720000e-01  2.498752e-01
3.750000e-01  2.490067e-01
3.780000e-01  2.481451e-01
3.810000e-01  2.472903e-01
3.840000e-01  2.464421e-01
3.870000e-01  2.456005e-01
3.900000e-01  2.447653e-01
3.930000e-01  2.439365e-01
3.960000e-01  2.431138e-01
3.990000e-01  2.422972e-01
4.020000e-01  2.414867e-01
4.050000e-01  2.406820e-01
4.080000e-01  2.398831e-01
4.110000e-01  2.390898e-01
4.140000e-01  2.383022e-01
4.170000e-01  2.375200e-01
4.200000e-01  2.367433e-01
4.230000e-01  2.359719e-01
4.260000e-01  2.352056e-01
4.290000e-01  2.344446e-01
4.320000e-01  2.336886e-01
4.350000e-01  2.329375e-01
4.380000e-01  2.321913e-01
4.410000e-01  2.314500e-01
4.440000e-01  2.307133e-01
4.470000e-01  2.299813e-01
4.500000e-01  2.292539e-01
4.530000e-01  2.285310e-01
4.560000e-01  2.278126e-01
4.590000e-01  2.270984e-01
4.620000e-01  2.263886e-01
4.650000e-01  2.256830e-01
4.680000e-01  2.249816e-01
4.710000e-01  2.242843e-01
4.740000e-01  2.235909e-01
4.770000e-01  2.229016e-01
4.800000e-01  2.222161e-01
4.830000e-01  2.215345e-01
4.860000e-01  2.208567e-01
4.890000e-01  2.201826e-01
4.920000e-01  2.195122e-01
4.950000e-01  2.188454e-01
4.980000e-01  2.181821e-01
5.010000e-01  2.175223e-01
5.040000e-01  2.168660e-01
5.070000e-01  2.162131e-01
5.100000e-01  2.155635e-01
5.130000e-01  2.149172e-01
5.160000e-01  2.142741e-01
5.190000e-01  2.136343e-01
5.220000e-01  2.129976e-01
5.250000e-01  2.123640e-01
5.280000e-01  2.117334e-01
5.310000e-01  2.111058e-01
5.340000e-01  2.104812e-01
5.370000e-01  2.098595e-01
5.400000e-01  2.092407e-01
5.430000e-01  2.086246e-01
5.460000e-01  2.080114e-01
5.490000e-01  2.074009e-01
5.520000e-01  2.067931e-01
5.550000e-01  2.061880e-01
5.580000e-01  2.055855e-01
5.610000e-01  2.049855e-01
5.640000e-01  2.043881e-01
5.670000e-01  2.037932e-01
5.700000e-01  2.032007e-01
5.730000e-01  2.026107e-01
5.760000e-01  2.020231e-01
5.790000e-01  2.014378e-01
5.820000e-01  2.008548e-01
5.850000e-01  2.002741e-01
5.880000e-01  1.996956e-01
5.910000e-01  1.991193e-01
5.940000e-01  1.985452e-01
5.970000e-01  1.979732e-01
6.000000e-01  1.974033e-01
6.030000e-01  1.968355e-01
6.060000e-01  1.962697e-01
6.090000e-01  1.957060e-01
6.120000e-01  1.951442e-01
6.150000e-01  1.945843e-01
6.180000e-01  1.940263e-01
6.210000e-01  1.934702e-01
6.240000e-01  1.929160e-01
6.270000e-01  1.923635e-01
6.300000e-01  1.918129e-01
6.330000e-01  1.912639e-01
6.360000e-01  1.907167e-01
6.390000e-01  1.901712e-01
6.420000e-01  1.896274e-01
6.450000e-01  1.890852e-01
6.480000e-01  1.885445e-01
6.510000e-01  1.880055e-01
6.540000e-01  1.874680e-01
6.570000e-01  1.869320e-01
6.600000e-01  1.863975e-01
6.630000e-01  1.858644e-01
6.660000e-01  1.853328e-01
6.690000e-01  1.848026e-01
6.720000e-01  1.842737e-01
6.750000e-01  1.837462e-01
6.780000e-01  1.832201e-01
6.810000e-01  1.826952e-01
6.840000e-01  1.821715e-01
6.870000e-01  1.816491e-01
6.900000e-01  1.811280e-01
6.930000e-01  1.806080e-01
6.960000e-01  1.800891e-01
6.990000e-01  1.795714e-01
7.020000e-01  1.790548e-01
7.050000e-01  1.785393e-01
7.080000e-01  1.780248e-01
7.110000e-01  1.775113e-01
7.140000e-01  1.769988e-01
7.170000e-01  1.764873e-01
7.200000e-01  1.759768e-01
7.230000e-01  1.754671e-01
7.260000e-01  1.749584e-01
7.290000e-01  1.744505e-01
7.320000e-01  1.739434e-01
7.350000e-01  1.734372e-01
7.380000e-01  1.729317e-01
7.410000e-01  1.724270e-01
7.440000e-01  1.719230e-01
7.470000e-01  1.714198e-01
7.500000e-01  1.709171e-01
7.530000e-01  1.704152e-01
7.560000e-01  1.699139e-01
7.590000e-01  1.694131e-01
7.620000e-01  1.689129e-01
7.650000e-01  1.684133e-01
7.680000e-01  1.679142e-01
7.710000e-01  1.674155e-01
7.740000e-01  1.669173e-01
7.770000e-01  1.664195e-01
7.800000e-01  1.659221e-01
7.830000e-01  1.654251e-01
7.860000e-01  1.649284e-01
7.890000e-01  1.644321e-01
7.920000e-01  1.639360e-01
7.950000e-01  1.634401e-01
7.980000e-01  1.629445e-01
8.010000e-01  1.624490e-01
8.040000e-01  1.619537e-01
8.070000e-01  1.614586e-01
8.100000e-01  1.609635e-01
8.130000e-01  1.604684e-01
8.160000e-01  000000
8.190000e-01  000000
8.220000e-01  000000
8.250000e-01  000000
8.280000e-01  000000
8.310000e-01  000000
8.340000e-01  000000
8.370000e-01  000000
8.400000e-01  000000
8.430000e-01  000000
8.460000e-01  000000
8.490000e-01  000000
8.520000e-01  000000
8.550000e-01  000000
8.580000e-01  000000
8.610000e-01  000000
8.640000e-01  000000
8.670000e-01  000000
8.700000e-01  000000
8.730000e-01  000000
8.760000e-01  000000
8.790000e-01  000000
8.820000e-01  000000
8.850000e-01  000000
8.880000e-01  000000
8.910000e-01  000000
8.940000e-01  000000
8.970000e-01  000000
9.000000e-01  000000
9.030000e-01  000000
9.060000e-01  000000
9.090000e-01  000000
9.120000e-01  000000
9.150000e-01  000000
9.180000e-01  000000
9.210000e-01  000000
9.240000e-01  000000
9.270000e-01  000000
9.300000e-01  000000
9.330000e-01  000000
9.360000e-01  000000
9.390000e-01  000000
9.420000e-01  000000
9.450000e-01  000000
9.480000e-01  000000
9.510000e-01  000000
9.540000e-01  000000
9.570000e-01  000000
9.600000e-01  000000
9.630000e-01  000000
9.660000e-01  000000
9.690000e-01  000000
9.720000e-01  000000
9.750000e-01  000000
9.780000e-01  000000
9.810000e-01  000000
9.840000e-01  000000
9.870000e-01  000000
9.900000e-01  000000
9.930000e-01  000000
9.960000e-01  000000
9.990000e-01  000000
