000000  000001
3.000000e-03  9.475398e-01
6.000000e-03  9.076929e-01
9.000000e-03  8.755836e-01
1.200000e-02  8.487216e-01
1.500000e-02  8.256563e-01
1.800000e-02  8.054667e-01
2.100000e-02  7.875309e-01
2.400000e-02  7.714085e-01
2.700000e-02  7.567766e-01
3.000000e-02  7.433909e-01
3.300000e-02  7.310624e-01
3.600000e-02  7.196419e-01
3.900000e-02  7.090093e-01
4.200000e-02  6.990668e-01
4.500000e-02  6.897335e-01
4.800000e-02  6.809419e-01
5.100000e-02  6.726349e-01
5.400000e-02  6.647640e-01
5.700000e-02  6.572875e-01
6.000000e-02  6.501692e-01
6.300000e-02  6.433779e-01
6.600000e-02  6.368859e-01
6.900000e-02  6.306692e-01
7.200000e-02  6.247062e-01
7.500000e-02  6.189779e-01
7.800000e-02  6.134673e-01
8.100000e-02  6.081591e-01
8.400000e-02  6.030397e-01
8.700000e-02  5.980965e-01
9.000000e-02  5.933183e-01
9.300000e-02  5.886950e-01
9.600000e-02  5.842172e-01
9.900000e-02  5.798764e-01
1.020000e-01  5.756649e-01
1.050000e-01  5.715753e-01
1.080000e-01  5.676012e-01
1.110000e-01  5.637365e-01
1.140000e-01  5.599756e-01
1.170000e-01  5.563132e-01
1.200000e-01  5.527444e-01
1.230000e-01  5.492649e-01
1.260000e-01  5.458705e-01
1.290000e-01  5.425571e-01
1.320000e-01  5.393212e-01
1.350000e-01  5.361595e-01
1.380000e-01  5.330685e-01
1.410000e-01  5.300455e-01
1.440000e-01  5.270875e-01
1.470000e-01  5.241920e-01
1.500000e-01  5.213564e-01
1.530000e-01  5.185783e-01
1.560000e-01  5.158557e-01
1.590000e-01  5.131863e-01
1.620000e-01  5.105682e-01
1.650000e-01  5.079995e-01
1.680000e-01  5.054785e-01
1.710000e-01  5.030034e-01
1.740000e-01  5.005727e-01
1.770000e-01  4.981848e-01
1.800000e-01  4.958384e-01
1.830000e-01  4.935320e-01
1.860000e-01  4.912643e-01
1.890000e-01  4.890341e-01
1.920000e-01  4.868401e-01
1.950000e-01  4.846814e-01
1.980000e-01  4.825567e-01
2.010000e-01  4.804650e-01
2.040000e-01  4.784054e-01
2.070000e-01  4.763769e-01
2.100000e-01  4.743786e-01
2.130000e-01  4.724096e-01
2.160000e-01  4.704691e-01
2.190000e-01  4.685563e-01
2.220000e-01  4.666705e-01
2.250000e-01  4.648108e-01
2.280000e-01  4.629766e-01
2.310000e-01  4.611673e-01
2.340000e-01  4.593820e-01
2.370000e-01  4.576204e-01
2.400000e-01  4.558816e-01
2.430000e-01  4.541652e-01
2.460000e-01  4.524705e-01
2.490000e-01  4.507971e-01
2.520000e-01  4.491444e-01
2.550000e-01  4.475119e-01
2.580000e-01  4.458991e-01
2.610000e-01  4.443056e-01
2.640000e-01  4.427309e-01
2.670000e-01  4.411746e-01
2.700000e-01  4.396362e-01
2.730000e-01  4.381153e-01
2.760000e-01  4.366116e-01
2.790000e-01  4.351246e-01
2.820000e-01  4.336540e-01
2.850000e-01  4.321994e-01
2.880000e-01  4.307606e-01
2.910000e-01  4.293370e-01
2.940000e-01  4.279285e-01
2.970000e-01  4.265347e-01
3.000000e-01  4.251552e-01
3.030000e-01  4.237899e-01
3.060000e-01  4.224384e-01
3.090000e-01  4.211004e-01
3.120000e-01  4.197756e-01
3.150000e-01  4.184639e-01
3.180000e-01  4.171648e-01
3.210000e-01  4.158783e-01
3.240000e-01  4.146040e-01
3.270000e-01  4.133417e-01
3.300000e-01  4.120912e-01
3.330000e-01  4.108522e-01
3.360000e-01  4.096246e-01
3.390000e-01  4.084081e-01
3.420000e-01  4.072025e-01
3.450000e-01  4.060076e-01
3.480000e-01  4.048233e-01
3.510000e-01  4.036493e-01
3.540000e-01  4.024854e-01
3.570000e-01  4.013315e-01
3.600000e-01  4.001874e-01
3.630000e-01  3.990529e-01
3.660000e-01  3.979279e-01
3.690000e-01  3.968122e-01
3.720000e-01  3.957056e-01
3.750000e-01  3.946079e-01
3.780000e-01  3.935192e-01
3.810000e-01  3.924390e-01
3.840000e-01  3.913675e-01
3.870000e-01  3.903043e-01
3.900000e-01  3.892493e-01
3.930000e-01  3.882025e-01
3.960000e-01  3.871637e-01
3.990000e-01  3.861327e-01
4.020000e-01  3.851095e-01
4.050000e-01  3.840939e-01
4.080000e-01  3.830858e-01
4.110000e-01  3.820851e-01
4.140000e-01  3.810916e-01
4.170000e-01  3.801053e-01
4.200000e-01  3.791260e-01
4.230000e-01  3.781536e-01
4.260000e-01  3.771881e-01
4.290000e-01  3.762293e-01
4.320000e-01  3.752772e-01
4.350000e-01  3.743315e-01
4.380000e-01  3.733923e-01
4.410000e-01  3.724594e-01
4.440000e-01  3.715328e-01
4.470000e-01  3.706123e-01
4.500000e-01  3.696979e-01
4.530000e-01  3.687895e-01
4.560000e-01  3.678869e-01
4.590000e-01  3.669902e-01
4.620000e-01  3.660992e-01
4.650000e-01  3.652138e-01
4.680000e-01  3.643340e-01
4.710000e-01  3.634597e-01
4.740000e-01  3.625908e-01
4.770000e-01  3.617273e-01
4.800000e-01  3.608690e-01
4.830000e-01  3.600159e-01
4.860000e-01  3.591679e-01
4.890000e-01  3.583250e-01
4.920000e-01  3.574871e-01
4.950000e-01  3.566541e-01
4.980000e-01  3.558260e-01
5.010000e-01  3.550026e-01
5.040000e-01  3.541840e-01
5.070000e-01  3.533700e-01
5.100000e-01  3.525607e-01
5.130000e-01  3.517559e-01
5.160000e-01  3.509556e-01
5.190000e-01  3.501597e-01
5.220000e-01  3.493682e-01
5.250000e-01  3.485811e-01
5.280000e-01  3.477982e-01
5.310000e-01  3.470195e-01
5.340000e-01  3.462449e-01
5.370000e-01  3.454745e-01
5.400000e-01  3.447081e-01
5.430000e-01  3.439458e-01
5.460000e-01  3.431874e-01
5.490000e-01  3.424329e-01
5.520000e-01  3.416822e-01
5.550000e-01  3.409354e-01
5.580000e-01  3.401923e-01
5.610000e-01  3.394530e-01
5.640000e-01  3.387174e-01
5.670000e-01  3.379853e-01
5.700000e-01  3.372569e-01
5.730000e-01  3.365320e-01
5.760000e-01  3.358107e-01
5.790000e-01  3.350927e-01
5.820000e-01  3.343783e-01
5.850000e-01  3.336672e-01
5.880000e-01  3.329594e-01
5.910000e-01  3.322550e-01
5.940000e-01  3.315538e-01
5.970000e-01  3.308558e-01
6.000000e-01  3.301610e-01
6.030000e-01  3.294694e-01
6.060000e-01  3.287809e-01
6.090000e-01  3.280955e-01
6.120000e-01  3.274132e-01
6.150000e-01  3.267339e-01
6.180000e-01  3.260575e-01
6.210000e-01  3.253841e-01
6.240000e-01  3.247136e-01
6.270000e-01  3.240460e-01
6.300000e-01  3.233812e-01
6.330000e-01  3.227193e-01
6.360000e-01  3.220601e-01
6.390000e-01  3.214037e-01
6.420000e-01  3.207500e-01
6.450000e-01  3.200990e-01
6.480000e-01  3.194507e-01
6.510000e-01  3.188050e-01
6.540000e-01  3.181619e-01
6.570000e-01  3.175214e-01
6.600000e-01  3.168835e-01
6.630000e-01  3.162481e-01
6.660000e-01  3.156151e-01
6.690000e-01  3.149847e-01
6.720000e-01  3.143567e-01
6.750000e-01  3.137311e-01
6.780000e-01  3.131079e-01
6.810000e-01  3.124870e-01
6.840000e-01  3.118685e-01
6.870000e-01  3.112523e-01
6.900000e-01  3.106384e-01
6.930000e-01  3.100268e-01
6.960000e-01  3.094174e-01
6.990000e-01  3.088102e-01
7.020000e-01  3.082052e-01
7.050000e-01  3.076024e-01
7.080000e-01  3.070018e-01
7.110000e-01  3.064032e-01
7.140000e-01  3.058068e-01
7.170000e-01  3.052124e-01
7.200000e-01  3.046202e-01
7.230000e-01  3.040299e-01
7.260000e-01  3.034417e-01
7.290000e-01  3.028554e-01
7.320000e-01  3.022711e-01
7.350000e-01  3.016888e-01
7.380000e-01  3.011084e-01
7.410000e-01  3.005299e-01
7.440000e-01  2.999534e-01
7.470000e-01  2.993786e-01
7.500000e-01  2.988058e-01
7.530000e-01  2.982347e-01
7.560000e-01  2.976655e-01
7.590000e-01  2.970981e-01
7.620000e-01  2.965325e-01
7.650000e-01  2.959686e-01
7.680000e-01  2.954064e-01
7.710000e-01  2.948460e-01
7.740000e-01  2.942873e-01
7.770000e-01  2.937303e-01
7.800000e-01  2.931749e-01
7.830000e-01  2.926212e-01
7.860000e-01  2.920691e-01
7.890000e-01  2.915187e-01
7.920000e-01  2.909698e-01
7.950000e-01  2.904225e-01
7.980000e-01  2.898768e-01
8.010000e-01  2.893326e-01
8.040000e-01  2.887900e-01
8.070000e-01  2.882489e-01
8.100000e-01  2.877092e-01
8.130000e-01  2.871711e-01
8.160000e-01  2.866344e-01
8.190000e-01  2.860992e-01
8.220000e-01  2.855655e-01
8.250000e-01  2.850331e-01
8.280000e-01  2.845022e-01
8.310000e-01  2.839726e-01
8.340000e-01  2.834444e-01
8.370000e-01  2.829176e-01
8.400000e-01  2.823922e-01
8.430000e-01  2.818680e-01
8.460000e-01  2.813452e-01
8.490000e-01  2.808237e-01
8.520000e-01  2.803035e-01
8.550000e-01  2.797846e-01
8.580000e-01  2.792669e-01
8.610000e-01  2.787505e-01
8.640000e-01  2.782353e-01
8.670000e-01  2.777213e-01
8.700000e-01  2.772085e-01
8.730000e-01  2.766969e-01
8.760000e-01  2.761865e-01
8.790000e-01  2.756773e-01
8.820000e-01  2.751692e-01
8.850000e-01  2.746623e-01
8.880000e-01  2.741565e-01
8.910000e-01  2.736518e-01
8.940000e-01  2.731482e-01
8.970000e-01  2.726457e-01
9.000000e-01  2.721443e-01
9.030000e-01  2.716439e-01
9.060000e-01  2.711446e-01
9.090000e-01  2.706463e-01
9.120000e-01  2.701491e-01
9.150000e-01  2.696528e-01
9.180000e-01  2.691576e-01
9.210000e-01  2.686633e-01
9.240000e-01  2.681701e-01
9.270000e-01  2.676778e-01
9.300000e-01  2.671864e-01
9.330000e-01  2.666960e-01
9.360000e-01  2.662065e-01
9.390000e-01  2.657179e-01
9.420000e-01  2.652303e-01
9.450000e-01  2.647435e-01
9.480000e-01  2.642576e-01
9.510000e-01  2.637726e-01
9.540000e-01  2.632884e-01
9.570000e-01  2.628051e-01
9.600000e-01  2.623226e-01
9.630000e-01  2.618410e-01
9.660000e-01  2.613601e-01
9.690000e-01  2.608801e-01
9.720000e-01  2.604008e-01
9.750000e-01  2.599224e-01
9.780000e-01  2.594447e-01
9.810000e-01  2.589677e-01
9.840000e-01  2.584915e-01
9.870000e-01  2.580160e-01
9.900000e-01  2.575413e-01
9.930000e-01  2.570672e-01
9.960000e-01  2.565939e-01
9.990000e-01  2.561212e-01
