000000  000001
3.000000e-03  9.291712e-01
6.000000e-03  8.796384e-01
9.000000e-03  8.415922e-01
1.200000e-02  8.107623e-01
1.500000e-02  7.848914e-01
1.800000e-02  7.626381e-01
2.100000e-02  7.431395e-01
2.400000e-02  7.258073e-01
2.700000e-02  7.102226e-01
3.000000e-02  6.960765e-01
3.300000e-02  6.831348e-01
3.600000e-02  6.712155e-01
3.900000e-02  6.601749e-01
4.200000e-02  6.498969e-01
4.500000e-02  6.402871e-01
4.800000e-02  6.312671e-01
5.100000e-02  6.227716e-01
5.400000e-02  6.147452e-01
5.700000e-02  6.071409e-01
6.000000e-02  5.999182e-01
6.300000e-02  5.930422e-01
6.600000e-02  5.864824e-01
6.900000e-02  5.802121e-01
7.200000e-02  5.742079e-01
7.500000e-02  5.684489e-01
7.800000e-02  5.629168e-01
8.100000e-02  5.575948e-01
8.400000e-02  5.524684e-01
8.700000e-02  5.475241e-01
9.000000e-02  5.427498e-01
9.300000e-02  5.381348e-01
9.600000e-02  5.336692e-01
9.900000e-02  5.293438e-01
1.020000e-01  5.251504e-01
1.050000e-01  5.210815e-01
1.080000e-01  5.171302e-01
1.110000e-01  5.132900e-01
1.140000e-01  5.095551e-01
1.170000e-01  5.059200e-01
1.200000e-01  5.023797e-01
1.230000e-01  4.989294e-01
1.260000e-01  4.955650e-01
1.290000e-01  4.922822e-01
1.320000e-01  4.890774e-01
1.350000e-01  4.859470e-01
1.380000e-01  4.828877e-01
1.410000e-01  4.798965e-01
1.440000e-01  4.769703e-01
1.470000e-01  4.741066e-01
1.500000e-01  4.713027e-01
1.530000e-01  4.685563e-01
1.560000e-01  4.658651e-01
1.590000e-01  4.632269e-01
1.620000e-01  4.606397e-01
1.650000e-01  4.581016e-01
1.680000e-01  4.556109e-01
1.710000e-01  4.531657e-01
1.740000e-01  4.507645e-01
1.770000e-01  4.484057e-01
1.800000e-01  4.460878e-01
1.830000e-01  4.438096e-01
1.860000e-01  4.415695e-01
1.890000e-01  4.393665e-01
1.920000e-01  4.371992e-01
1.950000e-01  4.350666e-01
1.980000e-01  4.329675e-01
2.010000e-01  4.309009e-01
2.040000e-01  4.288659e-01
2.070000e-01  4.268613e-01
2.100000e-01  4.248864e-01
2.130000e-01  4.229403e-01
2.160000e-01  4.210221e-01
2.190000e-01  4.191310e-01
2.220000e-01  4.172663e-01
2.250000e-01  4.154272e-01
2.280000e-01  4.136130e-01
2.310000e-01  4.118230e-01
2.340000e-01  4.100566e-01
2.370000e-01  4.083131e-01
2.400000e-01  4.065920e-01
2.430000e-01  4.048927e-01
2.460000e-01  4.032145e-01
2.490000e-01  4.015570e-01
2.520000e-01  3.999196e-01
2.550000e-01  3.983019e-01
2.580000e-01  3.967033e-01
2.610000e-01  3.951234e-01
2.640000e-01  3.935617e-01
2.670000e-01  3.920178e-01
2.700000e-01  3.904913e-01
2.730000e-01  3.889817e-01
2.760000e-01  3.874888e-01
2.790000e-01  3.860120e-01
2.820000e-01  3.845510e-01
2.850000e-01  3.831055e-01
2.880000e-01  3.816751e-01
2.910000e-01  3.802595e-01
2.940000e-01  3.788584e-01
2.970000e-01  3.774714e-01
3.000000e-01  3.760982e-01
3.030000e-01  3.747386e-01
3.060000e-01  3.733923e-01
3.090000e-01  3.720589e-01
3.120000e-01  3.707383e-01
3.150000e-01  3.694301e-01
3.180000e-01  3.681341e-01
3.210000e-01  3.668500e-01
3.240000e-01  3.655777e-01
3.270000e-01  3.643168e-01
3.300000e-01  3.630672e-01
3.330000e-01  3.618286e-01
3.360000e-01  3.606008e-01
3.390000e-01  3.593836e-01
3.420000e-01  3.581768e-01
3.450000e-01  3.569802e-01
3.480000e-01  3.557936e-01
3.510000e-01  3.546168e-01
3.540000e-01  3.534496e-01
3.570000e-01  3.522919e-01
3.600000e-01  3.511435e-01
3.630000e-01  3.500042e-01
3.660000e-01  3.488738e-01
3.690000e-01  3.477522e-01
3.720000e-01  3.466393e-01
3.750000e-01  3.455348e-01
3.780000e-01  3.444386e-01
3.810000e-01  3.433506e-01
3.840000e-01  3.422706e-01
3.870000e-01  3.411986e-01
3.900000e-01  3.401342e-01
3.930000e-01  3.390775e-01
3.960000e-01  3.380283e-01
3.990000e-01  3.369864e-01
4.020000e-01  3.359518e-01
4.050000e-01  3.349243e-01
4.080000e-01  3.339038e-01
4.110000e-01  3.328902e-01
4.140000e-01  3.318833e-01
4.170000e-01  3.308831e-01
4.200000e-01  3.298894e-01
4.230000e-01  3.289022e-01
4.260000e-01  3.279213e-01
4.290000e-01  3.269467e-01
4.320000e-01  3.259781e-01
4.350000e-01  3.250156e-01
4.380000e-01  3.240590e-01
4.410000e-01  3.231083e-01
4.440000e-01  3.221633e-01
4.470000e-01  3.212240e-01
4.500000e-01  3.202902e-01
4.530000e-01  3.193619e-01
4.560000e-01  3.184390e-01
4.590000e-01  3.175214e-01
4.620000e-01  3.166091e-01
4.650000e-01  3.157019e-01
4.680000e-01  3.147997e-01
4.710000e-01  3.139026e-01
4.740000e-01  3.130103e-01
4.770000e-01  3.121229e-01
4.800000e-01  3.112403e-01
4.830000e-01  3.103623e-01
4.860000e-01  3.094890e-01
4.890000e-01  3.086202e-01
4.920000e-01  3.077559e-01
4.950000e-01  3.068960e-01
4.980000e-01  3.060405e-01
5.010000e-01  3.051892e-01
5.040000e-01  3.043421e-01
5.070000e-01  3.034992e-01
5.100000e-01  3.026604e-01
5.130000e-01  3.018256e-01
5.160000e-01  3.009948e-01
5.190000e-01  3.001679e-01
5.220000e-01  2.993449e-01
5.250000e-01  2.985256e-01
5.280000e-01  2.977101e-01
5.310000e-01  2.968983e-01
5.340000e-01  2.960901e-01
5.370000e-01  2.952854e-01
5.400000e-01  2.944843e-01
5.430000e-01  2.936867e-01
5.460000e-01  2.928924e-01
5.490000e-01  2.921015e-01
5.520000e-01  2.913140e-01
5.550000e-01  2.905297e-01
5.580000e-01  2.897486e-01
5.610000e-01  2.889707e-01
5.640000e-01  2.881959e-01
5.670000e-01  2.874242e-01
5.700000e-01  2.866555e-01
5.730000e-01  2.858897e-01
5.760000e-01  2.851270e-01
5.790000e-01  2.843671e-01
5.820000e-01  2.836100e-01
5.850000e-01  2.828557e-01
5.880000e-01  2.821042e-01
5.910000e-01  2.813555e-01
5.940000e-01  2.806094e-01
5.970000e-01  2.798659e-01
6.000000e-01  2.791250e-01
6.030000e-01  2.783867e-01
6.060000e-01  2.776508e-01
6.090000e-01  2.769175e-01
6.120000e-01  2.761865e-01
6.150000e-01  2.754580e-01
6.180000e-01  2.747318e-01
6.210000e-01  2.740079e-01
6.240000e-01  2.732863e-01
6.270000e-01  2.725670e-01
6.300000e-01  2.718498e-01
6.330000e-01  2.711348e-01
6.360000e-01  2.704219e-01
6.390000e-01  2.697111e-01
6.420000e-01  2.690024e-01
6.450000e-01  2.682957e-01
6.480000e-01  2.675910e-01
6.510000e-01  2.668882e-01
6.540000e-01  2.661873e-01
6.570000e-01  2.654883e-01
6.600000e-01  2.647912e-01
6.630000e-01  2.640958e-01
6.660000e-01  2.634023e-01
6.690000e-01  2.627104e-01
6.720000e-01  2.620203e-01
6.750000e-01  2.613319e-01
6.780000e-01  2.606451e-01
6.810000e-01  2.599599e-01
6.840000e-01  2.592762e-01
6.870000e-01  2.585941e-01
6.900000e-01  2.579136e-01
6.930000e-01  2.572345e-01
6.960000e-01  2.565568e-01
6.990000e-01  2.558805e-01
7.020000e-01  2.552057e-01
7.050000e-01  2.545321e-01
7.080000e-01  2.538599e-01
7.110000e-01  2.531890e-01
7.140000e-01  2.525193e-01
7.170000e-01  2.518508e-01
7.200000e-01  2.511835e-01
7.230000e-01  2.505173e-01
7.260000e-01  2.498523e-01
7.290000e-01  2.491884e-01
7.320000e-01  2.485255e-01
7.350000e-01  2.478636e-01
7.380000e-01  2.472028e-01
7.410000e-01  2.465428e-01
7.440000e-01  2.458839e-01
7.470000e-01  2.452258e-01
7.500000e-01  2.445685e-01
7.530000e-01  2.439121e-01
7.560000e-01  2.432565e-01
7.590000e-01  2.426017e-01
7.620000e-01  2.419475e-01
7.650000e-01  2.412941e-01
7.680000e-01  2.406414e-01
7.710000e-01  2.399892e-01
7.740000e-01  2.393377e-01
7.770000e-01  2.386867e-01
7.800000e-01  2.380363e-01
7.830000e-01  2.373863e-01
7.860000e-01  2.367368e-01
7.890000e-01  2.360877e-01
7.920000e-01  2.354391e-01
7.950000e-01  2.347907e-01
7.980000e-01  2.341427e-01
8.010000e-01  2.334950e-01
8.040000e-01  2.328475e-01
8.070000e-01  2.322002e-01
8.100000e-01  2.315530e-01
8.130000e-01  2.309060e-01
8.160000e-01  2.302591e-01
8.190000e-01  2.296123e-01
8.220000e-01  000000
8.250000e-01  000000
8.280000e-01  000000
8.310000e-01  000000
8.340000e-01  000000
8.370000e-01  000000
8.400000e-01  000000
8.430000e-01  000000
8.460000e-01  000000
8.490000e-01  000000
8.520000e-01  000000
8.550000e-01  000000
8.580000e-01  000000
8.610000e-01  000000
8.640000e-01  000000
8.670000e-01  000000
8.700000e-01  000000
8.730000e-01  000000
8.760000e-01  000000
8.790000e-01  000000
8.820000e-01  000000
8.850000e-01  000000
8.880000e-01  000000
8.910000e-01  000000
8.940000e-01  000000
8.970000e-01  000000
9.000000e-01  000000
9.030000e-01  000000
9.060000e-01  000000
9.090000e-01  000000
9.120000e-01  000000
9.150000e-01  000000
9.180000e-01  000000
9.210000e-01  000000
9.240000e-01  000000
9.270000e-01  000000
9.300000e-01  000000
9.330000e-01  000000
9.360000e-01  000000
9.390000e-01  000000
9.420000e-01  000000
9.450000e-01  000000
9.480000e-01  000000
9.510000e-01  000000
9.540000e-01  000000
9.570000e-01  000000
9.600000e-01  000000
9.630000e-01  000000
9.660000e-01  000000
9.690000e-01  000000
9.720000e-01  000000
9.750000e-01  000000
9.780000e-01  000000
9.810000e-01  000000
9.840000e-01  000000
9.870000e-01  000000
9.900000e-01  000000
9.930000e-01  000000
9.960000e-01  000000
9.990000e-01  000000
