000000  000001
3.000000e-03  8.743722e-01
6.000000e-03  8.038930e-01
9.000000e-03  7.550395e-01
1.200000e-02  7.178179e-01
1.500000e-02  6.878593e-01
1.800000e-02  6.628594e-01
2.100000e-02  6.414546e-01
2.400000e-02  6.227716e-01
2.700000e-02  6.062179e-01
3.000000e-02  5.913737e-01
3.300000e-02  5.779305e-01
3.600000e-02  5.656556e-01
3.900000e-02  5.543688e-01
4.200000e-02  5.439281e-01
4.500000e-02  5.342195e-01
4.800000e-02  5.251504e-01
5.100000e-02  5.166442e-01
5.400000e-02  5.086371e-01
5.700000e-02  5.010755e-01
6.000000e-02  4.939136e-01
6.300000e-02  4.871124e-01
6.600000e-02  4.806381e-01
6.900000e-02  4.744613e-01
7.200000e-02  4.685563e-01
7.500000e-02  4.629007e-01
7.800000e-02  4.574746e-01
8.100000e-02  4.522602e-01
8.400000e-02  4.472417e-01
8.700000e-02  4.424052e-01
9.000000e-02  4.377378e-01
9.300000e-02  4.332281e-01
9.600000e-02  4.288659e-01
9.900000e-02  4.246416e-01
1.020000e-01  4.205468e-01
1.050000e-01  4.165736e-01
1.080000e-01  4.127150e-01
1.110000e-01  4.089643e-01
1.140000e-01  4.053155e-01
1.170000e-01  4.017631e-01
1.200000e-01  3.983019e-01
1.230000e-01  3.949272e-01
1.260000e-01  3.916346e-01
1.290000e-01  3.884199e-01
1.320000e-01  3.852795e-01
1.350000e-01  3.822098e-01
1.380000e-01  3.792073e-01
1.410000e-01  3.762691e-01
1.440000e-01  3.733923e-01
1.470000e-01  3.705741e-01
1.500000e-01  3.678120e-01
1.530000e-01  3.651035e-01
1.560000e-01  3.624465e-01
1.590000e-01  3.598388e-01
1.620000e-01  3.572784e-01
1.650000e-01  3.547634e-01
1.680000e-01  3.522919e-01
1.710000e-01  3.498624e-01
1.740000e-01  3.474732e-01
1.770000e-01  3.451228e-01
1.800000e-01  3.428096e-01
1.830000e-01  3.405325e-01
1.860000e-01  3.382899e-01
1.890000e-01  3.360808e-01
1.920000e-01  3.339038e-01
1.950000e-01  3.317579e-01
1.980000e-01  3.296420e-01
2.010000e-01  3.275551e-01
2.040000e-01  3.254961e-01
2.070000e-01  3.234641e-01
2.100000e-01  3.214583e-01
2.130000e-01  3.194777e-01
2.160000e-01  3.175214e-01
2.190000e-01  3.155888e-01
2.220000e-01  3.136791e-01
2.250000e-01  3.117914e-01
2.280000e-01  3.099251e-01
2.310000e-01  3.080795e-01
2.340000e-01  3.062539e-01
2.370000e-01  3.044478e-01
2.400000e-01  3.026604e-01
2.430000e-01  3.008913e-01
2.460000e-01  2.991397e-01
2.490000e-01  2.974052e-01
2.520000e-01  2.956873e-01
2.550000e-01  2.939854e-01
2.580000e-01  2.922989e-01
2.610000e-01  2.906276e-01
2.640000e-01  2.889707e-01
2.670000e-01  2.873279e-01
2.700000e-01  2.856988e-01
2.730000e-01  2.840828e-01
2.760000e-01  2.824797e-01
2.790000e-01  2.808888e-01
2.820000e-01  2.793100e-01
2.850000e-01  2.777427e-01
2.880000e-01  2.761865e-01
2.910000e-01  2.746412e-01
2.940000e-01  2.731063e-01
2.970000e-01  2.715814e-01
3.000000e-01  2.700663e-01
3.030000e-01  2.685605e-01
3.060000e-01  2.670637e-01
3.090000e-01  2.655756e-01
3.120000e-01  2.640958e-01
3.150000e-01  2.626241e-01
3.180000e-01  2.611600e-01
3.210000e-01  2.597033e-01
3.240000e-01  2.582537e-01
3.270000e-01  2.568107e-01
3.300000e-01  2.553742e-01
3.330000e-01  2.539439e-01
3.360000e-01  2.525193e-01
3.390000e-01  2.511002e-01
3.420000e-01  2.496862e-01
3.450000e-01  2.482772e-01
3.480000e-01  2.468727e-01
3.510000e-01  2.454724e-01
3.540000e-01  2.440762e-01
3.570000e-01  2.426835e-01
3.600000e-01  2.412941e-01
3.630000e-01  2.399078e-01
3.660000e-01  2.385241e-01
3.690000e-01  2.371427e-01
3.720000e-01  2.357634e-01
3.750000e-01  2.343857e-01
3.780000e-01  2.330093e-01
3.810000e-01  2.316339e-01
3.840000e-01  2.302591e-01
3.870000e-01  000000
3.900000e-01  000000
3.930000e-01  000000
3.960000e-01  000000
3.990000e-01  000000
4.020000e-01  000000
4.050000e-01  000000
4.080000e-01  000000
4.110000e-01  000000
4.140000e-01  000000
4.170000e-01  000000
4.200000e-01  000000
4.230000e-01  000000
4.260000e-01  000000
4.290000e-01  000000
4.320000e-01  000000
4.350000e-01  000000
4.380000e-01  000000
4.410000e-01  000000
4.440000e-01  000000
4.470000e-01  000000
4.500000e-01  000000
4.530000e-01  000000
4.560000e-01  000000
4.590000e-01  000000
4.620000e-01  000000
4.650000e-01  000000
4.680000e-01  000000
4.710000e-01  000000
4.740000e-01  000000
4.770000e-01  000000
4.800000e-01  000000
4.830000e-01  000000
4.860000e-01  000000
4.890000e-01  000000
4.920000e-01  000000
4.950000e-01  000000
4.980000e-01  000000
5.010000e-01  000000
5.040000e-01  000000
5.070000e-01  000000
5.100000e-01  000000
5.130000e-01  000000
5.160000e-01  000000
5.190000e-01  000000
5.220000e-01  000000
5.250000e-01  000000
5.280000e-01  000000
5.310000e-01  000000
5.340000e-01  000000
5.370000e-01  000000
5.400000e-01  000000
5.430000e-01  000000
5.460000e-01  000000
5.490000e-01  000000
5.520000e-01  000000
5.550000e-01  000000
5.580000e-01  000000
5.610000e-01  000000
5.640000e-01  000000
5.670000e-01  000000
5.700000e-01  000000
5.730000e-01  000000
5.760000e-01  000000
5.790000e-01  000000
5.820000e-01  000000
5.850000e-01  000000
5.880000e-01  000000
5.910000e-01  000000
5.940000e-01  000000
5.970000e-01  000000
6.000000e-01  000000
6.030000e-01  000000
6.060000e-01  000000
6.090000e-01  000000
6.120000e-01  000000
6.150000e-01  000000
6.180000e-01  000000
6.210000e-01  000000
6.240000e-01  000000
6.270000e-01  000000
6.300000e-01  000000
6.330000e-01  000000
6.360000e-01  000000
6.390000e-01  000000
6.420000e-01  000000
6.450000e-01  000000
6.480000e-01  000000
6.510000e-01  000000
6.540000e-01  000000
6.570000e-01  000000
6.600000e-01  000000
6.630000e-01  000000
6.660000e-01  000000
6.690000e-01  000000
6.720000e-01  000000
6.750000e-01  000000
6.780000e-01  000000
6.810000e-01  000000
6.840000e-01  000000
6.870000e-01  000000
6.900000e-01  000000
6.930000e-01  000000
6.960000e-01  000000
6.990000e-01  000000
7.020000e-01  000000
7.050000e-01  000000
7.080000e-01  000000
7.110000e-01  000000
7.140000e-01  000000
7.170000e-01  000000
7.200000e-01  000000
7.230000e-01  000000
7.260000e-01  000000
7.290000e-01  000000
7.320000e-01  000000
7.350000e-01  000000
7.380000e-01  000000
7.410000e-01  000000
7.440000e-01  000000
7.470000e-01  000000
7.500000e-01  000000
7.530000e-01  000000
7.560000e-01  000000
7.590000e-01  000000
7.620000e-01  000000
7.650000e-01  000000
7.680000e-01  000000
7.710000e-01  000000
7.740000e-01  000000
7.770000e-01  000000
7.800000e-01  000000
7.830000e-01  000000
7.860000e-01  000000
7.890000e-01  000000
7.920000e-01  000000
7.950000e-01  000000
7.980000e-01  000000
8.010000e-01  000000
8.040000e-01  000000
8.070000e-01  000000
8.100000e-01  000000
8.130000e-01  000000
8.160000e-01  000000
8.190000e-01  000000
8.220000e-01  000000
8.250000e-01  000000
8.280000e-01  000000
8.310000e-01  000000
8.340000e-01  000000
8.370000e-01  000000
8.400000e-01  000000
8.430000e-01  000000
8.460000e-01  000000
8.490000e-01  000000
8.520000e-01  000000
8.550000e-01  000000
8.580000e-01  000000
8.610000e-01  000000
8.640000e-01  000000
8.670000e-01  000000
8.700000e-01  000000
8.730000e-01  000000
8.760000e-01  000000
8.790000e-01  000000
8.820000e-01  000000
8.850000e-01  000000
8.880000e-01  000000
8.910000e-01  000000
8.940000e-01  000000
8.970000e-01  000000
9.000000e-01  000000
9.030000e-01  000000
9.060000e-01  000000
9.090000e-01  000000
9.120000e-01  000000
9.150000e-01  000000
9.180000e-01  000000
9.210000e-01  000000
9.240000e-01  000000
9.270000e-01  000000
9.300000e-01  000000
9.330000e-01  000000
9.360000e-01  000000
9.390000e-01  000000
9.420000e-01  000000
9.450000e-01  000000
9.480000e-01  000000
9.510000e-01  000000
9.540000e-01  000000
9.570000e-01  000000
9.600000e-01  000000
9.630000e-01  000000
9.660000e-01  000000
9.690000e-01  000000
9.720000e-01  000000
9.750000e-01  000000
9.780000e-01  000000
9.810000e-01  000000
9.840000e-01  000000
9.870000e-01  000000
9.900000e-01  000000
9.930000e-01  000000
9.960000e-01  000000
9.990000e-01  000000
