000000  000001
3.000000e-03  9.504507e-01
6.000000e-03  9.122989e-01
9.000000e-03  8.812932e-01
1.200000e-02  8.552012e-01
1.500000e-02  8.326992e-01
1.800000e-02  8.129362e-01
2.100000e-02  7.953317e-01
2.400000e-02  7.794721e-01
2.700000e-02  7.650518e-01
3.000000e-02  7.518389e-01
3.300000e-02  7.396530e-01
3.600000e-02  7.283511e-01
3.900000e-02  7.178179e-01
4.200000e-02  7.079593e-01
4.500000e-02  6.986970e-01
4.800000e-02  6.899658e-01
5.100000e-02  6.817103e-01
5.400000e-02  6.738834e-01
5.700000e-02  6.664445e-01
6.000000e-02  6.593585e-01
6.300000e-02  6.525947e-01
6.600000e-02  6.461264e-01
6.900000e-02  6.399297e-01
7.200000e-02  6.339838e-01
7.500000e-02  6.282700e-01
7.800000e-02  6.227716e-01
8.100000e-02  6.174735e-01
8.400000e-02  6.123624e-01
8.700000e-02  6.074260e-01
9.000000e-02  6.026533e-01
9.300000e-02  5.980342e-01
9.600000e-02  5.935595e-01
9.900000e-02  5.892209e-01
1.020000e-01  5.850106e-01
1.050000e-01  5.809216e-01
1.080000e-01  5.769474e-01
1.110000e-01  5.730820e-01
1.140000e-01  5.693197e-01
1.170000e-01  5.656556e-01
1.200000e-01  5.620847e-01
1.230000e-01  5.586027e-01
1.260000e-01  5.552053e-01
1.290000e-01  5.518888e-01
1.320000e-01  5.486495e-01
1.350000e-01  5.454841e-01
1.380000e-01  5.423893e-01
1.410000e-01  5.393623e-01
1.440000e-01  5.364001e-01
1.470000e-01  5.335002e-01
1.500000e-01  5.306602e-01
1.530000e-01  5.278777e-01
1.560000e-01  5.251504e-01
1.590000e-01  5.224763e-01
1.620000e-01  5.198535e-01
1.650000e-01  5.172800e-01
1.680000e-01  5.147542e-01
1.710000e-01  5.122743e-01
1.740000e-01  5.098388e-01
1.770000e-01  5.074460e-01
1.800000e-01  5.050947e-01
1.830000e-01  5.027835e-01
1.860000e-01  5.005109e-01
1.890000e-01  4.982759e-01
1.920000e-01  4.960772e-01
1.950000e-01  4.939136e-01
1.980000e-01  4.917842e-01
2.010000e-01  4.896879e-01
2.040000e-01  4.876236e-01
2.070000e-01  4.855905e-01
2.100000e-01  4.835876e-01
2.130000e-01  4.816141e-01
2.160000e-01  4.796691e-01
2.190000e-01  4.777519e-01
2.220000e-01  4.758617e-01
2.250000e-01  4.739977e-01
2.280000e-01  4.721593e-01
2.310000e-01  4.703457e-01
2.340000e-01  4.685563e-01
2.370000e-01  4.667906e-01
2.400000e-01  4.650478e-01
2.430000e-01  4.633274e-01
2.460000e-01  4.616289e-01
2.490000e-01  4.599516e-01
2.520000e-01  4.582952e-01
2.550000e-01  4.566590e-01
2.580000e-01  4.550426e-01
2.610000e-01  4.534456e-01
2.640000e-01  4.518674e-01
2.670000e-01  4.503076e-01
2.700000e-01  4.487659e-01
2.730000e-01  4.472417e-01
2.760000e-01  4.457348e-01
2.790000e-01  4.442447e-01
2.820000e-01  4.427710e-01
2.850000e-01  4.413135e-01
2.880000e-01  4.398717e-01
2.910000e-01  4.384453e-01
2.940000e-01  4.370340e-01
2.970000e-01  4.356374e-01
3.000000e-01  4.342554e-01
3.030000e-01  4.328874e-01
3.060000e-01  4.315334e-01
3.090000e-01  4.301930e-01
3.120000e-01  4.288659e-01
3.150000e-01  4.275518e-01
3.180000e-01  4.262506e-01
3.210000e-01  4.249619e-01
3.240000e-01  4.236855e-01
3.270000e-01  4.224211e-01
3.300000e-01  4.211687e-01
3.330000e-01  4.199278e-01
3.360000e-01  4.186984e-01
3.390000e-01  4.174801e-01
3.420000e-01  4.162728e-01
3.450000e-01  4.150764e-01
3.480000e-01  4.138905e-01
3.510000e-01  4.127150e-01
3.540000e-01  4.115497e-01
3.570000e-01  4.103945e-01
3.600000e-01  4.092491e-01
3.630000e-01  4.081134e-01
3.660000e-01  4.069872e-01
3.690000e-01  4.058704e-01
3.720000e-01  4.047628e-01
3.750000e-01  4.036643e-01
3.780000e-01  4.025746e-01
3.810000e-01  4.014936e-01
3.840000e-01  4.004213e-01
3.870000e-01  3.993574e-01
3.900000e-01  3.983019e-01
3.930000e-01  3.972545e-01
3.960000e-01  3.962152e-01
3.990000e-01  3.951838e-01
4.020000e-01  3.941602e-01
4.050000e-01  3.931443e-01
4.080000e-01  3.921359e-01
4.110000e-01  3.911350e-01
4.140000e-01  3.901414e-01
4.170000e-01  3.891551e-01
4.200000e-01  3.881758e-01
4.230000e-01  3.872035e-01
4.260000e-01  3.862381e-01
4.290000e-01  3.852795e-01
4.320000e-01  3.843276e-01
4.350000e-01  3.833823e-01
4.380000e-01  3.824435e-01
4.410000e-01  3.815110e-01
4.440000e-01  3.805849e-01
4.470000e-01  3.796650e-01
4.500000e-01  3.787512e-01
4.530000e-01  3.778434e-01
4.560000e-01  3.769416e-01
4.590000e-01  3.760457e-01
4.620000e-01  3.751556e-01
4.650000e-01  3.742711e-01
4.680000e-01  3.733923e-01
4.710000e-01  3.725190e-01
4.740000e-01  3.716513e-01
4.770000e-01  3.707889e-01
4.800000e-01  3.699318e-01
4.830000e-01  3.690800e-01
4.860000e-01  3.682334e-01
4.890000e-01  3.673919e-01
4.920000e-01  3.665554e-01
4.950000e-01  3.657239e-01
4.980000e-01  3.648973e-01
5.010000e-01  3.640756e-01
5.040000e-01  3.632587e-01
5.070000e-01  3.624465e-01
5.100000e-01  3.616390e-01
5.130000e-01  3.608361e-01
5.160000e-01  3.600377e-01
5.190000e-01  3.592438e-01
5.220000e-01  3.584544e-01
5.250000e-01  3.576693e-01
5.280000e-01  3.568885e-01
5.310000e-01  3.561121e-01
5.340000e-01  3.553398e-01
5.370000e-01  3.545717e-01
5.400000e-01  3.538077e-01
5.430000e-01  3.530478e-01
5.460000e-01  3.522919e-01
5.490000e-01  3.515400e-01
5.520000e-01  3.507920e-01
5.550000e-01  3.500479e-01
5.580000e-01  3.493075e-01
5.610000e-01  3.485710e-01
5.640000e-01  3.478382e-01
5.670000e-01  3.471091e-01
5.700000e-01  3.463836e-01
5.730000e-01  3.456618e-01
5.760000e-01  3.449435e-01
5.790000e-01  3.442287e-01
5.820000e-01  3.435175e-01
5.850000e-01  3.428096e-01
5.880000e-01  3.421052e-01
5.910000e-01  3.414041e-01
5.940000e-01  3.407064e-01
5.970000e-01  3.400119e-01
6.000000e-01  3.393207e-01
6.030000e-01  3.386327e-01
6.060000e-01  3.379479e-01
6.090000e-01  3.372662e-01
6.120000e-01  3.365877e-01
6.150000e-01  3.359122e-01
6.180000e-01  3.352397e-01
6.210000e-01  3.345703e-01
6.240000e-01  3.339038e-01
6.270000e-01  3.332403e-01
6.300000e-01  3.325797e-01
6.330000e-01  3.319219e-01
6.360000e-01  3.312670e-01
6.390000e-01  3.306150e-01
6.420000e-01  3.299657e-01
6.450000e-01  3.293191e-01
6.480000e-01  3.286753e-01
6.510000e-01  3.280342e-01
6.540000e-01  3.273957e-01
6.570000e-01  3.267599e-01
6.600000e-01  3.261267e-01
6.630000e-01  3.254961e-01
6.660000e-01  3.248681e-01
6.690000e-01  3.242425e-01
6.720000e-01  3.236195e-01
6.750000e-01  3.229990e-01
6.780000e-01  3.223809e-01
6.810000e-01  3.217652e-01
6.840000e-01  3.211520e-01
6.870000e-01  3.205411e-01
6.900000e-01  3.199325e-01
6.930000e-01  3.193263e-01
6.960000e-01  3.187224e-01
6.990000e-01  3.181208e-01
7.020000e-01  3.175214e-01
7.050000e-01  3.169243e-01
7.080000e-01  3.163294e-01
7.110000e-01  3.157367e-01
7.140000e-01  3.151461e-01
7.170000e-01  3.145577e-01
7.200000e-01  3.139714e-01
7.230000e-01  3.133872e-01
7.260000e-01  3.128051e-01
7.290000e-01  3.122251e-01
7.320000e-01  3.116471e-01
7.350000e-01  3.110711e-01
7.380000e-01  3.104971e-01
7.410000e-01  3.099251e-01
7.440000e-01  3.093550e-01
7.470000e-01  3.087869e-01
7.500000e-01  3.082207e-01
7.530000e-01  3.076565e-01
7.560000e-01  3.070940e-01
7.590000e-01  3.065335e-01
7.620000e-01  3.059748e-01
7.650000e-01  3.054180e-01
7.680000e-01  3.048629e-01
7.710000e-01  3.043096e-01
7.740000e-01  3.037581e-01
7.770000e-01  3.032084e-01
7.800000e-01  3.026604e-01
7.830000e-01  3.021142e-01
7.860000e-01  3.015696e-01
7.890000e-01  3.010267e-01
7.920000e-01  3.004855e-01
7.950000e-01  2.999460e-01
7.980000e-01  2.994081e-01
8.010000e-01  2.988718e-01
8.040000e-01  2.983371e-01
8.070000e-01  2.978040e-01
8.100000e-01  2.972725e-01
8.130000e-01  2.967426e-01
8.160000e-01  2.962142e-01
8.190000e-01  2.956873e-01
8.220000e-01  2.951620e-01
8.250000e-01  2.946381e-01
8.280000e-01  2.941157e-01
8.310000e-01  2.935948e-01
8.340000e-01  2.930754e-01
8.370000e-01  2.925574e-01
8.400000e-01  2.920409e-01
8.430000e-01  2.915257e-01
8.460000e-01  2.910119e-01
8.490000e-01  2.904996e-01
8.520000e-01  2.899886e-01
8.550000e-01  2.894790e-01
8.580000e-01  2.889707e-01
8.610000e-01  2.884637e-01
8.640000e-01  2.879581e-01
8.670000e-01  2.874538e-01
8.700000e-01  2.869508e-01
8.730000e-01  2.864490e-01
8.760000e-01  2.859485e-01
8.790000e-01  2.854493e-01
8.820000e-01  2.849513e-01
8.850000e-01  2.844546e-01
8.880000e-01  2.839591e-01
8.910000e-01  2.834647e-01
8.940000e-01  2.829716e-01
8.970000e-01  2.824797e-01
9.000000e-01  2.819889e-01
9.030000e-01  2.814992e-01
9.060000e-01  2.810108e-01
9.090000e-01  2.805234e-01
9.120000e-01  2.800372e-01
9.150000e-01  2.795521e-01
9.180000e-01  2.790681e-01
9.210000e-01  2.785852e-01
9.240000e-01  2.781033e-01
9.270000e-01  2.776226e-01
9.300000e-01  2.771429e-01
9.330000e-01  2.766642e-01
9.360000e-01  2.761865e-01
9.390000e-01  2.757099e-01
9.420000e-01  2.752343e-01
9.450000e-01  2.747597e-01
9.480000e-01  2.742861e-01
9.510000e-01  2.738134e-01
9.540000e-01  2.733418e-01
9.570000e-01  2.728710e-01
9.600000e-01  2.724013e-01
9.630000e-01  2.719324e-01
9.660000e-01  2.714645e-01
9.690000e-01  2.709975e-01
9.720000e-01  2.705315e-01
9.750000e-01  2.700663e-01
9.780000e-01  2.696020e-01
9.810000e-01  2.691386e-01
9.840000e-01  2.686760e-01
9.870000e-01  2.682143e-01
9.900000e-01  2.677534e-01
9.930000e-01  2.672934e-01
9.960000e-01  2.668342e-01
9.990000e-01  2.663758e-01
