000000  000001
3.000000e-03  9.187663e-01
6.000000e-03  8.644330e-01
9.000000e-03  8.236681e-01
1.200000e-02  7.911222e-01
1.500000e-02  7.640932e-01
1.800000e-02  7.410221e-01
2.100000e-02  7.209273e-01
2.400000e-02  7.031503e-01
2.700000e-02  6.872282e-01
3.000000e-02  6.728230e-01
3.300000e-02  6.596807e-01
3.600000e-02  6.476056e-01
3.900000e-02  6.364435e-01
4.200000e-02  6.260713e-01
4.500000e-02  6.163887e-01
4.800000e-02  6.073132e-01
5.100000e-02  5.987761e-01
5.400000e-02  5.907194e-01
5.700000e-02  5.830941e-01
6.000000e-02  5.758580e-01
6.300000e-02  5.689748e-01
6.600000e-02  5.624131e-01
6.900000e-02  5.561451e-01
7.200000e-02  5.501468e-01
7.500000e-02  5.443966e-01
7.800000e-02  5.388757e-01
8.100000e-02  5.335670e-01
8.400000e-02  5.284554e-01
8.700000e-02  5.235273e-01
9.000000e-02  5.187703e-01
9.300000e-02  5.141734e-01
9.600000e-02  5.097265e-01
9.900000e-02  5.054204e-01
1.020000e-01  5.012467e-01
1.050000e-01  4.971976e-01
1.080000e-01  4.932663e-01
1.110000e-01  4.894462e-01
1.140000e-01  4.857313e-01
1.170000e-01  4.821162e-01
1.200000e-01  4.785957e-01
1.230000e-01  4.751651e-01
1.260000e-01  4.718200e-01
1.290000e-01  4.685563e-01
1.320000e-01  4.653703e-01
1.350000e-01  4.622584e-01
1.380000e-01  4.592172e-01
1.410000e-01  4.562436e-01
1.440000e-01  4.533348e-01
1.470000e-01  4.504880e-01
1.500000e-01  4.477007e-01
1.530000e-01  4.449703e-01
1.560000e-01  4.422947e-01
1.590000e-01  4.396717e-01
1.620000e-01  4.370993e-01
1.650000e-01  4.345755e-01
1.680000e-01  4.320985e-01
1.710000e-01  4.296667e-01
1.740000e-01  4.272784e-01
1.770000e-01  4.249320e-01
1.800000e-01  4.226261e-01
1.830000e-01  4.203594e-01
1.860000e-01  4.181304e-01
1.890000e-01  4.159379e-01
1.920000e-01  4.137807e-01
1.950000e-01  4.116577e-01
1.980000e-01  4.095678e-01
2.010000e-01  4.075099e-01
2.040000e-01  4.054830e-01
2.070000e-01  4.034863e-01
2.100000e-01  4.015187e-01
2.130000e-01  3.995794e-01
2.160000e-01  3.976676e-01
2.190000e-01  3.957825e-01
2.220000e-01  3.939233e-01
2.250000e-01  3.920892e-01
2.280000e-01  3.902796e-01
2.310000e-01  3.884938e-01
2.340000e-01  3.867312e-01
2.370000e-01  3.849910e-01
2.400000e-01  3.832728e-01
2.430000e-01  3.815759e-01
2.460000e-01  3.798997e-01
2.490000e-01  3.782438e-01
2.520000e-01  3.766076e-01
2.550000e-01  3.749906e-01
2.580000e-01  3.733923e-01
2.610000e-01  3.718123e-01
2.640000e-01  3.702501e-01
2.670000e-01  3.687053e-01
2.700000e-01  3.671774e-01
2.730000e-01  3.656661e-01
2.760000e-01  3.641709e-01
2.790000e-01  3.626916e-01
2.820000e-01  3.612276e-01
2.850000e-01  3.597787e-01
2.880000e-01  3.583446e-01
2.910000e-01  3.569248e-01
2.940000e-01  3.555190e-01
2.970000e-01  3.541270e-01
3.000000e-01  3.527485e-01
3.030000e-01  3.513831e-01
3.060000e-01  3.500306e-01
3.090000e-01  3.486906e-01
3.120000e-01  3.473630e-01
3.150000e-01  3.460475e-01
3.180000e-01  3.447437e-01
3.210000e-01  3.434515e-01
3.240000e-01  3.421706e-01
3.270000e-01  3.409008e-01
3.300000e-01  3.396418e-01
3.330000e-01  3.383935e-01
3.360000e-01  3.371556e-01
3.390000e-01  3.359279e-01
3.420000e-01  3.347102e-01
3.450000e-01  3.335023e-01
3.480000e-01  3.323040e-01
3.510000e-01  3.311151e-01
3.540000e-01  3.299355e-01
3.570000e-01  3.287650e-01
3.600000e-01  3.276033e-01
3.630000e-01  3.264504e-01
3.660000e-01  3.253060e-01
3.690000e-01  3.241700e-01
3.720000e-01  3.230422e-01
3.750000e-01  3.219225e-01
3.780000e-01  3.208107e-01
3.810000e-01  3.197067e-01
3.840000e-01  3.186103e-01
3.870000e-01  3.175214e-01
3.900000e-01  3.164399e-01
3.930000e-01  3.153656e-01
3.960000e-01  3.142984e-01
3.990000e-01  3.132381e-01
4.020000e-01  3.121847e-01
4.050000e-01  3.111380e-01
4.080000e-01  3.100978e-01
4.110000e-01  3.090641e-01
4.140000e-01  3.080368e-01
4.170000e-01  3.070157e-01
4.200000e-01  3.060008e-01
4.230000e-01  3.049918e-01
4.260000e-01  3.039888e-01
4.290000e-01  3.029916e-01
4.320000e-01  3.020000e-01
4.350000e-01  3.010141e-01
4.380000e-01  3.000337e-01
4.410000e-01  2.990587e-01
4.440000e-01  2.980890e-01
4.470000e-01  2.971245e-01
4.500000e-01  2.961651e-01
4.530000e-01  2.952108e-01
4.560000e-01  2.942614e-01
4.590000e-01  2.933168e-01
4.620000e-01  2.923771e-01
4.650000e-01  2.914420e-01
4.680000e-01  2.905115e-01
4.710000e-01  2.895855e-01
4.740000e-01  2.886640e-01
4.770000e-01  2.877468e-01
4.800000e-01  2.868340e-01
4.830000e-01  2.859253e-01
4.860000e-01  2.850207e-01
4.890000e-01  2.841203e-01
4.920000e-01  2.832238e-01
4.950000e-01  2.823312e-01
4.980000e-01  2.814424e-01
5.010000e-01  2.805574e-01
5.040000e-01  2.796761e-01
5.070000e-01  2.787984e-01
5.100000e-01  2.779243e-01
5.130000e-01  2.770537e-01
5.160000e-01  2.761865e-01
5.190000e-01  2.753227e-01
5.220000e-01  2.744622e-01
5.250000e-01  2.736049e-01
5.280000e-01  2.727508e-01
5.310000e-01  2.718998e-01
5.340000e-01  2.710518e-01
5.370000e-01  2.702068e-01
5.400000e-01  2.693648e-01
5.430000e-01  2.685256e-01
5.460000e-01  2.676892e-01
5.490000e-01  2.668556e-01
5.520000e-01  2.660246e-01
5.550000e-01  2.651963e-01
5.580000e-01  2.643705e-01
5.610000e-01  2.635473e-01
5.640000e-01  2.627265e-01
5.670000e-01  2.619081e-01
5.700000e-01  2.610921e-01
5.730000e-01  2.602784e-01
5.760000e-01  2.594669e-01
5.790000e-01  2.586575e-01
5.820000e-01  2.578503e-01
5.850000e-01  2.570452e-01
5.880000e-01  2.562421e-01
5.910000e-01  2.554409e-01
5.940000e-01  2.546417e-01
5.970000e-01  2.538443e-01
6.000000e-01  2.530487e-01
6.030000e-01  2.522548e-01
6.060000e-01  2.514627e-01
6.090000e-01  2.506722e-01
6.120000e-01  2.498832e-01
6.150000e-01  2.490958e-01
6.180000e-01  2.483099e-01
6.210000e-01  2.475254e-01
6.240000e-01  2.467423e-01
6.270000e-01  2.459604e-01
6.300000e-01  2.451799e-01
6.330000e-01  2.444005e-01
6.360000e-01  2.436223e-01
6.390000e-01  2.428452e-01
6.420000e-01  2.420692e-01
6.450000e-01  2.412941e-01
6.480000e-01  2.405200e-01
6.510000e-01  2.397467e-01
6.540000e-01  2.389743e-01
6.570000e-01  2.382026e-01
6.600000e-01  2.374317e-01
6.630000e-01  2.366613e-01
6.660000e-01  2.358916e-01
6.690000e-01  2.351224e-01
6.720000e-01  2.343537e-01
6.750000e-01  2.335853e-01
6.780000e-01  2.328173e-01
6.810000e-01  2.320497e-01
6.840000e-01  2.312822e-01
6.870000e-01  2.305149e-01
6.900000e-01  2.297477e-01
6.930000e-01  000000
6.960000e-01  000000
6.990000e-01  000000
7.020000e-01  000000
7.050000e-01  000000
7.080000e-01  000000
7.110000e-01  000000
7.140000e-01  000000
7.170000e-01  000000
7.200000e-01  000000
7.230000e-01  000000
7.260000e-01  000000
7.290000e-01  000000
7.320000e-01  000000
7.350000e-01  000000
7.380000e-01  000000
7.410000e-01  000000
7.440000e-01  000000
7.470000e-01  000000
7.500000e-01  000000
7.530000e-01  000000
7.560000e-01  000000
7.590000e-01  000000
7.620000e-01  000000
7.650000e-01  000000
7.680000e-01  000000
7.710000e-01  000000
7.740000e-01  000000
7.770000e-01  000000
7.800000e-01  000000
7.830000e-01  000000
7.860000e-01  000000
7.890000e-01  000000
7.920000e-01  000000
7.950000e-01  000000
7.980000e-01  000000
8.010000e-01  000000
8.040000e-01  000000
8.070000e-01  000000
8.100000e-01  000000
8.130000e-01  000000
8.160000e-01  000000
8.190000e-01  000000
8.220000e-01  000000
8.250000e-01  000000
8.280000e-01  000000
8.310000e-01  000000
8.340000e-01  000000
8.370000e-01  000000
8.400000e-01  000000
8.430000e-01  000000
8.460000e-01  000000
8.490000e-01  000000
8.520000e-01  000000
8.550000e-01  000000
8.580000e-01  000000
8.610000e-01  000000
8.640000e-01  000000
8.670000e-01  000000
8.700000e-01  000000
8.730000e-01  000000
8.760000e-01  000000
8.790000e-01  000000
8.820000e-01  000000
8.850000e-01  000000
8.880000e-01  000000
8.910000e-01  000000
8.940000e-01  000000
8.970000e-01  000000
9.000000e-01  000000
9.030000e-01  000000
9.060000e-01  000000
9.090000e-01  000000
9.120000e-01  000000
9.150000e-01  000000
9.180000e-01  000000
9.210000e-01  000000
9.240000e-01  000000
9.270000e-01  000000
9.300000e-01  000000
9.330000e-01  000000
9.360000e-01  000000
9.390000e-01  000000
9.420000e-01  000000
9.450000e-01  000000
9.480000e-01  000000
9.510000e-01  000000
9.540000e-01  000000
9.570000e-01  000000
9.600000e-01  000000
9.630000e-01  000000
9.660000e-01  000000
9.690000e-01  000000
9.720000e-01  000000
9.750000e-01  000000
9.780000e-01  000000
9.810000e-01  000000
9.840000e-01  000000
9.870000e-01  000000
9.900000e-01  000000
9.930000e-01  000000
9.960000e-01  000000
9.990000e-01  000000
