000000  000001
3.000000e-03  9.428325e-01
6.000000e-03  9.003420e-01
9.000000e-03  8.665509e-01
1.200000e-02  8.385347e-01
1.500000e-02  8.146363e-01
1.800000e-02  7.938231e-01
2.100000e-02  7.754074e-01
2.400000e-02  7.589081e-01
2.700000e-02  7.439751e-01
3.000000e-02  7.303457e-01
3.300000e-02  7.178179e-01
3.600000e-02  7.062329e-01
3.900000e-02  6.954637e-01
4.200000e-02  6.854070e-01
4.500000e-02  6.759780e-01
4.800000e-02  6.671057e-01
5.100000e-02  6.587307e-01
5.400000e-02  6.508024e-01
5.700000e-02  6.432774e-01
6.000000e-02  6.361182e-01
6.300000e-02  6.292924e-01
6.600000e-02  6.227716e-01
6.900000e-02  6.165307e-01
7.200000e-02  6.105478e-01
7.500000e-02  6.048031e-01
7.800000e-02  5.992793e-01
8.100000e-02  5.939606e-01
8.400000e-02  5.888329e-01
8.700000e-02  5.838837e-01
9.000000e-02  5.791013e-01
9.300000e-02  5.744754e-01
9.600000e-02  5.699963e-01
9.900000e-02  5.656556e-01
1.020000e-01  5.614451e-01
1.050000e-01  5.573577e-01
1.080000e-01  5.533865e-01
1.110000e-01  5.495255e-01
1.140000e-01  5.457689e-01
1.170000e-01  5.421114e-01
1.200000e-01  5.385481e-01
1.230000e-01  5.350744e-01
1.260000e-01  5.316862e-01
1.290000e-01  5.283794e-01
1.320000e-01  5.251504e-01
1.350000e-01  5.219957e-01
1.380000e-01  5.189121e-01
1.410000e-01  5.158965e-01
1.440000e-01  5.129462e-01
1.470000e-01  5.100584e-01
1.500000e-01  5.072306e-01
1.530000e-01  5.044605e-01
1.560000e-01  5.017458e-01
1.590000e-01  4.990844e-01
1.620000e-01  4.964743e-01
1.650000e-01  4.939136e-01
1.680000e-01  4.914006e-01
1.710000e-01  4.889336e-01
1.740000e-01  4.865108e-01
1.770000e-01  4.841309e-01
1.800000e-01  4.817923e-01
1.830000e-01  4.794937e-01
1.860000e-01  4.772337e-01
1.890000e-01  4.750112e-01
1.920000e-01  4.728249e-01
1.950000e-01  4.706736e-01
1.980000e-01  4.685563e-01
2.010000e-01  4.664720e-01
2.040000e-01  4.644196e-01
2.070000e-01  4.623983e-01
2.100000e-01  4.604070e-01
2.130000e-01  4.584449e-01
2.160000e-01  4.565112e-01
2.190000e-01  4.546052e-01
2.220000e-01  4.527259e-01
2.250000e-01  4.508727e-01
2.280000e-01  4.490449e-01
2.310000e-01  4.472417e-01
2.340000e-01  4.454626e-01
2.370000e-01  4.437069e-01
2.400000e-01  4.419740e-01
2.430000e-01  4.402634e-01
2.460000e-01  4.385743e-01
2.490000e-01  4.369064e-01
2.520000e-01  4.352591e-01
2.550000e-01  4.336318e-01
2.580000e-01  4.320242e-01
2.610000e-01  4.304357e-01
2.640000e-01  4.288659e-01
2.670000e-01  4.273143e-01
2.700000e-01  4.257805e-01
2.730000e-01  4.242641e-01
2.760000e-01  4.227648e-01
2.790000e-01  4.212820e-01
2.820000e-01  4.198156e-01
2.850000e-01  4.183650e-01
2.880000e-01  4.169300e-01
2.910000e-01  4.155102e-01
2.940000e-01  4.141053e-01
2.970000e-01  4.127150e-01
3.000000e-01  4.113389e-01
3.030000e-01  4.099768e-01
3.060000e-01  4.086284e-01
3.090000e-01  4.072934e-01
3.120000e-01  4.059716e-01
3.150000e-01  4.046626e-01
3.180000e-01  4.033662e-01
3.210000e-01  4.020822e-01
3.240000e-01  4.008103e-01
3.270000e-01  3.995502e-01
3.300000e-01  3.983019e-01
3.330000e-01  3.970649e-01
3.360000e-01  3.958392e-01
3.390000e-01  3.946245e-01
3.420000e-01  3.934206e-01
3.450000e-01  3.922273e-01
3.480000e-01  3.910444e-01
3.510000e-01  3.898717e-01
3.540000e-01  3.887091e-01
3.570000e-01  3.875563e-01
3.600000e-01  3.864131e-01
3.630000e-01  3.852795e-01
3.660000e-01  3.841553e-01
3.690000e-01  3.830402e-01
3.720000e-01  3.819341e-01
3.750000e-01  3.808369e-01
3.780000e-01  3.797484e-01
3.810000e-01  3.786684e-01
3.840000e-01  3.775969e-01
3.870000e-01  3.765337e-01
3.900000e-01  3.754786e-01
3.930000e-01  3.744315e-01
3.960000e-01  3.733923e-01
3.990000e-01  3.723609e-01
4.020000e-01  3.713370e-01
4.050000e-01  3.703207e-01
4.080000e-01  3.693118e-01
4.110000e-01  3.683101e-01
4.140000e-01  3.673156e-01
4.170000e-01  3.663281e-01
4.200000e-01  3.653476e-01
4.230000e-01  3.643739e-01
4.260000e-01  3.634069e-01
4.290000e-01  3.624465e-01
4.320000e-01  3.614927e-01
4.350000e-01  3.605452e-01
4.380000e-01  3.596041e-01
4.410000e-01  3.586692e-01
4.440000e-01  3.577405e-01
4.470000e-01  3.568178e-01
4.500000e-01  3.559010e-01
4.530000e-01  3.549902e-01
4.560000e-01  3.540851e-01
4.590000e-01  3.531857e-01
4.620000e-01  3.522919e-01
4.650000e-01  3.514037e-01
4.680000e-01  3.505209e-01
4.710000e-01  3.496436e-01
4.740000e-01  3.487715e-01
4.770000e-01  3.479047e-01
4.800000e-01  3.470430e-01
4.830000e-01  3.461864e-01
4.860000e-01  3.453349e-01
4.890000e-01  3.444883e-01
4.920000e-01  3.436465e-01
4.950000e-01  3.428096e-01
4.980000e-01  3.419775e-01
5.010000e-01  3.411500e-01
5.040000e-01  3.403272e-01
5.070000e-01  3.395089e-01
5.100000e-01  3.386951e-01
5.130000e-01  3.378858e-01
5.160000e-01  3.370809e-01
5.190000e-01  3.362803e-01
5.220000e-01  3.354839e-01
5.250000e-01  3.346918e-01
5.280000e-01  3.339038e-01
5.310000e-01  3.331200e-01
5.340000e-01  3.323402e-01
5.370000e-01  3.315644e-01
5.400000e-01  3.307925e-01
5.430000e-01  3.300246e-01
5.460000e-01  3.292605e-01
5.490000e-01  3.285002e-01
5.520000e-01  3.277437e-01
5.550000e-01  3.269908e-01
5.580000e-01  3.262417e-01
5.610000e-01  3.254961e-01
5.640000e-01  3.247541e-01
5.670000e-01  3.240157e-01
5.700000e-01  3.232807e-01
5.730000e-01  3.225492e-01
5.760000e-01  3.218211e-01
5.790000e-01  3.210963e-01
5.820000e-01  3.203749e-01
5.850000e-01  3.196567e-01
5.880000e-01  3.189418e-01
5.910000e-01  3.182300e-01
5.940000e-01  3.175214e-01
5.970000e-01  3.168160e-01
6.000000e-01  3.161136e-01
6.030000e-01  3.154143e-01
6.060000e-01  3.147180e-01
6.090000e-01  3.140246e-01
6.120000e-01  3.133342e-01
6.150000e-01  3.126467e-01
6.180000e-01  3.119621e-01
6.210000e-01  3.112803e-01
6.240000e-01  3.106013e-01
6.270000e-01  3.099251e-01
6.300000e-01  3.092516e-01
6.330000e-01  3.085808e-01
6.360000e-01  3.079127e-01
6.390000e-01  3.072472e-01
6.420000e-01  3.065844e-01
6.450000e-01  3.059241e-01
6.480000e-01  3.052664e-01
6.510000e-01  3.046112e-01
6.540000e-01  3.039585e-01
6.570000e-01  3.033082e-01
6.600000e-01  3.026604e-01
6.630000e-01  3.020150e-01
6.660000e-01  3.013720e-01
6.690000e-01  3.007313e-01
6.720000e-01  3.000930e-01
6.750000e-01  2.994569e-01
6.780000e-01  2.988231e-01
6.810000e-01  2.981916e-01
6.840000e-01  2.975622e-01
6.870000e-01  2.969351e-01
6.900000e-01  2.963101e-01
6.930000e-01  2.956873e-01
6.960000e-01  2.950666e-01
6.990000e-01  2.944480e-01
7.020000e-01  2.938314e-01
7.050000e-01  2.932169e-01
7.080000e-01  2.926044e-01
7.110000e-01  2.919940e-01
7.140000e-01  2.913854e-01
7.170000e-01  2.907789e-01
7.200000e-01  2.901743e-01
7.230000e-01  2.895715e-01
7.260000e-01  2.889707e-01
7.290000e-01  2.883717e-01
7.320000e-01  2.877746e-01
7.350000e-01  2.871793e-01
7.380000e-01  2.865857e-01
7.410000e-01  2.859940e-01
7.440000e-01  2.854040e-01
7.470000e-01  2.848157e-01
7.500000e-01  2.842292e-01
7.530000e-01  2.836443e-01
7.560000e-01  2.830612e-01
7.590000e-01  2.824797e-01
7.620000e-01  2.818998e-01
7.650000e-01  2.813215e-01
7.680000e-01  2.807448e-01
7.710000e-01  2.801697e-01
7.740000e-01  2.795962e-01
7.770000e-01  2.790242e-01
7.800000e-01  2.784537e-01
7.830000e-01  2.778847e-01
7.860000e-01  2.773172e-01
7.890000e-01  2.767511e-01
7.920000e-01  2.761865e-01
7.950000e-01  2.756234e-01
7.980000e-01  2.750616e-01
8.010000e-01  2.745012e-01
8.040000e-01  2.739422e-01
8.070000e-01  2.733846e-01
8.100000e-01  2.728283e-01
8.130000e-01  2.722733e-01
8.160000e-01  2.717196e-01
8.190000e-01  2.711673e-01
8.220000e-01  2.706161e-01
8.250000e-01  2.700663e-01
8.280000e-01  2.695177e-01
8.310000e-01  2.689702e-01
8.340000e-01  2.684240e-01
8.370000e-01  2.678790e-01
8.400000e-01  2.673352e-01
8.430000e-01  2.667925e-01
8.460000e-01  2.662510e-01
8.490000e-01  2.657105e-01
8.520000e-01  2.651712e-01
8.550000e-01  2.646330e-01
8.580000e-01  2.640958e-01
8.610000e-01  2.635597e-01
8.640000e-01  2.630247e-01
8.670000e-01  2.624907e-01
8.700000e-01  2.619577e-01
8.730000e-01  2.614257e-01
8.760000e-01  2.608946e-01
8.790000e-01  2.603646e-01
8.820000e-01  2.598355e-01
8.850000e-01  2.593073e-01
8.880000e-01  2.587800e-01
8.910000e-01  2.582537e-01
8.940000e-01  2.577282e-01
8.970000e-01  2.572036e-01
9.000000e-01  2.566799e-01
9.030000e-01  2.561570e-01
9.060000e-01  2.556350e-01
9.090000e-01  2.551137e-01
9.120000e-01  2.545933e-01
9.150000e-01  2.540736e-01
9.180000e-01  2.535548e-01
9.210000e-01  2.530366e-01
9.240000e-01  2.525193e-01
9.270000e-01  2.520026e-01
9.300000e-01  2.514867e-01
9.330000e-01  2.509714e-01
9.360000e-01  2.504568e-01
9.390000e-01  2.499429e-01
9.420000e-01  2.494297e-01
9.450000e-01  2.489171e-01
9.480000e-01  2.484051e-01
9.510000e-01  2.478937e-01
9.540000e-01  2.473829e-01
9.570000e-01  2.468727e-01
9.600000e-01  2.463630e-01
9.630000e-01  2.458539e-01
9.660000e-01  2.453454e-01
9.690000e-01  2.448373e-01
9.720000e-01  2.443297e-01
9.750000e-01  2.438227e-01
9.780000e-01  2.433161e-01
9.810000e-01  2.428099e-01
9.840000e-01  2.423043e-01
9.870000e-01  2.417990e-01
9.900000e-01  2.412941e-01
9.930000e-01  2.407897e-01
9.960000e-01  2.402856e-01
9.990000e-01  2.397819e-01
