000000  000001
3.000000e-03  9.358263e-01
6.000000e-03  8.896125e-01
9.000000e-03  8.535315e-01
1.200000e-02  8.239820e-01
1.500000e-02  7.989980e-01
1.800000e-02  7.773855e-01
2.100000e-02  7.583642e-01
2.400000e-02  7.413956e-01
2.700000e-02  7.260928e-01
3.000000e-02  7.121681e-01
3.300000e-02  6.994019e-01
3.600000e-02  6.876230e-01
3.900000e-02  6.766950e-01
4.200000e-02  6.665076e-01
4.500000e-02  6.569708e-01
4.800000e-02  6.480095e-01
5.100000e-02  6.395608e-01
5.400000e-02  6.315717e-01
5.700000e-02  6.239966e-01
6.000000e-02  6.167965e-01
6.300000e-02  6.099375e-01
6.600000e-02  6.033900e-01
6.900000e-02  5.971280e-01
7.200000e-02  5.911287e-01
7.500000e-02  5.853718e-01
7.800000e-02  5.798393e-01
8.100000e-02  5.745149e-01
8.400000e-02  5.693843e-01
8.700000e-02  5.644344e-01
9.000000e-02  5.596533e-01
9.300000e-02  5.550303e-01
9.600000e-02  5.505558e-01
9.900000e-02  5.462208e-01
1.020000e-01  5.420172e-01
1.050000e-01  5.379376e-01
1.080000e-01  5.339752e-01
1.110000e-01  5.301235e-01
1.140000e-01  5.263769e-01
1.170000e-01  5.227299e-01
1.200000e-01  5.191775e-01
1.230000e-01  5.157151e-01
1.260000e-01  5.123384e-01
1.290000e-01  5.090434e-01
1.320000e-01  5.058264e-01
1.350000e-01  5.026839e-01
1.380000e-01  4.996125e-01
1.410000e-01  4.966092e-01
1.440000e-01  4.936712e-01
1.470000e-01  4.907958e-01
1.500000e-01  4.879803e-01
1.530000e-01  4.852225e-01
1.560000e-01  4.825200e-01
1.590000e-01  4.798708e-01
1.620000e-01  4.772727e-01
1.650000e-01  4.747240e-01
1.680000e-01  4.722228e-01
1.710000e-01  4.697674e-01
1.740000e-01  4.673562e-01
1.770000e-01  4.649876e-01
1.800000e-01  4.626602e-01
1.830000e-01  4.603726e-01
1.860000e-01  4.581235e-01
1.890000e-01  4.559116e-01
1.920000e-01  4.537358e-01
1.950000e-01  4.515948e-01
1.980000e-01  4.494876e-01
2.010000e-01  4.474132e-01
2.040000e-01  4.453705e-01
2.070000e-01  4.433586e-01
2.100000e-01  4.413765e-01
2.130000e-01  4.394235e-01
2.160000e-01  4.374987e-01
2.190000e-01  4.356012e-01
2.220000e-01  4.337303e-01
2.250000e-01  4.318853e-01
2.280000e-01  4.300655e-01
2.310000e-01  4.282701e-01
2.340000e-01  4.264985e-01
2.370000e-01  4.247501e-01
2.400000e-01  4.230243e-01
2.430000e-01  4.213205e-01
2.460000e-01  4.196382e-01
2.490000e-01  4.179767e-01
2.520000e-01  4.163356e-01
2.550000e-01  4.147143e-01
2.580000e-01  4.131125e-01
2.610000e-01  4.115295e-01
2.640000e-01  4.099651e-01
2.670000e-01  4.084186e-01
2.700000e-01  4.068898e-01
2.730000e-01  4.053781e-01
2.760000e-01  4.038832e-01
2.790000e-01  4.024048e-01
2.820000e-01  4.009424e-01
2.850000e-01  3.994957e-01
2.880000e-01  3.980644e-01
2.910000e-01  3.966480e-01
2.940000e-01  3.952464e-01
2.970000e-01  3.938591e-01
3.000000e-01  3.924858e-01
3.030000e-01  3.911264e-01
3.060000e-01  3.897804e-01
3.090000e-01  3.884476e-01
3.120000e-01  3.871277e-01
3.150000e-01  3.858205e-01
3.180000e-01  3.845257e-01
3.210000e-01  3.832431e-01
3.240000e-01  3.819724e-01
3.270000e-01  3.807134e-01
3.300000e-01  3.794658e-01
3.330000e-01  3.782295e-01
3.360000e-01  3.770042e-01
3.390000e-01  3.757897e-01
3.420000e-01  3.745858e-01
3.450000e-01  3.733923e-01
3.480000e-01  3.722090e-01
3.510000e-01  3.710358e-01
3.540000e-01  3.698724e-01
3.570000e-01  3.687186e-01
3.600000e-01  3.675744e-01
3.630000e-01  3.664394e-01
3.660000e-01  3.653136e-01
3.690000e-01  3.641968e-01
3.720000e-01  3.630888e-01
3.750000e-01  3.619895e-01
3.780000e-01  3.608987e-01
3.810000e-01  3.598163e-01
3.840000e-01  3.587422e-01
3.870000e-01  3.576761e-01
3.900000e-01  3.566180e-01
3.930000e-01  3.555677e-01
3.960000e-01  3.545251e-01
3.990000e-01  3.534901e-01
4.020000e-01  3.524625e-01
4.050000e-01  3.514422e-01
4.080000e-01  3.504291e-01
4.110000e-01  3.494232e-01
4.140000e-01  3.484241e-01
4.170000e-01  3.474320e-01
4.200000e-01  3.464466e-01
4.230000e-01  3.454678e-01
4.260000e-01  3.444956e-01
4.290000e-01  3.435298e-01
4.320000e-01  3.425704e-01
4.350000e-01  3.416171e-01
4.380000e-01  3.406701e-01
4.410000e-01  3.397290e-01
4.440000e-01  3.387940e-01
4.470000e-01  3.378648e-01
4.500000e-01  3.369413e-01
4.530000e-01  3.360236e-01
4.560000e-01  3.351114e-01
4.590000e-01  3.342048e-01
4.620000e-01  3.333036e-01
4.650000e-01  3.324078e-01
4.680000e-01  3.315173e-01
4.710000e-01  3.306319e-01
4.740000e-01  3.297517e-01
4.770000e-01  3.288766e-01
4.800000e-01  3.280064e-01
4.830000e-01  3.271411e-01
4.860000e-01  3.262807e-01
4.890000e-01  3.254250e-01
4.920000e-01  3.245740e-01
4.950000e-01  3.237277e-01
4.980000e-01  3.228859e-01
5.010000e-01  3.220487e-01
5.040000e-01  3.212158e-01
5.070000e-01  3.203874e-01
5.100000e-01  3.195633e-01
5.130000e-01  3.187434e-01
5.160000e-01  3.179277e-01
5.190000e-01  3.171162e-01
5.220000e-01  3.163087e-01
5.250000e-01  3.155053e-01
5.280000e-01  3.147059e-01
5.310000e-01  3.139104e-01
5.340000e-01  3.131187e-01
5.370000e-01  3.123308e-01
5.400000e-01  3.115468e-01
5.430000e-01  3.107664e-01
5.460000e-01  3.099896e-01
5.490000e-01  3.092165e-01
5.520000e-01  3.084470e-01
5.550000e-01  3.076809e-01
5.580000e-01  3.069184e-01
5.610000e-01  3.061592e-01
5.640000e-01  3.054034e-01
5.670000e-01  3.046510e-01
5.700000e-01  3.039018e-01
5.730000e-01  3.031559e-01
5.760000e-01  3.024132e-01
5.790000e-01  3.016736e-01
5.820000e-01  3.009372e-01
5.850000e-01  3.002038e-01
5.880000e-01  2.994735e-01
5.910000e-01  2.987461e-01
5.940000e-01  2.980217e-01
5.970000e-01  2.973002e-01
6.000000e-01  2.965816e-01
6.030000e-01  2.958658e-01
6.060000e-01  2.951528e-01
6.090000e-01  2.944426e-01
6.120000e-01  2.937351e-01
6.150000e-01  2.930303e-01
6.180000e-01  2.923282e-01
6.210000e-01  2.916286e-01
6.240000e-01  2.909317e-01
6.270000e-01  2.902373e-01
6.300000e-01  2.895454e-01
6.330000e-01  2.888560e-01
6.360000e-01  2.881690e-01
6.390000e-01  2.874845e-01
6.420000e-01  2.868023e-01
6.450000e-01  2.861225e-01
6.480000e-01  2.854450e-01
6.510000e-01  2.847698e-01
6.540000e-01  2.840968e-01
6.570000e-01  2.834261e-01
6.600000e-01  2.827576e-01
6.630000e-01  2.820912e-01
6.660000e-01  2.814270e-01
6.690000e-01  2.807648e-01
6.720000e-01  2.801048e-01
6.750000e-01  2.794468e-01
6.780000e-01  2.787908e-01
6.810000e-01  2.781368e-01
6.840000e-01  2.774848e-01
6.870000e-01  2.768347e-01
6.900000e-01  2.761865e-01
6.930000e-01  2.755402e-01
6.960000e-01  2.748958e-01
6.990000e-01  2.742532e-01
7.020000e-01  2.736123e-01
7.050000e-01  2.729733e-01
7.080000e-01  2.723360e-01
7.110000e-01  2.717004e-01
7.140000e-01  2.710665e-01
7.170000e-01  2.704343e-01
7.200000e-01  2.698037e-01
7.230000e-01  2.691748e-01
7.260000e-01  2.685474e-01
7.290000e-01  2.679216e-01
7.320000e-01  2.672974e-01
7.350000e-01  2.666747e-01
7.380000e-01  2.660535e-01
7.410000e-01  2.654337e-01
7.440000e-01  2.648154e-01
7.470000e-01  2.641985e-01
7.500000e-01  2.635830e-01
7.530000e-01  2.629689e-01
7.560000e-01  2.623562e-01
7.590000e-01  2.617447e-01
7.620000e-01  2.611346e-01
7.650000e-01  2.605258e-01
7.680000e-01  2.599182e-01
7.710000e-01  2.593119e-01
7.740000e-01  2.587067e-01
7.770000e-01  2.581028e-01
7.800000e-01  2.575000e-01
7.830000e-01  2.568984e-01
7.860000e-01  2.562979e-01
7.890000e-01  2.556985e-01
7.920000e-01  2.551001e-01
7.950000e-01  2.545029e-01
7.980000e-01  2.539066e-01
8.010000e-01  2.533114e-01
8.040000e-01  2.527171e-01
8.070000e-01  2.521238e-01
8.100000e-01  2.515315e-01
8.130000e-01  2.509401e-01
8.160000e-01  2.503495e-01
8.190000e-01  2.497599e-01
8.220000e-01  2.491711e-01
8.250000e-01  2.485831e-01
8.280000e-01  2.479959e-01
8.310000e-01  2.474095e-01
8.340000e-01  2.468239e-01
8.370000e-01  2.462390e-01
8.400000e-01  2.456549e-01
8.430000e-01  2.450714e-01
8.460000e-01  2.444886e-01
8.490000e-01  2.439064e-01
8.520000e-01  2.433249e-01
8.550000e-01  2.427440e-01
8.580000e-01  2.421636e-01
8.610000e-01  2.415838e-01
8.640000e-01  2.410046e-01
8.670000e-01  2.404258e-01
8.700000e-01  2.398475e-01
8.730000e-01  2.392697e-01
8.760000e-01  2.386924e-01
8.790000e-01  2.381154e-01
8.820000e-01  2.375389e-01
8.850000e-01  2.369627e-01
8.880000e-01  2.363868e-01
8.910000e-01  2.358113e-01
8.940000e-01  2.352361e-01
8.970000e-01  2.346611e-01
9.000000e-01  2.340864e-01
9.030000e-01  2.335119e-01
9.060000e-01  2.329375e-01
9.090000e-01  2.323634e-01
9.120000e-01  2.317894e-01
9.150000e-01  2.312155e-01
9.180000e-01  2.306416e-01
9.210000e-01  2.300679e-01
9.240000e-01  000000
9.270000e-01  000000
9.300000e-01  000000
9.330000e-01  000000
9.360000e-01  000000
9.390000e-01  000000
9.420000e-01  000000
9.450000e-01  000000
9.480000e-01  000000
9.510000e-01  000000
9.540000e-01  000000
9.570000e-01  000000
9.600000e-01  000000
9.630000e-01  000000
9.660000e-01  000000
9.690000e-01  000000
9.720000e-01  000000
9.750000e-01  000000
9.780000e-01  000000
9.810000e-01  000000
9.840000e-01  000000
9.870000e-01  000000
9.900000e-01  000000
9.930000e-01  000000
9.960000e-01  000000
9.990000e-01  000000
