000000  000001
3.000000e-03  7.706105e-01
6.000000e-03  6.815018e-01
9.000000e-03  6.268236e-01
1.200000e-02  5.878958e-01
1.500000e-02  5.579474e-01
1.800000e-02  5.337702e-01
2.100000e-02  5.135977e-01
2.400000e-02  4.963564e-01
2.700000e-02  4.813474e-01
3.000000e-02  4.680910e-01
3.300000e-02  4.562444e-01
3.600000e-02  4.455545e-01
3.900000e-02  4.358294e-01
4.200000e-02  4.269204e-01
4.500000e-02  4.187099e-01
4.800000e-02  4.111034e-01
5.100000e-02  4.040239e-01
5.400000e-02  3.974081e-01
5.700000e-02  3.912029e-01
6.000000e-02  3.853638e-01
6.300000e-02  3.798529e-01
6.600000e-02  3.746378e-01
6.900000e-02  3.696905e-01
7.200000e-02  3.649866e-01
7.500000e-02  3.605050e-01
7.800000e-02  3.562271e-01
8.100000e-02  3.521364e-01
8.400000e-02  3.482182e-01
8.700000e-02  3.444596e-01
9.000000e-02  3.408490e-01
9.300000e-02  3.373760e-01
9.600000e-02  3.340310e-01
9.900000e-02  3.308058e-01
1.020000e-01  3.276924e-01
1.050000e-01  3.246841e-01
1.080000e-01  3.217742e-01
1.110000e-01  3.189571e-01
1.140000e-01  3.162274e-01
1.170000e-01  3.135801e-01
1.200000e-01  3.110107e-01
1.230000e-01  3.085151e-01
1.260000e-01  3.060895e-01
1.290000e-01  3.037301e-01
1.320000e-01  3.014338e-01
1.350000e-01  2.991974e-01
1.380000e-01  2.970181e-01
1.410000e-01  2.948933e-01
1.440000e-01  2.928203e-01
1.470000e-01  2.907969e-01
1.500000e-01  2.888210e-01
1.530000e-01  2.868903e-01
1.560000e-01  2.850032e-01
1.590000e-01  2.831576e-01
1.620000e-01  2.813520e-01
1.650000e-01  2.795847e-01
1.680000e-01  2.778543e-01
1.710000e-01  2.761592e-01
1.740000e-01  2.744982e-01
1.770000e-01  2.728700e-01
1.800000e-01  2.712734e-01
1.830000e-01  2.697071e-01
1.860000e-01  2.681703e-01
1.890000e-01  2.666617e-01
1.920000e-01  2.651805e-01
1.950000e-01  2.637257e-01
1.980000e-01  2.622964e-01
2.010000e-01  2.608918e-01
2.040000e-01  2.595111e-01
2.070000e-01  2.581535e-01
2.100000e-01  2.568183e-01
2.130000e-01  2.555048e-01
2.160000e-01  2.542123e-01
2.190000e-01  2.529402e-01
2.220000e-01  2.516878e-01
2.250000e-01  2.504546e-01
2.280000e-01  2.492401e-01
2.310000e-01  2.480436e-01
2.340000e-01  2.468647e-01
2.370000e-01  2.457029e-01
2.400000e-01  2.445578e-01
2.430000e-01  2.434287e-01
2.460000e-01  2.423154e-01
2.490000e-01  2.412174e-01
2.520000e-01  2.401342e-01
2.550000e-01  2.390656e-01
2.580000e-01  2.380111e-01
2.610000e-01  2.369703e-01
2.640000e-01  2.359430e-01
2.670000e-01  2.349288e-01
2.700000e-01  2.339273e-01
2.730000e-01  2.329382e-01
2.760000e-01  2.319613e-01
2.790000e-01  2.309962e-01
2.820000e-01  2.300428e-01
2.850000e-01  2.291006e-01
2.880000e-01  2.281694e-01
2.910000e-01  2.272491e-01
2.940000e-01  2.263392e-01
2.970000e-01  2.254397e-01
3.000000e-01  2.245502e-01
3.030000e-01  2.236706e-01
3.060000e-01  2.228006e-01
3.090000e-01  2.219400e-01
3.120000e-01  2.210887e-01
3.150000e-01  2.202463e-01
3.180000e-01  2.194128e-01
3.210000e-01  2.185880e-01
3.240000e-01  2.177716e-01
3.270000e-01  2.169635e-01
3.300000e-01  2.161635e-01
3.330000e-01  2.153714e-01
3.360000e-01  2.145872e-01
3.390000e-01  2.138106e-01
3.420000e-01  2.130415e-01
3.450000e-01  2.122797e-01
3.480000e-01  2.115252e-01
3.510000e-01  2.107777e-01
3.540000e-01  2.100371e-01
3.570000e-01  2.093033e-01
3.600000e-01  2.085762e-01
3.630000e-01  2.078556e-01
3.660000e-01  2.071415e-01
3.690000e-01  2.064337e-01
3.720000e-01  2.057320e-01
3.750000e-01  2.050364e-01
3.780000e-01  2.043468e-01
3.810000e-01  2.036631e-01
3.840000e-01  2.029851e-01
3.870000e-01  2.023127e-01
3.900000e-01  2.016459e-01
3.930000e-01  2.009846e-01
3.960000e-01  2.003286e-01
3.990000e-01  1.996780e-01
4.020000e-01  1.990325e-01
4.050000e-01  1.983920e-01
4.080000e-01  1.977566e-01
4.110000e-01  1.971262e-01
4.140000e-01  1.965005e-01
4.170000e-01  1.958797e-01
4.200000e-01  1.952635e-01
4.230000e-01  1.946519e-01
4.260000e-01  1.940449e-01
4.290000e-01  1.934423e-01
4.320000e-01  1.928441e-01
4.350000e-01  1.922503e-01
4.380000e-01  1.916607e-01
4.410000e-01  1.910752e-01
4.440000e-01  1.904939e-01
4.470000e-01  1.899167e-01
4.500000e-01  1.893435e-01
4.530000e-01  1.887741e-01
4.560000e-01  1.882087e-01
4.590000e-01  1.876471e-01
4.620000e-01  1.870892e-01
4.650000e-01  1.865350e-01
4.680000e-01  1.859845e-01
4.710000e-01  1.854375e-01
4.740000e-01  1.848941e-01
4.770000e-01  1.843542e-01
4.800000e-01  1.838177e-01
4.830000e-01  1.832846e-01
4.860000e-01  1.827548e-01
4.890000e-01  1.822283e-01
4.920000e-01  1.817051e-01
4.950000e-01  1.811850e-01
4.980000e-01  1.806681e-01
5.010000e-01  1.801543e-01
5.040000e-01  1.796435e-01
5.070000e-01  1.791358e-01
5.100000e-01  1.786310e-01
5.130000e-01  1.781292e-01
5.160000e-01  1.776302e-01
5.190000e-01  1.771341e-01
5.220000e-01  1.766409e-01
5.250000e-01  1.761503e-01
5.280000e-01  1.756626e-01
5.310000e-01  1.751775e-01
5.340000e-01  1.746950e-01
5.370000e-01  1.742152e-01
5.400000e-01  1.737380e-01
5.430000e-01  1.732634e-01
5.460000e-01  1.727912e-01
5.490000e-01  1.723216e-01
5.520000e-01  1.718544e-01
5.550000e-01  1.713896e-01
5.580000e-01  1.709272e-01
5.610000e-01  1.704672e-01
5.640000e-01  1.700095e-01
5.670000e-01  1.695541e-01
5.700000e-01  1.691009e-01
5.730000e-01  1.686500e-01
5.760000e-01  1.682013e-01
5.790000e-01  1.677548e-01
5.820000e-01  1.673104e-01
5.850000e-01  1.668681e-01
5.880000e-01  1.664280e-01
5.910000e-01  1.659898e-01
5.940000e-01  1.655538e-01
5.970000e-01  1.651198e-01
6.000000e-01  1.646877e-01
6.030000e-01  1.642576e-01
6.060000e-01  1.638295e-01
6.090000e-01  1.634032e-01
6.120000e-01  1.629789e-01
6.150000e-01  1.625564e-01
6.180000e-01  1.621357e-01
6.210000e-01  1.617169e-01
6.240000e-01  1.612999e-01
6.270000e-01  1.608846e-01
6.300000e-01  1.604711e-01
6.330000e-01  1.600593e-01
6.360000e-01  1.596493e-01
6.390000e-01  1.592409e-01
6.420000e-01  1.588341e-01
6.450000e-01  1.584291e-01
6.480000e-01  1.580256e-01
6.510000e-01  1.576237e-01
6.540000e-01  1.572235e-01
6.570000e-01  1.568247e-01
6.600000e-01  1.564276e-01
6.630000e-01  1.560319e-01
6.660000e-01  1.556378e-01
6.690000e-01  1.552451e-01
6.720000e-01  1.548539e-01
6.750000e-01  1.544641e-01
6.780000e-01  1.540758e-01
6.810000e-01  1.536889e-01
6.840000e-01  1.533034e-01
6.870000e-01  1.529192e-01
6.900000e-01  1.525364e-01
6.930000e-01  1.521550e-01
6.960000e-01  1.517749e-01
6.990000e-01  1.513960e-01
7.020000e-01  1.510185e-01
7.050000e-01  1.506423e-01
7.080000e-01  1.502673e-01
7.110000e-01  1.498935e-01
7.140000e-01  1.495210e-01
7.170000e-01  1.491496e-01
7.200000e-01  1.487795e-01
7.230000e-01  1.484105e-01
7.260000e-01  1.480427e-01
7.290000e-01  1.476761e-01
7.320000e-01  1.473106e-01
7.350000e-01  1.469462e-01
7.380000e-01  1.465829e-01
7.410000e-01  1.462206e-01
7.440000e-01  1.458595e-01
7.470000e-01  1.454994e-01
7.500000e-01  1.451404e-01
7.530000e-01  1.447823e-01
7.560000e-01  1.444253e-01
7.590000e-01  1.440693e-01
7.620000e-01  1.437143e-01
7.650000e-01  1.433603e-01
7.680000e-01  1.430072e-01
7.710000e-01  1.426551e-01
7.740000e-01  1.423038e-01
7.770000e-01  1.419536e-01
7.800000e-01  1.416042e-01
7.830000e-01  1.412557e-01
7.860000e-01  1.409081e-01
7.890000e-01  1.405613e-01
7.920000e-01  1.402154e-01
7.950000e-01  1.398704e-01
7.980000e-01  1.395261e-01
8.010000e-01  1.391827e-01
8.040000e-01  1.388401e-01
8.070000e-01  1.384983e-01
8.100000e-01  1.381572e-01
8.130000e-01  1.378169e-01
8.160000e-01  1.374774e-01
8.190000e-01  1.371386e-01
8.220000e-01  1.368005e-01
8.250000e-01  1.364632e-01
8.280000e-01  1.361265e-01
8.310000e-01  1.357905e-01
8.340000e-01  1.354553e-01
8.370000e-01  1.351206e-01
8.400000e-01  1.347866e-01
8.430000e-01  1.344533e-01
8.460000e-01  1.341206e-01
8.490000e-01  1.337885e-01
8.520000e-01  1.334570e-01
8.550000e-01  1.331261e-01
8.580000e-01  1.327958e-01
8.610000e-01  1.324661e-01
8.640000e-01  1.321369e-01
8.670000e-01  1.318082e-01
8.700000e-01  1.314801e-01
8.730000e-01  1.311525e-01
8.760000e-01  1.308254e-01
8.790000e-01  1.304988e-01
8.820000e-01  1.301727e-01
8.850000e-01  1.298471e-01
8.880000e-01  1.295219e-01
8.910000e-01  1.291972e-01
8.940000e-01  1.288729e-01
8.970000e-01  1.285491e-01
9.000000e-01  1.282256e-01
9.030000e-01  1.279026e-01
9.060000e-01  1.275799e-01
9.090000e-01  1.272576e-01
9.120000e-01  1.269357e-01
9.150000e-01  1.266141e-01
9.180000e-01  1.262929e-01
9.210000e-01  1.259720e-01
9.240000e-01  1.256514e-01
9.270000e-01  1.253311e-01
9.300000e-01  1.250111e-01
9.330000e-01  1.246913e-01
9.360000e-01  1.243719e-01
9.390000e-01  1.240527e-01
9.420000e-01  1.237337e-01
9.450000e-01  1.234149e-01
9.480000e-01  1.230964e-01
9.510000e-01  1.227780e-01
9.540000e-01  1.224599e-01
9.570000e-01  1.221419e-01
9.600000e-01  1.218240e-01
9.630000e-01  1.215064e-01
9.660000e-01  1.211888e-01
9.690000e-01  1.208713e-01
9.720000e-01  1.205540e-01
9.750000e-01  1.202368e-01
9.780000e-01  1.199196e-01
9.810000e-01  1.196025e-01
9.840000e-01  1.192854e-01
9.870000e-01  1.189683e-01
9.900000e-01  000000
9.930000e-01  000000
9.960000e-01  000000
9.990000e-01  000000
