000000  000001
3.000000e-03  7.382628e-01
6.000000e-03  6.465864e-01
9.000000e-03  5.916971e-01
1.200000e-02  5.531006e-01
1.500000e-02  5.236352e-01
1.800000e-02  4.999745e-01
2.100000e-02  4.803102e-01
2.400000e-02  4.635540e-01
2.700000e-02  4.490021e-01
3.000000e-02  4.361743e-01
3.300000e-02  4.247289e-01
3.600000e-02  4.144148e-01
3.900000e-02  4.050421e-01
4.200000e-02  3.964641e-01
4.500000e-02  3.885650e-01
4.800000e-02  3.812521e-01
5.100000e-02  3.744500e-01
5.400000e-02  3.680966e-01
5.700000e-02  3.621402e-01
6.000000e-02  3.565374e-01
6.300000e-02  3.512512e-01
6.600000e-02  3.462501e-01
6.900000e-02  3.415070e-01
7.200000e-02  3.369981e-01
7.500000e-02  3.327030e-01
7.800000e-02  3.286037e-01
8.100000e-02  3.246841e-01
8.400000e-02  3.209301e-01
8.700000e-02  3.173293e-01
9.000000e-02  3.138703e-01
9.300000e-02  3.105432e-01
9.600000e-02  3.073387e-01
9.900000e-02  3.042489e-01
1.020000e-01  3.012661e-01
1.050000e-01  2.983838e-01
1.080000e-01  2.955957e-01
1.110000e-01  2.928962e-01
1.140000e-01  2.902802e-01
1.170000e-01  2.877429e-01
1.200000e-01  2.852801e-01
1.230000e-01  2.828876e-01
1.260000e-01  2.805619e-01
1.290000e-01  2.782995e-01
1.320000e-01  2.760971e-01
1.350000e-01  2.739519e-01
1.380000e-01  2.718611e-01
1.410000e-01  2.698221e-01
1.440000e-01  2.678326e-01
1.470000e-01  2.658903e-01
1.500000e-01  2.639932e-01
1.530000e-01  2.621392e-01
1.560000e-01  2.603265e-01
1.590000e-01  2.585534e-01
1.620000e-01  2.568183e-01
1.650000e-01  2.551197e-01
1.680000e-01  2.534560e-01
1.710000e-01  2.518260e-01
1.740000e-01  2.502283e-01
1.770000e-01  2.486618e-01
1.800000e-01  2.471252e-01
1.830000e-01  2.456176e-01
1.860000e-01  2.441377e-01
1.890000e-01  2.426848e-01
1.920000e-01  2.412578e-01
1.950000e-01  2.398558e-01
1.980000e-01  2.384780e-01
2.010000e-01  2.371237e-01
2.040000e-01  2.357919e-01
2.070000e-01  2.344821e-01
2.100000e-01  2.331935e-01
2.130000e-01  2.319254e-01
2.160000e-01  2.306772e-01
2.190000e-01  2.294482e-01
2.220000e-01  2.282380e-01
2.250000e-01  2.270460e-01
2.280000e-01  2.258715e-01
2.310000e-01  2.247142e-01
2.340000e-01  2.235735e-01
2.370000e-01  2.224489e-01
2.400000e-01  2.213400e-01
2.430000e-01  2.202463e-01
2.460000e-01  2.191675e-01
2.490000e-01  2.181032e-01
2.520000e-01  2.170528e-01
2.550000e-01  2.160162e-01
2.580000e-01  2.149929e-01
2.610000e-01  2.139825e-01
2.640000e-01  2.129848e-01
2.670000e-01  2.119994e-01
2.700000e-01  2.110261e-01
2.730000e-01  2.100644e-01
2.760000e-01  2.091142e-01
2.790000e-01  2.081751e-01
2.820000e-01  2.072469e-01
2.850000e-01  2.063293e-01
2.880000e-01  2.054221e-01
2.910000e-01  2.045250e-01
2.940000e-01  2.036378e-01
2.970000e-01  2.027603e-01
3.000000e-01  2.018922e-01
3.030000e-01  2.010334e-01
3.060000e-01  2.001836e-01
3.090000e-01  1.993426e-01
3.120000e-01  1.985103e-01
3.150000e-01  1.976863e-01
3.180000e-01  1.968707e-01
3.210000e-01  1.960631e-01
3.240000e-01  1.952635e-01
3.270000e-01  1.944716e-01
3.300000e-01  1.936873e-01
3.330000e-01  1.929104e-01
3.360000e-01  1.921408e-01
3.390000e-01  1.913783e-01
3.420000e-01  1.906228e-01
3.450000e-01  1.898741e-01
3.480000e-01  1.891321e-01
3.510000e-01  1.883967e-01
3.540000e-01  1.876678e-01
3.570000e-01  1.869451e-01
3.600000e-01  1.862287e-01
3.630000e-01  1.855183e-01
3.660000e-01  1.848139e-01
3.690000e-01  1.841153e-01
3.720000e-01  1.834225e-01
3.750000e-01  1.827352e-01
3.780000e-01  1.820535e-01
3.810000e-01  1.813772e-01
3.840000e-01  1.807063e-01
3.870000e-01  1.800405e-01
3.900000e-01  1.793799e-01
3.930000e-01  1.787243e-01
3.960000e-01  1.780736e-01
3.990000e-01  1.774278e-01
4.020000e-01  1.767867e-01
4.050000e-01  1.761503e-01
4.080000e-01  1.755185e-01
4.110000e-01  1.748913e-01
4.140000e-01  1.742684e-01
4.170000e-01  1.736500e-01
4.200000e-01  1.730357e-01
4.230000e-01  1.724257e-01
4.260000e-01  1.718199e-01
4.290000e-01  1.712181e-01
4.320000e-01  1.706203e-01
4.350000e-01  1.700264e-01
4.380000e-01  1.694364e-01
4.410000e-01  1.688501e-01
4.440000e-01  1.682676e-01
4.470000e-01  1.676888e-01
4.500000e-01  1.671136e-01
4.530000e-01  1.665419e-01
4.560000e-01  1.659737e-01
4.590000e-01  1.654089e-01
4.620000e-01  1.648475e-01
4.650000e-01  1.642894e-01
4.680000e-01  1.637346e-01
4.710000e-01  1.631829e-01
4.740000e-01  1.626345e-01
4.770000e-01  1.620891e-01
4.800000e-01  1.615468e-01
4.830000e-01  1.610075e-01
4.860000e-01  1.604711e-01
4.890000e-01  1.599377e-01
4.920000e-01  1.594070e-01
4.950000e-01  1.588793e-01
4.980000e-01  1.583542e-01
5.010000e-01  1.578319e-01
5.040000e-01  1.573123e-01
5.070000e-01  1.567953e-01
5.100000e-01  1.562808e-01
5.130000e-01  1.557690e-01
5.160000e-01  1.552596e-01
5.190000e-01  1.547527e-01
5.220000e-01  1.542482e-01
5.250000e-01  1.537461e-01
5.280000e-01  1.532464e-01
5.310000e-01  1.527489e-01
5.340000e-01  1.522538e-01
5.370000e-01  1.517608e-01
5.400000e-01  1.512701e-01
5.430000e-01  1.507815e-01
5.460000e-01  1.502950e-01
5.490000e-01  1.498106e-01
5.520000e-01  1.493283e-01
5.550000e-01  1.488480e-01
5.580000e-01  1.483696e-01
5.610000e-01  1.478932e-01
5.640000e-01  1.474188e-01
5.670000e-01  1.469462e-01
5.700000e-01  1.464754e-01
5.730000e-01  1.460065e-01
5.760000e-01  1.455394e-01
5.790000e-01  1.450740e-01
5.820000e-01  1.446103e-01
5.850000e-01  1.441484e-01
5.880000e-01  1.436881e-01
5.910000e-01  1.432294e-01
5.940000e-01  1.427723e-01
5.970000e-01  1.423168e-01
6.000000e-01  1.418629e-01
6.030000e-01  1.414105e-01
6.060000e-01  1.409595e-01
6.090000e-01  1.405100e-01
6.120000e-01  1.400620e-01
6.150000e-01  1.396153e-01
6.180000e-01  1.391700e-01
6.210000e-01  1.387261e-01
6.240000e-01  1.382835e-01
6.270000e-01  1.378421e-01
6.300000e-01  1.374020e-01
6.330000e-01  1.369632e-01
6.360000e-01  1.365256e-01
6.390000e-01  1.360891e-01
6.420000e-01  1.356539e-01
6.450000e-01  1.352197e-01
6.480000e-01  1.347866e-01
6.510000e-01  1.343547e-01
6.540000e-01  1.339237e-01
6.570000e-01  1.334938e-01
6.600000e-01  1.330649e-01
6.630000e-01  1.326370e-01
6.660000e-01  1.322100e-01
6.690000e-01  1.317839e-01
6.720000e-01  1.313587e-01
6.750000e-01  1.309344e-01
6.780000e-01  1.305109e-01
6.810000e-01  1.300883e-01
6.840000e-01  1.296664e-01
6.870000e-01  1.292453e-01
6.900000e-01  1.288249e-01
6.930000e-01  1.284053e-01
6.960000e-01  1.279863e-01
6.990000e-01  1.275680e-01
7.020000e-01  1.271503e-01
7.050000e-01  1.267332e-01
7.080000e-01  1.263167e-01
7.110000e-01  1.259007e-01
7.140000e-01  1.254853e-01
7.170000e-01  1.250703e-01
7.200000e-01  1.246558e-01
7.230000e-01  1.242418e-01
7.260000e-01  1.238282e-01
7.290000e-01  1.234149e-01
7.320000e-01  1.230020e-01
7.350000e-01  1.225895e-01
7.380000e-01  1.221772e-01
7.410000e-01  1.217652e-01
7.440000e-01  1.213534e-01
7.470000e-01  1.209419e-01
7.500000e-01  1.205305e-01
7.530000e-01  1.201193e-01
7.560000e-01  1.197082e-01
7.590000e-01  1.192971e-01
7.620000e-01  1.188861e-01
7.650000e-01  000000
7.680000e-01  000000
7.710000e-01  000000
7.740000e-01  000000
7.770000e-01  000000
7.800000e-01  000000
7.830000e-01  000000
7.860000e-01  000000
7.890000e-01  000000
7.920000e-01  000000
7.950000e-01  000000
7.980000e-01  000000
8.010000e-01  000000
8.040000e-01  000000
8.070000e-01  000000
8.100000e-01  000000
8.130000e-01  000000
8.160000e-01  000000
8.190000e-01  000000
8.220000e-01  000000
8.250000e-01  000000
8.280000e-01  000000
8.310000e-01  000000
8.340000e-01  000000
8.370000e-01  000000
8.400000e-01  000000
8.430000e-01  000000
8.460000e-01  000000
8.490000e-01  000000
8.520000e-01  000000
8.550000e-01  000000
8.580000e-01  000000
8.610000e-01  000000
8.640000e-01  000000
8.670000e-01  000000
8.700000e-01  000000
8.730000e-01  000000
8.760000e-01  000000
8.790000e-01  000000
8.820000e-01  000000
8.850000e-01  000000
8.880000e-01  000000
8.910000e-01  000000
8.940000e-01  000000
8.970000e-01  000000
9.000000e-01  000000
9.030000e-01  000000
9.060000e-01  000000
9.090000e-01  000000
9.120000e-01  000000
9.150000e-01  000000
9.180000e-01  000000
9.210000e-01  000000
9.240000e-01  000000
9.270000e-01  000000
9.300000e-01  000000
9.330000e-01  000000
9.360000e-01  000000
9.390000e-01  000000
9.420000e-01  000000
9.450000e-01  000000
9.480000e-01  000000
9.510000e-01  000000
9.540000e-01  000000
9.570000e-01  000000
9.600000e-01  000000
9.630000e-01  000000
9.660000e-01  000000
9.690000e-01  000000
9.720000e-01  000000
9.750000e-01  000000
9.780000e-01  000000
9.810000e-01  000000
9.840000e-01  000000
9.870000e-01  000000
9.900000e-01  000000
9.930000e-01  000000
9.960000e-01  000000
9.990000e-01  000000
