000000  000001
3.000000e-03  8.550048e-01
6.000000e-03  7.797333e-01
9.000000e-03  7.292554e-01
1.200000e-02  6.915800e-01
1.500000e-02  6.617063e-01
1.800000e-02  6.370704e-01
2.100000e-02  6.161845e-01
2.400000e-02  5.981096e-01
2.700000e-02  5.822160e-01
3.000000e-02  5.680615e-01
3.300000e-02  5.553242e-01
3.600000e-02  5.437623e-01
3.900000e-02  5.331901e-01
4.200000e-02  5.234620e-01
4.500000e-02  5.144615e-01
4.800000e-02  5.060944e-01
5.100000e-02  4.982832e-01
5.400000e-02  4.909636e-01
5.700000e-02  4.840815e-01
6.000000e-02  4.775910e-01
6.300000e-02  4.714532e-01
6.600000e-02  4.656343e-01
6.900000e-02  4.601050e-01
7.200000e-02  4.548401e-01
7.500000e-02  4.498172e-01
7.800000e-02  4.450165e-01
8.100000e-02  4.404207e-01
8.400000e-02  4.360143e-01
8.700000e-02  4.317833e-01
9.000000e-02  4.277155e-01
9.300000e-02  4.237995e-01
9.600000e-02  4.200253e-01
9.900000e-02  4.163837e-01
1.020000e-01  4.128664e-01
1.050000e-01  4.094658e-01
1.080000e-01  4.061750e-01
1.110000e-01  4.029877e-01
1.140000e-01  3.998980e-01
1.170000e-01  3.969006e-01
1.200000e-01  3.939905e-01
1.230000e-01  3.911631e-01
1.260000e-01  3.884142e-01
1.290000e-01  3.857400e-01
1.320000e-01  3.831367e-01
1.350000e-01  3.806009e-01
1.380000e-01  3.781296e-01
1.410000e-01  3.757198e-01
1.440000e-01  3.733686e-01
1.470000e-01  3.710735e-01
1.500000e-01  3.688322e-01
1.530000e-01  3.666422e-01
1.560000e-01  3.645016e-01
1.590000e-01  3.624082e-01
1.620000e-01  3.603602e-01
1.650000e-01  3.583559e-01
1.680000e-01  3.563934e-01
1.710000e-01  3.544713e-01
1.740000e-01  3.525880e-01
1.770000e-01  3.507421e-01
1.800000e-01  3.489323e-01
1.830000e-01  3.471573e-01
1.860000e-01  3.454157e-01
1.890000e-01  3.437066e-01
1.920000e-01  3.420289e-01
1.950000e-01  3.403813e-01
1.980000e-01  3.387630e-01
2.010000e-01  3.371731e-01
2.040000e-01  3.356105e-01
2.070000e-01  3.340745e-01
2.100000e-01  3.325643e-01
2.130000e-01  3.310789e-01
2.160000e-01  3.296178e-01
2.190000e-01  3.281801e-01
2.220000e-01  3.267652e-01
2.250000e-01  3.253724e-01
2.280000e-01  3.240010e-01
2.310000e-01  3.226506e-01
2.340000e-01  3.213204e-01
2.370000e-01  3.200100e-01
2.400000e-01  3.187187e-01
2.430000e-01  3.174462e-01
2.460000e-01  3.161918e-01
2.490000e-01  3.149551e-01
2.520000e-01  3.137357e-01
2.550000e-01  3.125330e-01
2.580000e-01  3.113467e-01
2.610000e-01  3.101764e-01
2.640000e-01  3.090217e-01
2.670000e-01  3.078821e-01
2.700000e-01  3.067574e-01
2.730000e-01  3.056471e-01
2.760000e-01  3.045509e-01
2.790000e-01  3.034685e-01
2.820000e-01  3.023996e-01
2.850000e-01  3.013438e-01
2.880000e-01  3.003009e-01
2.910000e-01  2.992706e-01
2.940000e-01  2.982525e-01
2.970000e-01  2.972464e-01
3.000000e-01  2.962521e-01
3.030000e-01  2.952693e-01
3.060000e-01  2.942978e-01
3.090000e-01  2.933372e-01
3.120000e-01  2.923874e-01
3.150000e-01  2.914482e-01
3.180000e-01  2.905193e-01
3.210000e-01  2.896006e-01
3.240000e-01  2.886917e-01
3.270000e-01  2.877926e-01
3.300000e-01  2.869030e-01
3.330000e-01  2.860227e-01
3.360000e-01  2.851516e-01
3.390000e-01  2.842895e-01
3.420000e-01  2.834361e-01
3.450000e-01  2.825914e-01
3.480000e-01  2.817552e-01
3.510000e-01  2.809273e-01
3.540000e-01  2.801075e-01
3.570000e-01  2.792957e-01
3.600000e-01  2.784918e-01
3.630000e-01  2.776957e-01
3.660000e-01  2.769071e-01
3.690000e-01  2.761259e-01
3.720000e-01  2.753521e-01
3.750000e-01  2.745854e-01
3.780000e-01  2.738258e-01
3.810000e-01  2.730731e-01
3.840000e-01  2.723273e-01
3.870000e-01  2.715881e-01
3.900000e-01  2.708556e-01
3.930000e-01  2.701295e-01
3.960000e-01  2.694097e-01
3.990000e-01  2.686963e-01
4.020000e-01  2.679890e-01
4.050000e-01  2.672877e-01
4.080000e-01  2.665925e-01
4.110000e-01  2.659030e-01
4.140000e-01  2.652194e-01
4.170000e-01  2.645414e-01
4.200000e-01  2.638691e-01
4.230000e-01  2.632022e-01
4.260000e-01  2.625408e-01
4.290000e-01  2.618846e-01
4.320000e-01  2.612338e-01
4.350000e-01  2.605881e-01
4.380000e-01  2.599475e-01
4.410000e-01  2.593119e-01
4.440000e-01  2.586813e-01
4.470000e-01  2.580555e-01
4.500000e-01  2.574346e-01
4.530000e-01  2.568183e-01
4.560000e-01  2.562067e-01
4.590000e-01  2.555997e-01
4.620000e-01  2.549973e-01
4.650000e-01  2.543993e-01
4.680000e-01  2.538057e-01
4.710000e-01  2.532165e-01
4.740000e-01  2.526315e-01
4.770000e-01  2.520507e-01
4.800000e-01  2.514741e-01
4.830000e-01  2.509016e-01
4.860000e-01  2.503331e-01
4.890000e-01  2.497687e-01
4.920000e-01  2.492081e-01
4.950000e-01  2.486515e-01
4.980000e-01  2.480987e-01
5.010000e-01  2.475497e-01
5.040000e-01  2.470044e-01
5.070000e-01  2.464628e-01
5.100000e-01  2.459248e-01
5.130000e-01  2.453904e-01
5.160000e-01  2.448595e-01
5.190000e-01  2.443322e-01
5.220000e-01  2.438083e-01
5.250000e-01  2.432878e-01
5.280000e-01  2.427707e-01
5.310000e-01  2.422569e-01
5.340000e-01  2.417463e-01
5.370000e-01  2.412390e-01
5.400000e-01  2.407350e-01
5.430000e-01  2.402341e-01
5.460000e-01  2.397363e-01
5.490000e-01  2.392415e-01
5.520000e-01  2.387499e-01
5.550000e-01  2.382612e-01
5.580000e-01  2.377756e-01
5.610000e-01  2.372928e-01
5.640000e-01  2.368130e-01
5.670000e-01  2.363361e-01
5.700000e-01  2.358619e-01
5.730000e-01  2.353906e-01
5.760000e-01  2.349221e-01
5.790000e-01  2.344563e-01
5.820000e-01  2.339932e-01
5.850000e-01  2.335328e-01
5.880000e-01  2.330750e-01
5.910000e-01  2.326199e-01
5.940000e-01  2.321673e-01
5.970000e-01  2.317173e-01
6.000000e-01  2.312699e-01
6.030000e-01  2.308249e-01
6.060000e-01  2.303824e-01
6.090000e-01  2.299424e-01
6.120000e-01  2.295048e-01
6.150000e-01  2.290696e-01
6.180000e-01  2.286367e-01
6.210000e-01  2.282062e-01
6.240000e-01  2.277780e-01
6.270000e-01  2.273522e-01
6.300000e-01  2.269285e-01
6.330000e-01  2.265072e-01
6.360000e-01  2.260880e-01
6.390000e-01  2.256711e-01
6.420000e-01  2.252563e-01
6.450000e-01  2.248437e-01
6.480000e-01  2.244332e-01
6.510000e-01  2.240248e-01
6.540000e-01  2.236185e-01
6.570000e-01  2.232143e-01
6.600000e-01  2.228121e-01
6.630000e-01  2.224119e-01
6.660000e-01  2.220138e-01
6.690000e-01  2.216176e-01
6.720000e-01  2.212234e-01
6.750000e-01  2.208311e-01
6.780000e-01  2.204408e-01
6.810000e-01  2.200524e-01
6.840000e-01  2.196658e-01
6.870000e-01  2.192812e-01
6.900000e-01  2.188983e-01
6.930000e-01  2.185173e-01
6.960000e-01  2.181382e-01
6.990000e-01  2.177608e-01
7.020000e-01  2.173852e-01
7.050000e-01  2.170114e-01
7.080000e-01  2.166393e-01
7.110000e-01  2.162690e-01
7.140000e-01  2.159003e-01
7.170000e-01  2.155334e-01
7.200000e-01  2.151681e-01
7.230000e-01  2.148045e-01
7.260000e-01  2.144426e-01
7.290000e-01  2.140823e-01
7.320000e-01  2.137236e-01
7.350000e-01  2.133666e-01
7.380000e-01  2.130111e-01
7.410000e-01  2.126572e-01
7.440000e-01  2.123048e-01
7.470000e-01  2.119540e-01
7.500000e-01  2.116048e-01
7.530000e-01  2.112570e-01
7.560000e-01  2.109108e-01
7.590000e-01  2.105661e-01
7.620000e-01  2.102228e-01
7.650000e-01  2.098810e-01
7.680000e-01  2.095407e-01
7.710000e-01  2.092018e-01
7.740000e-01  2.088643e-01
7.770000e-01  2.085283e-01
7.800000e-01  2.081936e-01
7.830000e-01  2.078604e-01
7.860000e-01  2.075285e-01
7.890000e-01  2.071980e-01
7.920000e-01  2.068689e-01
7.950000e-01  2.065411e-01
7.980000e-01  2.062146e-01
8.010000e-01  2.058894e-01
8.040000e-01  2.055656e-01
8.070000e-01  2.052431e-01
8.100000e-01  2.049218e-01
8.130000e-01  2.046019e-01
8.160000e-01  2.042832e-01
8.190000e-01  2.039657e-01
8.220000e-01  2.036495e-01
8.250000e-01  2.033346e-01
8.280000e-01  2.030208e-01
8.310000e-01  2.027083e-01
8.340000e-01  2.023970e-01
8.370000e-01  2.020869e-01
8.400000e-01  2.017780e-01
8.430000e-01  2.014702e-01
8.460000e-01  2.011636e-01
8.490000e-01  2.008582e-01
8.520000e-01  2.005539e-01
8.550000e-01  2.002508e-01
8.580000e-01  1.999488e-01
8.610000e-01  1.996479e-01
8.640000e-01  1.993482e-01
8.670000e-01  1.990495e-01
8.700000e-01  1.987519e-01
8.730000e-01  1.984554e-01
8.760000e-01  1.981600e-01
8.790000e-01  1.978657e-01
8.820000e-01  1.975724e-01
8.850000e-01  1.972802e-01
8.880000e-01  1.969890e-01
8.910000e-01  1.966989e-01
8.940000e-01  1.964098e-01
8.970000e-01  1.961217e-01
9.000000e-01  1.958346e-01
9.030000e-01  1.955486e-01
9.060000e-01  1.952635e-01
9.090000e-01  1.949794e-01
9.120000e-01  1.946963e-01
9.150000e-01  1.944142e-01
9.180000e-01  1.941331e-01
9.210000e-01  1.938529e-01
9.240000e-01  1.935736e-01
9.270000e-01  1.932953e-01
9.300000e-01  1.930180e-01
9.330000e-01  1.927416e-01
9.360000e-01  1.924661e-01
9.390000e-01  1.921915e-01
9.420000e-01  1.919179e-01
9.450000e-01  1.916451e-01
9.480000e-01  1.913733e-01
9.510000e-01  1.911023e-01
9.540000e-01  1.908322e-01
9.570000e-01  1.905630e-01
9.600000e-01  1.902947e-01
9.630000e-01  1.900272e-01
9.660000e-01  1.897607e-01
9.690000e-01  1.894949e-01
9.720000e-01  1.892300e-01
9.750000e-01  1.889660e-01
9.780000e-01  1.887028e-01
9.810000e-01  1.884404e-01
9.840000e-01  1.881788e-01
9.870000e-01  1.879181e-01
9.900000e-01  1.876582e-01
9.930000e-01  1.873990e-01
9.960000e-01  1.871407e-01
9.990000e-01  1.868832e-01
