000000  000001
3.000000e-03  8.087935e-01
6.000000e-03  7.244666e-01
9.000000e-03  6.708865e-01
1.200000e-02  6.320447e-01
1.500000e-02  6.018195e-01
1.800000e-02  5.772235e-01
2.100000e-02  5.565794e-01
2.400000e-02  5.388535e-01
2.700000e-02  5.233656e-01
3.000000e-02  5.096448e-01
3.300000e-02  4.973523e-01
3.600000e-02  4.862363e-01
3.900000e-02  4.761051e-01
4.200000e-02  4.668094e-01
4.500000e-02  4.582307e-01
4.800000e-02  4.502736e-01
5.100000e-02  4.428600e-01
5.400000e-02  4.359253e-01
5.700000e-02  4.294157e-01
6.000000e-02  4.232856e-01
6.300000e-02  4.174963e-01
6.600000e-02  4.120144e-01
6.900000e-02  4.068113e-01
7.200000e-02  4.018619e-01
7.500000e-02  3.971444e-01
7.800000e-02  3.926396e-01
8.100000e-02  3.883304e-01
8.400000e-02  3.842018e-01
8.700000e-02  3.802404e-01
9.000000e-02  3.764340e-01
9.300000e-02  3.727718e-01
9.600000e-02  3.692441e-01
9.900000e-02  3.658421e-01
1.020000e-01  3.625577e-01
1.050000e-01  3.593837e-01
1.080000e-01  3.563134e-01
1.110000e-01  3.533407e-01
1.140000e-01  3.504599e-01
1.170000e-01  3.476661e-01
1.200000e-01  3.449545e-01
1.230000e-01  3.423207e-01
1.260000e-01  3.397606e-01
1.290000e-01  3.372706e-01
1.320000e-01  3.348472e-01
1.350000e-01  3.324871e-01
1.380000e-01  3.301874e-01
1.410000e-01  3.279452e-01
1.440000e-01  3.257579e-01
1.470000e-01  3.236231e-01
1.500000e-01  3.215385e-01
1.530000e-01  3.195019e-01
1.560000e-01  3.175113e-01
1.590000e-01  3.155649e-01
1.620000e-01  3.136608e-01
1.650000e-01  3.117973e-01
1.680000e-01  3.099729e-01
1.710000e-01  3.081861e-01
1.740000e-01  3.064354e-01
1.770000e-01  3.047195e-01
1.800000e-01  3.030371e-01
1.830000e-01  3.013871e-01
1.860000e-01  2.997682e-01
1.890000e-01  2.981795e-01
1.920000e-01  2.966198e-01
1.950000e-01  2.950882e-01
1.980000e-01  2.935837e-01
2.010000e-01  2.921055e-01
2.040000e-01  2.906528e-01
2.070000e-01  2.892246e-01
2.100000e-01  2.878203e-01
2.130000e-01  2.864390e-01
2.160000e-01  2.850802e-01
2.190000e-01  2.837430e-01
2.220000e-01  2.824270e-01
2.250000e-01  2.811313e-01
2.280000e-01  2.798556e-01
2.310000e-01  2.785991e-01
2.340000e-01  2.773614e-01
2.370000e-01  2.761419e-01
2.400000e-01  2.749402e-01
2.430000e-01  2.737557e-01
2.460000e-01  2.725879e-01
2.490000e-01  2.714365e-01
2.520000e-01  2.703010e-01
2.550000e-01  2.691811e-01
2.580000e-01  2.680762e-01
2.610000e-01  2.669860e-01
2.640000e-01  2.659101e-01
2.670000e-01  2.648483e-01
2.700000e-01  2.638001e-01
2.730000e-01  2.627652e-01
2.760000e-01  2.617433e-01
2.790000e-01  2.607341e-01
2.820000e-01  2.597373e-01
2.850000e-01  2.587526e-01
2.880000e-01  2.577797e-01
2.910000e-01  2.568183e-01
2.940000e-01  2.558683e-01
2.970000e-01  2.549293e-01
3.000000e-01  2.540010e-01
3.030000e-01  2.530834e-01
3.060000e-01  2.521761e-01
3.090000e-01  2.512789e-01
3.120000e-01  2.503916e-01
3.150000e-01  2.495139e-01
3.180000e-01  2.486458e-01
3.210000e-01  2.477869e-01
3.240000e-01  2.469372e-01
3.270000e-01  2.460963e-01
3.300000e-01  2.452642e-01
3.330000e-01  2.444406e-01
3.360000e-01  2.436254e-01
3.390000e-01  2.428185e-01
3.420000e-01  2.420196e-01
3.450000e-01  2.412286e-01
3.480000e-01  2.404454e-01
3.510000e-01  2.396698e-01
3.540000e-01  2.389016e-01
3.570000e-01  2.381408e-01
3.600000e-01  2.373872e-01
3.630000e-01  2.366406e-01
3.660000e-01  2.359009e-01
3.690000e-01  2.351681e-01
3.720000e-01  2.344419e-01
3.750000e-01  2.337223e-01
3.780000e-01  2.330092e-01
3.810000e-01  2.323024e-01
3.840000e-01  2.316018e-01
3.870000e-01  2.309073e-01
3.900000e-01  2.302188e-01
3.930000e-01  2.295363e-01
3.960000e-01  2.288596e-01
3.990000e-01  2.281885e-01
4.020000e-01  2.275231e-01
4.050000e-01  2.268632e-01
4.080000e-01  2.262088e-01
4.110000e-01  2.255597e-01
4.140000e-01  2.249158e-01
4.170000e-01  2.242771e-01
4.200000e-01  2.236436e-01
4.230000e-01  2.230150e-01
4.260000e-01  2.223913e-01
4.290000e-01  2.217726e-01
4.320000e-01  2.211586e-01
4.350000e-01  2.205493e-01
4.380000e-01  2.199446e-01
4.410000e-01  2.193445e-01
4.440000e-01  2.187489e-01
4.470000e-01  2.181577e-01
4.500000e-01  2.175709e-01
4.530000e-01  2.169883e-01
4.560000e-01  2.164100e-01
4.590000e-01  2.158359e-01
4.620000e-01  2.152659e-01
4.650000e-01  2.146999e-01
4.680000e-01  2.141379e-01
4.710000e-01  2.135799e-01
4.740000e-01  2.130257e-01
4.770000e-01  2.124754e-01
4.800000e-01  2.119288e-01
4.830000e-01  2.113859e-01
4.860000e-01  2.108467e-01
4.890000e-01  2.103111e-01
4.920000e-01  2.097791e-01
4.950000e-01  2.092506e-01
4.980000e-01  2.087256e-01
5.010000e-01  2.082040e-01
5.040000e-01  2.076857e-01
5.070000e-01  2.071708e-01
5.100000e-01  2.066592e-01
5.130000e-01  2.061508e-01
5.160000e-01  2.056456e-01
5.190000e-01  2.051436e-01
5.220000e-01  2.046447e-01
5.250000e-01  2.041488e-01
5.280000e-01  2.036560e-01
5.310000e-01  2.031662e-01
5.340000e-01  2.026794e-01
5.370000e-01  2.021955e-01
5.400000e-01  2.017144e-01
5.430000e-01  2.012362e-01
5.460000e-01  2.007609e-01
5.490000e-01  2.002882e-01
5.520000e-01  1.998184e-01
5.550000e-01  1.993512e-01
5.580000e-01  1.988868e-01
5.610000e-01  1.984249e-01
5.640000e-01  1.979657e-01
5.670000e-01  1.975091e-01
5.700000e-01  1.970550e-01
5.730000e-01  1.966034e-01
5.760000e-01  1.961543e-01
5.790000e-01  1.957077e-01
5.820000e-01  1.952635e-01
5.850000e-01  1.948217e-01
5.880000e-01  1.943823e-01
5.910000e-01  1.939452e-01
5.940000e-01  1.935104e-01
5.970000e-01  1.930780e-01
6.000000e-01  1.926478e-01
6.030000e-01  1.922198e-01
6.060000e-01  1.917940e-01
6.090000e-01  1.913705e-01
6.120000e-01  1.909491e-01
6.150000e-01  1.905298e-01
6.180000e-01  1.901126e-01
6.210000e-01  1.896976e-01
6.240000e-01  1.892846e-01
6.270000e-01  1.888736e-01
6.300000e-01  1.884647e-01
6.330000e-01  1.880578e-01
6.360000e-01  1.876528e-01
6.390000e-01  1.872498e-01
6.420000e-01  1.868488e-01
6.450000e-01  1.864496e-01
6.480000e-01  1.860524e-01
6.510000e-01  1.856570e-01
6.540000e-01  1.852635e-01
6.570000e-01  1.848718e-01
6.600000e-01  1.844819e-01
6.630000e-01  1.840938e-01
6.660000e-01  1.837075e-01
6.690000e-01  1.833229e-01
6.720000e-01  1.829401e-01
6.750000e-01  1.825590e-01
6.780000e-01  1.821796e-01
6.810000e-01  1.818019e-01
6.840000e-01  1.814259e-01
6.870000e-01  1.810515e-01
6.900000e-01  1.806787e-01
6.930000e-01  1.803076e-01
6.960000e-01  1.799380e-01
6.990000e-01  1.795701e-01
7.020000e-01  1.792036e-01
7.050000e-01  1.788388e-01
7.080000e-01  1.784755e-01
7.110000e-01  1.781137e-01
7.140000e-01  1.777534e-01
7.170000e-01  1.773946e-01
7.200000e-01  1.770373e-01
7.230000e-01  1.766814e-01
7.260000e-01  1.763270e-01
7.290000e-01  1.759740e-01
7.320000e-01  1.756224e-01
7.350000e-01  1.752723e-01
7.380000e-01  1.749235e-01
7.410000e-01  1.745761e-01
7.440000e-01  1.742301e-01
7.470000e-01  1.738854e-01
7.500000e-01  1.735420e-01
7.530000e-01  1.731999e-01
7.560000e-01  1.728592e-01
7.590000e-01  1.725198e-01
7.620000e-01  1.721817e-01
7.650000e-01  1.718448e-01
7.680000e-01  1.715092e-01
7.710000e-01  1.711748e-01
7.740000e-01  1.708417e-01
7.770000e-01  1.705098e-01
7.800000e-01  1.701791e-01
7.830000e-01  1.698496e-01
7.860000e-01  1.695213e-01
7.890000e-01  1.691942e-01
7.920000e-01  1.688682e-01
7.950000e-01  1.685434e-01
7.980000e-01  1.682197e-01
8.010000e-01  1.678972e-01
8.040000e-01  1.675758e-01
8.070000e-01  1.672556e-01
8.100000e-01  1.669364e-01
8.130000e-01  1.666183e-01
8.160000e-01  1.663013e-01
8.190000e-01  1.659853e-01
8.220000e-01  1.656705e-01
8.250000e-01  1.653567e-01
8.280000e-01  1.650439e-01
8.310000e-01  1.647322e-01
8.340000e-01  1.644214e-01
8.370000e-01  1.641117e-01
8.400000e-01  1.638030e-01
8.430000e-01  1.634953e-01
8.460000e-01  1.631886e-01
8.490000e-01  1.628829e-01
8.520000e-01  1.625781e-01
8.550000e-01  1.622743e-01
8.580000e-01  1.619714e-01
8.610000e-01  1.616695e-01
8.640000e-01  1.613685e-01
8.670000e-01  1.610685e-01
8.700000e-01  1.607693e-01
8.730000e-01  1.604711e-01
8.760000e-01  1.601738e-01
8.790000e-01  1.598773e-01
8.820000e-01  1.595818e-01
8.850000e-01  1.592871e-01
8.880000e-01  1.589933e-01
8.910000e-01  1.587003e-01
8.940000e-01  1.584082e-01
8.970000e-01  1.581170e-01
9.000000e-01  1.578265e-01
9.030000e-01  1.575369e-01
9.060000e-01  1.572482e-01
9.090000e-01  1.569602e-01
9.120000e-01  1.566731e-01
9.150000e-01  1.563867e-01
9.180000e-01  1.561011e-01
9.210000e-01  1.558164e-01
9.240000e-01  1.555324e-01
9.270000e-01  1.552491e-01
9.300000e-01  1.549667e-01
9.330000e-01  1.546850e-01
9.360000e-01  1.544040e-01
9.390000e-01  1.541238e-01
9.420000e-01  1.538443e-01
9.450000e-01  1.535655e-01
9.480000e-01  1.532875e-01
9.510000e-01  1.530102e-01
9.540000e-01  1.527336e-01
9.570000e-01  1.524577e-01
9.600000e-01  1.521825e-01
9.630000e-01  1.519080e-01
9.660000e-01  1.516341e-01
9.690000e-01  1.513610e-01
9.720000e-01  1.510885e-01
9.750000e-01  1.508167e-01
9.780000e-01  1.505455e-01
9.810000e-01  1.502750e-01
9.840000e-01  1.500051e-01
9.870000e-01  1.497359e-01
9.900000e-01  1.494673e-01
9.930000e-01  1.491993e-01
9.960000e-01  1.489320e-01
9.990000e-01  1.486653e-01
