000000  000001
3.000000e-03  8.599204e-01
6.000000e-03  7.858710e-01
9.000000e-03  7.358774e-01
1.200000e-02  6.984234e-01
1.500000e-02  6.686524e-01
1.800000e-02  6.440582e-01
2.100000e-02  6.231798e-01
2.400000e-02  6.050925e-01
2.700000e-02  5.891745e-01
3.000000e-02  5.749882e-01
3.300000e-02  5.622146e-01
3.600000e-02  5.506138e-01
3.900000e-02  5.400014e-01
4.200000e-02  5.302323e-01
4.500000e-02  5.211909e-01
4.800000e-02  5.127831e-01
5.100000e-02  5.049318e-01
5.400000e-02  4.975726e-01
5.700000e-02  4.906518e-01
6.000000e-02  4.841235e-01
6.300000e-02  4.779487e-01
6.600000e-02  4.720936e-01
6.900000e-02  4.665293e-01
7.200000e-02  4.612301e-01
7.500000e-02  4.561738e-01
7.800000e-02  4.513406e-01
8.100000e-02  4.467131e-01
8.400000e-02  4.422758e-01
8.700000e-02  4.380148e-01
9.000000e-02  4.339176e-01
9.300000e-02  4.299730e-01
9.600000e-02  4.261710e-01
9.900000e-02  4.225022e-01
1.020000e-01  4.189585e-01
1.050000e-01  4.155320e-01
1.080000e-01  4.122160e-01
1.110000e-01  4.090041e-01
1.140000e-01  4.058903e-01
1.170000e-01  4.028694e-01
1.200000e-01  3.999363e-01
1.230000e-01  3.970865e-01
1.260000e-01  3.943157e-01
1.290000e-01  3.916199e-01
1.320000e-01  3.889956e-01
1.350000e-01  3.864394e-01
1.380000e-01  3.839479e-01
1.410000e-01  3.815183e-01
1.440000e-01  3.791478e-01
1.470000e-01  3.768339e-01
1.500000e-01  3.745740e-01
1.530000e-01  3.723659e-01
1.560000e-01  3.702074e-01
1.590000e-01  3.680966e-01
1.620000e-01  3.660315e-01
1.650000e-01  3.640103e-01
1.680000e-01  3.620314e-01
1.710000e-01  3.600930e-01
1.740000e-01  3.581939e-01
1.770000e-01  3.563324e-01
1.800000e-01  3.545072e-01
1.830000e-01  3.527171e-01
1.860000e-01  3.509608e-01
1.890000e-01  3.492372e-01
1.920000e-01  3.475451e-01
1.950000e-01  3.458835e-01
1.980000e-01  3.442514e-01
2.010000e-01  3.426479e-01
2.040000e-01  3.410719e-01
2.070000e-01  3.395228e-01
2.100000e-01  3.379996e-01
2.130000e-01  3.365015e-01
2.160000e-01  3.350278e-01
2.190000e-01  3.335778e-01
2.220000e-01  3.321508e-01
2.250000e-01  3.307460e-01
2.280000e-01  3.293629e-01
2.310000e-01  3.280009e-01
2.340000e-01  3.266593e-01
2.370000e-01  3.253376e-01
2.400000e-01  3.240353e-01
2.430000e-01  3.227518e-01
2.460000e-01  3.214866e-01
2.490000e-01  3.202394e-01
2.520000e-01  3.190094e-01
2.550000e-01  3.177965e-01
2.580000e-01  3.166000e-01
2.610000e-01  3.154197e-01
2.640000e-01  3.142551e-01
2.670000e-01  3.131058e-01
2.700000e-01  3.119714e-01
2.730000e-01  3.108517e-01
2.760000e-01  3.097461e-01
2.790000e-01  3.086545e-01
2.820000e-01  3.075765e-01
2.850000e-01  3.065117e-01
2.880000e-01  3.054599e-01
2.910000e-01  3.044208e-01
2.940000e-01  3.033941e-01
2.970000e-01  3.023795e-01
3.000000e-01  3.013768e-01
3.030000e-01  3.003857e-01
3.060000e-01  2.994059e-01
3.090000e-01  2.984373e-01
3.120000e-01  2.974795e-01
3.150000e-01  2.965324e-01
3.180000e-01  2.955957e-01
3.210000e-01  2.946692e-01
3.240000e-01  2.937527e-01
3.270000e-01  2.928461e-01
3.300000e-01  2.919490e-01
3.330000e-01  2.910614e-01
3.360000e-01  2.901830e-01
3.390000e-01  2.893137e-01
3.420000e-01  2.884533e-01
3.450000e-01  2.876016e-01
3.480000e-01  2.867584e-01
3.510000e-01  2.859236e-01
3.540000e-01  2.850971e-01
3.570000e-01  2.842787e-01
3.600000e-01  2.834682e-01
3.630000e-01  2.826655e-01
3.660000e-01  2.818704e-01
3.690000e-01  2.810828e-01
3.720000e-01  2.803027e-01
3.750000e-01  2.795298e-01
3.780000e-01  2.787640e-01
3.810000e-01  2.780052e-01
3.840000e-01  2.772533e-01
3.870000e-01  2.765082e-01
3.900000e-01  2.757697e-01
3.930000e-01  2.750378e-01
3.960000e-01  2.743123e-01
3.990000e-01  2.735931e-01
4.020000e-01  2.728802e-01
4.050000e-01  2.721733e-01
4.080000e-01  2.714725e-01
4.110000e-01  2.707776e-01
4.140000e-01  2.700886e-01
4.170000e-01  2.694052e-01
4.200000e-01  2.687276e-01
4.230000e-01  2.680555e-01
4.260000e-01  2.673888e-01
4.290000e-01  2.667276e-01
4.320000e-01  2.660716e-01
4.350000e-01  2.654209e-01
4.380000e-01  2.647753e-01
4.410000e-01  2.641348e-01
4.440000e-01  2.634993e-01
4.470000e-01  2.628687e-01
4.500000e-01  2.622430e-01
4.530000e-01  2.616220e-01
4.560000e-01  2.610058e-01
4.590000e-01  2.603942e-01
4.620000e-01  2.597871e-01
4.650000e-01  2.591846e-01
4.680000e-01  2.585865e-01
4.710000e-01  2.579928e-01
4.740000e-01  2.574034e-01
4.770000e-01  2.568183e-01
4.800000e-01  2.562374e-01
4.830000e-01  2.556606e-01
4.860000e-01  2.550879e-01
4.890000e-01  2.545193e-01
4.920000e-01  2.539546e-01
4.950000e-01  2.533939e-01
4.980000e-01  2.528370e-01
5.010000e-01  2.522840e-01
5.040000e-01  2.517347e-01
5.070000e-01  2.511891e-01
5.100000e-01  2.506473e-01
5.130000e-01  2.501090e-01
5.160000e-01  2.495743e-01
5.190000e-01  2.490432e-01
5.220000e-01  2.485156e-01
5.250000e-01  2.479913e-01
5.280000e-01  2.474706e-01
5.310000e-01  2.469531e-01
5.340000e-01  2.464390e-01
5.370000e-01  2.459281e-01
5.400000e-01  2.454205e-01
5.430000e-01  2.449161e-01
5.460000e-01  2.444149e-01
5.490000e-01  2.439167e-01
5.520000e-01  2.434217e-01
5.550000e-01  2.429297e-01
5.580000e-01  2.424407e-01
5.610000e-01  2.419546e-01
5.640000e-01  2.414716e-01
5.670000e-01  2.409914e-01
5.700000e-01  2.405140e-01
5.730000e-01  2.400396e-01
5.760000e-01  2.395679e-01
5.790000e-01  2.390990e-01
5.820000e-01  2.386328e-01
5.850000e-01  2.381694e-01
5.880000e-01  2.377086e-01
5.910000e-01  2.372505e-01
5.940000e-01  2.367950e-01
5.970000e-01  2.363420e-01
6.000000e-01  2.358917e-01
6.030000e-01  2.354438e-01
6.060000e-01  2.349985e-01
6.090000e-01  2.345557e-01
6.120000e-01  2.341153e-01
6.150000e-01  2.336773e-01
6.180000e-01  2.332417e-01
6.210000e-01  2.328085e-01
6.240000e-01  2.323776e-01
6.270000e-01  2.319491e-01
6.300000e-01  2.315229e-01
6.330000e-01  2.310989e-01
6.360000e-01  2.306772e-01
6.390000e-01  2.302577e-01
6.420000e-01  2.298404e-01
6.450000e-01  2.294252e-01
6.480000e-01  2.290123e-01
6.510000e-01  2.286014e-01
6.540000e-01  2.281927e-01
6.570000e-01  2.277861e-01
6.600000e-01  2.273815e-01
6.630000e-01  2.269790e-01
6.660000e-01  2.265786e-01
6.690000e-01  2.261801e-01
6.720000e-01  2.257836e-01
6.750000e-01  2.253891e-01
6.780000e-01  2.249965e-01
6.810000e-01  2.246059e-01
6.840000e-01  2.242171e-01
6.870000e-01  2.238303e-01
6.900000e-01  2.234454e-01
6.930000e-01  2.230623e-01
6.960000e-01  2.226810e-01
6.990000e-01  2.223015e-01
7.020000e-01  2.219239e-01
7.050000e-01  2.215480e-01
7.080000e-01  2.211739e-01
7.110000e-01  2.208016e-01
7.140000e-01  2.204310e-01
7.170000e-01  2.200621e-01
7.200000e-01  2.196949e-01
7.230000e-01  2.193294e-01
7.260000e-01  2.189656e-01
7.290000e-01  2.186034e-01
7.320000e-01  2.182429e-01
7.350000e-01  2.178840e-01
7.380000e-01  2.175267e-01
7.410000e-01  2.171711e-01
7.440000e-01  2.168169e-01
7.470000e-01  2.164644e-01
7.500000e-01  2.161134e-01
7.530000e-01  2.157640e-01
7.560000e-01  2.154161e-01
7.590000e-01  2.150696e-01
7.620000e-01  2.147247e-01
7.650000e-01  2.143813e-01
7.680000e-01  2.140394e-01
7.710000e-01  2.136989e-01
7.740000e-01  2.133598e-01
7.770000e-01  2.130222e-01
7.800000e-01  2.126861e-01
7.830000e-01  2.123513e-01
7.860000e-01  2.120179e-01
7.890000e-01  2.116859e-01
7.920000e-01  2.113553e-01
7.950000e-01  2.110261e-01
7.980000e-01  2.106981e-01
8.010000e-01  2.103716e-01
8.040000e-01  2.100464e-01
8.070000e-01  2.097225e-01
8.100000e-01  2.093998e-01
8.130000e-01  2.090785e-01
8.160000e-01  2.087585e-01
8.190000e-01  2.084398e-01
8.220000e-01  2.081223e-01
8.250000e-01  2.078060e-01
8.280000e-01  2.074910e-01
8.310000e-01  2.071773e-01
8.340000e-01  2.068647e-01
8.370000e-01  2.065534e-01
8.400000e-01  2.062433e-01
8.430000e-01  2.059344e-01
8.460000e-01  2.056266e-01
8.490000e-01  2.053200e-01
8.520000e-01  2.050146e-01
8.550000e-01  2.047104e-01
8.580000e-01  2.044073e-01
8.610000e-01  2.041053e-01
8.640000e-01  2.038045e-01
8.670000e-01  2.035048e-01
8.700000e-01  2.032062e-01
8.730000e-01  2.029087e-01
8.760000e-01  2.026123e-01
8.790000e-01  2.023169e-01
8.820000e-01  2.020227e-01
8.850000e-01  2.017295e-01
8.880000e-01  2.014374e-01
8.910000e-01  2.011463e-01
8.940000e-01  2.008563e-01
8.970000e-01  2.005673e-01
9.000000e-01  2.002794e-01
9.030000e-01  1.999924e-01
9.060000e-01  1.997065e-01
9.090000e-01  1.994216e-01
9.120000e-01  1.991377e-01
9.150000e-01  1.988547e-01
9.180000e-01  1.985728e-01
9.210000e-01  1.982918e-01
9.240000e-01  1.980118e-01
9.270000e-01  1.977328e-01
9.300000e-01  1.974547e-01
9.330000e-01  1.971775e-01
9.360000e-01  1.969013e-01
9.390000e-01  1.966261e-01
9.420000e-01  1.963517e-01
9.450000e-01  1.960783e-01
9.480000e-01  1.958058e-01
9.510000e-01  1.955342e-01
9.540000e-01  1.952635e-01
9.570000e-01  1.949937e-01
9.600000e-01  1.947248e-01
9.630000e-01  1.944567e-01
9.660000e-01  1.941896e-01
9.690000e-01  1.939233e-01
9.720000e-01  1.936578e-01
9.750000e-01  1.933932e-01
9.780000e-01  1.931295e-01
9.810000e-01  1.928666e-01
9.840000e-01  1.926046e-01
9.870000e-01  1.923434e-01
9.900000e-01  1.920830e-01
9.930000e-01  1.918234e-01
9.960000e-01  1.915647e-01
9.990000e-01  1.913067e-01
