000000  000001
3.000000e-03  6.889117e-01
6.000000e-03  5.953975e-01
9.000000e-03  5.411057e-01
1.200000e-02  5.035035e-01
1.500000e-02  4.750622e-01
1.800000e-02  4.523676e-01
2.100000e-02  4.335922e-01
2.400000e-02  4.176486e-01
2.700000e-02  4.038393e-01
3.000000e-02  3.916918e-01
3.300000e-02  3.808719e-01
3.600000e-02  3.711348e-01
3.900000e-02  3.622964e-01
4.200000e-02  3.542146e-01
4.500000e-02  3.467779e-01
4.800000e-02  3.398972e-01
5.100000e-02  3.335001e-01
5.400000e-02  3.275272e-01
5.700000e-02  3.219291e-01
6.000000e-02  3.166643e-01
6.300000e-02  3.116977e-01
6.600000e-02  3.069993e-01
6.900000e-02  3.025433e-01
7.200000e-02  2.983072e-01
7.500000e-02  2.942717e-01
7.800000e-02  2.904195e-01
8.100000e-02  2.867357e-01
8.400000e-02  2.832070e-01
8.700000e-02  2.798214e-01
9.000000e-02  2.765684e-01
9.300000e-02  2.734384e-01
9.600000e-02  2.704231e-01
9.900000e-02  2.675145e-01
1.020000e-01  2.647058e-01
1.050000e-01  2.619907e-01
1.080000e-01  2.593633e-01
1.110000e-01  2.568183e-01
1.140000e-01  2.543510e-01
1.170000e-01  2.519569e-01
1.200000e-01  2.496320e-01
1.230000e-01  2.473724e-01
1.260000e-01  2.451747e-01
1.290000e-01  2.430358e-01
1.320000e-01  2.409526e-01
1.350000e-01  2.389223e-01
1.380000e-01  2.369424e-01
1.410000e-01  2.350105e-01
1.440000e-01  2.331244e-01
1.470000e-01  2.312819e-01
1.500000e-01  2.294812e-01
1.530000e-01  2.277204e-01
1.560000e-01  2.259977e-01
1.590000e-01  2.243115e-01
1.620000e-01  2.226604e-01
1.650000e-01  2.210429e-01
1.680000e-01  2.194577e-01
1.710000e-01  2.179034e-01
1.740000e-01  2.163789e-01
1.770000e-01  2.148830e-01
1.800000e-01  2.134147e-01
1.830000e-01  2.119730e-01
1.860000e-01  2.105568e-01
1.890000e-01  2.091652e-01
1.920000e-01  2.077975e-01
1.950000e-01  2.064527e-01
1.980000e-01  2.051301e-01
2.010000e-01  2.038288e-01
2.040000e-01  2.025483e-01
2.070000e-01  2.012878e-01
2.100000e-01  2.000466e-01
2.130000e-01  1.988242e-01
2.160000e-01  1.976199e-01
2.190000e-01  1.964332e-01
2.220000e-01  1.952635e-01
2.250000e-01  1.941103e-01
2.280000e-01  1.929731e-01
2.310000e-01  1.918514e-01
2.340000e-01  1.907448e-01
2.370000e-01  1.896528e-01
2.400000e-01  1.885750e-01
2.430000e-01  1.875110e-01
2.460000e-01  1.864604e-01
2.490000e-01  1.854228e-01
2.520000e-01  1.843978e-01
2.550000e-01  1.833852e-01
2.580000e-01  1.823845e-01
2.610000e-01  1.813954e-01
2.640000e-01  1.804177e-01
2.670000e-01  1.794511e-01
2.700000e-01  1.784951e-01
2.730000e-01  1.775496e-01
2.760000e-01  1.766143e-01
2.790000e-01  1.756888e-01
2.820000e-01  1.747731e-01
2.850000e-01  1.738668e-01
2.880000e-01  1.729696e-01
2.910000e-01  1.720814e-01
2.940000e-01  1.712019e-01
2.970000e-01  1.703309e-01
3.000000e-01  1.694682e-01
3.030000e-01  1.686135e-01
3.060000e-01  1.677668e-01
3.090000e-01  1.669278e-01
3.120000e-01  1.660962e-01
3.150000e-01  1.652720e-01
3.180000e-01  1.644550e-01
3.210000e-01  1.636449e-01
3.240000e-01  1.628416e-01
3.270000e-01  1.620450e-01
3.300000e-01  1.612549e-01
3.330000e-01  1.604711e-01
3.360000e-01  1.596935e-01
3.390000e-01  1.589219e-01
3.420000e-01  1.581563e-01
3.450000e-01  1.573964e-01
3.480000e-01  1.566421e-01
3.510000e-01  1.558933e-01
3.540000e-01  1.551498e-01
3.570000e-01  1.544116e-01
3.600000e-01  1.536785e-01
3.630000e-01  1.529503e-01
3.660000e-01  1.522271e-01
3.690000e-01  1.515085e-01
3.720000e-01  1.507946e-01
3.750000e-01  1.500853e-01
3.780000e-01  1.493803e-01
3.810000e-01  1.486797e-01
3.840000e-01  1.479832e-01
3.870000e-01  1.472908e-01
3.900000e-01  1.466025e-01
3.930000e-01  1.459180e-01
3.960000e-01  1.452373e-01
3.990000e-01  1.445603e-01
4.020000e-01  1.438869e-01
4.050000e-01  1.432170e-01
4.080000e-01  1.425506e-01
4.110000e-01  1.418874e-01
4.140000e-01  1.412275e-01
4.170000e-01  1.405707e-01
4.200000e-01  1.399169e-01
4.230000e-01  1.392662e-01
4.260000e-01  1.386183e-01
4.290000e-01  1.379732e-01
4.320000e-01  1.373308e-01
4.350000e-01  1.366910e-01
4.380000e-01  1.360538e-01
4.410000e-01  1.354190e-01
4.440000e-01  1.347866e-01
4.470000e-01  1.341565e-01
4.500000e-01  1.335286e-01
4.530000e-01  1.329029e-01
4.560000e-01  1.322792e-01
4.590000e-01  1.316574e-01
4.620000e-01  1.310375e-01
4.650000e-01  1.304195e-01
4.680000e-01  1.298031e-01
4.710000e-01  1.291884e-01
4.740000e-01  1.285753e-01
4.770000e-01  1.279637e-01
4.800000e-01  1.273534e-01
4.830000e-01  1.267444e-01
4.860000e-01  1.261367e-01
4.890000e-01  1.255301e-01
4.920000e-01  1.249246e-01
4.950000e-01  1.243201e-01
4.980000e-01  1.237164e-01
5.010000e-01  1.231136e-01
5.040000e-01  1.225114e-01
5.070000e-01  1.219099e-01
5.100000e-01  1.213089e-01
5.130000e-01  1.207084e-01
5.160000e-01  1.201082e-01
5.190000e-01  1.195082e-01
5.220000e-01  1.189083e-01
5.250000e-01  000000
5.280000e-01  000000
5.310000e-01  000000
5.340000e-01  000000
5.370000e-01  000000
5.400000e-01  000000
5.430000e-01  000000
5.460000e-01  000000
5.490000e-01  000000
5.520000e-01  000000
5.550000e-01  000000
5.580000e-01  000000
5.610000e-01  000000
5.640000e-01  000000
5.670000e-01  000000
5.700000e-01  000000
5.730000e-01  000000
5.760000e-01  000000
5.790000e-01  000000
5.820000e-01  000000
5.850000e-01  000000
5.880000e-01  000000
5.910000e-01  000000
5.940000e-01  000000
5.970000e-01  000000
6.000000e-01  000000
6.030000e-01  000000
6.060000e-01  000000
6.090000e-01  000000
6.120000e-01  000000
6.150000e-01  000000
6.180000e-01  000000
6.210000e-01  000000
6.240000e-01  000000
6.270000e-01  000000
6.300000e-01  000000
6.330000e-01  000000
6.360000e-01  000000
6.390000e-01  000000
6.420000e-01  000000
6.450000e-01  000000
6.480000e-01  000000
6.510000e-01  000000
6.540000e-01  000000
6.570000e-01  000000
6.600000e-01  000000
6.630000e-01  000000
6.660000e-01  000000
6.690000e-01  000000
6.720000e-01  000000
6.750000e-01  000000
6.780000e-01  000000
6.810000e-01  000000
6.840000e-01  000000
6.870000e-01  000000
6.900000e-01  000000
6.930000e-01  000000
6.960000e-01  000000
6.990000e-01  000000
7.020000e-01  000000
7.050000e-01  000000
7.080000e-01  000000
7.110000e-01  000000
7.140000e-01  000000
7.170000e-01  000000
7.200000e-01  000000
7.230000e-01  000000
7.260000e-01  000000
7.290000e-01  000000
7.320000e-01  000000
7.350000e-01  000000
7.380000e-01  000000
7.410000e-01  000000
7.440000e-01  000000
7.470000e-01  000000
7.500000e-01  000000
7.530000e-01  000000
7.560000e-01  000000
7.590000e-01  000000
7.620000e-01  000000
7.650000e-01  000000
7.680000e-01  000000
7.710000e-01  000000
7.740000e-01  000000
7.770000e-01  000000
7.800000e-01  000000
7.830000e-01  000000
7.860000e-01  000000
7.890000e-01  000000
7.920000e-01  000000
7.950000e-01  000000
7.980000e-01  000000
8.010000e-01  000000
8.040000e-01  000000
8.070000e-01  000000
8.100000e-01  000000
8.130000e-01  000000
8.160000e-01  000000
8.190000e-01  000000
8.220000e-01  000000
8.250000e-01  000000
8.280000e-01  000000
8.310000e-01  000000
8.340000e-01  000000
8.370000e-01  000000
8.400000e-01  000000
8.430000e-01  000000
8.460000e-01  000000
8.490000e-01  000000
8.520000e-01  000000
8.550000e-01  000000
8.580000e-01  000000
8.610000e-01  000000
8.640000e-01  000000
8.670000e-01  000000
8.700000e-01  000000
8.730000e-01  000000
8.760000e-01  000000
8.790000e-01  000000
8.820000e-01  000000
8.850000e-01  000000
8.880000e-01  000000
8.910000e-01  000000
8.940000e-01  000000
8.970000e-01  000000
9.000000e-01  000000
9.030000e-01  000000
9.060000e-01  000000
9.090000e-01  000000
9.120000e-01  000000
9.150000e-01  000000
9.180000e-01  000000
9.210000e-01  000000
9.240000e-01  000000
9.270000e-01  000000
9.300000e-01  000000
9.330000e-01  000000
9.360000e-01  000000
9.390000e-01  000000
9.420000e-01  000000
9.450000e-01  000000
9.480000e-01  000000
9.510000e-01  000000
9.540000e-01  000000
9.570000e-01  000000
9.600000e-01  000000
9.630000e-01  000000
9.660000e-01  000000
9.690000e-01  000000
9.720000e-01  000000
9.750000e-01  000000
9.780000e-01  000000
9.810000e-01  000000
9.840000e-01  000000
9.870000e-01  000000
9.900000e-01  000000
9.930000e-01  000000
9.960000e-01  000000
9.990000e-01  000000
