000000  000001
3.000000e-03  8.361404e-01
6.000000e-03  7.566717e-01
9.000000e-03  7.046379e-01
1.200000e-02  6.663068e-01
1.500000e-02  6.361706e-01
1.800000e-02  6.114683e-01
2.100000e-02  5.906216e-01
2.400000e-02  5.726453e-01
2.700000e-02  5.568845e-01
3.000000e-02  5.428822e-01
3.300000e-02  5.303074e-01
3.600000e-02  5.189131e-01
3.900000e-02  5.085099e-01
4.200000e-02  4.989500e-01
4.500000e-02  4.901156e-01
4.800000e-02  4.819115e-01
5.100000e-02  4.742596e-01
5.400000e-02  4.670952e-01
5.700000e-02  4.603642e-01
6.000000e-02  4.540207e-01
6.300000e-02  4.480257e-01
6.600000e-02  4.423454e-01
6.900000e-02  4.369508e-01
7.200000e-02  4.318165e-01
7.500000e-02  4.269204e-01
7.800000e-02  4.222430e-01
8.100000e-02  4.177669e-01
8.400000e-02  4.134768e-01
8.700000e-02  4.093588e-01
9.000000e-02  4.054009e-01
9.300000e-02  4.015918e-01
9.600000e-02  3.979216e-01
9.900000e-02  3.943813e-01
1.020000e-01  3.909626e-01
1.050000e-01  3.876581e-01
1.080000e-01  3.844609e-01
1.110000e-01  3.813649e-01
1.140000e-01  3.783642e-01
1.170000e-01  3.754536e-01
1.200000e-01  3.726282e-01
1.230000e-01  3.698835e-01
1.260000e-01  3.672155e-01
1.290000e-01  3.646202e-01
1.320000e-01  3.620940e-01
1.350000e-01  3.596337e-01
1.380000e-01  3.572362e-01
1.410000e-01  3.548984e-01
1.440000e-01  3.526179e-01
1.470000e-01  3.503919e-01
1.500000e-01  3.482182e-01
1.530000e-01  3.460945e-01
1.560000e-01  3.440187e-01
1.590000e-01  3.419890e-01
1.620000e-01  3.400033e-01
1.650000e-01  3.380600e-01
1.680000e-01  3.361575e-01
1.710000e-01  3.342941e-01
1.740000e-01  3.324685e-01
1.770000e-01  3.306791e-01
1.800000e-01  3.289248e-01
1.830000e-01  3.272042e-01
1.860000e-01  3.255162e-01
1.890000e-01  3.238596e-01
1.920000e-01  3.222334e-01
1.950000e-01  3.206366e-01
1.980000e-01  3.190681e-01
2.010000e-01  3.175271e-01
2.040000e-01  3.160126e-01
2.070000e-01  3.145239e-01
2.100000e-01  3.130601e-01
2.130000e-01  3.116205e-01
2.160000e-01  3.102043e-01
2.190000e-01  3.088109e-01
2.220000e-01  3.074395e-01
2.250000e-01  3.060895e-01
2.280000e-01  3.047603e-01
2.310000e-01  3.034513e-01
2.340000e-01  3.021620e-01
2.370000e-01  3.008917e-01
2.400000e-01  2.996401e-01
2.430000e-01  2.984064e-01
2.460000e-01  2.971904e-01
2.490000e-01  2.959916e-01
2.520000e-01  2.948094e-01
2.550000e-01  2.936434e-01
2.580000e-01  2.924933e-01
2.610000e-01  2.913586e-01
2.640000e-01  2.902390e-01
2.670000e-01  2.891340e-01
2.700000e-01  2.880434e-01
2.730000e-01  2.869667e-01
2.760000e-01  2.859037e-01
2.790000e-01  2.848540e-01
2.820000e-01  2.838173e-01
2.850000e-01  2.827934e-01
2.880000e-01  2.817818e-01
2.910000e-01  2.807824e-01
2.940000e-01  2.797948e-01
2.970000e-01  2.788189e-01
3.000000e-01  2.778543e-01
3.030000e-01  2.769008e-01
3.060000e-01  2.759581e-01
3.090000e-01  2.750261e-01
3.120000e-01  2.741045e-01
3.150000e-01  2.731931e-01
3.180000e-01  2.722916e-01
3.210000e-01  2.714000e-01
3.240000e-01  2.705179e-01
3.270000e-01  2.696451e-01
3.300000e-01  2.687816e-01
3.330000e-01  2.679270e-01
3.360000e-01  2.670813e-01
3.390000e-01  2.662443e-01
3.420000e-01  2.654157e-01
3.450000e-01  2.645955e-01
3.480000e-01  2.637834e-01
3.510000e-01  2.629794e-01
3.540000e-01  2.621832e-01
3.570000e-01  2.613947e-01
3.600000e-01  2.606138e-01
3.630000e-01  2.598404e-01
3.660000e-01  2.590742e-01
3.690000e-01  2.583152e-01
3.720000e-01  2.575633e-01
3.750000e-01  2.568183e-01
3.780000e-01  2.560801e-01
3.810000e-01  2.553486e-01
3.840000e-01  2.546236e-01
3.870000e-01  2.539051e-01
3.900000e-01  2.531930e-01
3.930000e-01  2.524871e-01
3.960000e-01  2.517873e-01
3.990000e-01  2.510935e-01
4.020000e-01  2.504057e-01
4.050000e-01  2.497237e-01
4.080000e-01  2.490474e-01
4.110000e-01  2.483768e-01
4.140000e-01  2.477118e-01
4.170000e-01  2.470522e-01
4.200000e-01  2.463980e-01
4.230000e-01  2.457491e-01
4.260000e-01  2.451054e-01
4.290000e-01  2.444669e-01
4.320000e-01  2.438333e-01
4.350000e-01  2.432048e-01
4.380000e-01  2.425812e-01
4.410000e-01  2.419624e-01
4.440000e-01  2.413484e-01
4.470000e-01  2.407390e-01
4.500000e-01  2.401342e-01
4.530000e-01  2.395340e-01
4.560000e-01  2.389383e-01
4.590000e-01  2.383470e-01
4.620000e-01  2.377601e-01
4.650000e-01  2.371774e-01
4.680000e-01  2.365990e-01
4.710000e-01  2.360247e-01
4.740000e-01  2.354546e-01
4.770000e-01  2.348885e-01
4.800000e-01  2.343264e-01
4.830000e-01  2.337682e-01
4.860000e-01  2.332139e-01
4.890000e-01  2.326635e-01
4.920000e-01  2.321168e-01
4.950000e-01  2.315739e-01
4.980000e-01  2.310346e-01
5.010000e-01  2.304990e-01
5.040000e-01  2.299670e-01
5.070000e-01  2.294385e-01
5.100000e-01  2.289135e-01
5.130000e-01  2.283919e-01
5.160000e-01  2.278738e-01
5.190000e-01  2.273590e-01
5.220000e-01  2.268475e-01
5.250000e-01  2.263392e-01
5.280000e-01  2.258342e-01
5.310000e-01  2.253324e-01
5.340000e-01  2.248338e-01
5.370000e-01  2.243382e-01
5.400000e-01  2.238458e-01
5.430000e-01  2.233563e-01
5.460000e-01  2.228699e-01
5.490000e-01  2.223864e-01
5.520000e-01  2.219058e-01
5.550000e-01  2.214281e-01
5.580000e-01  2.209533e-01
5.610000e-01  2.204813e-01
5.640000e-01  2.200121e-01
5.670000e-01  2.195456e-01
5.700000e-01  2.190819e-01
5.730000e-01  2.186208e-01
5.760000e-01  2.181624e-01
5.790000e-01  2.177066e-01
5.820000e-01  2.172534e-01
5.850000e-01  2.168028e-01
5.880000e-01  2.163547e-01
5.910000e-01  2.159092e-01
5.940000e-01  2.154661e-01
5.970000e-01  2.150254e-01
6.000000e-01  2.145872e-01
6.030000e-01  2.141514e-01
6.060000e-01  2.137179e-01
6.090000e-01  2.132868e-01
6.120000e-01  2.128580e-01
6.150000e-01  2.124315e-01
6.180000e-01  2.120073e-01
6.210000e-01  2.115853e-01
6.240000e-01  2.111655e-01
6.270000e-01  2.107479e-01
6.300000e-01  2.103325e-01
6.330000e-01  2.099192e-01
6.360000e-01  2.095081e-01
6.390000e-01  2.090990e-01
6.420000e-01  2.086921e-01
6.450000e-01  2.082872e-01
6.480000e-01  2.078843e-01
6.510000e-01  2.074835e-01
6.540000e-01  2.070846e-01
6.570000e-01  2.066877e-01
6.600000e-01  2.062928e-01
6.630000e-01  2.058998e-01
6.660000e-01  2.055087e-01
6.690000e-01  2.051196e-01
6.720000e-01  2.047323e-01
6.750000e-01  2.043468e-01
6.780000e-01  2.039632e-01
6.810000e-01  2.035814e-01
6.840000e-01  2.032014e-01
6.870000e-01  2.028232e-01
6.900000e-01  2.024467e-01
6.930000e-01  2.020720e-01
6.960000e-01  2.016991e-01
6.990000e-01  2.013278e-01
7.020000e-01  2.009583e-01
7.050000e-01  2.005904e-01
7.080000e-01  2.002242e-01
7.110000e-01  1.998596e-01
7.140000e-01  1.994967e-01
7.170000e-01  1.991354e-01
7.200000e-01  1.987757e-01
7.230000e-01  1.984176e-01
7.260000e-01  1.980610e-01
7.290000e-01  1.977060e-01
7.320000e-01  1.973526e-01
7.350000e-01  1.970006e-01
7.380000e-01  1.966503e-01
7.410000e-01  1.963013e-01
7.440000e-01  1.959539e-01
7.470000e-01  1.956080e-01
7.500000e-01  1.952635e-01
7.530000e-01  1.949204e-01
7.560000e-01  1.945788e-01
7.590000e-01  1.942387e-01
7.620000e-01  1.938999e-01
7.650000e-01  1.935625e-01
7.680000e-01  1.932265e-01
7.710000e-01  1.928918e-01
7.740000e-01  1.925586e-01
7.770000e-01  1.922266e-01
7.800000e-01  1.918960e-01
7.830000e-01  1.915667e-01
7.860000e-01  1.912387e-01
7.890000e-01  1.909121e-01
7.920000e-01  1.905867e-01
7.950000e-01  1.902626e-01
7.980000e-01  1.899397e-01
8.010000e-01  1.896181e-01
8.040000e-01  1.892977e-01
8.070000e-01  1.889786e-01
8.100000e-01  1.886607e-01
8.130000e-01  1.883440e-01
8.160000e-01  1.880285e-01
8.190000e-01  1.877142e-01
8.220000e-01  1.874011e-01
8.250000e-01  1.870892e-01
8.280000e-01  1.867784e-01
8.310000e-01  1.864687e-01
8.340000e-01  1.861602e-01
8.370000e-01  1.858529e-01
8.400000e-01  1.855466e-01
8.430000e-01  1.852415e-01
8.460000e-01  1.849375e-01
8.490000e-01  1.846345e-01
8.520000e-01  1.843327e-01
8.550000e-01  1.840319e-01
8.580000e-01  1.837322e-01
8.610000e-01  1.834335e-01
8.640000e-01  1.831359e-01
8.670000e-01  1.828393e-01
8.700000e-01  1.825438e-01
8.730000e-01  1.822493e-01
8.760000e-01  1.819558e-01
8.790000e-01  1.816633e-01
8.820000e-01  1.813719e-01
8.850000e-01  1.810814e-01
8.880000e-01  1.807919e-01
8.910000e-01  1.805033e-01
8.940000e-01  1.802158e-01
8.970000e-01  1.799292e-01
9.000000e-01  1.796435e-01
9.030000e-01  1.793588e-01
9.060000e-01  1.790751e-01
9.090000e-01  1.787922e-01
9.120000e-01  1.785103e-01
9.150000e-01  1.782293e-01
9.180000e-01  1.779492e-01
9.210000e-01  1.776700e-01
9.240000e-01  1.773917e-01
9.270000e-01  1.771143e-01
9.300000e-01  1.768378e-01
9.330000e-01  1.765622e-01
9.360000e-01  1.762874e-01
9.390000e-01  1.760135e-01
9.420000e-01  1.757404e-01
9.450000e-01  1.754682e-01
9.480000e-01  1.751968e-01
9.510000e-01  1.749263e-01
9.540000e-01  1.746566e-01
9.570000e-01  1.743877e-01
9.600000e-01  1.741196e-01
9.630000e-01  1.738523e-01
9.660000e-01  1.735859e-01
9.690000e-01  1.733202e-01
9.720000e-01  1.730553e-01
9.750000e-01  1.727912e-01
9.780000e-01  1.725279e-01
9.810000e-01  1.722654e-01
9.840000e-01  1.720036e-01
9.870000e-01  1.717426e-01
9.900000e-01  1.714824e-01
9.930000e-01  1.712229e-01
9.960000e-01  1.709641e-01
9.990000e-01  1.707061e-01
