000000  000001
3.000000e-03  7.836150e-01
6.000000e-03  6.959019e-01
9.000000e-03  6.414806e-01
1.200000e-02  6.025150e-01
1.500000e-02  5.724304e-01
1.800000e-02  5.480829e-01
2.100000e-02  5.277308e-01
2.400000e-02  5.103112e-01
2.700000e-02  4.951298e-01
3.000000e-02  4.817087e-01
3.300000e-02  4.697056e-01
3.600000e-02  4.588675e-01
3.900000e-02  4.490021e-01
4.200000e-02  4.399603e-01
4.500000e-02  4.316239e-01
4.800000e-02  4.238981e-01
5.100000e-02  4.167053e-01
5.400000e-02  4.099817e-01
5.700000e-02  4.036739e-01
6.000000e-02  3.977370e-01
6.300000e-02  3.921327e-01
6.600000e-02  3.868283e-01
6.900000e-02  3.817956e-01
7.200000e-02  3.770099e-01
7.500000e-02  3.724499e-01
7.800000e-02  3.680966e-01
8.100000e-02  3.639334e-01
8.400000e-02  3.599456e-01
8.700000e-02  3.561199e-01
9.000000e-02  3.524447e-01
9.300000e-02  3.489093e-01
9.600000e-02  3.455043e-01
9.900000e-02  3.422209e-01
1.020000e-01  3.390514e-01
1.050000e-01  3.359887e-01
1.080000e-01  3.330263e-01
1.110000e-01  3.301583e-01
1.140000e-01  3.273792e-01
1.170000e-01  3.246841e-01
1.200000e-01  3.220683e-01
1.230000e-01  3.195277e-01
1.260000e-01  3.170583e-01
1.290000e-01  3.146565e-01
1.320000e-01  3.123189e-01
1.350000e-01  3.100424e-01
1.380000e-01  3.078241e-01
1.410000e-01  3.056612e-01
1.440000e-01  3.035513e-01
1.470000e-01  3.014919e-01
1.500000e-01  2.994809e-01
1.530000e-01  2.975161e-01
1.560000e-01  2.955957e-01
1.590000e-01  2.937177e-01
1.620000e-01  2.918804e-01
1.650000e-01  2.900823e-01
1.680000e-01  2.883217e-01
1.710000e-01  2.865972e-01
1.740000e-01  2.849075e-01
1.770000e-01  2.832513e-01
1.800000e-01  2.816273e-01
1.830000e-01  2.800343e-01
1.860000e-01  2.784713e-01
1.890000e-01  2.769373e-01
1.920000e-01  2.754311e-01
1.950000e-01  2.739519e-01
1.980000e-01  2.724988e-01
2.010000e-01  2.710709e-01
2.040000e-01  2.696674e-01
2.070000e-01  2.682875e-01
2.100000e-01  2.669305e-01
2.130000e-01  2.655956e-01
2.160000e-01  2.642822e-01
2.190000e-01  2.629896e-01
2.220000e-01  2.617172e-01
2.250000e-01  2.604645e-01
2.280000e-01  2.592308e-01
2.310000e-01  2.580156e-01
2.340000e-01  2.568183e-01
2.370000e-01  2.556385e-01
2.400000e-01  2.544757e-01
2.430000e-01  2.533294e-01
2.460000e-01  2.521992e-01
2.490000e-01  2.510847e-01
2.520000e-01  2.499853e-01
2.550000e-01  2.489008e-01
2.580000e-01  2.478308e-01
2.610000e-01  2.467748e-01
2.640000e-01  2.457325e-01
2.670000e-01  2.447037e-01
2.700000e-01  2.436879e-01
2.730000e-01  2.426848e-01
2.760000e-01  2.416941e-01
2.790000e-01  2.407156e-01
2.820000e-01  2.397490e-01
2.850000e-01  2.387939e-01
2.880000e-01  2.378501e-01
2.910000e-01  2.369173e-01
2.940000e-01  2.359954e-01
2.970000e-01  2.350840e-01
3.000000e-01  2.341829e-01
3.030000e-01  2.332918e-01
3.060000e-01  2.324107e-01
3.090000e-01  2.315392e-01
3.120000e-01  2.306772e-01
3.150000e-01  2.298244e-01
3.180000e-01  2.289806e-01
3.210000e-01  2.281457e-01
3.240000e-01  2.273195e-01
3.270000e-01  2.265018e-01
3.300000e-01  2.256924e-01
3.330000e-01  2.248911e-01
3.360000e-01  2.240979e-01
3.390000e-01  2.233125e-01
3.420000e-01  2.225348e-01
3.450000e-01  2.217647e-01
3.480000e-01  2.210019e-01
3.510000e-01  2.202463e-01
3.540000e-01  2.194979e-01
3.570000e-01  2.187565e-01
3.600000e-01  2.180219e-01
3.630000e-01  2.172940e-01
3.660000e-01  2.165727e-01
3.690000e-01  2.158579e-01
3.720000e-01  2.151495e-01
3.750000e-01  2.144473e-01
3.780000e-01  2.137512e-01
3.810000e-01  2.130611e-01
3.840000e-01  2.123770e-01
3.870000e-01  2.116987e-01
3.900000e-01  2.110261e-01
3.930000e-01  2.103591e-01
3.960000e-01  2.096976e-01
3.990000e-01  2.090415e-01
4.020000e-01  2.083908e-01
4.050000e-01  2.077454e-01
4.080000e-01  2.071050e-01
4.110000e-01  2.064698e-01
4.140000e-01  2.058395e-01
4.170000e-01  2.052142e-01
4.200000e-01  2.045937e-01
4.230000e-01  2.039779e-01
4.260000e-01  2.033668e-01
4.290000e-01  2.027603e-01
4.320000e-01  2.021584e-01
4.350000e-01  2.015609e-01
4.380000e-01  2.009677e-01
4.410000e-01  2.003789e-01
4.440000e-01  1.997944e-01
4.470000e-01  1.992140e-01
4.500000e-01  1.986378e-01
4.530000e-01  1.980656e-01
4.560000e-01  1.974974e-01
4.590000e-01  1.969332e-01
4.620000e-01  1.963728e-01
4.650000e-01  1.958163e-01
4.680000e-01  1.952635e-01
4.710000e-01  1.947144e-01
4.740000e-01  1.941690e-01
4.770000e-01  1.936273e-01
4.800000e-01  1.930890e-01
4.830000e-01  1.925543e-01
4.860000e-01  1.920230e-01
4.890000e-01  1.914951e-01
4.920000e-01  1.909706e-01
4.950000e-01  1.904494e-01
4.980000e-01  1.899315e-01
5.010000e-01  1.894167e-01
5.040000e-01  1.889052e-01
5.070000e-01  1.883967e-01
5.100000e-01  1.878914e-01
5.130000e-01  1.873891e-01
5.160000e-01  1.868898e-01
5.190000e-01  1.863935e-01
5.220000e-01  1.859001e-01
5.250000e-01  1.854096e-01
5.280000e-01  1.849219e-01
5.310000e-01  1.844370e-01
5.340000e-01  1.839549e-01
5.370000e-01  1.834756e-01
5.400000e-01  1.829989e-01
5.430000e-01  1.825249e-01
5.460000e-01  1.820535e-01
5.490000e-01  1.815848e-01
5.520000e-01  1.811186e-01
5.550000e-01  1.806549e-01
5.580000e-01  1.801937e-01
5.610000e-01  1.797350e-01
5.640000e-01  1.792787e-01
5.670000e-01  1.788248e-01
5.700000e-01  1.783733e-01
5.730000e-01  1.779241e-01
5.760000e-01  1.774773e-01
5.790000e-01  1.770327e-01
5.820000e-01  1.765904e-01
5.850000e-01  1.761503e-01
5.880000e-01  1.757125e-01
5.910000e-01  1.752768e-01
5.940000e-01  1.748432e-01
5.970000e-01  1.744118e-01
6.000000e-01  1.739824e-01
6.030000e-01  1.735552e-01
6.060000e-01  1.731300e-01
6.090000e-01  1.727068e-01
6.120000e-01  1.722856e-01
6.150000e-01  1.718663e-01
6.180000e-01  1.714491e-01
6.210000e-01  1.710337e-01
6.240000e-01  1.706203e-01
6.270000e-01  1.702087e-01
6.300000e-01  1.697990e-01
6.330000e-01  1.693911e-01
6.360000e-01  1.689851e-01
6.390000e-01  1.685808e-01
6.420000e-01  1.681783e-01
6.450000e-01  1.677776e-01
6.480000e-01  1.673786e-01
6.510000e-01  1.669813e-01
6.540000e-01  1.665857e-01
6.570000e-01  1.661918e-01
6.600000e-01  1.657995e-01
6.630000e-01  1.654089e-01
6.660000e-01  1.650199e-01
6.690000e-01  1.646325e-01
6.720000e-01  1.642466e-01
6.750000e-01  1.638623e-01
6.780000e-01  1.634796e-01
6.810000e-01  1.630984e-01
6.840000e-01  1.627187e-01
6.870000e-01  1.623404e-01
6.900000e-01  1.619637e-01
6.930000e-01  1.615884e-01
6.960000e-01  1.612145e-01
6.990000e-01  1.608421e-01
7.020000e-01  1.604711e-01
7.050000e-01  1.601015e-01
7.080000e-01  1.597332e-01
7.110000e-01  1.593663e-01
7.140000e-01  1.590008e-01
7.170000e-01  1.586366e-01
7.200000e-01  1.582737e-01
7.230000e-01  1.579121e-01
7.260000e-01  1.575518e-01
7.290000e-01  1.571927e-01
7.320000e-01  1.568349e-01
7.350000e-01  1.564784e-01
7.380000e-01  1.561231e-01
7.410000e-01  1.557690e-01
7.440000e-01  1.554161e-01
7.470000e-01  1.550644e-01
7.500000e-01  1.547138e-01
7.530000e-01  1.543644e-01
7.560000e-01  1.540162e-01
7.590000e-01  1.536691e-01
7.620000e-01  1.533231e-01
7.650000e-01  1.529782e-01
7.680000e-01  1.526345e-01
7.710000e-01  1.522918e-01
7.740000e-01  1.519502e-01
7.770000e-01  1.516096e-01
7.800000e-01  1.512701e-01
7.830000e-01  1.509316e-01
7.860000e-01  1.505941e-01
7.890000e-01  1.502577e-01
7.920000e-01  1.499222e-01
7.950000e-01  1.495877e-01
7.980000e-01  1.492542e-01
8.010000e-01  1.489217e-01
8.040000e-01  1.485901e-01
8.070000e-01  1.482595e-01
8.100000e-01  1.479298e-01
8.130000e-01  1.476010e-01
8.160000e-01  1.472731e-01
8.190000e-01  1.469462e-01
8.220000e-01  1.466201e-01
8.250000e-01  1.462948e-01
8.280000e-01  1.459705e-01
8.310000e-01  1.456470e-01
8.340000e-01  1.453244e-01
8.370000e-01  1.450025e-01
8.400000e-01  1.446815e-01
8.430000e-01  1.443614e-01
8.460000e-01  1.440420e-01
8.490000e-01  1.437234e-01
8.520000e-01  1.434056e-01
8.550000e-01  1.430886e-01
8.580000e-01  1.427723e-01
8.610000e-01  1.424568e-01
8.640000e-01  1.421421e-01
8.670000e-01  1.418280e-01
8.700000e-01  1.415147e-01
8.730000e-01  1.412021e-01
8.760000e-01  1.408903e-01
8.790000e-01  1.405791e-01
8.820000e-01  1.402686e-01
8.850000e-01  1.399588e-01
8.880000e-01  1.396496e-01
8.910000e-01  1.393411e-01
8.940000e-01  1.390333e-01
8.970000e-01  1.387261e-01
9.000000e-01  1.384195e-01
9.030000e-01  1.381136e-01
9.060000e-01  1.378082e-01
9.090000e-01  1.375035e-01
9.120000e-01  1.371994e-01
9.150000e-01  1.368958e-01
9.180000e-01  1.365928e-01
9.210000e-01  1.362904e-01
9.240000e-01  1.359886e-01
9.270000e-01  1.356873e-01
9.300000e-01  1.353866e-01
9.330000e-01  1.350863e-01
9.360000e-01  1.347866e-01
9.390000e-01  1.344875e-01
9.420000e-01  1.341888e-01
9.450000e-01  1.338906e-01
9.480000e-01  1.335929e-01
9.510000e-01  1.332957e-01
9.540000e-01  1.329990e-01
9.570000e-01  1.327028e-01
9.600000e-01  1.324069e-01
9.630000e-01  1.321116e-01
9.660000e-01  1.318167e-01
9.690000e-01  1.315222e-01
9.720000e-01  1.312281e-01
9.750000e-01  1.309344e-01
9.780000e-01  1.306412e-01
9.810000e-01  1.303483e-01
9.840000e-01  1.300558e-01
9.870000e-01  1.297637e-01
9.900000e-01  1.294720e-01
9.930000e-01  1.291806e-01
9.960000e-01  1.288896e-01
9.990000e-01  1.285989e-01
