000000  000001
3.000000e-03  7.993723e-01
6.000000e-03  7.137117e-01
9.000000e-03  6.598107e-01
1.200000e-02  6.209408e-01
1.500000e-02  5.907973e-01
1.800000e-02  5.663289e-01
2.100000e-02  5.458311e-01
2.400000e-02  5.282583e-01
2.700000e-02  5.129238e-01
3.000000e-02  4.993539e-01
3.300000e-02  4.872081e-01
3.600000e-02  4.762342e-01
3.900000e-02  4.662400e-01
4.200000e-02  4.570762e-01
4.500000e-02  4.486245e-01
4.800000e-02  4.407896e-01
5.100000e-02  4.334938e-01
5.400000e-02  4.266727e-01
5.700000e-02  4.202726e-01
6.000000e-02  4.142483e-01
6.300000e-02  4.085611e-01
6.600000e-02  4.031781e-01
6.900000e-02  3.980707e-01
7.200000e-02  3.932141e-01
7.500000e-02  3.885866e-01
7.800000e-02  3.841691e-01
8.100000e-02  3.799448e-01
8.400000e-02  3.758987e-01
8.700000e-02  3.720175e-01
9.000000e-02  3.682892e-01
9.300000e-02  3.647033e-01
9.600000e-02  3.612499e-01
9.900000e-02  3.579203e-01
1.020000e-01  3.547067e-01
1.050000e-01  3.516018e-01
1.080000e-01  3.485991e-01
1.110000e-01  3.456925e-01
1.140000e-01  3.428765e-01
1.170000e-01  3.401460e-01
1.200000e-01  3.374964e-01
1.230000e-01  3.349234e-01
1.260000e-01  3.324230e-01
1.290000e-01  3.299915e-01
1.320000e-01  3.276255e-01
1.350000e-01  3.253217e-01
1.380000e-01  3.230773e-01
1.410000e-01  3.208895e-01
1.440000e-01  3.187556e-01
1.470000e-01  3.166734e-01
1.500000e-01  3.146405e-01
1.530000e-01  3.126547e-01
1.560000e-01  3.107142e-01
1.590000e-01  3.088170e-01
1.620000e-01  3.069614e-01
1.650000e-01  3.051458e-01
1.680000e-01  3.033685e-01
1.710000e-01  3.016280e-01
1.740000e-01  2.999231e-01
1.770000e-01  2.982523e-01
1.800000e-01  2.966145e-01
1.830000e-01  2.950083e-01
1.860000e-01  2.934328e-01
1.890000e-01  2.918868e-01
1.920000e-01  2.903694e-01
1.950000e-01  2.888795e-01
1.980000e-01  2.874162e-01
2.010000e-01  2.859787e-01
2.040000e-01  2.845662e-01
2.070000e-01  2.831777e-01
2.100000e-01  2.818127e-01
2.130000e-01  2.804703e-01
2.160000e-01  2.791498e-01
2.190000e-01  2.778507e-01
2.220000e-01  2.765722e-01
2.250000e-01  2.753138e-01
2.280000e-01  2.740748e-01
2.310000e-01  2.728548e-01
2.340000e-01  2.716531e-01
2.370000e-01  2.704693e-01
2.400000e-01  2.693029e-01
2.430000e-01  2.681534e-01
2.460000e-01  2.670203e-01
2.490000e-01  2.659032e-01
2.520000e-01  2.648017e-01
2.550000e-01  2.637154e-01
2.580000e-01  2.626439e-01
2.610000e-01  2.615868e-01
2.640000e-01  2.605438e-01
2.670000e-01  2.595145e-01
2.700000e-01  2.584985e-01
2.730000e-01  2.574956e-01
2.760000e-01  2.565055e-01
2.790000e-01  2.555277e-01
2.820000e-01  2.545621e-01
2.850000e-01  2.536083e-01
2.880000e-01  2.526662e-01
2.910000e-01  2.517353e-01
2.940000e-01  2.508155e-01
2.970000e-01  2.499065e-01
3.000000e-01  2.490081e-01
3.030000e-01  2.481200e-01
3.060000e-01  2.472421e-01
3.090000e-01  2.463740e-01
3.120000e-01  2.455157e-01
3.150000e-01  2.446668e-01
3.180000e-01  2.438272e-01
3.210000e-01  2.429967e-01
3.240000e-01  2.421751e-01
3.270000e-01  2.413622e-01
3.300000e-01  2.405579e-01
3.330000e-01  2.397620e-01
3.360000e-01  2.389742e-01
3.390000e-01  2.381946e-01
3.420000e-01  2.374228e-01
3.450000e-01  2.366587e-01
3.480000e-01  2.359023e-01
3.510000e-01  2.351533e-01
3.540000e-01  2.344116e-01
3.570000e-01  2.336771e-01
3.600000e-01  2.329496e-01
3.630000e-01  2.322291e-01
3.660000e-01  2.315153e-01
3.690000e-01  2.308082e-01
3.720000e-01  2.301076e-01
3.750000e-01  2.294134e-01
3.780000e-01  2.287256e-01
3.810000e-01  2.280440e-01
3.840000e-01  2.273684e-01
3.870000e-01  2.266989e-01
3.900000e-01  2.260352e-01
3.930000e-01  2.253774e-01
3.960000e-01  2.247252e-01
3.990000e-01  2.240786e-01
4.020000e-01  2.234375e-01
4.050000e-01  2.228018e-01
4.080000e-01  2.221714e-01
4.110000e-01  2.215463e-01
4.140000e-01  2.209263e-01
4.170000e-01  2.203114e-01
4.200000e-01  2.197015e-01
4.230000e-01  2.190964e-01
4.260000e-01  2.184963e-01
4.290000e-01  2.179008e-01
4.320000e-01  2.173101e-01
4.350000e-01  2.167239e-01
4.380000e-01  2.161423e-01
4.410000e-01  2.155652e-01
4.440000e-01  2.149924e-01
4.470000e-01  2.144240e-01
4.500000e-01  2.138599e-01
4.530000e-01  2.132999e-01
4.560000e-01  2.127442e-01
4.590000e-01  2.121925e-01
4.620000e-01  2.116448e-01
4.650000e-01  2.111011e-01
4.680000e-01  2.105613e-01
4.710000e-01  2.100254e-01
4.740000e-01  2.094932e-01
4.770000e-01  2.089648e-01
4.800000e-01  2.084401e-01
4.830000e-01  2.079190e-01
4.860000e-01  2.074016e-01
4.890000e-01  2.068876e-01
4.920000e-01  2.063772e-01
4.950000e-01  2.058702e-01
4.980000e-01  2.053666e-01
5.010000e-01  2.048664e-01
5.040000e-01  2.043695e-01
5.070000e-01  2.038758e-01
5.100000e-01  2.033854e-01
5.130000e-01  2.028981e-01
5.160000e-01  2.024140e-01
5.190000e-01  2.019329e-01
5.220000e-01  2.014550e-01
5.250000e-01  2.009800e-01
5.280000e-01  2.005080e-01
5.310000e-01  2.000390e-01
5.340000e-01  1.995728e-01
5.370000e-01  1.991095e-01
5.400000e-01  1.986491e-01
5.430000e-01  1.981915e-01
5.460000e-01  1.977366e-01
5.490000e-01  1.972844e-01
5.520000e-01  1.968349e-01
5.550000e-01  1.963881e-01
5.580000e-01  1.959440e-01
5.610000e-01  1.955023e-01
5.640000e-01  1.950633e-01
5.670000e-01  1.946268e-01
5.700000e-01  1.941928e-01
5.730000e-01  1.937613e-01
5.760000e-01  1.933323e-01
5.790000e-01  1.929056e-01
5.820000e-01  1.924813e-01
5.850000e-01  1.920594e-01
5.880000e-01  1.916399e-01
5.910000e-01  1.912226e-01
5.940000e-01  1.908076e-01
5.970000e-01  1.903948e-01
6.000000e-01  1.899843e-01
6.030000e-01  1.895760e-01
6.060000e-01  1.891699e-01
6.090000e-01  1.887659e-01
6.120000e-01  1.883640e-01
6.150000e-01  1.879643e-01
6.180000e-01  1.875666e-01
6.210000e-01  1.871710e-01
6.240000e-01  1.867774e-01
6.270000e-01  1.863858e-01
6.300000e-01  1.859963e-01
6.330000e-01  1.856087e-01
6.360000e-01  1.852230e-01
6.390000e-01  1.848393e-01
6.420000e-01  1.844574e-01
6.450000e-01  1.840775e-01
6.480000e-01  1.836994e-01
6.510000e-01  1.833232e-01
6.540000e-01  1.829488e-01
6.570000e-01  1.825762e-01
6.600000e-01  1.822054e-01
6.630000e-01  1.818364e-01
6.660000e-01  1.814691e-01
6.690000e-01  1.811035e-01
6.720000e-01  1.807397e-01
6.750000e-01  1.803776e-01
6.780000e-01  1.800171e-01
6.810000e-01  1.796583e-01
6.840000e-01  1.793012e-01
6.870000e-01  1.789456e-01
6.900000e-01  1.785917e-01
6.930000e-01  1.782394e-01
6.960000e-01  1.778887e-01
6.990000e-01  1.775396e-01
7.020000e-01  1.771919e-01
7.050000e-01  1.768459e-01
7.080000e-01  1.765013e-01
7.110000e-01  1.761583e-01
7.140000e-01  1.758167e-01
7.170000e-01  1.754766e-01
7.200000e-01  1.751380e-01
7.230000e-01  1.748008e-01
7.260000e-01  1.744650e-01
7.290000e-01  1.741307e-01
7.320000e-01  1.737978e-01
7.350000e-01  1.734662e-01
7.380000e-01  1.731361e-01
7.410000e-01  1.728073e-01
7.440000e-01  1.724799e-01
7.470000e-01  1.721538e-01
7.500000e-01  1.718290e-01
7.530000e-01  1.715055e-01
7.560000e-01  1.711834e-01
7.590000e-01  1.708625e-01
7.620000e-01  1.705429e-01
7.650000e-01  1.702246e-01
7.680000e-01  1.699075e-01
7.710000e-01  1.695917e-01
7.740000e-01  1.692771e-01
7.770000e-01  1.689637e-01
7.800000e-01  1.686516e-01
7.830000e-01  1.683406e-01
7.860000e-01  1.680308e-01
7.890000e-01  1.677222e-01
7.920000e-01  1.674147e-01
7.950000e-01  1.671084e-01
7.980000e-01  1.668033e-01
8.010000e-01  1.664993e-01
8.040000e-01  1.661964e-01
8.070000e-01  1.658946e-01
8.100000e-01  1.655940e-01
8.130000e-01  1.652944e-01
8.160000e-01  1.649959e-01
8.190000e-01  1.646985e-01
8.220000e-01  1.644021e-01
8.250000e-01  1.641068e-01
8.280000e-01  1.638126e-01
8.310000e-01  1.635194e-01
8.340000e-01  1.632272e-01
8.370000e-01  1.629360e-01
8.400000e-01  1.626459e-01
8.430000e-01  1.623567e-01
8.460000e-01  1.620686e-01
8.490000e-01  1.617814e-01
8.520000e-01  1.614952e-01
8.550000e-01  1.612099e-01
8.580000e-01  1.609257e-01
8.610000e-01  1.606424e-01
8.640000e-01  1.603600e-01
8.670000e-01  1.600785e-01
8.700000e-01  1.597980e-01
8.730000e-01  1.595184e-01
8.760000e-01  1.592397e-01
8.790000e-01  1.589619e-01
8.820000e-01  1.586850e-01
8.850000e-01  1.584090e-01
8.880000e-01  1.581339e-01
8.910000e-01  1.578596e-01
8.940000e-01  1.575862e-01
8.970000e-01  1.573137e-01
9.000000e-01  1.570420e-01
9.030000e-01  1.567712e-01
9.060000e-01  1.565012e-01
9.090000e-01  1.562320e-01
9.120000e-01  1.559637e-01
9.150000e-01  1.556962e-01
9.180000e-01  1.554294e-01
9.210000e-01  1.551635e-01
9.240000e-01  1.548984e-01
9.270000e-01  1.546341e-01
9.300000e-01  1.543705e-01
9.330000e-01  1.541077e-01
9.360000e-01  1.538457e-01
9.390000e-01  1.535845e-01
9.420000e-01  1.533240e-01
9.450000e-01  1.530643e-01
9.480000e-01  1.528053e-01
9.510000e-01  1.525470e-01
9.540000e-01  1.522895e-01
9.570000e-01  1.520327e-01
9.600000e-01  1.517767e-01
9.630000e-01  1.515213e-01
9.660000e-01  1.512667e-01
9.690000e-01  1.510127e-01
9.720000e-01  1.507595e-01
9.750000e-01  1.505069e-01
9.780000e-01  1.502550e-01
9.810000e-01  1.500038e-01
9.840000e-01  1.497533e-01
9.870000e-01  1.495035e-01
9.900000e-01  1.492543e-01
9.930000e-01  1.490057e-01
9.960000e-01  1.487579e-01
9.990000e-01  1.485106e-01
