000000  000001
3.000000e-03  6.848987e-01
6.000000e-03  5.914561e-01
9.000000e-03  5.373718e-01
1.200000e-02  4.999805e-01
1.500000e-02  4.717355e-01
1.800000e-02  4.492210e-01
2.100000e-02  4.306112e-01
2.400000e-02  4.148206e-01
2.700000e-02  4.011536e-01
3.000000e-02  3.891393e-01
3.300000e-02  3.784445e-01
3.600000e-02  3.688257e-01
3.900000e-02  3.600994e-01
4.200000e-02  3.521246e-01
4.500000e-02  3.447901e-01
4.800000e-02  3.380073e-01
5.100000e-02  3.317044e-01
5.400000e-02  3.258222e-01
5.700000e-02  3.203118e-01
6.000000e-02  3.151319e-01
6.300000e-02  3.102476e-01
6.600000e-02  3.056291e-01
6.900000e-02  3.012508e-01
7.200000e-02  2.970905e-01
7.500000e-02  2.931289e-01
7.800000e-02  2.893490e-01
8.100000e-02  2.857358e-01
8.400000e-02  2.822762e-01
8.700000e-02  2.789584e-01
9.000000e-02  2.757719e-01
9.300000e-02  2.727072e-01
9.600000e-02  2.697560e-01
9.900000e-02  2.669106e-01
1.020000e-01  2.641640e-01
1.050000e-01  2.615101e-01
1.080000e-01  2.589430e-01
1.110000e-01  2.564575e-01
1.140000e-01  2.540489e-01
1.170000e-01  2.517127e-01
1.200000e-01  2.494451e-01
1.230000e-01  2.472421e-01
1.260000e-01  2.451004e-01
1.290000e-01  2.430168e-01
1.320000e-01  2.409884e-01
1.350000e-01  2.390125e-01
1.380000e-01  2.370864e-01
1.410000e-01  2.352078e-01
1.440000e-01  2.333746e-01
1.470000e-01  2.315846e-01
1.500000e-01  2.298360e-01
1.530000e-01  2.281268e-01
1.560000e-01  2.264554e-01
1.590000e-01  2.248203e-01
1.620000e-01  2.232198e-01
1.650000e-01  2.216527e-01
1.680000e-01  2.201175e-01
1.710000e-01  2.186130e-01
1.740000e-01  2.171380e-01
1.770000e-01  2.156915e-01
1.800000e-01  2.142722e-01
1.830000e-01  2.128793e-01
1.860000e-01  2.115118e-01
1.890000e-01  2.101688e-01
1.920000e-01  2.088493e-01
1.950000e-01  2.075527e-01
1.980000e-01  2.062780e-01
2.010000e-01  2.050246e-01
2.040000e-01  2.037918e-01
2.070000e-01  2.025789e-01
2.100000e-01  2.013853e-01
2.130000e-01  2.002102e-01
2.160000e-01  1.990533e-01
2.190000e-01  1.979138e-01
2.220000e-01  1.967912e-01
2.250000e-01  1.956851e-01
2.280000e-01  1.945950e-01
2.310000e-01  1.935203e-01
2.340000e-01  1.924607e-01
2.370000e-01  1.914157e-01
2.400000e-01  1.903848e-01
2.430000e-01  1.893677e-01
2.460000e-01  1.883640e-01
2.490000e-01  1.873734e-01
2.520000e-01  1.863954e-01
2.550000e-01  1.854297e-01
2.580000e-01  1.844760e-01
2.610000e-01  1.835340e-01
2.640000e-01  1.826034e-01
2.670000e-01  1.816839e-01
2.700000e-01  1.807751e-01
2.730000e-01  1.798769e-01
2.760000e-01  1.789889e-01
2.790000e-01  1.781109e-01
2.820000e-01  1.772427e-01
2.850000e-01  1.763840e-01
2.880000e-01  1.755346e-01
2.910000e-01  1.746942e-01
2.940000e-01  1.738626e-01
2.970000e-01  1.730397e-01
3.000000e-01  1.722252e-01
3.030000e-01  1.714190e-01
3.060000e-01  1.706207e-01
3.090000e-01  1.698304e-01
3.120000e-01  1.690477e-01
3.150000e-01  1.682725e-01
3.180000e-01  1.675046e-01
3.210000e-01  1.667439e-01
3.240000e-01  1.659902e-01
3.270000e-01  1.652434e-01
3.300000e-01  1.645032e-01
3.330000e-01  1.637696e-01
3.360000e-01  1.630424e-01
3.390000e-01  1.623215e-01
3.420000e-01  1.616067e-01
3.450000e-01  1.608980e-01
3.480000e-01  1.601951e-01
3.510000e-01  1.594980e-01
3.540000e-01  1.588065e-01
3.570000e-01  1.581205e-01
3.600000e-01  1.574399e-01
3.630000e-01  1.567646e-01
3.660000e-01  1.560945e-01
3.690000e-01  1.554294e-01
3.720000e-01  1.547694e-01
3.750000e-01  1.541141e-01
3.780000e-01  1.534637e-01
3.810000e-01  1.528179e-01
3.840000e-01  1.521767e-01
3.870000e-01  1.515400e-01
3.900000e-01  1.509076e-01
3.930000e-01  1.502796e-01
3.960000e-01  1.496557e-01
3.990000e-01  1.490360e-01
4.020000e-01  1.484204e-01
4.050000e-01  1.478087e-01
4.080000e-01  1.472008e-01
4.110000e-01  1.465968e-01
4.140000e-01  1.459965e-01
4.170000e-01  1.453999e-01
4.200000e-01  1.448068e-01
4.230000e-01  1.442173e-01
4.260000e-01  1.436311e-01
4.290000e-01  1.430484e-01
4.320000e-01  1.424689e-01
4.350000e-01  1.418927e-01
4.380000e-01  1.413196e-01
4.410000e-01  1.407496e-01
4.440000e-01  1.401826e-01
4.470000e-01  1.396187e-01
4.500000e-01  1.390576e-01
4.530000e-01  1.384993e-01
4.560000e-01  1.379439e-01
4.590000e-01  1.373912e-01
4.620000e-01  1.368411e-01
4.650000e-01  1.362937e-01
4.680000e-01  1.357488e-01
4.710000e-01  1.352064e-01
4.740000e-01  1.346664e-01
4.770000e-01  1.341288e-01
4.800000e-01  1.335936e-01
4.830000e-01  1.330606e-01
4.860000e-01  1.325299e-01
4.890000e-01  1.320013e-01
4.920000e-01  1.314749e-01
4.950000e-01  1.309505e-01
4.980000e-01  1.304281e-01
5.010000e-01  1.299077e-01
5.040000e-01  1.293893e-01
5.070000e-01  1.288727e-01
5.100000e-01  1.283579e-01
5.130000e-01  1.278449e-01
5.160000e-01  1.273336e-01
5.190000e-01  1.268239e-01
5.220000e-01  1.263159e-01
5.250000e-01  1.258095e-01
5.280000e-01  1.253046e-01
5.310000e-01  1.248012e-01
5.340000e-01  1.242992e-01
5.370000e-01  1.237986e-01
5.400000e-01  1.232994e-01
5.430000e-01  1.228014e-01
5.460000e-01  1.223047e-01
5.490000e-01  1.218092e-01
5.520000e-01  1.213148e-01
5.550000e-01  1.208215e-01
5.580000e-01  1.203293e-01
5.610000e-01  1.198381e-01
5.640000e-01  1.193478e-01
5.670000e-01  1.188585e-01
5.700000e-01  1.183700e-01
5.730000e-01  1.178823e-01
5.760000e-01  1.173953e-01
5.790000e-01  1.169091e-01
5.820000e-01  1.164236e-01
5.850000e-01  1.159386e-01
5.880000e-01  1.154543e-01
5.910000e-01  1.149704e-01
5.940000e-01  1.144870e-01
5.970000e-01  1.140039e-01
6.000000e-01  1.135213e-01
6.030000e-01  1.130389e-01
6.060000e-01  1.125567e-01
6.090000e-01  1.120748e-01
6.120000e-01  1.115929e-01
6.150000e-01  000000
6.180000e-01  000000
6.210000e-01  000000
6.240000e-01  000000
6.270000e-01  000000
6.300000e-01  000000
6.330000e-01  000000
6.360000e-01  000000
6.390000e-01  000000
6.420000e-01  000000
6.450000e-01  000000
6.480000e-01  000000
6.510000e-01  000000
6.540000e-01  000000
6.570000e-01  000000
6.600000e-01  000000
6.630000e-01  000000
6.660000e-01  000000
6.690000e-01  000000
6.720000e-01  000000
6.750000e-01  000000
6.780000e-01  000000
6.810000e-01  000000
6.840000e-01  000000
6.870000e-01  000000
6.900000e-01  000000
6.930000e-01  000000
6.960000e-01  000000
6.990000e-01  000000
7.020000e-01  000000
7.050000e-01  000000
7.080000e-01  000000
7.110000e-01  000000
7.140000e-01  000000
7.170000e-01  000000
7.200000e-01  000000
7.230000e-01  000000
7.260000e-01  000000
7.290000e-01  000000
7.320000e-01  000000
7.350000e-01  000000
7.380000e-01  000000
7.410000e-01  000000
7.440000e-01  000000
7.470000e-01  000000
7.500000e-01  000000
7.530000e-01  000000
7.560000e-01  000000
7.590000e-01  000000
7.620000e-01  000000
7.650000e-01  000000
7.680000e-01  000000
7.710000e-01  000000
7.740000e-01  000000
7.770000e-01  000000
7.800000e-01  000000
7.830000e-01  000000
7.860000e-01  000000
7.890000e-01  000000
7.920000e-01  000000
7.950000e-01  000000
7.980000e-01  000000
8.010000e-01  000000
8.040000e-01  000000
8.070000e-01  000000
8.100000e-01  000000
8.130000e-01  000000
8.160000e-01  000000
8.190000e-01  000000
8.220000e-01  000000
8.250000e-01  000000
8.280000e-01  000000
8.310000e-01  000000
8.340000e-01  000000
8.370000e-01  000000
8.400000e-01  000000
8.430000e-01  000000
8.460000e-01  000000
8.490000e-01  000000
8.520000e-01  000000
8.550000e-01  000000
8.580000e-01  000000
8.610000e-01  000000
8.640000e-01  000000
8.670000e-01  000000
8.700000e-01  000000
8.730000e-01  000000
8.760000e-01  000000
8.790000e-01  000000
8.820000e-01  000000
8.850000e-01  000000
8.880000e-01  000000
8.910000e-01  000000
8.940000e-01  000000
8.970000e-01  000000
9.000000e-01  000000
9.030000e-01  000000
9.060000e-01  000000
9.090000e-01  000000
9.120000e-01  000000
9.150000e-01  000000
9.180000e-01  000000
9.210000e-01  000000
9.240000e-01  000000
9.270000e-01  000000
9.300000e-01  000000
9.330000e-01  000000
9.360000e-01  000000
9.390000e-01  000000
9.420000e-01  000000
9.450000e-01  000000
9.480000e-01  000000
9.510000e-01  000000
9.540000e-01  000000
9.570000e-01  000000
9.600000e-01  000000
9.630000e-01  000000
9.660000e-01  000000
9.690000e-01  000000
9.720000e-01  000000
9.750000e-01  000000
9.780000e-01  000000
9.810000e-01  000000
9.840000e-01  000000
9.870000e-01  000000
9.900000e-01  000000
9.930000e-01  000000
9.960000e-01  000000
9.990000e-01  000000
