000000  000001
3.000000e-03  7.542023e-01
6.000000e-03  6.637112e-01
9.000000e-03  6.089308e-01
1.200000e-02  5.702049e-01
1.500000e-02  5.405470e-01
1.800000e-02  5.166823e-01
2.100000e-02  4.968200e-01
2.400000e-02  4.798776e-01
2.700000e-02  4.651531e-01
3.000000e-02  4.521660e-01
3.300000e-02  4.405740e-01
3.600000e-02  4.301249e-01
3.900000e-02  4.206278e-01
4.200000e-02  4.119349e-01
4.500000e-02  4.039296e-01
4.800000e-02  3.965184e-01
5.100000e-02  3.896251e-01
5.400000e-02  3.831870e-01
5.700000e-02  3.771519e-01
6.000000e-02  3.714758e-01
6.300000e-02  3.661212e-01
6.600000e-02  3.610564e-01
6.900000e-02  3.562536e-01
7.200000e-02  3.516891e-01
7.500000e-02  3.473420e-01
7.800000e-02  3.431939e-01
8.100000e-02  3.392287e-01
8.400000e-02  3.354321e-01
8.700000e-02  3.317913e-01
9.000000e-02  3.282950e-01
9.300000e-02  3.249328e-01
9.600000e-02  3.216957e-01
9.900000e-02  3.185752e-01
1.020000e-01  3.155638e-01
1.050000e-01  3.126547e-01
1.080000e-01  3.098417e-01
1.110000e-01  3.071189e-01
1.140000e-01  3.044812e-01
1.170000e-01  3.019238e-01
1.200000e-01  2.994423e-01
1.230000e-01  2.970326e-01
1.260000e-01  2.946908e-01
1.290000e-01  2.924136e-01
1.320000e-01  2.901977e-01
1.350000e-01  2.880401e-01
1.380000e-01  2.859380e-01
1.410000e-01  2.838888e-01
1.440000e-01  2.818901e-01
1.470000e-01  2.799395e-01
1.500000e-01  2.780350e-01
1.530000e-01  2.761746e-01
1.560000e-01  2.743563e-01
1.590000e-01  2.725785e-01
1.620000e-01  2.708395e-01
1.650000e-01  2.691376e-01
1.680000e-01  2.674716e-01
1.710000e-01  2.658399e-01
1.740000e-01  2.642412e-01
1.770000e-01  2.626744e-01
1.800000e-01  2.611381e-01
1.830000e-01  2.596315e-01
1.860000e-01  2.581532e-01
1.890000e-01  2.567025e-01
1.920000e-01  2.552783e-01
1.950000e-01  2.538797e-01
1.980000e-01  2.525058e-01
2.010000e-01  2.511559e-01
2.040000e-01  2.498291e-01
2.070000e-01  2.485247e-01
2.100000e-01  2.472421e-01
2.130000e-01  2.459804e-01
2.160000e-01  2.447392e-01
2.190000e-01  2.435177e-01
2.220000e-01  2.423153e-01
2.250000e-01  2.411316e-01
2.280000e-01  2.399658e-01
2.310000e-01  2.388177e-01
2.340000e-01  2.376865e-01
2.370000e-01  2.365719e-01
2.400000e-01  2.354734e-01
2.430000e-01  2.343905e-01
2.460000e-01  2.333229e-01
2.490000e-01  2.322701e-01
2.520000e-01  2.312317e-01
2.550000e-01  2.302073e-01
2.580000e-01  2.291966e-01
2.610000e-01  2.281992e-01
2.640000e-01  2.272149e-01
2.670000e-01  2.262432e-01
2.700000e-01  2.252838e-01
2.730000e-01  2.243366e-01
2.760000e-01  2.234010e-01
2.790000e-01  2.224769e-01
2.820000e-01  2.215641e-01
2.850000e-01  2.206622e-01
2.880000e-01  2.197709e-01
2.910000e-01  2.188901e-01
2.940000e-01  2.180195e-01
2.970000e-01  2.171589e-01
3.000000e-01  2.163080e-01
3.030000e-01  2.154667e-01
3.060000e-01  2.146346e-01
3.090000e-01  2.138117e-01
3.120000e-01  2.129977e-01
3.150000e-01  2.121925e-01
3.180000e-01  2.113958e-01
3.210000e-01  2.106074e-01
3.240000e-01  2.098273e-01
3.270000e-01  2.090551e-01
3.300000e-01  2.082909e-01
3.330000e-01  2.075343e-01
3.360000e-01  2.067853e-01
3.390000e-01  2.060437e-01
3.420000e-01  2.053093e-01
3.450000e-01  2.045820e-01
3.480000e-01  2.038617e-01
3.510000e-01  2.031483e-01
3.540000e-01  2.024415e-01
3.570000e-01  2.017414e-01
3.600000e-01  2.010477e-01
3.630000e-01  2.003603e-01
3.660000e-01  1.996791e-01
3.690000e-01  1.990041e-01
3.720000e-01  1.983350e-01
3.750000e-01  1.976718e-01
3.780000e-01  1.970144e-01
3.810000e-01  1.963627e-01
3.840000e-01  1.957165e-01
3.870000e-01  1.950758e-01
3.900000e-01  1.944405e-01
3.930000e-01  1.938105e-01
3.960000e-01  1.931857e-01
3.990000e-01  1.925660e-01
4.020000e-01  1.919513e-01
4.050000e-01  1.913416e-01
4.080000e-01  1.907367e-01
4.110000e-01  1.901366e-01
4.140000e-01  1.895411e-01
4.170000e-01  1.889503e-01
4.200000e-01  1.883640e-01
4.230000e-01  1.877822e-01
4.260000e-01  1.872048e-01
4.290000e-01  1.866317e-01
4.320000e-01  1.860629e-01
4.350000e-01  1.854983e-01
4.380000e-01  1.849378e-01
4.410000e-01  1.843813e-01
4.440000e-01  1.838288e-01
4.470000e-01  1.832803e-01
4.500000e-01  1.827357e-01
4.530000e-01  1.821948e-01
4.560000e-01  1.816578e-01
4.590000e-01  1.811244e-01
4.620000e-01  1.805946e-01
4.650000e-01  1.800685e-01
4.680000e-01  1.795459e-01
4.710000e-01  1.790268e-01
4.740000e-01  1.785111e-01
4.770000e-01  1.779988e-01
4.800000e-01  1.774898e-01
4.830000e-01  1.769841e-01
4.860000e-01  1.764817e-01
4.890000e-01  1.759824e-01
4.920000e-01  1.754863e-01
4.950000e-01  1.749933e-01
4.980000e-01  1.745033e-01
5.010000e-01  1.740164e-01
5.040000e-01  1.735324e-01
5.070000e-01  1.730514e-01
5.100000e-01  1.725733e-01
5.130000e-01  1.720980e-01
5.160000e-01  1.716255e-01
5.190000e-01  1.711558e-01
5.220000e-01  1.706888e-01
5.250000e-01  1.702246e-01
5.280000e-01  1.697630e-01
5.310000e-01  1.693040e-01
5.340000e-01  1.688476e-01
5.370000e-01  1.683938e-01
5.400000e-01  1.679425e-01
5.430000e-01  1.674937e-01
5.460000e-01  1.670473e-01
5.490000e-01  1.666034e-01
5.520000e-01  1.661619e-01
5.550000e-01  1.657227e-01
5.580000e-01  1.652858e-01
5.610000e-01  1.648513e-01
5.640000e-01  1.644190e-01
5.670000e-01  1.639890e-01
5.700000e-01  1.635612e-01
5.730000e-01  1.631356e-01
5.760000e-01  1.627121e-01
5.790000e-01  1.622908e-01
5.820000e-01  1.618715e-01
5.850000e-01  1.614544e-01
5.880000e-01  1.610393e-01
5.910000e-01  1.606262e-01
5.940000e-01  1.602151e-01
5.970000e-01  1.598060e-01
6.000000e-01  1.593988e-01
6.030000e-01  1.589936e-01
6.060000e-01  1.585903e-01
6.090000e-01  1.581888e-01
6.120000e-01  1.577893e-01
6.150000e-01  1.573915e-01
6.180000e-01  1.569955e-01
6.210000e-01  1.566014e-01
6.240000e-01  1.562090e-01
6.270000e-01  1.558184e-01
6.300000e-01  1.554294e-01
6.330000e-01  1.550422e-01
6.360000e-01  1.546567e-01
6.390000e-01  1.542728e-01
6.420000e-01  1.538906e-01
6.450000e-01  1.535100e-01
6.480000e-01  1.531310e-01
6.510000e-01  1.527536e-01
6.540000e-01  1.523777e-01
6.570000e-01  1.520034e-01
6.600000e-01  1.516307e-01
6.630000e-01  1.512594e-01
6.660000e-01  1.508896e-01
6.690000e-01  1.505213e-01
6.720000e-01  1.501545e-01
6.750000e-01  1.497891e-01
6.780000e-01  1.494251e-01
6.810000e-01  1.490625e-01
6.840000e-01  1.487013e-01
6.870000e-01  1.483415e-01
6.900000e-01  1.479830e-01
6.930000e-01  1.476259e-01
6.960000e-01  1.472701e-01
6.990000e-01  1.469156e-01
7.020000e-01  1.465624e-01
7.050000e-01  1.462105e-01
7.080000e-01  1.458598e-01
7.110000e-01  1.455104e-01
7.140000e-01  1.451622e-01
7.170000e-01  1.448153e-01
7.200000e-01  1.444695e-01
7.230000e-01  1.441249e-01
7.260000e-01  1.437815e-01
7.290000e-01  1.434393e-01
7.320000e-01  1.430982e-01
7.350000e-01  1.427582e-01
7.380000e-01  1.424194e-01
7.410000e-01  1.420816e-01
7.440000e-01  1.417450e-01
7.470000e-01  1.414094e-01
7.500000e-01  1.410749e-01
7.530000e-01  1.407415e-01
7.560000e-01  1.404091e-01
7.590000e-01  1.400777e-01
7.620000e-01  1.397473e-01
7.650000e-01  1.394179e-01
7.680000e-01  1.390896e-01
7.710000e-01  1.387622e-01
7.740000e-01  1.384357e-01
7.770000e-01  1.381102e-01
7.800000e-01  1.377857e-01
7.830000e-01  1.374621e-01
7.860000e-01  1.371394e-01
7.890000e-01  1.368176e-01
7.920000e-01  1.364967e-01
7.950000e-01  1.361767e-01
7.980000e-01  1.358576e-01
8.010000e-01  1.355393e-01
8.040000e-01  1.352218e-01
8.070000e-01  1.349052e-01
8.100000e-01  1.345895e-01
8.130000e-01  1.342745e-01
8.160000e-01  1.339604e-01
8.190000e-01  1.336470e-01
8.220000e-01  1.333344e-01
8.250000e-01  1.330226e-01
8.280000e-01  1.327116e-01
8.310000e-01  1.324013e-01
8.340000e-01  1.320918e-01
8.370000e-01  1.317830e-01
8.400000e-01  1.314749e-01
8.430000e-01  1.311675e-01
8.460000e-01  1.308608e-01
8.490000e-01  1.305548e-01
8.520000e-01  1.302495e-01
8.550000e-01  1.299449e-01
8.580000e-01  1.296409e-01
8.610000e-01  1.293375e-01
8.640000e-01  1.290348e-01
8.670000e-01  1.287328e-01
8.700000e-01  1.284313e-01
8.730000e-01  1.281305e-01
8.760000e-01  1.278302e-01
8.790000e-01  1.275306e-01
8.820000e-01  1.272315e-01
8.850000e-01  1.269330e-01
8.880000e-01  1.266351e-01
8.910000e-01  1.263377e-01
8.940000e-01  1.260408e-01
8.970000e-01  1.257445e-01
9.000000e-01  1.254487e-01
9.030000e-01  1.251535e-01
9.060000e-01  1.248587e-01
9.090000e-01  1.245644e-01
9.120000e-01  1.242706e-01
9.150000e-01  1.239773e-01
9.180000e-01  1.236844e-01
9.210000e-01  1.233920e-01
9.240000e-01  1.231000e-01
9.270000e-01  1.228085e-01
9.300000e-01  1.225174e-01
9.330000e-01  1.222268e-01
9.360000e-01  1.219365e-01
9.390000e-01  1.216466e-01
9.420000e-01  1.213571e-01
9.450000e-01  1.210680e-01
9.480000e-01  1.207793e-01
9.510000e-01  1.204909e-01
9.540000e-01  1.202029e-01
9.570000e-01  1.199152e-01
9.600000e-01  1.196278e-01
9.630000e-01  1.193408e-01
9.660000e-01  1.190541e-01
9.690000e-01  1.187677e-01
9.720000e-01  1.184815e-01
9.750000e-01  1.181957e-01
9.780000e-01  1.179101e-01
9.810000e-01  1.176248e-01
9.840000e-01  1.173398e-01
9.870000e-01  1.170549e-01
9.900000e-01  1.167703e-01
9.930000e-01  1.164860e-01
9.960000e-01  1.162018e-01
9.990000e-01  1.159179e-01
