000000  000001
3.000000e-03  7.643819e-01
6.000000e-03  6.747479e-01
9.000000e-03  6.200535e-01
1.200000e-02  5.812322e-01
1.500000e-02  5.514262e-01
1.800000e-02  5.274003e-01
2.100000e-02  5.073778e-01
2.400000e-02  4.902817e-01
2.700000e-02  4.754117e-01
3.000000e-02  4.622877e-01
3.300000e-02  4.505672e-01
3.600000e-02  4.399975e-01
3.900000e-02  4.303870e-01
4.200000e-02  4.215874e-01
4.500000e-02  4.134815e-01
4.800000e-02  4.059752e-01
5.100000e-02  3.989920e-01
5.400000e-02  3.924687e-01
5.700000e-02  3.863527e-01
6.000000e-02  3.805995e-01
6.300000e-02  3.751717e-01
6.600000e-02  3.700369e-01
6.900000e-02  3.651673e-01
7.200000e-02  3.605389e-01
7.500000e-02  3.561306e-01
7.800000e-02  3.519238e-01
8.100000e-02  3.479022e-01
8.400000e-02  3.440515e-01
8.700000e-02  3.403586e-01
9.000000e-02  3.368121e-01
9.300000e-02  3.334016e-01
9.600000e-02  3.301178e-01
9.900000e-02  3.269523e-01
1.020000e-01  3.238975e-01
1.050000e-01  3.209464e-01
1.080000e-01  3.180926e-01
1.110000e-01  3.153305e-01
1.140000e-01  3.126547e-01
1.170000e-01  3.100604e-01
1.200000e-01  3.075430e-01
1.230000e-01  3.050985e-01
1.260000e-01  3.027230e-01
1.290000e-01  3.004131e-01
1.320000e-01  2.981653e-01
1.350000e-01  2.959768e-01
1.380000e-01  2.938445e-01
1.410000e-01  2.917660e-01
1.440000e-01  2.897388e-01
1.470000e-01  2.877604e-01
1.500000e-01  2.858289e-01
1.530000e-01  2.839421e-01
1.560000e-01  2.820981e-01
1.590000e-01  2.802953e-01
1.620000e-01  2.785318e-01
1.650000e-01  2.768062e-01
1.680000e-01  2.751169e-01
1.710000e-01  2.734625e-01
1.740000e-01  2.718416e-01
1.770000e-01  2.702531e-01
1.800000e-01  2.686958e-01
1.830000e-01  2.671684e-01
1.860000e-01  2.656700e-01
1.890000e-01  2.641996e-01
1.920000e-01  2.627560e-01
1.950000e-01  2.613386e-01
1.980000e-01  2.599463e-01
2.010000e-01  2.585783e-01
2.040000e-01  2.572338e-01
2.070000e-01  2.559122e-01
2.100000e-01  2.546126e-01
2.130000e-01  2.533344e-01
2.160000e-01  2.520770e-01
2.190000e-01  2.508396e-01
2.220000e-01  2.496217e-01
2.250000e-01  2.484227e-01
2.280000e-01  2.472421e-01
2.310000e-01  2.460793e-01
2.340000e-01  2.449338e-01
2.370000e-01  2.438052e-01
2.400000e-01  2.426930e-01
2.430000e-01  2.415966e-01
2.460000e-01  2.405158e-01
2.490000e-01  2.394501e-01
2.520000e-01  2.383990e-01
2.550000e-01  2.373622e-01
2.580000e-01  2.363393e-01
2.610000e-01  2.353300e-01
2.640000e-01  2.343340e-01
2.670000e-01  2.333508e-01
2.700000e-01  2.323802e-01
2.730000e-01  2.314219e-01
2.760000e-01  2.304755e-01
2.790000e-01  2.295408e-01
2.820000e-01  2.286176e-01
2.850000e-01  2.277055e-01
2.880000e-01  2.268042e-01
2.910000e-01  2.259136e-01
2.940000e-01  2.250334e-01
2.970000e-01  2.241633e-01
3.000000e-01  2.233032e-01
3.030000e-01  2.224528e-01
3.060000e-01  2.216119e-01
3.090000e-01  2.207802e-01
3.120000e-01  2.199577e-01
3.150000e-01  2.191440e-01
3.180000e-01  2.183391e-01
3.210000e-01  2.175427e-01
3.240000e-01  2.167547e-01
3.270000e-01  2.159748e-01
3.300000e-01  2.152029e-01
3.330000e-01  2.144389e-01
3.360000e-01  2.136826e-01
3.390000e-01  2.129338e-01
3.420000e-01  2.121925e-01
3.450000e-01  2.114584e-01
3.480000e-01  2.107313e-01
3.510000e-01  2.100113e-01
3.540000e-01  2.092981e-01
3.570000e-01  2.085916e-01
3.600000e-01  2.078917e-01
3.630000e-01  2.071983e-01
3.660000e-01  2.065112e-01
3.690000e-01  2.058303e-01
3.720000e-01  2.051556e-01
3.750000e-01  2.044869e-01
3.780000e-01  2.038240e-01
3.810000e-01  2.031670e-01
3.840000e-01  2.025156e-01
3.870000e-01  2.018699e-01
3.900000e-01  2.012296e-01
3.930000e-01  2.005947e-01
3.960000e-01  1.999652e-01
3.990000e-01  1.993408e-01
4.020000e-01  1.987216e-01
4.050000e-01  1.981075e-01
4.080000e-01  1.974982e-01
4.110000e-01  1.968939e-01
4.140000e-01  1.962944e-01
4.170000e-01  1.956996e-01
4.200000e-01  1.951094e-01
4.230000e-01  1.945238e-01
4.260000e-01  1.939427e-01
4.290000e-01  1.933661e-01
4.320000e-01  1.927937e-01
4.350000e-01  1.922257e-01
4.380000e-01  1.916619e-01
4.410000e-01  1.911022e-01
4.440000e-01  1.905467e-01
4.470000e-01  1.899951e-01
4.500000e-01  1.894475e-01
4.530000e-01  1.889039e-01
4.560000e-01  1.883640e-01
4.590000e-01  1.878280e-01
4.620000e-01  1.872957e-01
4.650000e-01  1.867671e-01
4.680000e-01  1.862421e-01
4.710000e-01  1.857207e-01
4.740000e-01  1.852027e-01
4.770000e-01  1.846883e-01
4.800000e-01  1.841773e-01
4.830000e-01  1.836697e-01
4.860000e-01  1.831653e-01
4.890000e-01  1.826643e-01
4.920000e-01  1.821665e-01
4.950000e-01  1.816718e-01
4.980000e-01  1.811803e-01
5.010000e-01  1.806919e-01
5.040000e-01  1.802066e-01
5.070000e-01  1.797243e-01
5.100000e-01  1.792449e-01
5.130000e-01  1.787685e-01
5.160000e-01  1.782949e-01
5.190000e-01  1.778243e-01
5.220000e-01  1.773564e-01
5.250000e-01  1.768913e-01
5.280000e-01  1.764290e-01
5.310000e-01  1.759693e-01
5.340000e-01  1.755123e-01
5.370000e-01  1.750580e-01
5.400000e-01  1.746062e-01
5.430000e-01  1.741571e-01
5.460000e-01  1.737104e-01
5.490000e-01  1.732663e-01
5.520000e-01  1.728246e-01
5.550000e-01  1.723853e-01
5.580000e-01  1.719485e-01
5.610000e-01  1.715140e-01
5.640000e-01  1.710819e-01
5.670000e-01  1.706521e-01
5.700000e-01  1.702246e-01
5.730000e-01  1.697993e-01
5.760000e-01  1.693763e-01
5.790000e-01  1.689555e-01
5.820000e-01  1.685368e-01
5.850000e-01  1.681203e-01
5.880000e-01  1.677060e-01
5.910000e-01  1.672937e-01
5.940000e-01  1.668835e-01
5.970000e-01  1.664753e-01
6.000000e-01  1.660692e-01
6.030000e-01  1.656651e-01
6.060000e-01  1.652629e-01
6.090000e-01  1.648627e-01
6.120000e-01  1.644644e-01
6.150000e-01  1.640681e-01
6.180000e-01  1.636736e-01
6.210000e-01  1.632809e-01
6.240000e-01  1.628901e-01
6.270000e-01  1.625012e-01
6.300000e-01  1.621140e-01
6.330000e-01  1.617286e-01
6.360000e-01  1.613449e-01
6.390000e-01  1.609630e-01
6.420000e-01  1.605828e-01
6.450000e-01  1.602043e-01
6.480000e-01  1.598275e-01
6.510000e-01  1.594523e-01
6.540000e-01  1.590788e-01
6.570000e-01  1.587068e-01
6.600000e-01  1.583365e-01
6.630000e-01  1.579678e-01
6.660000e-01  1.576006e-01
6.690000e-01  1.572350e-01
6.720000e-01  1.568709e-01
6.750000e-01  1.565083e-01
6.780000e-01  1.561472e-01
6.810000e-01  1.557876e-01
6.840000e-01  1.554294e-01
6.870000e-01  1.550727e-01
6.900000e-01  1.547175e-01
6.930000e-01  1.543636e-01
6.960000e-01  1.540111e-01
6.990000e-01  1.536601e-01
7.020000e-01  1.533103e-01
7.050000e-01  1.529620e-01
7.080000e-01  1.526149e-01
7.110000e-01  1.522692e-01
7.140000e-01  1.519248e-01
7.170000e-01  1.515817e-01
7.200000e-01  1.512399e-01
7.230000e-01  1.508993e-01
7.260000e-01  1.505600e-01
7.290000e-01  1.502219e-01
7.320000e-01  1.498851e-01
7.350000e-01  1.495494e-01
7.380000e-01  1.492150e-01
7.410000e-01  1.488817e-01
7.440000e-01  1.485496e-01
7.470000e-01  1.482187e-01
7.500000e-01  1.478889e-01
7.530000e-01  1.475603e-01
7.560000e-01  1.472327e-01
7.590000e-01  1.469063e-01
7.620000e-01  1.465810e-01
7.650000e-01  1.462567e-01
7.680000e-01  1.459336e-01
7.710000e-01  1.456114e-01
7.740000e-01  1.452904e-01
7.770000e-01  1.449703e-01
7.800000e-01  1.446513e-01
7.830000e-01  1.443333e-01
7.860000e-01  1.440164e-01
7.890000e-01  1.437004e-01
7.920000e-01  1.433854e-01
7.950000e-01  1.430713e-01
7.980000e-01  1.427582e-01
8.010000e-01  1.424461e-01
8.040000e-01  1.421349e-01
8.070000e-01  1.418246e-01
8.100000e-01  1.415153e-01
8.130000e-01  1.412068e-01
8.160000e-01  1.408993e-01
8.190000e-01  1.405926e-01
8.220000e-01  1.402869e-01
8.250000e-01  1.399819e-01
8.280000e-01  1.396779e-01
8.310000e-01  1.393747e-01
8.340000e-01  1.390723e-01
8.370000e-01  1.387708e-01
8.400000e-01  1.384700e-01
8.430000e-01  1.381701e-01
8.460000e-01  1.378710e-01
8.490000e-01  1.375727e-01
8.520000e-01  1.372752e-01
8.550000e-01  1.369784e-01
8.580000e-01  1.366824e-01
8.610000e-01  1.363871e-01
8.640000e-01  1.360926e-01
8.670000e-01  1.357988e-01
8.700000e-01  1.355058e-01
8.730000e-01  1.352135e-01
8.760000e-01  1.349219e-01
8.790000e-01  1.346310e-01
8.820000e-01  1.343408e-01
8.850000e-01  1.340512e-01
8.880000e-01  1.337624e-01
8.910000e-01  1.334742e-01
8.940000e-01  1.331867e-01
8.970000e-01  1.328998e-01
9.000000e-01  1.326135e-01
9.030000e-01  1.323279e-01
9.060000e-01  1.320430e-01
9.090000e-01  1.317586e-01
9.120000e-01  1.314749e-01
9.150000e-01  1.311917e-01
9.180000e-01  1.309092e-01
9.210000e-01  1.306272e-01
9.240000e-01  1.303458e-01
9.270000e-01  1.300650e-01
9.300000e-01  1.297848e-01
9.330000e-01  1.295051e-01
9.360000e-01  1.292259e-01
9.390000e-01  1.289473e-01
9.420000e-01  1.286692e-01
9.450000e-01  1.283917e-01
9.480000e-01  1.281147e-01
9.510000e-01  1.278381e-01
9.540000e-01  1.275621e-01
9.570000e-01  1.272866e-01
9.600000e-01  1.270115e-01
9.630000e-01  1.267369e-01
9.660000e-01  1.264628e-01
9.690000e-01  1.261892e-01
9.720000e-01  1.259160e-01
9.750000e-01  1.256433e-01
9.780000e-01  1.253710e-01
9.810000e-01  1.250991e-01
9.840000e-01  1.248277e-01
9.870000e-01  1.245567e-01
9.900000e-01  1.242860e-01
9.930000e-01  1.240158e-01
9.960000e-01  1.237460e-01
9.990000e-01  1.234766e-01
