000000  000001
3.000000e-03  6.429241e-01
6.000000e-03  5.496697e-01
9.000000e-03  4.968200e-01
1.200000e-02  4.606502e-01
1.500000e-02  4.334938e-01
1.800000e-02  4.119349e-01
2.100000e-02  3.941664e-01
2.400000e-02  3.791217e-01
2.700000e-02  3.661212e-01
3.000000e-02  3.547067e-01
3.300000e-02  3.445555e-01
3.600000e-02  3.354321e-01
3.900000e-02  3.271598e-01
4.200000e-02  3.196028e-01
4.500000e-02  3.126547e-01
4.800000e-02  3.062305e-01
5.100000e-02  3.002613e-01
5.400000e-02  2.946908e-01
5.700000e-02  2.894722e-01
6.000000e-02  2.845662e-01
6.300000e-02  2.799395e-01
6.600000e-02  2.755639e-01
6.900000e-02  2.714149e-01
7.200000e-02  2.674716e-01
7.500000e-02  2.637154e-01
7.800000e-02  2.601305e-01
8.100000e-02  2.567025e-01
8.400000e-02  2.534190e-01
8.700000e-02  2.502688e-01
9.000000e-02  2.472421e-01
9.300000e-02  2.443298e-01
9.600000e-02  2.415241e-01
9.900000e-02  2.388177e-01
1.020000e-01  2.362040e-01
1.050000e-01  2.336771e-01
1.080000e-01  2.312317e-01
1.110000e-01  2.288627e-01
1.140000e-01  2.265657e-01
1.170000e-01  2.243366e-01
1.200000e-01  2.221714e-01
1.230000e-01  2.200668e-01
1.260000e-01  2.180195e-01
1.290000e-01  2.160265e-01
1.320000e-01  2.140850e-01
1.350000e-01  2.121925e-01
1.380000e-01  2.103465e-01
1.410000e-01  2.085448e-01
1.440000e-01  2.067853e-01
1.470000e-01  2.050661e-01
1.500000e-01  2.033854e-01
1.530000e-01  2.017414e-01
1.560000e-01  2.001325e-01
1.590000e-01  1.985574e-01
1.620000e-01  1.970144e-01
1.650000e-01  1.955023e-01
1.680000e-01  1.940200e-01
1.710000e-01  1.925660e-01
1.740000e-01  1.911394e-01
1.770000e-01  1.897391e-01
1.800000e-01  1.883640e-01
1.830000e-01  1.870133e-01
1.860000e-01  1.856860e-01
1.890000e-01  1.843813e-01
1.920000e-01  1.830983e-01
1.950000e-01  1.818364e-01
1.980000e-01  1.805946e-01
2.010000e-01  1.793725e-01
2.040000e-01  1.781692e-01
2.070000e-01  1.769841e-01
2.100000e-01  1.758167e-01
2.130000e-01  1.746663e-01
2.160000e-01  1.735324e-01
2.190000e-01  1.724145e-01
2.220000e-01  1.713121e-01
2.250000e-01  1.702246e-01
2.280000e-01  1.691516e-01
2.310000e-01  1.680927e-01
2.340000e-01  1.670473e-01
2.370000e-01  1.660152e-01
2.400000e-01  1.649959e-01
2.430000e-01  1.639890e-01
2.460000e-01  1.629942e-01
2.490000e-01  1.620110e-01
2.520000e-01  1.610393e-01
2.550000e-01  1.600785e-01
2.580000e-01  1.591285e-01
2.610000e-01  1.581888e-01
2.640000e-01  1.572593e-01
2.670000e-01  1.563396e-01
2.700000e-01  1.554294e-01
2.730000e-01  1.545286e-01
2.760000e-01  1.536367e-01
2.790000e-01  1.527536e-01
2.820000e-01  1.518790e-01
2.850000e-01  1.510127e-01
2.880000e-01  1.501545e-01
2.910000e-01  1.493041e-01
2.940000e-01  1.484613e-01
2.970000e-01  1.476259e-01
3.000000e-01  1.467977e-01
3.030000e-01  1.459766e-01
3.060000e-01  1.451622e-01
3.090000e-01  1.443545e-01
3.120000e-01  1.435532e-01
3.150000e-01  1.427582e-01
3.180000e-01  1.419693e-01
3.210000e-01  1.411863e-01
3.240000e-01  1.404091e-01
3.270000e-01  1.396374e-01
3.300000e-01  1.388712e-01
3.330000e-01  1.381102e-01
3.360000e-01  1.373544e-01
3.390000e-01  1.366036e-01
3.420000e-01  1.358576e-01
3.450000e-01  1.351162e-01
3.480000e-01  1.343794e-01
3.510000e-01  1.336470e-01
3.540000e-01  1.329189e-01
3.570000e-01  1.321949e-01
3.600000e-01  1.314749e-01
3.630000e-01  1.307587e-01
3.660000e-01  1.300463e-01
3.690000e-01  1.293375e-01
3.720000e-01  1.286322e-01
3.750000e-01  1.279302e-01
3.780000e-01  1.272315e-01
3.810000e-01  1.265359e-01
3.840000e-01  1.258432e-01
3.870000e-01  1.251535e-01
3.900000e-01  1.244664e-01
3.930000e-01  1.237820e-01
3.960000e-01  1.231000e-01
3.990000e-01  1.224205e-01
4.020000e-01  1.217432e-01
4.050000e-01  1.210680e-01
4.080000e-01  1.203949e-01
4.110000e-01  1.197236e-01
4.140000e-01  1.190541e-01
4.170000e-01  1.183862e-01
4.200000e-01  1.177199e-01
4.230000e-01  1.170549e-01
4.260000e-01  1.163912e-01
4.290000e-01  1.157287e-01
4.320000e-01  1.150671e-01
4.350000e-01  1.144064e-01
4.380000e-01  1.137465e-01
4.410000e-01  1.130871e-01
4.440000e-01  1.124282e-01
4.470000e-01  1.117696e-01
4.500000e-01  000000
4.530000e-01  000000
4.560000e-01  000000
4.590000e-01  000000
4.620000e-01  000000
4.650000e-01  000000
4.680000e-01  000000
4.710000e-01  000000
4.740000e-01  000000
4.770000e-01  000000
4.800000e-01  000000
4.830000e-01  000000
4.860000e-01  000000
4.890000e-01  000000
4.920000e-01  000000
4.950000e-01  000000
4.980000e-01  000000
5.010000e-01  000000
5.040000e-01  000000
5.070000e-01  000000
5.100000e-01  000000
5.130000e-01  000000
5.160000e-01  000000
5.190000e-01  000000
5.220000e-01  000000
5.250000e-01  000000
5.280000e-01  000000
5.310000e-01  000000
5.340000e-01  000000
5.370000e-01  000000
5.400000e-01  000000
5.430000e-01  000000
5.460000e-01  000000
5.490000e-01  000000
5.520000e-01  000000
5.550000e-01  000000
5.580000e-01  000000
5.610000e-01  000000
5.640000e-01  000000
5.670000e-01  000000
5.700000e-01  000000
5.730000e-01  000000
5.760000e-01  000000
5.790000e-01  000000
5.820000e-01  000000
5.850000e-01  000000
5.880000e-01  000000
5.910000e-01  000000
5.940000e-01  000000
5.970000e-01  000000
6.000000e-01  000000
6.030000e-01  000000
6.060000e-01  000000
6.090000e-01  000000
6.120000e-01  000000
6.150000e-01  000000
6.180000e-01  000000
6.210000e-01  000000
6.240000e-01  000000
6.270000e-01  000000
6.300000e-01  000000
6.330000e-01  000000
6.360000e-01  000000
6.390000e-01  000000
6.420000e-01  000000
6.450000e-01  000000
6.480000e-01  000000
6.510000e-01  000000
6.540000e-01  000000
6.570000e-01  000000
6.600000e-01  000000
6.630000e-01  000000
6.660000e-01  000000
6.690000e-01  000000
6.720000e-01  000000
6.750000e-01  000000
6.780000e-01  000000
6.810000e-01  000000
6.840000e-01  000000
6.870000e-01  000000
6.900000e-01  000000
6.930000e-01  000000
6.960000e-01  000000
6.990000e-01  000000
7.020000e-01  000000
7.050000e-01  000000
7.080000e-01  000000
7.110000e-01  000000
7.140000e-01  000000
7.170000e-01  000000
7.200000e-01  000000
7.230000e-01  000000
7.260000e-01  000000
7.290000e-01  000000
7.320000e-01  000000
7.350000e-01  000000
7.380000e-01  000000
7.410000e-01  000000
7.440000e-01  000000
7.470000e-01  000000
7.500000e-01  000000
7.530000e-01  000000
7.560000e-01  000000
7.590000e-01  000000
7.620000e-01  000000
7.650000e-01  000000
7.680000e-01  000000
7.710000e-01  000000
7.740000e-01  000000
7.770000e-01  000000
7.800000e-01  000000
7.830000e-01  000000
7.860000e-01  000000
7.890000e-01  000000
7.920000e-01  000000
7.950000e-01  000000
7.980000e-01  000000
8.010000e-01  000000
8.040000e-01  000000
8.070000e-01  000000
8.100000e-01  000000
8.130000e-01  000000
8.160000e-01  000000
8.190000e-01  000000
8.220000e-01  000000
8.250000e-01  000000
8.280000e-01  000000
8.310000e-01  000000
8.340000e-01  000000
8.370000e-01  000000
8.400000e-01  000000
8.430000e-01  000000
8.460000e-01  000000
8.490000e-01  000000
8.520000e-01  000000
8.550000e-01  000000
8.580000e-01  000000
8.610000e-01  000000
8.640000e-01  000000
8.670000e-01  000000
8.700000e-01  000000
8.730000e-01  000000
8.760000e-01  000000
8.790000e-01  000000
8.820000e-01  000000
8.850000e-01  000000
8.880000e-01  000000
8.910000e-01  000000
8.940000e-01  000000
8.970000e-01  000000
9.000000e-01  000000
9.030000e-01  000000
9.060000e-01  000000
9.090000e-01  000000
9.120000e-01  000000
9.150000e-01  000000
9.180000e-01  000000
9.210000e-01  000000
9.240000e-01  000000
9.270000e-01  000000
9.300000e-01  000000
9.330000e-01  000000
9.360000e-01  000000
9.390000e-01  000000
9.420000e-01  000000
9.450000e-01  000000
9.480000e-01  000000
9.510000e-01  000000
9.540000e-01  000000
9.570000e-01  000000
9.600000e-01  000000
9.630000e-01  000000
9.660000e-01  000000
9.690000e-01  000000
9.720000e-01  000000
9.750000e-01  000000
9.780000e-01  000000
9.810000e-01  000000
9.840000e-01  000000
9.870000e-01  000000
9.900000e-01  000000
9.930000e-01  000000
9.960000e-01  000000
9.990000e-01  000000
