000000  000001
3.000000e-03  8.383946e-01
6.000000e-03  7.594164e-01
9.000000e-03  7.075799e-01
1.200000e-02  6.693488e-01
1.500000e-02  6.392706e-01
1.800000e-02  6.146052e-01
2.100000e-02  5.937839e-01
2.400000e-02  5.758265e-01
2.700000e-02  5.600804e-01
3.000000e-02  5.460903e-01
3.300000e-02  5.335261e-01
3.600000e-02  5.221414e-01
3.900000e-02  5.117473e-01
4.200000e-02  5.021960e-01
4.500000e-02  4.933701e-01
4.800000e-02  4.851743e-01
5.100000e-02  4.775307e-01
5.400000e-02  4.703748e-01
5.700000e-02  4.636522e-01
6.000000e-02  4.573173e-01
6.300000e-02  4.513308e-01
6.600000e-02  4.456593e-01
6.900000e-02  4.402735e-01
7.200000e-02  4.351482e-01
7.500000e-02  4.302613e-01
7.800000e-02  4.255930e-01
8.100000e-02  4.211262e-01
8.400000e-02  4.168454e-01
8.700000e-02  4.127370e-01
9.000000e-02  4.087886e-01
9.300000e-02  4.049892e-01
9.600000e-02  4.013288e-01
9.900000e-02  3.977983e-01
1.020000e-01  3.943895e-01
1.050000e-01  3.910950e-01
1.080000e-01  3.879079e-01
1.110000e-01  3.848220e-01
1.140000e-01  3.818314e-01
1.170000e-01  3.789311e-01
1.200000e-01  3.761160e-01
1.230000e-01  3.733817e-01
1.260000e-01  3.707240e-01
1.290000e-01  3.681391e-01
1.320000e-01  3.656235e-01
1.350000e-01  3.631737e-01
1.380000e-01  3.607866e-01
1.410000e-01  3.584595e-01
1.440000e-01  3.561895e-01
1.470000e-01  3.539742e-01
1.500000e-01  3.518112e-01
1.530000e-01  3.496982e-01
1.560000e-01  3.476332e-01
1.590000e-01  3.456142e-01
1.620000e-01  3.436393e-01
1.650000e-01  3.417068e-01
1.680000e-01  3.398151e-01
1.710000e-01  3.379626e-01
1.740000e-01  3.361478e-01
1.770000e-01  3.343693e-01
1.800000e-01  3.326259e-01
1.830000e-01  3.309162e-01
1.860000e-01  3.292391e-01
1.890000e-01  3.275935e-01
1.920000e-01  3.259782e-01
1.950000e-01  3.243923e-01
1.980000e-01  3.228348e-01
2.010000e-01  3.213048e-01
2.040000e-01  3.198013e-01
2.070000e-01  3.183236e-01
2.100000e-01  3.168709e-01
2.130000e-01  3.154423e-01
2.160000e-01  3.140371e-01
2.190000e-01  3.126547e-01
2.220000e-01  3.112944e-01
2.250000e-01  3.099554e-01
2.280000e-01  3.086373e-01
2.310000e-01  3.073394e-01
2.340000e-01  3.060611e-01
2.370000e-01  3.048020e-01
2.400000e-01  3.035614e-01
2.430000e-01  3.023389e-01
2.460000e-01  3.011340e-01
2.490000e-01  2.999462e-01
2.520000e-01  2.987751e-01
2.550000e-01  2.976203e-01
2.580000e-01  2.964813e-01
2.610000e-01  2.953577e-01
2.640000e-01  2.942492e-01
2.670000e-01  2.931554e-01
2.700000e-01  2.920759e-01
2.730000e-01  2.910104e-01
2.760000e-01  2.899585e-01
2.790000e-01  2.889200e-01
2.820000e-01  2.878944e-01
2.850000e-01  2.868816e-01
2.880000e-01  2.858812e-01
2.910000e-01  2.848929e-01
2.940000e-01  2.839165e-01
2.970000e-01  2.829518e-01
3.000000e-01  2.819983e-01
3.030000e-01  2.810560e-01
3.060000e-01  2.801245e-01
3.090000e-01  2.792037e-01
3.120000e-01  2.782932e-01
3.150000e-01  2.773930e-01
3.180000e-01  2.765027e-01
3.210000e-01  2.756222e-01
3.240000e-01  2.747513e-01
3.270000e-01  2.738898e-01
3.300000e-01  2.730374e-01
3.330000e-01  2.721941e-01
3.360000e-01  2.713596e-01
3.390000e-01  2.705337e-01
3.420000e-01  2.697164e-01
3.450000e-01  2.689073e-01
3.480000e-01  2.681065e-01
3.510000e-01  2.673136e-01
3.540000e-01  2.665287e-01
3.570000e-01  2.657514e-01
3.600000e-01  2.649817e-01
3.630000e-01  2.642195e-01
3.660000e-01  2.634646e-01
3.690000e-01  2.627169e-01
3.720000e-01  2.619762e-01
3.750000e-01  2.612424e-01
3.780000e-01  2.605154e-01
3.810000e-01  2.597952e-01
3.840000e-01  2.590815e-01
3.870000e-01  2.583742e-01
3.900000e-01  2.576733e-01
3.930000e-01  2.569786e-01
3.960000e-01  2.562901e-01
3.990000e-01  2.556076e-01
4.020000e-01  2.549311e-01
4.050000e-01  2.542603e-01
4.080000e-01  2.535954e-01
4.110000e-01  2.529360e-01
4.140000e-01  2.522823e-01
4.170000e-01  2.516340e-01
4.200000e-01  2.509911e-01
4.230000e-01  2.503535e-01
4.260000e-01  2.497211e-01
4.290000e-01  2.490938e-01
4.320000e-01  2.484716e-01
4.350000e-01  2.478544e-01
4.380000e-01  2.472421e-01
4.410000e-01  2.466346e-01
4.440000e-01  2.460319e-01
4.470000e-01  2.454339e-01
4.500000e-01  2.448405e-01
4.530000e-01  2.442516e-01
4.560000e-01  2.436672e-01
4.590000e-01  2.430873e-01
4.620000e-01  2.425117e-01
4.650000e-01  2.419404e-01
4.680000e-01  2.413733e-01
4.710000e-01  2.408104e-01
4.740000e-01  2.402516e-01
4.770000e-01  2.396969e-01
4.800000e-01  2.391462e-01
4.830000e-01  2.385994e-01
4.860000e-01  2.380566e-01
4.890000e-01  2.375175e-01
4.920000e-01  2.369823e-01
4.950000e-01  2.364508e-01
4.980000e-01  2.359229e-01
5.010000e-01  2.353987e-01
5.040000e-01  2.348781e-01
5.070000e-01  2.343611e-01
5.100000e-01  2.338475e-01
5.130000e-01  2.333374e-01
5.160000e-01  2.328307e-01
5.190000e-01  2.323274e-01
5.220000e-01  2.318273e-01
5.250000e-01  2.313306e-01
5.280000e-01  2.308371e-01
5.310000e-01  2.303468e-01
5.340000e-01  2.298596e-01
5.370000e-01  2.293756e-01
5.400000e-01  2.288946e-01
5.430000e-01  2.284167e-01
5.460000e-01  2.279418e-01
5.490000e-01  2.274699e-01
5.520000e-01  2.270008e-01
5.550000e-01  2.265347e-01
5.580000e-01  2.260715e-01
5.610000e-01  2.256110e-01
5.640000e-01  2.251534e-01
5.670000e-01  2.246985e-01
5.700000e-01  2.242463e-01
5.730000e-01  2.237969e-01
5.760000e-01  2.233501e-01
5.790000e-01  2.229059e-01
5.820000e-01  2.224644e-01
5.850000e-01  2.220254e-01
5.880000e-01  2.215889e-01
5.910000e-01  2.211550e-01
5.940000e-01  2.207236e-01
5.970000e-01  2.202946e-01
6.000000e-01  2.198681e-01
6.030000e-01  2.194440e-01
6.060000e-01  2.190222e-01
6.090000e-01  2.186028e-01
6.120000e-01  2.181857e-01
6.150000e-01  2.177709e-01
6.180000e-01  2.173585e-01
6.210000e-01  2.169482e-01
6.240000e-01  2.165402e-01
6.270000e-01  2.161344e-01
6.300000e-01  2.157307e-01
6.330000e-01  2.153293e-01
6.360000e-01  2.149299e-01
6.390000e-01  2.145327e-01
6.420000e-01  2.141376e-01
6.450000e-01  2.137445e-01
6.480000e-01  2.133535e-01
6.510000e-01  2.129645e-01
6.540000e-01  2.125775e-01
6.570000e-01  2.121925e-01
6.600000e-01  2.118094e-01
6.630000e-01  2.114283e-01
6.660000e-01  2.110492e-01
6.690000e-01  2.106719e-01
6.720000e-01  2.102965e-01
6.750000e-01  2.099230e-01
6.780000e-01  2.095514e-01
6.810000e-01  2.091815e-01
6.840000e-01  2.088135e-01
6.870000e-01  2.084473e-01
6.900000e-01  2.080828e-01
6.930000e-01  2.077201e-01
6.960000e-01  2.073592e-01
6.990000e-01  2.070000e-01
7.020000e-01  2.066425e-01
7.050000e-01  2.062867e-01
7.080000e-01  2.059325e-01
7.110000e-01  2.055801e-01
7.140000e-01  2.052293e-01
7.170000e-01  2.048801e-01
7.200000e-01  2.045325e-01
7.230000e-01  2.041865e-01
7.260000e-01  2.038421e-01
7.290000e-01  2.034993e-01
7.320000e-01  2.031580e-01
7.350000e-01  2.028183e-01
7.380000e-01  2.024801e-01
7.410000e-01  2.021434e-01
7.440000e-01  2.018082e-01
7.470000e-01  2.014745e-01
7.500000e-01  2.011423e-01
7.530000e-01  2.008115e-01
7.560000e-01  2.004822e-01
7.590000e-01  2.001544e-01
7.620000e-01  1.998279e-01
7.650000e-01  1.995028e-01
7.680000e-01  1.991792e-01
7.710000e-01  1.988569e-01
7.740000e-01  1.985360e-01
7.770000e-01  1.982165e-01
7.800000e-01  1.978983e-01
7.830000e-01  1.975814e-01
7.860000e-01  1.972659e-01
7.890000e-01  1.969517e-01
7.920000e-01  1.966388e-01
7.950000e-01  1.963271e-01
7.980000e-01  1.960168e-01
8.010000e-01  1.957077e-01
8.040000e-01  1.953999e-01
8.070000e-01  1.950933e-01
8.100000e-01  1.947880e-01
8.130000e-01  1.944839e-01
8.160000e-01  1.941810e-01
8.190000e-01  1.938793e-01
8.220000e-01  1.935788e-01
8.250000e-01  1.932795e-01
8.280000e-01  1.929814e-01
8.310000e-01  1.926845e-01
8.340000e-01  1.923887e-01
8.370000e-01  1.920940e-01
8.400000e-01  1.918005e-01
8.430000e-01  1.915081e-01
8.460000e-01  1.912169e-01
8.490000e-01  1.909267e-01
8.520000e-01  1.906377e-01
8.550000e-01  1.903498e-01
8.580000e-01  1.900629e-01
8.610000e-01  1.897771e-01
8.640000e-01  1.894924e-01
8.670000e-01  1.892087e-01
8.700000e-01  1.889261e-01
8.730000e-01  1.886446e-01
8.760000e-01  1.883640e-01
8.790000e-01  1.880845e-01
8.820000e-01  1.878060e-01
8.850000e-01  1.875286e-01
8.880000e-01  1.872521e-01
8.910000e-01  1.869766e-01
8.940000e-01  1.867022e-01
8.970000e-01  1.864287e-01
9.000000e-01  1.861561e-01
9.030000e-01  1.858846e-01
9.060000e-01  1.856140e-01
9.090000e-01  1.853443e-01
9.120000e-01  1.850756e-01
9.150000e-01  1.848078e-01
9.180000e-01  1.845410e-01
9.210000e-01  1.842750e-01
9.240000e-01  1.840100e-01
9.270000e-01  1.837459e-01
9.300000e-01  1.834827e-01
9.330000e-01  1.832204e-01
9.360000e-01  1.829590e-01
9.390000e-01  1.826985e-01
9.420000e-01  1.824389e-01
9.450000e-01  1.821801e-01
9.480000e-01  1.819221e-01
9.510000e-01  1.816651e-01
9.540000e-01  1.814089e-01
9.570000e-01  1.811535e-01
9.600000e-01  1.808990e-01
9.630000e-01  1.806453e-01
9.660000e-01  1.803924e-01
9.690000e-01  1.801404e-01
9.720000e-01  1.798891e-01
9.750000e-01  1.796387e-01
9.780000e-01  1.793891e-01
9.810000e-01  1.791403e-01
9.840000e-01  1.788922e-01
9.870000e-01  1.786450e-01
9.900000e-01  1.783985e-01
9.930000e-01  1.781528e-01
9.960000e-01  1.779079e-01
9.990000e-01  1.776637e-01
