000000  000001
3.000000e-03  8.506594e-01
6.000000e-03  7.743767e-01
9.000000e-03  7.235292e-01
1.200000e-02  6.857085e-01
1.500000e-02  6.557891e-01
1.800000e-02  6.311576e-01
2.100000e-02  6.103033e-01
2.400000e-02  5.922753e-01
2.700000e-02  5.764375e-01
3.000000e-02  5.623437e-01
3.300000e-02  5.496697e-01
3.600000e-02  5.381723e-01
3.900000e-02  5.276648e-01
4.200000e-02  5.180011e-01
4.500000e-02  5.090642e-01
4.800000e-02  5.007598e-01
5.100000e-02  4.930102e-01
5.400000e-02  4.857509e-01
5.700000e-02  4.789278e-01
6.000000e-02  4.724952e-01
6.300000e-02  4.664139e-01
6.600000e-02  4.606502e-01
6.900000e-02  4.551751e-01
7.200000e-02  4.499630e-01
7.500000e-02  4.449918e-01
7.800000e-02  4.402417e-01
8.100000e-02  4.356954e-01
8.400000e-02  4.313374e-01
8.700000e-02  4.271540e-01
9.000000e-02  4.231326e-01
9.300000e-02  4.192622e-01
9.600000e-02  4.155327e-01
9.900000e-02  4.119349e-01
1.020000e-01  4.084606e-01
1.050000e-01  4.051023e-01
1.080000e-01  4.018530e-01
1.110000e-01  3.987063e-01
1.140000e-01  3.956566e-01
1.170000e-01  3.926985e-01
1.200000e-01  3.898270e-01
1.230000e-01  3.870377e-01
1.260000e-01  3.843262e-01
1.290000e-01  3.816888e-01
1.320000e-01  3.791217e-01
1.350000e-01  3.766217e-01
1.380000e-01  3.741855e-01
1.410000e-01  3.718103e-01
1.440000e-01  3.694932e-01
1.470000e-01  3.672318e-01
1.500000e-01  3.650236e-01
1.530000e-01  3.628664e-01
1.560000e-01  3.607581e-01
1.590000e-01  3.586966e-01
1.620000e-01  3.566801e-01
1.650000e-01  3.547067e-01
1.680000e-01  3.527750e-01
1.710000e-01  3.508831e-01
1.740000e-01  3.490298e-01
1.770000e-01  3.472134e-01
1.800000e-01  3.454328e-01
1.830000e-01  3.436866e-01
1.860000e-01  3.419737e-01
1.890000e-01  3.402928e-01
1.920000e-01  3.386430e-01
1.950000e-01  3.370231e-01
1.980000e-01  3.354321e-01
2.010000e-01  3.338692e-01
2.040000e-01  3.323334e-01
2.070000e-01  3.308239e-01
2.100000e-01  3.293399e-01
2.130000e-01  3.278805e-01
2.160000e-01  3.264451e-01
2.190000e-01  3.250328e-01
2.220000e-01  3.236431e-01
2.250000e-01  3.222753e-01
2.280000e-01  3.209288e-01
2.310000e-01  3.196028e-01
2.340000e-01  3.182970e-01
2.370000e-01  3.170107e-01
2.400000e-01  3.157433e-01
2.430000e-01  3.144945e-01
2.460000e-01  3.132636e-01
2.490000e-01  3.120502e-01
2.520000e-01  3.108539e-01
2.550000e-01  3.096741e-01
2.580000e-01  3.085106e-01
2.610000e-01  3.073628e-01
2.640000e-01  3.062305e-01
2.670000e-01  3.051131e-01
2.700000e-01  3.040104e-01
2.730000e-01  3.029220e-01
2.760000e-01  3.018475e-01
2.790000e-01  3.007867e-01
2.820000e-01  2.997392e-01
2.850000e-01  2.987047e-01
2.880000e-01  2.976829e-01
2.910000e-01  2.966735e-01
2.940000e-01  2.956762e-01
2.970000e-01  2.946908e-01
3.000000e-01  2.937171e-01
3.030000e-01  2.927547e-01
3.060000e-01  2.918033e-01
3.090000e-01  2.908629e-01
3.120000e-01  2.899332e-01
3.150000e-01  2.890138e-01
3.180000e-01  2.881047e-01
3.210000e-01  2.872056e-01
3.240000e-01  2.863162e-01
3.270000e-01  2.854365e-01
3.300000e-01  2.845662e-01
3.330000e-01  2.837051e-01
3.360000e-01  2.828530e-01
3.390000e-01  2.820098e-01
3.420000e-01  2.811753e-01
3.450000e-01  2.803493e-01
3.480000e-01  2.795317e-01
3.510000e-01  2.787223e-01
3.540000e-01  2.779210e-01
3.570000e-01  2.771276e-01
3.600000e-01  2.763419e-01
3.630000e-01  2.755639e-01
3.660000e-01  2.747933e-01
3.690000e-01  2.740301e-01
3.720000e-01  2.732741e-01
3.750000e-01  2.725252e-01
3.780000e-01  2.717833e-01
3.810000e-01  2.710482e-01
3.840000e-01  2.703199e-01
3.870000e-01  2.695982e-01
3.900000e-01  2.688829e-01
3.930000e-01  2.681741e-01
3.960000e-01  2.674716e-01
3.990000e-01  2.667752e-01
4.020000e-01  2.660849e-01
4.050000e-01  2.654006e-01
4.080000e-01  2.647222e-01
4.110000e-01  2.640496e-01
4.140000e-01  2.633827e-01
4.170000e-01  2.627214e-01
4.200000e-01  2.620656e-01
4.230000e-01  2.614152e-01
4.260000e-01  2.607702e-01
4.290000e-01  2.601305e-01
4.320000e-01  2.594959e-01
4.350000e-01  2.588665e-01
4.380000e-01  2.582420e-01
4.410000e-01  2.576226e-01
4.440000e-01  2.570080e-01
4.470000e-01  2.563982e-01
4.500000e-01  2.557931e-01
4.530000e-01  2.551928e-01
4.560000e-01  2.545970e-01
4.590000e-01  2.540058e-01
4.620000e-01  2.534190e-01
4.650000e-01  2.528366e-01
4.680000e-01  2.522586e-01
4.710000e-01  2.516849e-01
4.740000e-01  2.511153e-01
4.770000e-01  2.505500e-01
4.800000e-01  2.499887e-01
4.830000e-01  2.494315e-01
4.860000e-01  2.488783e-01
4.890000e-01  2.483290e-01
4.920000e-01  2.477836e-01
4.950000e-01  2.472421e-01
4.980000e-01  2.467043e-01
5.010000e-01  2.461703e-01
5.040000e-01  2.456399e-01
5.070000e-01  2.451132e-01
5.100000e-01  2.445901e-01
5.130000e-01  2.440705e-01
5.160000e-01  2.435544e-01
5.190000e-01  2.430418e-01
5.220000e-01  2.425325e-01
5.250000e-01  2.420267e-01
5.280000e-01  2.415241e-01
5.310000e-01  2.410248e-01
5.340000e-01  2.405288e-01
5.370000e-01  2.400360e-01
5.400000e-01  2.395463e-01
5.430000e-01  2.390598e-01
5.460000e-01  2.385763e-01
5.490000e-01  2.380959e-01
5.520000e-01  2.376185e-01
5.550000e-01  2.371441e-01
5.580000e-01  2.366726e-01
5.610000e-01  2.362040e-01
5.640000e-01  2.357383e-01
5.670000e-01  2.352754e-01
5.700000e-01  2.348153e-01
5.730000e-01  2.343580e-01
5.760000e-01  2.339034e-01
5.790000e-01  2.334515e-01
5.820000e-01  2.330023e-01
5.850000e-01  2.325557e-01
5.880000e-01  2.321118e-01
5.910000e-01  2.316704e-01
5.940000e-01  2.312317e-01
5.970000e-01  2.307954e-01
6.000000e-01  2.303616e-01
6.030000e-01  2.299303e-01
6.060000e-01  2.295014e-01
6.090000e-01  2.290750e-01
6.120000e-01  2.286510e-01
6.150000e-01  2.282293e-01
6.180000e-01  2.278099e-01
6.210000e-01  2.273929e-01
6.240000e-01  2.269782e-01
6.270000e-01  2.265657e-01
6.300000e-01  2.261555e-01
6.330000e-01  2.257475e-01
6.360000e-01  2.253416e-01
6.390000e-01  2.249380e-01
6.420000e-01  2.245365e-01
6.450000e-01  2.241371e-01
6.480000e-01  2.237399e-01
6.510000e-01  2.233447e-01
6.540000e-01  2.229516e-01
6.570000e-01  2.225605e-01
6.600000e-01  2.221714e-01
6.630000e-01  2.217844e-01
6.660000e-01  2.213993e-01
6.690000e-01  2.210162e-01
6.720000e-01  2.206350e-01
6.750000e-01  2.202558e-01
6.780000e-01  2.198784e-01
6.810000e-01  2.195029e-01
6.840000e-01  2.191293e-01
6.870000e-01  2.187576e-01
6.900000e-01  2.183876e-01
6.930000e-01  2.180195e-01
6.960000e-01  2.176532e-01
6.990000e-01  2.172887e-01
7.020000e-01  2.169259e-01
7.050000e-01  2.165649e-01
7.080000e-01  2.162055e-01
7.110000e-01  2.158479e-01
7.140000e-01  2.154920e-01
7.170000e-01  2.151378e-01
7.200000e-01  2.147852e-01
7.230000e-01  2.144343e-01
7.260000e-01  2.140850e-01
7.290000e-01  2.137374e-01
7.320000e-01  2.133913e-01
7.350000e-01  2.130468e-01
7.380000e-01  2.127039e-01
7.410000e-01  2.123626e-01
7.440000e-01  2.120228e-01
7.470000e-01  2.116845e-01
7.500000e-01  2.113477e-01
7.530000e-01  2.110125e-01
7.560000e-01  2.106787e-01
7.590000e-01  2.103465e-01
7.620000e-01  2.100156e-01
7.650000e-01  2.096863e-01
7.680000e-01  2.093584e-01
7.710000e-01  2.090319e-01
7.740000e-01  2.087068e-01
7.770000e-01  2.083831e-01
7.800000e-01  2.080608e-01
7.830000e-01  2.077399e-01
7.860000e-01  2.074203e-01
7.890000e-01  2.071021e-01
7.920000e-01  2.067853e-01
7.950000e-01  2.064698e-01
7.980000e-01  2.061556e-01
8.010000e-01  2.058427e-01
8.040000e-01  2.055311e-01
8.070000e-01  2.052208e-01
8.100000e-01  2.049117e-01
8.130000e-01  2.046040e-01
8.160000e-01  2.042974e-01
8.190000e-01  2.039922e-01
8.220000e-01  2.036882e-01
8.250000e-01  2.033854e-01
8.280000e-01  2.030838e-01
8.310000e-01  2.027834e-01
8.340000e-01  2.024842e-01
8.370000e-01  2.021862e-01
8.400000e-01  2.018893e-01
8.430000e-01  2.015937e-01
8.460000e-01  2.012992e-01
8.490000e-01  2.010058e-01
8.520000e-01  2.007136e-01
8.550000e-01  2.004225e-01
8.580000e-01  2.001325e-01
8.610000e-01  1.998437e-01
8.640000e-01  1.995559e-01
8.670000e-01  1.992693e-01
8.700000e-01  1.989837e-01
8.730000e-01  1.986992e-01
8.760000e-01  1.984158e-01
8.790000e-01  1.981334e-01
8.820000e-01  1.978521e-01
8.850000e-01  1.975718e-01
8.880000e-01  1.972926e-01
8.910000e-01  1.970144e-01
8.940000e-01  1.967372e-01
8.970000e-01  1.964611e-01
9.000000e-01  1.961859e-01
9.030000e-01  1.959117e-01
9.060000e-01  1.956386e-01
9.090000e-01  1.953664e-01
9.120000e-01  1.950952e-01
9.150000e-01  1.948249e-01
9.180000e-01  1.945557e-01
9.210000e-01  1.942873e-01
9.240000e-01  1.940200e-01
9.270000e-01  1.937535e-01
9.300000e-01  1.934880e-01
9.330000e-01  1.932234e-01
9.360000e-01  1.929598e-01
9.390000e-01  1.926970e-01
9.420000e-01  1.924352e-01
9.450000e-01  1.921743e-01
9.480000e-01  1.919142e-01
9.510000e-01  1.916551e-01
9.540000e-01  1.913968e-01
9.570000e-01  1.911394e-01
9.600000e-01  1.908829e-01
9.630000e-01  1.906272e-01
9.660000e-01  1.903724e-01
9.690000e-01  1.901184e-01
9.720000e-01  1.898653e-01
9.750000e-01  1.896130e-01
9.780000e-01  1.893616e-01
9.810000e-01  1.891110e-01
9.840000e-01  1.888612e-01
9.870000e-01  1.886122e-01
9.900000e-01  1.883640e-01
9.930000e-01  1.881167e-01
9.960000e-01  1.878701e-01
9.990000e-01  1.876243e-01
