000000  000001
3.000000e-03  8.457449e-01
6.000000e-03  7.683439e-01
9.000000e-03  7.170772e-01
1.200000e-02  6.790776e-01
1.500000e-02  6.490848e-01
1.800000e-02  6.244329e-01
2.100000e-02  6.035868e-01
2.400000e-02  5.855833e-01
2.700000e-02  5.697794e-01
3.000000e-02  5.557250e-01
3.300000e-02  5.430934e-01
3.600000e-02  5.316398e-01
3.900000e-02  5.211768e-01
4.200000e-02  5.115573e-01
4.500000e-02  5.026643e-01
4.800000e-02  4.944030e-01
5.100000e-02  4.866955e-01
5.400000e-02  4.794774e-01
5.700000e-02  4.726944e-01
6.000000e-02  4.663008e-01
6.300000e-02  4.602575e-01
6.600000e-02  4.545308e-01
6.900000e-02  4.490915e-01
7.200000e-02  4.439143e-01
7.500000e-02  4.389770e-01
7.800000e-02  4.342598e-01
8.100000e-02  4.297455e-01
8.400000e-02  4.254187e-01
8.700000e-02  4.212655e-01
9.000000e-02  4.172736e-01
9.300000e-02  4.134318e-01
9.600000e-02  4.097302e-01
9.900000e-02  4.061597e-01
1.020000e-01  4.027119e-01
1.050000e-01  3.993794e-01
1.080000e-01  3.961552e-01
1.110000e-01  3.930332e-01
1.140000e-01  3.900074e-01
1.170000e-01  3.870727e-01
1.200000e-01  3.842241e-01
1.230000e-01  3.814571e-01
1.260000e-01  3.787674e-01
1.290000e-01  3.761513e-01
1.320000e-01  3.736051e-01
1.350000e-01  3.711255e-01
1.380000e-01  3.687093e-01
1.410000e-01  3.663536e-01
1.440000e-01  3.640557e-01
1.470000e-01  3.618130e-01
1.500000e-01  3.596232e-01
1.530000e-01  3.574839e-01
1.560000e-01  3.553932e-01
1.590000e-01  3.533490e-01
1.620000e-01  3.513494e-01
1.650000e-01  3.493927e-01
1.680000e-01  3.474773e-01
1.710000e-01  3.456014e-01
1.740000e-01  3.437638e-01
1.770000e-01  3.419629e-01
1.800000e-01  3.401974e-01
1.830000e-01  3.384661e-01
1.860000e-01  3.367678e-01
1.890000e-01  3.351013e-01
1.920000e-01  3.334656e-01
1.950000e-01  3.318595e-01
1.980000e-01  3.302822e-01
2.010000e-01  3.287327e-01
2.040000e-01  3.272101e-01
2.070000e-01  3.257136e-01
2.100000e-01  3.242423e-01
2.130000e-01  3.227955e-01
2.160000e-01  3.213725e-01
2.190000e-01  3.199724e-01
2.220000e-01  3.185947e-01
2.250000e-01  3.172387e-01
2.280000e-01  3.159037e-01
2.310000e-01  3.145893e-01
2.340000e-01  3.132947e-01
2.370000e-01  3.120195e-01
2.400000e-01  3.107631e-01
2.430000e-01  3.095250e-01
2.460000e-01  3.083047e-01
2.490000e-01  3.071018e-01
2.520000e-01  3.059158e-01
2.550000e-01  3.047463e-01
2.580000e-01  3.035928e-01
2.610000e-01  3.024549e-01
2.640000e-01  3.013323e-01
2.670000e-01  3.002246e-01
2.700000e-01  2.991314e-01
2.730000e-01  2.980524e-01
2.760000e-01  2.969872e-01
2.790000e-01  2.959355e-01
2.820000e-01  2.948970e-01
2.850000e-01  2.938714e-01
2.880000e-01  2.928583e-01
2.910000e-01  2.918576e-01
2.940000e-01  2.908689e-01
2.970000e-01  2.898919e-01
3.000000e-01  2.889265e-01
3.030000e-01  2.879724e-01
3.060000e-01  2.870292e-01
3.090000e-01  2.860968e-01
3.120000e-01  2.851750e-01
3.150000e-01  2.842635e-01
3.180000e-01  2.833621e-01
3.210000e-01  2.824706e-01
3.240000e-01  2.815888e-01
3.270000e-01  2.807166e-01
3.300000e-01  2.798536e-01
3.330000e-01  2.789998e-01
3.360000e-01  2.781550e-01
3.390000e-01  2.773189e-01
3.420000e-01  2.764914e-01
3.450000e-01  2.756725e-01
3.480000e-01  2.748617e-01
3.510000e-01  2.740592e-01
3.540000e-01  2.732645e-01
3.570000e-01  2.724778e-01
3.600000e-01  2.716987e-01
3.630000e-01  2.709272e-01
3.660000e-01  2.701630e-01
3.690000e-01  2.694062e-01
3.720000e-01  2.686565e-01
3.750000e-01  2.679138e-01
3.780000e-01  2.671781e-01
3.810000e-01  2.664491e-01
3.840000e-01  2.657268e-01
3.870000e-01  2.650110e-01
3.900000e-01  2.643017e-01
3.930000e-01  2.635987e-01
3.960000e-01  2.629019e-01
3.990000e-01  2.622113e-01
4.020000e-01  2.615267e-01
4.050000e-01  2.608480e-01
4.080000e-01  2.601751e-01
4.110000e-01  2.595080e-01
4.140000e-01  2.588465e-01
4.170000e-01  2.581905e-01
4.200000e-01  2.575401e-01
4.230000e-01  2.568950e-01
4.260000e-01  2.562552e-01
4.290000e-01  2.556206e-01
4.320000e-01  2.549911e-01
4.350000e-01  2.543668e-01
4.380000e-01  2.537473e-01
4.410000e-01  2.531328e-01
4.440000e-01  2.525231e-01
4.470000e-01  2.519182e-01
4.500000e-01  2.513180e-01
4.530000e-01  2.507224e-01
4.560000e-01  2.501313e-01
4.590000e-01  2.495448e-01
4.620000e-01  2.489626e-01
4.650000e-01  2.483848e-01
4.680000e-01  2.478113e-01
4.710000e-01  2.472421e-01
4.740000e-01  2.466770e-01
4.770000e-01  2.461161e-01
4.800000e-01  2.455592e-01
4.830000e-01  2.450063e-01
4.860000e-01  2.444574e-01
4.890000e-01  2.439123e-01
4.920000e-01  2.433712e-01
4.950000e-01  2.428338e-01
4.980000e-01  2.423001e-01
5.010000e-01  2.417702e-01
5.040000e-01  2.412439e-01
5.070000e-01  2.407212e-01
5.100000e-01  2.402020e-01
5.130000e-01  2.396863e-01
5.160000e-01  2.391742e-01
5.190000e-01  2.386654e-01
5.220000e-01  2.381600e-01
5.250000e-01  2.376579e-01
5.280000e-01  2.371591e-01
5.310000e-01  2.366636e-01
5.340000e-01  2.361713e-01
5.370000e-01  2.356821e-01
5.400000e-01  2.351960e-01
5.430000e-01  2.347131e-01
5.460000e-01  2.342332e-01
5.490000e-01  2.337563e-01
5.520000e-01  2.332824e-01
5.550000e-01  2.328114e-01
5.580000e-01  2.323434e-01
5.610000e-01  2.318782e-01
5.640000e-01  2.314158e-01
5.670000e-01  2.309563e-01
5.700000e-01  2.304995e-01
5.730000e-01  2.300454e-01
5.760000e-01  2.295941e-01
5.790000e-01  2.291455e-01
5.820000e-01  2.286994e-01
5.850000e-01  2.282561e-01
5.880000e-01  2.278153e-01
5.910000e-01  2.273770e-01
5.940000e-01  2.269413e-01
5.970000e-01  2.265081e-01
6.000000e-01  2.260773e-01
6.030000e-01  2.256490e-01
6.060000e-01  2.252231e-01
6.090000e-01  2.247996e-01
6.120000e-01  2.243785e-01
6.150000e-01  2.239597e-01
6.180000e-01  2.235433e-01
6.210000e-01  2.231291e-01
6.240000e-01  2.227172e-01
6.270000e-01  2.223075e-01
6.300000e-01  2.219000e-01
6.330000e-01  2.214948e-01
6.360000e-01  2.210917e-01
6.390000e-01  2.206907e-01
6.420000e-01  2.202919e-01
6.450000e-01  2.198952e-01
6.480000e-01  2.195005e-01
6.510000e-01  2.191080e-01
6.540000e-01  2.187174e-01
6.570000e-01  2.183289e-01
6.600000e-01  2.179424e-01
6.630000e-01  2.175578e-01
6.660000e-01  2.171753e-01
6.690000e-01  2.167946e-01
6.720000e-01  2.164159e-01
6.750000e-01  2.160391e-01
6.780000e-01  2.156641e-01
6.810000e-01  2.152910e-01
6.840000e-01  2.149198e-01
6.870000e-01  2.145504e-01
6.900000e-01  2.141828e-01
6.930000e-01  2.138169e-01
6.960000e-01  2.134529e-01
6.990000e-01  2.130906e-01
7.020000e-01  2.127301e-01
7.050000e-01  2.123712e-01
7.080000e-01  2.120141e-01
7.110000e-01  2.116587e-01
7.140000e-01  2.113049e-01
7.170000e-01  2.109529e-01
7.200000e-01  2.106024e-01
7.230000e-01  2.102536e-01
7.260000e-01  2.099064e-01
7.290000e-01  2.095608e-01
7.320000e-01  2.092168e-01
7.350000e-01  2.088743e-01
7.380000e-01  2.085334e-01
7.410000e-01  2.081941e-01
7.440000e-01  2.078562e-01
7.470000e-01  2.075199e-01
7.500000e-01  2.071851e-01
7.530000e-01  2.068518e-01
7.560000e-01  2.065199e-01
7.590000e-01  2.061895e-01
7.620000e-01  2.058606e-01
7.650000e-01  2.055331e-01
7.680000e-01  2.052070e-01
7.710000e-01  2.048823e-01
7.740000e-01  2.045590e-01
7.770000e-01  2.042371e-01
7.800000e-01  2.039166e-01
7.830000e-01  2.035974e-01
7.860000e-01  2.032796e-01
7.890000e-01  2.029631e-01
7.920000e-01  2.026479e-01
7.950000e-01  2.023341e-01
7.980000e-01  2.020215e-01
8.010000e-01  2.017103e-01
8.040000e-01  2.014003e-01
8.070000e-01  2.010916e-01
8.100000e-01  2.007842e-01
8.130000e-01  2.004780e-01
8.160000e-01  2.001731e-01
8.190000e-01  1.998694e-01
8.220000e-01  1.995669e-01
8.250000e-01  1.992656e-01
8.280000e-01  1.989656e-01
8.310000e-01  1.986667e-01
8.340000e-01  1.983689e-01
8.370000e-01  1.980724e-01
8.400000e-01  1.977770e-01
8.430000e-01  1.974828e-01
8.460000e-01  1.971897e-01
8.490000e-01  1.968978e-01
8.520000e-01  1.966069e-01
8.550000e-01  1.963172e-01
8.580000e-01  1.960286e-01
8.610000e-01  1.957411e-01
8.640000e-01  1.954547e-01
8.670000e-01  1.951694e-01
8.700000e-01  1.948851e-01
8.730000e-01  1.946019e-01
8.760000e-01  1.943198e-01
8.790000e-01  1.940387e-01
8.820000e-01  1.937586e-01
8.850000e-01  1.934796e-01
8.880000e-01  1.932016e-01
8.910000e-01  1.929246e-01
8.940000e-01  1.926486e-01
8.970000e-01  1.923736e-01
9.000000e-01  1.920996e-01
9.030000e-01  1.918266e-01
9.060000e-01  1.915546e-01
9.090000e-01  1.912836e-01
9.120000e-01  1.910135e-01
9.150000e-01  1.907444e-01
9.180000e-01  1.904762e-01
9.210000e-01  1.902089e-01
9.240000e-01  1.899426e-01
9.270000e-01  1.896772e-01
9.300000e-01  1.894128e-01
9.330000e-01  1.891492e-01
9.360000e-01  1.888866e-01
9.390000e-01  1.886249e-01
9.420000e-01  1.883640e-01
9.450000e-01  1.881041e-01
9.480000e-01  1.878450e-01
9.510000e-01  1.875868e-01
9.540000e-01  1.873295e-01
9.570000e-01  1.870730e-01
9.600000e-01  1.868174e-01
9.630000e-01  1.865627e-01
9.660000e-01  1.863088e-01
9.690000e-01  1.860557e-01
9.720000e-01  1.858034e-01
9.750000e-01  1.855520e-01
9.780000e-01  1.853014e-01
9.810000e-01  1.850517e-01
9.840000e-01  1.848027e-01
9.870000e-01  1.845545e-01
9.900000e-01  1.843072e-01
9.930000e-01  1.840606e-01
9.960000e-01  1.838148e-01
9.990000e-01  1.835698e-01
