000000  000001
3.000000e-03  8.325582e-01
6.000000e-03  7.524053e-01
9.000000e-03  7.001620e-01
1.200000e-02  6.617757e-01
1.500000e-02  6.316487e-01
1.800000e-02  6.069860e-01
2.100000e-02  5.861940e-01
2.400000e-02  5.682801e-01
2.700000e-02  5.525853e-01
3.000000e-02  5.386504e-01
3.300000e-02  5.261430e-01
3.600000e-02  5.148154e-01
3.900000e-02  5.044778e-01
4.200000e-02  4.949822e-01
4.500000e-02  4.862105e-01
4.800000e-02  4.780675e-01
5.100000e-02  4.704753e-01
5.400000e-02  4.633690e-01
5.700000e-02  4.566947e-01
6.000000e-02  4.504064e-01
6.300000e-02  4.444651e-01
6.600000e-02  4.388372e-01
6.900000e-02  4.334938e-01
7.200000e-02  4.284095e-01
7.500000e-02  4.235622e-01
7.800000e-02  4.189324e-01
8.100000e-02  4.145029e-01
8.400000e-02  4.102584e-01
8.700000e-02  4.061851e-01
9.000000e-02  4.022708e-01
9.300000e-02  3.985045e-01
9.600000e-02  3.948763e-01
9.900000e-02  3.913771e-01
1.020000e-01  3.879988e-01
1.050000e-01  3.847340e-01
1.080000e-01  3.815757e-01
1.110000e-01  3.785179e-01
1.140000e-01  3.755548e-01
1.170000e-01  3.726811e-01
1.200000e-01  3.698921e-01
1.230000e-01  3.671833e-01
1.260000e-01  3.645504e-01
1.290000e-01  3.619898e-01
1.320000e-01  3.594978e-01
1.350000e-01  3.570711e-01
1.380000e-01  3.547067e-01
1.410000e-01  3.524017e-01
1.440000e-01  3.501534e-01
1.470000e-01  3.479593e-01
1.500000e-01  3.458169e-01
1.530000e-01  3.437243e-01
1.560000e-01  3.416791e-01
1.590000e-01  3.396795e-01
1.620000e-01  3.377237e-01
1.650000e-01  3.358100e-01
1.680000e-01  3.339366e-01
1.710000e-01  3.321020e-01
1.740000e-01  3.303049e-01
1.770000e-01  3.285437e-01
1.800000e-01  3.268172e-01
1.830000e-01  3.251242e-01
1.860000e-01  3.234635e-01
1.890000e-01  3.218339e-01
1.920000e-01  3.202345e-01
1.950000e-01  3.186641e-01
1.980000e-01  3.171218e-01
2.010000e-01  3.156067e-01
2.040000e-01  3.141180e-01
2.070000e-01  3.126547e-01
2.100000e-01  3.112162e-01
2.130000e-01  3.098016e-01
2.160000e-01  3.084102e-01
2.190000e-01  3.070413e-01
2.220000e-01  3.056942e-01
2.250000e-01  3.043684e-01
2.280000e-01  3.030632e-01
2.310000e-01  3.017779e-01
2.340000e-01  3.005122e-01
2.370000e-01  2.992653e-01
2.400000e-01  2.980369e-01
2.430000e-01  2.968263e-01
2.460000e-01  2.956331e-01
2.490000e-01  2.944569e-01
2.520000e-01  2.932972e-01
2.550000e-01  2.921536e-01
2.580000e-01  2.910257e-01
2.610000e-01  2.899131e-01
2.640000e-01  2.888153e-01
2.670000e-01  2.877321e-01
2.700000e-01  2.866631e-01
2.730000e-01  2.856079e-01
2.760000e-01  2.845662e-01
2.790000e-01  2.835377e-01
2.820000e-01  2.825220e-01
2.850000e-01  2.815190e-01
2.880000e-01  2.805282e-01
2.910000e-01  2.795494e-01
2.940000e-01  2.785824e-01
2.970000e-01  2.776269e-01
3.000000e-01  2.766826e-01
3.030000e-01  2.757493e-01
3.060000e-01  2.748267e-01
3.090000e-01  2.739146e-01
3.120000e-01  2.730128e-01
3.150000e-01  2.721212e-01
3.180000e-01  2.712393e-01
3.210000e-01  2.703672e-01
3.240000e-01  2.695045e-01
3.270000e-01  2.686511e-01
3.300000e-01  2.678068e-01
3.330000e-01  2.669714e-01
3.360000e-01  2.661447e-01
3.390000e-01  2.653266e-01
3.420000e-01  2.645169e-01
3.450000e-01  2.637154e-01
3.480000e-01  2.629221e-01
3.510000e-01  2.621366e-01
3.540000e-01  2.613589e-01
3.570000e-01  2.605889e-01
3.600000e-01  2.598263e-01
3.630000e-01  2.590712e-01
3.660000e-01  2.583232e-01
3.690000e-01  2.575823e-01
3.720000e-01  2.568485e-01
3.750000e-01  2.561214e-01
3.780000e-01  2.554011e-01
3.810000e-01  2.546874e-01
3.840000e-01  2.539802e-01
3.870000e-01  2.532793e-01
3.900000e-01  2.525848e-01
3.930000e-01  2.518964e-01
3.960000e-01  2.512141e-01
3.990000e-01  2.505377e-01
4.020000e-01  2.498672e-01
4.050000e-01  2.492025e-01
4.080000e-01  2.485435e-01
4.110000e-01  2.478900e-01
4.140000e-01  2.472421e-01
4.170000e-01  2.465995e-01
4.200000e-01  2.459623e-01
4.230000e-01  2.453303e-01
4.260000e-01  2.447035e-01
4.290000e-01  2.440817e-01
4.320000e-01  2.434650e-01
4.350000e-01  2.428532e-01
4.380000e-01  2.422462e-01
4.410000e-01  2.416440e-01
4.440000e-01  2.410465e-01
4.470000e-01  2.404536e-01
4.500000e-01  2.398653e-01
4.530000e-01  2.392815e-01
4.560000e-01  2.387021e-01
4.590000e-01  2.381271e-01
4.620000e-01  2.375564e-01
4.650000e-01  2.369900e-01
4.680000e-01  2.364277e-01
4.710000e-01  2.358696e-01
4.740000e-01  2.353155e-01
4.770000e-01  2.347654e-01
4.800000e-01  2.342193e-01
4.830000e-01  2.336771e-01
4.860000e-01  2.331387e-01
4.890000e-01  2.326041e-01
4.920000e-01  2.320733e-01
4.950000e-01  2.315462e-01
4.980000e-01  2.310227e-01
5.010000e-01  2.305028e-01
5.040000e-01  2.299864e-01
5.070000e-01  2.294736e-01
5.100000e-01  2.289642e-01
5.130000e-01  2.284582e-01
5.160000e-01  2.279555e-01
5.190000e-01  2.274562e-01
5.220000e-01  2.269602e-01
5.250000e-01  2.264674e-01
5.280000e-01  2.259778e-01
5.310000e-01  2.254914e-01
5.340000e-01  2.250080e-01
5.370000e-01  2.245278e-01
5.400000e-01  2.240506e-01
5.430000e-01  2.235764e-01
5.460000e-01  2.231051e-01
5.490000e-01  2.226368e-01
5.520000e-01  2.221714e-01
5.550000e-01  2.217089e-01
5.580000e-01  2.212492e-01
5.610000e-01  2.207922e-01
5.640000e-01  2.203380e-01
5.670000e-01  2.198866e-01
5.700000e-01  2.194378e-01
5.730000e-01  2.189917e-01
5.760000e-01  2.185483e-01
5.790000e-01  2.181074e-01
5.820000e-01  2.176691e-01
5.850000e-01  2.172334e-01
5.880000e-01  2.168001e-01
5.910000e-01  2.163694e-01
5.940000e-01  2.159411e-01
5.970000e-01  2.155152e-01
6.000000e-01  2.150917e-01
6.030000e-01  2.146706e-01
6.060000e-01  2.142519e-01
6.090000e-01  2.138355e-01
6.120000e-01  2.134213e-01
6.150000e-01  2.130095e-01
6.180000e-01  2.125998e-01
6.210000e-01  2.121925e-01
6.240000e-01  2.117873e-01
6.270000e-01  2.113843e-01
6.300000e-01  2.109834e-01
6.330000e-01  2.105847e-01
6.360000e-01  2.101881e-01
6.390000e-01  2.097935e-01
6.420000e-01  2.094010e-01
6.450000e-01  2.090106e-01
6.480000e-01  2.086222e-01
6.510000e-01  2.082358e-01
6.540000e-01  2.078514e-01
6.570000e-01  2.074689e-01
6.600000e-01  2.070883e-01
6.630000e-01  2.067097e-01
6.660000e-01  2.063330e-01
6.690000e-01  2.059582e-01
6.720000e-01  2.055852e-01
6.750000e-01  2.052140e-01
6.780000e-01  2.048447e-01
6.810000e-01  2.044772e-01
6.840000e-01  2.041115e-01
6.870000e-01  2.037476e-01
6.900000e-01  2.033854e-01
6.930000e-01  2.030249e-01
6.960000e-01  2.026662e-01
6.990000e-01  2.023091e-01
7.020000e-01  2.019538e-01
7.050000e-01  2.016001e-01
7.080000e-01  2.012481e-01
7.110000e-01  2.008977e-01
7.140000e-01  2.005489e-01
7.170000e-01  2.002018e-01
7.200000e-01  1.998562e-01
7.230000e-01  1.995122e-01
7.260000e-01  1.991698e-01
7.290000e-01  1.988290e-01
7.320000e-01  1.984896e-01
7.350000e-01  1.981518e-01
7.380000e-01  1.978155e-01
7.410000e-01  1.974807e-01
7.440000e-01  1.971473e-01
7.470000e-01  1.968155e-01
7.500000e-01  1.964850e-01
7.530000e-01  1.961561e-01
7.560000e-01  1.958285e-01
7.590000e-01  1.955023e-01
7.620000e-01  1.951776e-01
7.650000e-01  1.948543e-01
7.680000e-01  1.945323e-01
7.710000e-01  1.942117e-01
7.740000e-01  1.938924e-01
7.770000e-01  1.935745e-01
7.800000e-01  1.932579e-01
7.830000e-01  1.929426e-01
7.860000e-01  1.926287e-01
7.890000e-01  1.923160e-01
7.920000e-01  1.920046e-01
7.950000e-01  1.916944e-01
7.980000e-01  1.913856e-01
8.010000e-01  1.910780e-01
8.040000e-01  1.907716e-01
8.070000e-01  1.904665e-01
8.100000e-01  1.901626e-01
8.130000e-01  1.898598e-01
8.160000e-01  1.895583e-01
8.190000e-01  1.892580e-01
8.220000e-01  1.889588e-01
8.250000e-01  1.886609e-01
8.280000e-01  1.883640e-01
8.310000e-01  1.880684e-01
8.340000e-01  1.877738e-01
8.370000e-01  1.874804e-01
8.400000e-01  1.871881e-01
8.430000e-01  1.868970e-01
8.460000e-01  1.866069e-01
8.490000e-01  1.863179e-01
8.520000e-01  1.860301e-01
8.550000e-01  1.857433e-01
8.580000e-01  1.854575e-01
8.610000e-01  1.851728e-01
8.640000e-01  1.848892e-01
8.670000e-01  1.846066e-01
8.700000e-01  1.843251e-01
8.730000e-01  1.840446e-01
8.760000e-01  1.837651e-01
8.790000e-01  1.834866e-01
8.820000e-01  1.832091e-01
8.850000e-01  1.829326e-01
8.880000e-01  1.826571e-01
8.910000e-01  1.823825e-01
8.940000e-01  1.821090e-01
8.970000e-01  1.818364e-01
9.000000e-01  1.815647e-01
9.030000e-01  1.812940e-01
9.060000e-01  1.810243e-01
9.090000e-01  1.807555e-01
9.120000e-01  1.804876e-01
9.150000e-01  1.802206e-01
9.180000e-01  1.799546e-01
9.210000e-01  1.796894e-01
9.240000e-01  1.794252e-01
9.270000e-01  1.791619e-01
9.300000e-01  1.788994e-01
9.330000e-01  1.786378e-01
9.360000e-01  1.783771e-01
9.390000e-01  1.781173e-01
9.420000e-01  1.778583e-01
9.450000e-01  1.776001e-01
9.480000e-01  1.773429e-01
9.510000e-01  1.770864e-01
9.540000e-01  1.768308e-01
9.570000e-01  1.765761e-01
9.600000e-01  1.763221e-01
9.630000e-01  1.760690e-01
9.660000e-01  1.758167e-01
9.690000e-01  1.755652e-01
9.720000e-01  1.753145e-01
9.750000e-01  1.750645e-01
9.780000e-01  1.748154e-01
9.810000e-01  1.745671e-01
9.840000e-01  1.743195e-01
9.870000e-01  1.740727e-01
9.900000e-01  1.738267e-01
9.930000e-01  1.735814e-01
9.960000e-01  1.733369e-01
9.990000e-01  1.730931e-01
