000000  000001
3.000000e-03  7.793706e-01
6.000000e-03  6.912337e-01
9.000000e-03  6.367779e-01
1.200000e-02  5.978783e-01
1.500000e-02  5.678920e-01
1.800000e-02  5.436531e-01
2.100000e-02  5.234111e-01
2.400000e-02  5.060998e-01
2.700000e-02  4.910231e-01
3.000000e-02  4.777027e-01
3.300000e-02  4.657963e-01
3.600000e-02  4.550510e-01
3.900000e-02  4.452746e-01
4.200000e-02  4.363181e-01
4.500000e-02  4.280639e-01
4.800000e-02  4.204170e-01
5.100000e-02  4.133004e-01
5.400000e-02  4.066503e-01
5.700000e-02  4.004136e-01
6.000000e-02  3.945455e-01
6.300000e-02  3.890079e-01
6.600000e-02  3.837682e-01
6.900000e-02  3.787983e-01
7.200000e-02  3.740737e-01
7.500000e-02  3.695731e-01
7.800000e-02  3.652777e-01
8.100000e-02  3.611711e-01
8.400000e-02  3.572384e-01
8.700000e-02  3.534666e-01
9.000000e-02  3.498440e-01
9.300000e-02  3.463602e-01
9.600000e-02  3.430055e-01
9.900000e-02  3.397716e-01
1.020000e-01  3.366505e-01
1.050000e-01  3.336353e-01
1.080000e-01  3.307196e-01
1.110000e-01  3.278973e-01
1.140000e-01  3.251632e-01
1.170000e-01  3.225124e-01
1.200000e-01  3.199401e-01
1.230000e-01  3.174423e-01
1.260000e-01  3.150150e-01
1.290000e-01  3.126547e-01
1.320000e-01  3.103580e-01
1.350000e-01  3.081218e-01
1.380000e-01  3.059432e-01
1.410000e-01  3.038195e-01
1.440000e-01  3.017483e-01
1.470000e-01  2.997271e-01
1.500000e-01  2.977538e-01
1.530000e-01  2.958262e-01
1.560000e-01  2.939425e-01
1.590000e-01  2.921008e-01
1.620000e-01  2.902995e-01
1.650000e-01  2.885369e-01
1.680000e-01  2.868114e-01
1.710000e-01  2.851217e-01
1.740000e-01  2.834664e-01
1.770000e-01  2.818442e-01
1.800000e-01  2.802539e-01
1.830000e-01  2.786943e-01
1.860000e-01  2.771643e-01
1.890000e-01  2.756630e-01
1.920000e-01  2.741892e-01
1.950000e-01  2.727422e-01
1.980000e-01  2.713210e-01
2.010000e-01  2.699246e-01
2.040000e-01  2.685525e-01
2.070000e-01  2.672036e-01
2.100000e-01  2.658774e-01
2.130000e-01  2.645731e-01
2.160000e-01  2.632901e-01
2.190000e-01  2.620276e-01
2.220000e-01  2.607851e-01
2.250000e-01  2.595621e-01
2.280000e-01  2.583578e-01
2.310000e-01  2.571719e-01
2.340000e-01  2.560037e-01
2.370000e-01  2.548528e-01
2.400000e-01  2.537186e-01
2.430000e-01  2.526008e-01
2.460000e-01  2.514990e-01
2.490000e-01  2.504125e-01
2.520000e-01  2.493412e-01
2.550000e-01  2.482845e-01
2.580000e-01  2.472421e-01
2.610000e-01  2.462136e-01
2.640000e-01  2.451987e-01
2.670000e-01  2.441970e-01
2.700000e-01  2.432083e-01
2.730000e-01  2.422321e-01
2.760000e-01  2.412683e-01
2.790000e-01  2.403164e-01
2.820000e-01  2.393762e-01
2.850000e-01  2.384475e-01
2.880000e-01  2.375300e-01
2.910000e-01  2.366234e-01
2.940000e-01  2.357275e-01
2.970000e-01  2.348419e-01
3.000000e-01  2.339666e-01
3.030000e-01  2.331013e-01
3.060000e-01  2.322457e-01
3.090000e-01  2.313997e-01
3.120000e-01  2.305631e-01
3.150000e-01  2.297355e-01
3.180000e-01  2.289169e-01
3.210000e-01  2.281071e-01
3.240000e-01  2.273059e-01
3.270000e-01  2.265131e-01
3.300000e-01  2.257285e-01
3.330000e-01  2.249520e-01
3.360000e-01  2.241835e-01
3.390000e-01  2.234226e-01
3.420000e-01  2.226694e-01
3.450000e-01  2.219237e-01
3.480000e-01  2.211852e-01
3.510000e-01  2.204540e-01
3.540000e-01  2.197297e-01
3.570000e-01  2.190124e-01
3.600000e-01  2.183019e-01
3.630000e-01  2.175980e-01
3.660000e-01  2.169006e-01
3.690000e-01  2.162097e-01
3.720000e-01  2.155251e-01
3.750000e-01  2.148466e-01
3.780000e-01  2.141742e-01
3.810000e-01  2.135078e-01
3.840000e-01  2.128473e-01
3.870000e-01  2.121925e-01
3.900000e-01  2.115434e-01
3.930000e-01  2.108998e-01
3.960000e-01  2.102617e-01
3.990000e-01  2.096290e-01
4.020000e-01  2.090015e-01
4.050000e-01  2.083793e-01
4.080000e-01  2.077622e-01
4.110000e-01  2.071502e-01
4.140000e-01  2.065430e-01
4.170000e-01  2.059408e-01
4.200000e-01  2.053433e-01
4.230000e-01  2.047505e-01
4.260000e-01  2.041624e-01
4.290000e-01  2.035789e-01
4.320000e-01  2.029998e-01
4.350000e-01  2.024252e-01
4.380000e-01  2.018549e-01
4.410000e-01  2.012889e-01
4.440000e-01  2.007272e-01
4.470000e-01  2.001696e-01
4.500000e-01  1.996161e-01
4.530000e-01  1.990666e-01
4.560000e-01  1.985211e-01
4.590000e-01  1.979795e-01
4.620000e-01  1.974418e-01
4.650000e-01  1.969079e-01
4.680000e-01  1.963778e-01
4.710000e-01  1.958513e-01
4.740000e-01  1.953285e-01
4.770000e-01  1.948092e-01
4.800000e-01  1.942936e-01
4.830000e-01  1.937814e-01
4.860000e-01  1.932726e-01
4.890000e-01  1.927672e-01
4.920000e-01  1.922652e-01
4.950000e-01  1.917665e-01
4.980000e-01  1.912710e-01
5.010000e-01  1.907787e-01
5.040000e-01  1.902896e-01
5.070000e-01  1.898036e-01
5.100000e-01  1.893207e-01
5.130000e-01  1.888409e-01
5.160000e-01  1.883640e-01
5.190000e-01  1.878901e-01
5.220000e-01  1.874192e-01
5.250000e-01  1.869511e-01
5.280000e-01  1.864858e-01
5.310000e-01  1.860234e-01
5.340000e-01  1.855637e-01
5.370000e-01  1.851068e-01
5.400000e-01  1.846526e-01
5.430000e-01  1.842010e-01
5.460000e-01  1.837521e-01
5.490000e-01  1.833057e-01
5.520000e-01  1.828620e-01
5.550000e-01  1.824208e-01
5.580000e-01  1.819821e-01
5.610000e-01  1.815458e-01
5.640000e-01  1.811120e-01
5.670000e-01  1.806806e-01
5.700000e-01  1.802516e-01
5.730000e-01  1.798250e-01
5.760000e-01  1.794007e-01
5.790000e-01  1.789786e-01
5.820000e-01  1.785589e-01
5.850000e-01  1.781414e-01
5.880000e-01  1.777261e-01
5.910000e-01  1.773130e-01
5.940000e-01  1.769021e-01
5.970000e-01  1.764933e-01
6.000000e-01  1.760866e-01
6.030000e-01  1.756821e-01
6.060000e-01  1.752795e-01
6.090000e-01  1.748791e-01
6.120000e-01  1.744806e-01
6.150000e-01  1.740842e-01
6.180000e-01  1.736897e-01
6.210000e-01  1.732971e-01
6.240000e-01  1.729065e-01
6.270000e-01  1.725179e-01
6.300000e-01  1.721311e-01
6.330000e-01  1.717461e-01
6.360000e-01  1.713630e-01
6.390000e-01  1.709817e-01
6.420000e-01  1.706023e-01
6.450000e-01  1.702246e-01
6.480000e-01  1.698487e-01
6.510000e-01  1.694745e-01
6.540000e-01  1.691020e-01
6.570000e-01  1.687313e-01
6.600000e-01  1.683622e-01
6.630000e-01  1.679948e-01
6.660000e-01  1.676291e-01
6.690000e-01  1.672650e-01
6.720000e-01  1.669025e-01
6.750000e-01  1.665417e-01
6.780000e-01  1.661824e-01
6.810000e-01  1.658246e-01
6.840000e-01  1.654684e-01
6.870000e-01  1.651138e-01
6.900000e-01  1.647607e-01
6.930000e-01  1.644090e-01
6.960000e-01  1.640589e-01
6.990000e-01  1.637102e-01
7.020000e-01  1.633630e-01
7.050000e-01  1.630172e-01
7.080000e-01  1.626728e-01
7.110000e-01  1.623299e-01
7.140000e-01  1.619883e-01
7.170000e-01  1.616481e-01
7.200000e-01  1.613093e-01
7.230000e-01  1.609719e-01
7.260000e-01  1.606358e-01
7.290000e-01  1.603010e-01
7.320000e-01  1.599675e-01
7.350000e-01  1.596353e-01
7.380000e-01  1.593044e-01
7.410000e-01  1.589748e-01
7.440000e-01  1.586465e-01
7.470000e-01  1.583193e-01
7.500000e-01  1.579935e-01
7.530000e-01  1.576688e-01
7.560000e-01  1.573454e-01
7.590000e-01  1.570231e-01
7.620000e-01  1.567021e-01
7.650000e-01  1.563822e-01
7.680000e-01  1.560635e-01
7.710000e-01  1.557459e-01
7.740000e-01  1.554294e-01
7.770000e-01  1.551141e-01
7.800000e-01  1.547999e-01
7.830000e-01  1.544869e-01
7.860000e-01  1.541749e-01
7.890000e-01  1.538640e-01
7.920000e-01  1.535542e-01
7.950000e-01  1.532454e-01
7.980000e-01  1.529377e-01
8.010000e-01  1.526310e-01
8.040000e-01  1.523254e-01
8.070000e-01  1.520208e-01
8.100000e-01  1.517172e-01
8.130000e-01  1.514146e-01
8.160000e-01  1.511130e-01
8.190000e-01  1.508124e-01
8.220000e-01  1.505128e-01
8.250000e-01  1.502141e-01
8.280000e-01  1.499164e-01
8.310000e-01  1.496196e-01
8.340000e-01  1.493238e-01
8.370000e-01  1.490288e-01
8.400000e-01  1.487349e-01
8.430000e-01  1.484418e-01
8.460000e-01  1.481496e-01
8.490000e-01  1.478583e-01
8.520000e-01  1.475679e-01
8.550000e-01  1.472784e-01
8.580000e-01  1.469897e-01
8.610000e-01  1.467019e-01
8.640000e-01  1.464149e-01
8.670000e-01  1.461288e-01
8.700000e-01  1.458436e-01
8.730000e-01  1.455591e-01
8.760000e-01  1.452755e-01
8.790000e-01  1.449926e-01
8.820000e-01  1.447106e-01
8.850000e-01  1.444294e-01
8.880000e-01  1.441489e-01
8.910000e-01  1.438693e-01
8.940000e-01  1.435904e-01
8.970000e-01  1.433122e-01
9.000000e-01  1.430349e-01
9.030000e-01  1.427582e-01
9.060000e-01  1.424823e-01
9.090000e-01  1.422072e-01
9.120000e-01  1.419328e-01
9.150000e-01  1.416591e-01
9.180000e-01  1.413861e-01
9.210000e-01  1.411138e-01
9.240000e-01  1.408422e-01
9.270000e-01  1.405713e-01
9.300000e-01  1.403011e-01
9.330000e-01  1.400315e-01
9.360000e-01  1.397627e-01
9.390000e-01  1.394944e-01
9.420000e-01  1.392269e-01
9.450000e-01  1.389600e-01
9.480000e-01  1.386938e-01
9.510000e-01  1.384281e-01
9.540000e-01  1.381632e-01
9.570000e-01  1.378988e-01
9.600000e-01  1.376351e-01
9.630000e-01  1.373719e-01
9.660000e-01  1.371094e-01
9.690000e-01  1.368475e-01
9.720000e-01  1.365862e-01
9.750000e-01  1.363254e-01
9.780000e-01  1.360653e-01
9.810000e-01  1.358057e-01
9.840000e-01  1.355467e-01
9.870000e-01  1.352882e-01
9.900000e-01  1.350303e-01
9.930000e-01  1.347730e-01
9.960000e-01  1.345162e-01
9.990000e-01  1.342599e-01
