000000  000001
3.000000e-03  7.899026e-01
6.000000e-03  7.029978e-01
9.000000e-03  6.487978e-01
1.200000e-02  6.098930e-01
1.500000e-02  5.798109e-01
1.800000e-02  5.554425e-01
2.100000e-02  5.350599e-01
2.400000e-02  5.176067e-01
2.700000e-02  5.023913e-01
3.000000e-02  4.889375e-01
3.300000e-02  4.769036e-01
3.600000e-02  4.660368e-01
3.900000e-02  4.561451e-01
4.200000e-02  4.470791e-01
4.500000e-02  4.387207e-01
4.800000e-02  4.309748e-01
5.100000e-02  4.237639e-01
5.400000e-02  4.170240e-01
5.700000e-02  4.107015e-01
6.000000e-02  4.047515e-01
6.300000e-02  3.991356e-01
6.600000e-02  3.938209e-01
6.900000e-02  3.887791e-01
7.200000e-02  3.839855e-01
7.500000e-02  3.794186e-01
7.800000e-02  3.750595e-01
8.100000e-02  3.708914e-01
8.400000e-02  3.668996e-01
8.700000e-02  3.630708e-01
9.000000e-02  3.593932e-01
9.300000e-02  3.558562e-01
9.600000e-02  3.524502e-01
9.900000e-02  3.491665e-01
1.020000e-01  3.459973e-01
1.050000e-01  3.429355e-01
1.080000e-01  3.399745e-01
1.110000e-01  3.371085e-01
1.140000e-01  3.343319e-01
1.170000e-01  3.316397e-01
1.200000e-01  3.290273e-01
1.230000e-01  3.264905e-01
1.260000e-01  3.240253e-01
1.290000e-01  3.216281e-01
1.320000e-01  3.192954e-01
1.350000e-01  3.170243e-01
1.380000e-01  3.148116e-01
1.410000e-01  3.126547e-01
1.440000e-01  3.105511e-01
1.470000e-01  3.084983e-01
1.500000e-01  3.064941e-01
1.530000e-01  3.045365e-01
1.560000e-01  3.026234e-01
1.590000e-01  3.007531e-01
1.620000e-01  2.989237e-01
1.650000e-01  2.971337e-01
1.680000e-01  2.953815e-01
1.710000e-01  2.936656e-01
1.740000e-01  2.919847e-01
1.770000e-01  2.903374e-01
1.800000e-01  2.887226e-01
1.830000e-01  2.871390e-01
1.860000e-01  2.855856e-01
1.890000e-01  2.840612e-01
1.920000e-01  2.825650e-01
1.950000e-01  2.810959e-01
1.980000e-01  2.796530e-01
2.010000e-01  2.782355e-01
2.040000e-01  2.768425e-01
2.070000e-01  2.754733e-01
2.100000e-01  2.741271e-01
2.130000e-01  2.728032e-01
2.160000e-01  2.715010e-01
2.190000e-01  2.702197e-01
2.220000e-01  2.689587e-01
2.250000e-01  2.677175e-01
2.280000e-01  2.664954e-01
2.310000e-01  2.652920e-01
2.340000e-01  2.641066e-01
2.370000e-01  2.629389e-01
2.400000e-01  2.617882e-01
2.430000e-01  2.606541e-01
2.460000e-01  2.595363e-01
2.490000e-01  2.584341e-01
2.520000e-01  2.573474e-01
2.550000e-01  2.562755e-01
2.580000e-01  2.552182e-01
2.610000e-01  2.541751e-01
2.640000e-01  2.531459e-01
2.670000e-01  2.521301e-01
2.700000e-01  2.511274e-01
2.730000e-01  2.501376e-01
2.760000e-01  2.491603e-01
2.790000e-01  2.481952e-01
2.820000e-01  2.472421e-01
2.850000e-01  2.463006e-01
2.880000e-01  2.453705e-01
2.910000e-01  2.444515e-01
2.940000e-01  2.435435e-01
2.970000e-01  2.426460e-01
3.000000e-01  2.417589e-01
3.030000e-01  2.408820e-01
3.060000e-01  2.400151e-01
3.090000e-01  2.391579e-01
3.120000e-01  2.383102e-01
3.150000e-01  2.374718e-01
3.180000e-01  2.366426e-01
3.210000e-01  2.358223e-01
3.240000e-01  2.350107e-01
3.270000e-01  2.342077e-01
3.300000e-01  2.334132e-01
3.330000e-01  2.326268e-01
3.360000e-01  2.318486e-01
3.390000e-01  2.310782e-01
3.420000e-01  2.303156e-01
3.450000e-01  2.295606e-01
3.480000e-01  2.288131e-01
3.510000e-01  2.280729e-01
3.540000e-01  2.273398e-01
3.570000e-01  2.266138e-01
3.600000e-01  2.258948e-01
3.630000e-01  2.251825e-01
3.660000e-01  2.244769e-01
3.690000e-01  2.237778e-01
3.720000e-01  2.230852e-01
3.750000e-01  2.223988e-01
3.780000e-01  2.217187e-01
3.810000e-01  2.210446e-01
3.840000e-01  2.203766e-01
3.870000e-01  2.197144e-01
3.900000e-01  2.190580e-01
3.930000e-01  2.184073e-01
3.960000e-01  2.177621e-01
3.990000e-01  2.171225e-01
4.020000e-01  2.164883e-01
4.050000e-01  2.158593e-01
4.080000e-01  2.152356e-01
4.110000e-01  2.146170e-01
4.140000e-01  2.140035e-01
4.170000e-01  2.133950e-01
4.200000e-01  2.127913e-01
4.230000e-01  2.121925e-01
4.260000e-01  2.115984e-01
4.290000e-01  2.110089e-01
4.320000e-01  2.104241e-01
4.350000e-01  2.098438e-01
4.380000e-01  2.092679e-01
4.410000e-01  2.086964e-01
4.440000e-01  2.081293e-01
4.470000e-01  2.075663e-01
4.500000e-01  2.070076e-01
4.530000e-01  2.064530e-01
4.560000e-01  2.059025e-01
4.590000e-01  2.053560e-01
4.620000e-01  2.048134e-01
4.650000e-01  2.042747e-01
4.680000e-01  2.037398e-01
4.710000e-01  2.032087e-01
4.740000e-01  2.026814e-01
4.770000e-01  2.021577e-01
4.800000e-01  2.016377e-01
4.830000e-01  2.011212e-01
4.860000e-01  2.006082e-01
4.890000e-01  2.000987e-01
4.920000e-01  1.995926e-01
4.950000e-01  1.990899e-01
4.980000e-01  1.985905e-01
5.010000e-01  1.980944e-01
5.040000e-01  1.976016e-01
5.070000e-01  1.971120e-01
5.100000e-01  1.966255e-01
5.130000e-01  1.961421e-01
5.160000e-01  1.956618e-01
5.190000e-01  1.951845e-01
5.220000e-01  1.947102e-01
5.250000e-01  1.942389e-01
5.280000e-01  1.937705e-01
5.310000e-01  1.933050e-01
5.340000e-01  1.928423e-01
5.370000e-01  1.923824e-01
5.400000e-01  1.919253e-01
5.430000e-01  1.914709e-01
5.460000e-01  1.910192e-01
5.490000e-01  1.905702e-01
5.520000e-01  1.901238e-01
5.550000e-01  1.896801e-01
5.580000e-01  1.892389e-01
5.610000e-01  1.888002e-01
5.640000e-01  1.883640e-01
5.670000e-01  1.879304e-01
5.700000e-01  1.874991e-01
5.730000e-01  1.870703e-01
5.760000e-01  1.866439e-01
5.790000e-01  1.862198e-01
5.820000e-01  1.857981e-01
5.850000e-01  1.853787e-01
5.880000e-01  1.849615e-01
5.910000e-01  1.845466e-01
5.940000e-01  1.841340e-01
5.970000e-01  1.837235e-01
6.000000e-01  1.833152e-01
6.030000e-01  1.829091e-01
6.060000e-01  1.825051e-01
6.090000e-01  1.821031e-01
6.120000e-01  1.817033e-01
6.150000e-01  1.813055e-01
6.180000e-01  1.809098e-01
6.210000e-01  1.805160e-01
6.240000e-01  1.801243e-01
6.270000e-01  1.797345e-01
6.300000e-01  1.793467e-01
6.330000e-01  1.789607e-01
6.360000e-01  1.785767e-01
6.390000e-01  1.781946e-01
6.420000e-01  1.778143e-01
6.450000e-01  1.774358e-01
6.480000e-01  1.770592e-01
6.510000e-01  1.766844e-01
6.540000e-01  1.763113e-01
6.570000e-01  1.759401e-01
6.600000e-01  1.755705e-01
6.630000e-01  1.752027e-01
6.660000e-01  1.748366e-01
6.690000e-01  1.744722e-01
6.720000e-01  1.741094e-01
6.750000e-01  1.737483e-01
6.780000e-01  1.733888e-01
6.810000e-01  1.730310e-01
6.840000e-01  1.726748e-01
6.870000e-01  1.723201e-01
6.900000e-01  1.719670e-01
6.930000e-01  1.716155e-01
6.960000e-01  1.712655e-01
6.990000e-01  1.709170e-01
7.020000e-01  1.705701e-01
7.050000e-01  1.702246e-01
7.080000e-01  1.698806e-01
7.110000e-01  1.695381e-01
7.140000e-01  1.691970e-01
7.170000e-01  1.688573e-01
7.200000e-01  1.685191e-01
7.230000e-01  1.681822e-01
7.260000e-01  1.678468e-01
7.290000e-01  1.675127e-01
7.320000e-01  1.671800e-01
7.350000e-01  1.668487e-01
7.380000e-01  1.665187e-01
7.410000e-01  1.661900e-01
7.440000e-01  1.658626e-01
7.470000e-01  1.655365e-01
7.500000e-01  1.652117e-01
7.530000e-01  1.648882e-01
7.560000e-01  1.645659e-01
7.590000e-01  1.642449e-01
7.620000e-01  1.639252e-01
7.650000e-01  1.636066e-01
7.680000e-01  1.632893e-01
7.710000e-01  1.629731e-01
7.740000e-01  1.626582e-01
7.770000e-01  1.623444e-01
7.800000e-01  1.620318e-01
7.830000e-01  1.617204e-01
7.860000e-01  1.614101e-01
7.890000e-01  1.611010e-01
7.920000e-01  1.607929e-01
7.950000e-01  1.604860e-01
7.980000e-01  1.601802e-01
8.010000e-01  1.598755e-01
8.040000e-01  1.595719e-01
8.070000e-01  1.592693e-01
8.100000e-01  1.589678e-01
8.130000e-01  1.586674e-01
8.160000e-01  1.583680e-01
8.190000e-01  1.580696e-01
8.220000e-01  1.577723e-01
8.250000e-01  1.574760e-01
8.280000e-01  1.571807e-01
8.310000e-01  1.568864e-01
8.340000e-01  1.565930e-01
8.370000e-01  1.563007e-01
8.400000e-01  1.560093e-01
8.430000e-01  1.557189e-01
8.460000e-01  1.554294e-01
8.490000e-01  1.551409e-01
8.520000e-01  1.548534e-01
8.550000e-01  1.545667e-01
8.580000e-01  1.542810e-01
8.610000e-01  1.539962e-01
8.640000e-01  1.537122e-01
8.670000e-01  1.534292e-01
8.700000e-01  1.531471e-01
8.730000e-01  1.528658e-01
8.760000e-01  1.525855e-01
8.790000e-01  1.523059e-01
8.820000e-01  1.520273e-01
8.850000e-01  1.517495e-01
8.880000e-01  1.514725e-01
8.910000e-01  1.511963e-01
8.940000e-01  1.509210e-01
8.970000e-01  1.506465e-01
9.000000e-01  1.503728e-01
9.030000e-01  1.500999e-01
9.060000e-01  1.498279e-01
9.090000e-01  1.495566e-01
9.120000e-01  1.492860e-01
9.150000e-01  1.490163e-01
9.180000e-01  1.487473e-01
9.210000e-01  1.484791e-01
9.240000e-01  1.482117e-01
9.270000e-01  1.479450e-01
9.300000e-01  1.476790e-01
9.330000e-01  1.474138e-01
9.360000e-01  1.471493e-01
9.390000e-01  1.468855e-01
9.420000e-01  1.466224e-01
9.450000e-01  1.463601e-01
9.480000e-01  1.460984e-01
9.510000e-01  1.458375e-01
9.540000e-01  1.455772e-01
9.570000e-01  1.453177e-01
9.600000e-01  1.450588e-01
9.630000e-01  1.448005e-01
9.660000e-01  1.445430e-01
9.690000e-01  1.442861e-01
9.720000e-01  1.440298e-01
9.750000e-01  1.437742e-01
9.780000e-01  1.435193e-01
9.810000e-01  1.432650e-01
9.840000e-01  1.430113e-01
9.870000e-01  1.427582e-01
9.900000e-01  1.425058e-01
9.930000e-01  1.422540e-01
9.960000e-01  1.420028e-01
9.990000e-01  1.417522e-01
