000000  000001
3.000000e-03  7.959343e-01
6.000000e-03  7.098065e-01
9.000000e-03  6.557891e-01
1.200000e-02  6.169019e-01
1.500000e-02  5.867778e-01
1.800000e-02  5.623437e-01
2.100000e-02  5.418865e-01
2.400000e-02  5.243561e-01
2.700000e-02  5.090642e-01
3.000000e-02  4.955360e-01
3.300000e-02  4.834305e-01
3.600000e-02  4.724952e-01
3.900000e-02  4.625380e-01
4.200000e-02  4.534096e-01
4.500000e-02  4.449918e-01
4.800000e-02  4.371892e-01
5.100000e-02  4.299242e-01
5.400000e-02  4.231326e-01
5.700000e-02  4.167608e-01
6.000000e-02  4.107635e-01
6.300000e-02  4.051023e-01
6.600000e-02  3.997442e-01
6.900000e-02  3.946607e-01
7.200000e-02  3.898270e-01
7.500000e-02  3.852216e-01
7.800000e-02  3.808254e-01
8.100000e-02  3.766217e-01
8.400000e-02  3.725954e-01
8.700000e-02  3.687334e-01
9.000000e-02  3.650236e-01
9.300000e-02  3.614556e-01
9.600000e-02  3.580195e-01
9.900000e-02  3.547067e-01
1.020000e-01  3.515094e-01
1.050000e-01  3.484203e-01
1.080000e-01  3.454328e-01
1.110000e-01  3.425411e-01
1.140000e-01  3.397395e-01
1.170000e-01  3.370231e-01
1.200000e-01  3.343871e-01
1.230000e-01  3.318274e-01
1.260000e-01  3.293399e-01
1.290000e-01  3.269209e-01
1.320000e-01  3.245671e-01
1.350000e-01  3.222753e-01
1.380000e-01  3.200426e-01
1.410000e-01  3.178661e-01
1.440000e-01  3.157433e-01
1.470000e-01  3.136719e-01
1.500000e-01  3.116495e-01
1.530000e-01  3.096741e-01
1.560000e-01  3.077437e-01
1.590000e-01  3.058564e-01
1.620000e-01  3.040104e-01
1.650000e-01  3.022042e-01
1.680000e-01  3.004361e-01
1.710000e-01  2.987047e-01
1.740000e-01  2.970086e-01
1.770000e-01  2.953465e-01
1.800000e-01  2.937171e-01
1.830000e-01  2.921192e-01
1.860000e-01  2.905518e-01
1.890000e-01  2.890138e-01
1.920000e-01  2.875042e-01
1.950000e-01  2.860219e-01
1.980000e-01  2.845662e-01
2.010000e-01  2.831360e-01
2.040000e-01  2.817307e-01
2.070000e-01  2.803493e-01
2.100000e-01  2.789912e-01
2.130000e-01  2.776557e-01
2.160000e-01  2.763419e-01
2.190000e-01  2.750494e-01
2.220000e-01  2.737773e-01
2.250000e-01  2.725252e-01
2.280000e-01  2.712925e-01
2.310000e-01  2.700786e-01
2.340000e-01  2.688829e-01
2.370000e-01  2.677050e-01
2.400000e-01  2.665444e-01
2.430000e-01  2.654006e-01
2.460000e-01  2.642732e-01
2.490000e-01  2.631616e-01
2.520000e-01  2.620656e-01
2.550000e-01  2.609846e-01
2.580000e-01  2.599184e-01
2.610000e-01  2.588665e-01
2.640000e-01  2.578285e-01
2.670000e-01  2.568042e-01
2.700000e-01  2.557931e-01
2.730000e-01  2.547951e-01
2.760000e-01  2.538097e-01
2.790000e-01  2.528366e-01
2.820000e-01  2.518756e-01
2.850000e-01  2.509264e-01
2.880000e-01  2.499887e-01
2.910000e-01  2.490623e-01
2.940000e-01  2.481468e-01
2.970000e-01  2.472421e-01
3.000000e-01  2.463479e-01
3.030000e-01  2.454640e-01
3.060000e-01  2.445901e-01
3.090000e-01  2.437260e-01
3.120000e-01  2.428716e-01
3.150000e-01  2.420267e-01
3.180000e-01  2.411909e-01
3.210000e-01  2.403642e-01
3.240000e-01  2.395463e-01
3.270000e-01  2.387371e-01
3.300000e-01  2.379364e-01
3.330000e-01  2.371441e-01
3.360000e-01  2.363599e-01
3.390000e-01  2.355836e-01
3.420000e-01  2.348153e-01
3.450000e-01  2.340546e-01
3.480000e-01  2.333015e-01
3.510000e-01  2.325557e-01
3.540000e-01  2.318173e-01
3.570000e-01  2.310859e-01
3.600000e-01  2.303616e-01
3.630000e-01  2.296441e-01
3.660000e-01  2.289334e-01
3.690000e-01  2.282293e-01
3.720000e-01  2.275317e-01
3.750000e-01  2.268404e-01
3.780000e-01  2.261555e-01
3.810000e-01  2.254767e-01
3.840000e-01  2.248039e-01
3.870000e-01  2.241371e-01
3.900000e-01  2.234762e-01
3.930000e-01  2.228210e-01
3.960000e-01  2.221714e-01
3.990000e-01  2.215274e-01
4.020000e-01  2.208889e-01
4.050000e-01  2.202558e-01
4.080000e-01  2.196279e-01
4.110000e-01  2.190052e-01
4.140000e-01  2.183876e-01
4.170000e-01  2.177751e-01
4.200000e-01  2.171676e-01
4.230000e-01  2.165649e-01
4.260000e-01  2.159669e-01
4.290000e-01  2.153738e-01
4.320000e-01  2.147852e-01
4.350000e-01  2.142013e-01
4.380000e-01  2.136218e-01
4.410000e-01  2.130468e-01
4.440000e-01  2.124762e-01
4.470000e-01  2.119098e-01
4.500000e-01  2.113477e-01
4.530000e-01  2.107898e-01
4.560000e-01  2.102360e-01
4.590000e-01  2.096863e-01
4.620000e-01  2.091405e-01
4.650000e-01  2.085987e-01
4.680000e-01  2.080608e-01
4.710000e-01  2.075267e-01
4.740000e-01  2.069964e-01
4.770000e-01  2.064698e-01
4.800000e-01  2.059468e-01
4.830000e-01  2.054275e-01
4.860000e-01  2.049117e-01
4.890000e-01  2.043995e-01
4.920000e-01  2.038907e-01
4.950000e-01  2.033854e-01
4.980000e-01  2.028834e-01
5.010000e-01  2.023847e-01
5.040000e-01  2.018893e-01
5.070000e-01  2.013972e-01
5.100000e-01  2.009083e-01
5.130000e-01  2.004225e-01
5.160000e-01  1.999399e-01
5.190000e-01  1.994603e-01
5.220000e-01  1.989837e-01
5.250000e-01  1.985101e-01
5.280000e-01  1.980395e-01
5.310000e-01  1.975718e-01
5.340000e-01  1.971070e-01
5.370000e-01  1.966451e-01
5.400000e-01  1.961859e-01
5.430000e-01  1.957295e-01
5.460000e-01  1.952759e-01
5.490000e-01  1.948249e-01
5.520000e-01  1.943767e-01
5.550000e-01  1.939310e-01
5.580000e-01  1.934880e-01
5.610000e-01  1.930476e-01
5.640000e-01  1.926097e-01
5.670000e-01  1.921743e-01
5.700000e-01  1.917414e-01
5.730000e-01  1.913109e-01
5.760000e-01  1.908829e-01
5.790000e-01  1.904572e-01
5.820000e-01  1.900340e-01
5.850000e-01  1.896130e-01
5.880000e-01  1.891944e-01
5.910000e-01  1.887781e-01
5.940000e-01  1.883640e-01
5.970000e-01  1.879522e-01
6.000000e-01  1.875426e-01
6.030000e-01  1.871351e-01
6.060000e-01  1.867298e-01
6.090000e-01  1.863267e-01
6.120000e-01  1.859256e-01
6.150000e-01  1.855267e-01
6.180000e-01  1.851298e-01
6.210000e-01  1.847350e-01
6.240000e-01  1.843421e-01
6.270000e-01  1.839513e-01
6.300000e-01  1.835624e-01
6.330000e-01  1.831755e-01
6.360000e-01  1.827905e-01
6.390000e-01  1.824074e-01
6.420000e-01  1.820263e-01
6.450000e-01  1.816469e-01
6.480000e-01  1.812695e-01
6.510000e-01  1.808938e-01
6.540000e-01  1.805200e-01
6.570000e-01  1.801480e-01
6.600000e-01  1.797777e-01
6.630000e-01  1.794092e-01
6.660000e-01  1.790424e-01
6.690000e-01  1.786774e-01
6.720000e-01  1.783140e-01
6.750000e-01  1.779524e-01
6.780000e-01  1.775923e-01
6.810000e-01  1.772340e-01
6.840000e-01  1.768773e-01
6.870000e-01  1.765221e-01
6.900000e-01  1.761686e-01
6.930000e-01  1.758167e-01
6.960000e-01  1.754663e-01
6.990000e-01  1.751175e-01
7.020000e-01  1.747702e-01
7.050000e-01  1.744244e-01
7.080000e-01  1.740802e-01
7.110000e-01  1.737374e-01
7.140000e-01  1.733961e-01
7.170000e-01  1.730563e-01
7.200000e-01  1.727179e-01
7.230000e-01  1.723809e-01
7.260000e-01  1.720454e-01
7.290000e-01  1.717112e-01
7.320000e-01  1.713785e-01
7.350000e-01  1.710471e-01
7.380000e-01  1.707171e-01
7.410000e-01  1.703884e-01
7.440000e-01  1.700611e-01
7.470000e-01  1.697351e-01
7.500000e-01  1.694104e-01
7.530000e-01  1.690870e-01
7.560000e-01  1.687649e-01
7.590000e-01  1.684441e-01
7.620000e-01  1.681245e-01
7.650000e-01  1.678062e-01
7.680000e-01  1.674892e-01
7.710000e-01  1.671733e-01
7.740000e-01  1.668587e-01
7.770000e-01  1.665453e-01
7.800000e-01  1.662331e-01
7.830000e-01  1.659220e-01
7.860000e-01  1.656122e-01
7.890000e-01  1.653034e-01
7.920000e-01  1.649959e-01
7.950000e-01  1.646895e-01
7.980000e-01  1.643842e-01
8.010000e-01  1.640800e-01
8.040000e-01  1.637770e-01
8.070000e-01  1.634750e-01
8.100000e-01  1.631742e-01
8.130000e-01  1.628744e-01
8.160000e-01  1.625757e-01
8.190000e-01  1.622780e-01
8.220000e-01  1.619814e-01
8.250000e-01  1.616859e-01
8.280000e-01  1.613913e-01
8.310000e-01  1.610978e-01
8.340000e-01  1.608054e-01
8.370000e-01  1.605139e-01
8.400000e-01  1.602234e-01
8.430000e-01  1.599339e-01
8.460000e-01  1.596454e-01
8.490000e-01  1.593578e-01
8.520000e-01  1.590712e-01
8.550000e-01  1.587856e-01
8.580000e-01  1.585009e-01
8.610000e-01  1.582172e-01
8.640000e-01  1.579344e-01
8.670000e-01  1.576525e-01
8.700000e-01  1.573715e-01
8.730000e-01  1.570914e-01
8.760000e-01  1.568122e-01
8.790000e-01  1.565339e-01
8.820000e-01  1.562565e-01
8.850000e-01  1.559799e-01
8.880000e-01  1.557043e-01
8.910000e-01  1.554294e-01
8.940000e-01  1.551555e-01
8.970000e-01  1.548824e-01
9.000000e-01  1.546101e-01
9.030000e-01  1.543386e-01
9.060000e-01  1.540680e-01
9.090000e-01  1.537982e-01
9.120000e-01  1.535292e-01
9.150000e-01  1.532610e-01
9.180000e-01  1.529936e-01
9.210000e-01  1.527270e-01
9.240000e-01  1.524611e-01
9.270000e-01  1.521961e-01
9.300000e-01  1.519318e-01
9.330000e-01  1.516682e-01
9.360000e-01  1.514055e-01
9.390000e-01  1.511434e-01
9.420000e-01  1.508822e-01
9.450000e-01  1.506216e-01
9.480000e-01  1.503618e-01
9.510000e-01  1.501027e-01
9.540000e-01  1.498443e-01
9.570000e-01  1.495867e-01
9.600000e-01  1.493297e-01
9.630000e-01  1.490735e-01
9.660000e-01  1.488179e-01
9.690000e-01  1.485630e-01
9.720000e-01  1.483088e-01
9.750000e-01  1.480553e-01
9.780000e-01  1.478025e-01
9.810000e-01  1.475503e-01
9.840000e-01  1.472988e-01
9.870000e-01  1.470480e-01
9.900000e-01  1.467977e-01
9.930000e-01  1.465482e-01
9.960000e-01  1.462992e-01
9.990000e-01  1.460509e-01
