000000  000001
3.000000e-03  7.162449e-01
6.000000e-03  6.235682e-01
9.000000e-03  5.689246e-01
1.200000e-02  5.308019e-01
1.500000e-02  5.018439e-01
1.800000e-02  4.786734e-01
2.100000e-02  4.594688e-01
2.400000e-02  4.431396e-01
2.700000e-02  4.289837e-01
3.000000e-02  4.165235e-01
3.300000e-02  4.054204e-01
3.600000e-02  3.954259e-01
3.900000e-02  3.863527e-01
4.200000e-02  3.780560e-01
4.500000e-02  3.704221e-01
4.800000e-02  3.633598e-01
5.100000e-02  3.567952e-01
5.400000e-02  3.506673e-01
5.700000e-02  3.449256e-01
6.000000e-02  3.395276e-01
6.300000e-02  3.344371e-01
6.600000e-02  3.296233e-01
6.900000e-02  3.250598e-01
7.200000e-02  3.207235e-01
7.500000e-02  3.165943e-01
7.800000e-02  3.126547e-01
8.100000e-02  3.088892e-01
8.400000e-02  3.052840e-01
8.700000e-02  3.018270e-01
9.000000e-02  2.985072e-01
9.300000e-02  2.953148e-01
9.600000e-02  2.922411e-01
9.900000e-02  2.892780e-01
1.020000e-01  2.864183e-01
1.050000e-01  2.836557e-01
1.080000e-01  2.809840e-01
1.110000e-01  2.783978e-01
1.140000e-01  2.758921e-01
1.170000e-01  2.734625e-01
1.200000e-01  2.711045e-01
1.230000e-01  2.688145e-01
1.260000e-01  2.665888e-01
1.290000e-01  2.644240e-01
1.320000e-01  2.623172e-01
1.350000e-01  2.602654e-01
1.380000e-01  2.582660e-01
1.410000e-01  2.563165e-01
1.440000e-01  2.544146e-01
1.470000e-01  2.525582e-01
1.500000e-01  2.507452e-01
1.530000e-01  2.489738e-01
1.560000e-01  2.472421e-01
1.590000e-01  2.455485e-01
1.620000e-01  2.438914e-01
1.650000e-01  2.422694e-01
1.680000e-01  2.406811e-01
1.710000e-01  2.391251e-01
1.740000e-01  2.376002e-01
1.770000e-01  2.361052e-01
1.800000e-01  2.346391e-01
1.830000e-01  2.332006e-01
1.860000e-01  2.317890e-01
1.890000e-01  2.304032e-01
1.920000e-01  2.290423e-01
1.950000e-01  2.277055e-01
1.980000e-01  2.263919e-01
2.010000e-01  2.251007e-01
2.040000e-01  2.238314e-01
2.070000e-01  2.225830e-01
2.100000e-01  2.213550e-01
2.130000e-01  2.201467e-01
2.160000e-01  2.189575e-01
2.190000e-01  2.177869e-01
2.220000e-01  2.166341e-01
2.250000e-01  2.154988e-01
2.280000e-01  2.143805e-01
2.310000e-01  2.132785e-01
2.340000e-01  2.121925e-01
2.370000e-01  2.111219e-01
2.400000e-01  2.100664e-01
2.430000e-01  2.090256e-01
2.460000e-01  2.079990e-01
2.490000e-01  2.069862e-01
2.520000e-01  2.059869e-01
2.550000e-01  2.050007e-01
2.580000e-01  2.040274e-01
2.610000e-01  2.030664e-01
2.640000e-01  2.021176e-01
2.670000e-01  2.011806e-01
2.700000e-01  2.002551e-01
2.730000e-01  1.993408e-01
2.760000e-01  1.984375e-01
2.790000e-01  1.975449e-01
2.820000e-01  1.966628e-01
2.850000e-01  1.957908e-01
2.880000e-01  1.949288e-01
2.910000e-01  1.940764e-01
2.940000e-01  1.932336e-01
2.970000e-01  1.924000e-01
3.000000e-01  1.915755e-01
3.030000e-01  1.907599e-01
3.060000e-01  1.899529e-01
3.090000e-01  1.891543e-01
3.120000e-01  1.883640e-01
3.150000e-01  1.875819e-01
3.180000e-01  1.868076e-01
3.210000e-01  1.860411e-01
3.240000e-01  1.852822e-01
3.270000e-01  1.845307e-01
3.300000e-01  1.837865e-01
3.330000e-01  1.830494e-01
3.360000e-01  1.823193e-01
3.390000e-01  1.815960e-01
3.420000e-01  1.808794e-01
3.450000e-01  1.801694e-01
3.480000e-01  1.794658e-01
3.510000e-01  1.787685e-01
3.540000e-01  1.780774e-01
3.570000e-01  1.773923e-01
3.600000e-01  1.767132e-01
3.630000e-01  1.760399e-01
3.660000e-01  1.753722e-01
3.690000e-01  1.747102e-01
3.720000e-01  1.740538e-01
3.750000e-01  1.734026e-01
3.780000e-01  1.727568e-01
3.810000e-01  1.721162e-01
3.840000e-01  1.714807e-01
3.870000e-01  1.708502e-01
3.900000e-01  1.702246e-01
3.930000e-01  1.696038e-01
3.960000e-01  1.689878e-01
3.990000e-01  1.683764e-01
4.020000e-01  1.677696e-01
4.050000e-01  1.671673e-01
4.080000e-01  1.665694e-01
4.110000e-01  1.659758e-01
4.140000e-01  1.653865e-01
4.170000e-01  1.648013e-01
4.200000e-01  1.642203e-01
4.230000e-01  1.636433e-01
4.260000e-01  1.630703e-01
4.290000e-01  1.625012e-01
4.320000e-01  1.619359e-01
4.350000e-01  1.613744e-01
4.380000e-01  1.608166e-01
4.410000e-01  1.602624e-01
4.440000e-01  1.597119e-01
4.470000e-01  1.591648e-01
4.500000e-01  1.586213e-01
4.530000e-01  1.580811e-01
4.560000e-01  1.575443e-01
4.590000e-01  1.570107e-01
4.620000e-01  1.564805e-01
4.650000e-01  1.559534e-01
4.680000e-01  1.554294e-01
4.710000e-01  1.549086e-01
4.740000e-01  1.543908e-01
4.770000e-01  1.538759e-01
4.800000e-01  1.533640e-01
4.830000e-01  1.528550e-01
4.860000e-01  1.523489e-01
4.890000e-01  1.518455e-01
4.920000e-01  1.513449e-01
4.950000e-01  1.508470e-01
4.980000e-01  1.503518e-01
5.010000e-01  1.498592e-01
5.040000e-01  1.493692e-01
5.070000e-01  1.488817e-01
5.100000e-01  1.483968e-01
5.130000e-01  1.479142e-01
5.160000e-01  1.474342e-01
5.190000e-01  1.469565e-01
5.220000e-01  1.464811e-01
5.250000e-01  1.460080e-01
5.280000e-01  1.455373e-01
5.310000e-01  1.450687e-01
5.340000e-01  1.446023e-01
5.370000e-01  1.441382e-01
5.400000e-01  1.436761e-01
5.430000e-01  1.432161e-01
5.460000e-01  1.427582e-01
5.490000e-01  1.423023e-01
5.520000e-01  1.418485e-01
5.550000e-01  1.413965e-01
5.580000e-01  1.409466e-01
5.610000e-01  1.404985e-01
5.640000e-01  1.400522e-01
5.670000e-01  1.396078e-01
5.700000e-01  1.391653e-01
5.730000e-01  1.387244e-01
5.760000e-01  1.382854e-01
5.790000e-01  1.378480e-01
5.820000e-01  1.374124e-01
5.850000e-01  1.369784e-01
5.880000e-01  1.365460e-01
5.910000e-01  1.361152e-01
5.940000e-01  1.356861e-01
5.970000e-01  1.352584e-01
6.000000e-01  1.348323e-01
6.030000e-01  1.344077e-01
6.060000e-01  1.339845e-01
6.090000e-01  1.335628e-01
6.120000e-01  1.331425e-01
6.150000e-01  1.327236e-01
6.180000e-01  1.323060e-01
6.210000e-01  1.318898e-01
6.240000e-01  1.314749e-01
6.270000e-01  1.310613e-01
6.300000e-01  1.306489e-01
6.330000e-01  1.302378e-01
6.360000e-01  1.298279e-01
6.390000e-01  1.294191e-01
6.420000e-01  1.290116e-01
6.450000e-01  1.286051e-01
6.480000e-01  1.281998e-01
6.510000e-01  1.277956e-01
6.540000e-01  1.273925e-01
6.570000e-01  1.269904e-01
6.600000e-01  1.265893e-01
6.630000e-01  1.261892e-01
6.660000e-01  1.257901e-01
6.690000e-01  1.253919e-01
6.720000e-01  1.249947e-01
6.750000e-01  1.245983e-01
6.780000e-01  1.242029e-01
6.810000e-01  1.238083e-01
6.840000e-01  1.234145e-01
6.870000e-01  1.230215e-01
6.900000e-01  1.226293e-01
6.930000e-01  1.222379e-01
6.960000e-01  1.218472e-01
6.990000e-01  1.214573e-01
7.020000e-01  1.210680e-01
7.050000e-01  1.206794e-01
7.080000e-01  1.202915e-01
7.110000e-01  1.199041e-01
7.140000e-01  1.195174e-01
7.170000e-01  1.191313e-01
7.200000e-01  1.187457e-01
7.230000e-01  1.183606e-01
7.260000e-01  1.179760e-01
7.290000e-01  1.175919e-01
7.320000e-01  1.172083e-01
7.350000e-01  1.168251e-01
7.380000e-01  1.164423e-01
7.410000e-01  1.160598e-01
7.440000e-01  1.156778e-01
7.470000e-01  1.152960e-01
7.500000e-01  1.149146e-01
7.530000e-01  1.145334e-01
7.560000e-01  1.141525e-01
7.590000e-01  1.137718e-01
7.620000e-01  1.133914e-01
7.650000e-01  1.130111e-01
7.680000e-01  1.126309e-01
7.710000e-01  1.122508e-01
7.740000e-01  1.118709e-01
7.770000e-01  1.114910e-01
7.800000e-01  000000
7.830000e-01  000000
7.860000e-01  000000
7.890000e-01  000000
7.920000e-01  000000
7.950000e-01  000000
7.980000e-01  000000
8.010000e-01  000000
8.040000e-01  000000
8.070000e-01  000000
8.100000e-01  000000
8.130000e-01  000000
8.160000e-01  000000
8.190000e-01  000000
8.220000e-01  000000
8.250000e-01  000000
8.280000e-01  000000
8.310000e-01  000000
8.340000e-01  000000
8.370000e-01  000000
8.400000e-01  000000
8.430000e-01  000000
8.460000e-01  000000
8.490000e-01  000000
8.520000e-01  000000
8.550000e-01  000000
8.580000e-01  000000
8.610000e-01  000000
8.640000e-01  000000
8.670000e-01  000000
8.700000e-01  000000
8.730000e-01  000000
8.760000e-01  000000
8.790000e-01  000000
8.820000e-01  000000
8.850000e-01  000000
8.880000e-01  000000
8.910000e-01  000000
8.940000e-01  000000
8.970000e-01  000000
9.000000e-01  000000
9.030000e-01  000000
9.060000e-01  000000
9.090000e-01  000000
9.120000e-01  000000
9.150000e-01  000000
9.180000e-01  000000
9.210000e-01  000000
9.240000e-01  000000
9.270000e-01  000000
9.300000e-01  000000
9.330000e-01  000000
9.360000e-01  000000
9.390000e-01  000000
9.420000e-01  000000
9.450000e-01  000000
9.480000e-01  000000
9.510000e-01  000000
9.540000e-01  000000
9.570000e-01  000000
9.600000e-01  000000
9.630000e-01  000000
9.660000e-01  000000
9.690000e-01  000000
9.720000e-01  000000
9.750000e-01  000000
9.780000e-01  000000
9.810000e-01  000000
9.840000e-01  000000
9.870000e-01  000000
9.900000e-01  000000
9.930000e-01  000000
9.960000e-01  000000
9.990000e-01  000000
