000000  000001
3.000000e-03  8.362578e-01
6.000000e-03  7.568417e-01
9.000000e-03  7.048518e-01
1.200000e-02  6.665610e-01
1.500000e-02  6.364631e-01
1.800000e-02  6.117974e-01
2.100000e-02  5.909859e-01
2.400000e-02  5.730437e-01
2.700000e-02  5.573158e-01
3.000000e-02  5.433455e-01
3.300000e-02  5.308019e-01
3.600000e-02  5.194378e-01
3.900000e-02  5.090642e-01
4.200000e-02  4.995332e-01
4.500000e-02  4.907270e-01
4.800000e-02  4.825505e-01
5.100000e-02  4.749257e-01
5.400000e-02  4.677879e-01
5.700000e-02  4.610830e-01
6.000000e-02  4.547651e-01
6.300000e-02  4.487952e-01
6.600000e-02  4.431396e-01
6.900000e-02  4.377694e-01
7.200000e-02  4.326592e-01
7.500000e-02  4.277867e-01
7.800000e-02  4.231326e-01
8.100000e-02  4.186795e-01
8.400000e-02  4.144120e-01
8.700000e-02  4.103165e-01
9.000000e-02  4.063807e-01
9.300000e-02  4.025935e-01
9.600000e-02  3.989449e-01
9.900000e-02  3.954259e-01
1.020000e-01  3.920283e-01
1.050000e-01  3.887447e-01
1.080000e-01  3.855682e-01
1.110000e-01  3.824926e-01
1.140000e-01  3.795122e-01
1.170000e-01  3.766217e-01
1.200000e-01  3.738162e-01
1.230000e-01  3.710912e-01
1.260000e-01  3.684427e-01
1.290000e-01  3.658668e-01
1.320000e-01  3.633598e-01
1.350000e-01  3.609186e-01
1.380000e-01  3.585399e-01
1.410000e-01  3.562209e-01
1.440000e-01  3.539589e-01
1.470000e-01  3.517514e-01
1.500000e-01  3.495960e-01
1.530000e-01  3.474905e-01
1.560000e-01  3.454328e-01
1.590000e-01  3.434210e-01
1.620000e-01  3.414532e-01
1.650000e-01  3.395276e-01
1.680000e-01  3.376426e-01
1.710000e-01  3.357967e-01
1.740000e-01  3.339884e-01
1.770000e-01  3.322164e-01
1.800000e-01  3.304792e-01
1.830000e-01  3.287757e-01
1.860000e-01  3.271046e-01
1.890000e-01  3.254649e-01
1.920000e-01  3.238555e-01
1.950000e-01  3.222753e-01
1.980000e-01  3.207235e-01
2.010000e-01  3.191989e-01
2.040000e-01  3.177009e-01
2.070000e-01  3.162286e-01
2.100000e-01  3.147811e-01
2.130000e-01  3.133576e-01
2.160000e-01  3.119576e-01
2.190000e-01  3.105801e-01
2.220000e-01  3.092247e-01
2.250000e-01  3.078906e-01
2.280000e-01  3.065773e-01
2.310000e-01  3.052840e-01
2.340000e-01  3.040104e-01
2.370000e-01  3.027558e-01
2.400000e-01  3.015197e-01
2.430000e-01  3.003016e-01
2.460000e-01  2.991010e-01
2.490000e-01  2.979176e-01
2.520000e-01  2.967507e-01
2.550000e-01  2.956000e-01
2.580000e-01  2.944651e-01
2.610000e-01  2.933456e-01
2.640000e-01  2.922411e-01
2.670000e-01  2.911512e-01
2.700000e-01  2.900755e-01
2.730000e-01  2.890138e-01
2.760000e-01  2.879657e-01
2.790000e-01  2.869309e-01
2.820000e-01  2.859090e-01
2.850000e-01  2.848998e-01
2.880000e-01  2.839030e-01
2.910000e-01  2.829182e-01
2.940000e-01  2.819453e-01
2.970000e-01  2.809840e-01
3.000000e-01  2.800339e-01
3.030000e-01  2.790949e-01
3.060000e-01  2.781667e-01
3.090000e-01  2.772491e-01
3.120000e-01  2.763419e-01
3.150000e-01  2.754449e-01
3.180000e-01  2.745577e-01
3.210000e-01  2.736803e-01
3.240000e-01  2.728124e-01
3.270000e-01  2.719539e-01
3.300000e-01  2.711045e-01
3.330000e-01  2.702641e-01
3.360000e-01  2.694325e-01
3.390000e-01  2.686096e-01
3.420000e-01  2.677950e-01
3.450000e-01  2.669888e-01
3.480000e-01  2.661907e-01
3.510000e-01  2.654006e-01
3.540000e-01  2.646184e-01
3.570000e-01  2.638438e-01
3.600000e-01  2.630768e-01
3.630000e-01  2.623172e-01
3.660000e-01  2.615648e-01
3.690000e-01  2.608196e-01
3.720000e-01  2.600815e-01
3.750000e-01  2.593502e-01
3.780000e-01  2.586257e-01
3.810000e-01  2.579079e-01
3.840000e-01  2.571966e-01
3.870000e-01  2.564917e-01
3.900000e-01  2.557931e-01
3.930000e-01  2.551008e-01
3.960000e-01  2.544146e-01
3.990000e-01  2.537344e-01
4.020000e-01  2.530601e-01
4.050000e-01  2.523916e-01
4.080000e-01  2.517288e-01
4.110000e-01  2.510717e-01
4.140000e-01  2.504201e-01
4.170000e-01  2.497739e-01
4.200000e-01  2.491331e-01
4.230000e-01  2.484976e-01
4.260000e-01  2.478673e-01
4.290000e-01  2.472421e-01
4.320000e-01  2.466219e-01
4.350000e-01  2.460067e-01
4.380000e-01  2.453964e-01
4.410000e-01  2.447909e-01
4.440000e-01  2.441901e-01
4.470000e-01  2.435940e-01
4.500000e-01  2.430025e-01
4.530000e-01  2.424155e-01
4.560000e-01  2.418330e-01
4.590000e-01  2.412549e-01
4.620000e-01  2.406811e-01
4.650000e-01  2.401116e-01
4.680000e-01  2.395463e-01
4.710000e-01  2.389852e-01
4.740000e-01  2.384282e-01
4.770000e-01  2.378752e-01
4.800000e-01  2.373262e-01
4.830000e-01  2.367811e-01
4.860000e-01  2.362399e-01
4.890000e-01  2.357025e-01
4.920000e-01  2.351689e-01
4.950000e-01  2.346391e-01
4.980000e-01  2.341128e-01
5.010000e-01  2.335902e-01
5.040000e-01  2.330712e-01
5.070000e-01  2.325557e-01
5.100000e-01  2.320437e-01
5.130000e-01  2.315352e-01
5.160000e-01  2.310300e-01
5.190000e-01  2.305281e-01
5.220000e-01  2.300296e-01
5.250000e-01  2.295344e-01
5.280000e-01  2.290423e-01
5.310000e-01  2.285534e-01
5.340000e-01  2.280677e-01
5.370000e-01  2.275851e-01
5.400000e-01  2.271055e-01
5.430000e-01  2.266290e-01
5.460000e-01  2.261555e-01
5.490000e-01  2.256849e-01
5.520000e-01  2.252172e-01
5.550000e-01  2.247524e-01
5.580000e-01  2.242905e-01
5.610000e-01  2.238314e-01
5.640000e-01  2.233750e-01
5.670000e-01  2.229214e-01
5.700000e-01  2.224705e-01
5.730000e-01  2.220223e-01
5.760000e-01  2.215768e-01
5.790000e-01  2.211339e-01
5.820000e-01  2.206935e-01
5.850000e-01  2.202558e-01
5.880000e-01  2.198205e-01
5.910000e-01  2.193878e-01
5.940000e-01  2.189575e-01
5.970000e-01  2.185297e-01
6.000000e-01  2.181043e-01
6.030000e-01  2.176813e-01
6.060000e-01  2.172607e-01
6.090000e-01  2.168424e-01
6.120000e-01  2.164264e-01
6.150000e-01  2.160128e-01
6.180000e-01  2.156013e-01
6.210000e-01  2.151922e-01
6.240000e-01  2.147852e-01
6.270000e-01  2.143805e-01
6.300000e-01  2.139779e-01
6.330000e-01  2.135774e-01
6.360000e-01  2.131791e-01
6.390000e-01  2.127829e-01
6.420000e-01  2.123888e-01
6.450000e-01  2.119967e-01
6.480000e-01  2.116066e-01
6.510000e-01  2.112186e-01
6.540000e-01  2.108326e-01
6.570000e-01  2.104485e-01
6.600000e-01  2.100664e-01
6.630000e-01  2.096863e-01
6.660000e-01  2.093080e-01
6.690000e-01  2.089317e-01
6.720000e-01  2.085572e-01
6.750000e-01  2.081846e-01
6.780000e-01  2.078138e-01
6.810000e-01  2.074449e-01
6.840000e-01  2.070777e-01
6.870000e-01  2.067123e-01
6.900000e-01  2.063488e-01
6.930000e-01  2.059869e-01
6.960000e-01  2.056268e-01
6.990000e-01  2.052684e-01
7.020000e-01  2.049117e-01
7.050000e-01  2.045567e-01
7.080000e-01  2.042034e-01
7.110000e-01  2.038517e-01
7.140000e-01  2.035017e-01
7.170000e-01  2.031533e-01
7.200000e-01  2.028064e-01
7.230000e-01  2.024612e-01
7.260000e-01  2.021176e-01
7.290000e-01  2.017755e-01
7.320000e-01  2.014350e-01
7.350000e-01  2.010960e-01
7.380000e-01  2.007585e-01
7.410000e-01  2.004225e-01
7.440000e-01  2.000880e-01
7.470000e-01  1.997550e-01
7.500000e-01  1.994235e-01
7.530000e-01  1.990934e-01
7.560000e-01  1.987648e-01
7.590000e-01  1.984375e-01
7.620000e-01  1.981117e-01
7.650000e-01  1.977873e-01
7.680000e-01  1.974643e-01
7.710000e-01  1.971427e-01
7.740000e-01  1.968224e-01
7.770000e-01  1.965035e-01
7.800000e-01  1.961859e-01
7.830000e-01  1.958697e-01
7.860000e-01  1.955547e-01
7.890000e-01  1.952411e-01
7.920000e-01  1.949288e-01
7.950000e-01  1.946177e-01
7.980000e-01  1.943079e-01
8.010000e-01  1.939994e-01
8.040000e-01  1.936922e-01
8.070000e-01  1.933861e-01
8.100000e-01  1.930814e-01
8.130000e-01  1.927778e-01
8.160000e-01  1.924754e-01
8.190000e-01  1.921743e-01
8.220000e-01  1.918743e-01
8.250000e-01  1.915755e-01
8.280000e-01  1.912779e-01
8.310000e-01  1.909814e-01
8.340000e-01  1.906861e-01
8.370000e-01  1.903920e-01
8.400000e-01  1.900989e-01
8.430000e-01  1.898070e-01
8.460000e-01  1.895162e-01
8.490000e-01  1.892266e-01
8.520000e-01  1.889380e-01
8.550000e-01  1.886505e-01
8.580000e-01  1.883640e-01
8.610000e-01  1.880787e-01
8.640000e-01  1.877944e-01
8.670000e-01  1.875111e-01
8.700000e-01  1.872290e-01
8.730000e-01  1.869478e-01
8.760000e-01  1.866677e-01
8.790000e-01  1.863886e-01
8.820000e-01  1.861105e-01
8.850000e-01  1.858334e-01
8.880000e-01  1.855573e-01
8.910000e-01  1.852822e-01
8.940000e-01  1.850081e-01
8.970000e-01  1.847350e-01
9.000000e-01  1.844628e-01
9.030000e-01  1.841915e-01
9.060000e-01  1.839213e-01
9.090000e-01  1.836520e-01
9.120000e-01  1.833836e-01
9.150000e-01  1.831161e-01
9.180000e-01  1.828496e-01
9.210000e-01  1.825840e-01
9.240000e-01  1.823193e-01
9.270000e-01  1.820555e-01
9.300000e-01  1.817926e-01
9.330000e-01  1.815306e-01
9.360000e-01  1.812695e-01
9.390000e-01  1.810092e-01
9.420000e-01  1.807499e-01
9.450000e-01  1.804913e-01
9.480000e-01  1.802337e-01
9.510000e-01  1.799769e-01
9.540000e-01  1.797209e-01
9.570000e-01  1.794658e-01
9.600000e-01  1.792115e-01
9.630000e-01  1.789581e-01
9.660000e-01  1.787054e-01
9.690000e-01  1.784536e-01
9.720000e-01  1.782026e-01
9.750000e-01  1.779524e-01
9.780000e-01  1.777029e-01
9.810000e-01  1.774543e-01
9.840000e-01  1.772065e-01
9.870000e-01  1.769594e-01
9.900000e-01  1.767132e-01
9.930000e-01  1.764677e-01
9.960000e-01  1.762229e-01
9.990000e-01  1.759789e-01
