000000  000001
3.000000e-03  7.281410e-01
6.000000e-03  6.359893e-01
9.000000e-03  5.812322e-01
1.200000e-02  5.428829e-01
1.500000e-02  5.136835e-01
1.800000e-02  4.902817e-01
2.100000e-02  4.708622e-01
2.400000e-02  4.543352e-01
2.700000e-02  4.399975e-01
3.000000e-02  4.273700e-01
3.300000e-02  4.161126e-01
3.600000e-02  4.059752e-01
3.900000e-02  3.967693e-01
4.200000e-02  3.883490e-01
4.500000e-02  3.805995e-01
4.800000e-02  3.734290e-01
5.100000e-02  3.667626e-01
5.400000e-02  3.605389e-01
5.700000e-02  3.547067e-01
6.000000e-02  3.492231e-01
6.300000e-02  3.440515e-01
6.600000e-02  3.391607e-01
6.900000e-02  3.345239e-01
7.200000e-02  3.301178e-01
7.500000e-02  3.259221e-01
7.800000e-02  3.219189e-01
8.100000e-02  3.180926e-01
8.400000e-02  3.144292e-01
8.700000e-02  3.109164e-01
9.000000e-02  3.075430e-01
9.300000e-02  3.042992e-01
9.600000e-02  3.011760e-01
9.900000e-02  2.981653e-01
1.020000e-01  2.952599e-01
1.050000e-01  2.924531e-01
1.080000e-01  2.897388e-01
1.110000e-01  2.871115e-01
1.140000e-01  2.845662e-01
1.170000e-01  2.820981e-01
1.200000e-01  2.797032e-01
1.230000e-01  2.773773e-01
1.260000e-01  2.751169e-01
1.290000e-01  2.729185e-01
1.320000e-01  2.707791e-01
1.350000e-01  2.686958e-01
1.380000e-01  2.666658e-01
1.410000e-01  2.646867e-01
1.440000e-01  2.627560e-01
1.470000e-01  2.608717e-01
1.500000e-01  2.590316e-01
1.530000e-01  2.572338e-01
1.560000e-01  2.554766e-01
1.590000e-01  2.537582e-01
1.620000e-01  2.520770e-01
1.650000e-01  2.504315e-01
1.680000e-01  2.488203e-01
1.710000e-01  2.472421e-01
1.740000e-01  2.456956e-01
1.770000e-01  2.441796e-01
1.800000e-01  2.426930e-01
1.830000e-01  2.412347e-01
1.860000e-01  2.398036e-01
1.890000e-01  2.383990e-01
1.920000e-01  2.370197e-01
1.950000e-01  2.356650e-01
1.980000e-01  2.343340e-01
2.010000e-01  2.330259e-01
2.040000e-01  2.317400e-01
2.070000e-01  2.304755e-01
2.100000e-01  2.292318e-01
2.130000e-01  2.280083e-01
2.160000e-01  2.268042e-01
2.190000e-01  2.256191e-01
2.220000e-01  2.244522e-01
2.250000e-01  2.233032e-01
2.280000e-01  2.221714e-01
2.310000e-01  2.210564e-01
2.340000e-01  2.199577e-01
2.370000e-01  2.188748e-01
2.400000e-01  2.178072e-01
2.430000e-01  2.167547e-01
2.460000e-01  2.157166e-01
2.490000e-01  2.146927e-01
2.520000e-01  2.136826e-01
2.550000e-01  2.126859e-01
2.580000e-01  2.117023e-01
2.610000e-01  2.107313e-01
2.640000e-01  2.097728e-01
2.670000e-01  2.088264e-01
2.700000e-01  2.078917e-01
2.730000e-01  2.069686e-01
2.760000e-01  2.060566e-01
2.790000e-01  2.051556e-01
2.820000e-01  2.042653e-01
2.850000e-01  2.033854e-01
2.880000e-01  2.025156e-01
2.910000e-01  2.016558e-01
2.940000e-01  2.008058e-01
2.970000e-01  1.999652e-01
3.000000e-01  1.991339e-01
3.030000e-01  1.983116e-01
3.060000e-01  1.974982e-01
3.090000e-01  1.966936e-01
3.120000e-01  1.958973e-01
3.150000e-01  1.951094e-01
3.180000e-01  1.943296e-01
3.210000e-01  1.935578e-01
3.240000e-01  1.927937e-01
3.270000e-01  1.920373e-01
3.300000e-01  1.912883e-01
3.330000e-01  1.905467e-01
3.360000e-01  1.898121e-01
3.390000e-01  1.890846e-01
3.420000e-01  1.883640e-01
3.450000e-01  1.876502e-01
3.480000e-01  1.869429e-01
3.510000e-01  1.862421e-01
3.540000e-01  1.855476e-01
3.570000e-01  1.848594e-01
3.600000e-01  1.841773e-01
3.630000e-01  1.835012e-01
3.660000e-01  1.828309e-01
3.690000e-01  1.821665e-01
3.720000e-01  1.815077e-01
3.750000e-01  1.808544e-01
3.780000e-01  1.802066e-01
3.810000e-01  1.795642e-01
3.840000e-01  1.789270e-01
3.870000e-01  1.782949e-01
3.900000e-01  1.776680e-01
3.930000e-01  1.770460e-01
3.960000e-01  1.764290e-01
3.990000e-01  1.758167e-01
4.020000e-01  1.752091e-01
4.050000e-01  1.746062e-01
4.080000e-01  1.740079e-01
4.110000e-01  1.734140e-01
4.140000e-01  1.728246e-01
4.170000e-01  1.722394e-01
4.200000e-01  1.716586e-01
4.230000e-01  1.710819e-01
4.260000e-01  1.705093e-01
4.290000e-01  1.699408e-01
4.320000e-01  1.693763e-01
4.350000e-01  1.688157e-01
4.380000e-01  1.682589e-01
4.410000e-01  1.677060e-01
4.440000e-01  1.671567e-01
4.470000e-01  1.666112e-01
4.500000e-01  1.660692e-01
4.530000e-01  1.655308e-01
4.560000e-01  1.649959e-01
4.590000e-01  1.644644e-01
4.620000e-01  1.639364e-01
4.650000e-01  1.634116e-01
4.680000e-01  1.628901e-01
4.710000e-01  1.623719e-01
4.740000e-01  1.618569e-01
4.770000e-01  1.613449e-01
4.800000e-01  1.608361e-01
4.830000e-01  1.603303e-01
4.860000e-01  1.598275e-01
4.890000e-01  1.593276e-01
4.920000e-01  1.588306e-01
4.950000e-01  1.583365e-01
4.980000e-01  1.578452e-01
5.010000e-01  1.573567e-01
5.040000e-01  1.568709e-01
5.070000e-01  1.563878e-01
5.100000e-01  1.559073e-01
5.130000e-01  1.554294e-01
5.160000e-01  1.549542e-01
5.190000e-01  1.544814e-01
5.220000e-01  1.540111e-01
5.250000e-01  1.535433e-01
5.280000e-01  1.530779e-01
5.310000e-01  1.526149e-01
5.340000e-01  1.521543e-01
5.370000e-01  1.516959e-01
5.400000e-01  1.512399e-01
5.430000e-01  1.507861e-01
5.460000e-01  1.503345e-01
5.490000e-01  1.498851e-01
5.520000e-01  1.494378e-01
5.550000e-01  1.489927e-01
5.580000e-01  1.485496e-01
5.610000e-01  1.481086e-01
5.640000e-01  1.476697e-01
5.670000e-01  1.472327e-01
5.700000e-01  1.467977e-01
5.730000e-01  1.463647e-01
5.760000e-01  1.459336e-01
5.790000e-01  1.455043e-01
5.820000e-01  1.450769e-01
5.850000e-01  1.446513e-01
5.880000e-01  1.442276e-01
5.910000e-01  1.438056e-01
5.940000e-01  1.433854e-01
5.970000e-01  1.429668e-01
6.000000e-01  1.425500e-01
6.030000e-01  1.421349e-01
6.060000e-01  1.417214e-01
6.090000e-01  1.413096e-01
6.120000e-01  1.408993e-01
6.150000e-01  1.404906e-01
6.180000e-01  1.400835e-01
6.210000e-01  1.396779e-01
6.240000e-01  1.392738e-01
6.270000e-01  1.388712e-01
6.300000e-01  1.384700e-01
6.330000e-01  1.380703e-01
6.360000e-01  1.376720e-01
6.390000e-01  1.372752e-01
6.420000e-01  1.368796e-01
6.450000e-01  1.364855e-01
6.480000e-01  1.360926e-01
6.510000e-01  1.357011e-01
6.540000e-01  1.353109e-01
6.570000e-01  1.349219e-01
6.600000e-01  1.345342e-01
6.630000e-01  1.341477e-01
6.660000e-01  1.337624e-01
6.690000e-01  1.333783e-01
6.720000e-01  1.329953e-01
6.750000e-01  1.326135e-01
6.780000e-01  1.322329e-01
6.810000e-01  1.318533e-01
6.840000e-01  1.314749e-01
6.870000e-01  1.310975e-01
6.900000e-01  1.307211e-01
6.930000e-01  1.303458e-01
6.960000e-01  1.299716e-01
6.990000e-01  1.295982e-01
7.020000e-01  1.292259e-01
7.050000e-01  1.288546e-01
7.080000e-01  1.284842e-01
7.110000e-01  1.281147e-01
7.140000e-01  1.277461e-01
7.170000e-01  1.273784e-01
7.200000e-01  1.270115e-01
7.230000e-01  1.266455e-01
7.260000e-01  1.262804e-01
7.290000e-01  1.259160e-01
7.320000e-01  1.255525e-01
7.350000e-01  1.251897e-01
7.380000e-01  1.248277e-01
7.410000e-01  1.244664e-01
7.440000e-01  1.241059e-01
7.470000e-01  1.237460e-01
7.500000e-01  1.233869e-01
7.530000e-01  1.230284e-01
7.560000e-01  1.226706e-01
7.590000e-01  1.223134e-01
7.620000e-01  1.219568e-01
7.650000e-01  1.216009e-01
7.680000e-01  1.212455e-01
7.710000e-01  1.208907e-01
7.740000e-01  1.205364e-01
7.770000e-01  1.201827e-01
7.800000e-01  1.198295e-01
7.830000e-01  1.194767e-01
7.860000e-01  1.191245e-01
7.890000e-01  1.187727e-01
7.920000e-01  1.184213e-01
7.950000e-01  1.180704e-01
7.980000e-01  1.177199e-01
8.010000e-01  1.173697e-01
8.040000e-01  1.170200e-01
8.070000e-01  1.166705e-01
8.100000e-01  1.163214e-01
8.130000e-01  1.159727e-01
8.160000e-01  1.156242e-01
8.190000e-01  1.152759e-01
8.220000e-01  1.149280e-01
8.250000e-01  1.145802e-01
8.280000e-01  1.142327e-01
8.310000e-01  1.138854e-01
8.340000e-01  1.135382e-01
8.370000e-01  1.131912e-01
8.400000e-01  1.128443e-01
8.430000e-01  1.124975e-01
8.460000e-01  1.121508e-01
8.490000e-01  1.118042e-01
8.520000e-01  1.114577e-01
8.550000e-01  000000
8.580000e-01  000000
8.610000e-01  000000
8.640000e-01  000000
8.670000e-01  000000
8.700000e-01  000000
8.730000e-01  000000
8.760000e-01  000000
8.790000e-01  000000
8.820000e-01  000000
8.850000e-01  000000
8.880000e-01  000000
8.910000e-01  000000
8.940000e-01  000000
8.970000e-01  000000
9.000000e-01  000000
9.030000e-01  000000
9.060000e-01  000000
9.090000e-01  000000
9.120000e-01  000000
9.150000e-01  000000
9.180000e-01  000000
9.210000e-01  000000
9.240000e-01  000000
9.270000e-01  000000
9.300000e-01  000000
9.330000e-01  000000
9.360000e-01  000000
9.390000e-01  000000
9.420000e-01  000000
9.450000e-01  000000
9.480000e-01  000000
9.510000e-01  000000
9.540000e-01  000000
9.570000e-01  000000
9.600000e-01  000000
9.630000e-01  000000
9.660000e-01  000000
9.690000e-01  000000
9.720000e-01  000000
9.750000e-01  000000
9.780000e-01  000000
9.810000e-01  000000
9.840000e-01  000000
9.870000e-01  000000
9.900000e-01  000000
9.930000e-01  000000
9.960000e-01  000000
9.990000e-01  000000
