000000  000001
3.000000e-03  9.248625e-01
6.000000e-03  8.733434e-01
9.000000e-03  8.342181e-01
1.200000e-02  8.027594e-01
1.500000e-02  7.765149e-01
1.800000e-02  7.540460e-01
2.100000e-02  7.344354e-01
2.400000e-02  7.170623e-01
2.700000e-02  7.014871e-01
3.000000e-02  6.873874e-01
3.300000e-02  6.745192e-01
3.600000e-02  6.626943e-01
3.900000e-02  6.517636e-01
4.200000e-02  6.416079e-01
4.500000e-02  6.321297e-01
4.800000e-02  6.232489e-01
5.100000e-02  6.148982e-01
5.400000e-02  6.070213e-01
5.700000e-02  5.995700e-01
6.000000e-02  5.925031e-01
6.300000e-02  5.857851e-01
6.600000e-02  5.793849e-01
6.900000e-02  5.732754e-01
7.200000e-02  5.674328e-01
7.500000e-02  5.618361e-01
7.800000e-02  5.564666e-01
8.100000e-02  5.513075e-01
8.400000e-02  5.463438e-01
8.700000e-02  5.415622e-01
9.000000e-02  5.369505e-01
9.300000e-02  5.324977e-01
9.600000e-02  5.281939e-01
9.900000e-02  5.240299e-01
1.020000e-01  5.199975e-01
1.050000e-01  5.160891e-01
1.080000e-01  5.122976e-01
1.110000e-01  5.086168e-01
1.140000e-01  5.050407e-01
1.170000e-01  5.015637e-01
1.200000e-01  4.981810e-01
1.230000e-01  4.948877e-01
1.260000e-01  4.916796e-01
1.290000e-01  4.885526e-01
1.320000e-01  4.855029e-01
1.350000e-01  4.825270e-01
1.380000e-01  4.796216e-01
1.410000e-01  4.767836e-01
1.440000e-01  4.740102e-01
1.470000e-01  4.712986e-01
1.500000e-01  4.686463e-01
1.530000e-01  4.660508e-01
1.560000e-01  4.635100e-01
1.590000e-01  4.610216e-01
1.620000e-01  4.585837e-01
1.650000e-01  4.561944e-01
1.680000e-01  4.538519e-01
1.710000e-01  4.515545e-01
1.740000e-01  4.493005e-01
1.770000e-01  4.470884e-01
1.800000e-01  4.449169e-01
1.830000e-01  4.427844e-01
1.860000e-01  4.406897e-01
1.890000e-01  4.386316e-01
1.920000e-01  4.366087e-01
1.950000e-01  4.346201e-01
1.980000e-01  4.326647e-01
2.010000e-01  4.307413e-01
2.040000e-01  4.288491e-01
2.070000e-01  4.269869e-01
2.100000e-01  4.251541e-01
2.130000e-01  4.233497e-01
2.160000e-01  4.215728e-01
2.190000e-01  4.198227e-01
2.220000e-01  4.180987e-01
2.250000e-01  4.163999e-01
2.280000e-01  4.147257e-01
2.310000e-01  4.130755e-01
2.340000e-01  4.114485e-01
2.370000e-01  4.098442e-01
2.400000e-01  4.082619e-01
2.430000e-01  4.067011e-01
2.460000e-01  4.051613e-01
2.490000e-01  4.036419e-01
2.520000e-01  4.021424e-01
2.550000e-01  4.006622e-01
2.580000e-01  3.992010e-01
2.610000e-01  3.977582e-01
2.640000e-01  3.963335e-01
2.670000e-01  3.949263e-01
2.700000e-01  3.935364e-01
2.730000e-01  3.921632e-01
2.760000e-01  3.908063e-01
2.790000e-01  3.894656e-01
2.820000e-01  3.881404e-01
2.850000e-01  3.868306e-01
2.880000e-01  3.855357e-01
2.910000e-01  3.842555e-01
2.940000e-01  3.829896e-01
2.970000e-01  3.817378e-01
3.000000e-01  3.804996e-01
3.030000e-01  3.792749e-01
3.060000e-01  3.780633e-01
3.090000e-01  3.768646e-01
3.120000e-01  3.756786e-01
3.150000e-01  3.745048e-01
3.180000e-01  3.733432e-01
3.210000e-01  3.721935e-01
3.240000e-01  3.710554e-01
3.270000e-01  3.699287e-01
3.300000e-01  3.688132e-01
3.330000e-01  3.677087e-01
3.360000e-01  3.666149e-01
3.390000e-01  3.655317e-01
3.420000e-01  3.644589e-01
3.450000e-01  3.633962e-01
3.480000e-01  3.623435e-01
3.510000e-01  3.613006e-01
3.540000e-01  3.602674e-01
3.570000e-01  3.592436e-01
3.600000e-01  3.582290e-01
3.630000e-01  3.572236e-01
3.660000e-01  3.562271e-01
3.690000e-01  3.552395e-01
3.720000e-01  3.542605e-01
3.750000e-01  3.532899e-01
3.780000e-01  3.523278e-01
3.810000e-01  3.513738e-01
3.840000e-01  3.504280e-01
3.870000e-01  3.494900e-01
3.900000e-01  3.485599e-01
3.930000e-01  3.476375e-01
3.960000e-01  3.467226e-01
3.990000e-01  3.458152e-01
4.020000e-01  3.449150e-01
4.050000e-01  3.440221e-01
4.080000e-01  3.431363e-01
4.110000e-01  3.422574e-01
4.140000e-01  3.413854e-01
4.170000e-01  3.405201e-01
4.200000e-01  3.396615e-01
4.230000e-01  3.388095e-01
4.260000e-01  3.379639e-01
4.290000e-01  3.371247e-01
4.320000e-01  3.362917e-01
4.350000e-01  3.354649e-01
4.380000e-01  3.346442e-01
4.410000e-01  3.338294e-01
4.440000e-01  3.330206e-01
4.470000e-01  3.322175e-01
4.500000e-01  3.314202e-01
4.530000e-01  3.306286e-01
4.560000e-01  3.298425e-01
4.590000e-01  3.290619e-01
4.620000e-01  3.282867e-01
4.650000e-01  3.275168e-01
4.680000e-01  3.267522e-01
4.710000e-01  3.259928e-01
4.740000e-01  3.252385e-01
4.770000e-01  3.244893e-01
4.800000e-01  3.237450e-01
4.830000e-01  3.230056e-01
4.860000e-01  3.222711e-01
4.890000e-01  3.215414e-01
4.920000e-01  3.208164e-01
4.950000e-01  3.200960e-01
4.980000e-01  3.193802e-01
5.010000e-01  3.186690e-01
5.040000e-01  3.179622e-01
5.070000e-01  3.172599e-01
5.100000e-01  3.165619e-01
5.130000e-01  3.158682e-01
5.160000e-01  3.151788e-01
5.190000e-01  3.144935e-01
5.220000e-01  3.138124e-01
5.250000e-01  3.131355e-01
5.280000e-01  3.124625e-01
5.310000e-01  3.117935e-01
5.340000e-01  3.111285e-01
5.370000e-01  3.104674e-01
5.400000e-01  3.098101e-01
5.430000e-01  3.091566e-01
5.460000e-01  3.085068e-01
5.490000e-01  3.078608e-01
5.520000e-01  3.072184e-01
5.550000e-01  3.065797e-01
5.580000e-01  3.059445e-01
5.610000e-01  3.053129e-01
5.640000e-01  3.046848e-01
5.670000e-01  3.040601e-01
5.700000e-01  3.034388e-01
5.730000e-01  3.028209e-01
5.760000e-01  3.022063e-01
5.790000e-01  3.015951e-01
5.820000e-01  3.009871e-01
5.850000e-01  3.003823e-01
5.880000e-01  2.997807e-01
5.910000e-01  2.991823e-01
5.940000e-01  2.985869e-01
5.970000e-01  2.979947e-01
6.000000e-01  2.974055e-01
6.030000e-01  2.968193e-01
6.060000e-01  2.962361e-01
6.090000e-01  2.956558e-01
6.120000e-01  2.950785e-01
6.150000e-01  2.945040e-01
6.180000e-01  2.939324e-01
6.210000e-01  2.933636e-01
6.240000e-01  2.927976e-01
6.270000e-01  2.922344e-01
6.300000e-01  2.916739e-01
6.330000e-01  2.911161e-01
6.360000e-01  2.905610e-01
6.390000e-01  2.900085e-01
6.420000e-01  2.894587e-01
6.450000e-01  2.889114e-01
6.480000e-01  2.883667e-01
6.510000e-01  2.878246e-01
6.540000e-01  2.872849e-01
6.570000e-01  2.867478e-01
6.600000e-01  2.862131e-01
6.630000e-01  2.856808e-01
6.660000e-01  2.851510e-01
6.690000e-01  2.846235e-01
6.720000e-01  2.840984e-01
6.750000e-01  2.835757e-01
6.780000e-01  2.830552e-01
6.810000e-01  2.825371e-01
6.840000e-01  2.820212e-01
6.870000e-01  2.815076e-01
6.900000e-01  2.809962e-01
6.930000e-01  2.804870e-01
6.960000e-01  2.799800e-01
6.990000e-01  2.794752e-01
7.020000e-01  2.789725e-01
7.050000e-01  2.784719e-01
7.080000e-01  2.779734e-01
7.110000e-01  2.774770e-01
7.140000e-01  2.769827e-01
7.170000e-01  2.764904e-01
7.200000e-01  2.760001e-01
7.230000e-01  2.755118e-01
7.260000e-01  2.750255e-01
7.290000e-01  2.745412e-01
7.320000e-01  2.740588e-01
7.350000e-01  2.735783e-01
7.380000e-01  2.730998e-01
7.410000e-01  2.726231e-01
7.440000e-01  2.721484e-01
7.470000e-01  2.716754e-01
7.500000e-01  2.712043e-01
7.530000e-01  2.707351e-01
7.560000e-01  2.702676e-01
7.590000e-01  2.698020e-01
7.620000e-01  2.693381e-01
7.650000e-01  2.688760e-01
7.680000e-01  2.684156e-01
7.710000e-01  2.679569e-01
7.740000e-01  2.674999e-01
7.770000e-01  2.670447e-01
7.800000e-01  2.665911e-01
7.830000e-01  2.661392e-01
7.860000e-01  2.656889e-01
7.890000e-01  2.652403e-01
7.920000e-01  2.647933e-01
7.950000e-01  2.643479e-01
7.980000e-01  2.639041e-01
8.010000e-01  2.634619e-01
8.040000e-01  2.630212e-01
8.070000e-01  2.625821e-01
8.100000e-01  2.621446e-01
8.130000e-01  2.617085e-01
8.160000e-01  2.612740e-01
8.190000e-01  2.608409e-01
8.220000e-01  2.604094e-01
8.250000e-01  2.599793e-01
8.280000e-01  2.595507e-01
8.310000e-01  2.591235e-01
8.340000e-01  2.586978e-01
8.370000e-01  2.582735e-01
8.400000e-01  2.578506e-01
8.430000e-01  2.574291e-01
8.460000e-01  2.570089e-01
8.490000e-01  2.565902e-01
8.520000e-01  2.561728e-01
8.550000e-01  2.557568e-01
8.580000e-01  2.553421e-01
8.610000e-01  2.549288e-01
8.640000e-01  2.545167e-01
8.670000e-01  2.541060e-01
8.700000e-01  2.536965e-01
8.730000e-01  2.532884e-01
8.760000e-01  2.528815e-01
8.790000e-01  2.524759e-01
8.820000e-01  2.520716e-01
8.850000e-01  2.516684e-01
8.880000e-01  2.512666e-01
8.910000e-01  2.508659e-01
8.940000e-01  2.504665e-01
8.970000e-01  2.500682e-01
9.000000e-01  2.496712e-01
9.030000e-01  2.492753e-01
9.060000e-01  2.488806e-01
9.090000e-01  2.484871e-01
9.120000e-01  2.480947e-01
9.150000e-01  2.477035e-01
9.180000e-01  2.473134e-01
9.210000e-01  2.469244e-01
9.240000e-01  2.465366e-01
9.270000e-01  2.461498e-01
9.300000e-01  2.457642e-01
9.330000e-01  2.453797e-01
9.360000e-01  2.449962e-01
9.390000e-01  2.446138e-01
9.420000e-01  2.442325e-01
9.450000e-01  2.438522e-01
9.480000e-01  2.434730e-01
9.510000e-01  2.430948e-01
9.540000e-01  2.427176e-01
9.570000e-01  2.423415e-01
9.600000e-01  2.419663e-01
9.630000e-01  2.415922e-01
9.660000e-01  2.412191e-01
9.690000e-01  2.408470e-01
9.720000e-01  2.404758e-01
9.750000e-01  2.401057e-01
9.780000e-01  2.397365e-01
9.810000e-01  2.393682e-01
9.840000e-01  2.390009e-01
9.870000e-01  2.386346e-01
9.900000e-01  2.382691e-01
9.930000e-01  2.379046e-01
9.960000e-01  2.375411e-01
9.990000e-01  2.371784e-01
