000000  000001
3.000000e-03  9.216690e-01
6.000000e-03  8.686925e-01
9.000000e-03  8.287508e-01
1.200000e-02  7.967826e-01
1.500000e-02  7.701988e-01
1.800000e-02  7.474939e-01
2.100000e-02  7.277143e-01
2.400000e-02  7.102179e-01
2.700000e-02  6.945516e-01
3.000000e-02  6.803842e-01
3.300000e-02  6.674657e-01
3.600000e-02  6.556037e-01
3.900000e-02  6.446462e-01
4.200000e-02  6.344715e-01
4.500000e-02  6.249806e-01
4.800000e-02  6.160921e-01
5.100000e-02  6.077378e-01
5.400000e-02  5.998604e-01
5.700000e-02  5.924114e-01
6.000000e-02  5.853488e-01
6.300000e-02  5.786369e-01
6.600000e-02  5.722442e-01
6.900000e-02  5.661434e-01
7.200000e-02  5.603105e-01
7.500000e-02  5.547243e-01
7.800000e-02  5.493658e-01
8.100000e-02  5.442182e-01
8.400000e-02  5.392666e-01
8.700000e-02  5.344973e-01
9.000000e-02  5.298982e-01
9.300000e-02  5.254581e-01
9.600000e-02  5.211672e-01
9.900000e-02  5.170162e-01
1.020000e-01  5.129968e-01
1.050000e-01  5.091014e-01
1.080000e-01  5.053230e-01
1.110000e-01  5.016552e-01
1.140000e-01  4.980920e-01
1.170000e-01  4.946280e-01
1.200000e-01  4.912581e-01
1.230000e-01  4.879776e-01
1.260000e-01  4.847821e-01
1.290000e-01  4.816676e-01
1.320000e-01  4.786303e-01
1.350000e-01  4.756667e-01
1.380000e-01  4.727734e-01
1.410000e-01  4.699475e-01
1.440000e-01  4.671859e-01
1.470000e-01  4.644861e-01
1.500000e-01  4.618454e-01
1.530000e-01  4.592614e-01
1.560000e-01  4.567318e-01
1.590000e-01  4.542547e-01
1.620000e-01  4.518278e-01
1.650000e-01  4.494494e-01
1.680000e-01  4.471177e-01
1.710000e-01  4.448308e-01
1.740000e-01  4.425873e-01
1.770000e-01  4.403856e-01
1.800000e-01  4.382242e-01
1.830000e-01  4.361018e-01
1.860000e-01  4.340170e-01
1.890000e-01  4.319686e-01
1.920000e-01  4.299555e-01
1.950000e-01  4.279764e-01
1.980000e-01  4.260303e-01
2.010000e-01  4.241161e-01
2.040000e-01  4.222330e-01
2.070000e-01  4.203799e-01
2.100000e-01  4.185559e-01
2.130000e-01  4.167602e-01
2.160000e-01  4.149920e-01
2.190000e-01  4.132504e-01
2.220000e-01  4.115347e-01
2.250000e-01  4.098442e-01
2.280000e-01  4.081781e-01
2.310000e-01  4.065359e-01
2.340000e-01  4.049169e-01
2.370000e-01  4.033203e-01
2.400000e-01  4.017458e-01
2.430000e-01  4.001926e-01
2.460000e-01  3.986602e-01
2.490000e-01  3.971482e-01
2.520000e-01  3.956559e-01
2.550000e-01  3.941829e-01
2.580000e-01  3.927287e-01
2.610000e-01  3.912929e-01
2.640000e-01  3.898751e-01
2.670000e-01  3.884747e-01
2.700000e-01  3.870914e-01
2.730000e-01  3.857247e-01
2.760000e-01  3.843744e-01
2.790000e-01  3.830400e-01
2.820000e-01  3.817212e-01
2.850000e-01  3.804175e-01
2.880000e-01  3.791288e-01
2.910000e-01  3.778546e-01
2.940000e-01  3.765947e-01
2.970000e-01  3.753487e-01
3.000000e-01  3.741163e-01
3.030000e-01  3.728973e-01
3.060000e-01  3.716913e-01
3.090000e-01  3.704982e-01
3.120000e-01  3.693175e-01
3.150000e-01  3.681492e-01
3.180000e-01  3.669929e-01
3.210000e-01  3.658484e-01
3.240000e-01  3.647154e-01
3.270000e-01  3.635938e-01
3.300000e-01  3.624833e-01
3.330000e-01  3.613837e-01
3.360000e-01  3.602948e-01
3.390000e-01  3.592164e-01
3.420000e-01  3.581483e-01
3.450000e-01  3.570902e-01
3.480000e-01  3.560421e-01
3.510000e-01  3.550037e-01
3.540000e-01  3.539749e-01
3.570000e-01  3.529555e-01
3.600000e-01  3.519452e-01
3.630000e-01  3.509441e-01
3.660000e-01  3.499518e-01
3.690000e-01  3.489682e-01
3.720000e-01  3.479932e-01
3.750000e-01  3.470267e-01
3.780000e-01  3.460685e-01
3.810000e-01  3.451184e-01
3.840000e-01  3.441764e-01
3.870000e-01  3.432422e-01
3.900000e-01  3.423158e-01
3.930000e-01  3.413970e-01
3.960000e-01  3.404857e-01
3.990000e-01  3.395817e-01
4.020000e-01  3.386851e-01
4.050000e-01  3.377956e-01
4.080000e-01  3.369131e-01
4.110000e-01  3.360375e-01
4.140000e-01  3.351687e-01
4.170000e-01  3.343067e-01
4.200000e-01  3.334512e-01
4.230000e-01  3.326023e-01
4.260000e-01  3.317597e-01
4.290000e-01  3.309235e-01
4.320000e-01  3.300934e-01
4.350000e-01  3.292695e-01
4.380000e-01  3.284516e-01
4.410000e-01  3.276396e-01
4.440000e-01  3.268335e-01
4.470000e-01  3.260332e-01
4.500000e-01  3.252385e-01
4.530000e-01  3.244495e-01
4.560000e-01  3.236659e-01
4.590000e-01  3.228878e-01
4.620000e-01  3.221150e-01
4.650000e-01  3.213476e-01
4.680000e-01  3.205853e-01
4.710000e-01  3.198282e-01
4.740000e-01  3.190762e-01
4.770000e-01  3.183292e-01
4.800000e-01  3.175871e-01
4.830000e-01  3.168499e-01
4.860000e-01  3.161174e-01
4.890000e-01  3.153898e-01
4.920000e-01  3.146667e-01
4.950000e-01  3.139483e-01
4.980000e-01  3.132345e-01
5.010000e-01  3.125251e-01
5.040000e-01  3.118202e-01
5.070000e-01  3.111196e-01
5.100000e-01  3.104234e-01
5.130000e-01  3.097314e-01
5.160000e-01  3.090437e-01
5.190000e-01  3.083601e-01
5.220000e-01  3.076806e-01
5.250000e-01  3.070051e-01
5.280000e-01  3.063337e-01
5.310000e-01  3.056662e-01
5.340000e-01  3.050026e-01
5.370000e-01  3.043428e-01
5.400000e-01  3.036869e-01
5.430000e-01  3.030347e-01
5.460000e-01  3.023863e-01
5.490000e-01  3.017415e-01
5.520000e-01  3.011003e-01
5.550000e-01  3.004628e-01
5.580000e-01  2.998287e-01
5.610000e-01  2.991982e-01
5.640000e-01  2.985711e-01
5.670000e-01  2.979475e-01
5.700000e-01  2.973272e-01
5.730000e-01  2.967102e-01
5.760000e-01  2.960966e-01
5.790000e-01  2.954862e-01
5.820000e-01  2.948790e-01
5.850000e-01  2.942751e-01
5.880000e-01  2.936742e-01
5.910000e-01  2.930765e-01
5.940000e-01  2.924819e-01
5.970000e-01  2.918903e-01
6.000000e-01  2.913018e-01
6.030000e-01  2.907162e-01
6.060000e-01  2.901335e-01
6.090000e-01  2.895538e-01
6.120000e-01  2.889770e-01
6.150000e-01  2.884030e-01
6.180000e-01  2.878318e-01
6.210000e-01  2.872634e-01
6.240000e-01  2.866978e-01
6.270000e-01  2.861349e-01
6.300000e-01  2.855747e-01
6.330000e-01  2.850171e-01
6.360000e-01  2.844622e-01
6.390000e-01  2.839100e-01
6.420000e-01  2.833603e-01
6.450000e-01  2.828132e-01
6.480000e-01  2.822686e-01
6.510000e-01  2.817265e-01
6.540000e-01  2.811869e-01
6.570000e-01  2.806497e-01
6.600000e-01  2.801150e-01
6.630000e-01  2.795827e-01
6.660000e-01  2.790528e-01
6.690000e-01  2.785252e-01
6.720000e-01  2.779999e-01
6.750000e-01  2.774770e-01
6.780000e-01  2.769564e-01
6.810000e-01  2.764380e-01
6.840000e-01  2.759218e-01
6.870000e-01  2.754079e-01
6.900000e-01  2.748962e-01
6.930000e-01  2.743866e-01
6.960000e-01  2.738792e-01
6.990000e-01  2.733739e-01
7.020000e-01  2.728708e-01
7.050000e-01  2.723697e-01
7.080000e-01  2.718707e-01
7.110000e-01  2.713737e-01
7.140000e-01  2.708788e-01
7.170000e-01  2.703859e-01
7.200000e-01  2.698950e-01
7.230000e-01  2.694060e-01
7.260000e-01  2.689190e-01
7.290000e-01  2.684339e-01
7.320000e-01  2.679508e-01
7.350000e-01  2.674695e-01
7.380000e-01  2.669902e-01
7.410000e-01  2.665127e-01
7.440000e-01  2.660370e-01
7.470000e-01  2.655632e-01
7.500000e-01  2.650911e-01
7.530000e-01  2.646209e-01
7.560000e-01  2.641525e-01
7.590000e-01  2.636858e-01
7.620000e-01  2.632208e-01
7.650000e-01  2.627576e-01
7.680000e-01  2.622961e-01
7.710000e-01  2.618363e-01
7.740000e-01  2.613781e-01
7.770000e-01  2.609217e-01
7.800000e-01  2.604668e-01
7.830000e-01  2.600137e-01
7.860000e-01  2.595621e-01
7.890000e-01  2.591121e-01
7.920000e-01  2.586638e-01
7.950000e-01  2.582170e-01
7.980000e-01  2.577718e-01
8.010000e-01  2.573281e-01
8.040000e-01  2.568860e-01
8.070000e-01  2.564454e-01
8.100000e-01  2.560063e-01
8.130000e-01  2.555686e-01
8.160000e-01  2.551325e-01
8.190000e-01  2.546978e-01
8.220000e-01  2.542647e-01
8.250000e-01  2.538329e-01
8.280000e-01  2.534026e-01
8.310000e-01  2.529736e-01
8.340000e-01  2.525461e-01
8.370000e-01  2.521200e-01
8.400000e-01  2.516953e-01
8.430000e-01  2.512719e-01
8.460000e-01  2.508499e-01
8.490000e-01  2.504292e-01
8.520000e-01  2.500099e-01
8.550000e-01  2.495919e-01
8.580000e-01  2.491752e-01
8.610000e-01  2.487598e-01
8.640000e-01  2.483457e-01
8.670000e-01  2.479329e-01
8.700000e-01  2.475213e-01
8.730000e-01  2.471110e-01
8.760000e-01  2.467019e-01
8.790000e-01  2.462941e-01
8.820000e-01  2.458875e-01
8.850000e-01  2.454821e-01
8.880000e-01  2.450779e-01
8.910000e-01  2.446749e-01
8.940000e-01  2.442731e-01
8.970000e-01  2.438724e-01
9.000000e-01  2.434730e-01
9.030000e-01  2.430746e-01
9.060000e-01  2.426774e-01
9.090000e-01  2.422814e-01
9.120000e-01  2.418864e-01
9.150000e-01  2.414926e-01
9.180000e-01  2.410999e-01
9.210000e-01  2.407083e-01
9.240000e-01  2.403178e-01
9.270000e-01  2.399283e-01
9.300000e-01  2.395399e-01
9.330000e-01  2.391526e-01
9.360000e-01  2.387663e-01
9.390000e-01  2.383811e-01
9.420000e-01  2.379969e-01
9.450000e-01  2.376137e-01
9.480000e-01  2.372316e-01
9.510000e-01  2.368504e-01
9.540000e-01  2.364703e-01
9.570000e-01  2.360911e-01
9.600000e-01  2.357129e-01
9.630000e-01  2.353357e-01
9.660000e-01  2.349594e-01
9.690000e-01  2.345842e-01
9.720000e-01  2.342098e-01
9.750000e-01  2.338364e-01
9.780000e-01  2.334640e-01
9.810000e-01  2.330924e-01
9.840000e-01  2.327218e-01
9.870000e-01  2.323521e-01
9.900000e-01  2.319833e-01
9.930000e-01  2.316154e-01
9.960000e-01  2.312483e-01
9.990000e-01  2.308822e-01
