000000  000001
3.000000e-03  8.845280e-01
6.000000e-03  8.173682e-01
9.000000e-03  7.701988e-01
1.200000e-02  7.340269e-01
1.500000e-02  7.048109e-01
1.800000e-02  6.803842e-01
2.100000e-02  6.594504e-01
2.400000e-02  6.411729e-01
2.700000e-02  6.249806e-01
3.000000e-02  6.104669e-01
3.300000e-02  5.973320e-01
3.600000e-02  5.853488e-01
3.900000e-02  5.743414e-01
4.200000e-02  5.641705e-01
4.500000e-02  5.547243e-01
4.800000e-02  5.459116e-01
5.100000e-02  5.376572e-01
5.400000e-02  5.298982e-01
5.700000e-02  5.225815e-01
6.000000e-02  5.156622e-01
6.300000e-02  5.091014e-01
6.600000e-02  5.028659e-01
6.900000e-02  4.969266e-01
7.200000e-02  4.912581e-01
7.500000e-02  4.858381e-01
7.800000e-02  4.806468e-01
8.100000e-02  4.756667e-01
8.400000e-02  4.708822e-01
8.700000e-02  4.662793e-01
9.000000e-02  4.618454e-01
9.300000e-02  4.575691e-01
9.600000e-02  4.534402e-01
9.900000e-02  4.494494e-01
1.020000e-01  4.455882e-01
1.050000e-01  4.418488e-01
1.080000e-01  4.382242e-01
1.110000e-01  4.347078e-01
1.140000e-01  4.312937e-01
1.170000e-01  4.279764e-01
1.200000e-01  4.247507e-01
1.230000e-01  4.216120e-01
1.260000e-01  4.185559e-01
1.290000e-01  4.155784e-01
1.320000e-01  4.126756e-01
1.350000e-01  4.098442e-01
1.380000e-01  4.070807e-01
1.410000e-01  4.043822e-01
1.440000e-01  4.017458e-01
1.470000e-01  3.991687e-01
1.500000e-01  3.966486e-01
1.530000e-01  3.941829e-01
1.560000e-01  3.917695e-01
1.590000e-01  3.894063e-01
1.620000e-01  3.870914e-01
1.650000e-01  3.848227e-01
1.680000e-01  3.825987e-01
1.710000e-01  3.804175e-01
1.740000e-01  3.782778e-01
1.770000e-01  3.761778e-01
1.800000e-01  3.741163e-01
1.830000e-01  3.720919e-01
1.860000e-01  3.701032e-01
1.890000e-01  3.681492e-01
1.920000e-01  3.662286e-01
1.950000e-01  3.643403e-01
1.980000e-01  3.624833e-01
2.010000e-01  3.606566e-01
2.040000e-01  3.588592e-01
2.070000e-01  3.570902e-01
2.100000e-01  3.553488e-01
2.130000e-01  3.536340e-01
2.160000e-01  3.519452e-01
2.190000e-01  3.502815e-01
2.220000e-01  3.486423e-01
2.250000e-01  3.470267e-01
2.280000e-01  3.454342e-01
2.310000e-01  3.438641e-01
2.340000e-01  3.423158e-01
2.370000e-01  3.407886e-01
2.400000e-01  3.392821e-01
2.430000e-01  3.377956e-01
2.460000e-01  3.363286e-01
2.490000e-01  3.348806e-01
2.520000e-01  3.334512e-01
2.550000e-01  3.320399e-01
2.580000e-01  3.306461e-01
2.610000e-01  3.292695e-01
2.640000e-01  3.279096e-01
2.670000e-01  3.265661e-01
2.700000e-01  3.252385e-01
2.730000e-01  3.239265e-01
2.760000e-01  3.226296e-01
2.790000e-01  3.213476e-01
2.820000e-01  3.200800e-01
2.850000e-01  3.188267e-01
2.880000e-01  3.175871e-01
2.910000e-01  3.163611e-01
2.940000e-01  3.151482e-01
2.970000e-01  3.139483e-01
3.000000e-01  3.127611e-01
3.030000e-01  3.115862e-01
3.060000e-01  3.104234e-01
3.090000e-01  3.092725e-01
3.120000e-01  3.081331e-01
3.150000e-01  3.070051e-01
3.180000e-01  3.058882e-01
3.210000e-01  3.047822e-01
3.240000e-01  3.036869e-01
3.270000e-01  3.026020e-01
3.300000e-01  3.015274e-01
3.330000e-01  3.004628e-01
3.360000e-01  2.994080e-01
3.390000e-01  2.983628e-01
3.420000e-01  2.973272e-01
3.450000e-01  2.963008e-01
3.480000e-01  2.952834e-01
3.510000e-01  2.942751e-01
3.540000e-01  2.932754e-01
3.570000e-01  2.922844e-01
3.600000e-01  2.913018e-01
3.630000e-01  2.903274e-01
3.660000e-01  2.893612e-01
3.690000e-01  2.884030e-01
3.720000e-01  2.874526e-01
3.750000e-01  2.865098e-01
3.780000e-01  2.855747e-01
3.810000e-01  2.846469e-01
3.840000e-01  2.837265e-01
3.870000e-01  2.828132e-01
3.900000e-01  2.819069e-01
3.930000e-01  2.810075e-01
3.960000e-01  2.801150e-01
3.990000e-01  2.792291e-01
4.020000e-01  2.783498e-01
4.050000e-01  2.774770e-01
4.080000e-01  2.766105e-01
4.110000e-01  2.757503e-01
4.140000e-01  2.748962e-01
4.170000e-01  2.740481e-01
4.200000e-01  2.732060e-01
4.230000e-01  2.723697e-01
4.260000e-01  2.715392e-01
4.290000e-01  2.707143e-01
4.320000e-01  2.698950e-01
4.350000e-01  2.690811e-01
4.380000e-01  2.682727e-01
4.410000e-01  2.674695e-01
4.440000e-01  2.666716e-01
4.470000e-01  2.658789e-01
4.500000e-01  2.650911e-01
4.530000e-01  2.643084e-01
4.560000e-01  2.635306e-01
4.590000e-01  2.627576e-01
4.620000e-01  2.619893e-01
4.650000e-01  2.612258e-01
4.680000e-01  2.604668e-01
4.710000e-01  2.597124e-01
4.740000e-01  2.589625e-01
4.770000e-01  2.582170e-01
4.800000e-01  2.574758e-01
4.830000e-01  2.567389e-01
4.860000e-01  2.560063e-01
4.890000e-01  2.552777e-01
4.920000e-01  2.545533e-01
4.950000e-01  2.538329e-01
4.980000e-01  2.531165e-01
5.010000e-01  2.524039e-01
5.040000e-01  2.516953e-01
5.070000e-01  2.509904e-01
5.100000e-01  2.502893e-01
5.130000e-01  2.495919e-01
5.160000e-01  2.488981e-01
5.190000e-01  2.482079e-01
5.220000e-01  2.475213e-01
5.250000e-01  2.468381e-01
5.280000e-01  2.461584e-01
5.310000e-01  2.454821e-01
5.340000e-01  2.448091e-01
5.370000e-01  2.441394e-01
5.400000e-01  2.434730e-01
5.430000e-01  2.428097e-01
5.460000e-01  2.421496e-01
5.490000e-01  2.414926e-01
5.520000e-01  2.408387e-01
5.550000e-01  2.401878e-01
5.580000e-01  2.395399e-01
5.610000e-01  2.388950e-01
5.640000e-01  2.382529e-01
5.670000e-01  2.376137e-01
5.700000e-01  2.369773e-01
5.730000e-01  2.363438e-01
5.760000e-01  2.357129e-01
5.790000e-01  2.350848e-01
5.820000e-01  2.344593e-01
5.850000e-01  2.338364e-01
5.880000e-01  2.332162e-01
5.910000e-01  2.325985e-01
5.940000e-01  2.319833e-01
5.970000e-01  2.313706e-01
6.000000e-01  2.307603e-01
6.030000e-01  2.301525e-01
6.060000e-01  2.295471e-01
6.090000e-01  2.289440e-01
6.120000e-01  2.283432e-01
6.150000e-01  2.277447e-01
6.180000e-01  2.271485e-01
6.210000e-01  2.265544e-01
6.240000e-01  2.259626e-01
6.270000e-01  2.253729e-01
6.300000e-01  2.247854e-01
6.330000e-01  2.241999e-01
6.360000e-01  2.236166e-01
6.390000e-01  2.230352e-01
6.420000e-01  2.224559e-01
6.450000e-01  2.218785e-01
6.480000e-01  2.213031e-01
6.510000e-01  2.207296e-01
6.540000e-01  2.201580e-01
6.570000e-01  2.195883e-01
6.600000e-01  2.190204e-01
6.630000e-01  2.184543e-01
6.660000e-01  2.178900e-01
6.690000e-01  2.173274e-01
6.720000e-01  2.167666e-01
6.750000e-01  2.162075e-01
6.780000e-01  2.156501e-01
6.810000e-01  2.150943e-01
6.840000e-01  2.145401e-01
6.870000e-01  2.139876e-01
6.900000e-01  2.134366e-01
6.930000e-01  2.128871e-01
6.960000e-01  2.123392e-01
6.990000e-01  2.117928e-01
7.020000e-01  2.112479e-01
7.050000e-01  2.107044e-01
7.080000e-01  2.101623e-01
7.110000e-01  2.096217e-01
7.140000e-01  2.090824e-01
7.170000e-01  2.085445e-01
7.200000e-01  2.080079e-01
7.230000e-01  2.074726e-01
7.260000e-01  2.069386e-01
7.290000e-01  2.064058e-01
7.320000e-01  2.058743e-01
7.350000e-01  2.053441e-01
7.380000e-01  2.048150e-01
7.410000e-01  2.042870e-01
7.440000e-01  2.037602e-01
7.470000e-01  2.032346e-01
7.500000e-01  2.027100e-01
7.530000e-01  2.021866e-01
7.560000e-01  2.016641e-01
7.590000e-01  2.011427e-01
7.620000e-01  2.006224e-01
7.650000e-01  2.001030e-01
7.680000e-01  1.995846e-01
7.710000e-01  1.990671e-01
7.740000e-01  1.985505e-01
7.770000e-01  1.980349e-01
7.800000e-01  1.975201e-01
7.830000e-01  1.970062e-01
7.860000e-01  1.964931e-01
7.890000e-01  1.959808e-01
7.920000e-01  1.954693e-01
7.950000e-01  1.949586e-01
7.980000e-01  1.944486e-01
8.010000e-01  1.939393e-01
8.040000e-01  1.934308e-01
8.070000e-01  1.929229e-01
8.100000e-01  1.924156e-01
8.130000e-01  1.919090e-01
8.160000e-01  1.914031e-01
8.190000e-01  1.908977e-01
8.220000e-01  1.903928e-01
8.250000e-01  1.898885e-01
8.280000e-01  1.893847e-01
8.310000e-01  1.888814e-01
8.340000e-01  1.883786e-01
8.370000e-01  1.878762e-01
8.400000e-01  1.873743e-01
8.430000e-01  1.868727e-01
8.460000e-01  1.863716e-01
8.490000e-01  1.858707e-01
8.520000e-01  1.853703e-01
8.550000e-01  1.848701e-01
8.580000e-01  1.843701e-01
8.610000e-01  1.838705e-01
8.640000e-01  1.833710e-01
8.670000e-01  1.828718e-01
8.700000e-01  1.823728e-01
8.730000e-01  1.818739e-01
8.760000e-01  1.813751e-01
8.790000e-01  1.808764e-01
8.820000e-01  1.803778e-01
8.850000e-01  1.798792e-01
8.880000e-01  000000
8.910000e-01  000000
8.940000e-01  000000
8.970000e-01  000000
9.000000e-01  000000
9.030000e-01  000000
9.060000e-01  000000
9.090000e-01  000000
9.120000e-01  000000
9.150000e-01  000000
9.180000e-01  000000
9.210000e-01  000000
9.240000e-01  000000
9.270000e-01  000000
9.300000e-01  000000
9.330000e-01  000000
9.360000e-01  000000
9.390000e-01  000000
9.420000e-01  000000
9.450000e-01  000000
9.480000e-01  000000
9.510000e-01  000000
9.540000e-01  000000
9.570000e-01  000000
9.600000e-01  000000
9.630000e-01  000000
9.660000e-01  000000
9.690000e-01  000000
9.720000e-01  000000
9.750000e-01  000000
9.780000e-01  000000
9.810000e-01  000000
9.840000e-01  000000
9.870000e-01  000000
9.900000e-01  000000
9.930000e-01  000000
9.960000e-01  000000
9.990000e-01  000000
