000000  000001
3.000000e-03  8.996971e-01
6.000000e-03  8.377645e-01
9.000000e-03  7.931060e-01
1.200000e-02  7.583265e-01
1.500000e-02  7.299430e-01
1.800000e-02  7.060338e-01
2.100000e-02  6.854264e-01
2.400000e-02  6.673524e-01
2.700000e-02  6.512816e-01
3.000000e-02  6.368330e-01
3.300000e-02  6.237234e-01
3.600000e-02  6.117371e-01
3.900000e-02  6.007059e-01
4.200000e-02  5.904962e-01
4.500000e-02  5.810002e-01
4.800000e-02  5.721297e-01
5.100000e-02  5.638116e-01
5.400000e-02  5.559847e-01
5.700000e-02  5.485973e-01
6.000000e-02  5.416053e-01
6.300000e-02  5.349707e-01
6.600000e-02  5.286607e-01
6.900000e-02  5.226468e-01
7.200000e-02  5.169038e-01
7.500000e-02  5.114098e-01
7.800000e-02  5.061453e-01
8.100000e-02  5.010927e-01
8.400000e-02  4.962368e-01
8.700000e-02  4.915635e-01
9.000000e-02  4.870603e-01
9.300000e-02  4.827160e-01
9.600000e-02  4.785203e-01
9.900000e-02  4.744639e-01
1.020000e-01  4.705383e-01
1.050000e-01  4.667359e-01
1.080000e-01  4.630495e-01
1.110000e-01  4.594726e-01
1.140000e-01  4.559993e-01
1.170000e-01  4.526239e-01
1.200000e-01  4.493415e-01
1.230000e-01  4.461472e-01
1.260000e-01  4.430367e-01
1.290000e-01  4.400060e-01
1.320000e-01  4.370512e-01
1.350000e-01  4.341688e-01
1.380000e-01  4.313555e-01
1.410000e-01  4.286082e-01
1.440000e-01  4.259241e-01
1.470000e-01  4.233004e-01
1.500000e-01  4.207346e-01
1.530000e-01  4.182243e-01
1.560000e-01  4.157673e-01
1.590000e-01  4.133614e-01
1.620000e-01  4.110047e-01
1.650000e-01  4.086952e-01
1.680000e-01  4.064313e-01
1.710000e-01  4.042111e-01
1.740000e-01  4.020331e-01
1.770000e-01  3.998957e-01
1.800000e-01  3.977977e-01
1.830000e-01  3.957375e-01
1.860000e-01  3.937139e-01
1.890000e-01  3.917257e-01
1.920000e-01  3.897717e-01
1.950000e-01  3.878507e-01
1.980000e-01  3.859618e-01
2.010000e-01  3.841038e-01
2.040000e-01  3.822759e-01
2.070000e-01  3.804770e-01
2.100000e-01  3.787064e-01
2.130000e-01  3.769631e-01
2.160000e-01  3.752464e-01
2.190000e-01  3.735555e-01
2.220000e-01  3.718896e-01
2.250000e-01  3.702480e-01
2.280000e-01  3.686301e-01
2.310000e-01  3.670351e-01
2.340000e-01  3.654625e-01
2.370000e-01  3.639117e-01
2.400000e-01  3.623820e-01
2.430000e-01  3.608729e-01
2.460000e-01  3.593839e-01
2.490000e-01  3.579144e-01
2.520000e-01  3.564640e-01
2.550000e-01  3.550322e-01
2.580000e-01  3.536184e-01
2.610000e-01  3.522224e-01
2.640000e-01  3.508435e-01
2.670000e-01  3.494815e-01
2.700000e-01  3.481358e-01
2.730000e-01  3.468062e-01
2.760000e-01  3.454923e-01
2.790000e-01  3.441936e-01
2.820000e-01  3.429098e-01
2.850000e-01  3.416407e-01
2.880000e-01  3.403858e-01
2.910000e-01  3.391449e-01
2.940000e-01  3.379175e-01
2.970000e-01  3.367036e-01
3.000000e-01  3.355027e-01
3.030000e-01  3.343146e-01
3.060000e-01  3.331389e-01
3.090000e-01  3.319756e-01
3.120000e-01  3.308242e-01
3.150000e-01  3.296845e-01
3.180000e-01  3.285563e-01
3.210000e-01  3.274394e-01
3.240000e-01  3.263336e-01
3.270000e-01  3.252385e-01
3.300000e-01  3.241541e-01
3.330000e-01  3.230800e-01
3.360000e-01  3.220162e-01
3.390000e-01  3.209623e-01
3.420000e-01  3.199183e-01
3.450000e-01  3.188838e-01
3.480000e-01  3.178589e-01
3.510000e-01  3.168431e-01
3.540000e-01  3.158365e-01
3.570000e-01  3.148388e-01
3.600000e-01  3.138498e-01
3.630000e-01  3.128695e-01
3.660000e-01  3.118976e-01
3.690000e-01  3.109340e-01
3.720000e-01  3.099785e-01
3.750000e-01  3.090311e-01
3.780000e-01  3.080915e-01
3.810000e-01  3.071597e-01
3.840000e-01  3.062355e-01
3.870000e-01  3.053187e-01
3.900000e-01  3.044092e-01
3.930000e-01  3.035070e-01
3.960000e-01  3.026119e-01
3.990000e-01  3.017238e-01
4.020000e-01  3.008425e-01
4.050000e-01  2.999680e-01
4.080000e-01  2.991002e-01
4.110000e-01  2.982388e-01
4.140000e-01  2.973839e-01
4.170000e-01  2.965354e-01
4.200000e-01  2.956930e-01
4.230000e-01  2.948568e-01
4.260000e-01  2.940266e-01
4.290000e-01  2.932024e-01
4.320000e-01  2.923840e-01
4.350000e-01  2.915714e-01
4.380000e-01  2.907644e-01
4.410000e-01  2.899630e-01
4.440000e-01  2.891672e-01
4.470000e-01  2.883767e-01
4.500000e-01  2.875916e-01
4.530000e-01  2.868117e-01
4.560000e-01  2.860370e-01
4.590000e-01  2.852674e-01
4.620000e-01  2.845029e-01
4.650000e-01  2.837433e-01
4.680000e-01  2.829886e-01
4.710000e-01  2.822387e-01
4.740000e-01  2.814935e-01
4.770000e-01  2.807530e-01
4.800000e-01  2.800172e-01
4.830000e-01  2.792858e-01
4.860000e-01  2.785590e-01
4.890000e-01  2.778366e-01
4.920000e-01  2.771185e-01
4.950000e-01  2.764047e-01
4.980000e-01  2.756952e-01
5.010000e-01  2.749899e-01
5.040000e-01  2.742887e-01
5.070000e-01  2.735915e-01
5.100000e-01  2.728984e-01
5.130000e-01  2.722092e-01
5.160000e-01  2.715240e-01
5.190000e-01  2.708426e-01
5.220000e-01  2.701650e-01
5.250000e-01  2.694911e-01
5.280000e-01  2.688210e-01
5.310000e-01  2.681545e-01
5.340000e-01  2.674916e-01
5.370000e-01  2.668323e-01
5.400000e-01  2.661765e-01
5.430000e-01  2.655241e-01
5.460000e-01  2.648752e-01
5.490000e-01  2.642297e-01
5.520000e-01  2.635875e-01
5.550000e-01  2.629486e-01
5.580000e-01  2.623130e-01
5.610000e-01  2.616806e-01
5.640000e-01  2.610513e-01
5.670000e-01  2.604252e-01
5.700000e-01  2.598022e-01
5.730000e-01  2.591822e-01
5.760000e-01  2.585653e-01
5.790000e-01  2.579513e-01
5.820000e-01  2.573403e-01
5.850000e-01  2.567322e-01
5.880000e-01  2.561270e-01
5.910000e-01  2.555246e-01
5.940000e-01  2.549250e-01
5.970000e-01  2.543282e-01
6.000000e-01  2.537341e-01
6.030000e-01  2.531427e-01
6.060000e-01  2.525540e-01
6.090000e-01  2.519679e-01
6.120000e-01  2.513844e-01
6.150000e-01  2.508035e-01
6.180000e-01  2.502252e-01
6.210000e-01  2.496494e-01
6.240000e-01  2.490760e-01
6.270000e-01  2.485051e-01
6.300000e-01  2.479367e-01
6.330000e-01  2.473706e-01
6.360000e-01  2.468069e-01
6.390000e-01  2.462455e-01
6.420000e-01  2.456865e-01
6.450000e-01  2.451297e-01
6.480000e-01  2.445753e-01
6.510000e-01  2.440230e-01
6.540000e-01  2.434730e-01
6.570000e-01  2.429251e-01
6.600000e-01  2.423794e-01
6.630000e-01  2.418358e-01
6.660000e-01  2.412943e-01
6.690000e-01  2.407550e-01
6.720000e-01  2.402176e-01
6.750000e-01  2.396823e-01
6.780000e-01  2.391491e-01
6.810000e-01  2.386178e-01
6.840000e-01  2.380885e-01
6.870000e-01  2.375611e-01
6.900000e-01  2.370356e-01
6.930000e-01  2.365121e-01
6.960000e-01  2.359904e-01
6.990000e-01  2.354705e-01
7.020000e-01  2.349526e-01
7.050000e-01  2.344364e-01
7.080000e-01  2.339220e-01
7.110000e-01  2.334094e-01
7.140000e-01  2.328985e-01
7.170000e-01  2.323894e-01
7.200000e-01  2.318819e-01
7.230000e-01  2.313762e-01
7.260000e-01  2.308721e-01
7.290000e-01  2.303697e-01
7.320000e-01  2.298689e-01
7.350000e-01  2.293698e-01
7.380000e-01  2.288722e-01
7.410000e-01  2.283762e-01
7.440000e-01  2.278818e-01
7.470000e-01  2.273889e-01
7.500000e-01  2.268975e-01
7.530000e-01  2.264076e-01
7.560000e-01  2.259193e-01
7.590000e-01  2.254324e-01
7.620000e-01  2.249469e-01
7.650000e-01  2.244629e-01
7.680000e-01  2.239803e-01
7.710000e-01  2.234991e-01
7.740000e-01  2.230192e-01
7.770000e-01  2.225408e-01
7.800000e-01  2.220637e-01
7.830000e-01  2.215879e-01
7.860000e-01  2.211135e-01
7.890000e-01  2.206403e-01
7.920000e-01  2.201685e-01
7.950000e-01  2.196979e-01
7.980000e-01  2.192286e-01
8.010000e-01  2.187605e-01
8.040000e-01  2.182936e-01
8.070000e-01  2.178280e-01
8.100000e-01  2.173635e-01
8.130000e-01  2.169002e-01
8.160000e-01  2.164381e-01
8.190000e-01  2.159772e-01
8.220000e-01  2.155173e-01
8.250000e-01  2.150586e-01
8.280000e-01  2.146010e-01
8.310000e-01  2.141445e-01
8.340000e-01  2.136891e-01
8.370000e-01  2.132348e-01
8.400000e-01  2.127815e-01
8.430000e-01  2.123292e-01
8.460000e-01  2.118779e-01
8.490000e-01  2.114277e-01
8.520000e-01  2.109784e-01
8.550000e-01  2.105302e-01
8.580000e-01  2.100829e-01
8.610000e-01  2.096365e-01
8.640000e-01  2.091911e-01
8.670000e-01  2.087466e-01
8.700000e-01  2.083031e-01
8.730000e-01  2.078604e-01
8.760000e-01  2.074186e-01
8.790000e-01  2.069777e-01
8.820000e-01  2.065377e-01
8.850000e-01  2.060985e-01
8.880000e-01  2.056601e-01
8.910000e-01  2.052226e-01
8.940000e-01  2.047859e-01
8.970000e-01  2.043499e-01
9.000000e-01  2.039148e-01
9.030000e-01  2.034804e-01
9.060000e-01  2.030468e-01
9.090000e-01  2.026139e-01
9.120000e-01  2.021818e-01
9.150000e-01  2.017503e-01
9.180000e-01  2.013196e-01
9.210000e-01  2.008896e-01
9.240000e-01  2.004603e-01
9.270000e-01  2.000316e-01
9.300000e-01  1.996036e-01
9.330000e-01  1.991762e-01
9.360000e-01  1.987495e-01
9.390000e-01  1.983233e-01
9.420000e-01  1.978978e-01
9.450000e-01  1.974729e-01
9.480000e-01  1.970486e-01
9.510000e-01  1.966248e-01
9.540000e-01  1.962016e-01
9.570000e-01  1.957789e-01
9.600000e-01  1.953568e-01
9.630000e-01  1.949352e-01
9.660000e-01  1.945141e-01
9.690000e-01  1.940934e-01
9.720000e-01  1.936733e-01
9.750000e-01  1.932536e-01
9.780000e-01  1.928344e-01
9.810000e-01  1.924156e-01
9.840000e-01  1.919973e-01
9.870000e-01  1.915794e-01
9.900000e-01  1.911619e-01
9.930000e-01  1.907448e-01
9.960000e-01  1.903280e-01
9.990000e-01  1.899116e-01
