000000  000001
3.000000e-03  7.571763e-01
6.000000e-03  6.660987e-01
9.000000e-03  6.104669e-01
1.200000e-02  5.708641e-01
1.500000e-02  5.403507e-01
1.800000e-02  5.156622e-01
2.100000e-02  4.950082e-01
2.400000e-02  4.773042e-01
2.700000e-02  4.618454e-01
3.000000e-02  4.481484e-01
3.300000e-02  4.358683e-01
3.600000e-02  4.247507e-01
3.900000e-02  4.146027e-01
4.200000e-02  4.052747e-01
4.500000e-02  3.966486e-01
4.800000e-02  3.886294e-01
5.100000e-02  3.811399e-01
5.400000e-02  3.741163e-01
5.700000e-02  3.675053e-01
6.000000e-02  3.612622e-01
6.300000e-02  3.553488e-01
6.600000e-02  3.497324e-01
6.900000e-02  3.443850e-01
7.200000e-02  3.392821e-01
7.500000e-02  3.344021e-01
7.800000e-02  3.297265e-01
8.100000e-02  3.252385e-01
8.400000e-02  3.209235e-01
8.700000e-02  3.167683e-01
9.000000e-02  3.127611e-01
9.300000e-02  3.088914e-01
9.600000e-02  3.051497e-01
9.900000e-02  3.015274e-01
1.020000e-01  2.980166e-01
1.050000e-01  2.946102e-01
1.080000e-01  2.913018e-01
1.110000e-01  2.880853e-01
1.140000e-01  2.849553e-01
1.170000e-01  2.819069e-01
1.200000e-01  2.789353e-01
1.230000e-01  2.760363e-01
1.260000e-01  2.732060e-01
1.290000e-01  2.704406e-01
1.320000e-01  2.677367e-01
1.350000e-01  2.650911e-01
1.380000e-01  2.625010e-01
1.410000e-01  2.599634e-01
1.440000e-01  2.574758e-01
1.470000e-01  2.550358e-01
1.500000e-01  2.526410e-01
1.530000e-01  2.502893e-01
1.560000e-01  2.479787e-01
1.590000e-01  2.457072e-01
1.620000e-01  2.434730e-01
1.650000e-01  2.412743e-01
1.680000e-01  2.391096e-01
1.710000e-01  2.369773e-01
1.740000e-01  2.348760e-01
1.770000e-01  2.328041e-01
1.800000e-01  2.307603e-01
1.830000e-01  2.287435e-01
1.860000e-01  2.267522e-01
1.890000e-01  2.247854e-01
1.920000e-01  2.228419e-01
1.950000e-01  2.209206e-01
1.980000e-01  2.190204e-01
2.010000e-01  2.171403e-01
2.040000e-01  2.152794e-01
2.070000e-01  2.134366e-01
2.100000e-01  2.116110e-01
2.130000e-01  2.098017e-01
2.160000e-01  2.080079e-01
2.190000e-01  2.062285e-01
2.220000e-01  2.044629e-01
2.250000e-01  2.027100e-01
2.280000e-01  2.009692e-01
2.310000e-01  1.992395e-01
2.340000e-01  1.975201e-01
2.370000e-01  1.958102e-01
2.400000e-01  1.941090e-01
2.430000e-01  1.924156e-01
2.460000e-01  1.907293e-01
2.490000e-01  1.890491e-01
2.520000e-01  1.873743e-01
2.550000e-01  1.857039e-01
2.580000e-01  1.840370e-01
2.610000e-01  1.823728e-01
2.640000e-01  1.807102e-01
2.670000e-01  000000
2.700000e-01  000000
2.730000e-01  000000
2.760000e-01  000000
2.790000e-01  000000
2.820000e-01  000000
2.850000e-01  000000
2.880000e-01  000000
2.910000e-01  000000
2.940000e-01  000000
2.970000e-01  000000
3.000000e-01  000000
3.030000e-01  000000
3.060000e-01  000000
3.090000e-01  000000
3.120000e-01  000000
3.150000e-01  000000
3.180000e-01  000000
3.210000e-01  000000
3.240000e-01  000000
3.270000e-01  000000
3.300000e-01  000000
3.330000e-01  000000
3.360000e-01  000000
3.390000e-01  000000
3.420000e-01  000000
3.450000e-01  000000
3.480000e-01  000000
3.510000e-01  000000
3.540000e-01  000000
3.570000e-01  000000
3.600000e-01  000000
3.630000e-01  000000
3.660000e-01  000000
3.690000e-01  000000
3.720000e-01  000000
3.750000e-01  000000
3.780000e-01  000000
3.810000e-01  000000
3.840000e-01  000000
3.870000e-01  000000
3.900000e-01  000000
3.930000e-01  000000
3.960000e-01  000000
3.990000e-01  000000
4.020000e-01  000000
4.050000e-01  000000
4.080000e-01  000000
4.110000e-01  000000
4.140000e-01  000000
4.170000e-01  000000
4.200000e-01  000000
4.230000e-01  000000
4.260000e-01  000000
4.290000e-01  000000
4.320000e-01  000000
4.350000e-01  000000
4.380000e-01  000000
4.410000e-01  000000
4.440000e-01  000000
4.470000e-01  000000
4.500000e-01  000000
4.530000e-01  000000
4.560000e-01  000000
4.590000e-01  000000
4.620000e-01  000000
4.650000e-01  000000
4.680000e-01  000000
4.710000e-01  000000
4.740000e-01  000000
4.770000e-01  000000
4.800000e-01  000000
4.830000e-01  000000
4.860000e-01  000000
4.890000e-01  000000
4.920000e-01  000000
4.950000e-01  000000
4.980000e-01  000000
5.010000e-01  000000
5.040000e-01  000000
5.070000e-01  000000
5.100000e-01  000000
5.130000e-01  000000
5.160000e-01  000000
5.190000e-01  000000
5.220000e-01  000000
5.250000e-01  000000
5.280000e-01  000000
5.310000e-01  000000
5.340000e-01  000000
5.370000e-01  000000
5.400000e-01  000000
5.430000e-01  000000
5.460000e-01  000000
5.490000e-01  000000
5.520000e-01  000000
5.550000e-01  000000
5.580000e-01  000000
5.610000e-01  000000
5.640000e-01  000000
5.670000e-01  000000
5.700000e-01  000000
5.730000e-01  000000
5.760000e-01  000000
5.790000e-01  000000
5.820000e-01  000000
5.850000e-01  000000
5.880000e-01  000000
5.910000e-01  000000
5.940000e-01  000000
5.970000e-01  000000
6.000000e-01  000000
6.030000e-01  000000
6.060000e-01  000000
6.090000e-01  000000
6.120000e-01  000000
6.150000e-01  000000
6.180000e-01  000000
6.210000e-01  000000
6.240000e-01  000000
6.270000e-01  000000
6.300000e-01  000000
6.330000e-01  000000
6.360000e-01  000000
6.390000e-01  000000
6.420000e-01  000000
6.450000e-01  000000
6.480000e-01  000000
6.510000e-01  000000
6.540000e-01  000000
6.570000e-01  000000
6.600000e-01  000000
6.630000e-01  000000
6.660000e-01  000000
6.690000e-01  000000
6.720000e-01  000000
6.750000e-01  000000
6.780000e-01  000000
6.810000e-01  000000
6.840000e-01  000000
6.870000e-01  000000
6.900000e-01  000000
6.930000e-01  000000
6.960000e-01  000000
6.990000e-01  000000
7.020000e-01  000000
7.050000e-01  000000
7.080000e-01  000000
7.110000e-01  000000
7.140000e-01  000000
7.170000e-01  000000
7.200000e-01  000000
7.230000e-01  000000
7.260000e-01  000000
7.290000e-01  000000
7.320000e-01  000000
7.350000e-01  000000
7.380000e-01  000000
7.410000e-01  000000
7.440000e-01  000000
7.470000e-01  000000
7.500000e-01  000000
7.530000e-01  000000
7.560000e-01  000000
7.590000e-01  000000
7.620000e-01  000000
7.650000e-01  000000
7.680000e-01  000000
7.710000e-01  000000
7.740000e-01  000000
7.770000e-01  000000
7.800000e-01  000000
7.830000e-01  000000
7.860000e-01  000000
7.890000e-01  000000
7.920000e-01  000000
7.950000e-01  000000
7.980000e-01  000000
8.010000e-01  000000
8.040000e-01  000000
8.070000e-01  000000
8.100000e-01  000000
8.130000e-01  000000
8.160000e-01  000000
8.190000e-01  000000
8.220000e-01  000000
8.250000e-01  000000
8.280000e-01  000000
8.310000e-01  000000
8.340000e-01  000000
8.370000e-01  000000
8.400000e-01  000000
8.430000e-01  000000
8.460000e-01  000000
8.490000e-01  000000
8.520000e-01  000000
8.550000e-01  000000
8.580000e-01  000000
8.610000e-01  000000
8.640000e-01  000000
8.670000e-01  000000
8.700000e-01  000000
8.730000e-01  000000
8.760000e-01  000000
8.790000e-01  000000
8.820000e-01  000000
8.850000e-01  000000
8.880000e-01  000000
8.910000e-01  000000
8.940000e-01  000000
8.970000e-01  000000
9.000000e-01  000000
9.030000e-01  000000
9.060000e-01  000000
9.090000e-01  000000
9.120000e-01  000000
9.150000e-01  000000
9.180000e-01  000000
9.210000e-01  000000
9.240000e-01  000000
9.270000e-01  000000
9.300000e-01  000000
9.330000e-01  000000
9.360000e-01  000000
9.390000e-01  000000
9.420000e-01  000000
9.450000e-01  000000
9.480000e-01  000000
9.510000e-01  000000
9.540000e-01  000000
9.570000e-01  000000
9.600000e-01  000000
9.630000e-01  000000
9.660000e-01  000000
9.690000e-01  000000
9.720000e-01  000000
9.750000e-01  000000
9.780000e-01  000000
9.810000e-01  000000
9.840000e-01  000000
9.870000e-01  000000
9.900000e-01  000000
9.930000e-01  000000
9.960000e-01  000000
9.990000e-01  000000
