000000  000001
3.000000e-03  9.252432e-01
6.000000e-03  8.739006e-01
9.000000e-03  8.348753e-01
1.200000e-02  8.034792e-01
1.500000e-02  7.772769e-01
1.800000e-02  7.548373e-01
2.100000e-02  7.352479e-01
2.400000e-02  7.178903e-01
2.700000e-02  7.023267e-01
3.000000e-02  6.882356e-01
3.300000e-02  6.753740e-01
3.600000e-02  6.635538e-01
3.900000e-02  6.526268e-01
4.200000e-02  6.424736e-01
4.500000e-02  6.329972e-01
4.800000e-02  6.241175e-01
5.100000e-02  6.157675e-01
5.400000e-02  6.078908e-01
5.700000e-02  6.004395e-01
6.000000e-02  5.933722e-01
6.300000e-02  5.866535e-01
6.600000e-02  5.802525e-01
6.900000e-02  5.741421e-01
7.200000e-02  5.682985e-01
7.500000e-02  5.627006e-01
7.800000e-02  5.573298e-01
8.100000e-02  5.521694e-01
8.400000e-02  5.472043e-01
8.700000e-02  5.424213e-01
9.000000e-02  5.378082e-01
9.300000e-02  5.333539e-01
9.600000e-02  5.290486e-01
9.900000e-02  5.248831e-01
1.020000e-01  5.208491e-01
1.050000e-01  5.169392e-01
1.080000e-01  5.131462e-01
1.110000e-01  5.094638e-01
1.140000e-01  5.058861e-01
1.170000e-01  5.024077e-01
1.200000e-01  4.990234e-01
1.230000e-01  4.957286e-01
1.260000e-01  4.925190e-01
1.290000e-01  4.893905e-01
1.320000e-01  4.863393e-01
1.350000e-01  4.833620e-01
1.380000e-01  4.804551e-01
1.410000e-01  4.776157e-01
1.440000e-01  4.748408e-01
1.470000e-01  4.721278e-01
1.500000e-01  4.694741e-01
1.530000e-01  4.668773e-01
1.560000e-01  4.643351e-01
1.590000e-01  4.618454e-01
1.620000e-01  4.594061e-01
1.650000e-01  4.570155e-01
1.680000e-01  4.546717e-01
1.710000e-01  4.523730e-01
1.740000e-01  4.501177e-01
1.770000e-01  4.479044e-01
1.800000e-01  4.457317e-01
1.830000e-01  4.435980e-01
1.860000e-01  4.415021e-01
1.890000e-01  4.394428e-01
1.920000e-01  4.374188e-01
1.950000e-01  4.354290e-01
1.980000e-01  4.334724e-01
2.010000e-01  4.315479e-01
2.040000e-01  4.296546e-01
2.070000e-01  4.277914e-01
2.100000e-01  4.259575e-01
2.130000e-01  4.241520e-01
2.160000e-01  4.223741e-01
2.190000e-01  4.206230e-01
2.220000e-01  4.188979e-01
2.250000e-01  4.171981e-01
2.280000e-01  4.155229e-01
2.310000e-01  4.138717e-01
2.340000e-01  4.122438e-01
2.370000e-01  4.106385e-01
2.400000e-01  4.090553e-01
2.430000e-01  4.074936e-01
2.460000e-01  4.059529e-01
2.490000e-01  4.044325e-01
2.520000e-01  4.029321e-01
2.550000e-01  4.014511e-01
2.580000e-01  3.999890e-01
2.610000e-01  3.985454e-01
2.640000e-01  3.971198e-01
2.670000e-01  3.957118e-01
2.700000e-01  3.943210e-01
2.730000e-01  3.929470e-01
2.760000e-01  3.915894e-01
2.790000e-01  3.902479e-01
2.820000e-01  3.889220e-01
2.850000e-01  3.876114e-01
2.880000e-01  3.863158e-01
2.910000e-01  3.850348e-01
2.940000e-01  3.837682e-01
2.970000e-01  3.825156e-01
3.000000e-01  3.812767e-01
3.030000e-01  3.800513e-01
3.060000e-01  3.788391e-01
3.090000e-01  3.776397e-01
3.120000e-01  3.764529e-01
3.150000e-01  3.752786e-01
3.180000e-01  3.741163e-01
3.210000e-01  3.729659e-01
3.240000e-01  3.718272e-01
3.270000e-01  3.706999e-01
3.300000e-01  3.695838e-01
3.330000e-01  3.684786e-01
3.360000e-01  3.673843e-01
3.390000e-01  3.663005e-01
3.420000e-01  3.652270e-01
3.450000e-01  3.641638e-01
3.480000e-01  3.631105e-01
3.510000e-01  3.620671e-01
3.540000e-01  3.610333e-01
3.570000e-01  3.600089e-01
3.600000e-01  3.589938e-01
3.630000e-01  3.579879e-01
3.660000e-01  3.569909e-01
3.690000e-01  3.560027e-01
3.720000e-01  3.550232e-01
3.750000e-01  3.540522e-01
3.780000e-01  3.530896e-01
3.810000e-01  3.521351e-01
3.840000e-01  3.511888e-01
3.870000e-01  3.502504e-01
3.900000e-01  3.493198e-01
3.930000e-01  3.483969e-01
3.960000e-01  3.474816e-01
3.990000e-01  3.465737e-01
4.020000e-01  3.456732e-01
4.050000e-01  3.447798e-01
4.080000e-01  3.438935e-01
4.110000e-01  3.430142e-01
4.140000e-01  3.421418e-01
4.170000e-01  3.412762e-01
4.200000e-01  3.404172e-01
4.230000e-01  3.395648e-01
4.260000e-01  3.387188e-01
4.290000e-01  3.378792e-01
4.320000e-01  3.370458e-01
4.350000e-01  3.362187e-01
4.380000e-01  3.353976e-01
4.410000e-01  3.345825e-01
4.440000e-01  3.337733e-01
4.470000e-01  3.329699e-01
4.500000e-01  3.321723e-01
4.530000e-01  3.313803e-01
4.560000e-01  3.305938e-01
4.590000e-01  3.298129e-01
4.620000e-01  3.290374e-01
4.650000e-01  3.282673e-01
4.680000e-01  3.275023e-01
4.710000e-01  3.267426e-01
4.740000e-01  3.259881e-01
4.770000e-01  3.252385e-01
4.800000e-01  3.244940e-01
4.830000e-01  3.237543e-01
4.860000e-01  3.230195e-01
4.890000e-01  3.222895e-01
4.920000e-01  3.215643e-01
4.950000e-01  3.208436e-01
4.980000e-01  3.201276e-01
5.010000e-01  3.194161e-01
5.040000e-01  3.187091e-01
5.070000e-01  3.180065e-01
5.100000e-01  3.173083e-01
5.130000e-01  3.166144e-01
5.160000e-01  3.159248e-01
5.190000e-01  3.152393e-01
5.220000e-01  3.145580e-01
5.250000e-01  3.138808e-01
5.280000e-01  3.132076e-01
5.310000e-01  3.125385e-01
5.340000e-01  3.118732e-01
5.370000e-01  3.112119e-01
5.400000e-01  3.105545e-01
5.430000e-01  3.099008e-01
5.460000e-01  3.092509e-01
5.490000e-01  3.086047e-01
5.520000e-01  3.079621e-01
5.550000e-01  3.073232e-01
5.580000e-01  3.066879e-01
5.610000e-01  3.060561e-01
5.640000e-01  3.054278e-01
5.670000e-01  3.048030e-01
5.700000e-01  3.041816e-01
5.730000e-01  3.035636e-01
5.760000e-01  3.029489e-01
5.790000e-01  3.023375e-01
5.820000e-01  3.017294e-01
5.850000e-01  3.011245e-01
5.880000e-01  3.005228e-01
5.910000e-01  2.999242e-01
5.940000e-01  2.993288e-01
5.970000e-01  2.987364e-01
6.000000e-01  2.981471e-01
6.030000e-01  2.975608e-01
6.060000e-01  2.969775e-01
6.090000e-01  2.963972e-01
6.120000e-01  2.958198e-01
6.150000e-01  2.952452e-01
6.180000e-01  2.946736e-01
6.210000e-01  2.941047e-01
6.240000e-01  2.935386e-01
6.270000e-01  2.929753e-01
6.300000e-01  2.924148e-01
6.330000e-01  2.918569e-01
6.360000e-01  2.913018e-01
6.390000e-01  2.907492e-01
6.420000e-01  2.901993e-01
6.450000e-01  2.896520e-01
6.480000e-01  2.891073e-01
6.510000e-01  2.885651e-01
6.540000e-01  2.880255e-01
6.570000e-01  2.874883e-01
6.600000e-01  2.869536e-01
6.630000e-01  2.864213e-01
6.660000e-01  2.858914e-01
6.690000e-01  2.853640e-01
6.720000e-01  2.848389e-01
6.750000e-01  2.843161e-01
6.780000e-01  2.837957e-01
6.810000e-01  2.832775e-01
6.840000e-01  2.827617e-01
6.870000e-01  2.822481e-01
6.900000e-01  2.817367e-01
6.930000e-01  2.812275e-01
6.960000e-01  2.807205e-01
6.990000e-01  2.802157e-01
7.020000e-01  2.797130e-01
7.050000e-01  2.792125e-01
7.080000e-01  2.787140e-01
7.110000e-01  2.782177e-01
7.140000e-01  2.777234e-01
7.170000e-01  2.772311e-01
7.200000e-01  2.767409e-01
7.230000e-01  2.762527e-01
7.260000e-01  2.757664e-01
7.290000e-01  2.752822e-01
7.320000e-01  2.747998e-01
7.350000e-01  2.743195e-01
7.380000e-01  2.738410e-01
7.410000e-01  2.733644e-01
7.440000e-01  2.728897e-01
7.470000e-01  2.724169e-01
7.500000e-01  2.719459e-01
7.530000e-01  2.714767e-01
7.560000e-01  2.710093e-01
7.590000e-01  2.705438e-01
7.620000e-01  2.700800e-01
7.650000e-01  2.696180e-01
7.680000e-01  2.691577e-01
7.710000e-01  2.686991e-01
7.740000e-01  2.682423e-01
7.770000e-01  2.677871e-01
7.800000e-01  2.673337e-01
7.830000e-01  2.668819e-01
7.860000e-01  2.664318e-01
7.890000e-01  2.659833e-01
7.920000e-01  2.655364e-01
7.950000e-01  2.650911e-01
7.980000e-01  2.646475e-01
8.010000e-01  2.642054e-01
8.040000e-01  2.637649e-01
8.070000e-01  2.633259e-01
8.100000e-01  2.628885e-01
8.130000e-01  2.624526e-01
8.160000e-01  2.620182e-01
8.190000e-01  2.615854e-01
8.220000e-01  2.611540e-01
8.250000e-01  2.607241e-01
8.280000e-01  2.602956e-01
8.310000e-01  2.598687e-01
8.340000e-01  2.594431e-01
8.370000e-01  2.590190e-01
8.400000e-01  2.585962e-01
8.430000e-01  2.581749e-01
8.460000e-01  2.577550e-01
8.490000e-01  2.573365e-01
8.520000e-01  2.569193e-01
8.550000e-01  2.565035e-01
8.580000e-01  2.560890e-01
8.610000e-01  2.556758e-01
8.640000e-01  2.552640e-01
8.670000e-01  2.548535e-01
8.700000e-01  2.544443e-01
8.730000e-01  2.540364e-01
8.760000e-01  2.536297e-01
8.790000e-01  2.532243e-01
8.820000e-01  2.528202e-01
8.850000e-01  2.524173e-01
8.880000e-01  2.520157e-01
8.910000e-01  2.516153e-01
8.940000e-01  2.512161e-01
8.970000e-01  2.508181e-01
9.000000e-01  2.504213e-01
9.030000e-01  2.500257e-01
9.060000e-01  2.496313e-01
9.090000e-01  2.492380e-01
9.120000e-01  2.488459e-01
9.150000e-01  2.484550e-01
9.180000e-01  2.480652e-01
9.210000e-01  2.476765e-01
9.240000e-01  2.472889e-01
9.270000e-01  2.469024e-01
9.300000e-01  2.465171e-01
9.330000e-01  2.461328e-01
9.360000e-01  2.457497e-01
9.390000e-01  2.453676e-01
9.420000e-01  2.449865e-01
9.450000e-01  2.446066e-01
9.480000e-01  2.442277e-01
9.510000e-01  2.438498e-01
9.540000e-01  2.434730e-01
9.570000e-01  2.430971e-01
9.600000e-01  2.427223e-01
9.630000e-01  2.423486e-01
9.660000e-01  2.419758e-01
9.690000e-01  2.416040e-01
9.720000e-01  2.412332e-01
9.750000e-01  2.408633e-01
9.780000e-01  2.404945e-01
9.810000e-01  2.401266e-01
9.840000e-01  2.397597e-01
9.870000e-01  2.393936e-01
9.900000e-01  2.390286e-01
9.930000e-01  2.386645e-01
9.960000e-01  2.383013e-01
9.990000e-01  2.379390e-01
