000000  000001
3.000000e-03  8.884692e-01
6.000000e-03  8.226262e-01
9.000000e-03  7.760975e-01
1.200000e-02  7.402957e-01
1.500000e-02  7.113167e-01
1.800000e-02  6.870529e-01
2.100000e-02  6.662373e-01
2.400000e-02  6.480493e-01
2.700000e-02  6.319275e-01
3.000000e-02  6.174710e-01
3.300000e-02  6.043838e-01
3.600000e-02  5.924417e-01
3.900000e-02  5.814702e-01
4.200000e-02  5.713316e-01
4.500000e-02  5.619148e-01
4.800000e-02  5.531295e-01
5.100000e-02  5.449007e-01
5.400000e-02  5.371661e-01
5.700000e-02  5.298730e-01
6.000000e-02  5.229764e-01
6.300000e-02  5.164378e-01
6.600000e-02  5.102241e-01
6.900000e-02  5.043062e-01
7.200000e-02  4.986590e-01
7.500000e-02  4.932601e-01
7.800000e-02  4.880898e-01
8.100000e-02  4.831307e-01
8.400000e-02  4.783672e-01
8.700000e-02  4.737852e-01
9.000000e-02  4.693723e-01
9.300000e-02  4.651171e-01
9.600000e-02  4.610094e-01
9.900000e-02  4.570399e-01
1.020000e-01  4.532000e-01
1.050000e-01  4.494821e-01
1.080000e-01  4.458790e-01
1.110000e-01  4.423843e-01
1.140000e-01  4.389920e-01
1.170000e-01  4.356966e-01
1.200000e-01  4.324930e-01
1.230000e-01  4.293764e-01
1.260000e-01  4.263426e-01
1.290000e-01  4.233875e-01
1.320000e-01  4.205073e-01
1.350000e-01  4.176986e-01
1.380000e-01  4.149579e-01
1.410000e-01  4.122823e-01
1.440000e-01  4.096689e-01
1.470000e-01  4.071151e-01
1.500000e-01  4.046182e-01
1.530000e-01  4.021760e-01
1.560000e-01  3.997861e-01
1.590000e-01  3.974466e-01
1.620000e-01  3.951554e-01
1.650000e-01  3.929107e-01
1.680000e-01  3.907107e-01
1.710000e-01  3.885537e-01
1.740000e-01  3.864382e-01
1.770000e-01  3.843626e-01
1.800000e-01  3.823255e-01
1.830000e-01  3.803257e-01
1.860000e-01  3.783618e-01
1.890000e-01  3.764325e-01
1.920000e-01  3.745369e-01
1.950000e-01  3.726736e-01
1.980000e-01  3.708418e-01
2.010000e-01  3.690403e-01
2.040000e-01  3.672682e-01
2.070000e-01  3.655247e-01
2.100000e-01  3.638088e-01
2.130000e-01  3.621198e-01
2.160000e-01  3.604567e-01
2.190000e-01  3.588189e-01
2.220000e-01  3.572057e-01
2.250000e-01  3.556162e-01
2.280000e-01  3.540499e-01
2.310000e-01  3.525061e-01
2.340000e-01  3.509841e-01
2.370000e-01  3.494835e-01
2.400000e-01  3.480035e-01
2.430000e-01  3.465437e-01
2.460000e-01  3.451035e-01
2.490000e-01  3.436825e-01
2.520000e-01  3.422801e-01
2.550000e-01  3.408958e-01
2.580000e-01  3.395293e-01
2.610000e-01  3.381800e-01
2.640000e-01  3.368475e-01
2.670000e-01  3.355315e-01
2.700000e-01  3.342315e-01
2.730000e-01  3.329472e-01
2.760000e-01  3.316781e-01
2.790000e-01  3.304240e-01
2.820000e-01  3.291845e-01
2.850000e-01  3.279592e-01
2.880000e-01  3.267479e-01
2.910000e-01  3.255502e-01
2.940000e-01  3.243657e-01
2.970000e-01  3.231944e-01
3.000000e-01  3.220357e-01
3.030000e-01  3.208896e-01
3.060000e-01  3.197556e-01
3.090000e-01  3.186336e-01
3.120000e-01  3.175233e-01
3.150000e-01  3.164245e-01
3.180000e-01  3.153368e-01
3.210000e-01  3.142602e-01
3.240000e-01  3.131943e-01
3.270000e-01  3.121390e-01
3.300000e-01  3.110940e-01
3.330000e-01  3.100592e-01
3.360000e-01  3.090343e-01
3.390000e-01  3.080192e-01
3.420000e-01  3.070136e-01
3.450000e-01  3.060174e-01
3.480000e-01  3.050304e-01
3.510000e-01  3.040524e-01
3.540000e-01  3.030833e-01
3.570000e-01  3.021230e-01
3.600000e-01  3.011711e-01
3.630000e-01  3.002277e-01
3.660000e-01  2.992924e-01
3.690000e-01  2.983653e-01
3.720000e-01  2.974461e-01
3.750000e-01  2.965347e-01
3.780000e-01  2.956310e-01
3.810000e-01  2.947349e-01
3.840000e-01  2.938461e-01
3.870000e-01  2.929646e-01
3.900000e-01  2.920903e-01
3.930000e-01  2.912230e-01
3.960000e-01  2.903626e-01
3.990000e-01  2.895090e-01
4.020000e-01  2.886622e-01
4.050000e-01  2.878219e-01
4.080000e-01  2.869880e-01
4.110000e-01  2.861606e-01
4.140000e-01  2.853394e-01
4.170000e-01  2.845244e-01
4.200000e-01  2.837154e-01
4.230000e-01  2.829124e-01
4.260000e-01  2.821154e-01
4.290000e-01  2.813240e-01
4.320000e-01  2.805384e-01
4.350000e-01  2.797584e-01
4.380000e-01  2.789840e-01
4.410000e-01  2.782149e-01
4.440000e-01  2.774513e-01
4.470000e-01  2.766929e-01
4.500000e-01  2.759397e-01
4.530000e-01  2.751916e-01
4.560000e-01  2.744486e-01
4.590000e-01  2.737105e-01
4.620000e-01  2.729774e-01
4.650000e-01  2.722490e-01
4.680000e-01  2.715255e-01
4.710000e-01  2.708066e-01
4.740000e-01  2.700923e-01
4.770000e-01  2.693827e-01
4.800000e-01  2.686775e-01
4.830000e-01  2.679767e-01
4.860000e-01  2.672803e-01
4.890000e-01  2.665882e-01
4.920000e-01  2.659004e-01
4.950000e-01  2.652167e-01
4.980000e-01  2.645372e-01
5.010000e-01  2.638618e-01
5.040000e-01  2.631903e-01
5.070000e-01  2.625229e-01
5.100000e-01  2.618594e-01
5.130000e-01  2.611997e-01
5.160000e-01  2.605438e-01
5.190000e-01  2.598917e-01
5.220000e-01  2.592433e-01
5.250000e-01  2.585986e-01
5.280000e-01  2.579574e-01
5.310000e-01  2.573199e-01
5.340000e-01  2.566858e-01
5.370000e-01  2.560553e-01
5.400000e-01  2.554281e-01
5.430000e-01  2.548044e-01
5.460000e-01  2.541840e-01
5.490000e-01  2.535669e-01
5.520000e-01  2.529530e-01
5.550000e-01  2.523424e-01
5.580000e-01  2.517350e-01
5.610000e-01  2.511306e-01
5.640000e-01  2.505294e-01
5.670000e-01  2.499313e-01
5.700000e-01  2.493361e-01
5.730000e-01  2.487440e-01
5.760000e-01  2.481548e-01
5.790000e-01  2.475685e-01
5.820000e-01  2.469851e-01
5.850000e-01  2.464045e-01
5.880000e-01  2.458267e-01
5.910000e-01  2.452517e-01
5.940000e-01  2.446795e-01
5.970000e-01  2.441099e-01
6.000000e-01  2.435431e-01
6.030000e-01  2.429788e-01
6.060000e-01  2.424172e-01
6.090000e-01  2.418582e-01
6.120000e-01  2.413017e-01
6.150000e-01  2.407477e-01
6.180000e-01  2.401962e-01
6.210000e-01  2.396472e-01
6.240000e-01  2.391006e-01
6.270000e-01  2.385565e-01
6.300000e-01  2.380147e-01
6.330000e-01  2.374752e-01
6.360000e-01  2.369381e-01
6.390000e-01  2.364032e-01
6.420000e-01  2.358707e-01
6.450000e-01  2.353403e-01
6.480000e-01  2.348122e-01
6.510000e-01  2.342863e-01
6.540000e-01  2.337625e-01
6.570000e-01  2.332409e-01
6.600000e-01  2.327214e-01
6.630000e-01  2.322040e-01
6.660000e-01  2.316887e-01
6.690000e-01  2.311754e-01
6.720000e-01  2.306641e-01
6.750000e-01  2.301549e-01
6.780000e-01  2.296476e-01
6.810000e-01  2.291422e-01
6.840000e-01  2.286388e-01
6.870000e-01  2.281373e-01
6.900000e-01  2.276377e-01
6.930000e-01  2.271400e-01
6.960000e-01  2.266441e-01
6.990000e-01  2.261500e-01
7.020000e-01  2.256578e-01
7.050000e-01  2.251673e-01
7.080000e-01  2.246786e-01
7.110000e-01  2.241916e-01
7.140000e-01  2.237064e-01
7.170000e-01  2.232229e-01
7.200000e-01  2.227410e-01
7.230000e-01  2.222609e-01
7.260000e-01  2.217823e-01
7.290000e-01  2.213055e-01
7.320000e-01  2.208302e-01
7.350000e-01  2.203565e-01
7.380000e-01  2.198844e-01
7.410000e-01  2.194139e-01
7.440000e-01  2.189449e-01
7.470000e-01  2.184774e-01
7.500000e-01  2.180115e-01
7.530000e-01  2.175470e-01
7.560000e-01  2.170840e-01
7.590000e-01  2.166225e-01
7.620000e-01  2.161624e-01
7.650000e-01  2.157038e-01
7.680000e-01  2.152465e-01
7.710000e-01  2.147907e-01
7.740000e-01  2.143362e-01
7.770000e-01  2.138831e-01
7.800000e-01  2.134313e-01
7.830000e-01  2.129809e-01
7.860000e-01  2.125318e-01
7.890000e-01  2.120840e-01
7.920000e-01  2.116374e-01
7.950000e-01  2.111922e-01
7.980000e-01  2.107482e-01
8.010000e-01  2.103054e-01
8.040000e-01  2.098639e-01
8.070000e-01  2.094236e-01
8.100000e-01  2.089845e-01
8.130000e-01  2.085466e-01
8.160000e-01  2.081098e-01
8.190000e-01  2.076742e-01
8.220000e-01  2.072398e-01
8.250000e-01  2.068065e-01
8.280000e-01  2.063743e-01
8.310000e-01  2.059432e-01
8.340000e-01  2.055132e-01
8.370000e-01  2.050843e-01
8.400000e-01  2.046564e-01
8.430000e-01  2.042296e-01
8.460000e-01  2.038038e-01
8.490000e-01  2.033791e-01
8.520000e-01  2.029554e-01
8.550000e-01  2.025327e-01
8.580000e-01  2.021109e-01
8.610000e-01  2.016902e-01
8.640000e-01  2.012704e-01
8.670000e-01  2.008515e-01
8.700000e-01  2.004336e-01
8.730000e-01  2.000167e-01
8.760000e-01  1.996006e-01
8.790000e-01  1.991854e-01
8.820000e-01  1.987712e-01
8.850000e-01  1.983578e-01
8.880000e-01  1.979453e-01
8.910000e-01  1.975336e-01
8.940000e-01  1.971228e-01
8.970000e-01  1.967128e-01
9.000000e-01  1.963036e-01
9.030000e-01  1.958953e-01
9.060000e-01  1.954877e-01
9.090000e-01  1.950809e-01
9.120000e-01  1.946749e-01
9.150000e-01  1.942697e-01
9.180000e-01  1.938652e-01
9.210000e-01  1.934615e-01
9.240000e-01  1.930585e-01
9.270000e-01  1.926562e-01
9.300000e-01  1.922546e-01
9.330000e-01  1.918537e-01
9.360000e-01  1.914535e-01
9.390000e-01  1.910539e-01
9.420000e-01  1.906551e-01
9.450000e-01  1.902568e-01
9.480000e-01  1.898593e-01
9.510000e-01  1.894623e-01
9.540000e-01  1.890660e-01
9.570000e-01  1.886703e-01
9.600000e-01  1.882751e-01
9.630000e-01  1.878806e-01
9.660000e-01  1.874866e-01
9.690000e-01  1.870932e-01
9.720000e-01  1.867004e-01
9.750000e-01  1.863081e-01
9.780000e-01  1.859163e-01
9.810000e-01  1.855250e-01
9.840000e-01  1.851343e-01
9.870000e-01  1.847440e-01
9.900000e-01  1.843543e-01
9.930000e-01  1.839650e-01
9.960000e-01  1.835762e-01
9.990000e-01  1.831878e-01
