000000  000001
3.000000e-03  8.517712e-01
6.000000e-03  7.755312e-01
9.000000e-03  7.245025e-01
1.200000e-02  6.864240e-01
1.500000e-02  6.562164e-01
1.800000e-02  6.312853e-01
2.100000e-02  6.101285e-01
2.400000e-02  5.917992e-01
2.700000e-02  5.756635e-01
3.000000e-02  5.612764e-01
3.300000e-02  5.483140e-01
3.600000e-02  5.365334e-01
3.900000e-02  5.257480e-01
4.200000e-02  5.158113e-01
4.500000e-02  5.066064e-01
4.800000e-02  4.980386e-01
5.100000e-02  4.900302e-01
5.400000e-02  4.825163e-01
5.700000e-02  4.754429e-01
6.000000e-02  4.687637e-01
6.300000e-02  4.624396e-01
6.600000e-02  4.564367e-01
6.900000e-02  4.507257e-01
7.200000e-02  4.452809e-01
7.500000e-02  4.400801e-01
7.800000e-02  4.351033e-01
8.100000e-02  4.303331e-01
8.400000e-02  4.257538e-01
8.700000e-02  4.213516e-01
9.000000e-02  4.171140e-01
9.300000e-02  4.130296e-01
9.600000e-02  4.090883e-01
9.900000e-02  4.052809e-01
1.020000e-01  4.015991e-01
1.050000e-01  3.980351e-01
1.080000e-01  3.945820e-01
1.110000e-01  3.912335e-01
1.140000e-01  3.879836e-01
1.170000e-01  3.848269e-01
1.200000e-01  3.817585e-01
1.230000e-01  3.787738e-01
1.260000e-01  3.758684e-01
1.290000e-01  3.730385e-01
1.320000e-01  3.702803e-01
1.350000e-01  3.675905e-01
1.380000e-01  3.649659e-01
1.410000e-01  3.624034e-01
1.440000e-01  3.599003e-01
1.470000e-01  3.574540e-01
1.500000e-01  3.550621e-01
1.530000e-01  3.527222e-01
1.560000e-01  3.504321e-01
1.590000e-01  3.481900e-01
1.620000e-01  3.459937e-01
1.650000e-01  3.438417e-01
1.680000e-01  3.417320e-01
1.710000e-01  3.396632e-01
1.740000e-01  3.376337e-01
1.770000e-01  3.356421e-01
1.800000e-01  3.336869e-01
1.830000e-01  3.317670e-01
1.860000e-01  3.298810e-01
1.890000e-01  3.280279e-01
1.920000e-01  3.262064e-01
1.950000e-01  3.244155e-01
1.980000e-01  3.226543e-01
2.010000e-01  3.209217e-01
2.040000e-01  3.192169e-01
2.070000e-01  3.175389e-01
2.100000e-01  3.158869e-01
2.130000e-01  3.142602e-01
2.160000e-01  3.126579e-01
2.190000e-01  3.110794e-01
2.220000e-01  3.095239e-01
2.250000e-01  3.079907e-01
2.280000e-01  3.064792e-01
2.310000e-01  3.049889e-01
2.340000e-01  3.035190e-01
2.370000e-01  3.020691e-01
2.400000e-01  3.006386e-01
2.430000e-01  2.992269e-01
2.460000e-01  2.978335e-01
2.490000e-01  2.964581e-01
2.520000e-01  2.951000e-01
2.550000e-01  2.937589e-01
2.580000e-01  2.924342e-01
2.610000e-01  2.911257e-01
2.640000e-01  2.898328e-01
2.670000e-01  2.885553e-01
2.700000e-01  2.872926e-01
2.730000e-01  2.860446e-01
2.760000e-01  2.848107e-01
2.790000e-01  2.835906e-01
2.820000e-01  2.823841e-01
2.850000e-01  2.811909e-01
2.880000e-01  2.800105e-01
2.910000e-01  2.788428e-01
2.940000e-01  2.776873e-01
2.970000e-01  2.765439e-01
3.000000e-01  2.754123e-01
3.030000e-01  2.742922e-01
3.060000e-01  2.731834e-01
3.090000e-01  2.720856e-01
3.120000e-01  2.709985e-01
3.150000e-01  2.699220e-01
3.180000e-01  2.688558e-01
3.210000e-01  2.677997e-01
3.240000e-01  2.667535e-01
3.270000e-01  2.657170e-01
3.300000e-01  2.646900e-01
3.330000e-01  2.636722e-01
3.360000e-01  2.626636e-01
3.390000e-01  2.616638e-01
3.420000e-01  2.606728e-01
3.450000e-01  2.596904e-01
3.480000e-01  2.587163e-01
3.510000e-01  2.577505e-01
3.540000e-01  2.567928e-01
3.570000e-01  2.558429e-01
3.600000e-01  2.549008e-01
3.630000e-01  2.539663e-01
3.660000e-01  2.530393e-01
3.690000e-01  2.521196e-01
3.720000e-01  2.512071e-01
3.750000e-01  2.503016e-01
3.780000e-01  2.494030e-01
3.810000e-01  2.485113e-01
3.840000e-01  2.476261e-01
3.870000e-01  2.467476e-01
3.900000e-01  2.458754e-01
3.930000e-01  2.450096e-01
3.960000e-01  2.441499e-01
3.990000e-01  2.432964e-01
4.020000e-01  2.424488e-01
4.050000e-01  2.416070e-01
4.080000e-01  2.407711e-01
4.110000e-01  2.399408e-01
4.140000e-01  2.391160e-01
4.170000e-01  2.382967e-01
4.200000e-01  2.374828e-01
4.230000e-01  2.366741e-01
4.260000e-01  2.358707e-01
4.290000e-01  2.350723e-01
4.320000e-01  2.342789e-01
4.350000e-01  2.334904e-01
4.380000e-01  2.327068e-01
4.410000e-01  2.319279e-01
4.440000e-01  2.311537e-01
4.470000e-01  2.303841e-01
4.500000e-01  2.296190e-01
4.530000e-01  2.288584e-01
4.560000e-01  2.281021e-01
4.590000e-01  2.273501e-01
4.620000e-01  2.266023e-01
4.650000e-01  2.258586e-01
4.680000e-01  2.251190e-01
4.710000e-01  2.243835e-01
4.740000e-01  2.236518e-01
4.770000e-01  2.229241e-01
4.800000e-01  2.222001e-01
4.830000e-01  2.214799e-01
4.860000e-01  2.207634e-01
4.890000e-01  2.200505e-01
4.920000e-01  2.193411e-01
4.950000e-01  2.186353e-01
4.980000e-01  2.179329e-01
5.010000e-01  2.172339e-01
5.040000e-01  2.165382e-01
5.070000e-01  2.158457e-01
5.100000e-01  2.151565e-01
5.130000e-01  2.144705e-01
5.160000e-01  2.137875e-01
5.190000e-01  2.131076e-01
5.220000e-01  2.124308e-01
5.250000e-01  2.117568e-01
5.280000e-01  2.110858e-01
5.310000e-01  2.104176e-01
5.340000e-01  2.097522e-01
5.370000e-01  2.090895e-01
5.400000e-01  2.084296e-01
5.430000e-01  2.077723e-01
5.460000e-01  2.071176e-01
5.490000e-01  2.064655e-01
5.520000e-01  2.058159e-01
5.550000e-01  2.051688e-01
5.580000e-01  2.045241e-01
5.610000e-01  2.038817e-01
5.640000e-01  2.032417e-01
5.670000e-01  2.026040e-01
5.700000e-01  2.019686e-01
5.730000e-01  2.013354e-01
5.760000e-01  2.007043e-01
5.790000e-01  2.000753e-01
5.820000e-01  1.994485e-01
5.850000e-01  1.988236e-01
5.880000e-01  1.982008e-01
5.910000e-01  1.975800e-01
5.940000e-01  1.969610e-01
5.970000e-01  1.963439e-01
6.000000e-01  1.957287e-01
6.030000e-01  1.951153e-01
6.060000e-01  1.945036e-01
6.090000e-01  1.938937e-01
6.120000e-01  1.932854e-01
6.150000e-01  1.926788e-01
6.180000e-01  1.920738e-01
6.210000e-01  1.914704e-01
6.240000e-01  1.908685e-01
6.270000e-01  1.902681e-01
6.300000e-01  1.896691e-01
6.330000e-01  1.890716e-01
6.360000e-01  1.884754e-01
6.390000e-01  1.878806e-01
6.420000e-01  1.872871e-01
6.450000e-01  1.866948e-01
6.480000e-01  1.861038e-01
6.510000e-01  1.855140e-01
6.540000e-01  1.849254e-01
6.570000e-01  1.843378e-01
6.600000e-01  1.837514e-01
6.630000e-01  1.831660e-01
6.660000e-01  1.825815e-01
6.690000e-01  1.819981e-01
6.720000e-01  1.814156e-01
6.750000e-01  1.808340e-01
6.780000e-01  1.802532e-01
6.810000e-01  1.796733e-01
6.840000e-01  1.790941e-01
6.870000e-01  1.785157e-01
6.900000e-01  1.779380e-01
6.930000e-01  1.773609e-01
6.960000e-01  1.767845e-01
6.990000e-01  1.762086e-01
7.020000e-01  1.756333e-01
7.050000e-01  1.750585e-01
7.080000e-01  1.744842e-01
7.110000e-01  1.739102e-01
7.140000e-01  1.733367e-01
7.170000e-01  1.727635e-01
7.200000e-01  1.721905e-01
7.230000e-01  1.716179e-01
7.260000e-01  1.710454e-01
7.290000e-01  1.704731e-01
7.320000e-01  1.699009e-01
7.350000e-01  1.693288e-01
7.380000e-01  000000
7.410000e-01  000000
7.440000e-01  000000
7.470000e-01  000000
7.500000e-01  000000
7.530000e-01  000000
7.560000e-01  000000
7.590000e-01  000000
7.620000e-01  000000
7.650000e-01  000000
7.680000e-01  000000
7.710000e-01  000000
7.740000e-01  000000
7.770000e-01  000000
7.800000e-01  000000
7.830000e-01  000000
7.860000e-01  000000
7.890000e-01  000000
7.920000e-01  000000
7.950000e-01  000000
7.980000e-01  000000
8.010000e-01  000000
8.040000e-01  000000
8.070000e-01  000000
8.100000e-01  000000
8.130000e-01  000000
8.160000e-01  000000
8.190000e-01  000000
8.220000e-01  000000
8.250000e-01  000000
8.280000e-01  000000
8.310000e-01  000000
8.340000e-01  000000
8.370000e-01  000000
8.400000e-01  000000
8.430000e-01  000000
8.460000e-01  000000
8.490000e-01  000000
8.520000e-01  000000
8.550000e-01  000000
8.580000e-01  000000
8.610000e-01  000000
8.640000e-01  000000
8.670000e-01  000000
8.700000e-01  000000
8.730000e-01  000000
8.760000e-01  000000
8.790000e-01  000000
8.820000e-01  000000
8.850000e-01  000000
8.880000e-01  000000
8.910000e-01  000000
8.940000e-01  000000
8.970000e-01  000000
9.000000e-01  000000
9.030000e-01  000000
9.060000e-01  000000
9.090000e-01  000000
9.120000e-01  000000
9.150000e-01  000000
9.180000e-01  000000
9.210000e-01  000000
9.240000e-01  000000
9.270000e-01  000000
9.300000e-01  000000
9.330000e-01  000000
9.360000e-01  000000
9.390000e-01  000000
9.420000e-01  000000
9.450000e-01  000000
9.480000e-01  000000
9.510000e-01  000000
9.540000e-01  000000
9.570000e-01  000000
9.600000e-01  000000
9.630000e-01  000000
9.660000e-01  000000
9.690000e-01  000000
9.720000e-01  000000
9.750000e-01  000000
9.780000e-01  000000
9.810000e-01  000000
9.840000e-01  000000
9.870000e-01  000000
9.900000e-01  000000
9.930000e-01  000000
9.960000e-01  000000
9.990000e-01  000000
