000000  000001
3.000000e-03  8.059027e-01
6.000000e-03  7.207776e-01
9.000000e-03  6.666594e-01
1.200000e-02  6.273667e-01
1.500000e-02  5.967337e-01
1.800000e-02  5.717567e-01
2.100000e-02  5.507505e-01
2.400000e-02  5.326773e-01
2.700000e-02  5.168540e-01
3.000000e-02  5.028079e-01
3.300000e-02  4.901988e-01
3.600000e-02  4.787740e-01
3.900000e-02  4.683408e-01
4.200000e-02  4.587494e-01
4.500000e-02  4.498805e-01
4.800000e-02  4.416383e-01
5.100000e-02  4.339444e-01
5.400000e-02  4.267338e-01
5.700000e-02  4.199523e-01
6.000000e-02  4.135540e-01
6.300000e-02  4.075000e-01
6.600000e-02  4.017566e-01
6.900000e-02  3.962951e-01
7.200000e-02  3.910901e-01
7.500000e-02  3.861198e-01
7.800000e-02  3.813645e-01
8.100000e-02  3.768073e-01
8.400000e-02  3.724329e-01
8.700000e-02  3.682277e-01
9.000000e-02  3.641796e-01
9.300000e-02  3.602775e-01
9.600000e-02  3.565117e-01
9.900000e-02  3.528732e-01
1.020000e-01  3.493540e-01
1.050000e-01  3.459465e-01
1.080000e-01  3.426442e-01
1.110000e-01  3.394408e-01
1.140000e-01  3.363306e-01
1.170000e-01  3.333086e-01
1.200000e-01  3.303698e-01
1.230000e-01  3.275099e-01
1.260000e-01  3.247248e-01
1.290000e-01  3.220107e-01
1.320000e-01  3.193640e-01
1.350000e-01  3.167815e-01
1.380000e-01  3.142602e-01
1.410000e-01  3.117971e-01
1.440000e-01  3.093897e-01
1.470000e-01  3.070353e-01
1.500000e-01  3.047318e-01
1.530000e-01  3.024769e-01
1.560000e-01  3.002685e-01
1.590000e-01  2.981047e-01
1.620000e-01  2.959837e-01
1.650000e-01  2.939038e-01
1.680000e-01  2.918634e-01
1.710000e-01  2.898608e-01
1.740000e-01  2.878947e-01
1.770000e-01  2.859637e-01
1.800000e-01  2.840664e-01
1.830000e-01  2.822017e-01
1.860000e-01  2.803684e-01
1.890000e-01  2.785653e-01
1.920000e-01  2.767915e-01
1.950000e-01  2.750458e-01
1.980000e-01  2.733274e-01
2.010000e-01  2.716353e-01
2.040000e-01  2.699686e-01
2.070000e-01  2.683265e-01
2.100000e-01  2.667083e-01
2.130000e-01  2.651130e-01
2.160000e-01  2.635402e-01
2.190000e-01  2.619889e-01
2.220000e-01  2.604585e-01
2.250000e-01  2.589485e-01
2.280000e-01  2.574582e-01
2.310000e-01  2.559869e-01
2.340000e-01  2.545342e-01
2.370000e-01  2.530995e-01
2.400000e-01  2.516823e-01
2.430000e-01  2.502820e-01
2.460000e-01  2.488981e-01
2.490000e-01  2.475303e-01
2.520000e-01  2.461781e-01
2.550000e-01  2.448409e-01
2.580000e-01  2.435185e-01
2.610000e-01  2.422103e-01
2.640000e-01  2.409160e-01
2.670000e-01  2.396353e-01
2.700000e-01  2.383677e-01
2.730000e-01  2.371130e-01
2.760000e-01  2.358707e-01
2.790000e-01  2.346405e-01
2.820000e-01  2.334221e-01
2.850000e-01  2.322152e-01
2.880000e-01  2.310196e-01
2.910000e-01  2.298348e-01
2.940000e-01  2.286607e-01
2.970000e-01  2.274968e-01
3.000000e-01  2.263431e-01
3.030000e-01  2.251992e-01
3.060000e-01  2.240649e-01
3.090000e-01  2.229398e-01
3.120000e-01  2.218239e-01
3.150000e-01  2.207168e-01
3.180000e-01  2.196183e-01
3.210000e-01  2.185282e-01
3.240000e-01  2.174463e-01
3.270000e-01  2.163723e-01
3.300000e-01  2.153061e-01
3.330000e-01  2.142474e-01
3.360000e-01  2.131961e-01
3.390000e-01  2.121520e-01
3.420000e-01  2.111149e-01
3.450000e-01  2.100845e-01
3.480000e-01  2.090608e-01
3.510000e-01  2.080435e-01
3.540000e-01  2.070324e-01
3.570000e-01  2.060275e-01
3.600000e-01  2.050284e-01
3.630000e-01  2.040351e-01
3.660000e-01  2.030474e-01
3.690000e-01  2.020652e-01
3.720000e-01  2.010882e-01
3.750000e-01  2.001163e-01
3.780000e-01  1.991494e-01
3.810000e-01  1.981873e-01
3.840000e-01  1.972299e-01
3.870000e-01  1.962770e-01
3.900000e-01  1.953285e-01
3.930000e-01  1.943841e-01
3.960000e-01  1.934439e-01
3.990000e-01  1.925077e-01
4.020000e-01  1.915752e-01
4.050000e-01  1.906464e-01
4.080000e-01  1.897211e-01
4.110000e-01  1.887992e-01
4.140000e-01  1.878806e-01
4.170000e-01  1.869651e-01
4.200000e-01  1.860525e-01
4.230000e-01  1.851428e-01
4.260000e-01  1.842358e-01
4.290000e-01  1.833313e-01
4.320000e-01  1.824293e-01
4.350000e-01  1.815295e-01
4.380000e-01  1.806319e-01
4.410000e-01  1.797363e-01
4.440000e-01  1.788426e-01
4.470000e-01  1.779505e-01
4.500000e-01  1.770601e-01
4.530000e-01  1.761711e-01
4.560000e-01  1.752834e-01
4.590000e-01  1.743968e-01
4.620000e-01  1.735112e-01
4.650000e-01  1.726264e-01
4.680000e-01  1.717424e-01
4.710000e-01  1.708588e-01
4.740000e-01  1.699756e-01
4.770000e-01  000000
4.800000e-01  000000
4.830000e-01  000000
4.860000e-01  000000
4.890000e-01  000000
4.920000e-01  000000
4.950000e-01  000000
4.980000e-01  000000
5.010000e-01  000000
5.040000e-01  000000
5.070000e-01  000000
5.100000e-01  000000
5.130000e-01  000000
5.160000e-01  000000
5.190000e-01  000000
5.220000e-01  000000
5.250000e-01  000000
5.280000e-01  000000
5.310000e-01  000000
5.340000e-01  000000
5.370000e-01  000000
5.400000e-01  000000
5.430000e-01  000000
5.460000e-01  000000
5.490000e-01  000000
5.520000e-01  000000
5.550000e-01  000000
5.580000e-01  000000
5.610000e-01  000000
5.640000e-01  000000
5.670000e-01  000000
5.700000e-01  000000
5.730000e-01  000000
5.760000e-01  000000
5.790000e-01  000000
5.820000e-01  000000
5.850000e-01  000000
5.880000e-01  000000
5.910000e-01  000000
5.940000e-01  000000
5.970000e-01  000000
6.000000e-01  000000
6.030000e-01  000000
6.060000e-01  000000
6.090000e-01  000000
6.120000e-01  000000
6.150000e-01  000000
6.180000e-01  000000
6.210000e-01  000000
6.240000e-01  000000
6.270000e-01  000000
6.300000e-01  000000
6.330000e-01  000000
6.360000e-01  000000
6.390000e-01  000000
6.420000e-01  000000
6.450000e-01  000000
6.480000e-01  000000
6.510000e-01  000000
6.540000e-01  000000
6.570000e-01  000000
6.600000e-01  000000
6.630000e-01  000000
6.660000e-01  000000
6.690000e-01  000000
6.720000e-01  000000
6.750000e-01  000000
6.780000e-01  000000
6.810000e-01  000000
6.840000e-01  000000
6.870000e-01  000000
6.900000e-01  000000
6.930000e-01  000000
6.960000e-01  000000
6.990000e-01  000000
7.020000e-01  000000
7.050000e-01  000000
7.080000e-01  000000
7.110000e-01  000000
7.140000e-01  000000
7.170000e-01  000000
7.200000e-01  000000
7.230000e-01  000000
7.260000e-01  000000
7.290000e-01  000000
7.320000e-01  000000
7.350000e-01  000000
7.380000e-01  000000
7.410000e-01  000000
7.440000e-01  000000
7.470000e-01  000000
7.500000e-01  000000
7.530000e-01  000000
7.560000e-01  000000
7.590000e-01  000000
7.620000e-01  000000
7.650000e-01  000000
7.680000e-01  000000
7.710000e-01  000000
7.740000e-01  000000
7.770000e-01  000000
7.800000e-01  000000
7.830000e-01  000000
7.860000e-01  000000
7.890000e-01  000000
7.920000e-01  000000
7.950000e-01  000000
7.980000e-01  000000
8.010000e-01  000000
8.040000e-01  000000
8.070000e-01  000000
8.100000e-01  000000
8.130000e-01  000000
8.160000e-01  000000
8.190000e-01  000000
8.220000e-01  000000
8.250000e-01  000000
8.280000e-01  000000
8.310000e-01  000000
8.340000e-01  000000
8.370000e-01  000000
8.400000e-01  000000
8.430000e-01  000000
8.460000e-01  000000
8.490000e-01  000000
8.520000e-01  000000
8.550000e-01  000000
8.580000e-01  000000
8.610000e-01  000000
8.640000e-01  000000
8.670000e-01  000000
8.700000e-01  000000
8.730000e-01  000000
8.760000e-01  000000
8.790000e-01  000000
8.820000e-01  000000
8.850000e-01  000000
8.880000e-01  000000
8.910000e-01  000000
8.940000e-01  000000
8.970000e-01  000000
9.000000e-01  000000
9.030000e-01  000000
9.060000e-01  000000
9.090000e-01  000000
9.120000e-01  000000
9.150000e-01  000000
9.180000e-01  000000
9.210000e-01  000000
9.240000e-01  000000
9.270000e-01  000000
9.300000e-01  000000
9.330000e-01  000000
9.360000e-01  000000
9.390000e-01  000000
9.420000e-01  000000
9.450000e-01  000000
9.480000e-01  000000
9.510000e-01  000000
9.540000e-01  000000
9.570000e-01  000000
9.600000e-01  000000
9.630000e-01  000000
9.660000e-01  000000
9.690000e-01  000000
9.720000e-01  000000
9.750000e-01  000000
9.780000e-01  000000
9.810000e-01  000000
9.840000e-01  000000
9.870000e-01  000000
9.900000e-01  000000
9.930000e-01  000000
9.960000e-01  000000
9.990000e-01  000000
