000000  000001
3.000000e-03  8.708032e-01
6.000000e-03  7.995249e-01
9.000000e-03  7.505431e-01
1.200000e-02  7.134527e-01
1.500000e-02  6.837472e-01
1.800000e-02  6.590639e-01
2.100000e-02  6.380104e-01
2.400000e-02  6.196981e-01
2.700000e-02  6.035257e-01
3.000000e-02  5.890680e-01
3.300000e-02  5.760134e-01
3.600000e-02  5.641269e-01
3.900000e-02  5.532272e-01
4.200000e-02  5.431714e-01
4.500000e-02  5.338450e-01
4.800000e-02  5.251551e-01
5.100000e-02  5.170250e-01
5.400000e-02  5.093908e-01
5.700000e-02  5.021989e-01
6.000000e-02  4.954035e-01
6.300000e-02  4.889657e-01
6.600000e-02  4.828518e-01
6.900000e-02  4.770325e-01
7.200000e-02  4.714823e-01
7.500000e-02  4.661789e-01
7.800000e-02  4.611023e-01
8.100000e-02  4.562351e-01
8.400000e-02  4.515615e-01
8.700000e-02  4.470677e-01
9.000000e-02  4.427410e-01
9.300000e-02  4.385701e-01
9.600000e-02  4.345448e-01
9.900000e-02  4.306558e-01
1.020000e-01  4.268946e-01
1.050000e-01  4.232535e-01
1.080000e-01  4.197255e-01
1.110000e-01  4.163042e-01
1.140000e-01  4.129835e-01
1.170000e-01  4.097580e-01
1.200000e-01  4.066228e-01
1.230000e-01  4.035730e-01
1.260000e-01  4.006044e-01
1.290000e-01  3.977130e-01
1.320000e-01  3.948951e-01
1.350000e-01  3.921471e-01
1.380000e-01  3.894659e-01
1.410000e-01  3.868483e-01
1.440000e-01  3.842917e-01
1.470000e-01  3.817933e-01
1.500000e-01  3.793506e-01
1.530000e-01  3.769613e-01
1.560000e-01  3.746233e-01
1.590000e-01  3.723344e-01
1.620000e-01  3.700927e-01
1.650000e-01  3.678963e-01
1.680000e-01  3.657436e-01
1.710000e-01  3.636329e-01
1.740000e-01  3.615626e-01
1.770000e-01  3.595313e-01
1.800000e-01  3.575375e-01
1.830000e-01  3.555799e-01
1.860000e-01  3.536574e-01
1.890000e-01  3.517686e-01
1.920000e-01  3.499125e-01
1.950000e-01  3.480880e-01
1.980000e-01  3.462940e-01
2.010000e-01  3.445296e-01
2.040000e-01  3.427938e-01
2.070000e-01  3.410857e-01
2.100000e-01  3.394045e-01
2.130000e-01  3.377493e-01
2.160000e-01  3.361194e-01
2.190000e-01  3.345141e-01
2.220000e-01  3.329325e-01
2.250000e-01  3.313741e-01
2.280000e-01  3.298381e-01
2.310000e-01  3.283239e-01
2.340000e-01  3.268310e-01
2.370000e-01  3.253587e-01
2.400000e-01  3.239064e-01
2.430000e-01  3.224737e-01
2.460000e-01  3.210601e-01
2.490000e-01  3.196649e-01
2.520000e-01  3.182878e-01
2.550000e-01  3.169283e-01
2.580000e-01  3.155859e-01
2.610000e-01  3.142602e-01
2.640000e-01  3.129508e-01
2.670000e-01  3.116573e-01
2.700000e-01  3.103793e-01
2.730000e-01  3.091164e-01
2.760000e-01  3.078683e-01
2.790000e-01  3.066346e-01
2.820000e-01  3.054150e-01
2.850000e-01  3.042092e-01
2.880000e-01  3.030168e-01
2.910000e-01  3.018376e-01
2.940000e-01  3.006712e-01
2.970000e-01  2.995174e-01
3.000000e-01  2.983759e-01
3.030000e-01  2.972464e-01
3.060000e-01  2.961287e-01
3.090000e-01  2.950225e-01
3.120000e-01  2.939275e-01
3.150000e-01  2.928436e-01
3.180000e-01  2.917705e-01
3.210000e-01  2.907079e-01
3.240000e-01  2.896557e-01
3.270000e-01  2.886137e-01
3.300000e-01  2.875816e-01
3.330000e-01  2.865593e-01
3.360000e-01  2.855465e-01
3.390000e-01  2.845431e-01
3.420000e-01  2.835488e-01
3.450000e-01  2.825636e-01
3.480000e-01  2.815872e-01
3.510000e-01  2.806194e-01
3.540000e-01  2.796602e-01
3.570000e-01  2.787093e-01
3.600000e-01  2.777666e-01
3.630000e-01  2.768319e-01
3.660000e-01  2.759052e-01
3.690000e-01  2.749861e-01
3.720000e-01  2.740747e-01
3.750000e-01  2.731707e-01
3.780000e-01  2.722741e-01
3.810000e-01  2.713846e-01
3.840000e-01  2.705023e-01
3.870000e-01  2.696269e-01
3.900000e-01  2.687583e-01
3.930000e-01  2.678964e-01
3.960000e-01  2.670412e-01
3.990000e-01  2.661924e-01
4.020000e-01  2.653500e-01
4.050000e-01  2.645138e-01
4.080000e-01  2.636839e-01
4.110000e-01  2.628600e-01
4.140000e-01  2.620420e-01
4.170000e-01  2.612299e-01
4.200000e-01  2.604236e-01
4.230000e-01  2.596230e-01
4.260000e-01  2.588279e-01
4.290000e-01  2.580383e-01
4.320000e-01  2.572541e-01
4.350000e-01  2.564753e-01
4.380000e-01  2.557016e-01
4.410000e-01  2.549332e-01
4.440000e-01  2.541698e-01
4.470000e-01  2.534113e-01
4.500000e-01  2.526578e-01
4.530000e-01  2.519092e-01
4.560000e-01  2.511653e-01
4.590000e-01  2.504261e-01
4.620000e-01  2.496915e-01
4.650000e-01  2.489614e-01
4.680000e-01  2.482359e-01
4.710000e-01  2.475147e-01
4.740000e-01  2.467979e-01
4.770000e-01  2.460854e-01
4.800000e-01  2.453771e-01
4.830000e-01  2.446729e-01
4.860000e-01  2.439729e-01
4.890000e-01  2.432768e-01
4.920000e-01  2.425848e-01
4.950000e-01  2.418966e-01
4.980000e-01  2.412124e-01
5.010000e-01  2.405319e-01
5.040000e-01  2.398552e-01
5.070000e-01  2.391822e-01
5.100000e-01  2.385128e-01
5.130000e-01  2.378470e-01
5.160000e-01  2.371847e-01
5.190000e-01  2.365260e-01
5.220000e-01  2.358707e-01
5.250000e-01  2.352187e-01
5.280000e-01  2.345701e-01
5.310000e-01  2.339249e-01
5.340000e-01  2.332828e-01
5.370000e-01  2.326440e-01
5.400000e-01  2.320083e-01
5.430000e-01  2.313757e-01
5.460000e-01  2.307463e-01
5.490000e-01  2.301198e-01
5.520000e-01  2.294963e-01
5.550000e-01  2.288758e-01
5.580000e-01  2.282582e-01
5.610000e-01  2.276434e-01
5.640000e-01  2.270315e-01
5.670000e-01  2.264224e-01
5.700000e-01  2.258160e-01
5.730000e-01  2.252123e-01
5.760000e-01  2.246113e-01
5.790000e-01  2.240129e-01
5.820000e-01  2.234172e-01
5.850000e-01  2.228240e-01
5.880000e-01  2.222333e-01
5.910000e-01  2.216451e-01
5.940000e-01  2.210594e-01
5.970000e-01  2.204762e-01
6.000000e-01  2.198953e-01
6.030000e-01  2.193167e-01
6.060000e-01  2.187405e-01
6.090000e-01  2.181666e-01
6.120000e-01  2.175950e-01
6.150000e-01  2.170256e-01
6.180000e-01  2.164584e-01
6.210000e-01  2.158934e-01
6.240000e-01  2.153305e-01
6.270000e-01  2.147698e-01
6.300000e-01  2.142111e-01
6.330000e-01  2.136544e-01
6.360000e-01  2.130998e-01
6.390000e-01  2.125472e-01
6.420000e-01  2.119966e-01
6.450000e-01  2.114479e-01
6.480000e-01  2.109011e-01
6.510000e-01  2.103563e-01
6.540000e-01  2.098132e-01
6.570000e-01  2.092721e-01
6.600000e-01  2.087327e-01
6.630000e-01  2.081951e-01
6.660000e-01  2.076592e-01
6.690000e-01  2.071251e-01
6.720000e-01  2.065927e-01
6.750000e-01  2.060620e-01
6.780000e-01  2.055329e-01
6.810000e-01  2.050055e-01
6.840000e-01  2.044797e-01
6.870000e-01  2.039554e-01
6.900000e-01  2.034328e-01
6.930000e-01  2.029116e-01
6.960000e-01  2.023920e-01
6.990000e-01  2.018738e-01
7.020000e-01  2.013572e-01
7.050000e-01  2.008419e-01
7.080000e-01  2.003281e-01
7.110000e-01  1.998157e-01
7.140000e-01  1.993046e-01
7.170000e-01  1.987950e-01
7.200000e-01  1.982866e-01
7.230000e-01  1.977796e-01
7.260000e-01  1.972738e-01
7.290000e-01  1.967693e-01
7.320000e-01  1.962661e-01
7.350000e-01  1.957640e-01
7.380000e-01  1.952632e-01
7.410000e-01  1.947635e-01
7.440000e-01  1.942651e-01
7.470000e-01  1.937677e-01
7.500000e-01  1.932715e-01
7.530000e-01  1.927763e-01
7.560000e-01  1.922822e-01
7.590000e-01  1.917892e-01
7.620000e-01  1.912973e-01
7.650000e-01  1.908063e-01
7.680000e-01  1.903163e-01
7.710000e-01  1.898273e-01
7.740000e-01  1.893393e-01
7.770000e-01  1.888521e-01
7.800000e-01  1.883659e-01
7.830000e-01  1.878806e-01
7.860000e-01  1.873961e-01
7.890000e-01  1.869125e-01
7.920000e-01  1.864298e-01
7.950000e-01  1.859478e-01
7.980000e-01  1.854666e-01
8.010000e-01  1.849862e-01
8.040000e-01  1.845065e-01
8.070000e-01  1.840276e-01
8.100000e-01  1.835494e-01
8.130000e-01  1.830718e-01
8.160000e-01  1.825950e-01
8.190000e-01  1.821187e-01
8.220000e-01  1.816431e-01
8.250000e-01  1.811681e-01
8.280000e-01  1.806937e-01
8.310000e-01  1.802199e-01
8.340000e-01  1.797466e-01
8.370000e-01  1.792738e-01
8.400000e-01  1.788015e-01
8.430000e-01  1.783297e-01
8.460000e-01  1.778584e-01
8.490000e-01  1.773874e-01
8.520000e-01  1.769169e-01
8.550000e-01  1.764468e-01
8.580000e-01  1.759771e-01
8.610000e-01  1.755077e-01
8.640000e-01  1.750387e-01
8.670000e-01  1.745700e-01
8.700000e-01  1.741015e-01
8.730000e-01  1.736333e-01
8.760000e-01  1.731653e-01
8.790000e-01  1.726976e-01
8.820000e-01  1.722301e-01
8.850000e-01  1.717627e-01
8.880000e-01  1.712954e-01
8.910000e-01  1.708283e-01
8.940000e-01  1.703613e-01
8.970000e-01  1.698944e-01
9.000000e-01  1.694275e-01
9.030000e-01  000000
9.060000e-01  000000
9.090000e-01  000000
9.120000e-01  000000
9.150000e-01  000000
9.180000e-01  000000
9.210000e-01  000000
9.240000e-01  000000
9.270000e-01  000000
9.300000e-01  000000
9.330000e-01  000000
9.360000e-01  000000
9.390000e-01  000000
9.420000e-01  000000
9.450000e-01  000000
9.480000e-01  000000
9.510000e-01  000000
9.540000e-01  000000
9.570000e-01  000000
9.600000e-01  000000
9.630000e-01  000000
9.660000e-01  000000
9.690000e-01  000000
9.720000e-01  000000
9.750000e-01  000000
9.780000e-01  000000
9.810000e-01  000000
9.840000e-01  000000
9.870000e-01  000000
9.900000e-01  000000
9.930000e-01  000000
9.960000e-01  000000
9.990000e-01  000000
