000000  000001
3.000000e-03  9.023516e-01
6.000000e-03  8.414280e-01
9.000000e-03  7.972943e-01
1.200000e-02  7.628333e-01
1.500000e-02  7.346625e-01
1.800000e-02  7.109054e-01
2.100000e-02  6.904122e-01
2.400000e-02  6.724277e-01
2.700000e-02  6.564295e-01
3.000000e-02  6.420414e-01
3.300000e-02  6.289836e-01
3.600000e-02  6.170426e-01
3.900000e-02  6.060517e-01
4.200000e-02  5.958786e-01
4.500000e-02  5.864163e-01
4.800000e-02  5.775771e-01
5.100000e-02  5.692885e-01
5.400000e-02  5.614895e-01
5.700000e-02  5.541289e-01
6.000000e-02  5.471626e-01
6.300000e-02  5.405530e-01
6.600000e-02  5.342673e-01
6.900000e-02  5.282772e-01
7.200000e-02  5.225576e-01
7.500000e-02  5.170865e-01
7.800000e-02  5.118446e-01
8.100000e-02  5.068145e-01
8.400000e-02  5.019807e-01
8.700000e-02  4.973294e-01
9.000000e-02  4.928482e-01
9.300000e-02  4.885256e-01
9.600000e-02  4.843516e-01
9.900000e-02  4.803168e-01
1.020000e-01  4.764128e-01
1.050000e-01  4.726318e-01
1.080000e-01  4.689669e-01
1.110000e-01  4.654114e-01
1.140000e-01  4.619595e-01
1.170000e-01  4.586055e-01
1.200000e-01  4.553445e-01
1.230000e-01  4.521716e-01
1.260000e-01  4.490825e-01
1.290000e-01  4.460732e-01
1.320000e-01  4.431398e-01
1.350000e-01  4.402789e-01
1.380000e-01  4.374871e-01
1.410000e-01  4.347613e-01
1.440000e-01  4.320987e-01
1.470000e-01  4.294966e-01
1.500000e-01  4.269524e-01
1.530000e-01  4.244637e-01
1.560000e-01  4.220283e-01
1.590000e-01  4.196441e-01
1.620000e-01  4.173091e-01
1.650000e-01  4.150214e-01
1.680000e-01  4.127792e-01
1.710000e-01  4.105808e-01
1.740000e-01  4.084246e-01
1.770000e-01  4.063092e-01
1.800000e-01  4.042331e-01
1.830000e-01  4.021948e-01
1.860000e-01  4.001933e-01
1.890000e-01  3.982271e-01
1.920000e-01  3.962951e-01
1.950000e-01  3.943962e-01
1.980000e-01  3.925294e-01
2.010000e-01  3.906937e-01
2.040000e-01  3.888879e-01
2.070000e-01  3.871114e-01
2.100000e-01  3.853630e-01
2.130000e-01  3.836421e-01
2.160000e-01  3.819478e-01
2.190000e-01  3.802793e-01
2.220000e-01  3.786358e-01
2.250000e-01  3.770167e-01
2.280000e-01  3.754214e-01
2.310000e-01  3.738490e-01
2.340000e-01  3.722990e-01
2.370000e-01  3.707708e-01
2.400000e-01  3.692638e-01
2.430000e-01  3.677775e-01
2.460000e-01  3.663113e-01
2.490000e-01  3.648647e-01
2.520000e-01  3.634371e-01
2.550000e-01  3.620282e-01
2.580000e-01  3.606374e-01
2.610000e-01  3.592643e-01
2.640000e-01  3.579085e-01
2.670000e-01  3.565696e-01
2.700000e-01  3.552471e-01
2.730000e-01  3.539406e-01
2.760000e-01  3.526499e-01
2.790000e-01  3.513744e-01
2.820000e-01  3.501140e-01
2.850000e-01  3.488682e-01
2.880000e-01  3.476367e-01
2.910000e-01  3.464192e-01
2.940000e-01  3.452154e-01
2.970000e-01  3.440249e-01
3.000000e-01  3.428476e-01
3.030000e-01  3.416831e-01
3.060000e-01  3.405311e-01
3.090000e-01  3.393914e-01
3.120000e-01  3.382638e-01
3.150000e-01  3.371480e-01
3.180000e-01  3.360436e-01
3.210000e-01  3.349506e-01
3.240000e-01  3.338687e-01
3.270000e-01  3.327977e-01
3.300000e-01  3.317373e-01
3.330000e-01  3.306873e-01
3.360000e-01  3.296476e-01
3.390000e-01  3.286180e-01
3.420000e-01  3.275981e-01
3.450000e-01  3.265880e-01
3.480000e-01  3.255874e-01
3.510000e-01  3.245960e-01
3.540000e-01  3.236139e-01
3.570000e-01  3.226406e-01
3.600000e-01  3.216762e-01
3.630000e-01  3.207205e-01
3.660000e-01  3.197733e-01
3.690000e-01  3.188344e-01
3.720000e-01  3.179037e-01
3.750000e-01  3.169811e-01
3.780000e-01  3.160664e-01
3.810000e-01  3.151594e-01
3.840000e-01  3.142602e-01
3.870000e-01  3.133685e-01
3.900000e-01  3.124841e-01
3.930000e-01  3.116071e-01
3.960000e-01  3.107372e-01
3.990000e-01  3.098743e-01
4.020000e-01  3.090184e-01
4.050000e-01  3.081692e-01
4.080000e-01  3.073268e-01
4.110000e-01  3.064910e-01
4.140000e-01  3.056616e-01
4.170000e-01  3.048387e-01
4.200000e-01  3.040220e-01
4.230000e-01  3.032115e-01
4.260000e-01  3.024072e-01
4.290000e-01  3.016088e-01
4.320000e-01  3.008163e-01
4.350000e-01  3.000297e-01
4.380000e-01  2.992488e-01
4.410000e-01  2.984735e-01
4.440000e-01  2.977038e-01
4.470000e-01  2.969396e-01
4.500000e-01  2.961808e-01
4.530000e-01  2.954273e-01
4.560000e-01  2.946791e-01
4.590000e-01  2.939360e-01
4.620000e-01  2.931980e-01
4.650000e-01  2.924651e-01
4.680000e-01  2.917371e-01
4.710000e-01  2.910140e-01
4.740000e-01  2.902957e-01
4.770000e-01  2.895821e-01
4.800000e-01  2.888733e-01
4.830000e-01  2.881690e-01
4.860000e-01  2.874693e-01
4.890000e-01  2.867741e-01
4.920000e-01  2.860833e-01
4.950000e-01  2.853969e-01
4.980000e-01  2.847148e-01
5.010000e-01  2.840370e-01
5.040000e-01  2.833634e-01
5.070000e-01  2.826939e-01
5.100000e-01  2.820285e-01
5.130000e-01  2.813672e-01
5.160000e-01  2.807098e-01
5.190000e-01  2.800564e-01
5.220000e-01  2.794068e-01
5.250000e-01  2.787611e-01
5.280000e-01  2.781192e-01
5.310000e-01  2.774810e-01
5.340000e-01  2.768465e-01
5.370000e-01  2.762156e-01
5.400000e-01  2.755884e-01
5.430000e-01  2.749647e-01
5.460000e-01  2.743445e-01
5.490000e-01  2.737278e-01
5.520000e-01  2.731144e-01
5.550000e-01  2.725045e-01
5.580000e-01  2.718980e-01
5.610000e-01  2.712947e-01
5.640000e-01  2.706947e-01
5.670000e-01  2.700979e-01
5.700000e-01  2.695043e-01
5.730000e-01  2.689139e-01
5.760000e-01  2.683265e-01
5.790000e-01  2.677423e-01
5.820000e-01  2.671610e-01
5.850000e-01  2.665828e-01
5.880000e-01  2.660076e-01
5.910000e-01  2.654353e-01
5.940000e-01  2.648658e-01
5.970000e-01  2.642993e-01
6.000000e-01  2.637356e-01
6.030000e-01  2.631747e-01
6.060000e-01  2.626165e-01
6.090000e-01  2.620611e-01
6.120000e-01  2.615084e-01
6.150000e-01  2.609584e-01
6.180000e-01  2.604110e-01
6.210000e-01  2.598663e-01
6.240000e-01  2.593242e-01
6.270000e-01  2.587846e-01
6.300000e-01  2.582475e-01
6.330000e-01  2.577130e-01
6.360000e-01  2.571809e-01
6.390000e-01  2.566513e-01
6.420000e-01  2.561241e-01
6.450000e-01  2.555993e-01
6.480000e-01  2.550769e-01
6.510000e-01  2.545568e-01
6.540000e-01  2.540391e-01
6.570000e-01  2.535236e-01
6.600000e-01  2.530104e-01
6.630000e-01  2.524995e-01
6.660000e-01  2.519908e-01
6.690000e-01  2.514843e-01
6.720000e-01  2.509800e-01
6.750000e-01  2.504779e-01
6.780000e-01  2.499779e-01
6.810000e-01  2.494800e-01
6.840000e-01  2.489842e-01
6.870000e-01  2.484904e-01
6.900000e-01  2.479987e-01
6.930000e-01  2.475091e-01
6.960000e-01  2.470214e-01
6.990000e-01  2.465358e-01
7.020000e-01  2.460521e-01
7.050000e-01  2.455703e-01
7.080000e-01  2.450905e-01
7.110000e-01  2.446126e-01
7.140000e-01  2.441366e-01
7.170000e-01  2.436624e-01
7.200000e-01  2.431901e-01
7.230000e-01  2.427196e-01
7.260000e-01  2.422510e-01
7.290000e-01  2.417841e-01
7.320000e-01  2.413190e-01
7.350000e-01  2.408557e-01
7.380000e-01  2.403941e-01
7.410000e-01  2.399343e-01
7.440000e-01  2.394762e-01
7.470000e-01  2.390197e-01
7.500000e-01  2.385649e-01
7.530000e-01  2.381118e-01
7.560000e-01  2.376604e-01
7.590000e-01  2.372105e-01
7.620000e-01  2.367623e-01
7.650000e-01  2.363157e-01
7.680000e-01  2.358707e-01
7.710000e-01  2.354272e-01
7.740000e-01  2.349853e-01
7.770000e-01  2.345449e-01
7.800000e-01  2.341060e-01
7.830000e-01  2.336687e-01
7.860000e-01  2.332328e-01
7.890000e-01  2.327984e-01
7.920000e-01  2.323655e-01
7.950000e-01  2.319340e-01
7.980000e-01  2.315040e-01
8.010000e-01  2.310754e-01
8.040000e-01  2.306482e-01
8.070000e-01  2.302224e-01
8.100000e-01  2.297979e-01
8.130000e-01  2.293749e-01
8.160000e-01  2.289532e-01
8.190000e-01  2.285329e-01
8.220000e-01  2.281139e-01
8.250000e-01  2.276962e-01
8.280000e-01  2.272798e-01
8.310000e-01  2.268647e-01
8.340000e-01  2.264509e-01
8.370000e-01  2.260383e-01
8.400000e-01  2.256271e-01
8.430000e-01  2.252170e-01
8.460000e-01  2.248082e-01
8.490000e-01  2.244006e-01
8.520000e-01  2.239943e-01
8.550000e-01  2.235891e-01
8.580000e-01  2.231852e-01
8.610000e-01  2.227824e-01
8.640000e-01  2.223807e-01
8.670000e-01  2.219803e-01
8.700000e-01  2.215810e-01
8.730000e-01  2.211828e-01
8.760000e-01  2.207857e-01
8.790000e-01  2.203898e-01
8.820000e-01  2.199949e-01
8.850000e-01  2.196012e-01
8.880000e-01  2.192085e-01
8.910000e-01  2.188169e-01
8.940000e-01  2.184264e-01
8.970000e-01  2.180369e-01
9.000000e-01  2.176485e-01
9.030000e-01  2.172611e-01
9.060000e-01  2.168747e-01
9.090000e-01  2.164894e-01
9.120000e-01  2.161050e-01
9.150000e-01  2.157217e-01
9.180000e-01  2.153393e-01
9.210000e-01  2.149579e-01
9.240000e-01  2.145775e-01
9.270000e-01  2.141980e-01
9.300000e-01  2.138195e-01
9.330000e-01  2.134419e-01
9.360000e-01  2.130652e-01
9.390000e-01  2.126895e-01
9.420000e-01  2.123147e-01
9.450000e-01  2.119408e-01
9.480000e-01  2.115678e-01
9.510000e-01  2.111957e-01
9.540000e-01  2.108244e-01
9.570000e-01  2.104540e-01
9.600000e-01  2.100845e-01
9.630000e-01  2.097159e-01
9.660000e-01  2.093481e-01
9.690000e-01  2.089811e-01
9.720000e-01  2.086149e-01
9.750000e-01  2.082496e-01
9.780000e-01  2.078851e-01
9.810000e-01  2.075214e-01
9.840000e-01  2.071585e-01
9.870000e-01  2.067963e-01
9.900000e-01  2.064350e-01
9.930000e-01  2.060744e-01
9.960000e-01  2.057146e-01
9.990000e-01  2.053556e-01
