000000  000001
3.000000e-03  8.981364e-01
6.000000e-03  8.356537e-01
9.000000e-03  7.907435e-01
1.200000e-02  7.558399e-01
1.500000e-02  7.273976e-01
1.800000e-02  7.034669e-01
2.100000e-02  6.828605e-01
2.400000e-02  6.648021e-01
2.700000e-02  6.487568e-01
3.000000e-02  6.343400e-01
3.300000e-02  6.212669e-01
3.600000e-02  6.093202e-01
3.900000e-02  5.983309e-01
4.200000e-02  5.881645e-01
4.500000e-02  5.787129e-01
4.800000e-02  5.698874e-01
5.100000e-02  5.616148e-01
5.400000e-02  5.538335e-01
5.700000e-02  5.464918e-01
6.000000e-02  5.395453e-01
6.300000e-02  5.329562e-01
6.600000e-02  5.266914e-01
6.900000e-02  5.207225e-01
7.200000e-02  5.150242e-01
7.500000e-02  5.095746e-01
7.800000e-02  5.043540e-01
8.100000e-02  4.993452e-01
8.400000e-02  4.945325e-01
8.700000e-02  4.899021e-01
9.000000e-02  4.854415e-01
9.300000e-02  4.811394e-01
9.600000e-02  4.769855e-01
9.900000e-02  4.729706e-01
1.020000e-01  4.690862e-01
1.050000e-01  4.653246e-01
1.080000e-01  4.616786e-01
1.110000e-01  4.581418e-01
1.140000e-01  4.547083e-01
1.170000e-01  4.513724e-01
1.200000e-01  4.481290e-01
1.230000e-01  4.449736e-01
1.260000e-01  4.419017e-01
1.290000e-01  4.389092e-01
1.320000e-01  4.359923e-01
1.350000e-01  4.331476e-01
1.380000e-01  4.303717e-01
1.410000e-01  4.276616e-01
1.440000e-01  4.250143e-01
1.470000e-01  4.224273e-01
1.500000e-01  4.198979e-01
1.530000e-01  4.174238e-01
1.560000e-01  4.150027e-01
1.590000e-01  4.126325e-01
1.620000e-01  4.103112e-01
1.650000e-01  4.080370e-01
1.680000e-01  4.058081e-01
1.710000e-01  4.036227e-01
1.740000e-01  4.014794e-01
1.770000e-01  3.993766e-01
1.800000e-01  3.973128e-01
1.830000e-01  3.952867e-01
1.860000e-01  3.932970e-01
1.890000e-01  3.913426e-01
1.920000e-01  3.894221e-01
1.950000e-01  3.875345e-01
1.980000e-01  3.856788e-01
2.010000e-01  3.838540e-01
2.040000e-01  3.820590e-01
2.070000e-01  3.802929e-01
2.100000e-01  3.785550e-01
2.130000e-01  3.768442e-01
2.160000e-01  3.751599e-01
2.190000e-01  3.735012e-01
2.220000e-01  3.718674e-01
2.250000e-01  3.702578e-01
2.280000e-01  3.686718e-01
2.310000e-01  3.671086e-01
2.340000e-01  3.655676e-01
2.370000e-01  3.640483e-01
2.400000e-01  3.625500e-01
2.430000e-01  3.610722e-01
2.460000e-01  3.596144e-01
2.490000e-01  3.581761e-01
2.520000e-01  3.567567e-01
2.550000e-01  3.553557e-01
2.580000e-01  3.539728e-01
2.610000e-01  3.526074e-01
2.640000e-01  3.512592e-01
2.670000e-01  3.499277e-01
2.700000e-01  3.486126e-01
2.730000e-01  3.473133e-01
2.760000e-01  3.460297e-01
2.790000e-01  3.447612e-01
2.820000e-01  3.435076e-01
2.850000e-01  3.422686e-01
2.880000e-01  3.410437e-01
2.910000e-01  3.398327e-01
2.940000e-01  3.386353e-01
2.970000e-01  3.374511e-01
3.000000e-01  3.362800e-01
3.030000e-01  3.351215e-01
3.060000e-01  3.339755e-01
3.090000e-01  3.328417e-01
3.120000e-01  3.317198e-01
3.150000e-01  3.306096e-01
3.180000e-01  3.295109e-01
3.210000e-01  3.284234e-01
3.240000e-01  3.273468e-01
3.270000e-01  3.262810e-01
3.300000e-01  3.252258e-01
3.330000e-01  3.241810e-01
3.360000e-01  3.231462e-01
3.390000e-01  3.221215e-01
3.420000e-01  3.211065e-01
3.450000e-01  3.201011e-01
3.480000e-01  3.191051e-01
3.510000e-01  3.181183e-01
3.540000e-01  3.171406e-01
3.570000e-01  3.161718e-01
3.600000e-01  3.152117e-01
3.630000e-01  3.142602e-01
3.660000e-01  3.133171e-01
3.690000e-01  3.123823e-01
3.720000e-01  3.114556e-01
3.750000e-01  3.105369e-01
3.780000e-01  3.096260e-01
3.810000e-01  3.087229e-01
3.840000e-01  3.078273e-01
3.870000e-01  3.069392e-01
3.900000e-01  3.060584e-01
3.930000e-01  3.051848e-01
3.960000e-01  3.043183e-01
3.990000e-01  3.034587e-01
4.020000e-01  3.026060e-01
4.050000e-01  3.017601e-01
4.080000e-01  3.009208e-01
4.110000e-01  3.000880e-01
4.140000e-01  2.992617e-01
4.170000e-01  2.984416e-01
4.200000e-01  2.976278e-01
4.230000e-01  2.968201e-01
4.260000e-01  2.960185e-01
4.290000e-01  2.952227e-01
4.320000e-01  2.944329e-01
4.350000e-01  2.936488e-01
4.380000e-01  2.928703e-01
4.410000e-01  2.920975e-01
4.440000e-01  2.913301e-01
4.470000e-01  2.905682e-01
4.500000e-01  2.898116e-01
4.530000e-01  2.890603e-01
4.560000e-01  2.883141e-01
4.590000e-01  2.875731e-01
4.620000e-01  2.868371e-01
4.650000e-01  2.861061e-01
4.680000e-01  2.853800e-01
4.710000e-01  2.846587e-01
4.740000e-01  2.839421e-01
4.770000e-01  2.832303e-01
4.800000e-01  2.825231e-01
4.830000e-01  2.818204e-01
4.860000e-01  2.811222e-01
4.890000e-01  2.804285e-01
4.920000e-01  2.797392e-01
4.950000e-01  2.790541e-01
4.980000e-01  2.783734e-01
5.010000e-01  2.776968e-01
5.040000e-01  2.770244e-01
5.070000e-01  2.763561e-01
5.100000e-01  2.756918e-01
5.130000e-01  2.750315e-01
5.160000e-01  2.743751e-01
5.190000e-01  2.737227e-01
5.220000e-01  2.730740e-01
5.250000e-01  2.724292e-01
5.280000e-01  2.717880e-01
5.310000e-01  2.711506e-01
5.340000e-01  2.705168e-01
5.370000e-01  2.698866e-01
5.400000e-01  2.692599e-01
5.430000e-01  2.686368e-01
5.460000e-01  2.680171e-01
5.490000e-01  2.674008e-01
5.520000e-01  2.667880e-01
5.550000e-01  2.661784e-01
5.580000e-01  2.655722e-01
5.610000e-01  2.649691e-01
5.640000e-01  2.643694e-01
5.670000e-01  2.637728e-01
5.700000e-01  2.631793e-01
5.730000e-01  2.625889e-01
5.760000e-01  2.620016e-01
5.790000e-01  2.614173e-01
5.820000e-01  2.608360e-01
5.850000e-01  2.602577e-01
5.880000e-01  2.596823e-01
5.910000e-01  2.591098e-01
5.940000e-01  2.585401e-01
5.970000e-01  2.579733e-01
6.000000e-01  2.574092e-01
6.030000e-01  2.568480e-01
6.060000e-01  2.562894e-01
6.090000e-01  2.557335e-01
6.120000e-01  2.551803e-01
6.150000e-01  2.546297e-01
6.180000e-01  2.540818e-01
6.210000e-01  2.535364e-01
6.240000e-01  2.529935e-01
6.270000e-01  2.524532e-01
6.300000e-01  2.519153e-01
6.330000e-01  2.513800e-01
6.360000e-01  2.508470e-01
6.390000e-01  2.503165e-01
6.420000e-01  2.497883e-01
6.450000e-01  2.492626e-01
6.480000e-01  2.487391e-01
6.510000e-01  2.482179e-01
6.540000e-01  2.476990e-01
6.570000e-01  2.471824e-01
6.600000e-01  2.466680e-01
6.630000e-01  2.461558e-01
6.660000e-01  2.456458e-01
6.690000e-01  2.451380e-01
6.720000e-01  2.446323e-01
6.750000e-01  2.441287e-01
6.780000e-01  2.436272e-01
6.810000e-01  2.431278e-01
6.840000e-01  2.426304e-01
6.870000e-01  2.421351e-01
6.900000e-01  2.416417e-01
6.930000e-01  2.411504e-01
6.960000e-01  2.406610e-01
6.990000e-01  2.401735e-01
7.020000e-01  2.396880e-01
7.050000e-01  2.392043e-01
7.080000e-01  2.387226e-01
7.110000e-01  2.382427e-01
7.140000e-01  2.377647e-01
7.170000e-01  2.372885e-01
7.200000e-01  2.368141e-01
7.230000e-01  2.363415e-01
7.260000e-01  2.358707e-01
7.290000e-01  2.354016e-01
7.320000e-01  2.349342e-01
7.350000e-01  2.344686e-01
7.380000e-01  2.340047e-01
7.410000e-01  2.335424e-01
7.440000e-01  2.330818e-01
7.470000e-01  2.326229e-01
7.500000e-01  2.321656e-01
7.530000e-01  2.317099e-01
7.560000e-01  2.312559e-01
7.590000e-01  2.308034e-01
7.620000e-01  2.303524e-01
7.650000e-01  2.299030e-01
7.680000e-01  2.294552e-01
7.710000e-01  2.290089e-01
7.740000e-01  2.285641e-01
7.770000e-01  2.281208e-01
7.800000e-01  2.276789e-01
7.830000e-01  2.272386e-01
7.860000e-01  2.267996e-01
7.890000e-01  2.263621e-01
7.920000e-01  2.259260e-01
7.950000e-01  2.254914e-01
7.980000e-01  2.250581e-01
8.010000e-01  2.246262e-01
8.040000e-01  2.241956e-01
8.070000e-01  2.237665e-01
8.100000e-01  2.233386e-01
8.130000e-01  2.229121e-01
8.160000e-01  2.224868e-01
8.190000e-01  2.220629e-01
8.220000e-01  2.216403e-01
8.250000e-01  2.212189e-01
8.280000e-01  2.207988e-01
8.310000e-01  2.203800e-01
8.340000e-01  2.199624e-01
8.370000e-01  2.195460e-01
8.400000e-01  2.191308e-01
8.430000e-01  2.187168e-01
8.460000e-01  2.183040e-01
8.490000e-01  2.178924e-01
8.520000e-01  2.174819e-01
8.550000e-01  2.170726e-01
8.580000e-01  2.166644e-01
8.610000e-01  2.162574e-01
8.640000e-01  2.158515e-01
8.670000e-01  2.154466e-01
8.700000e-01  2.150429e-01
8.730000e-01  2.146403e-01
8.760000e-01  2.142387e-01
8.790000e-01  2.138382e-01
8.820000e-01  2.134388e-01
8.850000e-01  2.130404e-01
8.880000e-01  2.126430e-01
8.910000e-01  2.122467e-01
8.940000e-01  2.118513e-01
8.970000e-01  2.114570e-01
9.000000e-01  2.110636e-01
9.030000e-01  2.106713e-01
9.060000e-01  2.102799e-01
9.090000e-01  2.098894e-01
9.120000e-01  2.094999e-01
9.150000e-01  2.091114e-01
9.180000e-01  2.087238e-01
9.210000e-01  2.083371e-01
9.240000e-01  2.079513e-01
9.270000e-01  2.075664e-01
9.300000e-01  2.071824e-01
9.330000e-01  2.067993e-01
9.360000e-01  2.064171e-01
9.390000e-01  2.060357e-01
9.420000e-01  2.056552e-01
9.450000e-01  2.052756e-01
9.480000e-01  2.048967e-01
9.510000e-01  2.045187e-01
9.540000e-01  2.041416e-01
9.570000e-01  2.037652e-01
9.600000e-01  2.033896e-01
9.630000e-01  2.030149e-01
9.660000e-01  2.026409e-01
9.690000e-01  2.022677e-01
9.720000e-01  2.018952e-01
9.750000e-01  2.015235e-01
9.780000e-01  2.011526e-01
9.810000e-01  2.007824e-01
9.840000e-01  2.004129e-01
9.870000e-01  2.000442e-01
9.900000e-01  1.996762e-01
9.930000e-01  1.993089e-01
9.960000e-01  1.989423e-01
9.990000e-01  1.985763e-01
