000000  000001
3.000000e-03  7.926630e-01
6.000000e-03  7.056400e-01
9.000000e-03  6.509952e-01
1.200000e-02  6.115714e-01
1.500000e-02  5.809573e-01
1.800000e-02  5.560633e-01
2.100000e-02  5.351681e-01
2.400000e-02  5.172172e-01
2.700000e-02  5.015191e-01
3.000000e-02  4.875969e-01
3.300000e-02  4.751082e-01
3.600000e-02  4.637992e-01
3.900000e-02  4.534768e-01
4.200000e-02  4.439907e-01
4.500000e-02  4.352221e-01
4.800000e-02  4.270752e-01
5.100000e-02  4.194716e-01
5.400000e-02  4.123468e-01
5.700000e-02  4.056467e-01
6.000000e-02  3.993258e-01
6.300000e-02  3.933451e-01
6.600000e-02  3.876716e-01
6.900000e-02  3.822763e-01
7.200000e-02  3.771344e-01
7.500000e-02  3.722240e-01
7.800000e-02  3.675258e-01
8.100000e-02  3.630228e-01
8.400000e-02  3.587001e-01
8.700000e-02  3.545441e-01
9.000000e-02  3.505427e-01
9.300000e-02  3.466853e-01
9.600000e-02  3.429619e-01
9.900000e-02  3.393638e-01
1.020000e-01  3.358830e-01
1.050000e-01  3.325121e-01
1.080000e-01  3.292446e-01
1.110000e-01  3.260743e-01
1.140000e-01  3.229957e-01
1.170000e-01  3.200035e-01
1.200000e-01  3.170931e-01
1.230000e-01  3.142602e-01
1.260000e-01  3.115006e-01
1.290000e-01  3.088106e-01
1.320000e-01  3.061868e-01
1.350000e-01  3.036259e-01
1.380000e-01  3.011249e-01
1.410000e-01  2.986810e-01
1.440000e-01  2.962915e-01
1.470000e-01  2.939541e-01
1.500000e-01  2.916663e-01
1.530000e-01  2.894261e-01
1.560000e-01  2.872314e-01
1.590000e-01  2.850803e-01
1.620000e-01  2.829710e-01
1.650000e-01  2.809018e-01
1.680000e-01  2.788711e-01
1.710000e-01  2.768774e-01
1.740000e-01  2.749192e-01
1.770000e-01  2.729952e-01
1.800000e-01  2.711041e-01
1.830000e-01  2.692447e-01
1.860000e-01  2.674158e-01
1.890000e-01  2.656164e-01
1.920000e-01  2.638453e-01
1.950000e-01  2.621017e-01
1.980000e-01  2.603844e-01
2.010000e-01  2.586927e-01
2.040000e-01  2.570256e-01
2.070000e-01  2.553824e-01
2.100000e-01  2.537622e-01
2.130000e-01  2.521643e-01
2.160000e-01  2.505879e-01
2.190000e-01  2.490325e-01
2.220000e-01  2.474972e-01
2.250000e-01  2.459815e-01
2.280000e-01  2.444847e-01
2.310000e-01  2.430063e-01
2.340000e-01  2.415457e-01
2.370000e-01  2.401023e-01
2.400000e-01  2.386757e-01
2.430000e-01  2.372653e-01
2.460000e-01  2.358707e-01
2.490000e-01  2.344913e-01
2.520000e-01  2.331267e-01
2.550000e-01  2.317765e-01
2.580000e-01  2.304403e-01
2.610000e-01  2.291176e-01
2.640000e-01  2.278081e-01
2.670000e-01  2.265113e-01
2.700000e-01  2.252270e-01
2.730000e-01  2.239547e-01
2.760000e-01  2.226941e-01
2.790000e-01  2.214449e-01
2.820000e-01  2.202067e-01
2.850000e-01  2.189792e-01
2.880000e-01  2.177621e-01
2.910000e-01  2.165551e-01
2.940000e-01  2.153579e-01
2.970000e-01  2.141703e-01
3.000000e-01  2.129919e-01
3.030000e-01  2.118224e-01
3.060000e-01  2.106617e-01
3.090000e-01  2.095094e-01
3.120000e-01  2.083653e-01
3.150000e-01  2.072292e-01
3.180000e-01  2.061008e-01
3.210000e-01  2.049798e-01
3.240000e-01  2.038661e-01
3.270000e-01  2.027594e-01
3.300000e-01  2.016594e-01
3.330000e-01  2.005660e-01
3.360000e-01  1.994790e-01
3.390000e-01  1.983981e-01
3.420000e-01  1.973231e-01
3.450000e-01  1.962538e-01
3.480000e-01  1.951900e-01
3.510000e-01  1.941315e-01
3.540000e-01  1.930781e-01
3.570000e-01  1.920296e-01
3.600000e-01  1.909858e-01
3.630000e-01  1.899465e-01
3.660000e-01  1.889115e-01
3.690000e-01  1.878806e-01
3.720000e-01  1.868536e-01
3.750000e-01  1.858304e-01
3.780000e-01  1.848106e-01
3.810000e-01  1.837942e-01
3.840000e-01  1.827810e-01
3.870000e-01  1.817707e-01
3.900000e-01  1.807631e-01
3.930000e-01  1.797581e-01
3.960000e-01  1.787555e-01
3.990000e-01  1.777549e-01
4.020000e-01  1.767564e-01
4.050000e-01  1.757596e-01
4.080000e-01  1.747643e-01
4.110000e-01  1.737703e-01
4.140000e-01  1.727774e-01
4.170000e-01  1.717855e-01
4.200000e-01  1.707941e-01
4.230000e-01  1.698032e-01
4.260000e-01  000000
4.290000e-01  000000
4.320000e-01  000000
4.350000e-01  000000
4.380000e-01  000000
4.410000e-01  000000
4.440000e-01  000000
4.470000e-01  000000
4.500000e-01  000000
4.530000e-01  000000
4.560000e-01  000000
4.590000e-01  000000
4.620000e-01  000000
4.650000e-01  000000
4.680000e-01  000000
4.710000e-01  000000
4.740000e-01  000000
4.770000e-01  000000
4.800000e-01  000000
4.830000e-01  000000
4.860000e-01  000000
4.890000e-01  000000
4.920000e-01  000000
4.950000e-01  000000
4.980000e-01  000000
5.010000e-01  000000
5.040000e-01  000000
5.070000e-01  000000
5.100000e-01  000000
5.130000e-01  000000
5.160000e-01  000000
5.190000e-01  000000
5.220000e-01  000000
5.250000e-01  000000
5.280000e-01  000000
5.310000e-01  000000
5.340000e-01  000000
5.370000e-01  000000
5.400000e-01  000000
5.430000e-01  000000
5.460000e-01  000000
5.490000e-01  000000
5.520000e-01  000000
5.550000e-01  000000
5.580000e-01  000000
5.610000e-01  000000
5.640000e-01  000000
5.670000e-01  000000
5.700000e-01  000000
5.730000e-01  000000
5.760000e-01  000000
5.790000e-01  000000
5.820000e-01  000000
5.850000e-01  000000
5.880000e-01  000000
5.910000e-01  000000
5.940000e-01  000000
5.970000e-01  000000
6.000000e-01  000000
6.030000e-01  000000
6.060000e-01  000000
6.090000e-01  000000
6.120000e-01  000000
6.150000e-01  000000
6.180000e-01  000000
6.210000e-01  000000
6.240000e-01  000000
6.270000e-01  000000
6.300000e-01  000000
6.330000e-01  000000
6.360000e-01  000000
6.390000e-01  000000
6.420000e-01  000000
6.450000e-01  000000
6.480000e-01  000000
6.510000e-01  000000
6.540000e-01  000000
6.570000e-01  000000
6.600000e-01  000000
6.630000e-01  000000
6.660000e-01  000000
6.690000e-01  000000
6.720000e-01  000000
6.750000e-01  000000
6.780000e-01  000000
6.810000e-01  000000
6.840000e-01  000000
6.870000e-01  000000
6.900000e-01  000000
6.930000e-01  000000
6.960000e-01  000000
6.990000e-01  000000
7.020000e-01  000000
7.050000e-01  000000
7.080000e-01  000000
7.110000e-01  000000
7.140000e-01  000000
7.170000e-01  000000
7.200000e-01  000000
7.230000e-01  000000
7.260000e-01  000000
7.290000e-01  000000
7.320000e-01  000000
7.350000e-01  000000
7.380000e-01  000000
7.410000e-01  000000
7.440000e-01  000000
7.470000e-01  000000
7.500000e-01  000000
7.530000e-01  000000
7.560000e-01  000000
7.590000e-01  000000
7.620000e-01  000000
7.650000e-01  000000
7.680000e-01  000000
7.710000e-01  000000
7.740000e-01  000000
7.770000e-01  000000
7.800000e-01  000000
7.830000e-01  000000
7.860000e-01  000000
7.890000e-01  000000
7.920000e-01  000000
7.950000e-01  000000
7.980000e-01  000000
8.010000e-01  000000
8.040000e-01  000000
8.070000e-01  000000
8.100000e-01  000000
8.130000e-01  000000
8.160000e-01  000000
8.190000e-01  000000
8.220000e-01  000000
8.250000e-01  000000
8.280000e-01  000000
8.310000e-01  000000
8.340000e-01  000000
8.370000e-01  000000
8.400000e-01  000000
8.430000e-01  000000
8.460000e-01  000000
8.490000e-01  000000
8.520000e-01  000000
8.550000e-01  000000
8.580000e-01  000000
8.610000e-01  000000
8.640000e-01  000000
8.670000e-01  000000
8.700000e-01  000000
8.730000e-01  000000
8.760000e-01  000000
8.790000e-01  000000
8.820000e-01  000000
8.850000e-01  000000
8.880000e-01  000000
8.910000e-01  000000
8.940000e-01  000000
8.970000e-01  000000
9.000000e-01  000000
9.030000e-01  000000
9.060000e-01  000000
9.090000e-01  000000
9.120000e-01  000000
9.150000e-01  000000
9.180000e-01  000000
9.210000e-01  000000
9.240000e-01  000000
9.270000e-01  000000
9.300000e-01  000000
9.330000e-01  000000
9.360000e-01  000000
9.390000e-01  000000
9.420000e-01  000000
9.450000e-01  000000
9.480000e-01  000000
9.510000e-01  000000
9.540000e-01  000000
9.570000e-01  000000
9.600000e-01  000000
9.630000e-01  000000
9.660000e-01  000000
9.690000e-01  000000
9.720000e-01  000000
9.750000e-01  000000
9.780000e-01  000000
9.810000e-01  000000
9.840000e-01  000000
9.870000e-01  000000
9.900000e-01  000000
9.930000e-01  000000
9.960000e-01  000000
9.990000e-01  000000
