000000  000001
3.000000e-03  8.853479e-01
6.000000e-03  8.184808e-01
9.000000e-03  7.714740e-01
1.200000e-02  7.354137e-01
1.500000e-02  7.062843e-01
1.800000e-02  6.819301e-01
2.100000e-02  6.610602e-01
2.400000e-02  6.428407e-01
2.700000e-02  6.267023e-01
3.000000e-02  6.122396e-01
3.300000e-02  5.991534e-01
3.600000e-02  5.872171e-01
3.900000e-02  5.762551e-01
4.200000e-02  5.661284e-01
4.500000e-02  5.567255e-01
4.800000e-02  5.479552e-01
5.100000e-02  5.397424e-01
5.400000e-02  5.320244e-01
5.700000e-02  5.247481e-01
6.000000e-02  5.178686e-01
6.300000e-02  5.113472e-01
6.600000e-02  5.051507e-01
6.900000e-02  4.992499e-01
7.200000e-02  4.936195e-01
7.500000e-02  4.882373e-01
7.800000e-02  4.830835e-01
8.100000e-02  4.781406e-01
8.400000e-02  4.733930e-01
8.700000e-02  4.688268e-01
9.000000e-02  4.644293e-01
9.300000e-02  4.601892e-01
9.600000e-02  4.560963e-01
9.900000e-02  4.521412e-01
1.020000e-01  4.483155e-01
1.050000e-01  4.446115e-01
1.080000e-01  4.410220e-01
1.110000e-01  4.375407e-01
1.140000e-01  4.341614e-01
1.170000e-01  4.308787e-01
1.200000e-01  4.276876e-01
1.230000e-01  4.245833e-01
1.260000e-01  4.215615e-01
1.290000e-01  4.186180e-01
1.320000e-01  4.157493e-01
1.350000e-01  4.129517e-01
1.380000e-01  4.102220e-01
1.410000e-01  4.075572e-01
1.440000e-01  4.049543e-01
1.470000e-01  4.024107e-01
1.500000e-01  3.999240e-01
1.530000e-01  3.974916e-01
1.560000e-01  3.951114e-01
1.590000e-01  3.927813e-01
1.620000e-01  3.904994e-01
1.650000e-01  3.882637e-01
1.680000e-01  3.860726e-01
1.710000e-01  3.839243e-01
1.740000e-01  3.818173e-01
1.770000e-01  3.797500e-01
1.800000e-01  3.777212e-01
1.830000e-01  3.757293e-01
1.860000e-01  3.737732e-01
1.890000e-01  3.718517e-01
1.920000e-01  3.699635e-01
1.950000e-01  3.681076e-01
1.980000e-01  3.662830e-01
2.010000e-01  3.644886e-01
2.040000e-01  3.627235e-01
2.070000e-01  3.609868e-01
2.100000e-01  3.592776e-01
2.130000e-01  3.575950e-01
2.160000e-01  3.559384e-01
2.190000e-01  3.543068e-01
2.220000e-01  3.526997e-01
2.250000e-01  3.511162e-01
2.280000e-01  3.495558e-01
2.310000e-01  3.480178e-01
2.340000e-01  3.465015e-01
2.370000e-01  3.450064e-01
2.400000e-01  3.435318e-01
2.430000e-01  3.420774e-01
2.460000e-01  3.406424e-01
2.490000e-01  3.392265e-01
2.520000e-01  3.378291e-01
2.550000e-01  3.364497e-01
2.580000e-01  3.350880e-01
2.610000e-01  3.337434e-01
2.640000e-01  3.324155e-01
2.670000e-01  3.311040e-01
2.700000e-01  3.298085e-01
2.730000e-01  3.285285e-01
2.760000e-01  3.272637e-01
2.790000e-01  3.260137e-01
2.820000e-01  3.247782e-01
2.850000e-01  3.235569e-01
2.880000e-01  3.223495e-01
2.910000e-01  3.211556e-01
2.940000e-01  3.199749e-01
2.970000e-01  3.188071e-01
3.000000e-01  3.176521e-01
3.030000e-01  3.165094e-01
3.060000e-01  3.153789e-01
3.090000e-01  3.142602e-01
3.120000e-01  3.131531e-01
3.150000e-01  3.120575e-01
3.180000e-01  3.109729e-01
3.210000e-01  3.098993e-01
3.240000e-01  3.088364e-01
3.270000e-01  3.077840e-01
3.300000e-01  3.067418e-01
3.330000e-01  3.057098e-01
3.360000e-01  3.046876e-01
3.390000e-01  3.036750e-01
3.420000e-01  3.026720e-01
3.450000e-01  3.016783e-01
3.480000e-01  3.006938e-01
3.510000e-01  2.997182e-01
3.540000e-01  2.987514e-01
3.570000e-01  2.977932e-01
3.600000e-01  2.968436e-01
3.630000e-01  2.959022e-01
3.660000e-01  2.949691e-01
3.690000e-01  2.940439e-01
3.720000e-01  2.931267e-01
3.750000e-01  2.922172e-01
3.780000e-01  2.913153e-01
3.810000e-01  2.904209e-01
3.840000e-01  2.895338e-01
3.870000e-01  2.886540e-01
3.900000e-01  2.877812e-01
3.930000e-01  2.869155e-01
3.960000e-01  2.860566e-01
3.990000e-01  2.852045e-01
4.020000e-01  2.843590e-01
4.050000e-01  2.835200e-01
4.080000e-01  2.826874e-01
4.110000e-01  2.818612e-01
4.140000e-01  2.810412e-01
4.170000e-01  2.802273e-01
4.200000e-01  2.794194e-01
4.230000e-01  2.786174e-01
4.260000e-01  2.778213e-01
4.290000e-01  2.770309e-01
4.320000e-01  2.762462e-01
4.350000e-01  2.754670e-01
4.380000e-01  2.746933e-01
4.410000e-01  2.739250e-01
4.440000e-01  2.731620e-01
4.470000e-01  2.724042e-01
4.500000e-01  2.716516e-01
4.530000e-01  2.709040e-01
4.560000e-01  2.701615e-01
4.590000e-01  2.694239e-01
4.620000e-01  2.686911e-01
4.650000e-01  2.679631e-01
4.680000e-01  2.672399e-01
4.710000e-01  2.665212e-01
4.740000e-01  2.658072e-01
4.770000e-01  2.650977e-01
4.800000e-01  2.643926e-01
4.830000e-01  2.636919e-01
4.860000e-01  2.629955e-01
4.890000e-01  2.623034e-01
4.920000e-01  2.616155e-01
4.950000e-01  2.609318e-01
4.980000e-01  2.602521e-01
5.010000e-01  2.595765e-01
5.040000e-01  2.589048e-01
5.070000e-01  2.582371e-01
5.100000e-01  2.575732e-01
5.130000e-01  2.569132e-01
5.160000e-01  2.562569e-01
5.190000e-01  2.556044e-01
5.220000e-01  2.549555e-01
5.250000e-01  2.543102e-01
5.280000e-01  2.536685e-01
5.310000e-01  2.530303e-01
5.340000e-01  2.523956e-01
5.370000e-01  2.517644e-01
5.400000e-01  2.511365e-01
5.430000e-01  2.505119e-01
5.460000e-01  2.498907e-01
5.490000e-01  2.492727e-01
5.520000e-01  2.486580e-01
5.550000e-01  2.480464e-01
5.580000e-01  2.474379e-01
5.610000e-01  2.468326e-01
5.640000e-01  2.462303e-01
5.670000e-01  2.456310e-01
5.700000e-01  2.450347e-01
5.730000e-01  2.444414e-01
5.760000e-01  2.438509e-01
5.790000e-01  2.432634e-01
5.820000e-01  2.426786e-01
5.850000e-01  2.420967e-01
5.880000e-01  2.415175e-01
5.910000e-01  2.409411e-01
5.940000e-01  2.403673e-01
5.970000e-01  2.397962e-01
6.000000e-01  2.392278e-01
6.030000e-01  2.386619e-01
6.060000e-01  2.380987e-01
6.090000e-01  2.375379e-01
6.120000e-01  2.369797e-01
6.150000e-01  2.364240e-01
6.180000e-01  2.358707e-01
6.210000e-01  2.353198e-01
6.240000e-01  2.347713e-01
6.270000e-01  2.342252e-01
6.300000e-01  2.336814e-01
6.330000e-01  2.331399e-01
6.360000e-01  2.326007e-01
6.390000e-01  2.320637e-01
6.420000e-01  2.315290e-01
6.450000e-01  2.309965e-01
6.480000e-01  2.304661e-01
6.510000e-01  2.299379e-01
6.540000e-01  2.294118e-01
6.570000e-01  2.288878e-01
6.600000e-01  2.283659e-01
6.630000e-01  2.278461e-01
6.660000e-01  2.273282e-01
6.690000e-01  2.268124e-01
6.720000e-01  2.262985e-01
6.750000e-01  2.257866e-01
6.780000e-01  2.252767e-01
6.810000e-01  2.247686e-01
6.840000e-01  2.242624e-01
6.870000e-01  2.237581e-01
6.900000e-01  2.232557e-01
6.930000e-01  2.227550e-01
6.960000e-01  2.222562e-01
6.990000e-01  2.217592e-01
7.020000e-01  2.212639e-01
7.050000e-01  2.207703e-01
7.080000e-01  2.202785e-01
7.110000e-01  2.197884e-01
7.140000e-01  2.192999e-01
7.170000e-01  2.188131e-01
7.200000e-01  2.183280e-01
7.230000e-01  2.178445e-01
7.260000e-01  2.173626e-01
7.290000e-01  2.168822e-01
7.320000e-01  2.164035e-01
7.350000e-01  2.159262e-01
7.380000e-01  2.154506e-01
7.410000e-01  2.149764e-01
7.440000e-01  2.145037e-01
7.470000e-01  2.140325e-01
7.500000e-01  2.135628e-01
7.530000e-01  2.130945e-01
7.560000e-01  2.126276e-01
7.590000e-01  2.121621e-01
7.620000e-01  2.116981e-01
7.650000e-01  2.112354e-01
7.680000e-01  2.107740e-01
7.710000e-01  2.103140e-01
7.740000e-01  2.098554e-01
7.770000e-01  2.093980e-01
7.800000e-01  2.089419e-01
7.830000e-01  2.084871e-01
7.860000e-01  2.080336e-01
7.890000e-01  2.075813e-01
7.920000e-01  2.071303e-01
7.950000e-01  2.066805e-01
7.980000e-01  2.062319e-01
8.010000e-01  2.057844e-01
8.040000e-01  2.053382e-01
8.070000e-01  2.048931e-01
8.100000e-01  2.044491e-01
8.130000e-01  2.040063e-01
8.160000e-01  2.035646e-01
8.190000e-01  2.031239e-01
8.220000e-01  2.026844e-01
8.250000e-01  2.022459e-01
8.280000e-01  2.018085e-01
8.310000e-01  2.013722e-01
8.340000e-01  2.009369e-01
8.370000e-01  2.005025e-01
8.400000e-01  2.000692e-01
8.430000e-01  1.996369e-01
8.460000e-01  1.992056e-01
8.490000e-01  1.987752e-01
8.520000e-01  1.983458e-01
8.550000e-01  1.979173e-01
8.580000e-01  1.974897e-01
8.610000e-01  1.970630e-01
8.640000e-01  1.966373e-01
8.670000e-01  1.962124e-01
8.700000e-01  1.957884e-01
8.730000e-01  1.953652e-01
8.760000e-01  1.949429e-01
8.790000e-01  1.945214e-01
8.820000e-01  1.941007e-01
8.850000e-01  1.936809e-01
8.880000e-01  1.932618e-01
8.910000e-01  1.928436e-01
8.940000e-01  1.924260e-01
8.970000e-01  1.920093e-01
9.000000e-01  1.915933e-01
9.030000e-01  1.911780e-01
9.060000e-01  1.907634e-01
9.090000e-01  1.903496e-01
9.120000e-01  1.899364e-01
9.150000e-01  1.895239e-01
9.180000e-01  1.891121e-01
9.210000e-01  1.887010e-01
9.240000e-01  1.882905e-01
9.270000e-01  1.878806e-01
9.300000e-01  1.874713e-01
9.330000e-01  1.870627e-01
9.360000e-01  1.866546e-01
9.390000e-01  1.862472e-01
9.420000e-01  1.858403e-01
9.450000e-01  1.854339e-01
9.480000e-01  1.850282e-01
9.510000e-01  1.846229e-01
9.540000e-01  1.842182e-01
9.570000e-01  1.838139e-01
9.600000e-01  1.834102e-01
9.630000e-01  1.830070e-01
9.660000e-01  1.826042e-01
9.690000e-01  1.822019e-01
9.720000e-01  1.818001e-01
9.750000e-01  1.813986e-01
9.780000e-01  1.809977e-01
9.810000e-01  1.805971e-01
9.840000e-01  1.801969e-01
9.870000e-01  1.797971e-01
9.900000e-01  1.793977e-01
9.930000e-01  1.789986e-01
9.960000e-01  1.785999e-01
9.990000e-01  1.782015e-01
