000000  000001
3.000000e-03  8.899649e-01
6.000000e-03  8.246228e-01
9.000000e-03  7.783306e-01
1.200000e-02  7.426579e-01
1.500000e-02  7.137547e-01
1.800000e-02  6.895370e-01
2.100000e-02  6.687496e-01
2.400000e-02  6.505784e-01
2.700000e-02  6.344658e-01
3.000000e-02  6.200133e-01
3.300000e-02  6.069267e-01
3.600000e-02  5.949824e-01
3.900000e-02  5.840070e-01
4.200000e-02  5.738631e-01
4.500000e-02  5.644401e-01
4.800000e-02  5.556479e-01
5.100000e-02  5.474118e-01
5.400000e-02  5.396695e-01
5.700000e-02  5.323684e-01
6.000000e-02  5.254637e-01
6.300000e-02  5.189171e-01
6.600000e-02  5.126952e-01
6.900000e-02  5.067693e-01
7.200000e-02  5.011140e-01
7.500000e-02  4.957071e-01
7.800000e-02  4.905290e-01
8.100000e-02  4.855621e-01
8.400000e-02  4.807909e-01
8.700000e-02  4.762015e-01
9.000000e-02  4.717812e-01
9.300000e-02  4.675188e-01
9.600000e-02  4.634040e-01
9.900000e-02  4.594275e-01
1.020000e-01  4.555807e-01
1.050000e-01  4.518561e-01
1.080000e-01  4.482465e-01
1.110000e-01  4.447454e-01
1.140000e-01  4.413467e-01
1.170000e-01  4.380452e-01
1.200000e-01  4.348355e-01
1.230000e-01  4.317130e-01
1.260000e-01  4.286735e-01
1.290000e-01  4.257127e-01
1.320000e-01  4.228269e-01
1.350000e-01  4.200127e-01
1.380000e-01  4.172667e-01
1.410000e-01  4.145859e-01
1.440000e-01  4.119674e-01
1.470000e-01  4.094085e-01
1.500000e-01  4.069068e-01
1.530000e-01  4.044597e-01
1.560000e-01  4.020652e-01
1.590000e-01  3.997211e-01
1.620000e-01  3.974254e-01
1.650000e-01  3.951762e-01
1.680000e-01  3.929719e-01
1.710000e-01  3.908106e-01
1.740000e-01  3.886909e-01
1.770000e-01  3.866113e-01
1.800000e-01  3.845703e-01
1.830000e-01  3.825665e-01
1.860000e-01  3.805987e-01
1.890000e-01  3.786658e-01
1.920000e-01  3.767664e-01
1.950000e-01  3.748995e-01
1.980000e-01  3.730641e-01
2.010000e-01  3.712592e-01
2.040000e-01  3.694837e-01
2.070000e-01  3.677369e-01
2.100000e-01  3.660177e-01
2.130000e-01  3.643255e-01
2.160000e-01  3.626593e-01
2.190000e-01  3.610184e-01
2.220000e-01  3.594021e-01
2.250000e-01  3.578097e-01
2.280000e-01  3.562404e-01
2.310000e-01  3.546938e-01
2.340000e-01  3.531690e-01
2.370000e-01  3.516656e-01
2.400000e-01  3.501830e-01
2.430000e-01  3.487206e-01
2.460000e-01  3.472778e-01
2.490000e-01  3.458542e-01
2.520000e-01  3.444493e-01
2.550000e-01  3.430627e-01
2.580000e-01  3.416937e-01
2.610000e-01  3.403421e-01
2.640000e-01  3.390073e-01
2.670000e-01  3.376891e-01
2.700000e-01  3.363869e-01
2.730000e-01  3.351004e-01
2.760000e-01  3.338292e-01
2.790000e-01  3.325730e-01
2.820000e-01  3.313315e-01
2.850000e-01  3.301042e-01
2.880000e-01  3.288909e-01
2.910000e-01  3.276913e-01
2.940000e-01  3.265050e-01
2.970000e-01  3.253318e-01
3.000000e-01  3.241714e-01
3.030000e-01  3.230235e-01
3.060000e-01  3.218878e-01
3.090000e-01  3.207642e-01
3.120000e-01  3.196522e-01
3.150000e-01  3.185517e-01
3.180000e-01  3.174625e-01
3.210000e-01  3.163844e-01
3.240000e-01  3.153170e-01
3.270000e-01  3.142602e-01
3.300000e-01  3.132138e-01
3.330000e-01  3.121775e-01
3.360000e-01  3.111513e-01
3.390000e-01  3.101348e-01
3.420000e-01  3.091279e-01
3.450000e-01  3.081304e-01
3.480000e-01  3.071422e-01
3.510000e-01  3.061630e-01
3.540000e-01  3.051928e-01
3.570000e-01  3.042312e-01
3.600000e-01  3.032782e-01
3.630000e-01  3.023337e-01
3.660000e-01  3.013974e-01
3.690000e-01  3.004692e-01
3.720000e-01  2.995490e-01
3.750000e-01  2.986367e-01
3.780000e-01  2.977320e-01
3.810000e-01  2.968349e-01
3.840000e-01  2.959452e-01
3.870000e-01  2.950629e-01
3.900000e-01  2.941877e-01
3.930000e-01  2.933196e-01
3.960000e-01  2.924584e-01
3.990000e-01  2.916040e-01
4.020000e-01  2.907564e-01
4.050000e-01  2.899154e-01
4.080000e-01  2.890809e-01
4.110000e-01  2.882528e-01
4.140000e-01  2.874309e-01
4.170000e-01  2.866153e-01
4.200000e-01  2.858057e-01
4.230000e-01  2.850022e-01
4.260000e-01  2.842045e-01
4.290000e-01  2.834127e-01
4.320000e-01  2.826266e-01
4.350000e-01  2.818461e-01
4.380000e-01  2.810712e-01
4.410000e-01  2.803017e-01
4.440000e-01  2.795376e-01
4.470000e-01  2.787788e-01
4.500000e-01  2.780253e-01
4.530000e-01  2.772768e-01
4.560000e-01  2.765335e-01
4.590000e-01  2.757951e-01
4.620000e-01  2.750617e-01
4.650000e-01  2.743331e-01
4.680000e-01  2.736093e-01
4.710000e-01  2.728902e-01
4.740000e-01  2.721758e-01
4.770000e-01  2.714659e-01
4.800000e-01  2.707606e-01
4.830000e-01  2.700597e-01
4.860000e-01  2.693632e-01
4.890000e-01  2.686710e-01
4.920000e-01  2.679831e-01
4.950000e-01  2.672994e-01
4.980000e-01  2.666199e-01
5.010000e-01  2.659444e-01
5.040000e-01  2.652730e-01
5.070000e-01  2.646056e-01
5.100000e-01  2.639421e-01
5.130000e-01  2.632825e-01
5.160000e-01  2.626267e-01
5.190000e-01  2.619747e-01
5.220000e-01  2.613265e-01
5.250000e-01  2.606819e-01
5.280000e-01  2.600409e-01
5.310000e-01  2.594036e-01
5.340000e-01  2.587697e-01
5.370000e-01  2.581394e-01
5.400000e-01  2.575125e-01
5.430000e-01  2.568890e-01
5.460000e-01  2.562689e-01
5.490000e-01  2.556521e-01
5.520000e-01  2.550386e-01
5.550000e-01  2.544283e-01
5.580000e-01  2.538213e-01
5.610000e-01  2.532173e-01
5.640000e-01  2.526165e-01
5.670000e-01  2.520188e-01
5.700000e-01  2.514241e-01
5.730000e-01  2.508324e-01
5.760000e-01  2.502437e-01
5.790000e-01  2.496579e-01
5.820000e-01  2.490750e-01
5.850000e-01  2.484950e-01
5.880000e-01  2.479177e-01
5.910000e-01  2.473433e-01
5.940000e-01  2.467717e-01
5.970000e-01  2.462027e-01
6.000000e-01  2.456365e-01
6.030000e-01  2.450729e-01
6.060000e-01  2.445120e-01
6.090000e-01  2.439536e-01
6.120000e-01  2.433979e-01
6.150000e-01  2.428446e-01
6.180000e-01  2.422939e-01
6.210000e-01  2.417457e-01
6.240000e-01  2.411998e-01
6.270000e-01  2.406565e-01
6.300000e-01  2.401155e-01
6.330000e-01  2.395769e-01
6.360000e-01  2.390406e-01
6.390000e-01  2.385067e-01
6.420000e-01  2.379750e-01
6.450000e-01  2.374456e-01
6.480000e-01  2.369184e-01
6.510000e-01  2.363934e-01
6.540000e-01  2.358707e-01
6.570000e-01  2.353500e-01
6.600000e-01  2.348316e-01
6.630000e-01  2.343152e-01
6.660000e-01  2.338009e-01
6.690000e-01  2.332887e-01
6.720000e-01  2.327785e-01
6.750000e-01  2.322704e-01
6.780000e-01  2.317642e-01
6.810000e-01  2.312600e-01
6.840000e-01  2.307578e-01
6.870000e-01  2.302575e-01
6.900000e-01  2.297591e-01
6.930000e-01  2.292626e-01
6.960000e-01  2.287679e-01
6.990000e-01  2.282752e-01
7.020000e-01  2.277842e-01
7.050000e-01  2.272950e-01
7.080000e-01  2.268077e-01
7.110000e-01  2.263221e-01
7.140000e-01  2.258382e-01
7.170000e-01  2.253561e-01
7.200000e-01  2.248756e-01
7.230000e-01  2.243969e-01
7.260000e-01  2.239199e-01
7.290000e-01  2.234445e-01
7.320000e-01  2.229707e-01
7.350000e-01  2.224985e-01
7.380000e-01  2.220280e-01
7.410000e-01  2.215590e-01
7.440000e-01  2.210916e-01
7.470000e-01  2.206258e-01
7.500000e-01  2.201614e-01
7.530000e-01  2.196986e-01
7.560000e-01  2.192373e-01
7.590000e-01  2.187775e-01
7.620000e-01  2.183191e-01
7.650000e-01  2.178622e-01
7.680000e-01  2.174067e-01
7.710000e-01  2.169526e-01
7.740000e-01  2.165000e-01
7.770000e-01  2.160487e-01
7.800000e-01  2.155988e-01
7.830000e-01  2.151502e-01
7.860000e-01  2.147030e-01
7.890000e-01  2.142571e-01
7.920000e-01  2.138125e-01
7.950000e-01  2.133693e-01
7.980000e-01  2.129273e-01
8.010000e-01  2.124865e-01
8.040000e-01  2.120471e-01
8.070000e-01  2.116088e-01
8.100000e-01  2.111718e-01
8.130000e-01  2.107360e-01
8.160000e-01  2.103014e-01
8.190000e-01  2.098680e-01
8.220000e-01  2.094357e-01
8.250000e-01  2.090046e-01
8.280000e-01  2.085747e-01
8.310000e-01  2.081458e-01
8.340000e-01  2.077181e-01
8.370000e-01  2.072915e-01
8.400000e-01  2.068660e-01
8.430000e-01  2.064416e-01
8.460000e-01  2.060183e-01
8.490000e-01  2.055960e-01
8.520000e-01  2.051747e-01
8.550000e-01  2.047545e-01
8.580000e-01  2.043352e-01
8.610000e-01  2.039170e-01
8.640000e-01  2.034998e-01
8.670000e-01  2.030836e-01
8.700000e-01  2.026683e-01
8.730000e-01  2.022540e-01
8.760000e-01  2.018406e-01
8.790000e-01  2.014282e-01
8.820000e-01  2.010167e-01
8.850000e-01  2.006061e-01
8.880000e-01  2.001963e-01
8.910000e-01  1.997875e-01
8.940000e-01  1.993796e-01
8.970000e-01  1.989725e-01
9.000000e-01  1.985663e-01
9.030000e-01  1.981609e-01
9.060000e-01  1.977563e-01
9.090000e-01  1.973526e-01
9.120000e-01  1.969497e-01
9.150000e-01  1.965475e-01
9.180000e-01  1.961462e-01
9.210000e-01  1.957456e-01
9.240000e-01  1.953458e-01
9.270000e-01  1.949468e-01
9.300000e-01  1.945485e-01
9.330000e-01  1.941509e-01
9.360000e-01  1.937540e-01
9.390000e-01  1.933579e-01
9.420000e-01  1.929624e-01
9.450000e-01  1.925677e-01
9.480000e-01  1.921736e-01
9.510000e-01  1.917802e-01
9.540000e-01  1.913874e-01
9.570000e-01  1.909953e-01
9.600000e-01  1.906039e-01
9.630000e-01  1.902130e-01
9.660000e-01  1.898228e-01
9.690000e-01  1.894332e-01
9.720000e-01  1.890442e-01
9.750000e-01  1.886558e-01
9.780000e-01  1.882679e-01
9.810000e-01  1.878806e-01
9.840000e-01  1.874938e-01
9.870000e-01  1.871076e-01
9.900000e-01  1.867220e-01
9.930000e-01  1.863368e-01
9.960000e-01  1.859522e-01
9.990000e-01  1.855681e-01
