000000  000001
3.000000e-03  7.867826e-01
6.000000e-03  6.989989e-01
9.000000e-03  6.441622e-01
1.200000e-02  6.047043e-01
1.500000e-02  5.741137e-01
1.800000e-02  5.492665e-01
2.100000e-02  5.284273e-01
2.400000e-02  5.105353e-01
2.700000e-02  4.948961e-01
3.000000e-02  4.810311e-01
3.300000e-02  4.685973e-01
3.600000e-02  4.573405e-01
3.900000e-02  4.470677e-01
4.200000e-02  4.376286e-01
4.500000e-02  4.289044e-01
4.800000e-02  4.207994e-01
5.100000e-02  4.132355e-01
5.400000e-02  4.061481e-01
5.700000e-02  3.994834e-01
6.000000e-02  3.931959e-01
6.300000e-02  3.872470e-01
6.600000e-02  3.816034e-01
6.900000e-02  3.762366e-01
7.200000e-02  3.711216e-01
7.500000e-02  3.662366e-01
7.800000e-02  3.615626e-01
8.100000e-02  3.570826e-01
8.400000e-02  3.527815e-01
8.700000e-02  3.486461e-01
9.000000e-02  3.446643e-01
9.300000e-02  3.408253e-01
9.600000e-02  3.371195e-01
9.900000e-02  3.335380e-01
1.020000e-01  3.300729e-01
1.050000e-01  3.267170e-01
1.080000e-01  3.234636e-01
1.110000e-01  3.203066e-01
1.140000e-01  3.172405e-01
1.170000e-01  3.142602e-01
1.200000e-01  3.113610e-01
1.230000e-01  3.085385e-01
1.260000e-01  3.057888e-01
1.290000e-01  3.031081e-01
1.320000e-01  3.004929e-01
1.350000e-01  2.979401e-01
1.380000e-01  2.954466e-01
1.410000e-01  2.930096e-01
1.440000e-01  2.906266e-01
1.470000e-01  2.882951e-01
1.500000e-01  2.860127e-01
1.530000e-01  2.837774e-01
1.560000e-01  2.815872e-01
1.590000e-01  2.794400e-01
1.620000e-01  2.773342e-01
1.650000e-01  2.752681e-01
1.680000e-01  2.732400e-01
1.710000e-01  2.712484e-01
1.740000e-01  2.692920e-01
1.770000e-01  2.673693e-01
1.800000e-01  2.654792e-01
1.830000e-01  2.636203e-01
1.860000e-01  2.617915e-01
1.890000e-01  2.599918e-01
1.920000e-01  2.582200e-01
1.950000e-01  2.564753e-01
1.980000e-01  2.547566e-01
2.010000e-01  2.530630e-01
2.040000e-01  2.513937e-01
2.070000e-01  2.497478e-01
2.100000e-01  2.481246e-01
2.130000e-01  2.465233e-01
2.160000e-01  2.449433e-01
2.190000e-01  2.433836e-01
2.220000e-01  2.418439e-01
2.250000e-01  2.403233e-01
2.280000e-01  2.388213e-01
2.310000e-01  2.373373e-01
2.340000e-01  2.358707e-01
2.370000e-01  2.344209e-01
2.400000e-01  2.329876e-01
2.430000e-01  2.315700e-01
2.460000e-01  2.301679e-01
2.490000e-01  2.287806e-01
2.520000e-01  2.274077e-01
2.550000e-01  2.260489e-01
2.580000e-01  2.247036e-01
2.610000e-01  2.233715e-01
2.640000e-01  2.220521e-01
2.670000e-01  2.207451e-01
2.700000e-01  2.194500e-01
2.730000e-01  2.181666e-01
2.760000e-01  2.168945e-01
2.790000e-01  2.156333e-01
2.820000e-01  2.143827e-01
2.850000e-01  2.131424e-01
2.880000e-01  2.119121e-01
2.910000e-01  2.106914e-01
2.940000e-01  2.094800e-01
2.970000e-01  2.082777e-01
3.000000e-01  2.070841e-01
3.030000e-01  2.058990e-01
3.060000e-01  2.047222e-01
3.090000e-01  2.035532e-01
3.120000e-01  2.023920e-01
3.150000e-01  2.012381e-01
3.180000e-01  2.000914e-01
3.210000e-01  1.989517e-01
3.240000e-01  1.978185e-01
3.270000e-01  1.966918e-01
3.300000e-01  1.955713e-01
3.330000e-01  1.944566e-01
3.360000e-01  1.933477e-01
3.390000e-01  1.922443e-01
3.420000e-01  1.911461e-01
3.450000e-01  1.900529e-01
3.480000e-01  1.889645e-01
3.510000e-01  1.878806e-01
3.540000e-01  1.868011e-01
3.570000e-01  1.857256e-01
3.600000e-01  1.846541e-01
3.630000e-01  1.835861e-01
3.660000e-01  1.825217e-01
3.690000e-01  1.814604e-01
3.720000e-01  1.804021e-01
3.750000e-01  1.793465e-01
3.780000e-01  1.782934e-01
3.810000e-01  1.772426e-01
3.840000e-01  1.761939e-01
3.870000e-01  1.751469e-01
3.900000e-01  1.741015e-01
3.930000e-01  1.730574e-01
3.960000e-01  1.720143e-01
3.990000e-01  1.709720e-01
4.020000e-01  1.699303e-01
4.050000e-01  000000
4.080000e-01  000000
4.110000e-01  000000
4.140000e-01  000000
4.170000e-01  000000
4.200000e-01  000000
4.230000e-01  000000
4.260000e-01  000000
4.290000e-01  000000
4.320000e-01  000000
4.350000e-01  000000
4.380000e-01  000000
4.410000e-01  000000
4.440000e-01  000000
4.470000e-01  000000
4.500000e-01  000000
4.530000e-01  000000
4.560000e-01  000000
4.590000e-01  000000
4.620000e-01  000000
4.650000e-01  000000
4.680000e-01  000000
4.710000e-01  000000
4.740000e-01  000000
4.770000e-01  000000
4.800000e-01  000000
4.830000e-01  000000
4.860000e-01  000000
4.890000e-01  000000
4.920000e-01  000000
4.950000e-01  000000
4.980000e-01  000000
5.010000e-01  000000
5.040000e-01  000000
5.070000e-01  000000
5.100000e-01  000000
5.130000e-01  000000
5.160000e-01  000000
5.190000e-01  000000
5.220000e-01  000000
5.250000e-01  000000
5.280000e-01  000000
5.310000e-01  000000
5.340000e-01  000000
5.370000e-01  000000
5.400000e-01  000000
5.430000e-01  000000
5.460000e-01  000000
5.490000e-01  000000
5.520000e-01  000000
5.550000e-01  000000
5.580000e-01  000000
5.610000e-01  000000
5.640000e-01  000000
5.670000e-01  000000
5.700000e-01  000000
5.730000e-01  000000
5.760000e-01  000000
5.790000e-01  000000
5.820000e-01  000000
5.850000e-01  000000
5.880000e-01  000000
5.910000e-01  000000
5.940000e-01  000000
5.970000e-01  000000
6.000000e-01  000000
6.030000e-01  000000
6.060000e-01  000000
6.090000e-01  000000
6.120000e-01  000000
6.150000e-01  000000
6.180000e-01  000000
6.210000e-01  000000
6.240000e-01  000000
6.270000e-01  000000
6.300000e-01  000000
6.330000e-01  000000
6.360000e-01  000000
6.390000e-01  000000
6.420000e-01  000000
6.450000e-01  000000
6.480000e-01  000000
6.510000e-01  000000
6.540000e-01  000000
6.570000e-01  000000
6.600000e-01  000000
6.630000e-01  000000
6.660000e-01  000000
6.690000e-01  000000
6.720000e-01  000000
6.750000e-01  000000
6.780000e-01  000000
6.810000e-01  000000
6.840000e-01  000000
6.870000e-01  000000
6.900000e-01  000000
6.930000e-01  000000
6.960000e-01  000000
6.990000e-01  000000
7.020000e-01  000000
7.050000e-01  000000
7.080000e-01  000000
7.110000e-01  000000
7.140000e-01  000000
7.170000e-01  000000
7.200000e-01  000000
7.230000e-01  000000
7.260000e-01  000000
7.290000e-01  000000
7.320000e-01  000000
7.350000e-01  000000
7.380000e-01  000000
7.410000e-01  000000
7.440000e-01  000000
7.470000e-01  000000
7.500000e-01  000000
7.530000e-01  000000
7.560000e-01  000000
7.590000e-01  000000
7.620000e-01  000000
7.650000e-01  000000
7.680000e-01  000000
7.710000e-01  000000
7.740000e-01  000000
7.770000e-01  000000
7.800000e-01  000000
7.830000e-01  000000
7.860000e-01  000000
7.890000e-01  000000
7.920000e-01  000000
7.950000e-01  000000
7.980000e-01  000000
8.010000e-01  000000
8.040000e-01  000000
8.070000e-01  000000
8.100000e-01  000000
8.130000e-01  000000
8.160000e-01  000000
8.190000e-01  000000
8.220000e-01  000000
8.250000e-01  000000
8.280000e-01  000000
8.310000e-01  000000
8.340000e-01  000000
8.370000e-01  000000
8.400000e-01  000000
8.430000e-01  000000
8.460000e-01  000000
8.490000e-01  000000
8.520000e-01  000000
8.550000e-01  000000
8.580000e-01  000000
8.610000e-01  000000
8.640000e-01  000000
8.670000e-01  000000
8.700000e-01  000000
8.730000e-01  000000
8.760000e-01  000000
8.790000e-01  000000
8.820000e-01  000000
8.850000e-01  000000
8.880000e-01  000000
8.910000e-01  000000
8.940000e-01  000000
8.970000e-01  000000
9.000000e-01  000000
9.030000e-01  000000
9.060000e-01  000000
9.090000e-01  000000
9.120000e-01  000000
9.150000e-01  000000
9.180000e-01  000000
9.210000e-01  000000
9.240000e-01  000000
9.270000e-01  000000
9.300000e-01  000000
9.330000e-01  000000
9.360000e-01  000000
9.390000e-01  000000
9.420000e-01  000000
9.450000e-01  000000
9.480000e-01  000000
9.510000e-01  000000
9.540000e-01  000000
9.570000e-01  000000
9.600000e-01  000000
9.630000e-01  000000
9.660000e-01  000000
9.690000e-01  000000
9.720000e-01  000000
9.750000e-01  000000
9.780000e-01  000000
9.810000e-01  000000
9.840000e-01  000000
9.870000e-01  000000
9.900000e-01  000000
9.930000e-01  000000
9.960000e-01  000000
9.990000e-01  000000
