000000  000001
3.000000e-03  8.003397e-01
6.000000e-03  7.148288e-01
9.000000e-03  6.609793e-01
1.200000e-02  6.221322e-01
1.500000e-02  5.920006e-01
1.800000e-02  5.675389e-01
2.100000e-02  5.470456e-01
2.400000e-02  5.294759e-01
2.700000e-02  5.141441e-01
3.000000e-02  5.005765e-01
3.300000e-02  4.884329e-01
3.600000e-02  4.774612e-01
3.900000e-02  4.674693e-01
4.200000e-02  4.583080e-01
4.500000e-02  4.498589e-01
4.800000e-02  4.420268e-01
5.100000e-02  4.347338e-01
5.400000e-02  4.279156e-01
5.700000e-02  4.215186e-01
6.000000e-02  4.154975e-01
6.300000e-02  4.098136e-01
6.600000e-02  4.044340e-01
6.900000e-02  3.993301e-01
7.200000e-02  3.944770e-01
7.500000e-02  3.898531e-01
7.800000e-02  3.854394e-01
8.100000e-02  3.812188e-01
8.400000e-02  3.771766e-01
8.700000e-02  3.732993e-01
9.000000e-02  3.695750e-01
9.300000e-02  3.659931e-01
9.600000e-02  3.625437e-01
9.900000e-02  3.592183e-01
1.020000e-01  3.560088e-01
1.050000e-01  3.529081e-01
1.080000e-01  3.499096e-01
1.110000e-01  3.470072e-01
1.140000e-01  3.441955e-01
1.170000e-01  3.414694e-01
1.200000e-01  3.388241e-01
1.230000e-01  3.362555e-01
1.260000e-01  3.337594e-01
1.290000e-01  3.313323e-01
1.320000e-01  3.289707e-01
1.350000e-01  3.266714e-01
1.380000e-01  3.244315e-01
1.410000e-01  3.222481e-01
1.440000e-01  3.201188e-01
1.470000e-01  3.180410e-01
1.500000e-01  3.160126e-01
1.530000e-01  3.140314e-01
1.560000e-01  3.120954e-01
1.590000e-01  3.102028e-01
1.620000e-01  3.083518e-01
1.650000e-01  3.065407e-01
1.680000e-01  3.047680e-01
1.710000e-01  3.030322e-01
1.740000e-01  3.013319e-01
1.770000e-01  2.996657e-01
1.800000e-01  2.980325e-01
1.830000e-01  2.964310e-01
1.860000e-01  2.948601e-01
1.890000e-01  2.933188e-01
1.920000e-01  2.918060e-01
1.950000e-01  2.903207e-01
1.980000e-01  2.888621e-01
2.010000e-01  2.874293e-01
2.040000e-01  2.860214e-01
2.070000e-01  2.846377e-01
2.100000e-01  2.832773e-01
2.130000e-01  2.819396e-01
2.160000e-01  2.806239e-01
2.190000e-01  2.793294e-01
2.220000e-01  2.780556e-01
2.250000e-01  2.768019e-01
2.280000e-01  2.755677e-01
2.310000e-01  2.743523e-01
2.340000e-01  2.731554e-01
2.370000e-01  2.719763e-01
2.400000e-01  2.708146e-01
2.430000e-01  2.696698e-01
2.460000e-01  2.685415e-01
2.490000e-01  2.674292e-01
2.520000e-01  2.663324e-01
2.550000e-01  2.652509e-01
2.580000e-01  2.641841e-01
2.610000e-01  2.631318e-01
2.640000e-01  2.620935e-01
2.670000e-01  2.610689e-01
2.700000e-01  2.600578e-01
2.730000e-01  2.590596e-01
2.760000e-01  2.580742e-01
2.790000e-01  2.571012e-01
2.820000e-01  2.561404e-01
2.850000e-01  2.551914e-01
2.880000e-01  2.542540e-01
2.910000e-01  2.533279e-01
2.940000e-01  2.524129e-01
2.970000e-01  2.515087e-01
3.000000e-01  2.506151e-01
3.030000e-01  2.497318e-01
3.060000e-01  2.488586e-01
3.090000e-01  2.479954e-01
3.120000e-01  2.471418e-01
3.150000e-01  2.462977e-01
3.180000e-01  2.454629e-01
3.210000e-01  2.446373e-01
3.240000e-01  2.438205e-01
3.270000e-01  2.430124e-01
3.300000e-01  2.422129e-01
3.330000e-01  2.414218e-01
3.360000e-01  2.406389e-01
3.390000e-01  2.398640e-01
3.420000e-01  2.390971e-01
3.450000e-01  2.383379e-01
3.480000e-01  2.375863e-01
3.510000e-01  2.368421e-01
3.540000e-01  2.361052e-01
3.570000e-01  2.353756e-01
3.600000e-01  2.346530e-01
3.630000e-01  2.339372e-01
3.660000e-01  2.332283e-01
3.690000e-01  2.325261e-01
3.720000e-01  2.318303e-01
3.750000e-01  2.311411e-01
3.780000e-01  2.304581e-01
3.810000e-01  2.297813e-01
3.840000e-01  2.291107e-01
3.870000e-01  2.284460e-01
3.900000e-01  2.277872e-01
3.930000e-01  2.271342e-01
3.960000e-01  2.264869e-01
3.990000e-01  2.258452e-01
4.020000e-01  2.252090e-01
4.050000e-01  2.245782e-01
4.080000e-01  2.239528e-01
4.110000e-01  2.233325e-01
4.140000e-01  2.227175e-01
4.170000e-01  2.221075e-01
4.200000e-01  2.215025e-01
4.230000e-01  2.209024e-01
4.260000e-01  2.203071e-01
4.290000e-01  2.197166e-01
4.320000e-01  2.191308e-01
4.350000e-01  2.185496e-01
4.380000e-01  2.179729e-01
4.410000e-01  2.174007e-01
4.440000e-01  2.168329e-01
4.470000e-01  2.162695e-01
4.500000e-01  2.157103e-01
4.530000e-01  2.151553e-01
4.560000e-01  2.146045e-01
4.590000e-01  2.140578e-01
4.620000e-01  2.135151e-01
4.650000e-01  2.129764e-01
4.680000e-01  2.124416e-01
4.710000e-01  2.119106e-01
4.740000e-01  2.113835e-01
4.770000e-01  2.108601e-01
4.800000e-01  2.103404e-01
4.830000e-01  2.098244e-01
4.860000e-01  2.093119e-01
4.890000e-01  2.088030e-01
4.920000e-01  2.082976e-01
4.950000e-01  2.077956e-01
4.980000e-01  2.072971e-01
5.010000e-01  2.068019e-01
5.040000e-01  2.063100e-01
5.070000e-01  2.058214e-01
5.100000e-01  2.053360e-01
5.130000e-01  2.048538e-01
5.160000e-01  2.043748e-01
5.190000e-01  2.038988e-01
5.220000e-01  2.034260e-01
5.250000e-01  2.029561e-01
5.280000e-01  2.024892e-01
5.310000e-01  2.020253e-01
5.340000e-01  2.015642e-01
5.370000e-01  2.011061e-01
5.400000e-01  2.006508e-01
5.430000e-01  2.001982e-01
5.460000e-01  1.997485e-01
5.490000e-01  1.993015e-01
5.520000e-01  1.988572e-01
5.550000e-01  1.984155e-01
5.580000e-01  1.979765e-01
5.610000e-01  1.975401e-01
5.640000e-01  1.971062e-01
5.670000e-01  1.966749e-01
5.700000e-01  1.962461e-01
5.730000e-01  1.958198e-01
5.760000e-01  1.953959e-01
5.790000e-01  1.949745e-01
5.820000e-01  1.945554e-01
5.850000e-01  1.941387e-01
5.880000e-01  1.937244e-01
5.910000e-01  1.933124e-01
5.940000e-01  1.929026e-01
5.970000e-01  1.924951e-01
6.000000e-01  1.920899e-01
6.030000e-01  1.916868e-01
6.060000e-01  1.912860e-01
6.090000e-01  1.908873e-01
6.120000e-01  1.904907e-01
6.150000e-01  1.900962e-01
6.180000e-01  1.897039e-01
6.210000e-01  1.893136e-01
6.240000e-01  1.889253e-01
6.270000e-01  1.885391e-01
6.300000e-01  1.881549e-01
6.330000e-01  1.877726e-01
6.360000e-01  1.873923e-01
6.390000e-01  1.870139e-01
6.420000e-01  1.866375e-01
6.450000e-01  1.862629e-01
6.480000e-01  1.858902e-01
6.510000e-01  1.855194e-01
6.540000e-01  1.851504e-01
6.570000e-01  1.847832e-01
6.600000e-01  1.844179e-01
6.630000e-01  1.840543e-01
6.660000e-01  1.836924e-01
6.690000e-01  1.833323e-01
6.720000e-01  1.829740e-01
6.750000e-01  1.826173e-01
6.780000e-01  1.822623e-01
6.810000e-01  1.819090e-01
6.840000e-01  1.815574e-01
6.870000e-01  1.812073e-01
6.900000e-01  1.808590e-01
6.930000e-01  1.805122e-01
6.960000e-01  1.801670e-01
6.990000e-01  1.798234e-01
7.020000e-01  1.794813e-01
7.050000e-01  1.791408e-01
7.080000e-01  1.788018e-01
7.110000e-01  1.784644e-01
7.140000e-01  1.781284e-01
7.170000e-01  1.777939e-01
7.200000e-01  1.774609e-01
7.230000e-01  1.771294e-01
7.260000e-01  1.767993e-01
7.290000e-01  1.764706e-01
7.320000e-01  1.761433e-01
7.350000e-01  1.758175e-01
7.380000e-01  1.754930e-01
7.410000e-01  1.751699e-01
7.440000e-01  1.748482e-01
7.470000e-01  1.745278e-01
7.500000e-01  1.742087e-01
7.530000e-01  1.738910e-01
7.560000e-01  1.735746e-01
7.590000e-01  1.732595e-01
7.620000e-01  1.729457e-01
7.650000e-01  1.726332e-01
7.680000e-01  1.723219e-01
7.710000e-01  1.720119e-01
7.740000e-01  1.717031e-01
7.770000e-01  1.713956e-01
7.800000e-01  1.710892e-01
7.830000e-01  1.707841e-01
7.860000e-01  1.704802e-01
7.890000e-01  1.701775e-01
7.920000e-01  1.698759e-01
7.950000e-01  1.695756e-01
7.980000e-01  1.692763e-01
8.010000e-01  1.689783e-01
8.040000e-01  1.686813e-01
8.070000e-01  1.683855e-01
8.100000e-01  1.680908e-01
8.130000e-01  1.677972e-01
8.160000e-01  1.675047e-01
8.190000e-01  1.672133e-01
8.220000e-01  1.669230e-01
8.250000e-01  1.666337e-01
8.280000e-01  1.663456e-01
8.310000e-01  1.660584e-01
8.340000e-01  1.657723e-01
8.370000e-01  1.654872e-01
8.400000e-01  1.652032e-01
8.430000e-01  1.649201e-01
8.460000e-01  1.646381e-01
8.490000e-01  1.643571e-01
8.520000e-01  1.640771e-01
8.550000e-01  1.637980e-01
8.580000e-01  1.635199e-01
8.610000e-01  1.632428e-01
8.640000e-01  1.629667e-01
8.670000e-01  1.626914e-01
8.700000e-01  1.624172e-01
8.730000e-01  1.621439e-01
8.760000e-01  1.618714e-01
8.790000e-01  1.615999e-01
8.820000e-01  1.613294e-01
8.850000e-01  1.610597e-01
8.880000e-01  1.607909e-01
8.910000e-01  1.605230e-01
8.940000e-01  1.602560e-01
8.970000e-01  1.599899e-01
9.000000e-01  1.597246e-01
9.030000e-01  1.594602e-01
9.060000e-01  1.591967e-01
9.090000e-01  1.589340e-01
9.120000e-01  1.586721e-01
9.150000e-01  1.584111e-01
9.180000e-01  1.581509e-01
9.210000e-01  1.578915e-01
9.240000e-01  1.576329e-01
9.270000e-01  1.573751e-01
9.300000e-01  1.571181e-01
9.330000e-01  1.568620e-01
9.360000e-01  1.566066e-01
9.390000e-01  1.563520e-01
9.420000e-01  1.560981e-01
9.450000e-01  1.558451e-01
9.480000e-01  1.555928e-01
9.510000e-01  1.553412e-01
9.540000e-01  1.550904e-01
9.570000e-01  1.548404e-01
9.600000e-01  1.545911e-01
9.630000e-01  1.543425e-01
9.660000e-01  1.540947e-01
9.690000e-01  1.538475e-01
9.720000e-01  1.536011e-01
9.750000e-01  1.533554e-01
9.780000e-01  1.531104e-01
9.810000e-01  1.528661e-01
9.840000e-01  1.526225e-01
9.870000e-01  1.523796e-01
9.900000e-01  1.521374e-01
9.930000e-01  1.518959e-01
9.960000e-01  1.516550e-01
9.990000e-01  1.514148e-01
