000000  000001
3.000000e-03  8.304416e-01
6.000000e-03  7.498894e-01
9.000000e-03  6.975206e-01
1.200000e-02  6.590970e-01
1.500000e-02  6.289692e-01
1.800000e-02  6.043229e-01
2.100000e-02  5.835560e-01
2.400000e-02  5.656715e-01
2.700000e-02  5.500080e-01
3.000000e-02  5.361053e-01
3.300000e-02  5.236303e-01
3.600000e-02  5.123347e-01
3.900000e-02  5.020286e-01
4.200000e-02  4.925637e-01
4.500000e-02  4.838220e-01
4.800000e-02  4.757082e-01
5.100000e-02  4.681443e-01
5.400000e-02  4.610656e-01
5.700000e-02  4.544180e-01
6.000000e-02  4.481557e-01
6.300000e-02  4.422397e-01
6.600000e-02  4.366364e-01
6.900000e-02  4.313169e-01
7.200000e-02  4.262559e-01
7.500000e-02  4.214313e-01
7.800000e-02  4.168236e-01
8.100000e-02  4.124157e-01
8.400000e-02  4.081921e-01
8.700000e-02  4.041394e-01
9.000000e-02  4.002451e-01
9.300000e-02  3.964984e-01
9.600000e-02  3.928894e-01
9.900000e-02  3.894089e-01
1.020000e-01  3.860490e-01
1.050000e-01  3.828020e-01
1.080000e-01  3.796614e-01
1.110000e-01  3.766208e-01
1.140000e-01  3.736746e-01
1.170000e-01  3.708175e-01
1.200000e-01  3.680447e-01
1.230000e-01  3.653518e-01
1.260000e-01  3.627347e-01
1.290000e-01  3.601895e-01
1.320000e-01  3.577126e-01
1.350000e-01  3.553008e-01
1.380000e-01  3.529511e-01
1.410000e-01  3.506605e-01
1.440000e-01  3.484263e-01
1.470000e-01  3.462461e-01
1.500000e-01  3.441176e-01
1.530000e-01  3.420384e-01
1.560000e-01  3.400066e-01
1.590000e-01  3.380202e-01
1.620000e-01  3.360774e-01
1.650000e-01  3.341763e-01
1.680000e-01  3.323156e-01
1.710000e-01  3.304934e-01
1.740000e-01  3.287086e-01
1.770000e-01  3.269595e-01
1.800000e-01  3.252450e-01
1.830000e-01  3.235638e-01
1.860000e-01  3.219147e-01
1.890000e-01  3.202967e-01
1.920000e-01  3.187086e-01
1.950000e-01  3.171494e-01
1.980000e-01  3.156183e-01
2.010000e-01  3.141142e-01
2.040000e-01  3.126363e-01
2.070000e-01  3.111838e-01
2.100000e-01  3.097559e-01
2.130000e-01  3.083518e-01
2.160000e-01  3.069708e-01
2.190000e-01  3.056122e-01
2.220000e-01  3.042754e-01
2.250000e-01  3.029596e-01
2.280000e-01  3.016644e-01
2.310000e-01  3.003890e-01
2.340000e-01  2.991331e-01
2.370000e-01  2.978959e-01
2.400000e-01  2.966771e-01
2.430000e-01  2.954760e-01
2.460000e-01  2.942923e-01
2.490000e-01  2.931254e-01
2.520000e-01  2.919750e-01
2.550000e-01  2.908406e-01
2.580000e-01  2.897218e-01
2.610000e-01  2.886182e-01
2.640000e-01  2.875294e-01
2.670000e-01  2.864551e-01
2.700000e-01  2.853948e-01
2.730000e-01  2.843484e-01
2.760000e-01  2.833153e-01
2.790000e-01  2.822954e-01
2.820000e-01  2.812883e-01
2.850000e-01  2.802937e-01
2.880000e-01  2.793113e-01
2.910000e-01  2.783409e-01
2.940000e-01  2.773822e-01
2.970000e-01  2.764348e-01
3.000000e-01  2.754987e-01
3.030000e-01  2.745735e-01
3.060000e-01  2.736589e-01
3.090000e-01  2.727549e-01
3.120000e-01  2.718610e-01
3.150000e-01  2.709772e-01
3.180000e-01  2.701032e-01
3.210000e-01  2.692388e-01
3.240000e-01  2.683839e-01
3.270000e-01  2.675381e-01
3.300000e-01  2.667014e-01
3.330000e-01  2.658736e-01
3.360000e-01  2.650545e-01
3.390000e-01  2.642438e-01
3.420000e-01  2.634416e-01
3.450000e-01  2.626475e-01
3.480000e-01  2.618614e-01
3.510000e-01  2.610833e-01
3.540000e-01  2.603129e-01
3.570000e-01  2.595500e-01
3.600000e-01  2.587947e-01
3.630000e-01  2.580466e-01
3.660000e-01  2.573057e-01
3.690000e-01  2.565719e-01
3.720000e-01  2.558451e-01
3.750000e-01  2.551250e-01
3.780000e-01  2.544116e-01
3.810000e-01  2.537048e-01
3.840000e-01  2.530045e-01
3.870000e-01  2.523105e-01
3.900000e-01  2.516227e-01
3.930000e-01  2.509411e-01
3.960000e-01  2.502655e-01
3.990000e-01  2.495958e-01
4.020000e-01  2.489320e-01
4.050000e-01  2.482739e-01
4.080000e-01  2.476215e-01
4.110000e-01  2.469746e-01
4.140000e-01  2.463332e-01
4.170000e-01  2.456972e-01
4.200000e-01  2.450664e-01
4.230000e-01  2.444409e-01
4.260000e-01  2.438205e-01
4.290000e-01  2.432051e-01
4.320000e-01  2.425947e-01
4.350000e-01  2.419892e-01
4.380000e-01  2.413885e-01
4.410000e-01  2.407926e-01
4.440000e-01  2.402014e-01
4.470000e-01  2.396147e-01
4.500000e-01  2.390326e-01
4.530000e-01  2.384550e-01
4.560000e-01  2.378818e-01
4.590000e-01  2.373129e-01
4.620000e-01  2.367483e-01
4.650000e-01  2.361879e-01
4.680000e-01  2.356317e-01
4.710000e-01  2.350796e-01
4.740000e-01  2.345315e-01
4.770000e-01  2.339874e-01
4.800000e-01  2.334473e-01
4.830000e-01  2.329110e-01
4.860000e-01  2.323785e-01
4.890000e-01  2.318499e-01
4.920000e-01  2.313249e-01
4.950000e-01  2.308036e-01
4.980000e-01  2.302859e-01
5.010000e-01  2.297718e-01
5.040000e-01  2.292613e-01
5.070000e-01  2.287542e-01
5.100000e-01  2.282505e-01
5.130000e-01  2.277503e-01
5.160000e-01  2.272534e-01
5.190000e-01  2.267597e-01
5.220000e-01  2.262694e-01
5.250000e-01  2.257822e-01
5.280000e-01  2.252983e-01
5.310000e-01  2.248175e-01
5.340000e-01  2.243398e-01
5.370000e-01  2.238651e-01
5.400000e-01  2.233935e-01
5.430000e-01  2.229248e-01
5.460000e-01  2.224591e-01
5.490000e-01  2.219963e-01
5.520000e-01  2.215364e-01
5.550000e-01  2.210794e-01
5.580000e-01  2.206251e-01
5.610000e-01  2.201736e-01
5.640000e-01  2.197249e-01
5.670000e-01  2.192789e-01
5.700000e-01  2.188355e-01
5.730000e-01  2.183948e-01
5.760000e-01  2.179567e-01
5.790000e-01  2.175212e-01
5.820000e-01  2.170883e-01
5.850000e-01  2.166579e-01
5.880000e-01  2.162300e-01
5.910000e-01  2.158045e-01
5.940000e-01  2.153815e-01
5.970000e-01  2.149609e-01
6.000000e-01  2.145427e-01
6.030000e-01  2.141269e-01
6.060000e-01  2.137134e-01
6.090000e-01  2.133022e-01
6.120000e-01  2.128933e-01
6.150000e-01  2.124866e-01
6.180000e-01  2.120822e-01
6.210000e-01  2.116800e-01
6.240000e-01  2.112800e-01
6.270000e-01  2.108821e-01
6.300000e-01  2.104864e-01
6.330000e-01  2.100928e-01
6.360000e-01  2.097013e-01
6.390000e-01  2.093119e-01
6.420000e-01  2.089245e-01
6.450000e-01  2.085392e-01
6.480000e-01  2.081559e-01
6.510000e-01  2.077745e-01
6.540000e-01  2.073951e-01
6.570000e-01  2.070177e-01
6.600000e-01  2.066422e-01
6.630000e-01  2.062686e-01
6.660000e-01  2.058969e-01
6.690000e-01  2.055271e-01
6.720000e-01  2.051591e-01
6.750000e-01  2.047929e-01
6.780000e-01  2.044286e-01
6.810000e-01  2.040661e-01
6.840000e-01  2.037053e-01
6.870000e-01  2.033463e-01
6.900000e-01  2.029891e-01
6.930000e-01  2.026336e-01
6.960000e-01  2.022797e-01
6.990000e-01  2.019276e-01
7.020000e-01  2.015772e-01
7.050000e-01  2.012284e-01
7.080000e-01  2.008813e-01
7.110000e-01  2.005358e-01
7.140000e-01  2.001919e-01
7.170000e-01  1.998496e-01
7.200000e-01  1.995089e-01
7.230000e-01  1.991698e-01
7.260000e-01  1.988322e-01
7.290000e-01  1.984962e-01
7.320000e-01  1.981617e-01
7.350000e-01  1.978287e-01
7.380000e-01  1.974972e-01
7.410000e-01  1.971672e-01
7.440000e-01  1.968386e-01
7.470000e-01  1.965115e-01
7.500000e-01  1.961859e-01
7.530000e-01  1.958617e-01
7.560000e-01  1.955389e-01
7.590000e-01  1.952175e-01
7.620000e-01  1.948976e-01
7.650000e-01  1.945790e-01
7.680000e-01  1.942617e-01
7.710000e-01  1.939459e-01
7.740000e-01  1.936313e-01
7.770000e-01  1.933181e-01
7.800000e-01  1.930063e-01
7.830000e-01  1.926957e-01
7.860000e-01  1.923865e-01
7.890000e-01  1.920785e-01
7.920000e-01  1.917718e-01
7.950000e-01  1.914664e-01
7.980000e-01  1.911622e-01
8.010000e-01  1.908593e-01
8.040000e-01  1.905576e-01
8.070000e-01  1.902571e-01
8.100000e-01  1.899579e-01
8.130000e-01  1.896598e-01
8.160000e-01  1.893629e-01
8.190000e-01  1.890673e-01
8.220000e-01  1.887728e-01
8.250000e-01  1.884794e-01
8.280000e-01  1.881872e-01
8.310000e-01  1.878962e-01
8.340000e-01  1.876063e-01
8.370000e-01  1.873175e-01
8.400000e-01  1.870299e-01
8.430000e-01  1.867433e-01
8.460000e-01  1.864579e-01
8.490000e-01  1.861735e-01
8.520000e-01  1.858902e-01
8.550000e-01  1.856080e-01
8.580000e-01  1.853269e-01
8.610000e-01  1.850468e-01
8.640000e-01  1.847678e-01
8.670000e-01  1.844898e-01
8.700000e-01  1.842128e-01
8.730000e-01  1.839369e-01
8.760000e-01  1.836619e-01
8.790000e-01  1.833880e-01
8.820000e-01  1.831151e-01
8.850000e-01  1.828431e-01
8.880000e-01  1.825722e-01
8.910000e-01  1.823022e-01
8.940000e-01  1.820332e-01
8.970000e-01  1.817652e-01
9.000000e-01  1.814981e-01
9.030000e-01  1.812320e-01
9.060000e-01  1.809667e-01
9.090000e-01  1.807025e-01
9.120000e-01  1.804391e-01
9.150000e-01  1.801767e-01
9.180000e-01  1.799152e-01
9.210000e-01  1.796546e-01
9.240000e-01  1.793949e-01
9.270000e-01  1.791360e-01
9.300000e-01  1.788781e-01
9.330000e-01  1.786211e-01
9.360000e-01  1.783649e-01
9.390000e-01  1.781095e-01
9.420000e-01  1.778551e-01
9.450000e-01  1.776015e-01
9.480000e-01  1.773487e-01
9.510000e-01  1.770968e-01
9.540000e-01  1.768457e-01
9.570000e-01  1.765954e-01
9.600000e-01  1.763460e-01
9.630000e-01  1.760973e-01
9.660000e-01  1.758495e-01
9.690000e-01  1.756025e-01
9.720000e-01  1.753563e-01
9.750000e-01  1.751109e-01
9.780000e-01  1.748663e-01
9.810000e-01  1.746224e-01
9.840000e-01  1.743793e-01
9.870000e-01  1.741370e-01
9.900000e-01  1.738955e-01
9.930000e-01  1.736547e-01
9.960000e-01  1.734147e-01
9.990000e-01  1.731754e-01
