000000  000001
3.000000e-03  7.841637e-01
6.000000e-03  6.965861e-01
9.000000e-03  6.422569e-01
1.200000e-02  6.033688e-01
1.500000e-02  5.733543e-01
1.800000e-02  5.490721e-01
2.100000e-02  5.287818e-01
2.400000e-02  5.114214e-01
2.700000e-02  4.962968e-01
3.000000e-02  4.829304e-01
3.300000e-02  4.709805e-01
3.600000e-02  4.601940e-01
3.900000e-02  4.503789e-01
4.200000e-02  4.413861e-01
4.500000e-02  4.330976e-01
4.800000e-02  4.254186e-01
5.100000e-02  4.182717e-01
5.400000e-02  4.115931e-01
5.700000e-02  4.053295e-01
6.000000e-02  3.994360e-01
6.300000e-02  3.938744e-01
6.600000e-02  3.886120e-01
6.900000e-02  3.836207e-01
7.200000e-02  3.788758e-01
7.500000e-02  3.743559e-01
7.800000e-02  3.700423e-01
8.100000e-02  3.659183e-01
8.400000e-02  3.619692e-01
8.700000e-02  3.581818e-01
9.000000e-02  3.545443e-01
9.300000e-02  3.510463e-01
9.600000e-02  3.476782e-01
9.900000e-02  3.444314e-01
1.020000e-01  3.412981e-01
1.050000e-01  3.382713e-01
1.080000e-01  3.353445e-01
1.110000e-01  3.325116e-01
1.140000e-01  3.297675e-01
1.170000e-01  3.271070e-01
1.200000e-01  3.245256e-01
1.230000e-01  3.220190e-01
1.260000e-01  3.195835e-01
1.290000e-01  3.172152e-01
1.320000e-01  3.149109e-01
1.350000e-01  3.126675e-01
1.380000e-01  3.104820e-01
1.410000e-01  3.083518e-01
1.440000e-01  3.062743e-01
1.470000e-01  3.042472e-01
1.500000e-01  3.022681e-01
1.530000e-01  3.003352e-01
1.560000e-01  2.984464e-01
1.590000e-01  2.965999e-01
1.620000e-01  2.947939e-01
1.650000e-01  2.930269e-01
1.680000e-01  2.912973e-01
1.710000e-01  2.896037e-01
1.740000e-01  2.879446e-01
1.770000e-01  2.863189e-01
1.800000e-01  2.847253e-01
1.830000e-01  2.831626e-01
1.860000e-01  2.816297e-01
1.890000e-01  2.801256e-01
1.920000e-01  2.786493e-01
1.950000e-01  2.771999e-01
1.980000e-01  2.757764e-01
2.010000e-01  2.743780e-01
2.040000e-01  2.730039e-01
2.070000e-01  2.716533e-01
2.100000e-01  2.703254e-01
2.130000e-01  2.690197e-01
2.160000e-01  2.677353e-01
2.190000e-01  2.664716e-01
2.220000e-01  2.652280e-01
2.250000e-01  2.640040e-01
2.280000e-01  2.627989e-01
2.310000e-01  2.616122e-01
2.340000e-01  2.604435e-01
2.370000e-01  2.592921e-01
2.400000e-01  2.581576e-01
2.430000e-01  2.570395e-01
2.460000e-01  2.559375e-01
2.490000e-01  2.548510e-01
2.520000e-01  2.537797e-01
2.550000e-01  2.527232e-01
2.580000e-01  2.516810e-01
2.610000e-01  2.506529e-01
2.640000e-01  2.496384e-01
2.670000e-01  2.486373e-01
2.700000e-01  2.476492e-01
2.730000e-01  2.466737e-01
2.760000e-01  2.457106e-01
2.790000e-01  2.447597e-01
2.820000e-01  2.438205e-01
2.850000e-01  2.428928e-01
2.880000e-01  2.419764e-01
2.910000e-01  2.410710e-01
2.940000e-01  2.401763e-01
2.970000e-01  2.392921e-01
3.000000e-01  2.384183e-01
3.030000e-01  2.375544e-01
3.060000e-01  2.367004e-01
3.090000e-01  2.358561e-01
3.120000e-01  2.350211e-01
3.150000e-01  2.341953e-01
3.180000e-01  2.333786e-01
3.210000e-01  2.325707e-01
3.240000e-01  2.317714e-01
3.270000e-01  2.309807e-01
3.300000e-01  2.301982e-01
3.330000e-01  2.294238e-01
3.360000e-01  2.286575e-01
3.390000e-01  2.278989e-01
3.420000e-01  2.271481e-01
3.450000e-01  2.264047e-01
3.480000e-01  2.256687e-01
3.510000e-01  2.249399e-01
3.540000e-01  2.242183e-01
3.570000e-01  2.235036e-01
3.600000e-01  2.227957e-01
3.630000e-01  2.220945e-01
3.660000e-01  2.214000e-01
3.690000e-01  2.207119e-01
3.720000e-01  2.200301e-01
3.750000e-01  2.193546e-01
3.780000e-01  2.186852e-01
3.810000e-01  2.180218e-01
3.840000e-01  2.173643e-01
3.870000e-01  2.167127e-01
3.900000e-01  2.160667e-01
3.930000e-01  2.154264e-01
3.960000e-01  2.147916e-01
3.990000e-01  2.141622e-01
4.020000e-01  2.135381e-01
4.050000e-01  2.129193e-01
4.080000e-01  2.123056e-01
4.110000e-01  2.116971e-01
4.140000e-01  2.110935e-01
4.170000e-01  2.104948e-01
4.200000e-01  2.099010e-01
4.230000e-01  2.093119e-01
4.260000e-01  2.087275e-01
4.290000e-01  2.081477e-01
4.320000e-01  2.075725e-01
4.350000e-01  2.070017e-01
4.380000e-01  2.064353e-01
4.410000e-01  2.058732e-01
4.440000e-01  2.053155e-01
4.470000e-01  2.047619e-01
4.500000e-01  2.042124e-01
4.530000e-01  2.036670e-01
4.560000e-01  2.031257e-01
4.590000e-01  2.025883e-01
4.620000e-01  2.020548e-01
4.650000e-01  2.015251e-01
4.680000e-01  2.009993e-01
4.710000e-01  2.004771e-01
4.740000e-01  1.999587e-01
4.770000e-01  1.994438e-01
4.800000e-01  1.989326e-01
4.830000e-01  1.984249e-01
4.860000e-01  1.979206e-01
4.890000e-01  1.974198e-01
4.920000e-01  1.969224e-01
4.950000e-01  1.964283e-01
4.980000e-01  1.959375e-01
5.010000e-01  1.954499e-01
5.040000e-01  1.949655e-01
5.070000e-01  1.944843e-01
5.100000e-01  1.940062e-01
5.130000e-01  1.935312e-01
5.160000e-01  1.930593e-01
5.190000e-01  1.925903e-01
5.220000e-01  1.921243e-01
5.250000e-01  1.916612e-01
5.280000e-01  1.912009e-01
5.310000e-01  1.907436e-01
5.340000e-01  1.902890e-01
5.370000e-01  1.898372e-01
5.400000e-01  1.893882e-01
5.430000e-01  1.889418e-01
5.460000e-01  1.884981e-01
5.490000e-01  1.880571e-01
5.520000e-01  1.876186e-01
5.550000e-01  1.871827e-01
5.580000e-01  1.867494e-01
5.610000e-01  1.863186e-01
5.640000e-01  1.858902e-01
5.670000e-01  1.854643e-01
5.700000e-01  1.850409e-01
5.730000e-01  1.846198e-01
5.760000e-01  1.842010e-01
5.790000e-01  1.837846e-01
5.820000e-01  1.833706e-01
5.850000e-01  1.829587e-01
5.880000e-01  1.825492e-01
5.910000e-01  1.821419e-01
5.940000e-01  1.817367e-01
5.970000e-01  1.813338e-01
6.000000e-01  1.809330e-01
6.030000e-01  1.805343e-01
6.060000e-01  1.801377e-01
6.090000e-01  1.797432e-01
6.120000e-01  1.793508e-01
6.150000e-01  1.789603e-01
6.180000e-01  1.785719e-01
6.210000e-01  1.781855e-01
6.240000e-01  1.778010e-01
6.270000e-01  1.774185e-01
6.300000e-01  1.770379e-01
6.330000e-01  1.766592e-01
6.360000e-01  1.762824e-01
6.390000e-01  1.759075e-01
6.420000e-01  1.755344e-01
6.450000e-01  1.751631e-01
6.480000e-01  1.747935e-01
6.510000e-01  1.744258e-01
6.540000e-01  1.740599e-01
6.570000e-01  1.736956e-01
6.600000e-01  1.733332e-01
6.630000e-01  1.729724e-01
6.660000e-01  1.726133e-01
6.690000e-01  1.722558e-01
6.720000e-01  1.719000e-01
6.750000e-01  1.715459e-01
6.780000e-01  1.711934e-01
6.810000e-01  1.708425e-01
6.840000e-01  1.704931e-01
6.870000e-01  1.701454e-01
6.900000e-01  1.697991e-01
6.930000e-01  1.694545e-01
6.960000e-01  1.691113e-01
6.990000e-01  1.687697e-01
7.020000e-01  1.684295e-01
7.050000e-01  1.680908e-01
7.080000e-01  1.677536e-01
7.110000e-01  1.674178e-01
7.140000e-01  1.670835e-01
7.170000e-01  1.667506e-01
7.200000e-01  1.664190e-01
7.230000e-01  1.660889e-01
7.260000e-01  1.657601e-01
7.290000e-01  1.654328e-01
7.320000e-01  1.651067e-01
7.350000e-01  1.647820e-01
7.380000e-01  1.644586e-01
7.410000e-01  1.641366e-01
7.440000e-01  1.638158e-01
7.470000e-01  1.634963e-01
7.500000e-01  1.631781e-01
7.530000e-01  1.628612e-01
7.560000e-01  1.625455e-01
7.590000e-01  1.622310e-01
7.620000e-01  1.619177e-01
7.650000e-01  1.616057e-01
7.680000e-01  1.612949e-01
7.710000e-01  1.609853e-01
7.740000e-01  1.606768e-01
7.770000e-01  1.603695e-01
7.800000e-01  1.600634e-01
7.830000e-01  1.597585e-01
7.860000e-01  1.594546e-01
7.890000e-01  1.591519e-01
7.920000e-01  1.588503e-01
7.950000e-01  1.585498e-01
7.980000e-01  1.582504e-01
8.010000e-01  1.579521e-01
8.040000e-01  1.576549e-01
8.070000e-01  1.573587e-01
8.100000e-01  1.570636e-01
8.130000e-01  1.567695e-01
8.160000e-01  1.564765e-01
8.190000e-01  1.561845e-01
8.220000e-01  1.558935e-01
8.250000e-01  1.556035e-01
8.280000e-01  1.553145e-01
8.310000e-01  1.550265e-01
8.340000e-01  1.547395e-01
8.370000e-01  1.544535e-01
8.400000e-01  1.541684e-01
8.430000e-01  1.538843e-01
8.460000e-01  1.536011e-01
8.490000e-01  1.533189e-01
8.520000e-01  1.530376e-01
8.550000e-01  1.527572e-01
8.580000e-01  1.524778e-01
8.610000e-01  1.521992e-01
8.640000e-01  1.519215e-01
8.670000e-01  1.516448e-01
8.700000e-01  1.513689e-01
8.730000e-01  1.510938e-01
8.760000e-01  1.508197e-01
8.790000e-01  1.505464e-01
8.820000e-01  1.502740e-01
8.850000e-01  1.500023e-01
8.880000e-01  1.497316e-01
8.910000e-01  1.494617e-01
8.940000e-01  1.491925e-01
8.970000e-01  1.489242e-01
9.000000e-01  1.486568e-01
9.030000e-01  1.483900e-01
9.060000e-01  1.481242e-01
9.090000e-01  1.478590e-01
9.120000e-01  1.475947e-01
9.150000e-01  1.473312e-01
9.180000e-01  1.470684e-01
9.210000e-01  1.468063e-01
9.240000e-01  1.465450e-01
9.270000e-01  1.462845e-01
9.300000e-01  1.460247e-01
9.330000e-01  1.457656e-01
9.360000e-01  1.455073e-01
9.390000e-01  1.452497e-01
9.420000e-01  1.449928e-01
9.450000e-01  1.447366e-01
9.480000e-01  1.444811e-01
9.510000e-01  1.442263e-01
9.540000e-01  1.439722e-01
9.570000e-01  1.437188e-01
9.600000e-01  1.434660e-01
9.630000e-01  1.432139e-01
9.660000e-01  1.429625e-01
9.690000e-01  1.427118e-01
9.720000e-01  1.424617e-01
9.750000e-01  1.422123e-01
9.780000e-01  1.419635e-01
9.810000e-01  1.417153e-01
9.840000e-01  1.414678e-01
9.870000e-01  1.412209e-01
9.900000e-01  1.409746e-01
9.930000e-01  1.407289e-01
9.960000e-01  1.404839e-01
9.990000e-01  1.402394e-01
