000000  000001
3.000000e-03  7.550630e-01
6.000000e-03  6.646634e-01
9.000000e-03  6.099128e-01
1.200000e-02  5.712015e-01
1.500000e-02  5.415530e-01
1.800000e-02  5.176956e-01
2.100000e-02  4.978399e-01
2.400000e-02  4.809039e-01
2.700000e-02  4.661857e-01
3.000000e-02  4.532049e-01
3.300000e-02  4.416194e-01
3.600000e-02  4.311768e-01
3.900000e-02  4.216864e-01
4.200000e-02  4.130002e-01
4.500000e-02  4.050018e-01
4.800000e-02  3.975975e-01
5.100000e-02  3.907113e-01
5.400000e-02  3.842803e-01
5.700000e-02  3.782523e-01
6.000000e-02  3.725833e-01
6.300000e-02  3.672360e-01
6.600000e-02  3.621784e-01
6.900000e-02  3.573830e-01
7.200000e-02  3.528258e-01
7.500000e-02  3.484860e-01
7.800000e-02  3.443453e-01
8.100000e-02  3.403875e-01
8.400000e-02  3.365982e-01
8.700000e-02  3.329649e-01
9.000000e-02  3.294759e-01
9.300000e-02  3.261212e-01
9.600000e-02  3.228914e-01
9.900000e-02  3.197784e-01
1.020000e-01  3.167744e-01
1.050000e-01  3.138728e-01
1.080000e-01  3.110671e-01
1.110000e-01  3.083518e-01
1.140000e-01  3.057215e-01
1.170000e-01  3.031716e-01
1.200000e-01  3.006975e-01
1.230000e-01  2.982951e-01
1.260000e-01  2.959608e-01
1.290000e-01  2.936910e-01
1.320000e-01  2.914825e-01
1.350000e-01  2.893323e-01
1.380000e-01  2.872376e-01
1.410000e-01  2.851958e-01
1.440000e-01  2.832044e-01
1.470000e-01  2.812612e-01
1.500000e-01  2.793641e-01
1.530000e-01  2.775110e-01
1.560000e-01  2.757002e-01
1.590000e-01  2.739297e-01
1.620000e-01  2.721980e-01
1.650000e-01  2.705036e-01
1.680000e-01  2.688449e-01
1.710000e-01  2.672205e-01
1.740000e-01  2.656292e-01
1.770000e-01  2.640697e-01
1.800000e-01  2.625408e-01
1.830000e-01  2.610414e-01
1.860000e-01  2.595706e-01
1.890000e-01  2.581271e-01
1.920000e-01  2.567102e-01
1.950000e-01  2.553190e-01
1.980000e-01  2.539524e-01
2.010000e-01  2.526098e-01
2.040000e-01  2.512904e-01
2.070000e-01  2.499933e-01
2.100000e-01  2.487180e-01
2.130000e-01  2.474637e-01
2.160000e-01  2.462297e-01
2.190000e-01  2.450155e-01
2.220000e-01  2.438205e-01
2.250000e-01  2.426440e-01
2.280000e-01  2.414856e-01
2.310000e-01  2.403448e-01
2.340000e-01  2.392209e-01
2.370000e-01  2.381136e-01
2.400000e-01  2.370224e-01
2.430000e-01  2.359469e-01
2.460000e-01  2.348866e-01
2.490000e-01  2.338411e-01
2.520000e-01  2.328100e-01
2.550000e-01  2.317929e-01
2.580000e-01  2.307896e-01
2.610000e-01  2.297995e-01
2.640000e-01  2.288225e-01
2.670000e-01  2.278582e-01
2.700000e-01  2.269061e-01
2.730000e-01  2.259662e-01
2.760000e-01  2.250380e-01
2.790000e-01  2.241213e-01
2.820000e-01  2.232158e-01
2.850000e-01  2.223212e-01
2.880000e-01  2.214374e-01
2.910000e-01  2.205639e-01
2.940000e-01  2.197007e-01
2.970000e-01  2.188475e-01
3.000000e-01  2.180039e-01
3.030000e-01  2.171700e-01
3.060000e-01  2.163454e-01
3.090000e-01  2.155298e-01
3.120000e-01  2.147233e-01
3.150000e-01  2.139254e-01
3.180000e-01  2.131361e-01
3.210000e-01  2.123552e-01
3.240000e-01  2.115825e-01
3.270000e-01  2.108178e-01
3.300000e-01  2.100610e-01
3.330000e-01  2.093119e-01
3.360000e-01  2.085704e-01
3.390000e-01  2.078362e-01
3.420000e-01  2.071093e-01
3.450000e-01  2.063896e-01
3.480000e-01  2.056768e-01
3.510000e-01  2.049708e-01
3.540000e-01  2.042716e-01
3.570000e-01  2.035790e-01
3.600000e-01  2.028928e-01
3.630000e-01  2.022130e-01
3.660000e-01  2.015394e-01
3.690000e-01  2.008719e-01
3.720000e-01  2.002104e-01
3.750000e-01  1.995549e-01
3.780000e-01  1.989050e-01
3.810000e-01  1.982610e-01
3.840000e-01  1.976224e-01
3.870000e-01  1.969894e-01
3.900000e-01  1.963618e-01
3.930000e-01  1.957394e-01
3.960000e-01  1.951223e-01
3.990000e-01  1.945103e-01
4.020000e-01  1.939033e-01
4.050000e-01  1.933012e-01
4.080000e-01  1.927041e-01
4.110000e-01  1.921117e-01
4.140000e-01  1.915240e-01
4.170000e-01  1.909410e-01
4.200000e-01  1.903625e-01
4.230000e-01  1.897885e-01
4.260000e-01  1.892189e-01
4.290000e-01  1.886537e-01
4.320000e-01  1.880927e-01
4.350000e-01  1.875360e-01
4.380000e-01  1.869833e-01
4.410000e-01  1.864348e-01
4.440000e-01  1.858902e-01
4.470000e-01  1.853496e-01
4.500000e-01  1.848129e-01
4.530000e-01  1.842801e-01
4.560000e-01  1.837510e-01
4.590000e-01  1.832256e-01
4.620000e-01  1.827039e-01
4.650000e-01  1.821858e-01
4.680000e-01  1.816712e-01
4.710000e-01  1.811602e-01
4.740000e-01  1.806526e-01
4.770000e-01  1.801484e-01
4.800000e-01  1.796476e-01
4.830000e-01  1.791500e-01
4.860000e-01  1.786557e-01
4.890000e-01  1.781647e-01
4.920000e-01  1.776768e-01
4.950000e-01  1.771920e-01
4.980000e-01  1.767103e-01
5.010000e-01  1.762317e-01
5.040000e-01  1.757560e-01
5.070000e-01  1.752833e-01
5.100000e-01  1.748135e-01
5.130000e-01  1.743466e-01
5.160000e-01  1.738825e-01
5.190000e-01  1.734212e-01
5.220000e-01  1.729626e-01
5.250000e-01  1.725068e-01
5.280000e-01  1.720537e-01
5.310000e-01  1.716032e-01
5.340000e-01  1.711554e-01
5.370000e-01  1.707101e-01
5.400000e-01  1.702674e-01
5.430000e-01  1.698272e-01
5.460000e-01  1.693894e-01
5.490000e-01  1.689541e-01
5.520000e-01  1.685213e-01
5.550000e-01  1.680908e-01
5.580000e-01  1.676627e-01
5.610000e-01  1.672369e-01
5.640000e-01  1.668134e-01
5.670000e-01  1.663922e-01
5.700000e-01  1.659732e-01
5.730000e-01  1.655565e-01
5.760000e-01  1.651419e-01
5.790000e-01  1.647295e-01
5.820000e-01  1.643192e-01
5.850000e-01  1.639110e-01
5.880000e-01  1.635049e-01
5.910000e-01  1.631009e-01
5.940000e-01  1.626989e-01
5.970000e-01  1.622989e-01
6.000000e-01  1.619008e-01
6.030000e-01  1.615048e-01
6.060000e-01  1.611107e-01
6.090000e-01  1.607184e-01
6.120000e-01  1.603281e-01
6.150000e-01  1.599396e-01
6.180000e-01  1.595530e-01
6.210000e-01  1.591682e-01
6.240000e-01  1.587852e-01
6.270000e-01  1.584040e-01
6.300000e-01  1.580246e-01
6.330000e-01  1.576469e-01
6.360000e-01  1.572708e-01
6.390000e-01  1.568965e-01
6.420000e-01  1.565239e-01
6.450000e-01  1.561530e-01
6.480000e-01  1.557836e-01
6.510000e-01  1.554159e-01
6.540000e-01  1.550499e-01
6.570000e-01  1.546853e-01
6.600000e-01  1.543224e-01
6.630000e-01  1.539610e-01
6.660000e-01  1.536011e-01
6.690000e-01  1.532428e-01
6.720000e-01  1.528859e-01
6.750000e-01  1.525306e-01
6.780000e-01  1.521766e-01
6.810000e-01  1.518242e-01
6.840000e-01  1.514731e-01
6.870000e-01  1.511235e-01
6.900000e-01  1.507753e-01
6.930000e-01  1.504285e-01
6.960000e-01  1.500830e-01
6.990000e-01  1.497389e-01
7.020000e-01  1.493961e-01
7.050000e-01  1.490547e-01
7.080000e-01  1.487145e-01
7.110000e-01  1.483757e-01
7.140000e-01  1.480381e-01
7.170000e-01  1.477018e-01
7.200000e-01  1.473667e-01
7.230000e-01  1.470329e-01
7.260000e-01  1.467003e-01
7.290000e-01  1.463689e-01
7.320000e-01  1.460387e-01
7.350000e-01  1.457097e-01
7.380000e-01  1.453819e-01
7.410000e-01  1.450552e-01
7.440000e-01  1.447297e-01
7.470000e-01  1.444053e-01
7.500000e-01  1.440820e-01
7.530000e-01  1.437598e-01
7.560000e-01  1.434387e-01
7.590000e-01  1.431187e-01
7.620000e-01  1.427998e-01
7.650000e-01  1.424820e-01
7.680000e-01  1.421651e-01
7.710000e-01  1.418494e-01
7.740000e-01  1.415346e-01
7.770000e-01  1.412209e-01
7.800000e-01  1.409081e-01
7.830000e-01  1.405964e-01
7.860000e-01  1.402856e-01
7.890000e-01  1.399758e-01
7.920000e-01  1.396670e-01
7.950000e-01  1.393591e-01
7.980000e-01  1.390521e-01
8.010000e-01  1.387461e-01
8.040000e-01  1.384410e-01
8.070000e-01  1.381368e-01
8.100000e-01  1.378335e-01
8.130000e-01  1.375311e-01
8.160000e-01  1.372295e-01
8.190000e-01  1.369288e-01
8.220000e-01  1.366290e-01
8.250000e-01  1.363300e-01
8.280000e-01  1.360319e-01
8.310000e-01  1.357346e-01
8.340000e-01  1.354381e-01
8.370000e-01  1.351424e-01
8.400000e-01  1.348475e-01
8.430000e-01  1.345534e-01
8.460000e-01  1.342601e-01
8.490000e-01  1.339675e-01
8.520000e-01  1.336757e-01
8.550000e-01  1.333847e-01
8.580000e-01  1.330944e-01
8.610000e-01  1.328049e-01
8.640000e-01  1.325160e-01
8.670000e-01  1.322279e-01
8.700000e-01  1.319405e-01
8.730000e-01  1.316538e-01
8.760000e-01  1.313678e-01
8.790000e-01  1.310825e-01
8.820000e-01  1.307978e-01
8.850000e-01  1.305138e-01
8.880000e-01  1.302305e-01
8.910000e-01  1.299478e-01
8.940000e-01  1.296658e-01
8.970000e-01  1.293844e-01
9.000000e-01  1.291036e-01
9.030000e-01  1.288235e-01
9.060000e-01  1.285439e-01
9.090000e-01  1.282650e-01
9.120000e-01  1.279866e-01
9.150000e-01  1.277088e-01
9.180000e-01  1.274316e-01
9.210000e-01  1.271550e-01
9.240000e-01  1.268789e-01
9.270000e-01  1.266034e-01
9.300000e-01  1.263285e-01
9.330000e-01  1.260540e-01
9.360000e-01  1.257801e-01
9.390000e-01  1.255068e-01
9.420000e-01  1.252339e-01
9.450000e-01  1.249616e-01
9.480000e-01  1.246897e-01
9.510000e-01  1.244183e-01
9.540000e-01  1.241475e-01
9.570000e-01  1.238771e-01
9.600000e-01  1.236071e-01
9.630000e-01  1.233377e-01
9.660000e-01  1.230687e-01
9.690000e-01  1.228001e-01
9.720000e-01  1.225320e-01
9.750000e-01  1.222643e-01
9.780000e-01  1.219970e-01
9.810000e-01  1.217301e-01
9.840000e-01  1.214637e-01
9.870000e-01  1.211976e-01
9.900000e-01  1.209320e-01
9.930000e-01  1.206667e-01
9.960000e-01  1.204018e-01
9.990000e-01  1.201373e-01
