000000  000001
3.000000e-03  5.944725e-01
6.000000e-03  5.029288e-01
9.000000e-03  4.520984e-01
1.200000e-02  4.176461e-01
1.500000e-02  3.919278e-01
1.800000e-02  3.715881e-01
2.100000e-02  3.548691e-01
2.400000e-02  3.407401e-01
2.700000e-02  3.285481e-01
3.000000e-02  3.178546e-01
3.300000e-02  3.083518e-01
3.600000e-02  2.998158e-01
3.900000e-02  2.920789e-01
4.200000e-02  2.850127e-01
4.500000e-02  2.785165e-01
4.800000e-02  2.725101e-01
5.100000e-02  2.669287e-01
5.400000e-02  2.617194e-01
5.700000e-02  2.568380e-01
6.000000e-02  2.522477e-01
6.300000e-02  2.479174e-01
6.600000e-02  2.438205e-01
6.900000e-02  2.399341e-01
7.200000e-02  2.362387e-01
7.500000e-02  2.327169e-01
7.800000e-02  2.293539e-01
8.100000e-02  2.261362e-01
8.400000e-02  2.230523e-01
8.700000e-02  2.200918e-01
9.000000e-02  2.172454e-01
9.300000e-02  2.145048e-01
9.600000e-02  2.118626e-01
9.900000e-02  2.093119e-01
1.020000e-01  2.068468e-01
1.050000e-01  2.044617e-01
1.080000e-01  2.021515e-01
1.110000e-01  1.999117e-01
1.140000e-01  1.977381e-01
1.170000e-01  1.956268e-01
1.200000e-01  1.935743e-01
1.230000e-01  1.915773e-01
1.260000e-01  1.896328e-01
1.290000e-01  1.877379e-01
1.320000e-01  1.858902e-01
1.350000e-01  1.840872e-01
1.380000e-01  1.823267e-01
1.410000e-01  1.806066e-01
1.440000e-01  1.789249e-01
1.470000e-01  1.772799e-01
1.500000e-01  1.756698e-01
1.530000e-01  1.740931e-01
1.560000e-01  1.725482e-01
1.590000e-01  1.710337e-01
1.620000e-01  1.695483e-01
1.650000e-01  1.680908e-01
1.680000e-01  1.666600e-01
1.710000e-01  1.652548e-01
1.740000e-01  1.638740e-01
1.770000e-01  1.625168e-01
1.800000e-01  1.611822e-01
1.830000e-01  1.598692e-01
1.860000e-01  1.585771e-01
1.890000e-01  1.573050e-01
1.920000e-01  1.560521e-01
1.950000e-01  1.548177e-01
1.980000e-01  1.536011e-01
2.010000e-01  1.524017e-01
2.040000e-01  1.512187e-01
2.070000e-01  1.500517e-01
2.100000e-01  1.488999e-01
2.130000e-01  1.477628e-01
2.160000e-01  1.466400e-01
2.190000e-01  1.455308e-01
2.220000e-01  1.444347e-01
2.250000e-01  1.433514e-01
2.280000e-01  1.422802e-01
2.310000e-01  1.412209e-01
2.340000e-01  1.401729e-01
2.370000e-01  1.391358e-01
2.400000e-01  1.381092e-01
2.430000e-01  1.370927e-01
2.460000e-01  1.360860e-01
2.490000e-01  1.350887e-01
2.520000e-01  1.341004e-01
2.550000e-01  1.331208e-01
2.580000e-01  1.321495e-01
2.610000e-01  1.311862e-01
2.640000e-01  1.302305e-01
2.670000e-01  1.292822e-01
2.700000e-01  1.283410e-01
2.730000e-01  1.274065e-01
2.760000e-01  1.264784e-01
2.790000e-01  1.255564e-01
2.820000e-01  1.246403e-01
2.850000e-01  1.237298e-01
2.880000e-01  1.228245e-01
2.910000e-01  1.219242e-01
2.940000e-01  1.210286e-01
2.970000e-01  1.201373e-01
3.000000e-01  1.192503e-01
3.030000e-01  1.183670e-01
3.060000e-01  1.174874e-01
3.090000e-01  1.166110e-01
3.120000e-01  1.157376e-01
3.150000e-01  1.148669e-01
3.180000e-01  1.139986e-01
3.210000e-01  1.131324e-01
3.240000e-01  1.122681e-01
3.270000e-01  1.114052e-01
3.300000e-01  1.105435e-01
3.330000e-01  1.096826e-01
3.360000e-01  1.088222e-01
3.390000e-01  000000
3.420000e-01  000000
3.450000e-01  000000
3.480000e-01  000000
3.510000e-01  000000
3.540000e-01  000000
3.570000e-01  000000
3.600000e-01  000000
3.630000e-01  000000
3.660000e-01  000000
3.690000e-01  000000
3.720000e-01  000000
3.750000e-01  000000
3.780000e-01  000000
3.810000e-01  000000
3.840000e-01  000000
3.870000e-01  000000
3.900000e-01  000000
3.930000e-01  000000
3.960000e-01  000000
3.990000e-01  000000
4.020000e-01  000000
4.050000e-01  000000
4.080000e-01  000000
4.110000e-01  000000
4.140000e-01  000000
4.170000e-01  000000
4.200000e-01  000000
4.230000e-01  000000
4.260000e-01  000000
4.290000e-01  000000
4.320000e-01  000000
4.350000e-01  000000
4.380000e-01  000000
4.410000e-01  000000
4.440000e-01  000000
4.470000e-01  000000
4.500000e-01  000000
4.530000e-01  000000
4.560000e-01  000000
4.590000e-01  000000
4.620000e-01  000000
4.650000e-01  000000
4.680000e-01  000000
4.710000e-01  000000
4.740000e-01  000000
4.770000e-01  000000
4.800000e-01  000000
4.830000e-01  000000
4.860000e-01  000000
4.890000e-01  000000
4.920000e-01  000000
4.950000e-01  000000
4.980000e-01  000000
5.010000e-01  000000
5.040000e-01  000000
5.070000e-01  000000
5.100000e-01  000000
5.130000e-01  000000
5.160000e-01  000000
5.190000e-01  000000
5.220000e-01  000000
5.250000e-01  000000
5.280000e-01  000000
5.310000e-01  000000
5.340000e-01  000000
5.370000e-01  000000
5.400000e-01  000000
5.430000e-01  000000
5.460000e-01  000000
5.490000e-01  000000
5.520000e-01  000000
5.550000e-01  000000
5.580000e-01  000000
5.610000e-01  000000
5.640000e-01  000000
5.670000e-01  000000
5.700000e-01  000000
5.730000e-01  000000
5.760000e-01  000000
5.790000e-01  000000
5.820000e-01  000000
5.850000e-01  000000
5.880000e-01  000000
5.910000e-01  000000
5.940000e-01  000000
5.970000e-01  000000
6.000000e-01  000000
6.030000e-01  000000
6.060000e-01  000000
6.090000e-01  000000
6.120000e-01  000000
6.150000e-01  000000
6.180000e-01  000000
6.210000e-01  000000
6.240000e-01  000000
6.270000e-01  000000
6.300000e-01  000000
6.330000e-01  000000
6.360000e-01  000000
6.390000e-01  000000
6.420000e-01  000000
6.450000e-01  000000
6.480000e-01  000000
6.510000e-01  000000
6.540000e-01  000000
6.570000e-01  000000
6.600000e-01  000000
6.630000e-01  000000
6.660000e-01  000000
6.690000e-01  000000
6.720000e-01  000000
6.750000e-01  000000
6.780000e-01  000000
6.810000e-01  000000
6.840000e-01  000000
6.870000e-01  000000
6.900000e-01  000000
6.930000e-01  000000
6.960000e-01  000000
6.990000e-01  000000
7.020000e-01  000000
7.050000e-01  000000
7.080000e-01  000000
7.110000e-01  000000
7.140000e-01  000000
7.170000e-01  000000
7.200000e-01  000000
7.230000e-01  000000
7.260000e-01  000000
7.290000e-01  000000
7.320000e-01  000000
7.350000e-01  000000
7.380000e-01  000000
7.410000e-01  000000
7.440000e-01  000000
7.470000e-01  000000
7.500000e-01  000000
7.530000e-01  000000
7.560000e-01  000000
7.590000e-01  000000
7.620000e-01  000000
7.650000e-01  000000
7.680000e-01  000000
7.710000e-01  000000
7.740000e-01  000000
7.770000e-01  000000
7.800000e-01  000000
7.830000e-01  000000
7.860000e-01  000000
7.890000e-01  000000
7.920000e-01  000000
7.950000e-01  000000
7.980000e-01  000000
8.010000e-01  000000
8.040000e-01  000000
8.070000e-01  000000
8.100000e-01  000000
8.130000e-01  000000
8.160000e-01  000000
8.190000e-01  000000
8.220000e-01  000000
8.250000e-01  000000
8.280000e-01  000000
8.310000e-01  000000
8.340000e-01  000000
8.370000e-01  000000
8.400000e-01  000000
8.430000e-01  000000
8.460000e-01  000000
8.490000e-01  000000
8.520000e-01  000000
8.550000e-01  000000
8.580000e-01  000000
8.610000e-01  000000
8.640000e-01  000000
8.670000e-01  000000
8.700000e-01  000000
8.730000e-01  000000
8.760000e-01  000000
8.790000e-01  000000
8.820000e-01  000000
8.850000e-01  000000
8.880000e-01  000000
8.910000e-01  000000
8.940000e-01  000000
8.970000e-01  000000
9.000000e-01  000000
9.030000e-01  000000
9.060000e-01  000000
9.090000e-01  000000
9.120000e-01  000000
9.150000e-01  000000
9.180000e-01  000000
9.210000e-01  000000
9.240000e-01  000000
9.270000e-01  000000
9.300000e-01  000000
9.330000e-01  000000
9.360000e-01  000000
9.390000e-01  000000
9.420000e-01  000000
9.450000e-01  000000
9.480000e-01  000000
9.510000e-01  000000
9.540000e-01  000000
9.570000e-01  000000
9.600000e-01  000000
9.630000e-01  000000
9.660000e-01  000000
9.690000e-01  000000
9.720000e-01  000000
9.750000e-01  000000
9.780000e-01  000000
9.810000e-01  000000
9.840000e-01  000000
9.870000e-01  000000
9.900000e-01  000000
9.930000e-01  000000
9.960000e-01  000000
9.990000e-01  000000
