000000  000001
3.000000e-03  8.408339e-01
6.000000e-03  7.623757e-01
9.000000e-03  7.107322e-01
1.200000e-02  6.725851e-01
1.500000e-02  6.425440e-01
1.800000e-02  6.178927e-01
2.100000e-02  5.970730e-01
2.400000e-02  5.791103e-01
2.700000e-02  5.633550e-01
3.000000e-02  5.493535e-01
3.300000e-02  5.367768e-01
3.600000e-02  5.253790e-01
3.900000e-02  5.149715e-01
4.200000e-02  5.054070e-01
4.500000e-02  4.965680e-01
4.800000e-02  4.883596e-01
5.100000e-02  4.807037e-01
5.400000e-02  4.735359e-01
5.700000e-02  4.668019e-01
6.000000e-02  4.604560e-01
6.300000e-02  4.544591e-01
6.600000e-02  4.487774e-01
6.900000e-02  4.433820e-01
7.200000e-02  4.382475e-01
7.500000e-02  4.333517e-01
7.800000e-02  4.286750e-01
8.100000e-02  4.242001e-01
8.400000e-02  4.199116e-01
8.700000e-02  4.157958e-01
9.000000e-02  4.118404e-01
9.300000e-02  4.080342e-01
9.600000e-02  4.043673e-01
9.900000e-02  4.008306e-01
1.020000e-01  3.974159e-01
1.050000e-01  3.941158e-01
1.080000e-01  3.909232e-01
1.110000e-01  3.878321e-01
1.140000e-01  3.848367e-01
1.170000e-01  3.819316e-01
1.200000e-01  3.791119e-01
1.230000e-01  3.763733e-01
1.260000e-01  3.737115e-01
1.290000e-01  3.711227e-01
1.320000e-01  3.686033e-01
1.350000e-01  3.661499e-01
1.380000e-01  3.637594e-01
1.410000e-01  3.614290e-01
1.440000e-01  3.591559e-01
1.470000e-01  3.569376e-01
1.500000e-01  3.547717e-01
1.530000e-01  3.526561e-01
1.560000e-01  3.505885e-01
1.590000e-01  3.485670e-01
1.620000e-01  3.465898e-01
1.650000e-01  3.446551e-01
1.680000e-01  3.427613e-01
1.710000e-01  3.409068e-01
1.740000e-01  3.390901e-01
1.770000e-01  3.373099e-01
1.800000e-01  3.355648e-01
1.830000e-01  3.338535e-01
1.860000e-01  3.321749e-01
1.890000e-01  3.305279e-01
1.920000e-01  3.289113e-01
1.950000e-01  3.273242e-01
1.980000e-01  3.257656e-01
2.010000e-01  3.242345e-01
2.040000e-01  3.227301e-01
2.070000e-01  3.212515e-01
2.100000e-01  3.197978e-01
2.130000e-01  3.183685e-01
2.160000e-01  3.169627e-01
2.190000e-01  3.155796e-01
2.220000e-01  3.142187e-01
2.250000e-01  3.128793e-01
2.280000e-01  3.115607e-01
2.310000e-01  3.102624e-01
2.340000e-01  3.089839e-01
2.370000e-01  3.077245e-01
2.400000e-01  3.064837e-01
2.430000e-01  3.052610e-01
2.460000e-01  3.040560e-01
2.490000e-01  3.028682e-01
2.520000e-01  3.016971e-01
2.550000e-01  3.005424e-01
2.580000e-01  2.994034e-01
2.610000e-01  2.982800e-01
2.640000e-01  2.971717e-01
2.670000e-01  2.960782e-01
2.700000e-01  2.949990e-01
2.730000e-01  2.939338e-01
2.760000e-01  2.928823e-01
2.790000e-01  2.918442e-01
2.820000e-01  2.908191e-01
2.850000e-01  2.898068e-01
2.880000e-01  2.888069e-01
2.910000e-01  2.878192e-01
2.940000e-01  2.868435e-01
2.970000e-01  2.858793e-01
3.000000e-01  2.849266e-01
3.030000e-01  2.839849e-01
3.060000e-01  2.830542e-01
3.090000e-01  2.821342e-01
3.120000e-01  2.812246e-01
3.150000e-01  2.803252e-01
3.180000e-01  2.794358e-01
3.210000e-01  2.785562e-01
3.240000e-01  2.776862e-01
3.270000e-01  2.768257e-01
3.300000e-01  2.759743e-01
3.330000e-01  2.751320e-01
3.360000e-01  2.742986e-01
3.390000e-01  2.734738e-01
3.420000e-01  2.726576e-01
3.450000e-01  2.718497e-01
3.480000e-01  2.710500e-01
3.510000e-01  2.702584e-01
3.540000e-01  2.694746e-01
3.570000e-01  2.686986e-01
3.600000e-01  2.679302e-01
3.630000e-01  2.671693e-01
3.660000e-01  2.664157e-01
3.690000e-01  2.656693e-01
3.720000e-01  2.649300e-01
3.750000e-01  2.641976e-01
3.780000e-01  2.634721e-01
3.810000e-01  2.627532e-01
3.840000e-01  2.620410e-01
3.870000e-01  2.613352e-01
3.900000e-01  2.606358e-01
3.930000e-01  2.599427e-01
3.960000e-01  2.592557e-01
3.990000e-01  2.585747e-01
4.020000e-01  2.578998e-01
4.050000e-01  2.572307e-01
4.080000e-01  2.565673e-01
4.110000e-01  2.559096e-01
4.140000e-01  2.552575e-01
4.170000e-01  2.546109e-01
4.200000e-01  2.539697e-01
4.230000e-01  2.533338e-01
4.260000e-01  2.527031e-01
4.290000e-01  2.520776e-01
4.320000e-01  2.514572e-01
4.350000e-01  2.508418e-01
4.380000e-01  2.502312e-01
4.410000e-01  2.496256e-01
4.440000e-01  2.490247e-01
4.470000e-01  2.484285e-01
4.500000e-01  2.478370e-01
4.530000e-01  2.472500e-01
4.560000e-01  2.466675e-01
4.590000e-01  2.460895e-01
4.620000e-01  2.455158e-01
4.650000e-01  2.449465e-01
4.680000e-01  2.443814e-01
4.710000e-01  2.438205e-01
4.740000e-01  2.432637e-01
4.770000e-01  2.427110e-01
4.800000e-01  2.421623e-01
4.830000e-01  2.416175e-01
4.860000e-01  2.410767e-01
4.890000e-01  2.405397e-01
4.920000e-01  2.400065e-01
4.950000e-01  2.394771e-01
4.980000e-01  2.389514e-01
5.010000e-01  2.384293e-01
5.040000e-01  2.379109e-01
5.070000e-01  2.373959e-01
5.100000e-01  2.368846e-01
5.130000e-01  2.363766e-01
5.160000e-01  2.358721e-01
5.190000e-01  2.353710e-01
5.220000e-01  2.348731e-01
5.250000e-01  2.343786e-01
5.280000e-01  2.338873e-01
5.310000e-01  2.333993e-01
5.340000e-01  2.329144e-01
5.370000e-01  2.324326e-01
5.400000e-01  2.319540e-01
5.430000e-01  2.314783e-01
5.460000e-01  2.310057e-01
5.490000e-01  2.305361e-01
5.520000e-01  2.300694e-01
5.550000e-01  2.296056e-01
5.580000e-01  2.291447e-01
5.610000e-01  2.286866e-01
5.640000e-01  2.282314e-01
5.670000e-01  2.277789e-01
5.700000e-01  2.273291e-01
5.730000e-01  2.268820e-01
5.760000e-01  2.264377e-01
5.790000e-01  2.259959e-01
5.820000e-01  2.255568e-01
5.850000e-01  2.251203e-01
5.880000e-01  2.246863e-01
5.910000e-01  2.242549e-01
5.940000e-01  2.238259e-01
5.970000e-01  2.233994e-01
6.000000e-01  2.229754e-01
6.030000e-01  2.225538e-01
6.060000e-01  2.221346e-01
6.090000e-01  2.217177e-01
6.120000e-01  2.213032e-01
6.150000e-01  2.208909e-01
6.180000e-01  2.204810e-01
6.210000e-01  2.200733e-01
6.240000e-01  2.196679e-01
6.270000e-01  2.192647e-01
6.300000e-01  2.188637e-01
6.330000e-01  2.184648e-01
6.360000e-01  2.180681e-01
6.390000e-01  2.176735e-01
6.420000e-01  2.172810e-01
6.450000e-01  2.168906e-01
6.480000e-01  2.165022e-01
6.510000e-01  2.161159e-01
6.540000e-01  2.157316e-01
6.570000e-01  2.153493e-01
6.600000e-01  2.149689e-01
6.630000e-01  2.145905e-01
6.660000e-01  2.142141e-01
6.690000e-01  2.138396e-01
6.720000e-01  2.134669e-01
6.750000e-01  2.130961e-01
6.780000e-01  2.127272e-01
6.810000e-01  2.123602e-01
6.840000e-01  2.119949e-01
6.870000e-01  2.116315e-01
6.900000e-01  2.112698e-01
6.930000e-01  2.109099e-01
6.960000e-01  2.105518e-01
6.990000e-01  2.101954e-01
7.020000e-01  2.098407e-01
7.050000e-01  2.094878e-01
7.080000e-01  2.091365e-01
7.110000e-01  2.087868e-01
7.140000e-01  2.084389e-01
7.170000e-01  2.080926e-01
7.200000e-01  2.077479e-01
7.230000e-01  2.074048e-01
7.260000e-01  2.070633e-01
7.290000e-01  2.067234e-01
7.320000e-01  2.063850e-01
7.350000e-01  2.060482e-01
7.380000e-01  2.057129e-01
7.410000e-01  2.053792e-01
7.440000e-01  2.050470e-01
7.470000e-01  2.047162e-01
7.500000e-01  2.043870e-01
7.530000e-01  2.040592e-01
7.560000e-01  2.037328e-01
7.590000e-01  2.034079e-01
7.620000e-01  2.030845e-01
7.650000e-01  2.027624e-01
7.680000e-01  2.024418e-01
7.710000e-01  2.021225e-01
7.740000e-01  2.018047e-01
7.770000e-01  2.014882e-01
7.800000e-01  2.011730e-01
7.830000e-01  2.008592e-01
7.860000e-01  2.005468e-01
7.890000e-01  2.002356e-01
7.920000e-01  1.999258e-01
7.950000e-01  1.996172e-01
7.980000e-01  1.993100e-01
8.010000e-01  1.990040e-01
8.040000e-01  1.986993e-01
8.070000e-01  1.983959e-01
8.100000e-01  1.980937e-01
8.130000e-01  1.977927e-01
8.160000e-01  1.974929e-01
8.190000e-01  1.971944e-01
8.220000e-01  1.968971e-01
8.250000e-01  1.966010e-01
8.280000e-01  1.963060e-01
8.310000e-01  1.960123e-01
8.340000e-01  1.957197e-01
8.370000e-01  1.954282e-01
8.400000e-01  1.951379e-01
8.430000e-01  1.948488e-01
8.460000e-01  1.945607e-01
8.490000e-01  1.942738e-01
8.520000e-01  1.939880e-01
8.550000e-01  1.937033e-01
8.580000e-01  1.934197e-01
8.610000e-01  1.931372e-01
8.640000e-01  1.928558e-01
8.670000e-01  1.925754e-01
8.700000e-01  1.922961e-01
8.730000e-01  1.920178e-01
8.760000e-01  1.917406e-01
8.790000e-01  1.914644e-01
8.820000e-01  1.911893e-01
8.850000e-01  1.909151e-01
8.880000e-01  1.906420e-01
8.910000e-01  1.903699e-01
8.940000e-01  1.900987e-01
8.970000e-01  1.898286e-01
9.000000e-01  1.895595e-01
9.030000e-01  1.892913e-01
9.060000e-01  1.890240e-01
9.090000e-01  1.887578e-01
9.120000e-01  1.884925e-01
9.150000e-01  1.882281e-01
9.180000e-01  1.879647e-01
9.210000e-01  1.877022e-01
9.240000e-01  1.874406e-01
9.270000e-01  1.871800e-01
9.300000e-01  1.869202e-01
9.330000e-01  1.866614e-01
9.360000e-01  1.864034e-01
9.390000e-01  1.861464e-01
9.420000e-01  1.858902e-01
9.450000e-01  1.856349e-01
9.480000e-01  1.853805e-01
9.510000e-01  1.851270e-01
9.540000e-01  1.848743e-01
9.570000e-01  1.846224e-01
9.600000e-01  1.843714e-01
9.630000e-01  1.841213e-01
9.660000e-01  1.838720e-01
9.690000e-01  1.836235e-01
9.720000e-01  1.833758e-01
9.750000e-01  1.831290e-01
9.780000e-01  1.828829e-01
9.810000e-01  1.826377e-01
9.840000e-01  1.823932e-01
9.870000e-01  1.821496e-01
9.900000e-01  1.819068e-01
9.930000e-01  1.816647e-01
9.960000e-01  1.814234e-01
9.990000e-01  1.811829e-01
