000000  000001
3.000000e-03  7.533663e-01
6.000000e-03  6.628345e-01
9.000000e-03  6.080746e-01
1.200000e-02  5.693821e-01
1.500000e-02  5.397601e-01
1.800000e-02  5.159309e-01
2.100000e-02  4.961027e-01
2.400000e-02  4.791929e-01
2.700000e-02  4.644994e-01
3.000000e-02  4.515419e-01
3.300000e-02  4.399780e-01
3.600000e-02  4.295558e-01
3.900000e-02  4.200844e-01
4.200000e-02  4.114162e-01
4.500000e-02  4.034346e-01
4.800000e-02  3.960463e-01
5.100000e-02  3.891750e-01
5.400000e-02  3.827583e-01
5.700000e-02  3.767439e-01
6.000000e-02  3.710877e-01
6.300000e-02  3.657527e-01
6.600000e-02  3.607067e-01
6.900000e-02  3.559225e-01
7.200000e-02  3.513760e-01
7.500000e-02  3.470464e-01
7.800000e-02  3.429154e-01
8.100000e-02  3.389670e-01
8.400000e-02  3.351868e-01
8.700000e-02  3.315622e-01
9.000000e-02  3.280816e-01
9.300000e-02  3.247349e-01
9.600000e-02  3.215129e-01
9.900000e-02  3.184073e-01
1.020000e-01  3.154106e-01
1.050000e-01  3.125160e-01
1.080000e-01  3.097171e-01
1.110000e-01  3.070083e-01
1.140000e-01  3.043844e-01
1.170000e-01  3.018406e-01
1.200000e-01  2.993725e-01
1.230000e-01  2.969759e-01
1.260000e-01  2.946472e-01
1.290000e-01  2.923829e-01
1.320000e-01  2.901797e-01
1.350000e-01  2.880347e-01
1.380000e-01  2.859450e-01
1.410000e-01  2.839080e-01
1.440000e-01  2.819214e-01
1.470000e-01  2.799829e-01
1.500000e-01  2.780902e-01
1.530000e-01  2.762416e-01
1.560000e-01  2.744350e-01
1.590000e-01  2.726687e-01
1.620000e-01  2.709411e-01
1.650000e-01  2.692506e-01
1.680000e-01  2.675958e-01
1.710000e-01  2.659752e-01
1.740000e-01  2.643876e-01
1.770000e-01  2.628317e-01
1.800000e-01  2.613063e-01
1.830000e-01  2.598104e-01
1.860000e-01  2.583429e-01
1.890000e-01  2.569028e-01
1.920000e-01  2.554891e-01
1.950000e-01  2.541010e-01
1.980000e-01  2.527375e-01
2.010000e-01  2.513979e-01
2.040000e-01  2.500815e-01
2.070000e-01  2.487873e-01
2.100000e-01  2.475148e-01
2.130000e-01  2.462632e-01
2.160000e-01  2.450320e-01
2.190000e-01  2.438205e-01
2.220000e-01  2.426280e-01
2.250000e-01  2.414541e-01
2.280000e-01  2.402982e-01
2.310000e-01  2.391598e-01
2.340000e-01  2.380384e-01
2.370000e-01  2.369334e-01
2.400000e-01  2.358446e-01
2.430000e-01  2.347713e-01
2.460000e-01  2.337132e-01
2.490000e-01  2.326698e-01
2.520000e-01  2.316409e-01
2.550000e-01  2.306259e-01
2.580000e-01  2.296246e-01
2.610000e-01  2.286366e-01
2.640000e-01  2.276615e-01
2.670000e-01  2.266991e-01
2.700000e-01  2.257490e-01
2.730000e-01  2.248109e-01
2.760000e-01  2.238845e-01
2.790000e-01  2.229696e-01
2.820000e-01  2.220659e-01
2.850000e-01  2.211730e-01
2.880000e-01  2.202909e-01
2.910000e-01  2.194191e-01
2.940000e-01  2.185575e-01
2.970000e-01  2.177058e-01
3.000000e-01  2.168639e-01
3.030000e-01  2.160315e-01
3.060000e-01  2.152084e-01
3.090000e-01  2.143943e-01
3.120000e-01  2.135892e-01
3.150000e-01  2.127928e-01
3.180000e-01  2.120049e-01
3.210000e-01  2.112254e-01
3.240000e-01  2.104540e-01
3.270000e-01  2.096906e-01
3.300000e-01  2.089351e-01
3.330000e-01  2.081873e-01
3.360000e-01  2.074470e-01
3.390000e-01  2.067141e-01
3.420000e-01  2.059884e-01
3.450000e-01  2.052698e-01
3.480000e-01  2.045582e-01
3.510000e-01  2.038534e-01
3.540000e-01  2.031553e-01
3.570000e-01  2.024637e-01
3.600000e-01  2.017786e-01
3.630000e-01  2.010998e-01
3.660000e-01  2.004273e-01
3.690000e-01  1.997608e-01
3.720000e-01  1.991003e-01
3.750000e-01  1.984457e-01
3.780000e-01  1.977968e-01
3.810000e-01  1.971536e-01
3.840000e-01  1.965160e-01
3.870000e-01  1.958839e-01
3.900000e-01  1.952571e-01
3.930000e-01  1.946356e-01
3.960000e-01  1.940193e-01
3.990000e-01  1.934081e-01
4.020000e-01  1.928019e-01
4.050000e-01  1.922007e-01
4.080000e-01  1.916043e-01
4.110000e-01  1.910126e-01
4.140000e-01  1.904257e-01
4.170000e-01  1.898434e-01
4.200000e-01  1.892656e-01
4.230000e-01  1.886923e-01
4.260000e-01  1.881234e-01
4.290000e-01  1.875588e-01
4.320000e-01  1.869984e-01
4.350000e-01  1.864423e-01
4.380000e-01  1.858902e-01
4.410000e-01  1.853423e-01
4.440000e-01  1.847983e-01
4.470000e-01  1.842583e-01
4.500000e-01  1.837221e-01
4.530000e-01  1.831897e-01
4.560000e-01  1.826612e-01
4.590000e-01  1.821363e-01
4.620000e-01  1.816150e-01
4.650000e-01  1.810974e-01
4.680000e-01  1.805833e-01
4.710000e-01  1.800727e-01
4.740000e-01  1.795655e-01
4.770000e-01  1.790618e-01
4.800000e-01  1.785613e-01
4.830000e-01  1.780642e-01
4.860000e-01  1.775703e-01
4.890000e-01  1.770796e-01
4.920000e-01  1.765920e-01
4.950000e-01  1.761076e-01
4.980000e-01  1.756262e-01
5.010000e-01  1.751478e-01
5.040000e-01  1.746725e-01
5.070000e-01  1.742000e-01
5.100000e-01  1.737305e-01
5.130000e-01  1.732638e-01
5.160000e-01  1.728000e-01
5.190000e-01  1.723389e-01
5.220000e-01  1.718806e-01
5.250000e-01  1.714250e-01
5.280000e-01  1.709721e-01
5.310000e-01  1.705218e-01
5.340000e-01  1.700741e-01
5.370000e-01  1.696290e-01
5.400000e-01  1.691864e-01
5.430000e-01  1.687463e-01
5.460000e-01  1.683087e-01
5.490000e-01  1.678735e-01
5.520000e-01  1.674408e-01
5.550000e-01  1.670104e-01
5.580000e-01  1.665823e-01
5.610000e-01  1.661566e-01
5.640000e-01  1.657332e-01
5.670000e-01  1.653120e-01
5.700000e-01  1.648931e-01
5.730000e-01  1.644763e-01
5.760000e-01  1.640618e-01
5.790000e-01  1.636493e-01
5.820000e-01  1.632390e-01
5.850000e-01  1.628308e-01
5.880000e-01  1.624247e-01
5.910000e-01  1.620206e-01
5.940000e-01  1.616185e-01
5.970000e-01  1.612184e-01
6.000000e-01  1.608203e-01
6.030000e-01  1.604242e-01
6.060000e-01  1.600299e-01
6.090000e-01  1.596376e-01
6.120000e-01  1.592472e-01
6.150000e-01  1.588586e-01
6.180000e-01  1.584718e-01
6.210000e-01  1.580868e-01
6.240000e-01  1.577036e-01
6.270000e-01  1.573223e-01
6.300000e-01  1.569426e-01
6.330000e-01  1.565647e-01
6.360000e-01  1.561885e-01
6.390000e-01  1.558139e-01
6.420000e-01  1.554411e-01
6.450000e-01  1.550699e-01
6.480000e-01  1.547003e-01
6.510000e-01  1.543323e-01
6.540000e-01  1.539659e-01
6.570000e-01  1.536011e-01
6.600000e-01  1.532379e-01
6.630000e-01  1.528762e-01
6.660000e-01  1.525160e-01
6.690000e-01  1.521573e-01
6.720000e-01  1.518001e-01
6.750000e-01  1.514444e-01
6.780000e-01  1.510901e-01
6.810000e-01  1.507372e-01
6.840000e-01  1.503858e-01
6.870000e-01  1.500358e-01
6.900000e-01  1.496872e-01
6.930000e-01  1.493399e-01
6.960000e-01  1.489940e-01
6.990000e-01  1.486494e-01
7.020000e-01  1.483062e-01
7.050000e-01  1.479643e-01
7.080000e-01  1.476236e-01
7.110000e-01  1.472843e-01
7.140000e-01  1.469462e-01
7.170000e-01  1.466094e-01
7.200000e-01  1.462738e-01
7.230000e-01  1.459395e-01
7.260000e-01  1.456063e-01
7.290000e-01  1.452744e-01
7.320000e-01  1.449436e-01
7.350000e-01  1.446140e-01
7.380000e-01  1.442856e-01
7.410000e-01  1.439583e-01
7.440000e-01  1.436321e-01
7.470000e-01  1.433071e-01
7.500000e-01  1.429832e-01
7.530000e-01  1.426604e-01
7.560000e-01  1.423386e-01
7.590000e-01  1.420179e-01
7.620000e-01  1.416983e-01
7.650000e-01  1.413798e-01
7.680000e-01  1.410622e-01
7.710000e-01  1.407457e-01
7.740000e-01  1.404302e-01
7.770000e-01  1.401157e-01
7.800000e-01  1.398022e-01
7.830000e-01  1.394897e-01
7.860000e-01  1.391782e-01
7.890000e-01  1.388676e-01
7.920000e-01  1.385579e-01
7.950000e-01  1.382492e-01
7.980000e-01  1.379414e-01
8.010000e-01  1.376345e-01
8.040000e-01  1.373286e-01
8.070000e-01  1.370235e-01
8.100000e-01  1.367193e-01
8.130000e-01  1.364159e-01
8.160000e-01  1.361135e-01
8.190000e-01  1.358119e-01
8.220000e-01  1.355111e-01
8.250000e-01  1.352112e-01
8.280000e-01  1.349121e-01
8.310000e-01  1.346138e-01
8.340000e-01  1.343163e-01
8.370000e-01  1.340196e-01
8.400000e-01  1.337237e-01
8.430000e-01  1.334285e-01
8.460000e-01  1.331341e-01
8.490000e-01  1.328405e-01
8.520000e-01  1.325477e-01
8.550000e-01  1.322555e-01
8.580000e-01  1.319641e-01
8.610000e-01  1.316734e-01
8.640000e-01  1.313835e-01
8.670000e-01  1.310942e-01
8.700000e-01  1.308056e-01
8.730000e-01  1.305177e-01
8.760000e-01  1.302305e-01
8.790000e-01  1.299440e-01
8.820000e-01  1.296581e-01
8.850000e-01  1.293729e-01
8.880000e-01  1.290883e-01
8.910000e-01  1.288043e-01
8.940000e-01  1.285210e-01
8.970000e-01  1.282383e-01
9.000000e-01  1.279561e-01
9.030000e-01  1.276746e-01
9.060000e-01  1.273937e-01
9.090000e-01  1.271134e-01
9.120000e-01  1.268336e-01
9.150000e-01  1.265544e-01
9.180000e-01  1.262758e-01
9.210000e-01  1.259977e-01
9.240000e-01  1.257202e-01
9.270000e-01  1.254432e-01
9.300000e-01  1.251667e-01
9.330000e-01  1.248908e-01
9.360000e-01  1.246153e-01
9.390000e-01  1.243404e-01
9.420000e-01  1.240659e-01
9.450000e-01  1.237920e-01
9.480000e-01  1.235185e-01
9.510000e-01  1.232455e-01
9.540000e-01  1.229729e-01
9.570000e-01  1.227009e-01
9.600000e-01  1.224292e-01
9.630000e-01  1.221580e-01
9.660000e-01  1.218873e-01
9.690000e-01  1.216169e-01
9.720000e-01  1.213470e-01
9.750000e-01  1.210775e-01
9.780000e-01  1.208084e-01
9.810000e-01  1.205397e-01
9.840000e-01  1.202714e-01
9.870000e-01  1.200034e-01
9.900000e-01  1.197358e-01
9.930000e-01  1.194686e-01
9.960000e-01  1.192018e-01
9.990000e-01  1.189353e-01
