000000  000001
3.000000e-03  7.172197e-01
6.000000e-03  6.246139e-01
9.000000e-03  5.699911e-01
1.200000e-02  5.318790e-01
1.500000e-02  5.029288e-01
1.800000e-02  4.797656e-01
2.100000e-02  4.605682e-01
2.400000e-02  4.442464e-01
2.700000e-02  4.300982e-01
3.000000e-02  4.176461e-01
3.300000e-02  4.065513e-01
3.600000e-02  3.965653e-01
3.900000e-02  3.875008e-01
4.200000e-02  3.792130e-01
4.500000e-02  3.715881e-01
4.800000e-02  3.645350e-01
5.100000e-02  3.579796e-01
5.400000e-02  3.518610e-01
5.700000e-02  3.461287e-01
6.000000e-02  3.407401e-01
6.300000e-02  3.356591e-01
6.600000e-02  3.308549e-01
6.900000e-02  3.263009e-01
7.200000e-02  3.219741e-01
7.500000e-02  3.178546e-01
7.800000e-02  3.139247e-01
8.100000e-02  3.101688e-01
8.400000e-02  3.065733e-01
8.700000e-02  3.031259e-01
9.000000e-02  2.998158e-01
9.300000e-02  2.966331e-01
9.600000e-02  2.935690e-01
9.900000e-02  2.906156e-01
1.020000e-01  2.877657e-01
1.050000e-01  2.850127e-01
1.080000e-01  2.823507e-01
1.110000e-01  2.797742e-01
1.140000e-01  2.772783e-01
1.170000e-01  2.748583e-01
1.200000e-01  2.725101e-01
1.230000e-01  2.702297e-01
1.260000e-01  2.680137e-01
1.290000e-01  2.658586e-01
1.320000e-01  2.637615e-01
1.350000e-01  2.617194e-01
1.380000e-01  2.597297e-01
1.410000e-01  2.577899e-01
1.440000e-01  2.558977e-01
1.470000e-01  2.540510e-01
1.500000e-01  2.522477e-01
1.530000e-01  2.504860e-01
1.560000e-01  2.487640e-01
1.590000e-01  2.470801e-01
1.620000e-01  2.454328e-01
1.650000e-01  2.438205e-01
1.680000e-01  2.422418e-01
1.710000e-01  2.406955e-01
1.740000e-01  2.391804e-01
1.770000e-01  2.376951e-01
1.800000e-01  2.362387e-01
1.830000e-01  2.348100e-01
1.860000e-01  2.334081e-01
1.890000e-01  2.320321e-01
1.920000e-01  2.306809e-01
1.950000e-01  2.293539e-01
1.980000e-01  2.280500e-01
2.010000e-01  2.267687e-01
2.040000e-01  2.255091e-01
2.070000e-01  2.242705e-01
2.100000e-01  2.230523e-01
2.130000e-01  2.218539e-01
2.160000e-01  2.206745e-01
2.190000e-01  2.195137e-01
2.220000e-01  2.183708e-01
2.250000e-01  2.172454e-01
2.280000e-01  2.161369e-01
2.310000e-01  2.150448e-01
2.340000e-01  2.139687e-01
2.370000e-01  2.129081e-01
2.400000e-01  2.118626e-01
2.430000e-01  2.108317e-01
2.460000e-01  2.098150e-01
2.490000e-01  2.088122e-01
2.520000e-01  2.078229e-01
2.550000e-01  2.068468e-01
2.580000e-01  2.058834e-01
2.610000e-01  2.049325e-01
2.640000e-01  2.039938e-01
2.670000e-01  2.030669e-01
2.700000e-01  2.021515e-01
2.730000e-01  2.012474e-01
2.760000e-01  2.003543e-01
2.790000e-01  1.994718e-01
2.820000e-01  1.985999e-01
2.850000e-01  1.977381e-01
2.880000e-01  1.968863e-01
2.910000e-01  1.960443e-01
2.940000e-01  1.952117e-01
2.970000e-01  1.943885e-01
3.000000e-01  1.935743e-01
3.030000e-01  1.927690e-01
3.060000e-01  1.919724e-01
3.090000e-01  1.911843e-01
3.120000e-01  1.904044e-01
3.150000e-01  1.896328e-01
3.180000e-01  1.888690e-01
3.210000e-01  1.881130e-01
3.240000e-01  1.873647e-01
3.270000e-01  1.866238e-01
3.300000e-01  1.858902e-01
3.330000e-01  1.851638e-01
3.360000e-01  1.844444e-01
3.390000e-01  1.837318e-01
3.420000e-01  1.830260e-01
3.450000e-01  1.823267e-01
3.480000e-01  1.816339e-01
3.510000e-01  1.809475e-01
3.540000e-01  1.802673e-01
3.570000e-01  1.795931e-01
3.600000e-01  1.789249e-01
3.630000e-01  1.782626e-01
3.660000e-01  1.776061e-01
3.690000e-01  1.769552e-01
3.720000e-01  1.763098e-01
3.750000e-01  1.756698e-01
3.780000e-01  1.750352e-01
3.810000e-01  1.744058e-01
3.840000e-01  1.737816e-01
3.870000e-01  1.731624e-01
3.900000e-01  1.725482e-01
3.930000e-01  1.719388e-01
3.960000e-01  1.713342e-01
3.990000e-01  1.707343e-01
4.020000e-01  1.701391e-01
4.050000e-01  1.695483e-01
4.080000e-01  1.689620e-01
4.110000e-01  1.683801e-01
4.140000e-01  1.678025e-01
4.170000e-01  1.672292e-01
4.200000e-01  1.666600e-01
4.230000e-01  1.660949e-01
4.260000e-01  1.655338e-01
4.290000e-01  1.649767e-01
4.320000e-01  1.644234e-01
4.350000e-01  1.638740e-01
4.380000e-01  1.633284e-01
4.410000e-01  1.627864e-01
4.440000e-01  1.622481e-01
4.470000e-01  1.617134e-01
4.500000e-01  1.611822e-01
4.530000e-01  1.606544e-01
4.560000e-01  1.601301e-01
4.590000e-01  1.596091e-01
4.620000e-01  1.590915e-01
4.650000e-01  1.585771e-01
4.680000e-01  1.580659e-01
4.710000e-01  1.575578e-01
4.740000e-01  1.570529e-01
4.770000e-01  1.565510e-01
4.800000e-01  1.560521e-01
4.830000e-01  1.555562e-01
4.860000e-01  1.550631e-01
4.890000e-01  1.545730e-01
4.920000e-01  1.540857e-01
4.950000e-01  1.536011e-01
4.980000e-01  1.531193e-01
5.010000e-01  1.526402e-01
5.040000e-01  1.521638e-01
5.070000e-01  1.516900e-01
5.100000e-01  1.512187e-01
5.130000e-01  1.507500e-01
5.160000e-01  1.502838e-01
5.190000e-01  1.498201e-01
5.220000e-01  1.493588e-01
5.250000e-01  1.488999e-01
5.280000e-01  1.484433e-01
5.310000e-01  1.479891e-01
5.340000e-01  1.475371e-01
5.370000e-01  1.470874e-01
5.400000e-01  1.466400e-01
5.430000e-01  1.461947e-01
5.460000e-01  1.457515e-01
5.490000e-01  1.453105e-01
5.520000e-01  1.448716e-01
5.550000e-01  1.444347e-01
5.580000e-01  1.439999e-01
5.610000e-01  1.435670e-01
5.640000e-01  1.431362e-01
5.670000e-01  1.427072e-01
5.700000e-01  1.422802e-01
5.730000e-01  1.418551e-01
5.760000e-01  1.414318e-01
5.790000e-01  1.410104e-01
5.820000e-01  1.405907e-01
5.850000e-01  1.401729e-01
5.880000e-01  1.397567e-01
5.910000e-01  1.393423e-01
5.940000e-01  1.389296e-01
5.970000e-01  1.385186e-01
6.000000e-01  1.381092e-01
6.030000e-01  1.377014e-01
6.060000e-01  1.372952e-01
6.090000e-01  1.368906e-01
6.120000e-01  1.364876e-01
6.150000e-01  1.360860e-01
6.180000e-01  1.356860e-01
6.210000e-01  1.352874e-01
6.240000e-01  1.348903e-01
6.270000e-01  1.344947e-01
6.300000e-01  1.341004e-01
6.330000e-01  1.337075e-01
6.360000e-01  1.333160e-01
6.390000e-01  1.329259e-01
6.420000e-01  1.325370e-01
6.450000e-01  1.321495e-01
6.480000e-01  1.317632e-01
6.510000e-01  1.313782e-01
6.540000e-01  1.309944e-01
6.570000e-01  1.306119e-01
6.600000e-01  1.302305e-01
6.630000e-01  1.298503e-01
6.660000e-01  1.294713e-01
6.690000e-01  1.290934e-01
6.720000e-01  1.287167e-01
6.750000e-01  1.283410e-01
6.780000e-01  1.279664e-01
6.810000e-01  1.275928e-01
6.840000e-01  1.272203e-01
6.870000e-01  1.268489e-01
6.900000e-01  1.264784e-01
6.930000e-01  1.261089e-01
6.960000e-01  1.257404e-01
6.990000e-01  1.253728e-01
7.020000e-01  1.250061e-01
7.050000e-01  1.246403e-01
7.080000e-01  1.242755e-01
7.110000e-01  1.239115e-01
7.140000e-01  1.235483e-01
7.170000e-01  1.231860e-01
7.200000e-01  1.228245e-01
7.230000e-01  1.224638e-01
7.260000e-01  1.221038e-01
7.290000e-01  1.217447e-01
7.320000e-01  1.213863e-01
7.350000e-01  1.210286e-01
7.380000e-01  1.206716e-01
7.410000e-01  1.203152e-01
7.440000e-01  1.199596e-01
7.470000e-01  1.196046e-01
7.500000e-01  1.192503e-01
7.530000e-01  1.188965e-01
7.560000e-01  1.185434e-01
7.590000e-01  1.181908e-01
7.620000e-01  1.178388e-01
7.650000e-01  1.174874e-01
7.680000e-01  1.171364e-01
7.710000e-01  1.167860e-01
7.740000e-01  1.164361e-01
7.770000e-01  1.160866e-01
7.800000e-01  1.157376e-01
7.830000e-01  1.153890e-01
7.860000e-01  1.150408e-01
7.890000e-01  1.146931e-01
7.920000e-01  1.143457e-01
7.950000e-01  1.139986e-01
7.980000e-01  1.136519e-01
8.010000e-01  1.133055e-01
8.040000e-01  1.129594e-01
8.070000e-01  1.126136e-01
8.100000e-01  1.122681e-01
8.130000e-01  1.119228e-01
8.160000e-01  1.115777e-01
8.190000e-01  1.112328e-01
8.220000e-01  1.108880e-01
8.250000e-01  1.105435e-01
8.280000e-01  1.101990e-01
8.310000e-01  1.098547e-01
8.340000e-01  1.095105e-01
8.370000e-01  1.091663e-01
8.400000e-01  1.088222e-01
8.430000e-01  000000
8.460000e-01  000000
8.490000e-01  000000
8.520000e-01  000000
8.550000e-01  000000
8.580000e-01  000000
8.610000e-01  000000
8.640000e-01  000000
8.670000e-01  000000
8.700000e-01  000000
8.730000e-01  000000
8.760000e-01  000000
8.790000e-01  000000
8.820000e-01  000000
8.850000e-01  000000
8.880000e-01  000000
8.910000e-01  000000
8.940000e-01  000000
8.970000e-01  000000
9.000000e-01  000000
9.030000e-01  000000
9.060000e-01  000000
9.090000e-01  000000
9.120000e-01  000000
9.150000e-01  000000
9.180000e-01  000000
9.210000e-01  000000
9.240000e-01  000000
9.270000e-01  000000
9.300000e-01  000000
9.330000e-01  000000
9.360000e-01  000000
9.390000e-01  000000
9.420000e-01  000000
9.450000e-01  000000
9.480000e-01  000000
9.510000e-01  000000
9.540000e-01  000000
9.570000e-01  000000
9.600000e-01  000000
9.630000e-01  000000
9.660000e-01  000000
9.690000e-01  000000
9.720000e-01  000000
9.750000e-01  000000
9.780000e-01  000000
9.810000e-01  000000
9.840000e-01  000000
9.870000e-01  000000
9.900000e-01  000000
9.930000e-01  000000
9.960000e-01  000000
9.990000e-01  000000
