000000  000001
3.000000e-03  8.176023e-01
6.000000e-03  7.347445e-01
9.000000e-03  6.816402e-01
1.200000e-02  6.429735e-01
1.500000e-02  6.128037e-01
1.800000e-02  5.882086e-01
2.100000e-02  5.675389e-01
2.400000e-02  5.497746e-01
2.700000e-02  5.342423e-01
3.000000e-02  5.204749e-01
3.300000e-02  5.081356e-01
3.600000e-02  4.969739e-01
3.900000e-02  4.867988e-01
4.200000e-02  4.774612e-01
4.500000e-02  4.688428e-01
4.800000e-02  4.608482e-01
5.100000e-02  4.533993e-01
5.400000e-02  4.464316e-01
5.700000e-02  4.398911e-01
6.000000e-02  4.337320e-01
6.300000e-02  4.279156e-01
6.600000e-02  4.224085e-01
6.900000e-02  4.171818e-01
7.200000e-02  4.122105e-01
7.500000e-02  4.074726e-01
7.800000e-02  4.029488e-01
8.100000e-02  3.986220e-01
8.400000e-02  3.944770e-01
8.700000e-02  3.905004e-01
9.000000e-02  3.866800e-01
9.300000e-02  3.830049e-01
9.600000e-02  3.794654e-01
9.900000e-02  3.760525e-01
1.020000e-01  3.727581e-01
1.050000e-01  3.695750e-01
1.080000e-01  3.664964e-01
1.110000e-01  3.635162e-01
1.140000e-01  3.606288e-01
1.170000e-01  3.578291e-01
1.200000e-01  3.551121e-01
1.230000e-01  3.524737e-01
1.260000e-01  3.499096e-01
1.290000e-01  3.474162e-01
1.320000e-01  3.449899e-01
1.350000e-01  3.426275e-01
1.380000e-01  3.403260e-01
1.410000e-01  3.380826e-01
1.440000e-01  3.358945e-01
1.470000e-01  3.337594e-01
1.500000e-01  3.316750e-01
1.530000e-01  3.296389e-01
1.560000e-01  3.276494e-01
1.590000e-01  3.257043e-01
1.620000e-01  3.238020e-01
1.650000e-01  3.219407e-01
1.680000e-01  3.201188e-01
1.710000e-01  3.183348e-01
1.740000e-01  3.165872e-01
1.770000e-01  3.148748e-01
1.800000e-01  3.131963e-01
1.830000e-01  3.115503e-01
1.860000e-01  3.099359e-01
1.890000e-01  3.083518e-01
1.920000e-01  3.067970e-01
1.950000e-01  3.052707e-01
1.980000e-01  3.037717e-01
2.010000e-01  3.022992e-01
2.040000e-01  3.008524e-01
2.070000e-01  2.994304e-01
2.100000e-01  2.980325e-01
2.130000e-01  2.966579e-01
2.160000e-01  2.953059e-01
2.190000e-01  2.939758e-01
2.220000e-01  2.926670e-01
2.250000e-01  2.913788e-01
2.280000e-01  2.901107e-01
2.310000e-01  2.888621e-01
2.340000e-01  2.876325e-01
2.370000e-01  2.864212e-01
2.400000e-01  2.852278e-01
2.430000e-01  2.840518e-01
2.460000e-01  2.828928e-01
2.490000e-01  2.817503e-01
2.520000e-01  2.806239e-01
2.550000e-01  2.795130e-01
2.580000e-01  2.784175e-01
2.610000e-01  2.773368e-01
2.640000e-01  2.762706e-01
2.670000e-01  2.752185e-01
2.700000e-01  2.741802e-01
2.730000e-01  2.731554e-01
2.760000e-01  2.721437e-01
2.790000e-01  2.711448e-01
2.820000e-01  2.701584e-01
2.850000e-01  2.691843e-01
2.880000e-01  2.682221e-01
2.910000e-01  2.672715e-01
2.940000e-01  2.663324e-01
2.970000e-01  2.654045e-01
3.000000e-01  2.644874e-01
3.030000e-01  2.635810e-01
3.060000e-01  2.626851e-01
3.090000e-01  2.617994e-01
3.120000e-01  2.609237e-01
3.150000e-01  2.600578e-01
3.180000e-01  2.592014e-01
3.210000e-01  2.583545e-01
3.240000e-01  2.575167e-01
3.270000e-01  2.566880e-01
3.300000e-01  2.558680e-01
3.330000e-01  2.550568e-01
3.360000e-01  2.542540e-01
3.390000e-01  2.534595e-01
3.420000e-01  2.526732e-01
3.450000e-01  2.518949e-01
3.480000e-01  2.511244e-01
3.510000e-01  2.503617e-01
3.540000e-01  2.496064e-01
3.570000e-01  2.488586e-01
3.600000e-01  2.481181e-01
3.630000e-01  2.473847e-01
3.660000e-01  2.466583e-01
3.690000e-01  2.459388e-01
3.720000e-01  2.452261e-01
3.750000e-01  2.445200e-01
3.780000e-01  2.438205e-01
3.810000e-01  2.431273e-01
3.840000e-01  2.424405e-01
3.870000e-01  2.417598e-01
3.900000e-01  2.410853e-01
3.930000e-01  2.404167e-01
3.960000e-01  2.397540e-01
3.990000e-01  2.390971e-01
4.020000e-01  2.384459e-01
4.050000e-01  2.378002e-01
4.080000e-01  2.371601e-01
4.110000e-01  2.365254e-01
4.140000e-01  2.358960e-01
4.170000e-01  2.352719e-01
4.200000e-01  2.346530e-01
4.230000e-01  2.340391e-01
4.260000e-01  2.334302e-01
4.290000e-01  2.328262e-01
4.320000e-01  2.322271e-01
4.350000e-01  2.316328e-01
4.380000e-01  2.310431e-01
4.410000e-01  2.304581e-01
4.440000e-01  2.298776e-01
4.470000e-01  2.293017e-01
4.500000e-01  2.287301e-01
4.530000e-01  2.281629e-01
4.560000e-01  2.276000e-01
4.590000e-01  2.270414e-01
4.620000e-01  2.264869e-01
4.650000e-01  2.259366e-01
4.680000e-01  2.253902e-01
4.710000e-01  2.248479e-01
4.740000e-01  2.243095e-01
4.770000e-01  2.237750e-01
4.800000e-01  2.232444e-01
4.830000e-01  2.227175e-01
4.860000e-01  2.221943e-01
4.890000e-01  2.216748e-01
4.920000e-01  2.211590e-01
4.950000e-01  2.206467e-01
4.980000e-01  2.201379e-01
5.010000e-01  2.196326e-01
5.040000e-01  2.191308e-01
5.070000e-01  2.186323e-01
5.100000e-01  2.181372e-01
5.130000e-01  2.176454e-01
5.160000e-01  2.171568e-01
5.190000e-01  2.166715e-01
5.220000e-01  2.161893e-01
5.250000e-01  2.157103e-01
5.280000e-01  2.152344e-01
5.310000e-01  2.147615e-01
5.340000e-01  2.142916e-01
5.370000e-01  2.138247e-01
5.400000e-01  2.133608e-01
5.430000e-01  2.128997e-01
5.460000e-01  2.124416e-01
5.490000e-01  2.119862e-01
5.520000e-01  2.115337e-01
5.550000e-01  2.110839e-01
5.580000e-01  2.106369e-01
5.610000e-01  2.101926e-01
5.640000e-01  2.097509e-01
5.670000e-01  2.093119e-01
5.700000e-01  2.088755e-01
5.730000e-01  2.084416e-01
5.760000e-01  2.080103e-01
5.790000e-01  2.075816e-01
5.820000e-01  2.071553e-01
5.850000e-01  2.067314e-01
5.880000e-01  2.063100e-01
5.910000e-01  2.058910e-01
5.940000e-01  2.054744e-01
5.970000e-01  2.050601e-01
6.000000e-01  2.046482e-01
6.030000e-01  2.042385e-01
6.060000e-01  2.038311e-01
6.090000e-01  2.034260e-01
6.120000e-01  2.030230e-01
6.150000e-01  2.026223e-01
6.180000e-01  2.022237e-01
6.210000e-01  2.018273e-01
6.240000e-01  2.014330e-01
6.270000e-01  2.010409e-01
6.300000e-01  2.006508e-01
6.330000e-01  2.002627e-01
6.360000e-01  1.998767e-01
6.390000e-01  1.994927e-01
6.420000e-01  1.991107e-01
6.450000e-01  1.987307e-01
6.480000e-01  1.983526e-01
6.510000e-01  1.979765e-01
6.540000e-01  1.976022e-01
6.570000e-01  1.972299e-01
6.600000e-01  1.968594e-01
6.630000e-01  1.964908e-01
6.660000e-01  1.961240e-01
6.690000e-01  1.957591e-01
6.720000e-01  1.953959e-01
6.750000e-01  1.950345e-01
6.780000e-01  1.946749e-01
6.810000e-01  1.943170e-01
6.840000e-01  1.939609e-01
6.870000e-01  1.936064e-01
6.900000e-01  1.932537e-01
6.930000e-01  1.929026e-01
6.960000e-01  1.925532e-01
6.990000e-01  1.922054e-01
7.020000e-01  1.918593e-01
7.050000e-01  1.915148e-01
7.080000e-01  1.911718e-01
7.110000e-01  1.908305e-01
7.140000e-01  1.904907e-01
7.170000e-01  1.901525e-01
7.200000e-01  1.898158e-01
7.230000e-01  1.894806e-01
7.260000e-01  1.891469e-01
7.290000e-01  1.888148e-01
7.320000e-01  1.884841e-01
7.350000e-01  1.881549e-01
7.380000e-01  1.878271e-01
7.410000e-01  1.875007e-01
7.440000e-01  1.871758e-01
7.470000e-01  1.868524e-01
7.500000e-01  1.865303e-01
7.530000e-01  1.862096e-01
7.560000e-01  1.858902e-01
7.590000e-01  1.855723e-01
7.620000e-01  1.852557e-01
7.650000e-01  1.849404e-01
7.680000e-01  1.846264e-01
7.710000e-01  1.843138e-01
7.740000e-01  1.840024e-01
7.770000e-01  1.836924e-01
7.800000e-01  1.833837e-01
7.830000e-01  1.830762e-01
7.860000e-01  1.827699e-01
7.890000e-01  1.824649e-01
7.920000e-01  1.821612e-01
7.950000e-01  1.818587e-01
7.980000e-01  1.815574e-01
8.010000e-01  1.812573e-01
8.040000e-01  1.809583e-01
8.070000e-01  1.806606e-01
8.100000e-01  1.803641e-01
8.130000e-01  1.800687e-01
8.160000e-01  1.797744e-01
8.190000e-01  1.794813e-01
8.220000e-01  1.791894e-01
8.250000e-01  1.788985e-01
8.280000e-01  1.786088e-01
8.310000e-01  1.783202e-01
8.340000e-01  1.780327e-01
8.370000e-01  1.777463e-01
8.400000e-01  1.774609e-01
8.430000e-01  1.771767e-01
8.460000e-01  1.768934e-01
8.490000e-01  1.766113e-01
8.520000e-01  1.763302e-01
8.550000e-01  1.760501e-01
8.580000e-01  1.757710e-01
8.610000e-01  1.754930e-01
8.640000e-01  1.752160e-01
8.670000e-01  1.749400e-01
8.700000e-01  1.746649e-01
8.730000e-01  1.743909e-01
8.760000e-01  1.741178e-01
8.790000e-01  1.738458e-01
8.820000e-01  1.735746e-01
8.850000e-01  1.733044e-01
8.880000e-01  1.730352e-01
8.910000e-01  1.727670e-01
8.940000e-01  1.724996e-01
8.970000e-01  1.722332e-01
9.000000e-01  1.719677e-01
9.030000e-01  1.717031e-01
9.060000e-01  1.714394e-01
9.090000e-01  1.711766e-01
9.120000e-01  1.709147e-01
9.150000e-01  1.706537e-01
9.180000e-01  1.703936e-01
9.210000e-01  1.701343e-01
9.240000e-01  1.698759e-01
9.270000e-01  1.696184e-01
9.300000e-01  1.693617e-01
9.330000e-01  1.691059e-01
9.360000e-01  1.688509e-01
9.390000e-01  1.685967e-01
9.420000e-01  1.683433e-01
9.450000e-01  1.680908e-01
9.480000e-01  1.678391e-01
9.510000e-01  1.675882e-01
9.540000e-01  1.673381e-01
9.570000e-01  1.670888e-01
9.600000e-01  1.668402e-01
9.630000e-01  1.665925e-01
9.660000e-01  1.663456e-01
9.690000e-01  1.660993e-01
9.720000e-01  1.658539e-01
9.750000e-01  1.656093e-01
9.780000e-01  1.653654e-01
9.810000e-01  1.651222e-01
9.840000e-01  1.648798e-01
9.870000e-01  1.646381e-01
9.900000e-01  1.643972e-01
9.930000e-01  1.641570e-01
9.960000e-01  1.639175e-01
9.990000e-01  1.636787e-01
