000000  000001
3.000000e-03  7.706617e-01
6.000000e-03  6.816402e-01
9.000000e-03  6.270508e-01
1.200000e-02  5.882086e-01
1.500000e-02  5.583417e-01
1.800000e-02  5.342423e-01
2.100000e-02  5.141441e-01
2.400000e-02  4.969739e-01
2.700000e-02  4.820333e-01
3.000000e-02  4.688428e-01
3.300000e-02  4.570599e-01
3.600000e-02  4.464316e-01
3.900000e-02  4.367664e-01
4.200000e-02  4.279156e-01
4.500000e-02  4.197617e-01
4.800000e-02  4.122105e-01
5.100000e-02  4.051850e-01
5.400000e-02  3.986220e-01
5.700000e-02  3.924685e-01
6.000000e-02  3.866800e-01
6.300000e-02  3.812188e-01
6.600000e-02  3.760525e-01
6.900000e-02  3.711531e-01
7.200000e-02  3.664964e-01
7.500000e-02  3.620613e-01
7.800000e-02  3.578291e-01
8.100000e-02  3.537833e-01
8.400000e-02  3.499096e-01
8.700000e-02  3.461949e-01
9.000000e-02  3.426275e-01
9.300000e-02  3.391972e-01
9.600000e-02  3.358945e-01
9.900000e-02  3.327110e-01
1.020000e-01  3.296389e-01
1.050000e-01  3.266714e-01
1.080000e-01  3.238020e-01
1.110000e-01  3.210249e-01
1.140000e-01  3.183348e-01
1.170000e-01  3.157267e-01
1.200000e-01  3.131963e-01
1.230000e-01  3.107392e-01
1.260000e-01  3.083518e-01
1.290000e-01  3.060304e-01
1.320000e-01  3.037717e-01
1.350000e-01  3.015726e-01
1.380000e-01  2.994304e-01
1.410000e-01  2.973423e-01
1.440000e-01  2.953059e-01
1.470000e-01  2.933188e-01
1.500000e-01  2.913788e-01
1.530000e-01  2.894840e-01
1.560000e-01  2.876325e-01
1.590000e-01  2.858223e-01
1.620000e-01  2.840518e-01
1.650000e-01  2.823195e-01
1.680000e-01  2.806239e-01
1.710000e-01  2.789634e-01
1.740000e-01  2.773368e-01
1.770000e-01  2.757428e-01
1.800000e-01  2.741802e-01
1.830000e-01  2.726479e-01
1.860000e-01  2.711448e-01
1.890000e-01  2.696698e-01
1.920000e-01  2.682221e-01
1.950000e-01  2.668006e-01
1.980000e-01  2.654045e-01
2.010000e-01  2.640329e-01
2.040000e-01  2.626851e-01
2.070000e-01  2.613603e-01
2.100000e-01  2.600578e-01
2.130000e-01  2.587768e-01
2.160000e-01  2.575167e-01
2.190000e-01  2.562769e-01
2.220000e-01  2.550568e-01
2.250000e-01  2.538557e-01
2.280000e-01  2.526732e-01
2.310000e-01  2.515087e-01
2.340000e-01  2.503617e-01
2.370000e-01  2.492316e-01
2.400000e-01  2.481181e-01
2.430000e-01  2.470206e-01
2.460000e-01  2.459388e-01
2.490000e-01  2.448722e-01
2.520000e-01  2.438205e-01
2.550000e-01  2.427831e-01
2.580000e-01  2.417598e-01
2.610000e-01  2.407502e-01
2.640000e-01  2.397540e-01
2.670000e-01  2.387708e-01
2.700000e-01  2.378002e-01
2.730000e-01  2.368421e-01
2.760000e-01  2.358960e-01
2.790000e-01  2.349618e-01
2.820000e-01  2.340391e-01
2.850000e-01  2.331276e-01
2.880000e-01  2.322271e-01
2.910000e-01  2.313374e-01
2.940000e-01  2.304581e-01
2.970000e-01  2.295891e-01
3.000000e-01  2.287301e-01
3.030000e-01  2.278810e-01
3.060000e-01  2.270414e-01
3.090000e-01  2.262112e-01
3.120000e-01  2.253902e-01
3.150000e-01  2.245782e-01
3.180000e-01  2.237750e-01
3.210000e-01  2.229804e-01
3.240000e-01  2.221943e-01
3.270000e-01  2.214164e-01
3.300000e-01  2.206467e-01
3.330000e-01  2.198848e-01
3.360000e-01  2.191308e-01
3.390000e-01  2.183843e-01
3.420000e-01  2.176454e-01
3.450000e-01  2.169138e-01
3.480000e-01  2.161893e-01
3.510000e-01  2.154719e-01
3.540000e-01  2.147615e-01
3.570000e-01  2.140578e-01
3.600000e-01  2.133608e-01
3.630000e-01  2.126703e-01
3.660000e-01  2.119862e-01
3.690000e-01  2.113085e-01
3.720000e-01  2.106369e-01
3.750000e-01  2.099714e-01
3.780000e-01  2.093119e-01
3.810000e-01  2.086582e-01
3.840000e-01  2.080103e-01
3.870000e-01  2.073681e-01
3.900000e-01  2.067314e-01
3.930000e-01  2.061002e-01
3.960000e-01  2.054744e-01
3.990000e-01  2.048538e-01
4.020000e-01  2.042385e-01
4.050000e-01  2.036282e-01
4.080000e-01  2.030230e-01
4.110000e-01  2.024227e-01
4.140000e-01  2.018273e-01
4.170000e-01  2.012367e-01
4.200000e-01  2.006508e-01
4.230000e-01  2.000695e-01
4.260000e-01  1.994927e-01
4.290000e-01  1.989205e-01
4.320000e-01  1.983526e-01
4.350000e-01  1.977891e-01
4.380000e-01  1.972299e-01
4.410000e-01  1.966749e-01
4.440000e-01  1.961240e-01
4.470000e-01  1.955773e-01
4.500000e-01  1.950345e-01
4.530000e-01  1.944957e-01
4.560000e-01  1.939609e-01
4.590000e-01  1.934298e-01
4.620000e-01  1.929026e-01
4.650000e-01  1.923791e-01
4.680000e-01  1.918593e-01
4.710000e-01  1.913431e-01
4.740000e-01  1.908305e-01
4.770000e-01  1.903214e-01
4.800000e-01  1.898158e-01
4.830000e-01  1.893136e-01
4.860000e-01  1.888148e-01
4.890000e-01  1.883193e-01
4.920000e-01  1.878271e-01
4.950000e-01  1.873381e-01
4.980000e-01  1.868524e-01
5.010000e-01  1.863697e-01
5.040000e-01  1.858902e-01
5.070000e-01  1.854138e-01
5.100000e-01  1.849404e-01
5.130000e-01  1.844699e-01
5.160000e-01  1.840024e-01
5.190000e-01  1.835379e-01
5.220000e-01  1.830762e-01
5.250000e-01  1.826173e-01
5.280000e-01  1.821612e-01
5.310000e-01  1.817079e-01
5.340000e-01  1.812573e-01
5.370000e-01  1.808093e-01
5.400000e-01  1.803641e-01
5.430000e-01  1.799214e-01
5.460000e-01  1.794813e-01
5.490000e-01  1.790438e-01
5.520000e-01  1.786088e-01
5.550000e-01  1.781763e-01
5.580000e-01  1.777463e-01
5.610000e-01  1.773187e-01
5.640000e-01  1.768934e-01
5.670000e-01  1.764706e-01
5.700000e-01  1.760501e-01
5.730000e-01  1.756319e-01
5.760000e-01  1.752160e-01
5.790000e-01  1.748023e-01
5.820000e-01  1.743909e-01
5.850000e-01  1.739817e-01
5.880000e-01  1.735746e-01
5.910000e-01  1.731697e-01
5.940000e-01  1.727670e-01
5.970000e-01  1.723663e-01
6.000000e-01  1.719677e-01
6.030000e-01  1.715712e-01
6.060000e-01  1.711766e-01
6.090000e-01  1.707841e-01
6.120000e-01  1.703936e-01
6.150000e-01  1.700050e-01
6.180000e-01  1.696184e-01
6.210000e-01  1.692337e-01
6.240000e-01  1.688509e-01
6.270000e-01  1.684699e-01
6.300000e-01  1.680908e-01
6.330000e-01  1.677135e-01
6.360000e-01  1.673381e-01
6.390000e-01  1.669644e-01
6.420000e-01  1.665925e-01
6.450000e-01  1.662224e-01
6.480000e-01  1.658539e-01
6.510000e-01  1.654872e-01
6.540000e-01  1.651222e-01
6.570000e-01  1.647589e-01
6.600000e-01  1.643972e-01
6.630000e-01  1.640371e-01
6.660000e-01  1.636787e-01
6.690000e-01  1.633219e-01
6.720000e-01  1.629667e-01
6.750000e-01  1.626130e-01
6.780000e-01  1.622609e-01
6.810000e-01  1.619103e-01
6.840000e-01  1.615613e-01
6.870000e-01  1.612137e-01
6.900000e-01  1.608676e-01
6.930000e-01  1.605230e-01
6.960000e-01  1.601799e-01
6.990000e-01  1.598382e-01
7.020000e-01  1.594979e-01
7.050000e-01  1.591591e-01
7.080000e-01  1.588216e-01
7.110000e-01  1.584856e-01
7.140000e-01  1.581509e-01
7.170000e-01  1.578175e-01
7.200000e-01  1.574855e-01
7.230000e-01  1.571548e-01
7.260000e-01  1.568254e-01
7.290000e-01  1.564974e-01
7.320000e-01  1.561706e-01
7.350000e-01  1.558451e-01
7.380000e-01  1.555208e-01
7.410000e-01  1.551978e-01
7.440000e-01  1.548761e-01
7.470000e-01  1.545555e-01
7.500000e-01  1.542362e-01
7.530000e-01  1.539181e-01
7.560000e-01  1.536011e-01
7.590000e-01  1.532854e-01
7.620000e-01  1.529708e-01
7.650000e-01  1.526573e-01
7.680000e-01  1.523450e-01
7.710000e-01  1.520338e-01
7.740000e-01  1.517237e-01
7.770000e-01  1.514148e-01
7.800000e-01  1.511069e-01
7.830000e-01  1.508001e-01
7.860000e-01  1.504944e-01
7.890000e-01  1.501898e-01
7.920000e-01  1.498862e-01
7.950000e-01  1.495837e-01
7.980000e-01  1.492821e-01
8.010000e-01  1.489817e-01
8.040000e-01  1.486822e-01
8.070000e-01  1.483837e-01
8.100000e-01  1.480862e-01
8.130000e-01  1.477897e-01
8.160000e-01  1.474942e-01
8.190000e-01  1.471996e-01
8.220000e-01  1.469060e-01
8.250000e-01  1.466134e-01
8.280000e-01  1.463217e-01
8.310000e-01  1.460309e-01
8.340000e-01  1.457410e-01
8.370000e-01  1.454520e-01
8.400000e-01  1.451640e-01
8.430000e-01  1.448768e-01
8.460000e-01  1.445905e-01
8.490000e-01  1.443051e-01
8.520000e-01  1.440205e-01
8.550000e-01  1.437369e-01
8.580000e-01  1.434540e-01
8.610000e-01  1.431720e-01
8.640000e-01  1.428908e-01
8.670000e-01  1.426105e-01
8.700000e-01  1.423310e-01
8.730000e-01  1.420523e-01
8.760000e-01  1.417743e-01
8.790000e-01  1.414972e-01
8.820000e-01  1.412209e-01
8.850000e-01  1.409453e-01
8.880000e-01  1.406705e-01
8.910000e-01  1.403965e-01
8.940000e-01  1.401232e-01
8.970000e-01  1.398507e-01
9.000000e-01  1.395789e-01
9.030000e-01  1.393079e-01
9.060000e-01  1.390375e-01
9.090000e-01  1.387679e-01
9.120000e-01  1.384990e-01
9.150000e-01  1.382309e-01
9.180000e-01  1.379634e-01
9.210000e-01  1.376966e-01
9.240000e-01  1.374304e-01
9.270000e-01  1.371650e-01
9.300000e-01  1.369002e-01
9.330000e-01  1.366361e-01
9.360000e-01  1.363727e-01
9.390000e-01  1.361099e-01
9.420000e-01  1.358477e-01
9.450000e-01  1.355862e-01
9.480000e-01  1.353253e-01
9.510000e-01  1.350651e-01
9.540000e-01  1.348054e-01
9.570000e-01  1.345464e-01
9.600000e-01  1.342880e-01
9.630000e-01  1.340302e-01
9.660000e-01  1.337729e-01
9.690000e-01  1.335163e-01
9.720000e-01  1.332602e-01
9.750000e-01  1.330047e-01
9.780000e-01  1.327498e-01
9.810000e-01  1.324954e-01
9.840000e-01  1.322416e-01
9.870000e-01  1.319884e-01
9.900000e-01  1.317357e-01
9.930000e-01  1.314835e-01
9.960000e-01  1.312319e-01
9.990000e-01  1.309807e-01
