000000  000001
3.000000e-03  8.112913e-01
6.000000e-03  7.274067e-01
9.000000e-03  6.739996e-01
1.200000e-02  6.352489e-01
1.500000e-02  6.050815e-01
1.800000e-02  5.805273e-01
2.100000e-02  5.599166e-01
2.400000e-02  5.422195e-01
2.700000e-02  5.267577e-01
3.000000e-02  5.130612e-01
3.300000e-02  5.007919e-01
3.600000e-02  4.896985e-01
3.900000e-02  4.795896e-01
4.200000e-02  4.703159e-01
4.500000e-02  4.617590e-01
4.800000e-02  4.538236e-01
5.100000e-02  4.464316e-01
5.400000e-02  4.395186e-01
5.700000e-02  4.330306e-01
6.000000e-02  4.269222e-01
6.300000e-02  4.211544e-01
6.600000e-02  4.156942e-01
6.900000e-02  4.105127e-01
7.200000e-02  4.055849e-01
7.500000e-02  4.008890e-01
7.800000e-02  3.964058e-01
8.100000e-02  3.921183e-01
8.400000e-02  3.880113e-01
8.700000e-02  3.840714e-01
9.000000e-02  3.802865e-01
9.300000e-02  3.766459e-01
9.600000e-02  3.731398e-01
9.900000e-02  3.697593e-01
1.020000e-01  3.664964e-01
1.050000e-01  3.633439e-01
1.080000e-01  3.602950e-01
1.110000e-01  3.573437e-01
1.140000e-01  3.544844e-01
1.170000e-01  3.517120e-01
1.200000e-01  3.490217e-01
1.230000e-01  3.464092e-01
1.260000e-01  3.438704e-01
1.290000e-01  3.414017e-01
1.320000e-01  3.389995e-01
1.350000e-01  3.366606e-01
1.380000e-01  3.343820e-01
1.410000e-01  3.321610e-01
1.440000e-01  3.299948e-01
1.470000e-01  3.278811e-01
1.500000e-01  3.258175e-01
1.530000e-01  3.238020e-01
1.560000e-01  3.218324e-01
1.590000e-01  3.199069e-01
1.620000e-01  3.180238e-01
1.650000e-01  3.161812e-01
1.680000e-01  3.143777e-01
1.710000e-01  3.126117e-01
1.740000e-01  3.108818e-01
1.770000e-01  3.091867e-01
1.800000e-01  3.075251e-01
1.830000e-01  3.058958e-01
1.860000e-01  3.042976e-01
1.890000e-01  3.027296e-01
1.920000e-01  3.011905e-01
1.950000e-01  2.996796e-01
1.980000e-01  2.981957e-01
2.010000e-01  2.967381e-01
2.040000e-01  2.953059e-01
2.070000e-01  2.938982e-01
2.100000e-01  2.925144e-01
2.130000e-01  2.911536e-01
2.160000e-01  2.898152e-01
2.190000e-01  2.884985e-01
2.220000e-01  2.872029e-01
2.250000e-01  2.859276e-01
2.280000e-01  2.846723e-01
2.310000e-01  2.834362e-01
2.340000e-01  2.822188e-01
2.370000e-01  2.810196e-01
2.400000e-01  2.798382e-01
2.430000e-01  2.786739e-01
2.460000e-01  2.775264e-01
2.490000e-01  2.763953e-01
2.520000e-01  2.752800e-01
2.550000e-01  2.741802e-01
2.580000e-01  2.730955e-01
2.610000e-01  2.720255e-01
2.640000e-01  2.709698e-01
2.670000e-01  2.699281e-01
2.700000e-01  2.689000e-01
2.730000e-01  2.678853e-01
2.760000e-01  2.668835e-01
2.790000e-01  2.658944e-01
2.820000e-01  2.649176e-01
2.850000e-01  2.639530e-01
2.880000e-01  2.630001e-01
2.910000e-01  2.620589e-01
2.940000e-01  2.611288e-01
2.970000e-01  2.602099e-01
3.000000e-01  2.593017e-01
3.030000e-01  2.584040e-01
3.060000e-01  2.575167e-01
3.090000e-01  2.566395e-01
3.120000e-01  2.557722e-01
3.150000e-01  2.549145e-01
3.180000e-01  2.540663e-01
3.210000e-01  2.532274e-01
3.240000e-01  2.523976e-01
3.270000e-01  2.515767e-01
3.300000e-01  2.507645e-01
3.330000e-01  2.499609e-01
3.360000e-01  2.491657e-01
3.390000e-01  2.483786e-01
3.420000e-01  2.475997e-01
3.450000e-01  2.468286e-01
3.480000e-01  2.460653e-01
3.510000e-01  2.453096e-01
3.540000e-01  2.445614e-01
3.570000e-01  2.438205e-01
3.600000e-01  2.430867e-01
3.630000e-01  2.423601e-01
3.660000e-01  2.416403e-01
3.690000e-01  2.409274e-01
3.720000e-01  2.402212e-01
3.750000e-01  2.395215e-01
3.780000e-01  2.388282e-01
3.810000e-01  2.381413e-01
3.840000e-01  2.374607e-01
3.870000e-01  2.367861e-01
3.900000e-01  2.361176e-01
3.930000e-01  2.354550e-01
3.960000e-01  2.347981e-01
3.990000e-01  2.341470e-01
4.020000e-01  2.335015e-01
4.050000e-01  2.328616e-01
4.080000e-01  2.322271e-01
4.110000e-01  2.315979e-01
4.140000e-01  2.309740e-01
4.170000e-01  2.303553e-01
4.200000e-01  2.297417e-01
4.230000e-01  2.291331e-01
4.260000e-01  2.285295e-01
4.290000e-01  2.279307e-01
4.320000e-01  2.273366e-01
4.350000e-01  2.267473e-01
4.380000e-01  2.261627e-01
4.410000e-01  2.255826e-01
4.440000e-01  2.250070e-01
4.470000e-01  2.244359e-01
4.500000e-01  2.238691e-01
4.530000e-01  2.233066e-01
4.560000e-01  2.227484e-01
4.590000e-01  2.221943e-01
4.620000e-01  2.216444e-01
4.650000e-01  2.210985e-01
4.680000e-01  2.205566e-01
4.710000e-01  2.200187e-01
4.740000e-01  2.194847e-01
4.770000e-01  2.189545e-01
4.800000e-01  2.184280e-01
4.830000e-01  2.179053e-01
4.860000e-01  2.173863e-01
4.890000e-01  2.168710e-01
4.920000e-01  2.163591e-01
4.950000e-01  2.158509e-01
4.980000e-01  2.153461e-01
5.010000e-01  2.148447e-01
5.040000e-01  2.143467e-01
5.070000e-01  2.138521e-01
5.100000e-01  2.133608e-01
5.130000e-01  2.128727e-01
5.160000e-01  2.123879e-01
5.190000e-01  2.119062e-01
5.220000e-01  2.114276e-01
5.250000e-01  2.109522e-01
5.280000e-01  2.104798e-01
5.310000e-01  2.100104e-01
5.340000e-01  2.095440e-01
5.370000e-01  2.090805e-01
5.400000e-01  2.086200e-01
5.430000e-01  2.081623e-01
5.460000e-01  2.077074e-01
5.490000e-01  2.072554e-01
5.520000e-01  2.068060e-01
5.550000e-01  2.063595e-01
5.580000e-01  2.059156e-01
5.610000e-01  2.054744e-01
5.640000e-01  2.050358e-01
5.670000e-01  2.045998e-01
5.700000e-01  2.041664e-01
5.730000e-01  2.037356e-01
5.760000e-01  2.033072e-01
5.790000e-01  2.028813e-01
5.820000e-01  2.024579e-01
5.850000e-01  2.020369e-01
5.880000e-01  2.016183e-01
5.910000e-01  2.012021e-01
5.940000e-01  2.007882e-01
5.970000e-01  2.003766e-01
6.000000e-01  1.999674e-01
6.030000e-01  1.995603e-01
6.060000e-01  1.991556e-01
6.090000e-01  1.987530e-01
6.120000e-01  1.983526e-01
6.150000e-01  1.979544e-01
6.180000e-01  1.975583e-01
6.210000e-01  1.971644e-01
6.240000e-01  1.967725e-01
6.270000e-01  1.963828e-01
6.300000e-01  1.959950e-01
6.330000e-01  1.956093e-01
6.360000e-01  1.952256e-01
6.390000e-01  1.948439e-01
6.420000e-01  1.944642e-01
6.450000e-01  1.940864e-01
6.480000e-01  1.937105e-01
6.510000e-01  1.933365e-01
6.540000e-01  1.929644e-01
6.570000e-01  1.925942e-01
6.600000e-01  1.922258e-01
6.630000e-01  1.918593e-01
6.660000e-01  1.914945e-01
6.690000e-01  1.911316e-01
6.720000e-01  1.907704e-01
6.750000e-01  1.904110e-01
6.780000e-01  1.900533e-01
6.810000e-01  1.896973e-01
6.840000e-01  1.893430e-01
6.870000e-01  1.889904e-01
6.900000e-01  1.886395e-01
6.930000e-01  1.882902e-01
6.960000e-01  1.879426e-01
6.990000e-01  1.875966e-01
7.020000e-01  1.872522e-01
7.050000e-01  1.869093e-01
7.080000e-01  1.865681e-01
7.110000e-01  1.862284e-01
7.140000e-01  1.858902e-01
7.170000e-01  1.855536e-01
7.200000e-01  1.852185e-01
7.230000e-01  1.848849e-01
7.260000e-01  1.845528e-01
7.290000e-01  1.842221e-01
7.320000e-01  1.838929e-01
7.350000e-01  1.835651e-01
7.380000e-01  1.832388e-01
7.410000e-01  1.829139e-01
7.440000e-01  1.825904e-01
7.470000e-01  1.822683e-01
7.500000e-01  1.819475e-01
7.530000e-01  1.816281e-01
7.560000e-01  1.813101e-01
7.590000e-01  1.809934e-01
7.620000e-01  1.806781e-01
7.650000e-01  1.803641e-01
7.680000e-01  1.800513e-01
7.710000e-01  1.797399e-01
7.740000e-01  1.794297e-01
7.770000e-01  1.791208e-01
7.800000e-01  1.788132e-01
7.830000e-01  1.785068e-01
7.860000e-01  1.782017e-01
7.890000e-01  1.778978e-01
7.920000e-01  1.775951e-01
7.950000e-01  1.772936e-01
7.980000e-01  1.769933e-01
8.010000e-01  1.766942e-01
8.040000e-01  1.763962e-01
8.070000e-01  1.760994e-01
8.100000e-01  1.758038e-01
8.130000e-01  1.755093e-01
8.160000e-01  1.752160e-01
8.190000e-01  1.749238e-01
8.220000e-01  1.746326e-01
8.250000e-01  1.743426e-01
8.280000e-01  1.740537e-01
8.310000e-01  1.737659e-01
8.340000e-01  1.734792e-01
8.370000e-01  1.731935e-01
8.400000e-01  1.729089e-01
8.430000e-01  1.726253e-01
8.460000e-01  1.723428e-01
8.490000e-01  1.720613e-01
8.520000e-01  1.717808e-01
8.550000e-01  1.715014e-01
8.580000e-01  1.712229e-01
8.610000e-01  1.709455e-01
8.640000e-01  1.706691e-01
8.670000e-01  1.703936e-01
8.700000e-01  1.701191e-01
8.730000e-01  1.698456e-01
8.760000e-01  1.695730e-01
8.790000e-01  1.693014e-01
8.820000e-01  1.690308e-01
8.850000e-01  1.687611e-01
8.880000e-01  1.684923e-01
8.910000e-01  1.682244e-01
8.940000e-01  1.679575e-01
8.970000e-01  1.676914e-01
9.000000e-01  1.674263e-01
9.030000e-01  1.671620e-01
9.060000e-01  1.668986e-01
9.090000e-01  1.666362e-01
9.120000e-01  1.663746e-01
9.150000e-01  1.661138e-01
9.180000e-01  1.658539e-01
9.210000e-01  1.655949e-01
9.240000e-01  1.653367e-01
9.270000e-01  1.650794e-01
9.300000e-01  1.648229e-01
9.330000e-01  1.645672e-01
9.360000e-01  1.643123e-01
9.390000e-01  1.640583e-01
9.420000e-01  1.638050e-01
9.450000e-01  1.635526e-01
9.480000e-01  1.633009e-01
9.510000e-01  1.630501e-01
9.540000e-01  1.628000e-01
9.570000e-01  1.625507e-01
9.600000e-01  1.623022e-01
9.630000e-01  1.620545e-01
9.660000e-01  1.618075e-01
9.690000e-01  1.615613e-01
9.720000e-01  1.613158e-01
9.750000e-01  1.610710e-01
9.780000e-01  1.608270e-01
9.810000e-01  1.605837e-01
9.840000e-01  1.603412e-01
9.870000e-01  1.600994e-01
9.900000e-01  1.598583e-01
9.930000e-01  1.596179e-01
9.960000e-01  1.593782e-01
9.990000e-01  1.591392e-01
