000000  000001
3.000000e-03  7.020881e-01
6.000000e-03  6.089968e-01
9.000000e-03  5.545977e-01
1.200000e-02  5.168160e-01
1.500000e-02  4.881980e-01
1.800000e-02  4.653451e-01
2.100000e-02  4.464316e-01
2.400000e-02  4.303687e-01
2.700000e-02  4.164565e-01
3.000000e-02  4.042205e-01
3.300000e-02  3.933242e-01
3.600000e-02  3.835214e-01
3.900000e-02  3.746266e-01
4.200000e-02  3.664964e-01
4.500000e-02  3.590185e-01
4.800000e-02  3.521029e-01
5.100000e-02  3.456765e-01
5.400000e-02  3.396792e-01
5.700000e-02  3.340613e-01
6.000000e-02  3.287807e-01
6.300000e-02  3.238020e-01
6.600000e-02  3.190948e-01
6.900000e-02  3.146330e-01
7.200000e-02  3.103940e-01
7.500000e-02  3.063581e-01
7.800000e-02  3.025080e-01
8.100000e-02  2.988284e-01
8.400000e-02  2.953059e-01
8.700000e-02  2.919284e-01
9.000000e-02  2.886853e-01
9.300000e-02  2.855670e-01
9.600000e-02  2.825647e-01
9.900000e-02  2.796708e-01
1.020000e-01  2.768781e-01
1.050000e-01  2.741802e-01
1.080000e-01  2.715713e-01
1.110000e-01  2.690461e-01
1.140000e-01  2.665996e-01
1.170000e-01  2.642274e-01
1.200000e-01  2.619253e-01
1.230000e-01  2.596896e-01
1.260000e-01  2.575167e-01
1.290000e-01  2.554034e-01
1.320000e-01  2.533467e-01
1.350000e-01  2.513438e-01
1.380000e-01  2.493920e-01
1.410000e-01  2.474890e-01
1.440000e-01  2.456326e-01
1.470000e-01  2.438205e-01
1.500000e-01  2.420508e-01
1.530000e-01  2.403216e-01
1.560000e-01  2.386313e-01
1.590000e-01  2.369782e-01
1.620000e-01  2.353608e-01
1.650000e-01  2.337775e-01
1.680000e-01  2.322271e-01
1.710000e-01  2.307082e-01
1.740000e-01  2.292197e-01
1.770000e-01  2.277605e-01
1.800000e-01  2.263293e-01
1.830000e-01  2.249251e-01
1.860000e-01  2.235471e-01
1.890000e-01  2.221943e-01
1.920000e-01  2.208658e-01
1.950000e-01  2.195607e-01
1.980000e-01  2.182783e-01
2.010000e-01  2.170178e-01
2.040000e-01  2.157785e-01
2.070000e-01  2.145597e-01
2.100000e-01  2.133608e-01
2.130000e-01  2.121810e-01
2.160000e-01  2.110199e-01
2.190000e-01  2.098768e-01
2.220000e-01  2.087513e-01
2.250000e-01  2.076427e-01
2.280000e-01  2.065505e-01
2.310000e-01  2.054744e-01
2.340000e-01  2.044138e-01
2.370000e-01  2.033683e-01
2.400000e-01  2.023374e-01
2.430000e-01  2.013208e-01
2.460000e-01  2.003180e-01
2.490000e-01  1.993288e-01
2.520000e-01  1.983526e-01
2.550000e-01  1.973892e-01
2.580000e-01  1.964383e-01
2.610000e-01  1.954995e-01
2.640000e-01  1.945725e-01
2.670000e-01  1.936570e-01
2.700000e-01  1.927527e-01
2.730000e-01  1.918593e-01
2.760000e-01  1.909766e-01
2.790000e-01  1.901043e-01
2.820000e-01  1.892421e-01
2.850000e-01  1.883899e-01
2.880000e-01  1.875473e-01
2.910000e-01  1.867141e-01
2.940000e-01  1.858902e-01
2.970000e-01  1.850753e-01
3.000000e-01  1.842692e-01
3.030000e-01  1.834717e-01
3.060000e-01  1.826827e-01
3.090000e-01  1.819018e-01
3.120000e-01  1.811290e-01
3.150000e-01  1.803641e-01
3.180000e-01  1.796068e-01
3.210000e-01  1.788571e-01
3.240000e-01  1.781147e-01
3.270000e-01  1.773796e-01
3.300000e-01  1.766515e-01
3.330000e-01  1.759304e-01
3.360000e-01  1.752160e-01
3.390000e-01  1.745082e-01
3.420000e-01  1.738070e-01
3.450000e-01  1.731121e-01
3.480000e-01  1.724234e-01
3.510000e-01  1.717409e-01
3.540000e-01  1.710643e-01
3.570000e-01  1.703936e-01
3.600000e-01  1.697287e-01
3.630000e-01  1.690694e-01
3.660000e-01  1.684156e-01
3.690000e-01  1.677673e-01
3.720000e-01  1.671243e-01
3.750000e-01  1.664866e-01
3.780000e-01  1.658539e-01
3.810000e-01  1.652263e-01
3.840000e-01  1.646037e-01
3.870000e-01  1.639858e-01
3.900000e-01  1.633728e-01
3.930000e-01  1.627644e-01
3.960000e-01  1.621606e-01
3.990000e-01  1.615613e-01
4.020000e-01  1.609664e-01
4.050000e-01  1.603758e-01
4.080000e-01  1.597895e-01
4.110000e-01  1.592074e-01
4.140000e-01  1.586294e-01
4.170000e-01  1.580555e-01
4.200000e-01  1.574855e-01
4.230000e-01  1.569194e-01
4.260000e-01  1.563572e-01
4.290000e-01  1.557987e-01
4.320000e-01  1.552439e-01
4.350000e-01  1.546928e-01
4.380000e-01  1.541452e-01
4.410000e-01  1.536011e-01
4.440000e-01  1.530605e-01
4.470000e-01  1.525233e-01
4.500000e-01  1.519894e-01
4.530000e-01  1.514589e-01
4.560000e-01  1.509315e-01
4.590000e-01  1.504073e-01
4.620000e-01  1.498862e-01
4.650000e-01  1.493682e-01
4.680000e-01  1.488532e-01
4.710000e-01  1.483412e-01
4.740000e-01  1.478320e-01
4.770000e-01  1.473258e-01
4.800000e-01  1.468223e-01
4.830000e-01  1.463217e-01
4.860000e-01  1.458237e-01
4.890000e-01  1.453285e-01
4.920000e-01  1.448358e-01
4.950000e-01  1.443458e-01
4.980000e-01  1.438583e-01
5.010000e-01  1.433734e-01
5.040000e-01  1.428908e-01
5.070000e-01  1.424107e-01
5.100000e-01  1.419330e-01
5.130000e-01  1.414577e-01
5.160000e-01  1.409846e-01
5.190000e-01  1.405138e-01
5.220000e-01  1.400453e-01
5.250000e-01  1.395789e-01
5.280000e-01  1.391147e-01
5.310000e-01  1.386526e-01
5.340000e-01  1.381926e-01
5.370000e-01  1.377346e-01
5.400000e-01  1.372787e-01
5.430000e-01  1.368247e-01
5.460000e-01  1.363727e-01
5.490000e-01  1.359226e-01
5.520000e-01  1.354743e-01
5.550000e-01  1.350279e-01
5.580000e-01  1.345834e-01
5.610000e-01  1.341406e-01
5.640000e-01  1.336995e-01
5.670000e-01  1.332602e-01
5.700000e-01  1.328226e-01
5.730000e-01  1.323866e-01
5.760000e-01  1.319522e-01
5.790000e-01  1.315195e-01
5.820000e-01  1.310883e-01
5.850000e-01  1.306587e-01
5.880000e-01  1.302305e-01
5.910000e-01  1.298039e-01
5.940000e-01  1.293787e-01
5.970000e-01  1.289549e-01
6.000000e-01  1.285325e-01
6.030000e-01  1.281115e-01
6.060000e-01  1.276918e-01
6.090000e-01  1.272735e-01
6.120000e-01  1.268564e-01
6.150000e-01  1.264406e-01
6.180000e-01  1.260261e-01
6.210000e-01  1.256127e-01
6.240000e-01  1.252005e-01
6.270000e-01  1.247895e-01
6.300000e-01  1.243796e-01
6.330000e-01  1.239708e-01
6.360000e-01  1.235631e-01
6.390000e-01  1.231564e-01
6.420000e-01  1.227508e-01
6.450000e-01  1.223462e-01
6.480000e-01  1.219425e-01
6.510000e-01  1.215398e-01
6.540000e-01  1.211380e-01
6.570000e-01  1.207371e-01
6.600000e-01  1.203370e-01
6.630000e-01  1.199379e-01
6.660000e-01  1.195395e-01
6.690000e-01  1.191419e-01
6.720000e-01  1.187451e-01
6.750000e-01  1.183491e-01
6.780000e-01  1.179537e-01
6.810000e-01  1.175591e-01
6.840000e-01  1.171651e-01
6.870000e-01  1.167717e-01
6.900000e-01  1.163790e-01
6.930000e-01  1.159868e-01
6.960000e-01  1.155953e-01
6.990000e-01  1.152042e-01
7.020000e-01  1.148137e-01
7.050000e-01  1.144236e-01
7.080000e-01  1.140340e-01
7.110000e-01  1.136448e-01
7.140000e-01  1.132561e-01
7.170000e-01  1.128677e-01
7.200000e-01  1.124796e-01
7.230000e-01  1.120919e-01
7.260000e-01  1.117044e-01
7.290000e-01  1.113172e-01
7.320000e-01  1.109302e-01
7.350000e-01  1.105435e-01
7.380000e-01  1.101569e-01
7.410000e-01  1.097704e-01
7.440000e-01  1.093841e-01
7.470000e-01  1.089978e-01
7.500000e-01  1.086115e-01
7.530000e-01  000000
7.560000e-01  000000
7.590000e-01  000000
7.620000e-01  000000
7.650000e-01  000000
7.680000e-01  000000
7.710000e-01  000000
7.740000e-01  000000
7.770000e-01  000000
7.800000e-01  000000
7.830000e-01  000000
7.860000e-01  000000
7.890000e-01  000000
7.920000e-01  000000
7.950000e-01  000000
7.980000e-01  000000
8.010000e-01  000000
8.040000e-01  000000
8.070000e-01  000000
8.100000e-01  000000
8.130000e-01  000000
8.160000e-01  000000
8.190000e-01  000000
8.220000e-01  000000
8.250000e-01  000000
8.280000e-01  000000
8.310000e-01  000000
8.340000e-01  000000
8.370000e-01  000000
8.400000e-01  000000
8.430000e-01  000000
8.460000e-01  000000
8.490000e-01  000000
8.520000e-01  000000
8.550000e-01  000000
8.580000e-01  000000
8.610000e-01  000000
8.640000e-01  000000
8.670000e-01  000000
8.700000e-01  000000
8.730000e-01  000000
8.760000e-01  000000
8.790000e-01  000000
8.820000e-01  000000
8.850000e-01  000000
8.880000e-01  000000
8.910000e-01  000000
8.940000e-01  000000
8.970000e-01  000000
9.000000e-01  000000
9.030000e-01  000000
9.060000e-01  000000
9.090000e-01  000000
9.120000e-01  000000
9.150000e-01  000000
9.180000e-01  000000
9.210000e-01  000000
9.240000e-01  000000
9.270000e-01  000000
9.300000e-01  000000
9.330000e-01  000000
9.360000e-01  000000
9.390000e-01  000000
9.420000e-01  000000
9.450000e-01  000000
9.480000e-01  000000
9.510000e-01  000000
9.540000e-01  000000
9.570000e-01  000000
9.600000e-01  000000
9.630000e-01  000000
9.660000e-01  000000
9.690000e-01  000000
9.720000e-01  000000
9.750000e-01  000000
9.780000e-01  000000
9.810000e-01  000000
9.840000e-01  000000
9.870000e-01  000000
9.900000e-01  000000
9.930000e-01  000000
9.960000e-01  000000
9.990000e-01  000000
