000000  000001
3.000000e-03  5.696186e-01
6.000000e-03  4.795702e-01
9.000000e-03  4.300511e-01
1.200000e-02  3.966459e-01
1.500000e-02  3.717821e-01
1.800000e-02  3.521579e-01
2.100000e-02  3.360509e-01
2.400000e-02  3.224547e-01
2.700000e-02  3.107331e-01
3.000000e-02  3.004596e-01
3.300000e-02  2.913356e-01
3.600000e-02  2.831438e-01
3.900000e-02  2.757221e-01
4.200000e-02  2.689460e-01
4.500000e-02  2.627183e-01
4.800000e-02  2.569616e-01
5.100000e-02  2.516133e-01
5.400000e-02  2.466224e-01
5.700000e-02  2.419463e-01
6.000000e-02  2.375496e-01
6.300000e-02  2.334021e-01
6.600000e-02  2.294786e-01
6.900000e-02  2.257568e-01
7.200000e-02  2.222179e-01
7.500000e-02  2.188454e-01
7.800000e-02  2.156249e-01
8.100000e-02  2.125435e-01
8.400000e-02  2.095902e-01
8.700000e-02  2.067548e-01
9.000000e-02  2.040286e-01
9.300000e-02  2.014035e-01
9.600000e-02  1.988724e-01
9.900000e-02  1.964288e-01
1.020000e-01  1.940670e-01
1.050000e-01  1.917815e-01
1.080000e-01  1.895676e-01
1.110000e-01  1.874208e-01
1.140000e-01  1.853372e-01
1.170000e-01  1.833130e-01
1.200000e-01  1.813448e-01
1.230000e-01  1.794295e-01
1.260000e-01  1.775643e-01
1.290000e-01  1.757464e-01
1.320000e-01  1.739733e-01
1.350000e-01  1.722428e-01
1.380000e-01  1.705527e-01
1.410000e-01  1.689010e-01
1.440000e-01  1.672858e-01
1.470000e-01  1.657055e-01
1.500000e-01  1.641583e-01
1.530000e-01  1.626428e-01
1.560000e-01  1.611575e-01
1.590000e-01  1.597010e-01
1.620000e-01  1.582721e-01
1.650000e-01  1.568696e-01
1.680000e-01  1.554923e-01
1.710000e-01  1.541392e-01
1.740000e-01  1.528093e-01
1.770000e-01  1.515016e-01
1.800000e-01  1.502152e-01
1.830000e-01  1.489492e-01
1.860000e-01  1.477028e-01
1.890000e-01  1.464752e-01
1.920000e-01  1.452657e-01
1.950000e-01  1.440736e-01
1.980000e-01  1.428982e-01
2.010000e-01  1.417388e-01
2.040000e-01  1.405948e-01
2.070000e-01  1.394656e-01
2.100000e-01  1.383507e-01
2.130000e-01  1.372495e-01
2.160000e-01  1.361614e-01
2.190000e-01  1.350860e-01
2.220000e-01  1.340227e-01
2.250000e-01  1.329712e-01
2.280000e-01  1.319308e-01
2.310000e-01  1.309013e-01
2.340000e-01  1.298822e-01
2.370000e-01  1.288730e-01
2.400000e-01  1.278733e-01
2.430000e-01  1.268828e-01
2.460000e-01  1.259010e-01
2.490000e-01  1.249277e-01
2.520000e-01  1.239624e-01
2.550000e-01  1.230047e-01
2.580000e-01  1.220544e-01
2.610000e-01  1.211111e-01
2.640000e-01  1.201744e-01
2.670000e-01  1.192440e-01
2.700000e-01  1.183196e-01
2.730000e-01  1.174008e-01
2.760000e-01  1.164874e-01
2.790000e-01  1.155789e-01
2.820000e-01  1.146752e-01
2.850000e-01  1.137758e-01
2.880000e-01  1.128805e-01
2.910000e-01  1.119888e-01
2.940000e-01  1.111006e-01
2.970000e-01  1.102155e-01
3.000000e-01  1.093330e-01
3.030000e-01  1.084530e-01
3.060000e-01  1.075750e-01
3.090000e-01  1.066987e-01
3.120000e-01  1.058238e-01
3.150000e-01  1.049498e-01
3.180000e-01  1.040763e-01
3.210000e-01  000000
3.240000e-01  000000
3.270000e-01  000000
3.300000e-01  000000
3.330000e-01  000000
3.360000e-01  000000
3.390000e-01  000000
3.420000e-01  000000
3.450000e-01  000000
3.480000e-01  000000
3.510000e-01  000000
3.540000e-01  000000
3.570000e-01  000000
3.600000e-01  000000
3.630000e-01  000000
3.660000e-01  000000
3.690000e-01  000000
3.720000e-01  000000
3.750000e-01  000000
3.780000e-01  000000
3.810000e-01  000000
3.840000e-01  000000
3.870000e-01  000000
3.900000e-01  000000
3.930000e-01  000000
3.960000e-01  000000
3.990000e-01  000000
4.020000e-01  000000
4.050000e-01  000000
4.080000e-01  000000
4.110000e-01  000000
4.140000e-01  000000
4.170000e-01  000000
4.200000e-01  000000
4.230000e-01  000000
4.260000e-01  000000
4.290000e-01  000000
4.320000e-01  000000
4.350000e-01  000000
4.380000e-01  000000
4.410000e-01  000000
4.440000e-01  000000
4.470000e-01  000000
4.500000e-01  000000
4.530000e-01  000000
4.560000e-01  000000
4.590000e-01  000000
4.620000e-01  000000
4.650000e-01  000000
4.680000e-01  000000
4.710000e-01  000000
4.740000e-01  000000
4.770000e-01  000000
4.800000e-01  000000
4.830000e-01  000000
4.860000e-01  000000
4.890000e-01  000000
4.920000e-01  000000
4.950000e-01  000000
4.980000e-01  000000
5.010000e-01  000000
5.040000e-01  000000
5.070000e-01  000000
5.100000e-01  000000
5.130000e-01  000000
5.160000e-01  000000
5.190000e-01  000000
5.220000e-01  000000
5.250000e-01  000000
5.280000e-01  000000
5.310000e-01  000000
5.340000e-01  000000
5.370000e-01  000000
5.400000e-01  000000
5.430000e-01  000000
5.460000e-01  000000
5.490000e-01  000000
5.520000e-01  000000
5.550000e-01  000000
5.580000e-01  000000
5.610000e-01  000000
5.640000e-01  000000
5.670000e-01  000000
5.700000e-01  000000
5.730000e-01  000000
5.760000e-01  000000
5.790000e-01  000000
5.820000e-01  000000
5.850000e-01  000000
5.880000e-01  000000
5.910000e-01  000000
5.940000e-01  000000
5.970000e-01  000000
6.000000e-01  000000
6.030000e-01  000000
6.060000e-01  000000
6.090000e-01  000000
6.120000e-01  000000
6.150000e-01  000000
6.180000e-01  000000
6.210000e-01  000000
6.240000e-01  000000
6.270000e-01  000000
6.300000e-01  000000
6.330000e-01  000000
6.360000e-01  000000
6.390000e-01  000000
6.420000e-01  000000
6.450000e-01  000000
6.480000e-01  000000
6.510000e-01  000000
6.540000e-01  000000
6.570000e-01  000000
6.600000e-01  000000
6.630000e-01  000000
6.660000e-01  000000
6.690000e-01  000000
6.720000e-01  000000
6.750000e-01  000000
6.780000e-01  000000
6.810000e-01  000000
6.840000e-01  000000
6.870000e-01  000000
6.900000e-01  000000
6.930000e-01  000000
6.960000e-01  000000
6.990000e-01  000000
7.020000e-01  000000
7.050000e-01  000000
7.080000e-01  000000
7.110000e-01  000000
7.140000e-01  000000
7.170000e-01  000000
7.200000e-01  000000
7.230000e-01  000000
7.260000e-01  000000
7.290000e-01  000000
7.320000e-01  000000
7.350000e-01  000000
7.380000e-01  000000
7.410000e-01  000000
7.440000e-01  000000
7.470000e-01  000000
7.500000e-01  000000
7.530000e-01  000000
7.560000e-01  000000
7.590000e-01  000000
7.620000e-01  000000
7.650000e-01  000000
7.680000e-01  000000
7.710000e-01  000000
7.740000e-01  000000
7.770000e-01  000000
7.800000e-01  000000
7.830000e-01  000000
7.860000e-01  000000
7.890000e-01  000000
7.920000e-01  000000
7.950000e-01  000000
7.980000e-01  000000
8.010000e-01  000000
8.040000e-01  000000
8.070000e-01  000000
8.100000e-01  000000
8.130000e-01  000000
8.160000e-01  000000
8.190000e-01  000000
8.220000e-01  000000
8.250000e-01  000000
8.280000e-01  000000
8.310000e-01  000000
8.340000e-01  000000
8.370000e-01  000000
8.400000e-01  000000
8.430000e-01  000000
8.460000e-01  000000
8.490000e-01  000000
8.520000e-01  000000
8.550000e-01  000000
8.580000e-01  000000
8.610000e-01  000000
8.640000e-01  000000
8.670000e-01  000000
8.700000e-01  000000
8.730000e-01  000000
8.760000e-01  000000
8.790000e-01  000000
8.820000e-01  000000
8.850000e-01  000000
8.880000e-01  000000
8.910000e-01  000000
8.940000e-01  000000
8.970000e-01  000000
9.000000e-01  000000
9.030000e-01  000000
9.060000e-01  000000
9.090000e-01  000000
9.120000e-01  000000
9.150000e-01  000000
9.180000e-01  000000
9.210000e-01  000000
9.240000e-01  000000
9.270000e-01  000000
9.300000e-01  000000
9.330000e-01  000000
9.360000e-01  000000
9.390000e-01  000000
9.420000e-01  000000
9.450000e-01  000000
9.480000e-01  000000
9.510000e-01  000000
9.540000e-01  000000
9.570000e-01  000000
9.600000e-01  000000
9.630000e-01  000000
9.660000e-01  000000
9.690000e-01  000000
9.720000e-01  000000
9.750000e-01  000000
9.780000e-01  000000
9.810000e-01  000000
9.840000e-01  000000
9.870000e-01  000000
9.900000e-01  000000
9.930000e-01  000000
9.960000e-01  000000
9.990000e-01  000000
