000000  000001
3.000000e-03  8.307724e-01
6.000000e-03  7.503016e-01
9.000000e-03  6.979759e-01
1.200000e-02  6.595825e-01
1.500000e-02  6.294793e-01
1.800000e-02  6.048544e-01
2.100000e-02  5.841070e-01
2.400000e-02  5.662406e-01
2.700000e-02  5.505945e-01
3.000000e-02  5.367082e-01
3.300000e-02  5.242491e-01
3.600000e-02  5.129689e-01
3.900000e-02  5.026778e-01
4.200000e-02  4.932275e-01
4.500000e-02  4.845000e-01
4.800000e-02  4.764002e-01
5.100000e-02  4.688500e-01
5.400000e-02  4.617848e-01
5.700000e-02  4.551505e-01
6.000000e-02  4.489012e-01
6.300000e-02  4.429980e-01
6.600000e-02  4.374074e-01
6.900000e-02  4.321003e-01
7.200000e-02  4.270516e-01
7.500000e-02  4.222392e-01
7.800000e-02  4.176435e-01
8.100000e-02  4.132474e-01
8.400000e-02  4.090355e-01
8.700000e-02  4.049943e-01
9.000000e-02  4.011116e-01
9.300000e-02  3.973762e-01
9.600000e-02  3.937783e-01
9.900000e-02  3.903090e-01
1.020000e-01  3.869600e-01
1.050000e-01  3.837240e-01
1.080000e-01  3.805941e-01
1.110000e-01  3.775643e-01
1.140000e-01  3.746287e-01
1.170000e-01  3.717821e-01
1.200000e-01  3.690198e-01
1.230000e-01  3.663372e-01
1.260000e-01  3.637304e-01
1.290000e-01  3.611953e-01
1.320000e-01  3.587286e-01
1.350000e-01  3.563269e-01
1.380000e-01  3.539871e-01
1.410000e-01  3.517064e-01
1.440000e-01  3.494821e-01
1.470000e-01  3.473116e-01
1.500000e-01  3.451928e-01
1.530000e-01  3.431233e-01
1.560000e-01  3.411010e-01
1.590000e-01  3.391242e-01
1.620000e-01  3.371908e-01
1.650000e-01  3.352992e-01
1.680000e-01  3.334478e-01
1.710000e-01  3.316350e-01
1.740000e-01  3.298593e-01
1.770000e-01  3.281195e-01
1.800000e-01  3.264141e-01
1.830000e-01  3.247420e-01
1.860000e-01  3.231020e-01
1.890000e-01  3.214929e-01
1.920000e-01  3.199138e-01
1.950000e-01  3.183636e-01
1.980000e-01  3.168413e-01
2.010000e-01  3.153461e-01
2.040000e-01  3.138770e-01
2.070000e-01  3.124332e-01
2.100000e-01  3.110140e-01
2.130000e-01  3.096186e-01
2.160000e-01  3.082463e-01
2.190000e-01  3.068963e-01
2.220000e-01  3.055680e-01
2.250000e-01  3.042608e-01
2.280000e-01  3.029740e-01
2.310000e-01  3.017072e-01
2.340000e-01  3.004596e-01
2.370000e-01  2.992309e-01
2.400000e-01  2.980204e-01
2.430000e-01  2.968277e-01
2.460000e-01  2.956523e-01
2.490000e-01  2.944937e-01
2.520000e-01  2.933515e-01
2.550000e-01  2.922253e-01
2.580000e-01  2.911147e-01
2.610000e-01  2.900192e-01
2.640000e-01  2.889385e-01
2.670000e-01  2.878723e-01
2.700000e-01  2.868202e-01
2.730000e-01  2.857817e-01
2.760000e-01  2.847567e-01
2.790000e-01  2.837448e-01
2.820000e-01  2.827457e-01
2.850000e-01  2.817590e-01
2.880000e-01  2.807846e-01
2.910000e-01  2.798221e-01
2.940000e-01  2.788712e-01
2.970000e-01  2.779318e-01
3.000000e-01  2.770034e-01
3.030000e-01  2.760860e-01
3.060000e-01  2.751793e-01
3.090000e-01  2.742830e-01
3.120000e-01  2.733969e-01
3.150000e-01  2.725208e-01
3.180000e-01  2.716546e-01
3.210000e-01  2.707979e-01
3.240000e-01  2.699506e-01
3.270000e-01  2.691125e-01
3.300000e-01  2.682834e-01
3.330000e-01  2.674632e-01
3.360000e-01  2.666517e-01
3.390000e-01  2.658487e-01
3.420000e-01  2.650540e-01
3.450000e-01  2.642674e-01
3.480000e-01  2.634889e-01
3.510000e-01  2.627183e-01
3.540000e-01  2.619554e-01
3.570000e-01  2.612000e-01
3.600000e-01  2.604521e-01
3.630000e-01  2.597115e-01
3.660000e-01  2.589781e-01
3.690000e-01  2.582517e-01
3.720000e-01  2.575323e-01
3.750000e-01  2.568196e-01
3.780000e-01  2.561136e-01
3.810000e-01  2.554141e-01
3.840000e-01  2.547211e-01
3.870000e-01  2.540345e-01
3.900000e-01  2.533541e-01
3.930000e-01  2.526798e-01
3.960000e-01  2.520115e-01
3.990000e-01  2.513491e-01
4.020000e-01  2.506925e-01
4.050000e-01  2.500417e-01
4.080000e-01  2.493965e-01
4.110000e-01  2.487569e-01
4.140000e-01  2.481227e-01
4.170000e-01  2.474939e-01
4.200000e-01  2.468703e-01
4.230000e-01  2.462520e-01
4.260000e-01  2.456388e-01
4.290000e-01  2.450306e-01
4.320000e-01  2.444274e-01
4.350000e-01  2.438290e-01
4.380000e-01  2.432355e-01
4.410000e-01  2.426467e-01
4.440000e-01  2.420626e-01
4.470000e-01  2.414830e-01
4.500000e-01  2.409080e-01
4.530000e-01  2.403375e-01
4.560000e-01  2.397714e-01
4.590000e-01  2.392096e-01
4.620000e-01  2.386520e-01
4.650000e-01  2.380987e-01
4.680000e-01  2.375496e-01
4.710000e-01  2.370045e-01
4.740000e-01  2.364634e-01
4.770000e-01  2.359264e-01
4.800000e-01  2.353932e-01
4.830000e-01  2.348640e-01
4.860000e-01  2.343385e-01
4.890000e-01  2.338168e-01
4.920000e-01  2.332988e-01
4.950000e-01  2.327845e-01
4.980000e-01  2.322739e-01
5.010000e-01  2.317667e-01
5.040000e-01  2.312631e-01
5.070000e-01  2.307630e-01
5.100000e-01  2.302663e-01
5.130000e-01  2.297730e-01
5.160000e-01  2.292830e-01
5.190000e-01  2.287963e-01
5.220000e-01  2.283128e-01
5.250000e-01  2.278326e-01
5.280000e-01  2.273556e-01
5.310000e-01  2.268817e-01
5.340000e-01  2.264108e-01
5.370000e-01  2.259431e-01
5.400000e-01  2.254783e-01
5.430000e-01  2.250166e-01
5.460000e-01  2.245577e-01
5.490000e-01  2.241018e-01
5.520000e-01  2.236488e-01
5.550000e-01  2.231986e-01
5.580000e-01  2.227512e-01
5.610000e-01  2.223065e-01
5.640000e-01  2.218647e-01
5.670000e-01  2.214255e-01
5.700000e-01  2.209889e-01
5.730000e-01  2.205551e-01
5.760000e-01  2.201238e-01
5.790000e-01  2.196952e-01
5.820000e-01  2.192690e-01
5.850000e-01  2.188454e-01
5.880000e-01  2.184243e-01
5.910000e-01  2.180057e-01
5.940000e-01  2.175895e-01
5.970000e-01  2.171757e-01
6.000000e-01  2.167643e-01
6.030000e-01  2.163553e-01
6.060000e-01  2.159486e-01
6.090000e-01  2.155442e-01
6.120000e-01  2.151421e-01
6.150000e-01  2.147422e-01
6.180000e-01  2.143446e-01
6.210000e-01  2.139491e-01
6.240000e-01  2.135559e-01
6.270000e-01  2.131648e-01
6.300000e-01  2.127759e-01
6.330000e-01  2.123890e-01
6.360000e-01  2.120043e-01
6.390000e-01  2.116216e-01
6.420000e-01  2.112410e-01
6.450000e-01  2.108625e-01
6.480000e-01  2.104859e-01
6.510000e-01  2.101113e-01
6.540000e-01  2.097387e-01
6.570000e-01  2.093680e-01
6.600000e-01  2.089992e-01
6.630000e-01  2.086324e-01
6.660000e-01  2.082674e-01
6.690000e-01  2.079043e-01
6.720000e-01  2.075431e-01
6.750000e-01  2.071837e-01
6.780000e-01  2.068261e-01
6.810000e-01  2.064703e-01
6.840000e-01  2.061163e-01
6.870000e-01  2.057640e-01
6.900000e-01  2.054135e-01
6.930000e-01  2.050647e-01
6.960000e-01  2.047177e-01
6.990000e-01  2.043723e-01
7.020000e-01  2.040286e-01
7.050000e-01  2.036865e-01
7.080000e-01  2.033461e-01
7.110000e-01  2.030074e-01
7.140000e-01  2.026702e-01
7.170000e-01  2.023347e-01
7.200000e-01  2.020007e-01
7.230000e-01  2.016683e-01
7.260000e-01  2.013374e-01
7.290000e-01  2.010081e-01
7.320000e-01  2.006804e-01
7.350000e-01  2.003541e-01
7.380000e-01  2.000293e-01
7.410000e-01  1.997061e-01
7.440000e-01  1.993843e-01
7.470000e-01  1.990639e-01
7.500000e-01  1.987450e-01
7.530000e-01  1.984275e-01
7.560000e-01  1.981115e-01
7.590000e-01  1.977968e-01
7.620000e-01  1.974836e-01
7.650000e-01  1.971717e-01
7.680000e-01  1.968613e-01
7.710000e-01  1.965521e-01
7.740000e-01  1.962443e-01
7.770000e-01  1.959379e-01
7.800000e-01  1.956327e-01
7.830000e-01  1.953289e-01
7.860000e-01  1.950264e-01
7.890000e-01  1.947252e-01
7.920000e-01  1.944252e-01
7.950000e-01  1.941266e-01
7.980000e-01  1.938291e-01
8.010000e-01  1.935330e-01
8.040000e-01  1.932380e-01
8.070000e-01  1.929443e-01
8.100000e-01  1.926518e-01
8.130000e-01  1.923605e-01
8.160000e-01  1.920704e-01
8.190000e-01  1.917815e-01
8.220000e-01  1.914937e-01
8.250000e-01  1.912072e-01
8.280000e-01  1.909218e-01
8.310000e-01  1.906375e-01
8.340000e-01  1.903544e-01
8.370000e-01  1.900724e-01
8.400000e-01  1.897915e-01
8.430000e-01  1.895117e-01
8.460000e-01  1.892330e-01
8.490000e-01  1.889555e-01
8.520000e-01  1.886790e-01
8.550000e-01  1.884035e-01
8.580000e-01  1.881292e-01
8.610000e-01  1.878559e-01
8.640000e-01  1.875836e-01
8.670000e-01  1.873124e-01
8.700000e-01  1.870423e-01
8.730000e-01  1.867731e-01
8.760000e-01  1.865050e-01
8.790000e-01  1.862379e-01
8.820000e-01  1.859718e-01
8.850000e-01  1.857067e-01
8.880000e-01  1.854426e-01
8.910000e-01  1.851794e-01
8.940000e-01  1.849172e-01
8.970000e-01  1.846560e-01
9.000000e-01  1.843957e-01
9.030000e-01  1.841365e-01
9.060000e-01  1.838781e-01
9.090000e-01  1.836207e-01
9.120000e-01  1.833642e-01
9.150000e-01  1.831086e-01
9.180000e-01  1.828539e-01
9.210000e-01  1.826002e-01
9.240000e-01  1.823473e-01
9.270000e-01  1.820954e-01
9.300000e-01  1.818443e-01
9.330000e-01  1.815941e-01
9.360000e-01  1.813448e-01
9.390000e-01  1.810964e-01
9.420000e-01  1.808488e-01
9.450000e-01  1.806021e-01
9.480000e-01  1.803562e-01
9.510000e-01  1.801112e-01
9.540000e-01  1.798670e-01
9.570000e-01  1.796236e-01
9.600000e-01  1.793811e-01
9.630000e-01  1.791394e-01
9.660000e-01  1.788985e-01
9.690000e-01  1.786584e-01
9.720000e-01  1.784191e-01
9.750000e-01  1.781806e-01
9.780000e-01  1.779430e-01
9.810000e-01  1.777060e-01
9.840000e-01  1.774699e-01
9.870000e-01  1.772346e-01
9.900000e-01  1.770000e-01
9.930000e-01  1.767662e-01
9.960000e-01  1.765331e-01
9.990000e-01  1.763008e-01
