000000  000001
3.000000e-03  6.450013e-01
6.000000e-03  5.518611e-01
9.000000e-03  4.990764e-01
1.200000e-02  4.629640e-01
1.500000e-02  4.358633e-01
1.800000e-02  4.143596e-01
2.100000e-02  3.966459e-01
2.400000e-02  3.816557e-01
2.700000e-02  3.687092e-01
3.000000e-02  3.573484e-01
3.300000e-02  3.472504e-01
3.600000e-02  3.381798e-01
3.900000e-02  3.299598e-01
4.200000e-02  3.224547e-01
4.500000e-02  3.155581e-01
4.800000e-02  3.091849e-01
5.100000e-02  3.032664e-01
5.400000e-02  2.977462e-01
5.700000e-02  2.925775e-01
6.000000e-02  2.877211e-01
6.300000e-02  2.831438e-01
6.600000e-02  2.788172e-01
6.900000e-02  2.747171e-01
7.200000e-02  2.708222e-01
7.500000e-02  2.671144e-01
7.800000e-02  2.635775e-01
8.100000e-02  2.601974e-01
8.400000e-02  2.569616e-01
8.700000e-02  2.538589e-01
9.000000e-02  2.508795e-01
9.300000e-02  2.480145e-01
9.600000e-02  2.452559e-01
9.900000e-02  2.425964e-01
1.020000e-01  2.400296e-01
1.050000e-01  2.375496e-01
1.080000e-01  2.351508e-01
1.110000e-01  2.328285e-01
1.140000e-01  2.305781e-01
1.170000e-01  2.283955e-01
1.200000e-01  2.262769e-01
1.230000e-01  2.242188e-01
1.260000e-01  2.222179e-01
1.290000e-01  2.202714e-01
1.320000e-01  2.183764e-01
1.350000e-01  2.165303e-01
1.380000e-01  2.147308e-01
1.410000e-01  2.129756e-01
1.440000e-01  2.112627e-01
1.470000e-01  2.095902e-01
1.500000e-01  2.079561e-01
1.530000e-01  2.063589e-01
1.560000e-01  2.047968e-01
1.590000e-01  2.032686e-01
1.620000e-01  2.017726e-01
1.650000e-01  2.003076e-01
1.680000e-01  1.988724e-01
1.710000e-01  1.974657e-01
1.740000e-01  1.960865e-01
1.770000e-01  1.947338e-01
1.800000e-01  1.934064e-01
1.830000e-01  1.921035e-01
1.860000e-01  1.908242e-01
1.890000e-01  1.895676e-01
1.920000e-01  1.883329e-01
1.950000e-01  1.871194e-01
1.980000e-01  1.859263e-01
2.010000e-01  1.847529e-01
2.040000e-01  1.835986e-01
2.070000e-01  1.824628e-01
2.100000e-01  1.813448e-01
2.130000e-01  1.802441e-01
2.160000e-01  1.791601e-01
2.190000e-01  1.780923e-01
2.220000e-01  1.770402e-01
2.250000e-01  1.760033e-01
2.280000e-01  1.749811e-01
2.310000e-01  1.739733e-01
2.340000e-01  1.729794e-01
2.370000e-01  1.719989e-01
2.400000e-01  1.710316e-01
2.430000e-01  1.700769e-01
2.460000e-01  1.691347e-01
2.490000e-01  1.682044e-01
2.520000e-01  1.672858e-01
2.550000e-01  1.663786e-01
2.580000e-01  1.654825e-01
2.610000e-01  1.645970e-01
2.640000e-01  1.637221e-01
2.670000e-01  1.628574e-01
2.700000e-01  1.620026e-01
2.730000e-01  1.611575e-01
2.760000e-01  1.603217e-01
2.790000e-01  1.594952e-01
2.820000e-01  1.586776e-01
2.850000e-01  1.578687e-01
2.880000e-01  1.570684e-01
2.910000e-01  1.562763e-01
2.940000e-01  1.554923e-01
2.970000e-01  1.547162e-01
3.000000e-01  1.539478e-01
3.030000e-01  1.531870e-01
3.060000e-01  1.524335e-01
3.090000e-01  1.516871e-01
3.120000e-01  1.509477e-01
3.150000e-01  1.502152e-01
3.180000e-01  1.494893e-01
3.210000e-01  1.487699e-01
3.240000e-01  1.480570e-01
3.270000e-01  1.473502e-01
3.300000e-01  1.466495e-01
3.330000e-01  1.459547e-01
3.360000e-01  1.452657e-01
3.390000e-01  1.445824e-01
3.420000e-01  1.439047e-01
3.450000e-01  1.432324e-01
3.480000e-01  1.425653e-01
3.510000e-01  1.419034e-01
3.540000e-01  1.412467e-01
3.570000e-01  1.405948e-01
3.600000e-01  1.399478e-01
3.630000e-01  1.393055e-01
3.660000e-01  1.386678e-01
3.690000e-01  1.380347e-01
3.720000e-01  1.374059e-01
3.750000e-01  1.367816e-01
3.780000e-01  1.361614e-01
3.810000e-01  1.355453e-01
3.840000e-01  1.349333e-01
3.870000e-01  1.343253e-01
3.900000e-01  1.337211e-01
3.930000e-01  1.331207e-01
3.960000e-01  1.325240e-01
3.990000e-01  1.319308e-01
4.020000e-01  1.313413e-01
4.050000e-01  1.307551e-01
4.080000e-01  1.301723e-01
4.110000e-01  1.295928e-01
4.140000e-01  1.290165e-01
4.170000e-01  1.284434e-01
4.200000e-01  1.278733e-01
4.230000e-01  1.273062e-01
4.260000e-01  1.267420e-01
4.290000e-01  1.261807e-01
4.320000e-01  1.256221e-01
4.350000e-01  1.250662e-01
4.380000e-01  1.245130e-01
4.410000e-01  1.239624e-01
4.440000e-01  1.234142e-01
4.470000e-01  1.228685e-01
4.500000e-01  1.223252e-01
4.530000e-01  1.217842e-01
4.560000e-01  1.212454e-01
4.590000e-01  1.207088e-01
4.620000e-01  1.201744e-01
4.650000e-01  1.196420e-01
4.680000e-01  1.191116e-01
4.710000e-01  1.185831e-01
4.740000e-01  1.180565e-01
4.770000e-01  1.175317e-01
4.800000e-01  1.170087e-01
4.830000e-01  1.164874e-01
4.860000e-01  1.159677e-01
4.890000e-01  1.154496e-01
4.920000e-01  1.149330e-01
4.950000e-01  1.144178e-01
4.980000e-01  1.139040e-01
5.010000e-01  1.133916e-01
5.040000e-01  1.128805e-01
5.070000e-01  1.123705e-01
5.100000e-01  1.118618e-01
5.130000e-01  1.113541e-01
5.160000e-01  1.108474e-01
5.190000e-01  1.103417e-01
5.220000e-01  1.098370e-01
5.250000e-01  1.093330e-01
5.280000e-01  1.088299e-01
5.310000e-01  1.083274e-01
5.340000e-01  1.078257e-01
5.370000e-01  1.073245e-01
5.400000e-01  1.068238e-01
5.430000e-01  1.063236e-01
5.460000e-01  1.058238e-01
5.490000e-01  1.053242e-01
5.520000e-01  1.048250e-01
5.550000e-01  1.043259e-01
5.580000e-01  1.038268e-01
5.610000e-01  000000
5.640000e-01  000000
5.670000e-01  000000
5.700000e-01  000000
5.730000e-01  000000
5.760000e-01  000000
5.790000e-01  000000
5.820000e-01  000000
5.850000e-01  000000
5.880000e-01  000000
5.910000e-01  000000
5.940000e-01  000000
5.970000e-01  000000
6.000000e-01  000000
6.030000e-01  000000
6.060000e-01  000000
6.090000e-01  000000
6.120000e-01  000000
6.150000e-01  000000
6.180000e-01  000000
6.210000e-01  000000
6.240000e-01  000000
6.270000e-01  000000
6.300000e-01  000000
6.330000e-01  000000
6.360000e-01  000000
6.390000e-01  000000
6.420000e-01  000000
6.450000e-01  000000
6.480000e-01  000000
6.510000e-01  000000
6.540000e-01  000000
6.570000e-01  000000
6.600000e-01  000000
6.630000e-01  000000
6.660000e-01  000000
6.690000e-01  000000
6.720000e-01  000000
6.750000e-01  000000
6.780000e-01  000000
6.810000e-01  000000
6.840000e-01  000000
6.870000e-01  000000
6.900000e-01  000000
6.930000e-01  000000
6.960000e-01  000000
6.990000e-01  000000
7.020000e-01  000000
7.050000e-01  000000
7.080000e-01  000000
7.110000e-01  000000
7.140000e-01  000000
7.170000e-01  000000
7.200000e-01  000000
7.230000e-01  000000
7.260000e-01  000000
7.290000e-01  000000
7.320000e-01  000000
7.350000e-01  000000
7.380000e-01  000000
7.410000e-01  000000
7.440000e-01  000000
7.470000e-01  000000
7.500000e-01  000000
7.530000e-01  000000
7.560000e-01  000000
7.590000e-01  000000
7.620000e-01  000000
7.650000e-01  000000
7.680000e-01  000000
7.710000e-01  000000
7.740000e-01  000000
7.770000e-01  000000
7.800000e-01  000000
7.830000e-01  000000
7.860000e-01  000000
7.890000e-01  000000
7.920000e-01  000000
7.950000e-01  000000
7.980000e-01  000000
8.010000e-01  000000
8.040000e-01  000000
8.070000e-01  000000
8.100000e-01  000000
8.130000e-01  000000
8.160000e-01  000000
8.190000e-01  000000
8.220000e-01  000000
8.250000e-01  000000
8.280000e-01  000000
8.310000e-01  000000
8.340000e-01  000000
8.370000e-01  000000
8.400000e-01  000000
8.430000e-01  000000
8.460000e-01  000000
8.490000e-01  000000
8.520000e-01  000000
8.550000e-01  000000
8.580000e-01  000000
8.610000e-01  000000
8.640000e-01  000000
8.670000e-01  000000
8.700000e-01  000000
8.730000e-01  000000
8.760000e-01  000000
8.790000e-01  000000
8.820000e-01  000000
8.850000e-01  000000
8.880000e-01  000000
8.910000e-01  000000
8.940000e-01  000000
8.970000e-01  000000
9.000000e-01  000000
9.030000e-01  000000
9.060000e-01  000000
9.090000e-01  000000
9.120000e-01  000000
9.150000e-01  000000
9.180000e-01  000000
9.210000e-01  000000
9.240000e-01  000000
9.270000e-01  000000
9.300000e-01  000000
9.330000e-01  000000
9.360000e-01  000000
9.390000e-01  000000
9.420000e-01  000000
9.450000e-01  000000
9.480000e-01  000000
9.510000e-01  000000
9.540000e-01  000000
9.570000e-01  000000
9.600000e-01  000000
9.630000e-01  000000
9.660000e-01  000000
9.690000e-01  000000
9.720000e-01  000000
9.750000e-01  000000
9.780000e-01  000000
9.810000e-01  000000
9.840000e-01  000000
9.870000e-01  000000
9.900000e-01  000000
9.930000e-01  000000
9.960000e-01  000000
9.990000e-01  000000
