000000  000001
3.000000e-03  7.100501e-01
6.000000e-03  6.172488e-01
9.000000e-03  5.627800e-01
1.200000e-02  5.248736e-01
1.500000e-02  4.961286e-01
1.800000e-02  4.731582e-01
2.100000e-02  4.541392e-01
2.400000e-02  4.379820e-01
2.700000e-02  4.239860e-01
3.000000e-02  4.116749e-01
3.300000e-02  4.007116e-01
3.600000e-02  3.908486e-01
3.900000e-02  3.818994e-01
4.200000e-02  3.737204e-01
4.500000e-02  3.661982e-01
4.800000e-02  3.592424e-01
5.100000e-02  3.527795e-01
5.400000e-02  3.467491e-01
5.700000e-02  3.411010e-01
6.000000e-02  3.357930e-01
6.300000e-02  3.307893e-01
6.600000e-02  3.260594e-01
6.900000e-02  3.215769e-01
7.200000e-02  3.173191e-01
7.500000e-02  3.132661e-01
7.800000e-02  3.094004e-01
8.100000e-02  3.057068e-01
8.400000e-02  3.021716e-01
8.700000e-02  2.987828e-01
9.000000e-02  2.955295e-01
9.300000e-02  2.924021e-01
9.600000e-02  2.893918e-01
9.900000e-02  2.864908e-01
1.020000e-01  2.836919e-01
1.050000e-01  2.809887e-01
1.080000e-01  2.783754e-01
1.110000e-01  2.758464e-01
1.140000e-01  2.733969e-01
1.170000e-01  2.710224e-01
1.200000e-01  2.687187e-01
1.230000e-01  2.664819e-01
1.260000e-01  2.643086e-01
1.290000e-01  2.621954e-01
1.320000e-01  2.601394e-01
1.350000e-01  2.581377e-01
1.380000e-01  2.561876e-01
1.410000e-01  2.542867e-01
1.440000e-01  2.524329e-01
1.470000e-01  2.506238e-01
1.500000e-01  2.488575e-01
1.530000e-01  2.471323e-01
1.560000e-01  2.454462e-01
1.590000e-01  2.437976e-01
1.620000e-01  2.421851e-01
1.650000e-01  2.406072e-01
1.680000e-01  2.390624e-01
1.710000e-01  2.375496e-01
1.740000e-01  2.360673e-01
1.770000e-01  2.346146e-01
1.800000e-01  2.331903e-01
1.830000e-01  2.317933e-01
1.860000e-01  2.304228e-01
1.890000e-01  2.290776e-01
1.920000e-01  2.277571e-01
1.950000e-01  2.264603e-01
1.980000e-01  2.251863e-01
2.010000e-01  2.239346e-01
2.040000e-01  2.227042e-01
2.070000e-01  2.214946e-01
2.100000e-01  2.203051e-01
2.130000e-01  2.191350e-01
2.160000e-01  2.179837e-01
2.190000e-01  2.168507e-01
2.220000e-01  2.157355e-01
2.250000e-01  2.146373e-01
2.280000e-01  2.135559e-01
2.310000e-01  2.124906e-01
2.340000e-01  2.114411e-01
2.370000e-01  2.104068e-01
2.400000e-01  2.093874e-01
2.430000e-01  2.083825e-01
2.460000e-01  2.073915e-01
2.490000e-01  2.064143e-01
2.520000e-01  2.054503e-01
2.550000e-01  2.044993e-01
2.580000e-01  2.035609e-01
2.610000e-01  2.026348e-01
2.640000e-01  2.017207e-01
2.670000e-01  2.008182e-01
2.700000e-01  1.999271e-01
2.730000e-01  1.990471e-01
2.760000e-01  1.981779e-01
2.790000e-01  1.973193e-01
2.820000e-01  1.964710e-01
2.850000e-01  1.956327e-01
2.880000e-01  1.948043e-01
2.910000e-01  1.939855e-01
2.940000e-01  1.931761e-01
2.970000e-01  1.923758e-01
3.000000e-01  1.915845e-01
3.030000e-01  1.908019e-01
3.060000e-01  1.900279e-01
3.090000e-01  1.892623e-01
3.120000e-01  1.885049e-01
3.150000e-01  1.877555e-01
3.180000e-01  1.870139e-01
3.210000e-01  1.862800e-01
3.240000e-01  1.855536e-01
3.270000e-01  1.848346e-01
3.300000e-01  1.841228e-01
3.330000e-01  1.834181e-01
3.360000e-01  1.827203e-01
3.390000e-01  1.820292e-01
3.420000e-01  1.813448e-01
3.450000e-01  1.806669e-01
3.480000e-01  1.799954e-01
3.510000e-01  1.793301e-01
3.540000e-01  1.786710e-01
3.570000e-01  1.780179e-01
3.600000e-01  1.773707e-01
3.630000e-01  1.767293e-01
3.660000e-01  1.760936e-01
3.690000e-01  1.754635e-01
3.720000e-01  1.748388e-01
3.750000e-01  1.742195e-01
3.780000e-01  1.736055e-01
3.810000e-01  1.729967e-01
3.840000e-01  1.723929e-01
3.870000e-01  1.717942e-01
3.900000e-01  1.712003e-01
3.930000e-01  1.706113e-01
3.960000e-01  1.700270e-01
3.990000e-01  1.694474e-01
4.020000e-01  1.688723e-01
4.050000e-01  1.683017e-01
4.080000e-01  1.677356e-01
4.110000e-01  1.671738e-01
4.140000e-01  1.666163e-01
4.170000e-01  1.660629e-01
4.200000e-01  1.655137e-01
4.230000e-01  1.649686e-01
4.260000e-01  1.644274e-01
4.290000e-01  1.638902e-01
4.320000e-01  1.633568e-01
4.350000e-01  1.628272e-01
4.380000e-01  1.623014e-01
4.410000e-01  1.617793e-01
4.440000e-01  1.612607e-01
4.470000e-01  1.607458e-01
4.500000e-01  1.602343e-01
4.530000e-01  1.597263e-01
4.560000e-01  1.592217e-01
4.590000e-01  1.587204e-01
4.620000e-01  1.582224e-01
4.650000e-01  1.577277e-01
4.680000e-01  1.572362e-01
4.710000e-01  1.567478e-01
4.740000e-01  1.562625e-01
4.770000e-01  1.557802e-01
4.800000e-01  1.553010e-01
4.830000e-01  1.548247e-01
4.860000e-01  1.543513e-01
4.890000e-01  1.538808e-01
4.920000e-01  1.534131e-01
4.950000e-01  1.529482e-01
4.980000e-01  1.524861e-01
5.010000e-01  1.520267e-01
5.040000e-01  1.515699e-01
5.070000e-01  1.511157e-01
5.100000e-01  1.506642e-01
5.130000e-01  1.502152e-01
5.160000e-01  1.497687e-01
5.190000e-01  1.493247e-01
5.220000e-01  1.488831e-01
5.250000e-01  1.484439e-01
5.280000e-01  1.480071e-01
5.310000e-01  1.475727e-01
5.340000e-01  1.471406e-01
5.370000e-01  1.467107e-01
5.400000e-01  1.462831e-01
5.430000e-01  1.458577e-01
5.460000e-01  1.454344e-01
5.490000e-01  1.450133e-01
5.520000e-01  1.445944e-01
5.550000e-01  1.441775e-01
5.580000e-01  1.437627e-01
5.610000e-01  1.433499e-01
5.640000e-01  1.429392e-01
5.670000e-01  1.425304e-01
5.700000e-01  1.421235e-01
5.730000e-01  1.417186e-01
5.760000e-01  1.413155e-01
5.790000e-01  1.409144e-01
5.820000e-01  1.405151e-01
5.850000e-01  1.401176e-01
5.880000e-01  1.397219e-01
5.910000e-01  1.393279e-01
5.940000e-01  1.389358e-01
5.970000e-01  1.385453e-01
6.000000e-01  1.381565e-01
6.030000e-01  1.377694e-01
6.060000e-01  1.373840e-01
6.090000e-01  1.370001e-01
6.120000e-01  1.366179e-01
6.150000e-01  1.362373e-01
6.180000e-01  1.358583e-01
6.210000e-01  1.354807e-01
6.240000e-01  1.351047e-01
6.270000e-01  1.347302e-01
6.300000e-01  1.343572e-01
6.330000e-01  1.339856e-01
6.360000e-01  1.336155e-01
6.390000e-01  1.332468e-01
6.420000e-01  1.328795e-01
6.450000e-01  1.325135e-01
6.480000e-01  1.321490e-01
6.510000e-01  1.317857e-01
6.540000e-01  1.314238e-01
6.570000e-01  1.310632e-01
6.600000e-01  1.307038e-01
6.630000e-01  1.303458e-01
6.660000e-01  1.299890e-01
6.690000e-01  1.296334e-01
6.720000e-01  1.292790e-01
6.750000e-01  1.289258e-01
6.780000e-01  1.285738e-01
6.810000e-01  1.282230e-01
6.840000e-01  1.278733e-01
6.870000e-01  1.275247e-01
6.900000e-01  1.271773e-01
6.930000e-01  1.268309e-01
6.960000e-01  1.264856e-01
6.990000e-01  1.261414e-01
7.020000e-01  1.257982e-01
7.050000e-01  1.254560e-01
7.080000e-01  1.251149e-01
7.110000e-01  1.247747e-01
7.140000e-01  1.244356e-01
7.170000e-01  1.240974e-01
7.200000e-01  1.237601e-01
7.230000e-01  1.234238e-01
7.260000e-01  1.230884e-01
7.290000e-01  1.227539e-01
7.320000e-01  1.224203e-01
7.350000e-01  1.220876e-01
7.380000e-01  1.217558e-01
7.410000e-01  1.214248e-01
7.440000e-01  1.210946e-01
7.470000e-01  1.207652e-01
7.500000e-01  1.204367e-01
7.530000e-01  1.201089e-01
7.560000e-01  1.197819e-01
7.590000e-01  1.194556e-01
7.620000e-01  1.191301e-01
7.650000e-01  1.188054e-01
7.680000e-01  1.184813e-01
7.710000e-01  1.181580e-01
7.740000e-01  1.178353e-01
7.770000e-01  1.175133e-01
7.800000e-01  1.171920e-01
7.830000e-01  1.168713e-01
7.860000e-01  1.165513e-01
7.890000e-01  1.162319e-01
7.920000e-01  1.159131e-01
7.950000e-01  1.155948e-01
7.980000e-01  1.152772e-01
8.010000e-01  1.149601e-01
8.040000e-01  1.146436e-01
8.070000e-01  1.143276e-01
8.100000e-01  1.140121e-01
8.130000e-01  1.136971e-01
8.160000e-01  1.133826e-01
8.190000e-01  1.130686e-01
8.220000e-01  1.127551e-01
8.250000e-01  1.124420e-01
8.280000e-01  1.121294e-01
8.310000e-01  1.118172e-01
8.340000e-01  1.115054e-01
8.370000e-01  1.111940e-01
8.400000e-01  1.108829e-01
8.430000e-01  1.105723e-01
8.460000e-01  1.102620e-01
8.490000e-01  1.099520e-01
8.520000e-01  1.096424e-01
8.550000e-01  1.093330e-01
8.580000e-01  1.090240e-01
8.610000e-01  1.087152e-01
8.640000e-01  1.084067e-01
8.670000e-01  1.080985e-01
8.700000e-01  1.077905e-01
8.730000e-01  1.074827e-01
8.760000e-01  1.071751e-01
8.790000e-01  1.068677e-01
8.820000e-01  1.065605e-01
8.850000e-01  1.062534e-01
8.880000e-01  1.059465e-01
8.910000e-01  1.056397e-01
8.940000e-01  1.053330e-01
8.970000e-01  1.050264e-01
9.000000e-01  1.047199e-01
9.030000e-01  1.044134e-01
9.060000e-01  1.041070e-01
9.090000e-01  1.038006e-01
9.120000e-01  000000
9.150000e-01  000000
9.180000e-01  000000
9.210000e-01  000000
9.240000e-01  000000
9.270000e-01  000000
9.300000e-01  000000
9.330000e-01  000000
9.360000e-01  000000
9.390000e-01  000000
9.420000e-01  000000
9.450000e-01  000000
9.480000e-01  000000
9.510000e-01  000000
9.540000e-01  000000
9.570000e-01  000000
9.600000e-01  000000
9.630000e-01  000000
9.660000e-01  000000
9.690000e-01  000000
9.720000e-01  000000
9.750000e-01  000000
9.780000e-01  000000
9.810000e-01  000000
9.840000e-01  000000
9.870000e-01  000000
9.900000e-01  000000
9.930000e-01  000000
9.960000e-01  000000
9.990000e-01  000000
