000000  000001
3.000000e-03  7.534683e-01
6.000000e-03  6.629863e-01
9.000000e-03  6.082705e-01
1.200000e-02  5.696186e-01
1.500000e-02  5.400347e-01
1.800000e-02  5.162414e-01
2.100000e-02  4.964473e-01
2.400000e-02  4.795702e-01
2.700000e-02  4.649078e-01
3.000000e-02  4.519803e-01
3.300000e-02  4.404454e-01
3.600000e-02  4.300511e-01
3.900000e-02  4.206069e-01
4.200000e-02  4.119651e-01
4.500000e-02  4.040092e-01
4.800000e-02  3.966459e-01
5.100000e-02  3.897992e-01
5.400000e-02  3.834063e-01
5.700000e-02  3.774153e-01
6.000000e-02  3.717821e-01
6.300000e-02  3.664695e-01
6.600000e-02  3.614457e-01
6.900000e-02  3.566831e-01
7.200000e-02  3.521579e-01
7.500000e-02  3.478493e-01
7.800000e-02  3.437391e-01
8.100000e-02  3.398110e-01
8.400000e-02  3.360509e-01
8.700000e-02  3.324460e-01
9.000000e-02  3.289850e-01
9.300000e-02  3.256576e-01
9.600000e-02  3.224547e-01
9.900000e-02  3.193680e-01
1.020000e-01  3.163899e-01
1.050000e-01  3.135137e-01
1.080000e-01  3.107331e-01
1.110000e-01  3.080424e-01
1.140000e-01  3.054363e-01
1.170000e-01  3.029102e-01
1.200000e-01  3.004596e-01
1.230000e-01  2.980805e-01
1.260000e-01  2.957690e-01
1.290000e-01  2.935218e-01
1.320000e-01  2.913356e-01
1.350000e-01  2.892073e-01
1.380000e-01  2.871343e-01
1.410000e-01  2.851140e-01
1.440000e-01  2.831438e-01
1.470000e-01  2.812216e-01
1.500000e-01  2.793452e-01
1.530000e-01  2.775127e-01
1.560000e-01  2.757221e-01
1.590000e-01  2.739717e-01
1.620000e-01  2.722599e-01
1.650000e-01  2.705852e-01
1.680000e-01  2.689460e-01
1.710000e-01  2.673410e-01
1.740000e-01  2.657688e-01
1.770000e-01  2.642283e-01
1.800000e-01  2.627183e-01
1.830000e-01  2.612376e-01
1.860000e-01  2.597853e-01
1.890000e-01  2.583602e-01
1.920000e-01  2.569616e-01
1.950000e-01  2.555884e-01
1.980000e-01  2.542398e-01
2.010000e-01  2.529151e-01
2.040000e-01  2.516133e-01
2.070000e-01  2.503339e-01
2.100000e-01  2.490760e-01
2.130000e-01  2.478391e-01
2.160000e-01  2.466224e-01
2.190000e-01  2.454253e-01
2.220000e-01  2.442473e-01
2.250000e-01  2.430878e-01
2.280000e-01  2.419463e-01
2.310000e-01  2.408222e-01
2.340000e-01  2.397150e-01
2.370000e-01  2.386243e-01
2.400000e-01  2.375496e-01
2.430000e-01  2.364904e-01
2.460000e-01  2.354464e-01
2.490000e-01  2.344171e-01
2.520000e-01  2.334021e-01
2.550000e-01  2.324012e-01
2.580000e-01  2.314138e-01
2.610000e-01  2.304397e-01
2.640000e-01  2.294786e-01
2.670000e-01  2.285300e-01
2.700000e-01  2.275937e-01
2.730000e-01  2.266694e-01
2.760000e-01  2.257568e-01
2.790000e-01  2.248556e-01
2.820000e-01  2.239656e-01
2.850000e-01  2.230865e-01
2.880000e-01  2.222179e-01
2.910000e-01  2.213598e-01
2.940000e-01  2.205118e-01
2.970000e-01  2.196738e-01
3.000000e-01  2.188454e-01
3.030000e-01  2.180266e-01
3.060000e-01  2.172170e-01
3.090000e-01  2.164165e-01
3.120000e-01  2.156249e-01
3.150000e-01  2.148419e-01
3.180000e-01  2.140675e-01
3.210000e-01  2.133014e-01
3.240000e-01  2.125435e-01
3.270000e-01  2.117936e-01
3.300000e-01  2.110515e-01
3.330000e-01  2.103171e-01
3.360000e-01  2.095902e-01
3.390000e-01  2.088706e-01
3.420000e-01  2.081583e-01
3.450000e-01  2.074531e-01
3.480000e-01  2.067548e-01
3.510000e-01  2.060633e-01
3.540000e-01  2.053786e-01
3.570000e-01  2.047003e-01
3.600000e-01  2.040286e-01
3.630000e-01  2.033631e-01
3.660000e-01  2.027038e-01
3.690000e-01  2.020507e-01
3.720000e-01  2.014035e-01
3.750000e-01  2.007622e-01
3.780000e-01  2.001266e-01
3.810000e-01  1.994967e-01
3.840000e-01  1.988724e-01
3.870000e-01  1.982535e-01
3.900000e-01  1.976401e-01
3.930000e-01  1.970319e-01
3.960000e-01  1.964288e-01
3.990000e-01  1.958309e-01
4.020000e-01  1.952380e-01
4.050000e-01  1.946501e-01
4.080000e-01  1.940670e-01
4.110000e-01  1.934886e-01
4.140000e-01  1.929150e-01
4.170000e-01  1.923460e-01
4.200000e-01  1.917815e-01
4.230000e-01  1.912215e-01
4.260000e-01  1.906659e-01
4.290000e-01  1.901146e-01
4.320000e-01  1.895676e-01
4.350000e-01  1.890247e-01
4.380000e-01  1.884860e-01
4.410000e-01  1.879514e-01
4.440000e-01  1.874208e-01
4.470000e-01  1.868941e-01
4.500000e-01  1.863713e-01
4.530000e-01  1.858524e-01
4.560000e-01  1.853372e-01
4.590000e-01  1.848257e-01
4.620000e-01  1.843179e-01
4.650000e-01  1.838136e-01
4.680000e-01  1.833130e-01
4.710000e-01  1.828158e-01
4.740000e-01  1.823221e-01
4.770000e-01  1.818318e-01
4.800000e-01  1.813448e-01
4.830000e-01  1.808611e-01
4.860000e-01  1.803807e-01
4.890000e-01  1.799035e-01
4.920000e-01  1.794295e-01
4.950000e-01  1.789586e-01
4.980000e-01  1.784908e-01
5.010000e-01  1.780261e-01
5.040000e-01  1.775643e-01
5.070000e-01  1.771055e-01
5.100000e-01  1.766496e-01
5.130000e-01  1.761965e-01
5.160000e-01  1.757464e-01
5.190000e-01  1.752990e-01
5.220000e-01  1.748544e-01
5.250000e-01  1.744125e-01
5.280000e-01  1.739733e-01
5.310000e-01  1.735368e-01
5.340000e-01  1.731028e-01
5.370000e-01  1.726715e-01
5.400000e-01  1.722428e-01
5.430000e-01  1.718165e-01
5.460000e-01  1.713928e-01
5.490000e-01  1.709715e-01
5.520000e-01  1.705527e-01
5.550000e-01  1.701362e-01
5.580000e-01  1.697221e-01
5.610000e-01  1.693104e-01
5.640000e-01  1.689010e-01
5.670000e-01  1.684938e-01
5.700000e-01  1.680889e-01
5.730000e-01  1.676863e-01
5.760000e-01  1.672858e-01
5.790000e-01  1.668875e-01
5.820000e-01  1.664914e-01
5.850000e-01  1.660974e-01
5.880000e-01  1.657055e-01
5.910000e-01  1.653156e-01
5.940000e-01  1.649278e-01
5.970000e-01  1.645421e-01
6.000000e-01  1.641583e-01
6.030000e-01  1.637765e-01
6.060000e-01  1.633967e-01
6.090000e-01  1.630188e-01
6.120000e-01  1.626428e-01
6.150000e-01  1.622687e-01
6.180000e-01  1.618964e-01
6.210000e-01  1.615260e-01
6.240000e-01  1.611575e-01
6.270000e-01  1.607907e-01
6.300000e-01  1.604257e-01
6.330000e-01  1.600625e-01
6.360000e-01  1.597010e-01
6.390000e-01  1.593412e-01
6.420000e-01  1.589832e-01
6.450000e-01  1.586268e-01
6.480000e-01  1.582721e-01
6.510000e-01  1.579190e-01
6.540000e-01  1.575676e-01
6.570000e-01  1.572178e-01
6.600000e-01  1.568696e-01
6.630000e-01  1.565229e-01
6.660000e-01  1.561779e-01
6.690000e-01  1.558343e-01
6.720000e-01  1.554923e-01
6.750000e-01  1.551518e-01
6.780000e-01  1.548128e-01
6.810000e-01  1.544753e-01
6.840000e-01  1.541392e-01
6.870000e-01  1.538046e-01
6.900000e-01  1.534714e-01
6.930000e-01  1.531397e-01
6.960000e-01  1.528093e-01
6.990000e-01  1.524803e-01
7.020000e-01  1.521527e-01
7.050000e-01  1.518265e-01
7.080000e-01  1.515016e-01
7.110000e-01  1.511780e-01
7.140000e-01  1.508558e-01
7.170000e-01  1.505348e-01
7.200000e-01  1.502152e-01
7.230000e-01  1.498968e-01
7.260000e-01  1.495797e-01
7.290000e-01  1.492638e-01
7.320000e-01  1.489492e-01
7.350000e-01  1.486358e-01
7.380000e-01  1.483236e-01
7.410000e-01  1.480126e-01
7.440000e-01  1.477028e-01
7.470000e-01  1.473942e-01
7.500000e-01  1.470867e-01
7.530000e-01  1.467804e-01
7.560000e-01  1.464752e-01
7.590000e-01  1.461712e-01
7.620000e-01  1.458683e-01
7.650000e-01  1.455665e-01
7.680000e-01  1.452657e-01
7.710000e-01  1.449661e-01
7.740000e-01  1.446676e-01
7.770000e-01  1.443701e-01
7.800000e-01  1.440736e-01
7.830000e-01  1.437782e-01
7.860000e-01  1.434839e-01
7.890000e-01  1.431905e-01
7.920000e-01  1.428982e-01
7.950000e-01  1.426068e-01
7.980000e-01  1.423165e-01
8.010000e-01  1.420272e-01
8.040000e-01  1.417388e-01
8.070000e-01  1.414514e-01
8.100000e-01  1.411649e-01
8.130000e-01  1.408794e-01
8.160000e-01  1.405948e-01
8.190000e-01  1.403111e-01
8.220000e-01  1.400284e-01
8.250000e-01  1.397466e-01
8.280000e-01  1.394656e-01
8.310000e-01  1.391856e-01
8.340000e-01  1.389064e-01
8.370000e-01  1.386281e-01
8.400000e-01  1.383507e-01
8.430000e-01  1.380741e-01
8.460000e-01  1.377984e-01
8.490000e-01  1.375235e-01
8.520000e-01  1.372495e-01
8.550000e-01  1.369762e-01
8.580000e-01  1.367038e-01
8.610000e-01  1.364322e-01
8.640000e-01  1.361614e-01
8.670000e-01  1.358914e-01
8.700000e-01  1.356221e-01
8.730000e-01  1.353537e-01
8.760000e-01  1.350860e-01
8.790000e-01  1.348190e-01
8.820000e-01  1.345529e-01
8.850000e-01  1.342874e-01
8.880000e-01  1.340227e-01
8.910000e-01  1.337588e-01
8.940000e-01  1.334955e-01
8.970000e-01  1.332330e-01
9.000000e-01  1.329712e-01
9.030000e-01  1.327100e-01
9.060000e-01  1.324496e-01
9.090000e-01  1.321899e-01
9.120000e-01  1.319308e-01
9.150000e-01  1.316725e-01
9.180000e-01  1.314148e-01
9.210000e-01  1.311577e-01
9.240000e-01  1.309013e-01
9.270000e-01  1.306456e-01
9.300000e-01  1.303905e-01
9.330000e-01  1.301360e-01
9.360000e-01  1.298822e-01
9.390000e-01  1.296289e-01
9.420000e-01  1.293763e-01
9.450000e-01  1.291243e-01
9.480000e-01  1.288730e-01
9.510000e-01  1.286222e-01
9.540000e-01  1.283720e-01
9.570000e-01  1.281223e-01
9.600000e-01  1.278733e-01
9.630000e-01  1.276248e-01
9.660000e-01  1.273769e-01
9.690000e-01  1.271296e-01
9.720000e-01  1.268828e-01
9.750000e-01  1.266365e-01
9.780000e-01  1.263908e-01
9.810000e-01  1.261457e-01
9.840000e-01  1.259010e-01
9.870000e-01  1.256569e-01
9.900000e-01  1.254133e-01
9.930000e-01  1.251703e-01
9.960000e-01  1.249277e-01
9.990000e-01  1.246856e-01
