000000  000001
3.000000e-03  8.110185e-01
6.000000e-03  7.271141e-01
9.000000e-03  6.737215e-01
1.200000e-02  6.349949e-01
1.500000e-02  6.048544e-01
1.800000e-02  5.803281e-01
2.100000e-02  5.597450e-01
2.400000e-02  5.420751e-01
2.700000e-02  5.266397e-01
3.000000e-02  5.129689e-01
3.300000e-02  5.007246e-01
3.600000e-02  4.896555e-01
3.900000e-02  4.795702e-01
4.200000e-02  4.703194e-01
4.500000e-02  4.617848e-01
4.800000e-02  4.538711e-01
5.100000e-02  4.465004e-01
5.400000e-02  4.396081e-01
5.700000e-02  4.331403e-01
6.000000e-02  4.270516e-01
6.300000e-02  4.213032e-01
6.600000e-02  4.158620e-01
6.900000e-02  4.106990e-01
7.200000e-02  4.057895e-01
7.500000e-02  4.011116e-01
7.800000e-02  3.966459e-01
8.100000e-02  3.923757e-01
8.400000e-02  3.882857e-01
8.700000e-02  3.843625e-01
9.000000e-02  3.805941e-01
9.300000e-02  3.769698e-01
9.600000e-02  3.734796e-01
9.900000e-02  3.701149e-01
1.020000e-01  3.668676e-01
1.050000e-01  3.637304e-01
1.080000e-01  3.606966e-01
1.110000e-01  3.577603e-01
1.140000e-01  3.549157e-01
1.170000e-01  3.521579e-01
1.200000e-01  3.494821e-01
1.230000e-01  3.468838e-01
1.260000e-01  3.443592e-01
1.290000e-01  3.419044e-01
1.320000e-01  3.395160e-01
1.350000e-01  3.371908e-01
1.380000e-01  3.349257e-01
1.410000e-01  3.327181e-01
1.440000e-01  3.305652e-01
1.470000e-01  3.284646e-01
1.500000e-01  3.264141e-01
1.530000e-01  3.244115e-01
1.560000e-01  3.224547e-01
1.590000e-01  3.205419e-01
1.620000e-01  3.186714e-01
1.650000e-01  3.168413e-01
1.680000e-01  3.150502e-01
1.710000e-01  3.132965e-01
1.740000e-01  3.115788e-01
1.770000e-01  3.098958e-01
1.800000e-01  3.082463e-01
1.830000e-01  3.066289e-01
1.860000e-01  3.050426e-01
1.890000e-01  3.034863e-01
1.920000e-01  3.019590e-01
1.950000e-01  3.004596e-01
1.980000e-01  2.989873e-01
2.010000e-01  2.975412e-01
2.040000e-01  2.961204e-01
2.070000e-01  2.947241e-01
2.100000e-01  2.933515e-01
2.130000e-01  2.920019e-01
2.160000e-01  2.906747e-01
2.190000e-01  2.893691e-01
2.220000e-01  2.880844e-01
2.250000e-01  2.868202e-01
2.280000e-01  2.855757e-01
2.310000e-01  2.843504e-01
2.340000e-01  2.831438e-01
2.370000e-01  2.819554e-01
2.400000e-01  2.807846e-01
2.430000e-01  2.796310e-01
2.460000e-01  2.784941e-01
2.490000e-01  2.773735e-01
2.520000e-01  2.762687e-01
2.550000e-01  2.751793e-01
2.580000e-01  2.741050e-01
2.610000e-01  2.730453e-01
2.640000e-01  2.719999e-01
2.670000e-01  2.709685e-01
2.700000e-01  2.699506e-01
2.730000e-01  2.689460e-01
2.760000e-01  2.679543e-01
2.790000e-01  2.669753e-01
2.820000e-01  2.660086e-01
2.850000e-01  2.650540e-01
2.880000e-01  2.641111e-01
2.910000e-01  2.631797e-01
2.940000e-01  2.622596e-01
2.970000e-01  2.613505e-01
3.000000e-01  2.604521e-01
3.030000e-01  2.595643e-01
3.060000e-01  2.586867e-01
3.090000e-01  2.578192e-01
3.120000e-01  2.569616e-01
3.150000e-01  2.561136e-01
3.180000e-01  2.552750e-01
3.210000e-01  2.544457e-01
3.240000e-01  2.536255e-01
3.270000e-01  2.528141e-01
3.300000e-01  2.520115e-01
3.330000e-01  2.512173e-01
3.360000e-01  2.504315e-01
3.390000e-01  2.496540e-01
3.420000e-01  2.488844e-01
3.450000e-01  2.481227e-01
3.480000e-01  2.473688e-01
3.510000e-01  2.466224e-01
3.540000e-01  2.458835e-01
3.570000e-01  2.451518e-01
3.600000e-01  2.444274e-01
3.630000e-01  2.437099e-01
3.660000e-01  2.429994e-01
3.690000e-01  2.422956e-01
3.720000e-01  2.415986e-01
3.750000e-01  2.409080e-01
3.780000e-01  2.402239e-01
3.810000e-01  2.395461e-01
3.840000e-01  2.388745e-01
3.870000e-01  2.382090e-01
3.900000e-01  2.375496e-01
3.930000e-01  2.368959e-01
3.960000e-01  2.362481e-01
3.990000e-01  2.356060e-01
4.020000e-01  2.349695e-01
4.050000e-01  2.343385e-01
4.080000e-01  2.337129e-01
4.110000e-01  2.330927e-01
4.140000e-01  2.324777e-01
4.170000e-01  2.318679e-01
4.200000e-01  2.312631e-01
4.230000e-01  2.306634e-01
4.260000e-01  2.300685e-01
4.290000e-01  2.294786e-01
4.320000e-01  2.288933e-01
4.350000e-01  2.283128e-01
4.380000e-01  2.277370e-01
4.410000e-01  2.271656e-01
4.440000e-01  2.265988e-01
4.470000e-01  2.260364e-01
4.500000e-01  2.254783e-01
4.530000e-01  2.249246e-01
4.560000e-01  2.243750e-01
4.590000e-01  2.238297e-01
4.620000e-01  2.232884e-01
4.650000e-01  2.227512e-01
4.680000e-01  2.222179e-01
4.710000e-01  2.216886e-01
4.740000e-01  2.211632e-01
4.770000e-01  2.206417e-01
4.800000e-01  2.201238e-01
4.830000e-01  2.196097e-01
4.860000e-01  2.190993e-01
4.890000e-01  2.185925e-01
4.920000e-01  2.180892e-01
4.950000e-01  2.175895e-01
4.980000e-01  2.170932e-01
5.010000e-01  2.166004e-01
5.040000e-01  2.161110e-01
5.070000e-01  2.156249e-01
5.100000e-01  2.151421e-01
5.130000e-01  2.146625e-01
5.160000e-01  2.141861e-01
5.190000e-01  2.137129e-01
5.220000e-01  2.132429e-01
5.250000e-01  2.127759e-01
5.280000e-01  2.123119e-01
5.310000e-01  2.118510e-01
5.340000e-01  2.113930e-01
5.370000e-01  2.109380e-01
5.400000e-01  2.104859e-01
5.430000e-01  2.100366e-01
5.460000e-01  2.095902e-01
5.490000e-01  2.091465e-01
5.520000e-01  2.087056e-01
5.550000e-01  2.082674e-01
5.580000e-01  2.078320e-01
5.610000e-01  2.073991e-01
5.640000e-01  2.069689e-01
5.670000e-01  2.065413e-01
5.700000e-01  2.061163e-01
5.730000e-01  2.056938e-01
5.760000e-01  2.052738e-01
5.790000e-01  2.048563e-01
5.820000e-01  2.044412e-01
5.850000e-01  2.040286e-01
5.880000e-01  2.036183e-01
5.910000e-01  2.032104e-01
5.940000e-01  2.028049e-01
5.970000e-01  2.024016e-01
6.000000e-01  2.020007e-01
6.030000e-01  2.016020e-01
6.060000e-01  2.012055e-01
6.090000e-01  2.008113e-01
6.120000e-01  2.004192e-01
6.150000e-01  2.000293e-01
6.180000e-01  1.996416e-01
6.210000e-01  1.992559e-01
6.240000e-01  1.988724e-01
6.270000e-01  1.984909e-01
6.300000e-01  1.981115e-01
6.330000e-01  1.977341e-01
6.360000e-01  1.973587e-01
6.390000e-01  1.969853e-01
6.420000e-01  1.966138e-01
6.450000e-01  1.962443e-01
6.480000e-01  1.958767e-01
6.510000e-01  1.955111e-01
6.540000e-01  1.951473e-01
6.570000e-01  1.947853e-01
6.600000e-01  1.944252e-01
6.630000e-01  1.940670e-01
6.660000e-01  1.937105e-01
6.690000e-01  1.933558e-01
6.720000e-01  1.930029e-01
6.750000e-01  1.926518e-01
6.780000e-01  1.923024e-01
6.810000e-01  1.919547e-01
6.840000e-01  1.916087e-01
6.870000e-01  1.912644e-01
6.900000e-01  1.909218e-01
6.930000e-01  1.905808e-01
6.960000e-01  1.902414e-01
6.990000e-01  1.899037e-01
7.020000e-01  1.895676e-01
7.050000e-01  1.892330e-01
7.080000e-01  1.889001e-01
7.110000e-01  1.885687e-01
7.140000e-01  1.882388e-01
7.170000e-01  1.879105e-01
7.200000e-01  1.875836e-01
7.230000e-01  1.872583e-01
7.260000e-01  1.869345e-01
7.290000e-01  1.866121e-01
7.320000e-01  1.862912e-01
7.350000e-01  1.859718e-01
7.380000e-01  1.856538e-01
7.410000e-01  1.853372e-01
7.440000e-01  1.850220e-01
7.470000e-01  1.847082e-01
7.500000e-01  1.843957e-01
7.530000e-01  1.840847e-01
7.560000e-01  1.837750e-01
7.590000e-01  1.834667e-01
7.620000e-01  1.831596e-01
7.650000e-01  1.828539e-01
7.680000e-01  1.825495e-01
7.710000e-01  1.822464e-01
7.740000e-01  1.819446e-01
7.770000e-01  1.816441e-01
7.800000e-01  1.813448e-01
7.830000e-01  1.810468e-01
7.860000e-01  1.807500e-01
7.890000e-01  1.804544e-01
7.920000e-01  1.801601e-01
7.950000e-01  1.798670e-01
7.980000e-01  1.795751e-01
8.010000e-01  1.792843e-01
8.040000e-01  1.789947e-01
8.070000e-01  1.787064e-01
8.100000e-01  1.784191e-01
8.130000e-01  1.781330e-01
8.160000e-01  1.778481e-01
8.190000e-01  1.775643e-01
8.220000e-01  1.772816e-01
8.250000e-01  1.770000e-01
8.280000e-01  1.767195e-01
8.310000e-01  1.764401e-01
8.340000e-01  1.761618e-01
8.370000e-01  1.758846e-01
8.400000e-01  1.756084e-01
8.430000e-01  1.753333e-01
8.460000e-01  1.750592e-01
8.490000e-01  1.747862e-01
8.520000e-01  1.745142e-01
8.550000e-01  1.742433e-01
8.580000e-01  1.739733e-01
8.610000e-01  1.737043e-01
8.640000e-01  1.734364e-01
8.670000e-01  1.731694e-01
8.700000e-01  1.729035e-01
8.730000e-01  1.726385e-01
8.760000e-01  1.723744e-01
8.790000e-01  1.721114e-01
8.820000e-01  1.718492e-01
8.850000e-01  1.715881e-01
8.880000e-01  1.713278e-01
8.910000e-01  1.710685e-01
8.940000e-01  1.708101e-01
8.970000e-01  1.705527e-01
9.000000e-01  1.702961e-01
9.030000e-01  1.700405e-01
9.060000e-01  1.697857e-01
9.090000e-01  1.695318e-01
9.120000e-01  1.692788e-01
9.150000e-01  1.690267e-01
9.180000e-01  1.687755e-01
9.210000e-01  1.685251e-01
9.240000e-01  1.682755e-01
9.270000e-01  1.680268e-01
9.300000e-01  1.677790e-01
9.330000e-01  1.675320e-01
9.360000e-01  1.672858e-01
9.390000e-01  1.670405e-01
9.420000e-01  1.667959e-01
9.450000e-01  1.665522e-01
9.480000e-01  1.663093e-01
9.510000e-01  1.660672e-01
9.540000e-01  1.658258e-01
9.570000e-01  1.655853e-01
9.600000e-01  1.653456e-01
9.630000e-01  1.651066e-01
9.660000e-01  1.648684e-01
9.690000e-01  1.646309e-01
9.720000e-01  1.643942e-01
9.750000e-01  1.641583e-01
9.780000e-01  1.639231e-01
9.810000e-01  1.636887e-01
9.840000e-01  1.634550e-01
9.870000e-01  1.632220e-01
9.900000e-01  1.629898e-01
9.930000e-01  1.627583e-01
9.960000e-01  1.625275e-01
9.990000e-01  1.622974e-01
