000000  000001
3.000000e-03  7.624346e-01
6.000000e-03  6.726877e-01
9.000000e-03  6.180366e-01
1.200000e-02  5.792931e-01
1.500000e-02  5.495730e-01
1.800000e-02  5.256331e-01
2.100000e-02  5.056942e-01
2.400000e-02  4.886784e-01
2.700000e-02  4.738850e-01
3.000000e-02  4.608344e-01
3.300000e-02  4.491839e-01
3.600000e-02  4.386812e-01
3.900000e-02  4.291351e-01
4.200000e-02  4.203973e-01
4.500000e-02  4.123510e-01
4.800000e-02  4.049023e-01
5.100000e-02  3.979747e-01
5.400000e-02  3.915052e-01
5.700000e-02  3.854413e-01
6.000000e-02  3.797388e-01
6.300000e-02  3.743602e-01
6.600000e-02  3.692733e-01
6.900000e-02  3.644505e-01
7.200000e-02  3.598676e-01
7.500000e-02  3.555038e-01
7.800000e-02  3.513405e-01
8.100000e-02  3.473615e-01
8.400000e-02  3.435524e-01
8.700000e-02  3.399004e-01
9.000000e-02  3.363940e-01
9.300000e-02  3.330228e-01
9.600000e-02  3.297776e-01
9.900000e-02  3.266500e-01
1.020000e-01  3.236325e-01
1.050000e-01  3.207181e-01
1.080000e-01  3.179004e-01
1.110000e-01  3.151739e-01
1.140000e-01  3.125332e-01
1.170000e-01  3.099734e-01
1.200000e-01  3.074901e-01
1.230000e-01  3.050792e-01
1.260000e-01  3.027369e-01
1.290000e-01  3.004596e-01
1.320000e-01  2.982442e-01
1.350000e-01  2.960876e-01
1.380000e-01  2.939870e-01
1.410000e-01  2.919397e-01
1.440000e-01  2.899433e-01
1.470000e-01  2.879956e-01
1.500000e-01  2.860942e-01
1.530000e-01  2.842374e-01
1.560000e-01  2.824231e-01
1.590000e-01  2.806496e-01
1.620000e-01  2.789152e-01
1.650000e-01  2.772184e-01
1.680000e-01  2.755576e-01
1.710000e-01  2.739315e-01
1.740000e-01  2.723387e-01
1.770000e-01  2.707781e-01
1.800000e-01  2.692483e-01
1.830000e-01  2.677484e-01
1.860000e-01  2.662771e-01
1.890000e-01  2.648336e-01
1.920000e-01  2.634169e-01
1.950000e-01  2.620260e-01
1.980000e-01  2.606601e-01
2.010000e-01  2.593183e-01
2.040000e-01  2.579999e-01
2.070000e-01  2.567042e-01
2.100000e-01  2.554303e-01
2.130000e-01  2.541777e-01
2.160000e-01  2.529456e-01
2.190000e-01  2.517335e-01
2.220000e-01  2.505407e-01
2.250000e-01  2.493667e-01
2.280000e-01  2.482109e-01
2.310000e-01  2.470728e-01
2.340000e-01  2.459519e-01
2.370000e-01  2.448477e-01
2.400000e-01  2.437598e-01
2.430000e-01  2.426876e-01
2.460000e-01  2.416309e-01
2.490000e-01  2.405890e-01
2.520000e-01  2.395618e-01
2.550000e-01  2.385488e-01
2.580000e-01  2.375496e-01
2.610000e-01  2.365638e-01
2.640000e-01  2.355911e-01
2.670000e-01  2.346313e-01
2.700000e-01  2.336840e-01
2.730000e-01  2.327488e-01
2.760000e-01  2.318255e-01
2.790000e-01  2.309138e-01
2.820000e-01  2.300135e-01
2.850000e-01  2.291242e-01
2.880000e-01  2.282457e-01
2.910000e-01  2.273777e-01
2.940000e-01  2.265201e-01
2.970000e-01  2.256725e-01
3.000000e-01  2.248348e-01
3.030000e-01  2.240068e-01
3.060000e-01  2.231881e-01
3.090000e-01  2.223787e-01
3.120000e-01  2.215784e-01
3.150000e-01  2.207868e-01
3.180000e-01  2.200039e-01
3.210000e-01  2.192295e-01
3.240000e-01  2.184634e-01
3.270000e-01  2.177054e-01
3.300000e-01  2.169554e-01
3.330000e-01  2.162131e-01
3.360000e-01  2.154786e-01
3.390000e-01  2.147515e-01
3.420000e-01  2.140317e-01
3.450000e-01  2.133192e-01
3.480000e-01  2.126137e-01
3.510000e-01  2.119151e-01
3.540000e-01  2.112234e-01
3.570000e-01  2.105383e-01
3.600000e-01  2.098598e-01
3.630000e-01  2.091877e-01
3.660000e-01  2.085219e-01
3.690000e-01  2.078622e-01
3.720000e-01  2.072087e-01
3.750000e-01  2.065612e-01
3.780000e-01  2.059195e-01
3.810000e-01  2.052835e-01
3.840000e-01  2.046533e-01
3.870000e-01  2.040286e-01
3.900000e-01  2.034093e-01
3.930000e-01  2.027955e-01
3.960000e-01  2.021869e-01
3.990000e-01  2.015835e-01
4.020000e-01  2.009852e-01
4.050000e-01  2.003920e-01
4.080000e-01  1.998036e-01
4.110000e-01  1.992202e-01
4.140000e-01  1.986415e-01
4.170000e-01  1.980675e-01
4.200000e-01  1.974981e-01
4.230000e-01  1.969333e-01
4.260000e-01  1.963730e-01
4.290000e-01  1.958171e-01
4.320000e-01  1.952655e-01
4.350000e-01  1.947182e-01
4.380000e-01  1.941751e-01
4.410000e-01  1.936361e-01
4.440000e-01  1.931012e-01
4.470000e-01  1.925704e-01
4.500000e-01  1.920435e-01
4.530000e-01  1.915205e-01
4.560000e-01  1.910013e-01
4.590000e-01  1.904859e-01
4.620000e-01  1.899742e-01
4.650000e-01  1.894663e-01
4.680000e-01  1.889619e-01
4.710000e-01  1.884611e-01
4.740000e-01  1.879638e-01
4.770000e-01  1.874700e-01
4.800000e-01  1.869796e-01
4.830000e-01  1.864926e-01
4.860000e-01  1.860089e-01
4.890000e-01  1.855284e-01
4.920000e-01  1.850512e-01
4.950000e-01  1.845772e-01
4.980000e-01  1.841063e-01
5.010000e-01  1.836386e-01
5.040000e-01  1.831739e-01
5.070000e-01  1.827122e-01
5.100000e-01  1.822535e-01
5.130000e-01  1.817977e-01
5.160000e-01  1.813448e-01
5.190000e-01  1.808948e-01
5.220000e-01  1.804476e-01
5.250000e-01  1.800032e-01
5.280000e-01  1.795615e-01
5.310000e-01  1.791226e-01
5.340000e-01  1.786863e-01
5.370000e-01  1.782527e-01
5.400000e-01  1.778216e-01
5.430000e-01  1.773932e-01
5.460000e-01  1.769673e-01
5.490000e-01  1.765440e-01
5.520000e-01  1.761231e-01
5.550000e-01  1.757046e-01
5.580000e-01  1.752886e-01
5.610000e-01  1.748750e-01
5.640000e-01  1.744637e-01
5.670000e-01  1.740548e-01
5.700000e-01  1.736482e-01
5.730000e-01  1.732438e-01
5.760000e-01  1.728418e-01
5.790000e-01  1.724419e-01
5.820000e-01  1.720442e-01
5.850000e-01  1.716487e-01
5.880000e-01  1.712554e-01
5.910000e-01  1.708641e-01
5.940000e-01  1.704750e-01
5.970000e-01  1.700879e-01
6.000000e-01  1.697029e-01
6.030000e-01  1.693199e-01
6.060000e-01  1.689390e-01
6.090000e-01  1.685600e-01
6.120000e-01  1.681829e-01
6.150000e-01  1.678078e-01
6.180000e-01  1.674346e-01
6.210000e-01  1.670633e-01
6.240000e-01  1.666938e-01
6.270000e-01  1.663262e-01
6.300000e-01  1.659604e-01
6.330000e-01  1.655965e-01
6.360000e-01  1.652343e-01
6.390000e-01  1.648739e-01
6.420000e-01  1.645152e-01
6.450000e-01  1.641583e-01
6.480000e-01  1.638031e-01
6.510000e-01  1.634496e-01
6.540000e-01  1.630977e-01
6.570000e-01  1.627475e-01
6.600000e-01  1.623989e-01
6.630000e-01  1.620520e-01
6.660000e-01  1.617067e-01
6.690000e-01  1.613629e-01
6.720000e-01  1.610208e-01
6.750000e-01  1.606801e-01
6.780000e-01  1.603411e-01
6.810000e-01  1.600035e-01
6.840000e-01  1.596674e-01
6.870000e-01  1.593329e-01
6.900000e-01  1.589998e-01
6.930000e-01  1.586681e-01
6.960000e-01  1.583380e-01
6.990000e-01  1.580092e-01
7.020000e-01  1.576818e-01
7.050000e-01  1.573559e-01
7.080000e-01  1.570313e-01
7.110000e-01  1.567081e-01
7.140000e-01  1.563863e-01
7.170000e-01  1.560658e-01
7.200000e-01  1.557467e-01
7.230000e-01  1.554289e-01
7.260000e-01  1.551123e-01
7.290000e-01  1.547971e-01
7.320000e-01  1.544831e-01
7.350000e-01  1.541704e-01
7.380000e-01  1.538590e-01
7.410000e-01  1.535488e-01
7.440000e-01  1.532398e-01
7.470000e-01  1.529321e-01
7.500000e-01  1.526255e-01
7.530000e-01  1.523202e-01
7.560000e-01  1.520160e-01
7.590000e-01  1.517130e-01
7.620000e-01  1.514112e-01
7.650000e-01  1.511105e-01
7.680000e-01  1.508109e-01
7.710000e-01  1.505125e-01
7.740000e-01  1.502152e-01
7.770000e-01  1.499190e-01
7.800000e-01  1.496238e-01
7.830000e-01  1.493298e-01
7.860000e-01  1.490369e-01
7.890000e-01  1.487450e-01
7.920000e-01  1.484541e-01
7.950000e-01  1.481643e-01
7.980000e-01  1.478756e-01
8.010000e-01  1.475878e-01
8.040000e-01  1.473011e-01
8.070000e-01  1.470154e-01
8.100000e-01  1.467306e-01
8.130000e-01  1.464469e-01
8.160000e-01  1.461641e-01
8.190000e-01  1.458823e-01
8.220000e-01  1.456015e-01
8.250000e-01  1.453216e-01
8.280000e-01  1.450427e-01
8.310000e-01  1.447646e-01
8.340000e-01  1.444875e-01
8.370000e-01  1.442114e-01
8.400000e-01  1.439361e-01
8.430000e-01  1.436617e-01
8.460000e-01  1.433882e-01
8.490000e-01  1.431156e-01
8.520000e-01  1.428439e-01
8.550000e-01  1.425730e-01
8.580000e-01  1.423030e-01
8.610000e-01  1.420339e-01
8.640000e-01  1.417656e-01
8.670000e-01  1.414981e-01
8.700000e-01  1.412314e-01
8.730000e-01  1.409656e-01
8.760000e-01  1.407006e-01
8.790000e-01  1.404364e-01
8.820000e-01  1.401729e-01
8.850000e-01  1.399103e-01
8.880000e-01  1.396485e-01
8.910000e-01  1.393874e-01
8.940000e-01  1.391271e-01
8.970000e-01  1.388675e-01
9.000000e-01  1.386087e-01
9.030000e-01  1.383507e-01
9.060000e-01  1.380934e-01
9.090000e-01  1.378368e-01
9.120000e-01  1.375810e-01
9.150000e-01  1.373258e-01
9.180000e-01  1.370714e-01
9.210000e-01  1.368177e-01
9.240000e-01  1.365647e-01
9.270000e-01  1.363124e-01
9.300000e-01  1.360608e-01
9.330000e-01  1.358099e-01
9.360000e-01  1.355596e-01
9.390000e-01  1.353100e-01
9.420000e-01  1.350611e-01
9.450000e-01  1.348128e-01
9.480000e-01  1.345652e-01
9.510000e-01  1.343182e-01
9.540000e-01  1.340719e-01
9.570000e-01  1.338262e-01
9.600000e-01  1.335811e-01
9.630000e-01  1.333367e-01
9.660000e-01  1.330928e-01
9.690000e-01  1.328496e-01
9.720000e-01  1.326070e-01
9.750000e-01  1.323650e-01
9.780000e-01  1.321236e-01
9.810000e-01  1.318827e-01
9.840000e-01  1.316425e-01
9.870000e-01  1.314028e-01
9.900000e-01  1.311637e-01
9.930000e-01  1.309251e-01
9.960000e-01  1.306872e-01
9.990000e-01  1.304497e-01
