000000  000001
3.000000e-03  7.783075e-01
6.000000e-03  6.901067e-01
9.000000e-03  6.356858e-01
1.200000e-02  5.968446e-01
1.500000e-02  5.669227e-01
1.800000e-02  5.427488e-01
2.100000e-02  5.225704e-01
2.400000e-02  5.053206e-01
2.700000e-02  4.903032e-01
3.000000e-02  4.770399e-01
3.300000e-02  4.651884e-01
3.600000e-02  4.544958e-01
3.900000e-02  4.447704e-01
4.200000e-02  4.358633e-01
4.500000e-02  4.276567e-01
4.800000e-02  4.200561e-01
5.100000e-02  4.129843e-01
5.400000e-02  4.063778e-01
5.700000e-02  4.001835e-01
6.000000e-02  3.943567e-01
6.300000e-02  3.888594e-01
6.600000e-02  3.836591e-01
6.900000e-02  3.787276e-01
7.200000e-02  3.740407e-01
7.500000e-02  3.695769e-01
7.800000e-02  3.653176e-01
8.100000e-02  3.612464e-01
8.400000e-02  3.573484e-01
8.700000e-02  3.536107e-01
9.000000e-02  3.500217e-01
9.300000e-02  3.465708e-01
9.600000e-02  3.432486e-01
9.900000e-02  3.400466e-01
1.020000e-01  3.369569e-01
1.050000e-01  3.339727e-01
1.080000e-01  3.310875e-01
1.110000e-01  3.282954e-01
1.140000e-01  3.255910e-01
1.170000e-01  3.229695e-01
1.200000e-01  3.204262e-01
1.230000e-01  3.179570e-01
1.260000e-01  3.155581e-01
1.290000e-01  3.132257e-01
1.320000e-01  3.109566e-01
1.350000e-01  3.087478e-01
1.380000e-01  3.065962e-01
1.410000e-01  3.044993e-01
1.440000e-01  3.024546e-01
1.470000e-01  3.004596e-01
1.500000e-01  2.985123e-01
1.530000e-01  2.966105e-01
1.560000e-01  2.947523e-01
1.590000e-01  2.929360e-01
1.620000e-01  2.911597e-01
1.650000e-01  2.894219e-01
1.680000e-01  2.877211e-01
1.710000e-01  2.860559e-01
1.740000e-01  2.844249e-01
1.770000e-01  2.828268e-01
1.800000e-01  2.812604e-01
1.830000e-01  2.797245e-01
1.860000e-01  2.782182e-01
1.890000e-01  2.767402e-01
1.920000e-01  2.752898e-01
1.950000e-01  2.738658e-01
1.980000e-01  2.724675e-01
2.010000e-01  2.710940e-01
2.040000e-01  2.697445e-01
2.070000e-01  2.684182e-01
2.100000e-01  2.671144e-01
2.130000e-01  2.658324e-01
2.160000e-01  2.645714e-01
2.190000e-01  2.633310e-01
2.220000e-01  2.621104e-01
2.250000e-01  2.609091e-01
2.280000e-01  2.597266e-01
2.310000e-01  2.585622e-01
2.340000e-01  2.574154e-01
2.370000e-01  2.562859e-01
2.400000e-01  2.551730e-01
2.430000e-01  2.540764e-01
2.460000e-01  2.529955e-01
2.490000e-01  2.519300e-01
2.520000e-01  2.508795e-01
2.550000e-01  2.498436e-01
2.580000e-01  2.488219e-01
2.610000e-01  2.478140e-01
2.640000e-01  2.468197e-01
2.670000e-01  2.458385e-01
2.700000e-01  2.448701e-01
2.730000e-01  2.439142e-01
2.760000e-01  2.429705e-01
2.790000e-01  2.420388e-01
2.820000e-01  2.411187e-01
2.850000e-01  2.402100e-01
2.880000e-01  2.393124e-01
2.910000e-01  2.384257e-01
2.940000e-01  2.375496e-01
2.970000e-01  2.366838e-01
3.000000e-01  2.358282e-01
3.030000e-01  2.349824e-01
3.060000e-01  2.341464e-01
3.090000e-01  2.333199e-01
3.120000e-01  2.325027e-01
3.150000e-01  2.316946e-01
3.180000e-01  2.308953e-01
3.210000e-01  2.301048e-01
3.240000e-01  2.293228e-01
3.270000e-01  2.285492e-01
3.300000e-01  2.277838e-01
3.330000e-01  2.270264e-01
3.360000e-01  2.262769e-01
3.390000e-01  2.255351e-01
3.420000e-01  2.248008e-01
3.450000e-01  2.240740e-01
3.480000e-01  2.233544e-01
3.510000e-01  2.226420e-01
3.540000e-01  2.219366e-01
3.570000e-01  2.212381e-01
3.600000e-01  2.205463e-01
3.630000e-01  2.198611e-01
3.660000e-01  2.191824e-01
3.690000e-01  2.185101e-01
3.720000e-01  2.178440e-01
3.750000e-01  2.171841e-01
3.780000e-01  2.165303e-01
3.810000e-01  2.158824e-01
3.840000e-01  2.152403e-01
3.870000e-01  2.146040e-01
3.900000e-01  2.139733e-01
3.930000e-01  2.133481e-01
3.960000e-01  2.127284e-01
3.990000e-01  2.121140e-01
4.020000e-01  2.115049e-01
4.050000e-01  2.109010e-01
4.080000e-01  2.103021e-01
4.110000e-01  2.097083e-01
4.140000e-01  2.091194e-01
4.170000e-01  2.085354e-01
4.200000e-01  2.079561e-01
4.230000e-01  2.073815e-01
4.260000e-01  2.068115e-01
4.290000e-01  2.062461e-01
4.320000e-01  2.056852e-01
4.350000e-01  2.051287e-01
4.380000e-01  2.045765e-01
4.410000e-01  2.040286e-01
4.440000e-01  2.034849e-01
4.470000e-01  2.029453e-01
4.500000e-01  2.024098e-01
4.530000e-01  2.018784e-01
4.560000e-01  2.013509e-01
4.590000e-01  2.008273e-01
4.620000e-01  2.003076e-01
4.650000e-01  1.997917e-01
4.680000e-01  1.992795e-01
4.710000e-01  1.987710e-01
4.740000e-01  1.982661e-01
4.770000e-01  1.977648e-01
4.800000e-01  1.972671e-01
4.830000e-01  1.967728e-01
4.860000e-01  1.962819e-01
4.890000e-01  1.957945e-01
4.920000e-01  1.953104e-01
4.950000e-01  1.948295e-01
4.980000e-01  1.943520e-01
5.010000e-01  1.938776e-01
5.040000e-01  1.934064e-01
5.070000e-01  1.929383e-01
5.100000e-01  1.924733e-01
5.130000e-01  1.920113e-01
5.160000e-01  1.915524e-01
5.190000e-01  1.910964e-01
5.220000e-01  1.906433e-01
5.250000e-01  1.901931e-01
5.280000e-01  1.897457e-01
5.310000e-01  1.893012e-01
5.340000e-01  1.888594e-01
5.370000e-01  1.884204e-01
5.400000e-01  1.879840e-01
5.430000e-01  1.875504e-01
5.460000e-01  1.871194e-01
5.490000e-01  1.866909e-01
5.520000e-01  1.862651e-01
5.550000e-01  1.858418e-01
5.580000e-01  1.854210e-01
5.610000e-01  1.850027e-01
5.640000e-01  1.845869e-01
5.670000e-01  1.841734e-01
5.700000e-01  1.837624e-01
5.730000e-01  1.833537e-01
5.760000e-01  1.829474e-01
5.790000e-01  1.825433e-01
5.820000e-01  1.821416e-01
5.850000e-01  1.817421e-01
5.880000e-01  1.813448e-01
5.910000e-01  1.809497e-01
5.940000e-01  1.805568e-01
5.970000e-01  1.801661e-01
6.000000e-01  1.797775e-01
6.030000e-01  1.793910e-01
6.060000e-01  1.790065e-01
6.090000e-01  1.786242e-01
6.120000e-01  1.782438e-01
6.150000e-01  1.778655e-01
6.180000e-01  1.774892e-01
6.210000e-01  1.771148e-01
6.240000e-01  1.767424e-01
6.270000e-01  1.763719e-01
6.300000e-01  1.760033e-01
6.330000e-01  1.756365e-01
6.360000e-01  1.752717e-01
6.390000e-01  1.749087e-01
6.420000e-01  1.745475e-01
6.450000e-01  1.741881e-01
6.480000e-01  1.738305e-01
6.510000e-01  1.734746e-01
6.540000e-01  1.731205e-01
6.570000e-01  1.727681e-01
6.600000e-01  1.724175e-01
6.630000e-01  1.720685e-01
6.660000e-01  1.717212e-01
6.690000e-01  1.713756e-01
6.720000e-01  1.710316e-01
6.750000e-01  1.706892e-01
6.780000e-01  1.703484e-01
6.810000e-01  1.700092e-01
6.840000e-01  1.696716e-01
6.870000e-01  1.693355e-01
6.900000e-01  1.690010e-01
6.930000e-01  1.686680e-01
6.960000e-01  1.683366e-01
6.990000e-01  1.680066e-01
7.020000e-01  1.676781e-01
7.050000e-01  1.673511e-01
7.080000e-01  1.670255e-01
7.110000e-01  1.667013e-01
7.140000e-01  1.663786e-01
7.170000e-01  1.660573e-01
7.200000e-01  1.657374e-01
7.230000e-01  1.654189e-01
7.260000e-01  1.651017e-01
7.290000e-01  1.647859e-01
7.320000e-01  1.644714e-01
7.350000e-01  1.641583e-01
7.380000e-01  1.638465e-01
7.410000e-01  1.635360e-01
7.440000e-01  1.632268e-01
7.470000e-01  1.629188e-01
7.500000e-01  1.626122e-01
7.530000e-01  1.623067e-01
7.560000e-01  1.620026e-01
7.590000e-01  1.616996e-01
7.620000e-01  1.613979e-01
7.650000e-01  1.610974e-01
7.680000e-01  1.607981e-01
7.710000e-01  1.605000e-01
7.740000e-01  1.602031e-01
7.770000e-01  1.599073e-01
7.800000e-01  1.596127e-01
7.830000e-01  1.593192e-01
7.860000e-01  1.590269e-01
7.890000e-01  1.587357e-01
7.920000e-01  1.584456e-01
7.950000e-01  1.581566e-01
7.980000e-01  1.578687e-01
8.010000e-01  1.575819e-01
8.040000e-01  1.572962e-01
8.070000e-01  1.570115e-01
8.100000e-01  1.567279e-01
8.130000e-01  1.564453e-01
8.160000e-01  1.561638e-01
8.190000e-01  1.558833e-01
8.220000e-01  1.556038e-01
8.250000e-01  1.553254e-01
8.280000e-01  1.550479e-01
8.310000e-01  1.547714e-01
8.340000e-01  1.544959e-01
8.370000e-01  1.542214e-01
8.400000e-01  1.539478e-01
8.430000e-01  1.536753e-01
8.460000e-01  1.534036e-01
8.490000e-01  1.531329e-01
8.520000e-01  1.528632e-01
8.550000e-01  1.525943e-01
8.580000e-01  1.523264e-01
8.610000e-01  1.520594e-01
8.640000e-01  1.517933e-01
8.670000e-01  1.515281e-01
8.700000e-01  1.512637e-01
8.730000e-01  1.510003e-01
8.760000e-01  1.507377e-01
8.790000e-01  1.504760e-01
8.820000e-01  1.502152e-01
8.850000e-01  1.499552e-01
8.880000e-01  1.496960e-01
8.910000e-01  1.494377e-01
8.940000e-01  1.491802e-01
8.970000e-01  1.489235e-01
9.000000e-01  1.486677e-01
9.030000e-01  1.484127e-01
9.060000e-01  1.481584e-01
9.090000e-01  1.479050e-01
9.120000e-01  1.476523e-01
9.150000e-01  1.474004e-01
9.180000e-01  1.471494e-01
9.210000e-01  1.468990e-01
9.240000e-01  1.466495e-01
9.270000e-01  1.464007e-01
9.300000e-01  1.461526e-01
9.330000e-01  1.459053e-01
9.360000e-01  1.456587e-01
9.390000e-01  1.454129e-01
9.420000e-01  1.451678e-01
9.450000e-01  1.449234e-01
9.480000e-01  1.446797e-01
9.510000e-01  1.444368e-01
9.540000e-01  1.441945e-01
9.570000e-01  1.439529e-01
9.600000e-01  1.437120e-01
9.630000e-01  1.434719e-01
9.660000e-01  1.432324e-01
9.690000e-01  1.429935e-01
9.720000e-01  1.427554e-01
9.750000e-01  1.425179e-01
9.780000e-01  1.422810e-01
9.810000e-01  1.420449e-01
9.840000e-01  1.418093e-01
9.870000e-01  1.415744e-01
9.900000e-01  1.413402e-01
9.930000e-01  1.411065e-01
9.960000e-01  1.408736e-01
9.990000e-01  1.406412e-01
