000000  000001
3.000000e-03  6.370572e-01
6.000000e-03  5.440867e-01
9.000000e-03  4.915899e-01
1.200000e-02  4.557370e-01
1.500000e-02  4.288591e-01
1.800000e-02  4.075469e-01
2.100000e-02  3.899997e-01
2.400000e-02  3.751556e-01
2.700000e-02  3.623389e-01
3.000000e-02  3.510942e-01
3.300000e-02  3.411010e-01
3.600000e-02  3.321256e-01
3.900000e-02  3.239926e-01
4.200000e-02  3.165675e-01
4.500000e-02  3.097445e-01
4.800000e-02  3.034396e-01
5.100000e-02  2.975846e-01
5.400000e-02  2.921237e-01
5.700000e-02  2.870104e-01
6.000000e-02  2.822060e-01
6.300000e-02  2.776775e-01
6.600000e-02  2.733969e-01
6.900000e-02  2.693402e-01
7.200000e-02  2.654864e-01
7.500000e-02  2.618175e-01
7.800000e-02  2.583175e-01
8.100000e-02  2.549724e-01
8.400000e-02  2.517699e-01
8.700000e-02  2.486990e-01
9.000000e-02  2.457499e-01
9.300000e-02  2.429137e-01
9.600000e-02  2.401827e-01
9.900000e-02  2.375496e-01
1.020000e-01  2.350079e-01
1.050000e-01  2.325520e-01
1.080000e-01  2.301763e-01
1.110000e-01  2.278762e-01
1.140000e-01  2.256470e-01
1.170000e-01  2.234847e-01
1.200000e-01  2.213857e-01
1.230000e-01  2.193463e-01
1.260000e-01  2.173635e-01
1.290000e-01  2.154343e-01
1.320000e-01  2.135559e-01
1.350000e-01  2.117258e-01
1.380000e-01  2.099417e-01
1.410000e-01  2.082013e-01
1.440000e-01  2.065026e-01
1.470000e-01  2.048437e-01
1.500000e-01  2.032228e-01
1.530000e-01  2.016382e-01
1.560000e-01  2.000883e-01
1.590000e-01  1.985717e-01
1.620000e-01  1.970869e-01
1.650000e-01  1.956327e-01
1.680000e-01  1.942079e-01
1.710000e-01  1.928112e-01
1.740000e-01  1.914416e-01
1.770000e-01  1.900979e-01
1.800000e-01  1.887794e-01
1.830000e-01  1.874849e-01
1.860000e-01  1.862137e-01
1.890000e-01  1.849648e-01
1.920000e-01  1.837376e-01
1.950000e-01  1.825311e-01
1.980000e-01  1.813448e-01
2.010000e-01  1.801779e-01
2.040000e-01  1.790298e-01
2.070000e-01  1.778998e-01
2.100000e-01  1.767874e-01
2.130000e-01  1.756920e-01
2.160000e-01  1.746130e-01
2.190000e-01  1.735500e-01
2.220000e-01  1.725023e-01
2.250000e-01  1.714697e-01
2.280000e-01  1.704515e-01
2.310000e-01  1.694474e-01
2.340000e-01  1.684569e-01
2.370000e-01  1.674797e-01
2.400000e-01  1.665153e-01
2.430000e-01  1.655635e-01
2.460000e-01  1.646237e-01
2.490000e-01  1.636958e-01
2.520000e-01  1.627793e-01
2.550000e-01  1.618739e-01
2.580000e-01  1.609794e-01
2.610000e-01  1.600954e-01
2.640000e-01  1.592217e-01
2.670000e-01  1.583579e-01
2.700000e-01  1.575039e-01
2.730000e-01  1.566593e-01
2.760000e-01  1.558239e-01
2.790000e-01  1.549975e-01
2.820000e-01  1.541799e-01
2.850000e-01  1.533708e-01
2.880000e-01  1.525699e-01
2.910000e-01  1.517772e-01
2.940000e-01  1.509923e-01
2.970000e-01  1.502152e-01
3.000000e-01  1.494455e-01
3.030000e-01  1.486832e-01
3.060000e-01  1.479280e-01
3.090000e-01  1.471798e-01
3.120000e-01  1.464383e-01
3.150000e-01  1.457035e-01
3.180000e-01  1.449752e-01
3.210000e-01  1.442532e-01
3.240000e-01  1.435373e-01
3.270000e-01  1.428275e-01
3.300000e-01  1.421235e-01
3.330000e-01  1.414253e-01
3.360000e-01  1.407327e-01
3.390000e-01  1.400455e-01
3.420000e-01  1.393637e-01
3.450000e-01  1.386871e-01
3.480000e-01  1.380156e-01
3.510000e-01  1.373490e-01
3.540000e-01  1.366873e-01
3.570000e-01  1.360304e-01
3.600000e-01  1.353780e-01
3.630000e-01  1.347302e-01
3.660000e-01  1.340868e-01
3.690000e-01  1.334477e-01
3.720000e-01  1.328128e-01
3.750000e-01  1.321820e-01
3.780000e-01  1.315553e-01
3.810000e-01  1.309324e-01
3.840000e-01  1.303133e-01
3.870000e-01  1.296979e-01
3.900000e-01  1.290862e-01
3.930000e-01  1.284780e-01
3.960000e-01  1.278733e-01
3.990000e-01  1.272719e-01
4.020000e-01  1.266738e-01
4.050000e-01  1.260789e-01
4.080000e-01  1.254871e-01
4.110000e-01  1.248983e-01
4.140000e-01  1.243125e-01
4.170000e-01  1.237295e-01
4.200000e-01  1.231493e-01
4.230000e-01  1.225719e-01
4.260000e-01  1.219970e-01
4.290000e-01  1.214248e-01
4.320000e-01  1.208550e-01
4.350000e-01  1.202876e-01
4.380000e-01  1.197225e-01
4.410000e-01  1.191597e-01
4.440000e-01  1.185991e-01
4.470000e-01  1.180406e-01
4.500000e-01  1.174841e-01
4.530000e-01  1.169296e-01
4.560000e-01  1.163770e-01
4.590000e-01  1.158262e-01
4.620000e-01  1.152772e-01
4.650000e-01  1.147298e-01
4.680000e-01  1.141841e-01
4.710000e-01  1.136399e-01
4.740000e-01  1.130972e-01
4.770000e-01  1.125558e-01
4.800000e-01  1.120158e-01
4.830000e-01  1.114771e-01
4.860000e-01  1.109395e-01
4.890000e-01  1.104030e-01
4.920000e-01  1.098675e-01
4.950000e-01  1.093330e-01
4.980000e-01  1.087994e-01
5.010000e-01  1.082666e-01
5.040000e-01  1.077345e-01
5.070000e-01  1.072031e-01
5.100000e-01  1.066722e-01
5.130000e-01  1.061418e-01
5.160000e-01  1.056118e-01
5.190000e-01  1.050821e-01
5.220000e-01  1.045527e-01
5.250000e-01  1.040234e-01
5.280000e-01  000000
5.310000e-01  000000
5.340000e-01  000000
5.370000e-01  000000
5.400000e-01  000000
5.430000e-01  000000
5.460000e-01  000000
5.490000e-01  000000
5.520000e-01  000000
5.550000e-01  000000
5.580000e-01  000000
5.610000e-01  000000
5.640000e-01  000000
5.670000e-01  000000
5.700000e-01  000000
5.730000e-01  000000
5.760000e-01  000000
5.790000e-01  000000
5.820000e-01  000000
5.850000e-01  000000
5.880000e-01  000000
5.910000e-01  000000
5.940000e-01  000000
5.970000e-01  000000
6.000000e-01  000000
6.030000e-01  000000
6.060000e-01  000000
6.090000e-01  000000
6.120000e-01  000000
6.150000e-01  000000
6.180000e-01  000000
6.210000e-01  000000
6.240000e-01  000000
6.270000e-01  000000
6.300000e-01  000000
6.330000e-01  000000
6.360000e-01  000000
6.390000e-01  000000
6.420000e-01  000000
6.450000e-01  000000
6.480000e-01  000000
6.510000e-01  000000
6.540000e-01  000000
6.570000e-01  000000
6.600000e-01  000000
6.630000e-01  000000
6.660000e-01  000000
6.690000e-01  000000
6.720000e-01  000000
6.750000e-01  000000
6.780000e-01  000000
6.810000e-01  000000
6.840000e-01  000000
6.870000e-01  000000
6.900000e-01  000000
6.930000e-01  000000
6.960000e-01  000000
6.990000e-01  000000
7.020000e-01  000000
7.050000e-01  000000
7.080000e-01  000000
7.110000e-01  000000
7.140000e-01  000000
7.170000e-01  000000
7.200000e-01  000000
7.230000e-01  000000
7.260000e-01  000000
7.290000e-01  000000
7.320000e-01  000000
7.350000e-01  000000
7.380000e-01  000000
7.410000e-01  000000
7.440000e-01  000000
7.470000e-01  000000
7.500000e-01  000000
7.530000e-01  000000
7.560000e-01  000000
7.590000e-01  000000
7.620000e-01  000000
7.650000e-01  000000
7.680000e-01  000000
7.710000e-01  000000
7.740000e-01  000000
7.770000e-01  000000
7.800000e-01  000000
7.830000e-01  000000
7.860000e-01  000000
7.890000e-01  000000
7.920000e-01  000000
7.950000e-01  000000
7.980000e-01  000000
8.010000e-01  000000
8.040000e-01  000000
8.070000e-01  000000
8.100000e-01  000000
8.130000e-01  000000
8.160000e-01  000000
8.190000e-01  000000
8.220000e-01  000000
8.250000e-01  000000
8.280000e-01  000000
8.310000e-01  000000
8.340000e-01  000000
8.370000e-01  000000
8.400000e-01  000000
8.430000e-01  000000
8.460000e-01  000000
8.490000e-01  000000
8.520000e-01  000000
8.550000e-01  000000
8.580000e-01  000000
8.610000e-01  000000
8.640000e-01  000000
8.670000e-01  000000
8.700000e-01  000000
8.730000e-01  000000
8.760000e-01  000000
8.790000e-01  000000
8.820000e-01  000000
8.850000e-01  000000
8.880000e-01  000000
8.910000e-01  000000
8.940000e-01  000000
8.970000e-01  000000
9.000000e-01  000000
9.030000e-01  000000
9.060000e-01  000000
9.090000e-01  000000
9.120000e-01  000000
9.150000e-01  000000
9.180000e-01  000000
9.210000e-01  000000
9.240000e-01  000000
9.270000e-01  000000
9.300000e-01  000000
9.330000e-01  000000
9.360000e-01  000000
9.390000e-01  000000
9.420000e-01  000000
9.450000e-01  000000
9.480000e-01  000000
9.510000e-01  000000
9.540000e-01  000000
9.570000e-01  000000
9.600000e-01  000000
9.630000e-01  000000
9.660000e-01  000000
9.690000e-01  000000
9.720000e-01  000000
9.750000e-01  000000
9.780000e-01  000000
9.810000e-01  000000
9.840000e-01  000000
9.870000e-01  000000
9.900000e-01  000000
9.930000e-01  000000
9.960000e-01  000000
9.990000e-01  000000
