000000  000001
3.000000e-03  8.110997e-01
6.000000e-03  7.268302e-01
9.000000e-03  6.730005e-01
1.200000e-02  6.338258e-01
1.500000e-02  6.032432e-01
1.800000e-02  5.782858e-01
2.100000e-02  5.572841e-01
2.400000e-02  5.392080e-01
2.700000e-02  5.233782e-01
3.000000e-02  5.093243e-01
3.300000e-02  4.967070e-01
3.600000e-02  4.852746e-01
3.900000e-02  4.748347e-01
4.200000e-02  4.652375e-01
4.500000e-02  4.563641e-01
4.800000e-02  4.481185e-01
5.100000e-02  4.404224e-01
5.400000e-02  4.332108e-01
5.700000e-02  4.264295e-01
6.000000e-02  4.200325e-01
6.300000e-02  4.139807e-01
6.600000e-02  4.082407e-01
6.900000e-02  4.027834e-01
7.200000e-02  3.975837e-01
7.500000e-02  3.926193e-01
7.800000e-02  3.878710e-01
8.100000e-02  3.833215e-01
8.400000e-02  3.789556e-01
8.700000e-02  3.747596e-01
9.000000e-02  3.707213e-01
9.300000e-02  3.668298e-01
9.600000e-02  3.630752e-01
9.900000e-02  3.594485e-01
1.020000e-01  3.559416e-01
1.050000e-01  3.525472e-01
1.080000e-01  3.492584e-01
1.110000e-01  3.460690e-01
1.140000e-01  3.429735e-01
1.170000e-01  3.399665e-01
1.200000e-01  3.370433e-01
1.230000e-01  3.341995e-01
1.260000e-01  3.314309e-01
1.290000e-01  3.287337e-01
1.320000e-01  3.261044e-01
1.350000e-01  3.235398e-01
1.380000e-01  3.210366e-01
1.410000e-01  3.185922e-01
1.440000e-01  3.162038e-01
1.470000e-01  3.138690e-01
1.500000e-01  3.115853e-01
1.530000e-01  3.093506e-01
1.560000e-01  3.071628e-01
1.590000e-01  3.050201e-01
1.620000e-01  3.029204e-01
1.650000e-01  3.008622e-01
1.680000e-01  2.988439e-01
1.710000e-01  2.968637e-01
1.740000e-01  2.949204e-01
1.770000e-01  2.930126e-01
1.800000e-01  2.911388e-01
1.830000e-01  2.892980e-01
1.860000e-01  2.874889e-01
1.890000e-01  2.857104e-01
1.920000e-01  2.839615e-01
1.950000e-01  2.822411e-01
1.980000e-01  2.805482e-01
2.010000e-01  2.788820e-01
2.040000e-01  2.772417e-01
2.070000e-01  2.756262e-01
2.100000e-01  2.740350e-01
2.130000e-01  2.724671e-01
2.160000e-01  2.709219e-01
2.190000e-01  2.693986e-01
2.220000e-01  2.678967e-01
2.250000e-01  2.664154e-01
2.280000e-01  2.649542e-01
2.310000e-01  2.635124e-01
2.340000e-01  2.620895e-01
2.370000e-01  2.606850e-01
2.400000e-01  2.592983e-01
2.430000e-01  2.579289e-01
2.460000e-01  2.565764e-01
2.490000e-01  2.552402e-01
2.520000e-01  2.539200e-01
2.550000e-01  2.526153e-01
2.580000e-01  2.513257e-01
2.610000e-01  2.500507e-01
2.640000e-01  2.487901e-01
2.670000e-01  2.475433e-01
2.700000e-01  2.463102e-01
2.730000e-01  2.450902e-01
2.760000e-01  2.438831e-01
2.790000e-01  2.426886e-01
2.820000e-01  2.415063e-01
2.850000e-01  2.403360e-01
2.880000e-01  2.391773e-01
2.910000e-01  2.380299e-01
2.940000e-01  2.368936e-01
2.970000e-01  2.357682e-01
3.000000e-01  2.346532e-01
3.030000e-01  2.335486e-01
3.060000e-01  2.324540e-01
3.090000e-01  2.313692e-01
3.120000e-01  2.302939e-01
3.150000e-01  2.292281e-01
3.180000e-01  2.281713e-01
3.210000e-01  2.271235e-01
3.240000e-01  2.260844e-01
3.270000e-01  2.250538e-01
3.300000e-01  2.240315e-01
3.330000e-01  2.230173e-01
3.360000e-01  2.220111e-01
3.390000e-01  2.210126e-01
3.420000e-01  2.200217e-01
3.450000e-01  2.190382e-01
3.480000e-01  2.180619e-01
3.510000e-01  2.170927e-01
3.540000e-01  2.161305e-01
3.570000e-01  2.151749e-01
3.600000e-01  2.142260e-01
3.630000e-01  2.132835e-01
3.660000e-01  2.123473e-01
3.690000e-01  2.114173e-01
3.720000e-01  2.104933e-01
3.750000e-01  2.095752e-01
3.780000e-01  2.086628e-01
3.810000e-01  2.077560e-01
3.840000e-01  2.068547e-01
3.870000e-01  2.059588e-01
3.900000e-01  2.050681e-01
3.930000e-01  2.041825e-01
3.960000e-01  2.033019e-01
3.990000e-01  2.024261e-01
4.020000e-01  2.015552e-01
4.050000e-01  2.006888e-01
4.080000e-01  1.998270e-01
4.110000e-01  1.989696e-01
4.140000e-01  1.981165e-01
4.170000e-01  1.972675e-01
4.200000e-01  1.964227e-01
4.230000e-01  1.955819e-01
4.260000e-01  1.947449e-01
4.290000e-01  1.939117e-01
4.320000e-01  1.930822e-01
4.350000e-01  1.922563e-01
4.380000e-01  1.914338e-01
4.410000e-01  1.906147e-01
4.440000e-01  1.897989e-01
4.470000e-01  1.889863e-01
4.500000e-01  1.881768e-01
4.530000e-01  1.873703e-01
4.560000e-01  1.865667e-01
4.590000e-01  1.857658e-01
4.620000e-01  1.849677e-01
4.650000e-01  1.841722e-01
4.680000e-01  1.833793e-01
4.710000e-01  1.825887e-01
4.740000e-01  1.818006e-01
4.770000e-01  1.810146e-01
4.800000e-01  1.802308e-01
4.830000e-01  1.794491e-01
4.860000e-01  1.786694e-01
4.890000e-01  1.778915e-01
4.920000e-01  1.771155e-01
4.950000e-01  1.763411e-01
4.980000e-01  1.755683e-01
5.010000e-01  1.747970e-01
5.040000e-01  1.740272e-01
5.070000e-01  1.732586e-01
5.100000e-01  1.724913e-01
5.130000e-01  1.717251e-01
5.160000e-01  1.709600e-01
5.190000e-01  1.701957e-01
5.220000e-01  1.694323e-01
5.250000e-01  1.686696e-01
5.280000e-01  1.679075e-01
5.310000e-01  1.671460e-01
5.340000e-01  1.663848e-01
5.370000e-01  1.656240e-01
5.400000e-01  1.648633e-01
5.430000e-01  000000
5.460000e-01  000000
5.490000e-01  000000
5.520000e-01  000000
5.550000e-01  000000
5.580000e-01  000000
5.610000e-01  000000
5.640000e-01  000000
5.670000e-01  000000
5.700000e-01  000000
5.730000e-01  000000
5.760000e-01  000000
5.790000e-01  000000
5.820000e-01  000000
5.850000e-01  000000
5.880000e-01  000000
5.910000e-01  000000
5.940000e-01  000000
5.970000e-01  000000
6.000000e-01  000000
6.030000e-01  000000
6.060000e-01  000000
6.090000e-01  000000
6.120000e-01  000000
6.150000e-01  000000
6.180000e-01  000000
6.210000e-01  000000
6.240000e-01  000000
6.270000e-01  000000
6.300000e-01  000000
6.330000e-01  000000
6.360000e-01  000000
6.390000e-01  000000
6.420000e-01  000000
6.450000e-01  000000
6.480000e-01  000000
6.510000e-01  000000
6.540000e-01  000000
6.570000e-01  000000
6.600000e-01  000000
6.630000e-01  000000
6.660000e-01  000000
6.690000e-01  000000
6.720000e-01  000000
6.750000e-01  000000
6.780000e-01  000000
6.810000e-01  000000
6.840000e-01  000000
6.870000e-01  000000
6.900000e-01  000000
6.930000e-01  000000
6.960000e-01  000000
6.990000e-01  000000
7.020000e-01  000000
7.050000e-01  000000
7.080000e-01  000000
7.110000e-01  000000
7.140000e-01  000000
7.170000e-01  000000
7.200000e-01  000000
7.230000e-01  000000
7.260000e-01  000000
7.290000e-01  000000
7.320000e-01  000000
7.350000e-01  000000
7.380000e-01  000000
7.410000e-01  000000
7.440000e-01  000000
7.470000e-01  000000
7.500000e-01  000000
7.530000e-01  000000
7.560000e-01  000000
7.590000e-01  000000
7.620000e-01  000000
7.650000e-01  000000
7.680000e-01  000000
7.710000e-01  000000
7.740000e-01  000000
7.770000e-01  000000
7.800000e-01  000000
7.830000e-01  000000
7.860000e-01  000000
7.890000e-01  000000
7.920000e-01  000000
7.950000e-01  000000
7.980000e-01  000000
8.010000e-01  000000
8.040000e-01  000000
8.070000e-01  000000
8.100000e-01  000000
8.130000e-01  000000
8.160000e-01  000000
8.190000e-01  000000
8.220000e-01  000000
8.250000e-01  000000
8.280000e-01  000000
8.310000e-01  000000
8.340000e-01  000000
8.370000e-01  000000
8.400000e-01  000000
8.430000e-01  000000
8.460000e-01  000000
8.490000e-01  000000
8.520000e-01  000000
8.550000e-01  000000
8.580000e-01  000000
8.610000e-01  000000
8.640000e-01  000000
8.670000e-01  000000
8.700000e-01  000000
8.730000e-01  000000
8.760000e-01  000000
8.790000e-01  000000
8.820000e-01  000000
8.850000e-01  000000
8.880000e-01  000000
8.910000e-01  000000
8.940000e-01  000000
8.970000e-01  000000
9.000000e-01  000000
9.030000e-01  000000
9.060000e-01  000000
9.090000e-01  000000
9.120000e-01  000000
9.150000e-01  000000
9.180000e-01  000000
9.210000e-01  000000
9.240000e-01  000000
9.270000e-01  000000
9.300000e-01  000000
9.330000e-01  000000
9.360000e-01  000000
9.390000e-01  000000
9.420000e-01  000000
9.450000e-01  000000
9.480000e-01  000000
9.510000e-01  000000
9.540000e-01  000000
9.570000e-01  000000
9.600000e-01  000000
9.630000e-01  000000
9.660000e-01  000000
9.690000e-01  000000
9.720000e-01  000000
9.750000e-01  000000
9.780000e-01  000000
9.810000e-01  000000
9.840000e-01  000000
9.870000e-01  000000
9.900000e-01  000000
9.930000e-01  000000
9.960000e-01  000000
9.990000e-01  000000
