000000  000001
3.000000e-03  9.047279e-01
6.000000e-03  8.447172e-01
9.000000e-03  8.010533e-01
1.200000e-02  7.668704e-01
1.500000e-02  7.388788e-01
1.800000e-02  7.152436e-01
2.100000e-02  6.948367e-01
2.400000e-02  6.769153e-01
2.700000e-02  6.609641e-01
3.000000e-02  6.466118e-01
3.300000e-02  6.335816e-01
3.600000e-02  6.216622e-01
3.900000e-02  6.106884e-01
4.200000e-02  6.005289e-01
4.500000e-02  5.910775e-01
4.800000e-02  5.822473e-01
5.100000e-02  5.739660e-01
5.400000e-02  5.661731e-01
5.700000e-02  5.588176e-01
6.000000e-02  5.518557e-01
6.300000e-02  5.452497e-01
6.600000e-02  5.389673e-01
6.900000e-02  5.329800e-01
7.200000e-02  5.272630e-01
7.500000e-02  5.217944e-01
7.800000e-02  5.165547e-01
8.100000e-02  5.115267e-01
8.400000e-02  5.066950e-01
8.700000e-02  5.020457e-01
9.000000e-02  4.975664e-01
9.300000e-02  4.932458e-01
9.600000e-02  4.890738e-01
9.900000e-02  4.850411e-01
1.020000e-01  4.811392e-01
1.050000e-01  4.773604e-01
1.080000e-01  4.736977e-01
1.110000e-01  4.701445e-01
1.140000e-01  4.666950e-01
1.170000e-01  4.633435e-01
1.200000e-01  4.600850e-01
1.230000e-01  4.569147e-01
1.260000e-01  4.538284e-01
1.290000e-01  4.508218e-01
1.320000e-01  4.478914e-01
1.350000e-01  4.450334e-01
1.380000e-01  4.422447e-01
1.410000e-01  4.395221e-01
1.440000e-01  4.368627e-01
1.470000e-01  4.342639e-01
1.500000e-01  4.317232e-01
1.530000e-01  4.292380e-01
1.560000e-01  4.268062e-01
1.590000e-01  4.244257e-01
1.620000e-01  4.220945e-01
1.650000e-01  4.198106e-01
1.680000e-01  4.175723e-01
1.710000e-01  4.153779e-01
1.740000e-01  4.132259e-01
1.770000e-01  4.111146e-01
1.800000e-01  4.090428e-01
1.830000e-01  4.070089e-01
1.860000e-01  4.050117e-01
1.890000e-01  4.030500e-01
1.920000e-01  4.011226e-01
1.950000e-01  3.992283e-01
1.980000e-01  3.973662e-01
2.010000e-01  3.955352e-01
2.040000e-01  3.937343e-01
2.070000e-01  3.919627e-01
2.100000e-01  3.902193e-01
2.130000e-01  3.885034e-01
2.160000e-01  3.868142e-01
2.190000e-01  3.851508e-01
2.220000e-01  3.835126e-01
2.250000e-01  3.818988e-01
2.280000e-01  3.803088e-01
2.310000e-01  3.787418e-01
2.340000e-01  3.771973e-01
2.370000e-01  3.756747e-01
2.400000e-01  3.741733e-01
2.430000e-01  3.726926e-01
2.460000e-01  3.712320e-01
2.490000e-01  3.697912e-01
2.520000e-01  3.683694e-01
2.550000e-01  3.669664e-01
2.580000e-01  3.655815e-01
2.610000e-01  3.642144e-01
2.640000e-01  3.628646e-01
2.670000e-01  3.615317e-01
2.700000e-01  3.602153e-01
2.730000e-01  3.589150e-01
2.760000e-01  3.576305e-01
2.790000e-01  3.563613e-01
2.820000e-01  3.551072e-01
2.850000e-01  3.538678e-01
2.880000e-01  3.526427e-01
2.910000e-01  3.514316e-01
2.940000e-01  3.502343e-01
2.970000e-01  3.490504e-01
3.000000e-01  3.478797e-01
3.030000e-01  3.467218e-01
3.060000e-01  3.455765e-01
3.090000e-01  3.444435e-01
3.120000e-01  3.433227e-01
3.150000e-01  3.422136e-01
3.180000e-01  3.411161e-01
3.210000e-01  3.400300e-01
3.240000e-01  3.389551e-01
3.270000e-01  3.378910e-01
3.300000e-01  3.368376e-01
3.330000e-01  3.357947e-01
3.360000e-01  3.347621e-01
3.390000e-01  3.337396e-01
3.420000e-01  3.327269e-01
3.450000e-01  3.317240e-01
3.480000e-01  3.307306e-01
3.510000e-01  3.297466e-01
3.540000e-01  3.287717e-01
3.570000e-01  3.278059e-01
3.600000e-01  3.268489e-01
3.630000e-01  3.259006e-01
3.660000e-01  3.249609e-01
3.690000e-01  3.240295e-01
3.720000e-01  3.231064e-01
3.750000e-01  3.221913e-01
3.780000e-01  3.212843e-01
3.810000e-01  3.203850e-01
3.840000e-01  3.194935e-01
3.870000e-01  3.186095e-01
3.900000e-01  3.177329e-01
3.930000e-01  3.168637e-01
3.960000e-01  3.160016e-01
3.990000e-01  3.151467e-01
4.020000e-01  3.142986e-01
4.050000e-01  3.134575e-01
4.080000e-01  3.126231e-01
4.110000e-01  3.117952e-01
4.140000e-01  3.109740e-01
4.170000e-01  3.101591e-01
4.200000e-01  3.093506e-01
4.230000e-01  3.085483e-01
4.260000e-01  3.077521e-01
4.290000e-01  3.069620e-01
4.320000e-01  3.061778e-01
4.350000e-01  3.053995e-01
4.380000e-01  3.046269e-01
4.410000e-01  3.038600e-01
4.440000e-01  3.030987e-01
4.470000e-01  3.023430e-01
4.500000e-01  3.015926e-01
4.530000e-01  3.008477e-01
4.560000e-01  3.001080e-01
4.590000e-01  2.993735e-01
4.620000e-01  2.986441e-01
4.650000e-01  2.979198e-01
4.680000e-01  2.972005e-01
4.710000e-01  2.964861e-01
4.740000e-01  2.957766e-01
4.770000e-01  2.950718e-01
4.800000e-01  2.943718e-01
4.830000e-01  2.936764e-01
4.860000e-01  2.929856e-01
4.890000e-01  2.922993e-01
4.920000e-01  2.916175e-01
4.950000e-01  2.909401e-01
4.980000e-01  2.902670e-01
5.010000e-01  2.895982e-01
5.040000e-01  2.889337e-01
5.070000e-01  2.882733e-01
5.100000e-01  2.876171e-01
5.130000e-01  2.869649e-01
5.160000e-01  2.863168e-01
5.190000e-01  2.856726e-01
5.220000e-01  2.850324e-01
5.250000e-01  2.843960e-01
5.280000e-01  2.837634e-01
5.310000e-01  2.831346e-01
5.340000e-01  2.825095e-01
5.370000e-01  2.818882e-01
5.400000e-01  2.812704e-01
5.430000e-01  2.806562e-01
5.460000e-01  2.800456e-01
5.490000e-01  2.794385e-01
5.520000e-01  2.788348e-01
5.550000e-01  2.782346e-01
5.580000e-01  2.776377e-01
5.610000e-01  2.770442e-01
5.640000e-01  2.764540e-01
5.670000e-01  2.758670e-01
5.700000e-01  2.752832e-01
5.730000e-01  2.747027e-01
5.760000e-01  2.741253e-01
5.790000e-01  2.735510e-01
5.820000e-01  2.729797e-01
5.850000e-01  2.724115e-01
5.880000e-01  2.718463e-01
5.910000e-01  2.712841e-01
5.940000e-01  2.707248e-01
5.970000e-01  2.701684e-01
6.000000e-01  2.696149e-01
6.030000e-01  2.690643e-01
6.060000e-01  2.685164e-01
6.090000e-01  2.679713e-01
6.120000e-01  2.674290e-01
6.150000e-01  2.668893e-01
6.180000e-01  2.663524e-01
6.210000e-01  2.658181e-01
6.240000e-01  2.652864e-01
6.270000e-01  2.647574e-01
6.300000e-01  2.642309e-01
6.330000e-01  2.637070e-01
6.360000e-01  2.631855e-01
6.390000e-01  2.626666e-01
6.420000e-01  2.621501e-01
6.450000e-01  2.616361e-01
6.480000e-01  2.611245e-01
6.510000e-01  2.606152e-01
6.540000e-01  2.601084e-01
6.570000e-01  2.596038e-01
6.600000e-01  2.591016e-01
6.630000e-01  2.586017e-01
6.660000e-01  2.581040e-01
6.690000e-01  2.576086e-01
6.720000e-01  2.571154e-01
6.750000e-01  2.566244e-01
6.780000e-01  2.561356e-01
6.810000e-01  2.556489e-01
6.840000e-01  2.551644e-01
6.870000e-01  2.546819e-01
6.900000e-01  2.542016e-01
6.930000e-01  2.537233e-01
6.960000e-01  2.532471e-01
6.990000e-01  2.527729e-01
7.020000e-01  2.523007e-01
7.050000e-01  2.518305e-01
7.080000e-01  2.513623e-01
7.110000e-01  2.508960e-01
7.140000e-01  2.504317e-01
7.170000e-01  2.499692e-01
7.200000e-01  2.495087e-01
7.230000e-01  2.490500e-01
7.260000e-01  2.485932e-01
7.290000e-01  2.481383e-01
7.320000e-01  2.476851e-01
7.350000e-01  2.472338e-01
7.380000e-01  2.467842e-01
7.410000e-01  2.463364e-01
7.440000e-01  2.458904e-01
7.470000e-01  2.454461e-01
7.500000e-01  2.450036e-01
7.530000e-01  2.445627e-01
7.560000e-01  2.441235e-01
7.590000e-01  2.436860e-01
7.620000e-01  2.432502e-01
7.650000e-01  2.428160e-01
7.680000e-01  2.423835e-01
7.710000e-01  2.419525e-01
7.740000e-01  2.415231e-01
7.770000e-01  2.410954e-01
7.800000e-01  2.406692e-01
7.830000e-01  2.402445e-01
7.860000e-01  2.398214e-01
7.890000e-01  2.393999e-01
7.920000e-01  2.389798e-01
7.950000e-01  2.385612e-01
7.980000e-01  2.381442e-01
8.010000e-01  2.377286e-01
8.040000e-01  2.373144e-01
8.070000e-01  2.369017e-01
8.100000e-01  2.364904e-01
8.130000e-01  2.360806e-01
8.160000e-01  2.356722e-01
8.190000e-01  2.352651e-01
8.220000e-01  2.348595e-01
8.250000e-01  2.344552e-01
8.280000e-01  2.340523e-01
8.310000e-01  2.336507e-01
8.340000e-01  2.332505e-01
8.370000e-01  2.328516e-01
8.400000e-01  2.324540e-01
8.430000e-01  2.320577e-01
8.460000e-01  2.316627e-01
8.490000e-01  2.312689e-01
8.520000e-01  2.308765e-01
8.550000e-01  2.304853e-01
8.580000e-01  2.300953e-01
8.610000e-01  2.297066e-01
8.640000e-01  2.293191e-01
8.670000e-01  2.289328e-01
8.700000e-01  2.285477e-01
8.730000e-01  2.281638e-01
8.760000e-01  2.277811e-01
8.790000e-01  2.273996e-01
8.820000e-01  2.270192e-01
8.850000e-01  2.266400e-01
8.880000e-01  2.262619e-01
8.910000e-01  2.258850e-01
8.940000e-01  2.255092e-01
8.970000e-01  2.251345e-01
9.000000e-01  2.247609e-01
9.030000e-01  2.243884e-01
9.060000e-01  2.240169e-01
9.090000e-01  2.236466e-01
9.120000e-01  2.232773e-01
9.150000e-01  2.229091e-01
9.180000e-01  2.225420e-01
9.210000e-01  2.221759e-01
9.240000e-01  2.218108e-01
9.270000e-01  2.214467e-01
9.300000e-01  2.210837e-01
9.330000e-01  2.207216e-01
9.360000e-01  2.203606e-01
9.390000e-01  2.200005e-01
9.420000e-01  2.196415e-01
9.450000e-01  2.192834e-01
9.480000e-01  2.189263e-01
9.510000e-01  2.185701e-01
9.540000e-01  2.182149e-01
9.570000e-01  2.178606e-01
9.600000e-01  2.175073e-01
9.630000e-01  2.171548e-01
9.660000e-01  2.168033e-01
9.690000e-01  2.164528e-01
9.720000e-01  2.161031e-01
9.750000e-01  2.157543e-01
9.780000e-01  2.154064e-01
9.810000e-01  2.150594e-01
9.840000e-01  2.147132e-01
9.870000e-01  2.143679e-01
9.900000e-01  2.140235e-01
9.930000e-01  2.136799e-01
9.960000e-01  2.133372e-01
9.990000e-01  2.129953e-01
