000000  000001
3.000000e-03  8.432690e-01
6.000000e-03  7.651011e-01
9.000000e-03  7.133537e-01
1.200000e-02  6.749730e-01
1.500000e-02  6.446470e-01
1.800000e-02  6.196898e-01
2.100000e-02  5.985571e-01
2.400000e-02  5.802805e-01
2.700000e-02  5.642140e-01
3.000000e-02  5.499058e-01
3.300000e-02  5.370275e-01
3.600000e-02  5.253338e-01
3.900000e-02  5.146361e-01
4.200000e-02  5.047870e-01
4.500000e-02  4.956690e-01
4.800000e-02  4.871868e-01
5.100000e-02  4.792623e-01
5.400000e-02  4.718306e-01
5.700000e-02  4.648374e-01
6.000000e-02  4.582367e-01
6.300000e-02  4.519890e-01
6.600000e-02  4.460607e-01
6.900000e-02  4.404224e-01
7.200000e-02  4.350486e-01
7.500000e-02  4.299169e-01
7.800000e-02  4.250076e-01
8.100000e-02  4.203031e-01
8.400000e-02  4.157881e-01
8.700000e-02  4.114485e-01
9.000000e-02  4.072721e-01
9.300000e-02  4.032474e-01
9.600000e-02  3.993645e-01
9.900000e-02  3.956142e-01
1.020000e-01  3.919881e-01
1.050000e-01  3.884787e-01
1.080000e-01  3.850791e-01
1.110000e-01  3.817828e-01
1.140000e-01  3.785841e-01
1.170000e-01  3.754776e-01
1.200000e-01  3.724584e-01
1.230000e-01  3.695219e-01
1.260000e-01  3.666638e-01
1.290000e-01  3.638802e-01
1.320000e-01  3.611676e-01
1.350000e-01  3.585224e-01
1.380000e-01  3.559416e-01
1.410000e-01  3.534222e-01
1.440000e-01  3.509615e-01
1.470000e-01  3.485568e-01
1.500000e-01  3.462057e-01
1.530000e-01  3.439060e-01
1.560000e-01  3.416555e-01
1.590000e-01  3.394522e-01
1.620000e-01  3.372943e-01
1.650000e-01  3.351799e-01
1.680000e-01  3.331074e-01
1.710000e-01  3.310751e-01
1.740000e-01  3.290816e-01
1.770000e-01  3.271254e-01
1.800000e-01  3.252052e-01
1.830000e-01  3.233197e-01
1.860000e-01  3.214677e-01
1.890000e-01  3.196480e-01
1.920000e-01  3.178595e-01
1.950000e-01  3.161012e-01
1.980000e-01  3.143721e-01
2.010000e-01  3.126712e-01
2.040000e-01  3.109977e-01
2.070000e-01  3.093506e-01
2.100000e-01  3.077291e-01
2.130000e-01  3.061325e-01
2.160000e-01  3.045600e-01
2.190000e-01  3.030108e-01
2.220000e-01  3.014844e-01
2.250000e-01  2.999799e-01
2.280000e-01  2.984968e-01
2.310000e-01  2.970344e-01
2.340000e-01  2.955923e-01
2.370000e-01  2.941697e-01
2.400000e-01  2.927663e-01
2.430000e-01  2.913813e-01
2.460000e-01  2.900145e-01
2.490000e-01  2.886652e-01
2.520000e-01  2.873331e-01
2.550000e-01  2.860176e-01
2.580000e-01  2.847183e-01
2.610000e-01  2.834349e-01
2.640000e-01  2.821669e-01
2.670000e-01  2.809139e-01
2.700000e-01  2.796756e-01
2.730000e-01  2.784517e-01
2.760000e-01  2.772417e-01
2.790000e-01  2.760453e-01
2.820000e-01  2.748622e-01
2.850000e-01  2.736922e-01
2.880000e-01  2.725348e-01
2.910000e-01  2.713898e-01
2.940000e-01  2.702569e-01
2.970000e-01  2.691359e-01
3.000000e-01  2.680265e-01
3.030000e-01  2.669283e-01
3.060000e-01  2.658413e-01
3.090000e-01  2.647650e-01
3.120000e-01  2.636994e-01
3.150000e-01  2.626441e-01
3.180000e-01  2.615989e-01
3.210000e-01  2.605637e-01
3.240000e-01  2.595382e-01
3.270000e-01  2.585222e-01
3.300000e-01  2.575155e-01
3.330000e-01  2.565179e-01
3.360000e-01  2.555293e-01
3.390000e-01  2.545495e-01
3.420000e-01  2.535782e-01
3.450000e-01  2.526153e-01
3.480000e-01  2.516607e-01
3.510000e-01  2.507141e-01
3.540000e-01  2.497754e-01
3.570000e-01  2.488446e-01
3.600000e-01  2.479213e-01
3.630000e-01  2.470055e-01
3.660000e-01  2.460971e-01
3.690000e-01  2.451958e-01
3.720000e-01  2.443015e-01
3.750000e-01  2.434142e-01
3.780000e-01  2.425337e-01
3.810000e-01  2.416599e-01
3.840000e-01  2.407926e-01
3.870000e-01  2.399317e-01
3.900000e-01  2.390771e-01
3.930000e-01  2.382287e-01
3.960000e-01  2.373863e-01
3.990000e-01  2.365500e-01
4.020000e-01  2.357195e-01
4.050000e-01  2.348947e-01
4.080000e-01  2.340756e-01
4.110000e-01  2.332621e-01
4.140000e-01  2.324540e-01
4.170000e-01  2.316512e-01
4.200000e-01  2.308538e-01
4.230000e-01  2.300614e-01
4.260000e-01  2.292742e-01
4.290000e-01  2.284920e-01
4.320000e-01  2.277147e-01
4.350000e-01  2.269422e-01
4.380000e-01  2.261744e-01
4.410000e-01  2.254113e-01
4.440000e-01  2.246528e-01
4.470000e-01  2.238987e-01
4.500000e-01  2.231492e-01
4.530000e-01  2.224039e-01
4.560000e-01  2.216629e-01
4.590000e-01  2.209261e-01
4.620000e-01  2.201935e-01
4.650000e-01  2.194649e-01
4.680000e-01  2.187403e-01
4.710000e-01  2.180197e-01
4.740000e-01  2.173028e-01
4.770000e-01  2.165898e-01
4.800000e-01  2.158805e-01
4.830000e-01  2.151749e-01
4.860000e-01  2.144729e-01
4.890000e-01  2.137744e-01
4.920000e-01  2.130795e-01
4.950000e-01  2.123879e-01
4.980000e-01  2.116997e-01
5.010000e-01  2.110148e-01
5.040000e-01  2.103332e-01
5.070000e-01  2.096548e-01
5.100000e-01  2.089795e-01
5.130000e-01  2.083073e-01
5.160000e-01  2.076381e-01
5.190000e-01  2.069720e-01
5.220000e-01  2.063087e-01
5.250000e-01  2.056484e-01
5.280000e-01  2.049909e-01
5.310000e-01  2.043362e-01
5.340000e-01  2.036842e-01
5.370000e-01  2.030348e-01
5.400000e-01  2.023882e-01
5.430000e-01  2.017441e-01
5.460000e-01  2.011026e-01
5.490000e-01  2.004636e-01
5.520000e-01  1.998270e-01
5.550000e-01  1.991928e-01
5.580000e-01  1.985610e-01
5.610000e-01  1.979316e-01
5.640000e-01  1.973044e-01
5.670000e-01  1.966794e-01
5.700000e-01  1.960566e-01
5.730000e-01  1.954360e-01
5.760000e-01  1.948175e-01
5.790000e-01  1.942011e-01
5.820000e-01  1.935867e-01
5.850000e-01  1.929743e-01
5.880000e-01  1.923638e-01
5.910000e-01  1.917552e-01
5.940000e-01  1.911485e-01
5.970000e-01  1.905437e-01
6.000000e-01  1.899406e-01
6.030000e-01  1.893393e-01
6.060000e-01  1.887396e-01
6.090000e-01  1.881417e-01
6.120000e-01  1.875454e-01
6.150000e-01  1.869506e-01
6.180000e-01  1.863575e-01
6.210000e-01  1.857658e-01
6.240000e-01  1.851757e-01
6.270000e-01  1.845870e-01
6.300000e-01  1.839996e-01
6.330000e-01  1.834137e-01
6.360000e-01  1.828291e-01
6.390000e-01  1.822458e-01
6.420000e-01  1.816637e-01
6.450000e-01  1.810829e-01
6.480000e-01  1.805032e-01
6.510000e-01  1.799247e-01
6.540000e-01  1.793473e-01
6.570000e-01  1.787710e-01
6.600000e-01  1.781957e-01
6.630000e-01  1.776214e-01
6.660000e-01  1.770481e-01
6.690000e-01  1.764756e-01
6.720000e-01  1.759041e-01
6.750000e-01  1.753334e-01
6.780000e-01  1.747635e-01
6.810000e-01  1.741944e-01
6.840000e-01  1.736260e-01
6.870000e-01  1.730584e-01
6.900000e-01  1.724913e-01
6.930000e-01  1.719249e-01
6.960000e-01  1.713591e-01
6.990000e-01  1.707938e-01
7.020000e-01  1.702289e-01
7.050000e-01  1.696646e-01
7.080000e-01  1.691006e-01
7.110000e-01  1.685370e-01
7.140000e-01  1.679738e-01
7.170000e-01  1.674108e-01
7.200000e-01  1.668481e-01
7.230000e-01  1.662856e-01
7.260000e-01  1.657232e-01
7.290000e-01  1.651609e-01
7.320000e-01  1.645987e-01
7.350000e-01  000000
7.380000e-01  000000
7.410000e-01  000000
7.440000e-01  000000
7.470000e-01  000000
7.500000e-01  000000
7.530000e-01  000000
7.560000e-01  000000
7.590000e-01  000000
7.620000e-01  000000
7.650000e-01  000000
7.680000e-01  000000
7.710000e-01  000000
7.740000e-01  000000
7.770000e-01  000000
7.800000e-01  000000
7.830000e-01  000000
7.860000e-01  000000
7.890000e-01  000000
7.920000e-01  000000
7.950000e-01  000000
7.980000e-01  000000
8.010000e-01  000000
8.040000e-01  000000
8.070000e-01  000000
8.100000e-01  000000
8.130000e-01  000000
8.160000e-01  000000
8.190000e-01  000000
8.220000e-01  000000
8.250000e-01  000000
8.280000e-01  000000
8.310000e-01  000000
8.340000e-01  000000
8.370000e-01  000000
8.400000e-01  000000
8.430000e-01  000000
8.460000e-01  000000
8.490000e-01  000000
8.520000e-01  000000
8.550000e-01  000000
8.580000e-01  000000
8.610000e-01  000000
8.640000e-01  000000
8.670000e-01  000000
8.700000e-01  000000
8.730000e-01  000000
8.760000e-01  000000
8.790000e-01  000000
8.820000e-01  000000
8.850000e-01  000000
8.880000e-01  000000
8.910000e-01  000000
8.940000e-01  000000
8.970000e-01  000000
9.000000e-01  000000
9.030000e-01  000000
9.060000e-01  000000
9.090000e-01  000000
9.120000e-01  000000
9.150000e-01  000000
9.180000e-01  000000
9.210000e-01  000000
9.240000e-01  000000
9.270000e-01  000000
9.300000e-01  000000
9.330000e-01  000000
9.360000e-01  000000
9.390000e-01  000000
9.420000e-01  000000
9.450000e-01  000000
9.480000e-01  000000
9.510000e-01  000000
9.540000e-01  000000
9.570000e-01  000000
9.600000e-01  000000
9.630000e-01  000000
9.660000e-01  000000
9.690000e-01  000000
9.720000e-01  000000
9.750000e-01  000000
9.780000e-01  000000
9.810000e-01  000000
9.840000e-01  000000
9.870000e-01  000000
9.900000e-01  000000
9.930000e-01  000000
9.960000e-01  000000
9.990000e-01  000000
