000000  000001
3.000000e-03  9.114517e-01
6.000000e-03  8.541097e-01
9.000000e-03  8.118266e-01
1.200000e-02  7.784544e-01
1.500000e-02  7.509738e-01
1.800000e-02  7.276749e-01
2.100000e-02  7.074947e-01
2.400000e-02  6.897275e-01
2.700000e-02  6.738810e-01
3.000000e-02  6.595980e-01
3.300000e-02  6.466118e-01
3.600000e-02  6.347174e-01
3.900000e-02  6.237547e-01
4.200000e-02  6.135955e-01
4.500000e-02  6.041362e-01
4.800000e-02  5.952918e-01
5.100000e-02  5.869914e-01
5.400000e-02  5.791758e-01
5.700000e-02  5.717945e-01
6.000000e-02  5.648046e-01
6.300000e-02  5.581690e-01
6.600000e-02  5.518557e-01
6.900000e-02  5.458365e-01
7.200000e-02  5.400868e-01
7.500000e-02  5.345851e-01
7.800000e-02  5.293121e-01
8.100000e-02  5.242506e-01
8.400000e-02  5.193854e-01
8.700000e-02  5.147027e-01
9.000000e-02  5.101901e-01
9.300000e-02  5.058365e-01
9.600000e-02  5.016316e-01
9.900000e-02  4.975664e-01
1.020000e-01  4.936323e-01
1.050000e-01  4.898217e-01
1.080000e-01  4.861276e-01
1.110000e-01  4.825434e-01
1.140000e-01  4.790632e-01
1.170000e-01  4.756816e-01
1.200000e-01  4.723933e-01
1.230000e-01  4.691937e-01
1.260000e-01  4.660785e-01
1.290000e-01  4.630435e-01
1.320000e-01  4.600850e-01
1.350000e-01  4.571994e-01
1.380000e-01  4.543835e-01
1.410000e-01  4.516341e-01
1.440000e-01  4.489484e-01
1.470000e-01  4.463237e-01
1.500000e-01  4.437574e-01
1.530000e-01  4.412471e-01
1.560000e-01  4.387906e-01
1.590000e-01  4.363858e-01
1.620000e-01  4.340306e-01
1.650000e-01  4.317232e-01
1.680000e-01  4.294617e-01
1.710000e-01  4.272445e-01
1.740000e-01  4.250700e-01
1.770000e-01  4.229366e-01
1.800000e-01  4.208430e-01
1.830000e-01  4.187876e-01
1.860000e-01  4.167694e-01
1.890000e-01  4.147869e-01
1.920000e-01  4.128390e-01
1.950000e-01  4.109247e-01
1.980000e-01  4.090428e-01
2.010000e-01  4.071922e-01
2.040000e-01  4.053721e-01
2.070000e-01  4.035815e-01
2.100000e-01  4.018195e-01
2.130000e-01  4.000853e-01
2.160000e-01  3.983780e-01
2.190000e-01  3.966969e-01
2.220000e-01  3.950411e-01
2.250000e-01  3.934101e-01
2.280000e-01  3.918030e-01
2.310000e-01  3.902193e-01
2.340000e-01  3.886583e-01
2.370000e-01  3.871194e-01
2.400000e-01  3.856019e-01
2.430000e-01  3.841055e-01
2.460000e-01  3.826294e-01
2.490000e-01  3.811732e-01
2.520000e-01  3.797364e-01
2.550000e-01  3.783184e-01
2.580000e-01  3.769189e-01
2.610000e-01  3.755373e-01
2.640000e-01  3.741733e-01
2.670000e-01  3.728263e-01
2.700000e-01  3.714961e-01
2.730000e-01  3.701822e-01
2.760000e-01  3.688842e-01
2.790000e-01  3.676018e-01
2.820000e-01  3.663346e-01
2.850000e-01  3.650823e-01
2.880000e-01  3.638446e-01
2.910000e-01  3.626210e-01
2.940000e-01  3.614113e-01
2.970000e-01  3.602153e-01
3.000000e-01  3.590326e-01
3.030000e-01  3.578629e-01
3.060000e-01  3.567060e-01
3.090000e-01  3.555615e-01
3.120000e-01  3.544293e-01
3.150000e-01  3.533091e-01
3.180000e-01  3.522007e-01
3.210000e-01  3.511037e-01
3.240000e-01  3.500180e-01
3.270000e-01  3.489434e-01
3.300000e-01  3.478797e-01
3.330000e-01  3.468265e-01
3.360000e-01  3.457838e-01
3.390000e-01  3.447513e-01
3.420000e-01  3.437289e-01
3.450000e-01  3.427163e-01
3.480000e-01  3.417133e-01
3.510000e-01  3.407199e-01
3.540000e-01  3.397358e-01
3.570000e-01  3.387608e-01
3.600000e-01  3.377948e-01
3.630000e-01  3.368376e-01
3.660000e-01  3.358891e-01
3.690000e-01  3.349491e-01
3.720000e-01  3.340174e-01
3.750000e-01  3.330940e-01
3.780000e-01  3.321787e-01
3.810000e-01  3.312713e-01
3.840000e-01  3.303717e-01
3.870000e-01  3.294798e-01
3.900000e-01  3.285955e-01
3.930000e-01  3.277185e-01
3.960000e-01  3.268489e-01
3.990000e-01  3.259865e-01
4.020000e-01  3.251311e-01
4.050000e-01  3.242827e-01
4.080000e-01  3.234411e-01
4.110000e-01  3.226063e-01
4.140000e-01  3.217781e-01
4.170000e-01  3.209564e-01
4.200000e-01  3.201411e-01
4.230000e-01  3.193322e-01
4.260000e-01  3.185295e-01
4.290000e-01  3.177329e-01
4.320000e-01  3.169424e-01
4.350000e-01  3.161579e-01
4.380000e-01  3.153791e-01
4.410000e-01  3.146062e-01
4.440000e-01  3.138390e-01
4.470000e-01  3.130774e-01
4.500000e-01  3.123213e-01
4.530000e-01  3.115706e-01
4.560000e-01  3.108253e-01
4.590000e-01  3.100854e-01
4.620000e-01  3.093506e-01
4.650000e-01  3.086210e-01
4.680000e-01  3.078964e-01
4.710000e-01  3.071769e-01
4.740000e-01  3.064623e-01
4.770000e-01  3.057525e-01
4.800000e-01  3.050476e-01
4.830000e-01  3.043474e-01
4.860000e-01  3.036519e-01
4.890000e-01  3.029609e-01
4.920000e-01  3.022745e-01
4.950000e-01  3.015926e-01
4.980000e-01  3.009152e-01
5.010000e-01  3.002421e-01
5.040000e-01  2.995733e-01
5.070000e-01  2.989088e-01
5.100000e-01  2.982484e-01
5.130000e-01  2.975923e-01
5.160000e-01  2.969402e-01
5.190000e-01  2.962921e-01
5.220000e-01  2.956481e-01
5.250000e-01  2.950080e-01
5.280000e-01  2.943718e-01
5.310000e-01  2.937394e-01
5.340000e-01  2.931108e-01
5.370000e-01  2.924860e-01
5.400000e-01  2.918649e-01
5.430000e-01  2.912474e-01
5.460000e-01  2.906336e-01
5.490000e-01  2.900233e-01
5.520000e-01  2.894166e-01
5.550000e-01  2.888133e-01
5.580000e-01  2.882135e-01
5.610000e-01  2.876171e-01
5.640000e-01  2.870241e-01
5.670000e-01  2.864343e-01
5.700000e-01  2.858479e-01
5.730000e-01  2.852647e-01
5.760000e-01  2.846848e-01
5.790000e-01  2.841080e-01
5.820000e-01  2.835343e-01
5.850000e-01  2.829638e-01
5.880000e-01  2.823963e-01
5.910000e-01  2.818319e-01
5.940000e-01  2.812704e-01
5.970000e-01  2.807119e-01
6.000000e-01  2.801564e-01
6.030000e-01  2.796037e-01
6.060000e-01  2.790539e-01
6.090000e-01  2.785070e-01
6.120000e-01  2.779629e-01
6.150000e-01  2.774215e-01
6.180000e-01  2.768829e-01
6.210000e-01  2.763470e-01
6.240000e-01  2.758138e-01
6.270000e-01  2.752832e-01
6.300000e-01  2.747553e-01
6.330000e-01  2.742300e-01
6.360000e-01  2.737073e-01
6.390000e-01  2.731871e-01
6.420000e-01  2.726694e-01
6.450000e-01  2.721542e-01
6.480000e-01  2.716415e-01
6.510000e-01  2.711313e-01
6.540000e-01  2.706234e-01
6.570000e-01  2.701180e-01
6.600000e-01  2.696149e-01
6.630000e-01  2.691142e-01
6.660000e-01  2.686158e-01
6.690000e-01  2.681197e-01
6.720000e-01  2.676259e-01
6.750000e-01  2.671343e-01
6.780000e-01  2.666449e-01
6.810000e-01  2.661578e-01
6.840000e-01  2.656728e-01
6.870000e-01  2.651901e-01
6.900000e-01  2.647094e-01
6.930000e-01  2.642309e-01
6.960000e-01  2.637545e-01
6.990000e-01  2.632801e-01
7.020000e-01  2.628079e-01
7.050000e-01  2.623377e-01
7.080000e-01  2.618694e-01
7.110000e-01  2.614032e-01
7.140000e-01  2.609390e-01
7.170000e-01  2.604768e-01
7.200000e-01  2.600165e-01
7.230000e-01  2.595581e-01
7.260000e-01  2.591016e-01
7.290000e-01  2.586470e-01
7.320000e-01  2.581943e-01
7.350000e-01  2.577435e-01
7.380000e-01  2.572945e-01
7.410000e-01  2.568473e-01
7.440000e-01  2.564019e-01
7.470000e-01  2.559584e-01
7.500000e-01  2.555165e-01
7.530000e-01  2.550765e-01
7.560000e-01  2.546382e-01
7.590000e-01  2.542016e-01
7.620000e-01  2.537667e-01
7.650000e-01  2.533335e-01
7.680000e-01  2.529020e-01
7.710000e-01  2.524722e-01
7.740000e-01  2.520440e-01
7.770000e-01  2.516174e-01
7.800000e-01  2.511925e-01
7.830000e-01  2.507692e-01
7.860000e-01  2.503475e-01
7.890000e-01  2.499273e-01
7.920000e-01  2.495087e-01
7.950000e-01  2.490916e-01
7.980000e-01  2.486761e-01
8.010000e-01  2.482622e-01
8.040000e-01  2.478497e-01
8.070000e-01  2.474387e-01
8.100000e-01  2.470292e-01
8.130000e-01  2.466212e-01
8.160000e-01  2.462146e-01
8.190000e-01  2.458095e-01
8.220000e-01  2.454058e-01
8.250000e-01  2.450036e-01
8.280000e-01  2.446027e-01
8.310000e-01  2.442033e-01
8.340000e-01  2.438052e-01
8.370000e-01  2.434085e-01
8.400000e-01  2.430132e-01
8.430000e-01  2.426192e-01
8.460000e-01  2.422266e-01
8.490000e-01  2.418352e-01
8.520000e-01  2.414453e-01
8.550000e-01  2.410566e-01
8.580000e-01  2.406692e-01
8.610000e-01  2.402831e-01
8.640000e-01  2.398982e-01
8.670000e-01  2.395147e-01
8.700000e-01  2.391324e-01
8.730000e-01  2.387513e-01
8.760000e-01  2.383715e-01
8.790000e-01  2.379929e-01
8.820000e-01  2.376155e-01
8.850000e-01  2.372393e-01
8.880000e-01  2.368643e-01
8.910000e-01  2.364904e-01
8.940000e-01  2.361178e-01
8.970000e-01  2.357463e-01
9.000000e-01  2.353760e-01
9.030000e-01  2.350068e-01
9.060000e-01  2.346388e-01
9.090000e-01  2.342719e-01
9.120000e-01  2.339061e-01
9.150000e-01  2.335414e-01
9.180000e-01  2.331778e-01
9.210000e-01  2.328154e-01
9.240000e-01  2.324540e-01
9.270000e-01  2.320936e-01
9.300000e-01  2.317344e-01
9.330000e-01  2.313762e-01
9.360000e-01  2.310190e-01
9.390000e-01  2.306629e-01
9.420000e-01  2.303078e-01
9.450000e-01  2.299538e-01
9.480000e-01  2.296008e-01
9.510000e-01  2.292487e-01
9.540000e-01  2.288977e-01
9.570000e-01  2.285477e-01
9.600000e-01  2.281987e-01
9.630000e-01  2.278506e-01
9.660000e-01  2.275035e-01
9.690000e-01  2.271574e-01
9.720000e-01  2.268122e-01
9.750000e-01  2.264680e-01
9.780000e-01  2.261247e-01
9.810000e-01  2.257824e-01
9.840000e-01  2.254410e-01
9.870000e-01  2.251004e-01
9.900000e-01  2.247609e-01
9.930000e-01  2.244222e-01
9.960000e-01  2.240844e-01
9.990000e-01  2.237475e-01
