000000  000001
3.000000e-03  9.057518e-01
6.000000e-03  8.461371e-01
9.000000e-03  8.026752e-01
1.200000e-02  7.686095e-01
1.500000e-02  7.406910e-01
1.800000e-02  7.171034e-01
2.100000e-02  6.967283e-01
2.400000e-02  6.788280e-01
2.700000e-02  6.628910e-01
3.000000e-02  6.485477e-01
3.300000e-02  6.355229e-01
3.600000e-02  6.236063e-01
3.900000e-02  6.126333e-01
4.200000e-02  6.024731e-01
4.500000e-02  5.930199e-01
4.800000e-02  5.841869e-01
5.100000e-02  5.759022e-01
5.400000e-02  5.681055e-01
5.700000e-02  5.607457e-01
6.000000e-02  5.537792e-01
6.300000e-02  5.471685e-01
6.600000e-02  5.408812e-01
6.900000e-02  5.348888e-01
7.200000e-02  5.291667e-01
7.500000e-02  5.236929e-01
7.800000e-02  5.184480e-01
8.100000e-02  5.134148e-01
8.400000e-02  5.085779e-01
8.700000e-02  5.039235e-01
9.000000e-02  4.994391e-01
9.300000e-02  4.951134e-01
9.600000e-02  4.909364e-01
9.900000e-02  4.868987e-01
1.020000e-01  4.829919e-01
1.050000e-01  4.792083e-01
1.080000e-01  4.755408e-01
1.110000e-01  4.719829e-01
1.140000e-01  4.685287e-01
1.170000e-01  4.651726e-01
1.200000e-01  4.619096e-01
1.230000e-01  4.587349e-01
1.260000e-01  4.556442e-01
1.290000e-01  4.526334e-01
1.320000e-01  4.496987e-01
1.350000e-01  4.468366e-01
1.380000e-01  4.440437e-01
1.410000e-01  4.413171e-01
1.440000e-01  4.386538e-01
1.470000e-01  4.360511e-01
1.500000e-01  4.335065e-01
1.530000e-01  4.310176e-01
1.560000e-01  4.285821e-01
1.590000e-01  4.261979e-01
1.620000e-01  4.238631e-01
1.650000e-01  4.215757e-01
1.680000e-01  4.193340e-01
1.710000e-01  4.171362e-01
1.740000e-01  4.149808e-01
1.770000e-01  4.128662e-01
1.800000e-01  4.107911e-01
1.830000e-01  4.087540e-01
1.860000e-01  4.067537e-01
1.890000e-01  4.047889e-01
1.920000e-01  4.028585e-01
1.950000e-01  4.009612e-01
1.980000e-01  3.990962e-01
2.010000e-01  3.972623e-01
2.040000e-01  3.954585e-01
2.070000e-01  3.936840e-01
2.100000e-01  3.919379e-01
2.130000e-01  3.902193e-01
2.160000e-01  3.885274e-01
2.190000e-01  3.868614e-01
2.220000e-01  3.852206e-01
2.250000e-01  3.836043e-01
2.280000e-01  3.820117e-01
2.310000e-01  3.804423e-01
2.340000e-01  3.788953e-01
2.370000e-01  3.773703e-01
2.400000e-01  3.758665e-01
2.430000e-01  3.743835e-01
2.460000e-01  3.729206e-01
2.490000e-01  3.714775e-01
2.520000e-01  3.700535e-01
2.550000e-01  3.686483e-01
2.580000e-01  3.672613e-01
2.610000e-01  3.658920e-01
2.640000e-01  3.645401e-01
2.670000e-01  3.632052e-01
2.700000e-01  3.618867e-01
2.730000e-01  3.605845e-01
2.760000e-01  3.592980e-01
2.790000e-01  3.580269e-01
2.820000e-01  3.567708e-01
2.850000e-01  3.555295e-01
2.880000e-01  3.543025e-01
2.910000e-01  3.530896e-01
2.940000e-01  3.518905e-01
2.970000e-01  3.507048e-01
3.000000e-01  3.495324e-01
3.030000e-01  3.483727e-01
3.060000e-01  3.472258e-01
3.090000e-01  3.460911e-01
3.120000e-01  3.449686e-01
3.150000e-01  3.438579e-01
3.180000e-01  3.427589e-01
3.210000e-01  3.416712e-01
3.240000e-01  3.405946e-01
3.270000e-01  3.395290e-01
3.300000e-01  3.384741e-01
3.330000e-01  3.374298e-01
3.360000e-01  3.363957e-01
3.390000e-01  3.353717e-01
3.420000e-01  3.343577e-01
3.450000e-01  3.333533e-01
3.480000e-01  3.323586e-01
3.510000e-01  3.313732e-01
3.540000e-01  3.303970e-01
3.570000e-01  3.294298e-01
3.600000e-01  3.284715e-01
3.630000e-01  3.275219e-01
3.660000e-01  3.265809e-01
3.690000e-01  3.256483e-01
3.720000e-01  3.247239e-01
3.750000e-01  3.238077e-01
3.780000e-01  3.228994e-01
3.810000e-01  3.219990e-01
3.840000e-01  3.211063e-01
3.870000e-01  3.202212e-01
3.900000e-01  3.193435e-01
3.930000e-01  3.184732e-01
3.960000e-01  3.176101e-01
3.990000e-01  3.167540e-01
4.020000e-01  3.159049e-01
4.050000e-01  3.150628e-01
4.080000e-01  3.142273e-01
4.110000e-01  3.133985e-01
4.140000e-01  3.125762e-01
4.170000e-01  3.117604e-01
4.200000e-01  3.109509e-01
4.230000e-01  3.101477e-01
4.260000e-01  3.093506e-01
4.290000e-01  3.085596e-01
4.320000e-01  3.077745e-01
4.350000e-01  3.069953e-01
4.380000e-01  3.062218e-01
4.410000e-01  3.054541e-01
4.440000e-01  3.046920e-01
4.470000e-01  3.039354e-01
4.500000e-01  3.031842e-01
4.530000e-01  3.024385e-01
4.560000e-01  3.016980e-01
4.590000e-01  3.009628e-01
4.620000e-01  3.002326e-01
4.650000e-01  2.995076e-01
4.680000e-01  2.987875e-01
4.710000e-01  2.980724e-01
4.740000e-01  2.973622e-01
4.770000e-01  2.966567e-01
4.800000e-01  2.959560e-01
4.830000e-01  2.952600e-01
4.860000e-01  2.945685e-01
4.890000e-01  2.938816e-01
4.920000e-01  2.931991e-01
4.950000e-01  2.925211e-01
4.980000e-01  2.918474e-01
5.010000e-01  2.911781e-01
5.040000e-01  2.905130e-01
5.070000e-01  2.898520e-01
5.100000e-01  2.891952e-01
5.130000e-01  2.885426e-01
5.160000e-01  2.878939e-01
5.190000e-01  2.872492e-01
5.220000e-01  2.866084e-01
5.250000e-01  2.859715e-01
5.280000e-01  2.853385e-01
5.310000e-01  2.847092e-01
5.340000e-01  2.840837e-01
5.370000e-01  2.834618e-01
5.400000e-01  2.828436e-01
5.430000e-01  2.822290e-01
5.460000e-01  2.816180e-01
5.490000e-01  2.810105e-01
5.520000e-01  2.804064e-01
5.550000e-01  2.798058e-01
5.580000e-01  2.792085e-01
5.610000e-01  2.786146e-01
5.640000e-01  2.780240e-01
5.670000e-01  2.774367e-01
5.700000e-01  2.768526e-01
5.730000e-01  2.762717e-01
5.760000e-01  2.756940e-01
5.790000e-01  2.751194e-01
5.820000e-01  2.745479e-01
5.850000e-01  2.739794e-01
5.880000e-01  2.734139e-01
5.910000e-01  2.728514e-01
5.940000e-01  2.722919e-01
5.970000e-01  2.717352e-01
6.000000e-01  2.711815e-01
6.030000e-01  2.706306e-01
6.060000e-01  2.700825e-01
6.090000e-01  2.695372e-01
6.120000e-01  2.689946e-01
6.150000e-01  2.684548e-01
6.180000e-01  2.679177e-01
6.210000e-01  2.673832e-01
6.240000e-01  2.668514e-01
6.270000e-01  2.663222e-01
6.300000e-01  2.657956e-01
6.330000e-01  2.652715e-01
6.360000e-01  2.647500e-01
6.390000e-01  2.642309e-01
6.420000e-01  2.637143e-01
6.450000e-01  2.632002e-01
6.480000e-01  2.626885e-01
6.510000e-01  2.621792e-01
6.540000e-01  2.616722e-01
6.570000e-01  2.611676e-01
6.600000e-01  2.606653e-01
6.630000e-01  2.601654e-01
6.660000e-01  2.596677e-01
6.690000e-01  2.591722e-01
6.720000e-01  2.586790e-01
6.750000e-01  2.581880e-01
6.780000e-01  2.576991e-01
6.810000e-01  2.572125e-01
6.840000e-01  2.567280e-01
6.870000e-01  2.562455e-01
6.900000e-01  2.557652e-01
6.930000e-01  2.552870e-01
6.960000e-01  2.548108e-01
6.990000e-01  2.543367e-01
7.020000e-01  2.538646e-01
7.050000e-01  2.533944e-01
7.080000e-01  2.529263e-01
7.110000e-01  2.524601e-01
7.140000e-01  2.519959e-01
7.170000e-01  2.515335e-01
7.200000e-01  2.510731e-01
7.230000e-01  2.506146e-01
7.260000e-01  2.501579e-01
7.290000e-01  2.497031e-01
7.320000e-01  2.492501e-01
7.350000e-01  2.487989e-01
7.380000e-01  2.483495e-01
7.410000e-01  2.479019e-01
7.440000e-01  2.474560e-01
7.470000e-01  2.470119e-01
7.500000e-01  2.465696e-01
7.530000e-01  2.461289e-01
7.560000e-01  2.456900e-01
7.590000e-01  2.452527e-01
7.620000e-01  2.448171e-01
7.650000e-01  2.443831e-01
7.680000e-01  2.439508e-01
7.710000e-01  2.435201e-01
7.740000e-01  2.430910e-01
7.770000e-01  2.426635e-01
7.800000e-01  2.422376e-01
7.830000e-01  2.418132e-01
7.860000e-01  2.413904e-01
7.890000e-01  2.409692e-01
7.920000e-01  2.405494e-01
7.950000e-01  2.401312e-01
7.980000e-01  2.397144e-01
8.010000e-01  2.392991e-01
8.040000e-01  2.388853e-01
8.070000e-01  2.384730e-01
8.100000e-01  2.380621e-01
8.130000e-01  2.376526e-01
8.160000e-01  2.372446e-01
8.190000e-01  2.368379e-01
8.220000e-01  2.364326e-01
8.250000e-01  2.360288e-01
8.280000e-01  2.356262e-01
8.310000e-01  2.352251e-01
8.340000e-01  2.348253e-01
8.370000e-01  2.344268e-01
8.400000e-01  2.340296e-01
8.430000e-01  2.336338e-01
8.460000e-01  2.332392e-01
8.490000e-01  2.328460e-01
8.520000e-01  2.324540e-01
8.550000e-01  2.320632e-01
8.580000e-01  2.316738e-01
8.610000e-01  2.312855e-01
8.640000e-01  2.308985e-01
8.670000e-01  2.305128e-01
8.700000e-01  2.301282e-01
8.730000e-01  2.297448e-01
8.760000e-01  2.293627e-01
8.790000e-01  2.289817e-01
8.820000e-01  2.286019e-01
8.850000e-01  2.282232e-01
8.880000e-01  2.278457e-01
8.910000e-01  2.274693e-01
8.940000e-01  2.270941e-01
8.970000e-01  2.267200e-01
9.000000e-01  2.263470e-01
9.030000e-01  2.259751e-01
9.060000e-01  2.256043e-01
9.090000e-01  2.252346e-01
9.120000e-01  2.248660e-01
9.150000e-01  2.244984e-01
9.180000e-01  2.241319e-01
9.210000e-01  2.237665e-01
9.240000e-01  2.234020e-01
9.270000e-01  2.230387e-01
9.300000e-01  2.226763e-01
9.330000e-01  2.223150e-01
9.360000e-01  2.219546e-01
9.390000e-01  2.215953e-01
9.420000e-01  2.212370e-01
9.450000e-01  2.208796e-01
9.480000e-01  2.205232e-01
9.510000e-01  2.201678e-01
9.540000e-01  2.198133e-01
9.570000e-01  2.194598e-01
9.600000e-01  2.191072e-01
9.630000e-01  2.187556e-01
9.660000e-01  2.184049e-01
9.690000e-01  2.180551e-01
9.720000e-01  2.177062e-01
9.750000e-01  2.173582e-01
9.780000e-01  2.170112e-01
9.810000e-01  2.166650e-01
9.840000e-01  2.163197e-01
9.870000e-01  2.159752e-01
9.900000e-01  2.156317e-01
9.930000e-01  2.152890e-01
9.960000e-01  2.149471e-01
9.990000e-01  2.146061e-01
