000000  000001
3.000000e-03  8.968657e-01
6.000000e-03  8.339334e-01
9.000000e-03  7.888114e-01
1.200000e-02  7.537965e-01
1.500000e-02  7.252939e-01
1.800000e-02  7.013320e-01
2.100000e-02  6.807121e-01
2.400000e-02  6.626517e-01
2.700000e-02  6.466118e-01
3.000000e-02  6.322057e-01
3.300000e-02  6.191469e-01
3.600000e-02  6.072171e-01
3.900000e-02  5.962465e-01
4.200000e-02  5.861001e-01
4.500000e-02  5.766694e-01
4.800000e-02  5.678654e-01
5.100000e-02  5.596147e-01
5.400000e-02  5.518557e-01
5.700000e-02  5.445363e-01
6.000000e-02  5.376122e-01
6.300000e-02  5.310455e-01
6.600000e-02  5.248031e-01
6.900000e-02  5.188563e-01
7.200000e-02  5.131802e-01
7.500000e-02  5.077525e-01
7.800000e-02  5.025537e-01
8.100000e-02  4.975664e-01
8.400000e-02  4.927751e-01
8.700000e-02  4.881659e-01
9.000000e-02  4.837263e-01
9.300000e-02  4.794450e-01
9.600000e-02  4.753117e-01
9.900000e-02  4.713171e-01
1.020000e-01  4.674529e-01
1.050000e-01  4.637112e-01
1.080000e-01  4.600850e-01
1.110000e-01  4.565677e-01
1.140000e-01  4.531535e-01
1.170000e-01  4.498368e-01
1.200000e-01  4.466124e-01
1.230000e-01  4.434758e-01
1.260000e-01  4.404224e-01
1.290000e-01  4.374484e-01
1.320000e-01  4.345498e-01
1.350000e-01  4.317232e-01
1.380000e-01  4.289652e-01
1.410000e-01  4.262729e-01
1.440000e-01  4.236433e-01
1.470000e-01  4.210737e-01
1.500000e-01  4.185616e-01
1.530000e-01  4.161046e-01
1.560000e-01  4.137005e-01
1.590000e-01  4.113473e-01
1.620000e-01  4.090428e-01
1.650000e-01  4.067852e-01
1.680000e-01  4.045727e-01
1.710000e-01  4.024037e-01
1.740000e-01  4.002767e-01
1.770000e-01  3.981899e-01
1.800000e-01  3.961422e-01
1.830000e-01  3.941320e-01
1.860000e-01  3.921581e-01
1.890000e-01  3.902193e-01
1.920000e-01  3.883144e-01
1.950000e-01  3.864423e-01
1.980000e-01  3.846020e-01
2.010000e-01  3.827924e-01
2.040000e-01  3.810126e-01
2.070000e-01  3.792616e-01
2.100000e-01  3.775386e-01
2.130000e-01  3.758428e-01
2.160000e-01  3.741733e-01
2.190000e-01  3.725293e-01
2.220000e-01  3.709102e-01
2.250000e-01  3.693151e-01
2.280000e-01  3.677436e-01
2.310000e-01  3.661948e-01
2.340000e-01  3.646681e-01
2.370000e-01  3.631631e-01
2.400000e-01  3.616790e-01
2.430000e-01  3.602153e-01
2.460000e-01  3.587715e-01
2.490000e-01  3.573471e-01
2.520000e-01  3.559416e-01
2.550000e-01  3.545545e-01
2.580000e-01  3.531854e-01
2.610000e-01  3.518338e-01
2.640000e-01  3.504992e-01
2.670000e-01  3.491813e-01
2.700000e-01  3.478797e-01
2.730000e-01  3.465939e-01
2.760000e-01  3.453237e-01
2.790000e-01  3.440686e-01
2.820000e-01  3.428283e-01
2.850000e-01  3.416025e-01
2.880000e-01  3.403908e-01
2.910000e-01  3.391930e-01
2.940000e-01  3.380087e-01
2.970000e-01  3.368376e-01
3.000000e-01  3.356795e-01
3.030000e-01  3.345340e-01
3.060000e-01  3.334009e-01
3.090000e-01  3.322800e-01
3.120000e-01  3.311710e-01
3.150000e-01  3.300736e-01
3.180000e-01  3.289876e-01
3.210000e-01  3.279128e-01
3.240000e-01  3.268489e-01
3.270000e-01  3.257958e-01
3.300000e-01  3.247532e-01
3.330000e-01  3.237209e-01
3.360000e-01  3.226987e-01
3.390000e-01  3.216864e-01
3.420000e-01  3.206839e-01
3.450000e-01  3.196909e-01
3.480000e-01  3.187073e-01
3.510000e-01  3.177329e-01
3.540000e-01  3.167676e-01
3.570000e-01  3.158110e-01
3.600000e-01  3.148632e-01
3.630000e-01  3.139240e-01
3.660000e-01  3.129931e-01
3.690000e-01  3.120705e-01
3.720000e-01  3.111559e-01
3.750000e-01  3.102494e-01
3.780000e-01  3.093506e-01
3.810000e-01  3.084595e-01
3.840000e-01  3.075760e-01
3.870000e-01  3.066999e-01
3.900000e-01  3.058312e-01
3.930000e-01  3.049696e-01
3.960000e-01  3.041150e-01
3.990000e-01  3.032674e-01
4.020000e-01  3.024267e-01
4.050000e-01  3.015926e-01
4.080000e-01  3.007652e-01
4.110000e-01  2.999443e-01
4.140000e-01  2.991298e-01
4.170000e-01  2.983216e-01
4.200000e-01  2.975196e-01
4.230000e-01  2.967237e-01
4.260000e-01  2.959338e-01
4.290000e-01  2.951499e-01
4.320000e-01  2.943718e-01
4.350000e-01  2.935994e-01
4.380000e-01  2.928327e-01
4.410000e-01  2.920715e-01
4.440000e-01  2.913158e-01
4.470000e-01  2.905656e-01
4.500000e-01  2.898207e-01
4.530000e-01  2.890810e-01
4.560000e-01  2.883465e-01
4.590000e-01  2.876171e-01
4.620000e-01  2.868927e-01
4.650000e-01  2.861733e-01
4.680000e-01  2.854588e-01
4.710000e-01  2.847491e-01
4.740000e-01  2.840441e-01
4.770000e-01  2.833438e-01
4.800000e-01  2.826481e-01
4.830000e-01  2.819570e-01
4.860000e-01  2.812704e-01
4.890000e-01  2.805882e-01
4.920000e-01  2.799104e-01
4.950000e-01  2.792369e-01
4.980000e-01  2.785676e-01
5.010000e-01  2.779026e-01
5.040000e-01  2.772417e-01
5.070000e-01  2.765848e-01
5.100000e-01  2.759321e-01
5.130000e-01  2.752832e-01
5.160000e-01  2.746384e-01
5.190000e-01  2.739974e-01
5.220000e-01  2.733602e-01
5.250000e-01  2.727268e-01
5.280000e-01  2.720971e-01
5.310000e-01  2.714712e-01
5.340000e-01  2.708489e-01
5.370000e-01  2.702301e-01
5.400000e-01  2.696149e-01
5.430000e-01  2.690032e-01
5.460000e-01  2.683950e-01
5.490000e-01  2.677902e-01
5.520000e-01  2.671888e-01
5.550000e-01  2.665907e-01
5.580000e-01  2.659959e-01
5.610000e-01  2.654044e-01
5.640000e-01  2.648160e-01
5.670000e-01  2.642309e-01
5.700000e-01  2.636489e-01
5.730000e-01  2.630700e-01
5.760000e-01  2.624942e-01
5.790000e-01  2.619214e-01
5.820000e-01  2.613516e-01
5.850000e-01  2.607847e-01
5.880000e-01  2.602208e-01
5.910000e-01  2.596598e-01
5.940000e-01  2.591016e-01
5.970000e-01  2.585463e-01
6.000000e-01  2.579937e-01
6.030000e-01  2.574440e-01
6.060000e-01  2.568969e-01
6.090000e-01  2.563526e-01
6.120000e-01  2.558109e-01
6.150000e-01  2.552719e-01
6.180000e-01  2.547354e-01
6.210000e-01  2.542016e-01
6.240000e-01  2.536703e-01
6.270000e-01  2.531416e-01
6.300000e-01  2.526153e-01
6.330000e-01  2.520915e-01
6.360000e-01  2.515702e-01
6.390000e-01  2.510512e-01
6.420000e-01  2.505347e-01
6.450000e-01  2.500205e-01
6.480000e-01  2.495087e-01
6.510000e-01  2.489992e-01
6.540000e-01  2.484920e-01
6.570000e-01  2.479870e-01
6.600000e-01  2.474843e-01
6.630000e-01  2.469838e-01
6.660000e-01  2.464855e-01
6.690000e-01  2.459894e-01
6.720000e-01  2.454954e-01
6.750000e-01  2.450036e-01
6.780000e-01  2.445138e-01
6.810000e-01  2.440262e-01
6.840000e-01  2.435406e-01
6.870000e-01  2.430570e-01
6.900000e-01  2.425755e-01
6.930000e-01  2.420960e-01
6.960000e-01  2.416184e-01
6.990000e-01  2.411428e-01
7.020000e-01  2.406692e-01
7.050000e-01  2.401974e-01
7.080000e-01  2.397276e-01
7.110000e-01  2.392597e-01
7.140000e-01  2.387936e-01
7.170000e-01  2.383293e-01
7.200000e-01  2.378669e-01
7.230000e-01  2.374063e-01
7.260000e-01  2.369475e-01
7.290000e-01  2.364904e-01
7.320000e-01  2.360352e-01
7.350000e-01  2.355816e-01
7.380000e-01  2.351298e-01
7.410000e-01  2.346796e-01
7.440000e-01  2.342312e-01
7.470000e-01  2.337844e-01
7.500000e-01  2.333393e-01
7.530000e-01  2.328958e-01
7.560000e-01  2.324540e-01
7.590000e-01  2.320137e-01
7.620000e-01  2.315750e-01
7.650000e-01  2.311380e-01
7.680000e-01  2.307024e-01
7.710000e-01  2.302685e-01
7.740000e-01  2.298360e-01
7.770000e-01  2.294051e-01
7.800000e-01  2.289756e-01
7.830000e-01  2.285477e-01
7.860000e-01  2.281212e-01
7.890000e-01  2.276962e-01
7.920000e-01  2.272727e-01
7.950000e-01  2.268505e-01
7.980000e-01  2.264298e-01
8.010000e-01  2.260105e-01
8.040000e-01  2.255926e-01
8.070000e-01  2.251760e-01
8.100000e-01  2.247609e-01
8.130000e-01  2.243470e-01
8.160000e-01  2.239346e-01
8.190000e-01  2.235234e-01
8.220000e-01  2.231136e-01
8.250000e-01  2.227050e-01
8.280000e-01  2.222978e-01
8.310000e-01  2.218918e-01
8.340000e-01  2.214871e-01
8.370000e-01  2.210837e-01
8.400000e-01  2.206815e-01
8.430000e-01  2.202805e-01
8.460000e-01  2.198808e-01
8.490000e-01  2.194822e-01
8.520000e-01  2.190849e-01
8.550000e-01  2.186887e-01
8.580000e-01  2.182937e-01
8.610000e-01  2.178999e-01
8.640000e-01  2.175073e-01
8.670000e-01  2.171157e-01
8.700000e-01  2.167254e-01
8.730000e-01  2.163361e-01
8.760000e-01  2.159479e-01
8.790000e-01  2.155609e-01
8.820000e-01  2.151749e-01
8.850000e-01  2.147900e-01
8.880000e-01  2.144062e-01
8.910000e-01  2.140235e-01
8.940000e-01  2.136418e-01
8.970000e-01  2.132611e-01
9.000000e-01  2.128815e-01
9.030000e-01  2.125029e-01
9.060000e-01  2.121253e-01
9.090000e-01  2.117488e-01
9.120000e-01  2.113732e-01
9.150000e-01  2.109986e-01
9.180000e-01  2.106249e-01
9.210000e-01  2.102523e-01
9.240000e-01  2.098806e-01
9.270000e-01  2.095098e-01
9.300000e-01  2.091400e-01
9.330000e-01  2.087711e-01
9.360000e-01  2.084031e-01
9.390000e-01  2.080361e-01
9.420000e-01  2.076699e-01
9.450000e-01  2.073047e-01
9.480000e-01  2.069403e-01
9.510000e-01  2.065768e-01
9.540000e-01  2.062142e-01
9.570000e-01  2.058525e-01
9.600000e-01  2.054916e-01
9.630000e-01  2.051315e-01
9.660000e-01  2.047723e-01
9.690000e-01  2.044139e-01
9.720000e-01  2.040564e-01
9.750000e-01  2.036996e-01
9.780000e-01  2.033437e-01
9.810000e-01  2.029886e-01
9.840000e-01  2.026342e-01
9.870000e-01  2.022807e-01
9.900000e-01  2.019279e-01
9.930000e-01  2.015758e-01
9.960000e-01  2.012246e-01
9.990000e-01  2.008741e-01
