000000  000001
3.000000e-03  8.753817e-01
6.000000e-03  8.054443e-01
9.000000e-03  7.570615e-01
1.200000e-02  7.202883e-01
1.500000e-02  6.907665e-01
1.800000e-02  6.661951e-01
2.100000e-02  6.452114e-01
2.400000e-02  6.269427e-01
2.700000e-02  6.107972e-01
3.000000e-02  5.963551e-01
3.300000e-02  5.833086e-01
3.600000e-02  5.714250e-01
3.900000e-02  5.605246e-01
4.200000e-02  5.504656e-01
4.500000e-02  5.411344e-01
4.800000e-02  5.324386e-01
5.100000e-02  5.243018e-01
5.400000e-02  5.166605e-01
5.700000e-02  5.094613e-01
6.000000e-02  5.026587e-01
6.300000e-02  4.962137e-01
6.600000e-02  4.900928e-01
6.900000e-02  4.842667e-01
7.200000e-02  4.787101e-01
7.500000e-02  4.734006e-01
7.800000e-02  4.683183e-01
8.100000e-02  4.634457e-01
8.400000e-02  4.587672e-01
8.700000e-02  4.542688e-01
9.000000e-02  4.499379e-01
9.300000e-02  4.457633e-01
9.600000e-02  4.417345e-01
9.900000e-02  4.378425e-01
1.020000e-01  4.340787e-01
1.050000e-01  4.304354e-01
1.080000e-01  4.269055e-01
1.110000e-01  4.234826e-01
1.140000e-01  4.201607e-01
1.170000e-01  4.169345e-01
1.200000e-01  4.137987e-01
1.230000e-01  4.107487e-01
1.260000e-01  4.077803e-01
1.290000e-01  4.048893e-01
1.320000e-01  4.020721e-01
1.350000e-01  3.993252e-01
1.380000e-01  3.966453e-01
1.410000e-01  3.940294e-01
1.440000e-01  3.914746e-01
1.470000e-01  3.889783e-01
1.500000e-01  3.865381e-01
1.530000e-01  3.841515e-01
1.560000e-01  3.818163e-01
1.590000e-01  3.795305e-01
1.620000e-01  3.772922e-01
1.650000e-01  3.750995e-01
1.680000e-01  3.729506e-01
1.710000e-01  3.708439e-01
1.740000e-01  3.687779e-01
1.770000e-01  3.667510e-01
1.800000e-01  3.647619e-01
1.830000e-01  3.628093e-01
1.860000e-01  3.608918e-01
1.890000e-01  3.590083e-01
1.920000e-01  3.571577e-01
1.950000e-01  3.553388e-01
1.980000e-01  3.535506e-01
2.010000e-01  3.517922e-01
2.040000e-01  3.500626e-01
2.070000e-01  3.483609e-01
2.100000e-01  3.466862e-01
2.130000e-01  3.450377e-01
2.160000e-01  3.434147e-01
2.190000e-01  3.418163e-01
2.220000e-01  3.402419e-01
2.250000e-01  3.386908e-01
2.280000e-01  3.371623e-01
2.310000e-01  3.356557e-01
2.340000e-01  3.341706e-01
2.370000e-01  3.327062e-01
2.400000e-01  3.312620e-01
2.430000e-01  3.298375e-01
2.460000e-01  3.284322e-01
2.490000e-01  3.270455e-01
2.520000e-01  3.256770e-01
2.550000e-01  3.243262e-01
2.580000e-01  3.229927e-01
2.610000e-01  3.216761e-01
2.640000e-01  3.203758e-01
2.670000e-01  3.190916e-01
2.700000e-01  3.178230e-01
2.730000e-01  3.165696e-01
2.760000e-01  3.153312e-01
2.790000e-01  3.141073e-01
2.820000e-01  3.128976e-01
2.850000e-01  3.117018e-01
2.880000e-01  3.105196e-01
2.910000e-01  3.093506e-01
2.940000e-01  3.081946e-01
2.970000e-01  3.070513e-01
3.000000e-01  3.059204e-01
3.030000e-01  3.048016e-01
3.060000e-01  3.036947e-01
3.090000e-01  3.025995e-01
3.120000e-01  3.015156e-01
3.150000e-01  3.004429e-01
3.180000e-01  2.993810e-01
3.210000e-01  2.983299e-01
3.240000e-01  2.972892e-01
3.270000e-01  2.962588e-01
3.300000e-01  2.952385e-01
3.330000e-01  2.942280e-01
3.360000e-01  2.932272e-01
3.390000e-01  2.922358e-01
3.420000e-01  2.912538e-01
3.450000e-01  2.902808e-01
3.480000e-01  2.893168e-01
3.510000e-01  2.883616e-01
3.540000e-01  2.874150e-01
3.570000e-01  2.864768e-01
3.600000e-01  2.855469e-01
3.630000e-01  2.846252e-01
3.660000e-01  2.837114e-01
3.690000e-01  2.828055e-01
3.720000e-01  2.819073e-01
3.750000e-01  2.810167e-01
3.780000e-01  2.801335e-01
3.810000e-01  2.792577e-01
3.840000e-01  2.783890e-01
3.870000e-01  2.775273e-01
3.900000e-01  2.766726e-01
3.930000e-01  2.758248e-01
3.960000e-01  2.749836e-01
3.990000e-01  2.741490e-01
4.020000e-01  2.733209e-01
4.050000e-01  2.724992e-01
4.080000e-01  2.716837e-01
4.110000e-01  2.708744e-01
4.140000e-01  2.700712e-01
4.170000e-01  2.692740e-01
4.200000e-01  2.684826e-01
4.230000e-01  2.676970e-01
4.260000e-01  2.669171e-01
4.290000e-01  2.661428e-01
4.320000e-01  2.653740e-01
4.350000e-01  2.646106e-01
4.380000e-01  2.638525e-01
4.410000e-01  2.630998e-01
4.440000e-01  2.623522e-01
4.470000e-01  2.616097e-01
4.500000e-01  2.608722e-01
4.530000e-01  2.601397e-01
4.560000e-01  2.594120e-01
4.590000e-01  2.586891e-01
4.620000e-01  2.579710e-01
4.650000e-01  2.572575e-01
4.680000e-01  2.565487e-01
4.710000e-01  2.558443e-01
4.740000e-01  2.551444e-01
4.770000e-01  2.544489e-01
4.800000e-01  2.537578e-01
4.830000e-01  2.530709e-01
4.860000e-01  2.523882e-01
4.890000e-01  2.517097e-01
4.920000e-01  2.510352e-01
4.950000e-01  2.503648e-01
4.980000e-01  2.496984e-01
5.010000e-01  2.490359e-01
5.040000e-01  2.483772e-01
5.070000e-01  2.477224e-01
5.100000e-01  2.470714e-01
5.130000e-01  2.464240e-01
5.160000e-01  2.457803e-01
5.190000e-01  2.451403e-01
5.220000e-01  2.445038e-01
5.250000e-01  2.438708e-01
5.280000e-01  2.432412e-01
5.310000e-01  2.426151e-01
5.340000e-01  2.419924e-01
5.370000e-01  2.413730e-01
5.400000e-01  2.407569e-01
5.430000e-01  2.401441e-01
5.460000e-01  2.395344e-01
5.490000e-01  2.389279e-01
5.520000e-01  2.383246e-01
5.550000e-01  2.377243e-01
5.580000e-01  2.371270e-01
5.610000e-01  2.365328e-01
5.640000e-01  2.359415e-01
5.670000e-01  2.353531e-01
5.700000e-01  2.347677e-01
5.730000e-01  2.341851e-01
5.760000e-01  2.336053e-01
5.790000e-01  2.330282e-01
5.820000e-01  2.324540e-01
5.850000e-01  2.318824e-01
5.880000e-01  2.313135e-01
5.910000e-01  2.307473e-01
5.940000e-01  2.301836e-01
5.970000e-01  2.296226e-01
6.000000e-01  2.290641e-01
6.030000e-01  2.285081e-01
6.060000e-01  2.279546e-01
6.090000e-01  2.274035e-01
6.120000e-01  2.268549e-01
6.150000e-01  2.263086e-01
6.180000e-01  2.257648e-01
6.210000e-01  2.252232e-01
6.240000e-01  2.246840e-01
6.270000e-01  2.241470e-01
6.300000e-01  2.236123e-01
6.330000e-01  2.230798e-01
6.360000e-01  2.225495e-01
6.390000e-01  2.220214e-01
6.420000e-01  2.214954e-01
6.450000e-01  2.209716e-01
6.480000e-01  2.204498e-01
6.510000e-01  2.199301e-01
6.540000e-01  2.194125e-01
6.570000e-01  2.188969e-01
6.600000e-01  2.183832e-01
6.630000e-01  2.178715e-01
6.660000e-01  2.173618e-01
6.690000e-01  2.168540e-01
6.720000e-01  2.163481e-01
6.750000e-01  2.158441e-01
6.780000e-01  2.153419e-01
6.810000e-01  2.148416e-01
6.840000e-01  2.143430e-01
6.870000e-01  2.138463e-01
6.900000e-01  2.133513e-01
6.930000e-01  2.128581e-01
6.960000e-01  2.123666e-01
6.990000e-01  2.118768e-01
7.020000e-01  2.113886e-01
7.050000e-01  2.109022e-01
7.080000e-01  2.104174e-01
7.110000e-01  2.099342e-01
7.140000e-01  2.094526e-01
7.170000e-01  2.089725e-01
7.200000e-01  2.084941e-01
7.230000e-01  2.080172e-01
7.260000e-01  2.075418e-01
7.290000e-01  2.070679e-01
7.320000e-01  2.065956e-01
7.350000e-01  2.061247e-01
7.380000e-01  2.056552e-01
7.410000e-01  2.051872e-01
7.440000e-01  2.047206e-01
7.470000e-01  2.042553e-01
7.500000e-01  2.037915e-01
7.530000e-01  2.033291e-01
7.560000e-01  2.028679e-01
7.590000e-01  2.024081e-01
7.620000e-01  2.019497e-01
7.650000e-01  2.014925e-01
7.680000e-01  2.010366e-01
7.710000e-01  2.005819e-01
7.740000e-01  2.001286e-01
7.770000e-01  1.996764e-01
7.800000e-01  1.992254e-01
7.830000e-01  1.987757e-01
7.860000e-01  1.983271e-01
7.890000e-01  1.978797e-01
7.920000e-01  1.974335e-01
7.950000e-01  1.969884e-01
7.980000e-01  1.965444e-01
8.010000e-01  1.961015e-01
8.040000e-01  1.956597e-01
8.070000e-01  1.952190e-01
8.100000e-01  1.947793e-01
8.130000e-01  1.943407e-01
8.160000e-01  1.939031e-01
8.190000e-01  1.934666e-01
8.220000e-01  1.930310e-01
8.250000e-01  1.925964e-01
8.280000e-01  1.921628e-01
8.310000e-01  1.917302e-01
8.340000e-01  1.912985e-01
8.370000e-01  1.908677e-01
8.400000e-01  1.904379e-01
8.430000e-01  1.900089e-01
8.460000e-01  1.895808e-01
8.490000e-01  1.891536e-01
8.520000e-01  1.887273e-01
8.550000e-01  1.883018e-01
8.580000e-01  1.878771e-01
8.610000e-01  1.874533e-01
8.640000e-01  1.870303e-01
8.670000e-01  1.866080e-01
8.700000e-01  1.861865e-01
8.730000e-01  1.857658e-01
8.760000e-01  1.853459e-01
8.790000e-01  1.849267e-01
8.820000e-01  1.845082e-01
8.850000e-01  1.840904e-01
8.880000e-01  1.836733e-01
8.910000e-01  1.832569e-01
8.940000e-01  1.828411e-01
8.970000e-01  1.824260e-01
9.000000e-01  1.820116e-01
9.030000e-01  1.815978e-01
9.060000e-01  1.811846e-01
9.090000e-01  1.807720e-01
9.120000e-01  1.803600e-01
9.150000e-01  1.799485e-01
9.180000e-01  1.795377e-01
9.210000e-01  1.791273e-01
9.240000e-01  1.787176e-01
9.270000e-01  1.783083e-01
9.300000e-01  1.778995e-01
9.330000e-01  1.774913e-01
9.360000e-01  1.770835e-01
9.390000e-01  1.766762e-01
9.420000e-01  1.762693e-01
9.450000e-01  1.758629e-01
9.480000e-01  1.754569e-01
9.510000e-01  1.750513e-01
9.540000e-01  1.746461e-01
9.570000e-01  1.742413e-01
9.600000e-01  1.738369e-01
9.630000e-01  1.734328e-01
9.660000e-01  1.730291e-01
9.690000e-01  1.726257e-01
9.720000e-01  1.722226e-01
9.750000e-01  1.718199e-01
9.780000e-01  1.714174e-01
9.810000e-01  1.710152e-01
9.840000e-01  1.706132e-01
9.870000e-01  1.702115e-01
9.900000e-01  1.698100e-01
9.930000e-01  1.694087e-01
9.960000e-01  1.690076e-01
9.990000e-01  1.686067e-01
