000000  000001
3.000000e-03  7.859648e-01
6.000000e-03  6.981279e-01
9.000000e-03  6.433208e-01
1.200000e-02  6.039135e-01
1.500000e-02  5.733799e-01
1.800000e-02  5.485909e-01
2.100000e-02  5.278095e-01
2.400000e-02  5.099741e-01
2.700000e-02  4.943900e-01
3.000000e-02  4.805787e-01
3.300000e-02  4.681970e-01
3.600000e-02  4.569910e-01
3.900000e-02  4.467676e-01
4.200000e-02  4.373768e-01
4.500000e-02  4.286997e-01
4.800000e-02  4.206408e-01
5.100000e-02  4.131220e-01
5.400000e-02  4.060789e-01
5.700000e-02  3.994576e-01
6.000000e-02  3.932128e-01
6.300000e-02  3.873059e-01
6.600000e-02  3.817037e-01
6.900000e-02  3.763776e-01
7.200000e-02  3.713028e-01
7.500000e-02  3.664576e-01
7.800000e-02  3.618228e-01
8.100000e-02  3.573817e-01
8.400000e-02  3.531191e-01
8.700000e-02  3.490217e-01
9.000000e-02  3.450776e-01
9.300000e-02  3.412760e-01
9.600000e-02  3.376073e-01
9.900000e-02  3.340627e-01
1.020000e-01  3.306342e-01
1.050000e-01  3.273146e-01
1.080000e-01  3.240973e-01
1.110000e-01  3.209763e-01
1.140000e-01  3.179461e-01
1.170000e-01  3.150014e-01
1.200000e-01  3.121377e-01
1.230000e-01  3.093506e-01
1.260000e-01  3.066361e-01
1.290000e-01  3.039906e-01
1.320000e-01  3.014105e-01
1.350000e-01  2.988926e-01
1.380000e-01  2.964340e-01
1.410000e-01  2.940320e-01
1.440000e-01  2.916838e-01
1.470000e-01  2.893871e-01
1.500000e-01  2.871395e-01
1.530000e-01  2.849390e-01
1.560000e-01  2.827835e-01
1.590000e-01  2.806712e-01
1.620000e-01  2.786002e-01
1.650000e-01  2.765689e-01
1.680000e-01  2.745757e-01
1.710000e-01  2.726190e-01
1.740000e-01  2.706976e-01
1.770000e-01  2.688100e-01
1.800000e-01  2.669550e-01
1.830000e-01  2.651313e-01
1.860000e-01  2.633379e-01
1.890000e-01  2.615736e-01
1.920000e-01  2.598374e-01
1.950000e-01  2.581282e-01
1.980000e-01  2.564453e-01
2.010000e-01  2.547877e-01
2.040000e-01  2.531544e-01
2.070000e-01  2.515448e-01
2.100000e-01  2.499580e-01
2.130000e-01  2.483933e-01
2.160000e-01  2.468499e-01
2.190000e-01  2.453272e-01
2.220000e-01  2.438246e-01
2.250000e-01  2.423413e-01
2.280000e-01  2.408769e-01
2.310000e-01  2.394307e-01
2.340000e-01  2.380021e-01
2.370000e-01  2.365906e-01
2.400000e-01  2.351958e-01
2.430000e-01  2.338171e-01
2.460000e-01  2.324540e-01
2.490000e-01  2.311060e-01
2.520000e-01  2.297729e-01
2.550000e-01  2.284540e-01
2.580000e-01  2.271490e-01
2.610000e-01  2.258574e-01
2.640000e-01  2.245790e-01
2.670000e-01  2.233133e-01
2.700000e-01  2.220600e-01
2.730000e-01  2.208187e-01
2.760000e-01  2.195890e-01
2.790000e-01  2.183707e-01
2.820000e-01  2.171634e-01
2.850000e-01  2.159668e-01
2.880000e-01  2.147807e-01
2.910000e-01  2.136046e-01
2.940000e-01  2.124384e-01
2.970000e-01  2.112817e-01
3.000000e-01  2.101343e-01
3.030000e-01  2.089959e-01
3.060000e-01  2.078663e-01
3.090000e-01  2.067452e-01
3.120000e-01  2.056323e-01
3.150000e-01  2.045275e-01
3.180000e-01  2.034305e-01
3.210000e-01  2.023410e-01
3.240000e-01  2.012588e-01
3.270000e-01  2.001838e-01
3.300000e-01  1.991156e-01
3.330000e-01  1.980542e-01
3.360000e-01  1.969992e-01
3.390000e-01  1.959505e-01
3.420000e-01  1.949079e-01
3.450000e-01  1.938712e-01
3.480000e-01  1.928401e-01
3.510000e-01  1.918145e-01
3.540000e-01  1.907943e-01
3.570000e-01  1.897791e-01
3.600000e-01  1.887688e-01
3.630000e-01  1.877633e-01
3.660000e-01  1.867624e-01
3.690000e-01  1.857658e-01
3.720000e-01  1.847735e-01
3.750000e-01  1.837851e-01
3.780000e-01  1.828006e-01
3.810000e-01  1.818198e-01
3.840000e-01  1.808424e-01
3.870000e-01  1.798683e-01
3.900000e-01  1.788974e-01
3.930000e-01  1.779294e-01
3.960000e-01  1.769642e-01
3.990000e-01  1.760016e-01
4.020000e-01  1.750414e-01
4.050000e-01  1.740835e-01
4.080000e-01  1.731276e-01
4.110000e-01  1.721735e-01
4.140000e-01  1.712211e-01
4.170000e-01  1.702703e-01
4.200000e-01  1.693207e-01
4.230000e-01  1.683722e-01
4.260000e-01  1.674246e-01
4.290000e-01  1.664776e-01
4.320000e-01  1.655312e-01
4.350000e-01  1.645850e-01
4.380000e-01  000000
4.410000e-01  000000
4.440000e-01  000000
4.470000e-01  000000
4.500000e-01  000000
4.530000e-01  000000
4.560000e-01  000000
4.590000e-01  000000
4.620000e-01  000000
4.650000e-01  000000
4.680000e-01  000000
4.710000e-01  000000
4.740000e-01  000000
4.770000e-01  000000
4.800000e-01  000000
4.830000e-01  000000
4.860000e-01  000000
4.890000e-01  000000
4.920000e-01  000000
4.950000e-01  000000
4.980000e-01  000000
5.010000e-01  000000
5.040000e-01  000000
5.070000e-01  000000
5.100000e-01  000000
5.130000e-01  000000
5.160000e-01  000000
5.190000e-01  000000
5.220000e-01  000000
5.250000e-01  000000
5.280000e-01  000000
5.310000e-01  000000
5.340000e-01  000000
5.370000e-01  000000
5.400000e-01  000000
5.430000e-01  000000
5.460000e-01  000000
5.490000e-01  000000
5.520000e-01  000000
5.550000e-01  000000
5.580000e-01  000000
5.610000e-01  000000
5.640000e-01  000000
5.670000e-01  000000
5.700000e-01  000000
5.730000e-01  000000
5.760000e-01  000000
5.790000e-01  000000
5.820000e-01  000000
5.850000e-01  000000
5.880000e-01  000000
5.910000e-01  000000
5.940000e-01  000000
5.970000e-01  000000
6.000000e-01  000000
6.030000e-01  000000
6.060000e-01  000000
6.090000e-01  000000
6.120000e-01  000000
6.150000e-01  000000
6.180000e-01  000000
6.210000e-01  000000
6.240000e-01  000000
6.270000e-01  000000
6.300000e-01  000000
6.330000e-01  000000
6.360000e-01  000000
6.390000e-01  000000
6.420000e-01  000000
6.450000e-01  000000
6.480000e-01  000000
6.510000e-01  000000
6.540000e-01  000000
6.570000e-01  000000
6.600000e-01  000000
6.630000e-01  000000
6.660000e-01  000000
6.690000e-01  000000
6.720000e-01  000000
6.750000e-01  000000
6.780000e-01  000000
6.810000e-01  000000
6.840000e-01  000000
6.870000e-01  000000
6.900000e-01  000000
6.930000e-01  000000
6.960000e-01  000000
6.990000e-01  000000
7.020000e-01  000000
7.050000e-01  000000
7.080000e-01  000000
7.110000e-01  000000
7.140000e-01  000000
7.170000e-01  000000
7.200000e-01  000000
7.230000e-01  000000
7.260000e-01  000000
7.290000e-01  000000
7.320000e-01  000000
7.350000e-01  000000
7.380000e-01  000000
7.410000e-01  000000
7.440000e-01  000000
7.470000e-01  000000
7.500000e-01  000000
7.530000e-01  000000
7.560000e-01  000000
7.590000e-01  000000
7.620000e-01  000000
7.650000e-01  000000
7.680000e-01  000000
7.710000e-01  000000
7.740000e-01  000000
7.770000e-01  000000
7.800000e-01  000000
7.830000e-01  000000
7.860000e-01  000000
7.890000e-01  000000
7.920000e-01  000000
7.950000e-01  000000
7.980000e-01  000000
8.010000e-01  000000
8.040000e-01  000000
8.070000e-01  000000
8.100000e-01  000000
8.130000e-01  000000
8.160000e-01  000000
8.190000e-01  000000
8.220000e-01  000000
8.250000e-01  000000
8.280000e-01  000000
8.310000e-01  000000
8.340000e-01  000000
8.370000e-01  000000
8.400000e-01  000000
8.430000e-01  000000
8.460000e-01  000000
8.490000e-01  000000
8.520000e-01  000000
8.550000e-01  000000
8.580000e-01  000000
8.610000e-01  000000
8.640000e-01  000000
8.670000e-01  000000
8.700000e-01  000000
8.730000e-01  000000
8.760000e-01  000000
8.790000e-01  000000
8.820000e-01  000000
8.850000e-01  000000
8.880000e-01  000000
8.910000e-01  000000
8.940000e-01  000000
8.970000e-01  000000
9.000000e-01  000000
9.030000e-01  000000
9.060000e-01  000000
9.090000e-01  000000
9.120000e-01  000000
9.150000e-01  000000
9.180000e-01  000000
9.210000e-01  000000
9.240000e-01  000000
9.270000e-01  000000
9.300000e-01  000000
9.330000e-01  000000
9.360000e-01  000000
9.390000e-01  000000
9.420000e-01  000000
9.450000e-01  000000
9.480000e-01  000000
9.510000e-01  000000
9.540000e-01  000000
9.570000e-01  000000
9.600000e-01  000000
9.630000e-01  000000
9.660000e-01  000000
9.690000e-01  000000
9.720000e-01  000000
9.750000e-01  000000
9.780000e-01  000000
9.810000e-01  000000
9.840000e-01  000000
9.870000e-01  000000
9.900000e-01  000000
9.930000e-01  000000
9.960000e-01  000000
9.990000e-01  000000
