000000  000001
3.000000e-03  8.910636e-01
6.000000e-03  8.261041e-01
9.000000e-03  7.800038e-01
1.200000e-02  7.444454e-01
1.500000e-02  7.156179e-01
1.800000e-02  6.914544e-01
2.100000e-02  6.707079e-01
2.400000e-02  6.525691e-01
2.700000e-02  6.364831e-01
3.000000e-02  6.220532e-01
3.300000e-02  6.089863e-01
3.600000e-02  5.970595e-01
3.900000e-02  5.861001e-01
4.200000e-02  5.759709e-01
4.500000e-02  5.665617e-01
4.800000e-02  5.577825e-01
5.100000e-02  5.495589e-01
5.400000e-02  5.418286e-01
5.700000e-02  5.345391e-01
6.000000e-02  5.276458e-01
6.300000e-02  5.211102e-01
6.600000e-02  5.148992e-01
6.900000e-02  5.089840e-01
7.200000e-02  5.033393e-01
7.500000e-02  4.979429e-01
7.800000e-02  4.927751e-01
8.100000e-02  4.878186e-01
8.400000e-02  4.830576e-01
8.700000e-02  4.784783e-01
9.000000e-02  4.740682e-01
9.300000e-02  4.698159e-01
9.600000e-02  4.657111e-01
9.900000e-02  4.617447e-01
1.020000e-01  4.579080e-01
1.050000e-01  4.541934e-01
1.080000e-01  4.505938e-01
1.110000e-01  4.471026e-01
1.140000e-01  4.437140e-01
1.170000e-01  4.404224e-01
1.200000e-01  4.372228e-01
1.230000e-01  4.341103e-01
1.260000e-01  4.310807e-01
1.290000e-01  4.281299e-01
1.320000e-01  4.252542e-01
1.350000e-01  4.224500e-01
1.380000e-01  4.197140e-01
1.410000e-01  4.170432e-01
1.440000e-01  4.144348e-01
1.470000e-01  4.118859e-01
1.500000e-01  4.093942e-01
1.530000e-01  4.069572e-01
1.560000e-01  4.045727e-01
1.590000e-01  4.022387e-01
1.620000e-01  3.999530e-01
1.650000e-01  3.977140e-01
1.680000e-01  3.955197e-01
1.710000e-01  3.933686e-01
1.740000e-01  3.912590e-01
1.770000e-01  3.891895e-01
1.800000e-01  3.871586e-01
1.830000e-01  3.851649e-01
1.860000e-01  3.832073e-01
1.890000e-01  3.812845e-01
1.920000e-01  3.793953e-01
1.950000e-01  3.775386e-01
1.980000e-01  3.757134e-01
2.010000e-01  3.739187e-01
2.040000e-01  3.721535e-01
2.070000e-01  3.704169e-01
2.100000e-01  3.687080e-01
2.130000e-01  3.670259e-01
2.160000e-01  3.653700e-01
2.190000e-01  3.637394e-01
2.220000e-01  3.621334e-01
2.250000e-01  3.605513e-01
2.280000e-01  3.589924e-01
2.310000e-01  3.574560e-01
2.340000e-01  3.559416e-01
2.370000e-01  3.544486e-01
2.400000e-01  3.529763e-01
2.430000e-01  3.515243e-01
2.460000e-01  3.500919e-01
2.490000e-01  3.486788e-01
2.520000e-01  3.472843e-01
2.550000e-01  3.459080e-01
2.580000e-01  3.445495e-01
2.610000e-01  3.432084e-01
2.640000e-01  3.418841e-01
2.670000e-01  3.405763e-01
2.700000e-01  3.392846e-01
2.730000e-01  3.380087e-01
2.760000e-01  3.367481e-01
2.790000e-01  3.355024e-01
2.820000e-01  3.342714e-01
2.850000e-01  3.330548e-01
2.880000e-01  3.318521e-01
2.910000e-01  3.306631e-01
2.940000e-01  3.294874e-01
2.970000e-01  3.283249e-01
3.000000e-01  3.271751e-01
3.030000e-01  3.260379e-01
3.060000e-01  3.249129e-01
3.090000e-01  3.237999e-01
3.120000e-01  3.226987e-01
3.150000e-01  3.216090e-01
3.180000e-01  3.205305e-01
3.210000e-01  3.194631e-01
3.240000e-01  3.184065e-01
3.270000e-01  3.173606e-01
3.300000e-01  3.163250e-01
3.330000e-01  3.152996e-01
3.360000e-01  3.142842e-01
3.390000e-01  3.132786e-01
3.420000e-01  3.122826e-01
3.450000e-01  3.112961e-01
3.480000e-01  3.103188e-01
3.510000e-01  3.093506e-01
3.540000e-01  3.083913e-01
3.570000e-01  3.074408e-01
3.600000e-01  3.064988e-01
3.630000e-01  3.055653e-01
3.660000e-01  3.046401e-01
3.690000e-01  3.037230e-01
3.720000e-01  3.028139e-01
3.750000e-01  3.019126e-01
3.780000e-01  3.010191e-01
3.810000e-01  3.001332e-01
3.840000e-01  2.992547e-01
3.870000e-01  2.983836e-01
3.900000e-01  2.975196e-01
3.930000e-01  2.966627e-01
3.960000e-01  2.958128e-01
3.990000e-01  2.949698e-01
4.020000e-01  2.941335e-01
4.050000e-01  2.933038e-01
4.080000e-01  2.924807e-01
4.110000e-01  2.916639e-01
4.140000e-01  2.908535e-01
4.170000e-01  2.900493e-01
4.200000e-01  2.892512e-01
4.230000e-01  2.884592e-01
4.260000e-01  2.876730e-01
4.290000e-01  2.868927e-01
4.320000e-01  2.861182e-01
4.350000e-01  2.853493e-01
4.380000e-01  2.845859e-01
4.410000e-01  2.838281e-01
4.440000e-01  2.830757e-01
4.470000e-01  2.823286e-01
4.500000e-01  2.815867e-01
4.530000e-01  2.808501e-01
4.560000e-01  2.801185e-01
4.590000e-01  2.793919e-01
4.620000e-01  2.786703e-01
4.650000e-01  2.779536e-01
4.680000e-01  2.772417e-01
4.710000e-01  2.765345e-01
4.740000e-01  2.758320e-01
4.770000e-01  2.751341e-01
4.800000e-01  2.744407e-01
4.830000e-01  2.737519e-01
4.860000e-01  2.730674e-01
4.890000e-01  2.723873e-01
4.920000e-01  2.717115e-01
4.950000e-01  2.710400e-01
4.980000e-01  2.703726e-01
5.010000e-01  2.697093e-01
5.040000e-01  2.690502e-01
5.070000e-01  2.683950e-01
5.100000e-01  2.677438e-01
5.130000e-01  2.670965e-01
5.160000e-01  2.664531e-01
5.190000e-01  2.658135e-01
5.220000e-01  2.651777e-01
5.250000e-01  2.645456e-01
5.280000e-01  2.639171e-01
5.310000e-01  2.632923e-01
5.340000e-01  2.626710e-01
5.370000e-01  2.620533e-01
5.400000e-01  2.614390e-01
5.430000e-01  2.608282e-01
5.460000e-01  2.602208e-01
5.490000e-01  2.596167e-01
5.520000e-01  2.590160e-01
5.550000e-01  2.584185e-01
5.580000e-01  2.578243e-01
5.610000e-01  2.572332e-01
5.640000e-01  2.566453e-01
5.670000e-01  2.560606e-01
5.700000e-01  2.554789e-01
5.730000e-01  2.549002e-01
5.760000e-01  2.543246e-01
5.790000e-01  2.537519e-01
5.820000e-01  2.531821e-01
5.850000e-01  2.526153e-01
5.880000e-01  2.520513e-01
5.910000e-01  2.514902e-01
5.940000e-01  2.509318e-01
5.970000e-01  2.503762e-01
6.000000e-01  2.498234e-01
6.030000e-01  2.492733e-01
6.060000e-01  2.487258e-01
6.090000e-01  2.481810e-01
6.120000e-01  2.476387e-01
6.150000e-01  2.470991e-01
6.180000e-01  2.465620e-01
6.210000e-01  2.460275e-01
6.240000e-01  2.454954e-01
6.270000e-01  2.449658e-01
6.300000e-01  2.444387e-01
6.330000e-01  2.439139e-01
6.360000e-01  2.433916e-01
6.390000e-01  2.428716e-01
6.420000e-01  2.423539e-01
6.450000e-01  2.418386e-01
6.480000e-01  2.413255e-01
6.510000e-01  2.408147e-01
6.540000e-01  2.403061e-01
6.570000e-01  2.397998e-01
6.600000e-01  2.392956e-01
6.630000e-01  2.387936e-01
6.660000e-01  2.382937e-01
6.690000e-01  2.377959e-01
6.720000e-01  2.373003e-01
6.750000e-01  2.368067e-01
6.780000e-01  2.363151e-01
6.810000e-01  2.358256e-01
6.840000e-01  2.353381e-01
6.870000e-01  2.348526e-01
6.900000e-01  2.343690e-01
6.930000e-01  2.338874e-01
6.960000e-01  2.334077e-01
6.990000e-01  2.329299e-01
7.020000e-01  2.324540e-01
7.050000e-01  2.319799e-01
7.080000e-01  2.315077e-01
7.110000e-01  2.310373e-01
7.140000e-01  2.305687e-01
7.170000e-01  2.301019e-01
7.200000e-01  2.296369e-01
7.230000e-01  2.291737e-01
7.260000e-01  2.287121e-01
7.290000e-01  2.282523e-01
7.320000e-01  2.277942e-01
7.350000e-01  2.273377e-01
7.380000e-01  2.268829e-01
7.410000e-01  2.264298e-01
7.440000e-01  2.259783e-01
7.470000e-01  2.255284e-01
7.500000e-01  2.250801e-01
7.530000e-01  2.246334e-01
7.560000e-01  2.241882e-01
7.590000e-01  2.237446e-01
7.620000e-01  2.233026e-01
7.650000e-01  2.228620e-01
7.680000e-01  2.224230e-01
7.710000e-01  2.219854e-01
7.740000e-01  2.215493e-01
7.770000e-01  2.211147e-01
7.800000e-01  2.206815e-01
7.830000e-01  2.202497e-01
7.860000e-01  2.198194e-01
7.890000e-01  2.193904e-01
7.920000e-01  2.189629e-01
7.950000e-01  2.185367e-01
7.980000e-01  2.181118e-01
8.010000e-01  2.176883e-01
8.040000e-01  2.172662e-01
8.070000e-01  2.168454e-01
8.100000e-01  2.164258e-01
8.130000e-01  2.160076e-01
8.160000e-01  2.155906e-01
8.190000e-01  2.151749e-01
8.220000e-01  2.147605e-01
8.250000e-01  2.143473e-01
8.280000e-01  2.139353e-01
8.310000e-01  2.135246e-01
8.340000e-01  2.131150e-01
8.370000e-01  2.127067e-01
8.400000e-01  2.122995e-01
8.430000e-01  2.118935e-01
8.460000e-01  2.114886e-01
8.490000e-01  2.110849e-01
8.520000e-01  2.106823e-01
8.550000e-01  2.102809e-01
8.580000e-01  2.098806e-01
8.610000e-01  2.094813e-01
8.640000e-01  2.090832e-01
8.670000e-01  2.086861e-01
8.700000e-01  2.082901e-01
8.730000e-01  2.078952e-01
8.760000e-01  2.075013e-01
8.790000e-01  2.071084e-01
8.820000e-01  2.067165e-01
8.850000e-01  2.063257e-01
8.880000e-01  2.059359e-01
8.910000e-01  2.055471e-01
8.940000e-01  2.051592e-01
8.970000e-01  2.047723e-01
9.000000e-01  2.043864e-01
9.030000e-01  2.040015e-01
9.060000e-01  2.036174e-01
9.090000e-01  2.032344e-01
9.120000e-01  2.028522e-01
9.150000e-01  2.024709e-01
9.180000e-01  2.020906e-01
9.210000e-01  2.017111e-01
9.240000e-01  2.013326e-01
9.270000e-01  2.009549e-01
9.300000e-01  2.005781e-01
9.330000e-01  2.002021e-01
9.360000e-01  1.998270e-01
9.390000e-01  1.994527e-01
9.420000e-01  1.990792e-01
9.450000e-01  1.987066e-01
9.480000e-01  1.983348e-01
9.510000e-01  1.979638e-01
9.540000e-01  1.975935e-01
9.570000e-01  1.972241e-01
9.600000e-01  1.968555e-01
9.630000e-01  1.964876e-01
9.660000e-01  1.961204e-01
9.690000e-01  1.957540e-01
9.720000e-01  1.953884e-01
9.750000e-01  1.950235e-01
9.780000e-01  1.946593e-01
9.810000e-01  1.942958e-01
9.840000e-01  1.939330e-01
9.870000e-01  1.935710e-01
9.900000e-01  1.932096e-01
9.930000e-01  1.928489e-01
9.960000e-01  1.924889e-01
9.990000e-01  1.921295e-01
