000000  000001
3.000000e-03  8.488957e-01
6.000000e-03  7.720004e-01
9.000000e-03  7.207362e-01
1.200000e-02  6.825682e-01
1.500000e-02  6.523359e-01
1.800000e-02  6.274127e-01
2.100000e-02  6.062813e-01
2.400000e-02  5.879875e-01
2.700000e-02  5.718929e-01
3.000000e-02  5.575501e-01
3.300000e-02  5.446338e-01
3.600000e-02  5.328999e-01
3.900000e-02  5.221614e-01
4.200000e-02  5.122714e-01
4.500000e-02  5.031128e-01
4.800000e-02  4.945906e-01
5.100000e-02  4.866270e-01
5.400000e-02  4.791573e-01
5.700000e-02  4.721270e-01
6.000000e-02  4.654903e-01
6.300000e-02  4.592078e-01
6.600000e-02  4.532457e-01
6.900000e-02  4.475747e-01
7.200000e-02  4.421692e-01
7.500000e-02  4.370069e-01
7.800000e-02  4.320679e-01
8.100000e-02  4.273348e-01
8.400000e-02  4.227920e-01
8.700000e-02  4.184255e-01
9.000000e-02  4.142231e-01
9.300000e-02  4.101732e-01
9.600000e-02  4.062660e-01
9.900000e-02  4.024921e-01
1.020000e-01  3.988431e-01
1.050000e-01  3.953116e-01
1.080000e-01  3.918905e-01
1.110000e-01  3.885734e-01
1.140000e-01  3.853545e-01
1.170000e-01  3.822285e-01
1.200000e-01  3.791903e-01
1.230000e-01  3.762353e-01
1.260000e-01  3.733594e-01
1.290000e-01  3.705585e-01
1.320000e-01  3.678291e-01
1.350000e-01  3.651676e-01
1.380000e-01  3.625710e-01
1.410000e-01  3.600362e-01
1.440000e-01  3.575606e-01
1.470000e-01  3.551414e-01
1.500000e-01  3.527762e-01
1.530000e-01  3.504629e-01
1.560000e-01  3.481991e-01
1.590000e-01  3.459830e-01
1.620000e-01  3.438125e-01
1.650000e-01  3.416860e-01
1.680000e-01  3.396017e-01
1.710000e-01  3.375580e-01
1.740000e-01  3.355533e-01
1.770000e-01  3.335864e-01
1.800000e-01  3.316557e-01
1.830000e-01  3.297600e-01
1.860000e-01  3.278981e-01
1.890000e-01  3.260689e-01
1.920000e-01  3.242711e-01
1.950000e-01  3.225038e-01
1.980000e-01  3.207660e-01
2.010000e-01  3.190566e-01
2.040000e-01  3.173748e-01
2.070000e-01  3.157198e-01
2.100000e-01  3.140906e-01
2.130000e-01  3.124865e-01
2.160000e-01  3.109068e-01
2.190000e-01  3.093506e-01
2.220000e-01  3.078173e-01
2.250000e-01  3.063063e-01
2.280000e-01  3.048169e-01
2.310000e-01  3.033484e-01
2.340000e-01  3.019003e-01
2.370000e-01  3.004721e-01
2.400000e-01  2.990631e-01
2.430000e-01  2.976729e-01
2.460000e-01  2.963010e-01
2.490000e-01  2.949468e-01
2.520000e-01  2.936099e-01
2.550000e-01  2.922899e-01
2.580000e-01  2.909863e-01
2.610000e-01  2.896987e-01
2.640000e-01  2.884267e-01
2.670000e-01  2.871700e-01
2.700000e-01  2.859281e-01
2.730000e-01  2.847006e-01
2.760000e-01  2.834873e-01
2.790000e-01  2.822878e-01
2.820000e-01  2.811018e-01
2.850000e-01  2.799289e-01
2.880000e-01  2.787689e-01
2.910000e-01  2.776214e-01
2.940000e-01  2.764862e-01
2.970000e-01  2.753630e-01
3.000000e-01  2.742516e-01
3.030000e-01  2.731516e-01
3.060000e-01  2.720628e-01
3.090000e-01  2.709849e-01
3.120000e-01  2.699179e-01
3.150000e-01  2.688613e-01
3.180000e-01  2.678150e-01
3.210000e-01  2.667788e-01
3.240000e-01  2.657524e-01
3.270000e-01  2.647357e-01
3.300000e-01  2.637284e-01
3.330000e-01  2.627304e-01
3.360000e-01  2.617415e-01
3.390000e-01  2.607615e-01
3.420000e-01  2.597902e-01
3.450000e-01  2.588274e-01
3.480000e-01  2.578730e-01
3.510000e-01  2.569268e-01
3.540000e-01  2.559887e-01
3.570000e-01  2.550584e-01
3.600000e-01  2.541360e-01
3.630000e-01  2.532211e-01
3.660000e-01  2.523136e-01
3.690000e-01  2.514135e-01
3.720000e-01  2.505206e-01
3.750000e-01  2.496347e-01
3.780000e-01  2.487557e-01
3.810000e-01  2.478835e-01
3.840000e-01  2.470180e-01
3.870000e-01  2.461591e-01
3.900000e-01  2.453065e-01
3.930000e-01  2.444603e-01
3.960000e-01  2.436203e-01
3.990000e-01  2.427863e-01
4.020000e-01  2.419584e-01
4.050000e-01  2.411363e-01
4.080000e-01  2.403200e-01
4.110000e-01  2.395094e-01
4.140000e-01  2.387044e-01
4.170000e-01  2.379049e-01
4.200000e-01  2.371107e-01
4.230000e-01  2.363219e-01
4.260000e-01  2.355382e-01
4.290000e-01  2.347597e-01
4.320000e-01  2.339862e-01
4.350000e-01  2.332176e-01
4.380000e-01  2.324540e-01
4.410000e-01  2.316951e-01
4.440000e-01  2.309409e-01
4.470000e-01  2.301913e-01
4.500000e-01  2.294463e-01
4.530000e-01  2.287058e-01
4.560000e-01  2.279697e-01
4.590000e-01  2.272379e-01
4.620000e-01  2.265104e-01
4.650000e-01  2.257871e-01
4.680000e-01  2.250678e-01
4.710000e-01  2.243527e-01
4.740000e-01  2.236416e-01
4.770000e-01  2.229343e-01
4.800000e-01  2.222310e-01
4.830000e-01  2.215314e-01
4.860000e-01  2.208356e-01
4.890000e-01  2.201435e-01
4.920000e-01  2.194550e-01
4.950000e-01  2.187700e-01
4.980000e-01  2.180886e-01
5.010000e-01  2.174106e-01
5.040000e-01  2.167360e-01
5.070000e-01  2.160648e-01
5.100000e-01  2.153968e-01
5.130000e-01  2.147321e-01
5.160000e-01  2.140706e-01
5.190000e-01  2.134122e-01
5.220000e-01  2.127569e-01
5.250000e-01  2.121047e-01
5.280000e-01  2.114554e-01
5.310000e-01  2.108091e-01
5.340000e-01  2.101656e-01
5.370000e-01  2.095250e-01
5.400000e-01  2.088872e-01
5.430000e-01  2.082522e-01
5.460000e-01  2.076199e-01
5.490000e-01  2.069902e-01
5.520000e-01  2.063632e-01
5.550000e-01  2.057387e-01
5.580000e-01  2.051168e-01
5.610000e-01  2.044973e-01
5.640000e-01  2.038804e-01
5.670000e-01  2.032658e-01
5.700000e-01  2.026536e-01
5.730000e-01  2.020438e-01
5.760000e-01  2.014362e-01
5.790000e-01  2.008309e-01
5.820000e-01  2.002278e-01
5.850000e-01  1.996269e-01
5.880000e-01  1.990282e-01
5.910000e-01  1.984315e-01
5.940000e-01  1.978369e-01
5.970000e-01  1.972443e-01
6.000000e-01  1.966538e-01
6.030000e-01  1.960652e-01
6.060000e-01  1.954785e-01
6.090000e-01  1.948937e-01
6.120000e-01  1.943107e-01
6.150000e-01  1.937296e-01
6.180000e-01  1.931503e-01
6.210000e-01  1.925727e-01
6.240000e-01  1.919968e-01
6.270000e-01  1.914226e-01
6.300000e-01  1.908500e-01
6.330000e-01  1.902791e-01
6.360000e-01  1.897097e-01
6.390000e-01  1.891419e-01
6.420000e-01  1.885756e-01
6.450000e-01  1.880108e-01
6.480000e-01  1.874475e-01
6.510000e-01  1.868856e-01
6.540000e-01  1.863250e-01
6.570000e-01  1.857658e-01
6.600000e-01  1.852080e-01
6.630000e-01  1.846514e-01
6.660000e-01  1.840961e-01
6.690000e-01  1.835420e-01
6.720000e-01  1.829891e-01
6.750000e-01  1.824374e-01
6.780000e-01  1.818868e-01
6.810000e-01  1.813373e-01
6.840000e-01  1.807889e-01
6.870000e-01  1.802416e-01
6.900000e-01  1.796952e-01
6.930000e-01  1.791498e-01
6.960000e-01  1.786054e-01
6.990000e-01  1.780619e-01
7.020000e-01  1.775192e-01
7.050000e-01  1.769774e-01
7.080000e-01  1.764365e-01
7.110000e-01  1.758963e-01
7.140000e-01  1.753569e-01
7.170000e-01  1.748181e-01
7.200000e-01  1.742801e-01
7.230000e-01  1.737428e-01
7.260000e-01  1.732061e-01
7.290000e-01  1.726699e-01
7.320000e-01  1.721343e-01
7.350000e-01  1.715993e-01
7.380000e-01  1.710647e-01
7.410000e-01  1.705306e-01
7.440000e-01  1.699970e-01
7.470000e-01  1.694637e-01
7.500000e-01  1.689307e-01
7.530000e-01  1.683981e-01
7.560000e-01  1.678658e-01
7.590000e-01  1.673337e-01
7.620000e-01  1.668019e-01
7.650000e-01  1.662702e-01
7.680000e-01  1.657386e-01
7.710000e-01  1.652071e-01
7.740000e-01  1.646757e-01
7.770000e-01  000000
7.800000e-01  000000
7.830000e-01  000000
7.860000e-01  000000
7.890000e-01  000000
7.920000e-01  000000
7.950000e-01  000000
7.980000e-01  000000
8.010000e-01  000000
8.040000e-01  000000
8.070000e-01  000000
8.100000e-01  000000
8.130000e-01  000000
8.160000e-01  000000
8.190000e-01  000000
8.220000e-01  000000
8.250000e-01  000000
8.280000e-01  000000
8.310000e-01  000000
8.340000e-01  000000
8.370000e-01  000000
8.400000e-01  000000
8.430000e-01  000000
8.460000e-01  000000
8.490000e-01  000000
8.520000e-01  000000
8.550000e-01  000000
8.580000e-01  000000
8.610000e-01  000000
8.640000e-01  000000
8.670000e-01  000000
8.700000e-01  000000
8.730000e-01  000000
8.760000e-01  000000
8.790000e-01  000000
8.820000e-01  000000
8.850000e-01  000000
8.880000e-01  000000
8.910000e-01  000000
8.940000e-01  000000
8.970000e-01  000000
9.000000e-01  000000
9.030000e-01  000000
9.060000e-01  000000
9.090000e-01  000000
9.120000e-01  000000
9.150000e-01  000000
9.180000e-01  000000
9.210000e-01  000000
9.240000e-01  000000
9.270000e-01  000000
9.300000e-01  000000
9.330000e-01  000000
9.360000e-01  000000
9.390000e-01  000000
9.420000e-01  000000
9.450000e-01  000000
9.480000e-01  000000
9.510000e-01  000000
9.540000e-01  000000
9.570000e-01  000000
9.600000e-01  000000
9.630000e-01  000000
9.660000e-01  000000
9.690000e-01  000000
9.720000e-01  000000
9.750000e-01  000000
9.780000e-01  000000
9.810000e-01  000000
9.840000e-01  000000
9.870000e-01  000000
9.900000e-01  000000
9.930000e-01  000000
9.960000e-01  000000
9.990000e-01  000000
