000000  000001
3.000000e-03  8.656546e-01
6.000000e-03  7.930363e-01
9.000000e-03  7.435640e-01
1.200000e-02  7.062999e-01
1.500000e-02  6.765679e-01
1.800000e-02  6.519351e-01
2.100000e-02  6.309751e-01
2.400000e-02  6.127816e-01
2.700000e-02  5.967429e-01
3.000000e-02  5.824278e-01
3.300000e-02  5.695208e-01
3.600000e-02  5.577845e-01
3.900000e-02  5.470360e-01
4.200000e-02  5.371314e-01
4.500000e-02  5.279554e-01
4.800000e-02  5.194147e-01
5.100000e-02  5.114321e-01
5.400000e-02  5.039438e-01
5.700000e-02  4.968957e-01
6.000000e-02  4.902424e-01
6.300000e-02  4.839447e-01
6.600000e-02  4.779688e-01
6.900000e-02  4.722857e-01
7.200000e-02  4.668697e-01
7.500000e-02  4.616986e-01
7.800000e-02  4.567526e-01
8.100000e-02  4.520141e-01
8.400000e-02  4.474676e-01
8.700000e-02  4.430991e-01
9.000000e-02  4.388962e-01
9.300000e-02  4.348475e-01
9.600000e-02  4.309428e-01
9.900000e-02  4.271730e-01
1.020000e-01  4.235296e-01
1.050000e-01  4.200050e-01
1.080000e-01  4.165921e-01
1.110000e-01  4.132847e-01
1.140000e-01  4.100766e-01
1.170000e-01  4.069627e-01
1.200000e-01  4.039377e-01
1.230000e-01  4.009972e-01
1.260000e-01  3.981368e-01
1.290000e-01  3.953525e-01
1.320000e-01  3.926407e-01
1.350000e-01  3.899979e-01
1.380000e-01  3.874209e-01
1.410000e-01  3.849067e-01
1.440000e-01  3.824525e-01
1.470000e-01  3.800557e-01
1.500000e-01  3.777139e-01
1.530000e-01  3.754247e-01
1.560000e-01  3.731859e-01
1.590000e-01  3.709955e-01
1.620000e-01  3.688516e-01
1.650000e-01  3.667524e-01
1.680000e-01  3.646961e-01
1.710000e-01  3.626812e-01
1.740000e-01  3.607060e-01
1.770000e-01  3.587692e-01
1.800000e-01  3.568694e-01
1.830000e-01  3.550052e-01
1.860000e-01  3.531755e-01
1.890000e-01  3.513790e-01
1.920000e-01  3.496147e-01
1.950000e-01  3.478814e-01
1.980000e-01  3.461781e-01
2.010000e-01  3.445039e-01
2.040000e-01  3.428579e-01
2.070000e-01  3.412391e-01
2.100000e-01  3.396468e-01
2.130000e-01  3.380801e-01
2.160000e-01  3.365382e-01
2.190000e-01  3.350205e-01
2.220000e-01  3.335262e-01
2.250000e-01  3.320546e-01
2.280000e-01  3.306051e-01
2.310000e-01  3.291771e-01
2.340000e-01  3.277699e-01
2.370000e-01  3.263830e-01
2.400000e-01  3.250159e-01
2.430000e-01  3.236680e-01
2.460000e-01  3.223388e-01
2.490000e-01  3.210278e-01
2.520000e-01  3.197346e-01
2.550000e-01  3.184587e-01
2.580000e-01  3.171996e-01
2.610000e-01  3.159569e-01
2.640000e-01  3.147303e-01
2.670000e-01  3.135193e-01
2.700000e-01  3.123236e-01
2.730000e-01  3.111428e-01
2.760000e-01  3.099765e-01
2.790000e-01  3.088244e-01
2.820000e-01  3.076862e-01
2.850000e-01  3.065616e-01
2.880000e-01  3.054502e-01
2.910000e-01  3.043517e-01
2.940000e-01  3.032660e-01
2.970000e-01  3.021925e-01
3.000000e-01  3.011312e-01
3.030000e-01  3.000818e-01
3.060000e-01  2.990439e-01
3.090000e-01  2.980174e-01
3.120000e-01  2.970020e-01
3.150000e-01  2.959975e-01
3.180000e-01  2.950037e-01
3.210000e-01  2.940203e-01
3.240000e-01  2.930471e-01
3.270000e-01  2.920839e-01
3.300000e-01  2.911306e-01
3.330000e-01  2.901869e-01
3.360000e-01  2.892526e-01
3.390000e-01  2.883276e-01
3.420000e-01  2.874116e-01
3.450000e-01  2.865046e-01
3.480000e-01  2.856063e-01
3.510000e-01  2.847166e-01
3.540000e-01  2.838353e-01
3.570000e-01  2.829623e-01
3.600000e-01  2.820973e-01
3.630000e-01  2.812404e-01
3.660000e-01  2.803912e-01
3.690000e-01  2.795497e-01
3.720000e-01  2.787158e-01
3.750000e-01  2.778893e-01
3.780000e-01  2.770700e-01
3.810000e-01  2.762579e-01
3.840000e-01  2.754529e-01
3.870000e-01  2.746547e-01
3.900000e-01  2.738634e-01
3.930000e-01  2.730787e-01
3.960000e-01  2.723006e-01
3.990000e-01  2.715289e-01
4.020000e-01  2.707636e-01
4.050000e-01  2.700046e-01
4.080000e-01  2.692517e-01
4.110000e-01  2.685048e-01
4.140000e-01  2.677640e-01
4.170000e-01  2.670289e-01
4.200000e-01  2.662996e-01
4.230000e-01  2.655760e-01
4.260000e-01  2.648580e-01
4.290000e-01  2.641455e-01
4.320000e-01  2.634384e-01
4.350000e-01  2.627367e-01
4.380000e-01  2.620401e-01
4.410000e-01  2.613488e-01
4.440000e-01  2.606626e-01
4.470000e-01  2.599813e-01
4.500000e-01  2.593050e-01
4.530000e-01  2.586336e-01
4.560000e-01  2.579670e-01
4.590000e-01  2.573051e-01
4.620000e-01  2.566479e-01
4.650000e-01  2.559953e-01
4.680000e-01  2.553472e-01
4.710000e-01  2.547036e-01
4.740000e-01  2.540644e-01
4.770000e-01  2.534295e-01
4.800000e-01  2.527989e-01
4.830000e-01  2.521726e-01
4.860000e-01  2.515504e-01
4.890000e-01  2.509323e-01
4.920000e-01  2.503182e-01
4.950000e-01  2.497081e-01
4.980000e-01  2.491020e-01
5.010000e-01  2.484998e-01
5.040000e-01  2.479014e-01
5.070000e-01  2.473068e-01
5.100000e-01  2.467160e-01
5.130000e-01  2.461288e-01
5.160000e-01  2.455453e-01
5.190000e-01  2.449654e-01
5.220000e-01  2.443890e-01
5.250000e-01  2.438161e-01
5.280000e-01  2.432467e-01
5.310000e-01  2.426807e-01
5.340000e-01  2.421180e-01
5.370000e-01  2.415587e-01
5.400000e-01  2.410027e-01
5.430000e-01  2.404499e-01
5.460000e-01  2.399003e-01
5.490000e-01  2.393539e-01
5.520000e-01  2.388106e-01
5.550000e-01  2.382704e-01
5.580000e-01  2.377332e-01
5.610000e-01  2.371991e-01
5.640000e-01  2.366680e-01
5.670000e-01  2.361397e-01
5.700000e-01  2.356144e-01
5.730000e-01  2.350920e-01
5.760000e-01  2.345724e-01
5.790000e-01  2.340556e-01
5.820000e-01  2.335416e-01
5.850000e-01  2.330303e-01
5.880000e-01  2.325217e-01
5.910000e-01  2.320158e-01
5.940000e-01  2.315126e-01
5.970000e-01  2.310119e-01
6.000000e-01  2.305139e-01
6.030000e-01  2.300184e-01
6.060000e-01  2.295255e-01
6.090000e-01  2.290350e-01
6.120000e-01  2.285470e-01
6.150000e-01  2.280615e-01
6.180000e-01  2.275783e-01
6.210000e-01  2.270976e-01
6.240000e-01  2.266192e-01
6.270000e-01  2.261432e-01
6.300000e-01  2.256695e-01
6.330000e-01  2.251980e-01
6.360000e-01  2.247288e-01
6.390000e-01  2.242619e-01
6.420000e-01  2.237972e-01
6.450000e-01  2.233346e-01
6.480000e-01  2.228743e-01
6.510000e-01  2.224160e-01
6.540000e-01  2.219599e-01
6.570000e-01  2.215059e-01
6.600000e-01  2.210540e-01
6.630000e-01  2.206041e-01
6.660000e-01  2.201563e-01
6.690000e-01  2.197104e-01
6.720000e-01  2.192666e-01
6.750000e-01  2.188247e-01
6.780000e-01  2.183848e-01
6.810000e-01  2.179468e-01
6.840000e-01  2.175107e-01
6.870000e-01  2.170765e-01
6.900000e-01  2.166442e-01
6.930000e-01  2.162137e-01
6.960000e-01  2.157851e-01
6.990000e-01  2.153582e-01
7.020000e-01  2.149332e-01
7.050000e-01  2.145100e-01
7.080000e-01  2.140885e-01
7.110000e-01  2.136687e-01
7.140000e-01  2.132507e-01
7.170000e-01  2.128344e-01
7.200000e-01  2.124198e-01
7.230000e-01  2.120068e-01
7.260000e-01  2.115955e-01
7.290000e-01  2.111859e-01
7.320000e-01  2.107779e-01
7.350000e-01  2.103714e-01
7.380000e-01  2.099666e-01
7.410000e-01  2.095634e-01
7.440000e-01  2.091617e-01
7.470000e-01  2.087616e-01
7.500000e-01  2.083630e-01
7.530000e-01  2.079659e-01
7.560000e-01  2.075704e-01
7.590000e-01  2.071763e-01
7.620000e-01  2.067837e-01
7.650000e-01  2.063925e-01
7.680000e-01  2.060028e-01
7.710000e-01  2.056146e-01
7.740000e-01  2.052278e-01
7.770000e-01  2.048423e-01
7.800000e-01  2.044583e-01
7.830000e-01  2.040757e-01
7.860000e-01  2.036944e-01
7.890000e-01  2.033144e-01
7.920000e-01  2.029359e-01
7.950000e-01  2.025586e-01
7.980000e-01  2.021827e-01
8.010000e-01  2.018080e-01
8.040000e-01  2.014347e-01
8.070000e-01  2.010626e-01
8.100000e-01  2.006918e-01
8.130000e-01  2.003223e-01
8.160000e-01  1.999540e-01
8.190000e-01  1.995870e-01
8.220000e-01  1.992212e-01
8.250000e-01  1.988566e-01
8.280000e-01  1.984932e-01
8.310000e-01  1.981309e-01
8.340000e-01  1.977699e-01
8.370000e-01  1.974100e-01
8.400000e-01  1.970513e-01
8.430000e-01  1.966938e-01
8.460000e-01  1.963373e-01
8.490000e-01  1.959820e-01
8.520000e-01  1.956279e-01
8.550000e-01  1.952748e-01
8.580000e-01  1.949228e-01
8.610000e-01  1.945719e-01
8.640000e-01  1.942221e-01
8.670000e-01  1.938734e-01
8.700000e-01  1.935257e-01
8.730000e-01  1.931790e-01
8.760000e-01  1.928334e-01
8.790000e-01  1.924889e-01
8.820000e-01  1.921453e-01
8.850000e-01  1.918028e-01
8.880000e-01  1.914613e-01
8.910000e-01  1.911207e-01
8.940000e-01  1.907812e-01
8.970000e-01  1.904426e-01
9.000000e-01  1.901050e-01
9.030000e-01  1.897683e-01
9.060000e-01  1.894326e-01
9.090000e-01  1.890978e-01
9.120000e-01  1.887640e-01
9.150000e-01  1.884311e-01
9.180000e-01  1.880991e-01
9.210000e-01  1.877680e-01
9.240000e-01  1.874378e-01
9.270000e-01  1.871085e-01
9.300000e-01  1.867801e-01
9.330000e-01  1.864526e-01
9.360000e-01  1.861259e-01
9.390000e-01  1.858001e-01
9.420000e-01  1.854752e-01
9.450000e-01  1.851511e-01
9.480000e-01  1.848278e-01
9.510000e-01  1.845054e-01
9.540000e-01  1.841838e-01
9.570000e-01  1.838630e-01
9.600000e-01  1.835430e-01
9.630000e-01  1.832238e-01
9.660000e-01  1.829054e-01
9.690000e-01  1.825878e-01
9.720000e-01  1.822709e-01
9.750000e-01  1.819549e-01
9.780000e-01  1.816396e-01
9.810000e-01  1.813250e-01
9.840000e-01  1.810112e-01
9.870000e-01  1.806982e-01
9.900000e-01  1.803859e-01
9.930000e-01  1.800743e-01
9.960000e-01  1.797634e-01
9.990000e-01  1.794533e-01
