000000  000001
3.000000e-03  8.797494e-01
6.000000e-03  8.111836e-01
9.000000e-03  7.634648e-01
1.200000e-02  7.270831e-01
1.500000e-02  6.978220e-01
1.800000e-02  6.734394e-01
2.100000e-02  6.526017e-01
2.400000e-02  6.344518e-01
2.700000e-02  6.184068e-01
3.000000e-02  6.040528e-01
3.300000e-02  5.910852e-01
3.600000e-02  5.792740e-01
3.900000e-02  5.684412e-01
4.200000e-02  5.584460e-01
4.500000e-02  5.491757e-01
4.800000e-02  5.405385e-01
5.100000e-02  5.324586e-01
5.400000e-02  5.248728e-01
5.700000e-02  5.177278e-01
6.000000e-02  5.109785e-01
6.300000e-02  5.045861e-01
6.600000e-02  4.985170e-01
6.900000e-02  4.927424e-01
7.200000e-02  4.872366e-01
7.500000e-02  4.819776e-01
7.800000e-02  4.769454e-01
8.100000e-02  4.721227e-01
8.400000e-02  4.674938e-01
8.700000e-02  4.630448e-01
9.000000e-02  4.587631e-01
9.300000e-02  4.546375e-01
9.600000e-02  4.506576e-01
9.900000e-02  4.468143e-01
1.020000e-01  4.430991e-01
1.050000e-01  4.395043e-01
1.080000e-01  4.360229e-01
1.110000e-01  4.326483e-01
1.140000e-01  4.293747e-01
1.170000e-01  4.261966e-01
1.200000e-01  4.231089e-01
1.230000e-01  4.201070e-01
1.260000e-01  4.171866e-01
1.290000e-01  4.143436e-01
1.320000e-01  4.115743e-01
1.350000e-01  4.088752e-01
1.380000e-01  4.062431e-01
1.410000e-01  4.036749e-01
1.440000e-01  4.011679e-01
1.470000e-01  3.987193e-01
1.500000e-01  3.963267e-01
1.530000e-01  3.939877e-01
1.560000e-01  3.917002e-01
1.590000e-01  3.894620e-01
1.620000e-01  3.872713e-01
1.650000e-01  3.851261e-01
1.680000e-01  3.830247e-01
1.710000e-01  3.809655e-01
1.740000e-01  3.789470e-01
1.770000e-01  3.769676e-01
1.800000e-01  3.750260e-01
1.830000e-01  3.731208e-01
1.860000e-01  3.712507e-01
1.890000e-01  3.694147e-01
1.920000e-01  3.676115e-01
1.950000e-01  3.658400e-01
1.980000e-01  3.640993e-01
2.010000e-01  3.623882e-01
2.040000e-01  3.607060e-01
2.070000e-01  3.590517e-01
2.100000e-01  3.574244e-01
2.130000e-01  3.558233e-01
2.160000e-01  3.542477e-01
2.190000e-01  3.526968e-01
2.220000e-01  3.511698e-01
2.250000e-01  3.496661e-01
2.280000e-01  3.481850e-01
2.310000e-01  3.467259e-01
2.340000e-01  3.452882e-01
2.370000e-01  3.438713e-01
2.400000e-01  3.424746e-01
2.430000e-01  3.410976e-01
2.460000e-01  3.397398e-01
2.490000e-01  3.384006e-01
2.520000e-01  3.370796e-01
2.550000e-01  3.357764e-01
2.580000e-01  3.344905e-01
2.610000e-01  3.332214e-01
2.640000e-01  3.319687e-01
2.670000e-01  3.307321e-01
2.700000e-01  3.295112e-01
2.730000e-01  3.283055e-01
2.760000e-01  3.271148e-01
2.790000e-01  3.259386e-01
2.820000e-01  3.247767e-01
2.850000e-01  3.236286e-01
2.880000e-01  3.224942e-01
2.910000e-01  3.213731e-01
2.940000e-01  3.202650e-01
2.970000e-01  3.191696e-01
3.000000e-01  3.180866e-01
3.030000e-01  3.170158e-01
3.060000e-01  3.159569e-01
3.090000e-01  3.149097e-01
3.120000e-01  3.138739e-01
3.150000e-01  3.128493e-01
3.180000e-01  3.118356e-01
3.210000e-01  3.108327e-01
3.240000e-01  3.098403e-01
3.270000e-01  3.088581e-01
3.300000e-01  3.078861e-01
3.330000e-01  3.069240e-01
3.360000e-01  3.059716e-01
3.390000e-01  3.050287e-01
3.420000e-01  3.040951e-01
3.450000e-01  3.031707e-01
3.480000e-01  3.022553e-01
3.510000e-01  3.013488e-01
3.540000e-01  3.004509e-01
3.570000e-01  2.995614e-01
3.600000e-01  2.986804e-01
3.630000e-01  2.978075e-01
3.660000e-01  2.969427e-01
3.690000e-01  2.960857e-01
3.720000e-01  2.952366e-01
3.750000e-01  2.943951e-01
3.780000e-01  2.935611e-01
3.810000e-01  2.927344e-01
3.840000e-01  2.919150e-01
3.870000e-01  2.911027e-01
3.900000e-01  2.902974e-01
3.930000e-01  2.894990e-01
3.960000e-01  2.887074e-01
3.990000e-01  2.879224e-01
4.020000e-01  2.871440e-01
4.050000e-01  2.863720e-01
4.080000e-01  2.856063e-01
4.110000e-01  2.848469e-01
4.140000e-01  2.840936e-01
4.170000e-01  2.833464e-01
4.200000e-01  2.826051e-01
4.230000e-01  2.818697e-01
4.260000e-01  2.811400e-01
4.290000e-01  2.804161e-01
4.320000e-01  2.796977e-01
4.350000e-01  2.789848e-01
4.380000e-01  2.782773e-01
4.410000e-01  2.775752e-01
4.440000e-01  2.768783e-01
4.470000e-01  2.761866e-01
4.500000e-01  2.755000e-01
4.530000e-01  2.748185e-01
4.560000e-01  2.741419e-01
4.590000e-01  2.734702e-01
4.620000e-01  2.728033e-01
4.650000e-01  2.721412e-01
4.680000e-01  2.714837e-01
4.710000e-01  2.708309e-01
4.740000e-01  2.701826e-01
4.770000e-01  2.695388e-01
4.800000e-01  2.688995e-01
4.830000e-01  2.682645e-01
4.860000e-01  2.676338e-01
4.890000e-01  2.670074e-01
4.920000e-01  2.663851e-01
4.950000e-01  2.657670e-01
4.980000e-01  2.651530e-01
5.010000e-01  2.645430e-01
5.040000e-01  2.639370e-01
5.070000e-01  2.633349e-01
5.100000e-01  2.627367e-01
5.130000e-01  2.621422e-01
5.160000e-01  2.615516e-01
5.190000e-01  2.609647e-01
5.220000e-01  2.603814e-01
5.250000e-01  2.598018e-01
5.280000e-01  2.592258e-01
5.310000e-01  2.586533e-01
5.340000e-01  2.580843e-01
5.370000e-01  2.575188e-01
5.400000e-01  2.569566e-01
5.430000e-01  2.563979e-01
5.460000e-01  2.558424e-01
5.490000e-01  2.552903e-01
5.520000e-01  2.547413e-01
5.550000e-01  2.541956e-01
5.580000e-01  2.536531e-01
5.610000e-01  2.531137e-01
5.640000e-01  2.525774e-01
5.670000e-01  2.520441e-01
5.700000e-01  2.515139e-01
5.730000e-01  2.509866e-01
5.760000e-01  2.504623e-01
5.790000e-01  2.499409e-01
5.820000e-01  2.494224e-01
5.850000e-01  2.489068e-01
5.880000e-01  2.483939e-01
5.910000e-01  2.478839e-01
5.940000e-01  2.473766e-01
5.970000e-01  2.468720e-01
6.000000e-01  2.463702e-01
6.030000e-01  2.458709e-01
6.060000e-01  2.453744e-01
6.090000e-01  2.448804e-01
6.120000e-01  2.443890e-01
6.150000e-01  2.439001e-01
6.180000e-01  2.434138e-01
6.210000e-01  2.429300e-01
6.240000e-01  2.424486e-01
6.270000e-01  2.419696e-01
6.300000e-01  2.414931e-01
6.330000e-01  2.410190e-01
6.360000e-01  2.405472e-01
6.390000e-01  2.400778e-01
6.420000e-01  2.396106e-01
6.450000e-01  2.391458e-01
6.480000e-01  2.386832e-01
6.510000e-01  2.382229e-01
6.540000e-01  2.377648e-01
6.570000e-01  2.373088e-01
6.600000e-01  2.368551e-01
6.630000e-01  2.364035e-01
6.660000e-01  2.359540e-01
6.690000e-01  2.355066e-01
6.720000e-01  2.350613e-01
6.750000e-01  2.346181e-01
6.780000e-01  2.341769e-01
6.810000e-01  2.337378e-01
6.840000e-01  2.333006e-01
6.870000e-01  2.328655e-01
6.900000e-01  2.324323e-01
6.930000e-01  2.320010e-01
6.960000e-01  2.315717e-01
6.990000e-01  2.311442e-01
7.020000e-01  2.307187e-01
7.050000e-01  2.302950e-01
7.080000e-01  2.298732e-01
7.110000e-01  2.294532e-01
7.140000e-01  2.290350e-01
7.170000e-01  2.286186e-01
7.200000e-01  2.282040e-01
7.230000e-01  2.277912e-01
7.260000e-01  2.273801e-01
7.290000e-01  2.269707e-01
7.320000e-01  2.265631e-01
7.350000e-01  2.261572e-01
7.380000e-01  2.257529e-01
7.410000e-01  2.253503e-01
7.440000e-01  2.249494e-01
7.470000e-01  2.245500e-01
7.500000e-01  2.241524e-01
7.530000e-01  2.237563e-01
7.560000e-01  2.233618e-01
7.590000e-01  2.229689e-01
7.620000e-01  2.225775e-01
7.650000e-01  2.221877e-01
7.680000e-01  2.217994e-01
7.710000e-01  2.214127e-01
7.740000e-01  2.210275e-01
7.770000e-01  2.206437e-01
7.800000e-01  2.202615e-01
7.830000e-01  2.198807e-01
7.860000e-01  2.195013e-01
7.890000e-01  2.191234e-01
7.920000e-01  2.187469e-01
7.950000e-01  2.183719e-01
7.980000e-01  2.179982e-01
8.010000e-01  2.176260e-01
8.040000e-01  2.172551e-01
8.070000e-01  2.168855e-01
8.100000e-01  2.165174e-01
8.130000e-01  2.161506e-01
8.160000e-01  2.157851e-01
8.190000e-01  2.154209e-01
8.220000e-01  2.150580e-01
8.250000e-01  2.146965e-01
8.280000e-01  2.143362e-01
8.310000e-01  2.139772e-01
8.340000e-01  2.136194e-01
8.370000e-01  2.132630e-01
8.400000e-01  2.129077e-01
8.430000e-01  2.125537e-01
8.460000e-01  2.122009e-01
8.490000e-01  2.118494e-01
8.520000e-01  2.114990e-01
8.550000e-01  2.111498e-01
8.580000e-01  2.108018e-01
8.610000e-01  2.104550e-01
8.640000e-01  2.101093e-01
8.670000e-01  2.097648e-01
8.700000e-01  2.094214e-01
8.730000e-01  2.090792e-01
8.760000e-01  2.087381e-01
8.790000e-01  2.083981e-01
8.820000e-01  2.080592e-01
8.850000e-01  2.077214e-01
8.880000e-01  2.073847e-01
8.910000e-01  2.070491e-01
8.940000e-01  2.067145e-01
8.970000e-01  2.063811e-01
9.000000e-01  2.060486e-01
9.030000e-01  2.057172e-01
9.060000e-01  2.053869e-01
9.090000e-01  2.050576e-01
9.120000e-01  2.047292e-01
9.150000e-01  2.044019e-01
9.180000e-01  2.040757e-01
9.210000e-01  2.037504e-01
9.240000e-01  2.034260e-01
9.270000e-01  2.031027e-01
9.300000e-01  2.027804e-01
9.330000e-01  2.024590e-01
9.360000e-01  2.021385e-01
9.390000e-01  2.018190e-01
9.420000e-01  2.015005e-01
9.450000e-01  2.011829e-01
9.480000e-01  2.008662e-01
9.510000e-01  2.005504e-01
9.540000e-01  2.002356e-01
9.570000e-01  1.999216e-01
9.600000e-01  1.996085e-01
9.630000e-01  1.992964e-01
9.660000e-01  1.989851e-01
9.690000e-01  1.986747e-01
9.720000e-01  1.983652e-01
9.750000e-01  1.980565e-01
9.780000e-01  1.977487e-01
9.810000e-01  1.974417e-01
9.840000e-01  1.971356e-01
9.870000e-01  1.968303e-01
9.900000e-01  1.965259e-01
9.930000e-01  1.962223e-01
9.960000e-01  1.959195e-01
9.990000e-01  1.956175e-01
