000000  000001
3.000000e-03  8.301773e-01
6.000000e-03  7.494182e-01
9.000000e-03  6.968422e-01
1.200000e-02  6.582144e-01
1.500000e-02  6.278875e-01
1.800000e-02  6.030479e-01
2.100000e-02  5.820933e-01
2.400000e-02  5.640266e-01
2.700000e-02  5.481863e-01
3.000000e-02  5.341115e-01
3.300000e-02  5.214689e-01
3.600000e-02  5.100098e-01
3.900000e-02  4.995442e-01
4.200000e-02  4.899234e-01
4.500000e-02  4.810291e-01
4.800000e-02  4.727659e-01
5.100000e-02  4.650556e-01
5.400000e-02  4.578332e-01
5.700000e-02  4.510445e-01
6.000000e-02  4.446435e-01
6.300000e-02  4.385911e-01
6.600000e-02  4.328536e-01
6.900000e-02  4.274020e-01
7.200000e-02  4.222107e-01
7.500000e-02  4.172578e-01
7.800000e-02  4.125234e-01
8.100000e-02  4.079905e-01
8.400000e-02  4.036436e-01
8.700000e-02  3.994690e-01
9.000000e-02  3.954543e-01
9.300000e-02  3.915885e-01
9.600000e-02  3.878617e-01
9.900000e-02  3.842648e-01
1.020000e-01  3.807895e-01
1.050000e-01  3.774285e-01
1.080000e-01  3.741748e-01
1.110000e-01  3.710223e-01
1.140000e-01  3.679651e-01
1.170000e-01  3.649981e-01
1.200000e-01  3.621163e-01
1.230000e-01  3.593154e-01
1.260000e-01  3.565910e-01
1.290000e-01  3.539394e-01
1.320000e-01  3.513570e-01
1.350000e-01  3.488405e-01
1.380000e-01  3.463868e-01
1.410000e-01  3.439929e-01
1.440000e-01  3.416562e-01
1.470000e-01  3.393742e-01
1.500000e-01  3.371444e-01
1.530000e-01  3.349648e-01
1.560000e-01  3.328330e-01
1.590000e-01  3.307473e-01
1.620000e-01  3.287057e-01
1.650000e-01  3.267065e-01
1.680000e-01  3.247481e-01
1.710000e-01  3.228289e-01
1.740000e-01  3.209475e-01
1.770000e-01  3.191024e-01
1.800000e-01  3.172923e-01
1.830000e-01  3.155159e-01
1.860000e-01  3.137722e-01
1.890000e-01  3.120599e-01
1.920000e-01  3.103781e-01
1.950000e-01  3.087255e-01
1.980000e-01  3.071014e-01
2.010000e-01  3.055048e-01
2.040000e-01  3.039347e-01
2.070000e-01  3.023904e-01
2.100000e-01  3.008710e-01
2.130000e-01  2.993758e-01
2.160000e-01  2.979041e-01
2.190000e-01  2.964551e-01
2.220000e-01  2.950281e-01
2.250000e-01  2.936226e-01
2.280000e-01  2.922378e-01
2.310000e-01  2.908733e-01
2.340000e-01  2.895284e-01
2.370000e-01  2.882027e-01
2.400000e-01  2.868955e-01
2.430000e-01  2.856063e-01
2.460000e-01  2.843348e-01
2.490000e-01  2.830803e-01
2.520000e-01  2.818426e-01
2.550000e-01  2.806211e-01
2.580000e-01  2.794154e-01
2.610000e-01  2.782251e-01
2.640000e-01  2.770499e-01
2.670000e-01  2.758893e-01
2.700000e-01  2.747431e-01
2.730000e-01  2.736108e-01
2.760000e-01  2.724921e-01
2.790000e-01  2.713867e-01
2.820000e-01  2.702943e-01
2.850000e-01  2.692147e-01
2.880000e-01  2.681474e-01
2.910000e-01  2.670922e-01
2.940000e-01  2.660489e-01
2.970000e-01  2.650171e-01
3.000000e-01  2.639967e-01
3.030000e-01  2.629873e-01
3.060000e-01  2.619887e-01
3.090000e-01  2.610008e-01
3.120000e-01  2.600232e-01
3.150000e-01  2.590558e-01
3.180000e-01  2.580983e-01
3.210000e-01  2.571506e-01
3.240000e-01  2.562123e-01
3.270000e-01  2.552835e-01
3.300000e-01  2.543637e-01
3.330000e-01  2.534530e-01
3.360000e-01  2.525510e-01
3.390000e-01  2.516576e-01
3.420000e-01  2.507727e-01
3.450000e-01  2.498960e-01
3.480000e-01  2.490275e-01
3.510000e-01  2.481669e-01
3.540000e-01  2.473142e-01
3.570000e-01  2.464691e-01
3.600000e-01  2.456315e-01
3.630000e-01  2.448013e-01
3.660000e-01  2.439784e-01
3.690000e-01  2.431626e-01
3.720000e-01  2.423538e-01
3.750000e-01  2.415518e-01
3.780000e-01  2.407566e-01
3.810000e-01  2.399680e-01
3.840000e-01  2.391859e-01
3.870000e-01  2.384101e-01
3.900000e-01  2.376407e-01
3.930000e-01  2.368774e-01
3.960000e-01  2.361202e-01
3.990000e-01  2.353690e-01
4.020000e-01  2.346236e-01
4.050000e-01  2.338839e-01
4.080000e-01  2.331500e-01
4.110000e-01  2.324216e-01
4.140000e-01  2.316987e-01
4.170000e-01  2.309811e-01
4.200000e-01  2.302689e-01
4.230000e-01  2.295619e-01
4.260000e-01  2.288600e-01
4.290000e-01  2.281632e-01
4.320000e-01  2.274713e-01
4.350000e-01  2.267843e-01
4.380000e-01  2.261021e-01
4.410000e-01  2.254247e-01
4.440000e-01  2.247520e-01
4.470000e-01  2.240838e-01
4.500000e-01  2.234201e-01
4.530000e-01  2.227609e-01
4.560000e-01  2.221061e-01
4.590000e-01  2.214556e-01
4.620000e-01  2.208094e-01
4.650000e-01  2.201673e-01
4.680000e-01  2.195294e-01
4.710000e-01  2.188955e-01
4.740000e-01  2.182656e-01
4.770000e-01  2.176397e-01
4.800000e-01  2.170177e-01
4.830000e-01  2.163995e-01
4.860000e-01  2.157851e-01
4.890000e-01  2.151744e-01
4.920000e-01  2.145673e-01
4.950000e-01  2.139639e-01
4.980000e-01  2.133641e-01
5.010000e-01  2.127677e-01
5.040000e-01  2.121748e-01
5.070000e-01  2.115854e-01
5.100000e-01  2.109993e-01
5.130000e-01  2.104165e-01
5.160000e-01  2.098370e-01
5.190000e-01  2.092607e-01
5.220000e-01  2.086877e-01
5.250000e-01  2.081177e-01
5.280000e-01  2.075509e-01
5.310000e-01  2.069871e-01
5.340000e-01  2.064263e-01
5.370000e-01  2.058685e-01
5.400000e-01  2.053136e-01
5.430000e-01  2.047616e-01
5.460000e-01  2.042125e-01
5.490000e-01  2.036662e-01
5.520000e-01  2.031226e-01
5.550000e-01  2.025818e-01
5.580000e-01  2.020438e-01
5.610000e-01  2.015083e-01
5.640000e-01  2.009755e-01
5.670000e-01  2.004454e-01
5.700000e-01  1.999177e-01
5.730000e-01  1.993926e-01
5.760000e-01  1.988700e-01
5.790000e-01  1.983499e-01
5.820000e-01  1.978322e-01
5.850000e-01  1.973169e-01
5.880000e-01  1.968040e-01
5.910000e-01  1.962934e-01
5.940000e-01  1.957851e-01
5.970000e-01  1.952791e-01
6.000000e-01  1.947754e-01
6.030000e-01  1.942739e-01
6.060000e-01  1.937745e-01
6.090000e-01  1.932774e-01
6.120000e-01  1.927823e-01
6.150000e-01  1.922894e-01
6.180000e-01  1.917986e-01
6.210000e-01  1.913098e-01
6.240000e-01  1.908230e-01
6.270000e-01  1.903383e-01
6.300000e-01  1.898555e-01
6.330000e-01  1.893747e-01
6.360000e-01  1.888958e-01
6.390000e-01  1.884188e-01
6.420000e-01  1.879437e-01
6.450000e-01  1.874704e-01
6.480000e-01  1.869990e-01
6.510000e-01  1.865294e-01
6.540000e-01  1.860615e-01
6.570000e-01  1.855954e-01
6.600000e-01  1.851311e-01
6.630000e-01  1.846685e-01
6.660000e-01  1.842075e-01
6.690000e-01  1.837483e-01
6.720000e-01  1.832907e-01
6.750000e-01  1.828347e-01
6.780000e-01  1.823804e-01
6.810000e-01  1.819276e-01
6.840000e-01  1.814764e-01
6.870000e-01  1.810267e-01
6.900000e-01  1.805786e-01
6.930000e-01  1.801319e-01
6.960000e-01  1.796868e-01
6.990000e-01  1.792431e-01
7.020000e-01  1.788009e-01
7.050000e-01  1.783601e-01
7.080000e-01  1.779207e-01
7.110000e-01  1.774827e-01
7.140000e-01  1.770461e-01
7.170000e-01  1.766108e-01
7.200000e-01  1.761769e-01
7.230000e-01  1.757443e-01
7.260000e-01  1.753130e-01
7.290000e-01  1.748829e-01
7.320000e-01  1.744542e-01
7.350000e-01  1.740266e-01
7.380000e-01  1.736003e-01
7.410000e-01  1.731753e-01
7.440000e-01  1.727514e-01
7.470000e-01  1.723287e-01
7.500000e-01  1.719071e-01
7.530000e-01  1.714867e-01
7.560000e-01  1.710675e-01
7.590000e-01  1.706493e-01
7.620000e-01  1.702323e-01
7.650000e-01  1.698163e-01
7.680000e-01  1.694013e-01
7.710000e-01  1.689875e-01
7.740000e-01  1.685746e-01
7.770000e-01  1.681628e-01
7.800000e-01  1.677520e-01
7.830000e-01  1.673422e-01
7.860000e-01  1.669333e-01
7.890000e-01  1.665254e-01
7.920000e-01  1.661184e-01
7.950000e-01  1.657124e-01
7.980000e-01  1.653072e-01
8.010000e-01  1.649030e-01
8.040000e-01  1.644996e-01
8.070000e-01  1.640971e-01
8.100000e-01  1.636955e-01
8.130000e-01  1.632946e-01
8.160000e-01  1.628946e-01
8.190000e-01  1.624954e-01
8.220000e-01  1.620970e-01
8.250000e-01  1.616994e-01
8.280000e-01  1.613025e-01
8.310000e-01  1.609063e-01
8.340000e-01  1.605109e-01
8.370000e-01  1.601162e-01
8.400000e-01  1.597223e-01
8.430000e-01  1.593290e-01
8.460000e-01  1.589363e-01
8.490000e-01  1.585444e-01
8.520000e-01  1.581530e-01
8.550000e-01  1.577623e-01
8.580000e-01  1.573722e-01
8.610000e-01  1.569827e-01
8.640000e-01  1.565938e-01
8.670000e-01  1.562055e-01
8.700000e-01  1.558177e-01
8.730000e-01  1.554305e-01
8.760000e-01  1.550438e-01
8.790000e-01  1.546576e-01
8.820000e-01  1.542719e-01
8.850000e-01  1.538867e-01
8.880000e-01  1.535019e-01
8.910000e-01  1.531176e-01
8.940000e-01  1.527338e-01
8.970000e-01  1.523504e-01
9.000000e-01  1.519673e-01
9.030000e-01  1.515847e-01
9.060000e-01  1.512025e-01
9.090000e-01  1.508206e-01
9.120000e-01  1.504390e-01
9.150000e-01  1.500578e-01
9.180000e-01  1.496769e-01
9.210000e-01  1.492964e-01
9.240000e-01  1.489161e-01
9.270000e-01  1.485360e-01
9.300000e-01  1.481563e-01
9.330000e-01  1.477767e-01
9.360000e-01  1.473974e-01
9.390000e-01  1.470183e-01
9.420000e-01  1.466394e-01
9.450000e-01  1.462607e-01
9.480000e-01  1.458821e-01
9.510000e-01  1.455037e-01
9.540000e-01  1.451254e-01
9.570000e-01  1.447472e-01
9.600000e-01  1.443691e-01
9.630000e-01  1.439910e-01
9.660000e-01  1.436130e-01
9.690000e-01  1.432351e-01
9.720000e-01  000000
9.750000e-01  000000
9.780000e-01  000000
9.810000e-01  000000
9.840000e-01  000000
9.870000e-01  000000
9.900000e-01  000000
9.930000e-01  000000
9.960000e-01  000000
9.990000e-01  000000
