000000  000001
3.000000e-03  7.539813e-01
6.000000e-03  6.631353e-01
9.000000e-03  6.080008e-01
1.200000e-02  5.689370e-01
1.500000e-02  5.389586e-01
1.800000e-02  5.147892e-01
2.100000e-02  4.946362e-01
2.400000e-02  4.774154e-01
2.700000e-02  4.624231e-01
3.000000e-02  4.491779e-01
3.300000e-02  4.373362e-01
3.600000e-02  4.266450e-01
3.900000e-02  4.169125e-01
4.200000e-02  4.079905e-01
4.500000e-02  3.997617e-01
4.800000e-02  3.921321e-01
5.100000e-02  3.850250e-01
5.400000e-02  3.783775e-01
5.700000e-02  3.721369e-01
6.000000e-02  3.662590e-01
6.300000e-02  3.607060e-01
6.600000e-02  3.554459e-01
6.900000e-02  3.504509e-01
7.200000e-02  3.456968e-01
7.500000e-02  3.411627e-01
7.800000e-02  3.368300e-01
8.100000e-02  3.326825e-01
8.400000e-02  3.287057e-01
8.700000e-02  3.248867e-01
9.000000e-02  3.212140e-01
9.300000e-02  3.176773e-01
9.600000e-02  3.142672e-01
9.900000e-02  3.109753e-01
1.020000e-01  3.077940e-01
1.050000e-01  3.047165e-01
1.080000e-01  3.017362e-01
1.110000e-01  2.988476e-01
1.140000e-01  2.960451e-01
1.170000e-01  2.933241e-01
1.200000e-01  2.906800e-01
1.230000e-01  2.881087e-01
1.260000e-01  2.856063e-01
1.290000e-01  2.831694e-01
1.320000e-01  2.807946e-01
1.350000e-01  2.784789e-01
1.380000e-01  2.762194e-01
1.410000e-01  2.740136e-01
1.440000e-01  2.718589e-01
1.470000e-01  2.697529e-01
1.500000e-01  2.676937e-01
1.530000e-01  2.656791e-01
1.560000e-01  2.637071e-01
1.590000e-01  2.617762e-01
1.620000e-01  2.598844e-01
1.650000e-01  2.580303e-01
1.680000e-01  2.562123e-01
1.710000e-01  2.544291e-01
1.740000e-01  2.526793e-01
1.770000e-01  2.509616e-01
1.800000e-01  2.492748e-01
1.830000e-01  2.476178e-01
1.860000e-01  2.459896e-01
1.890000e-01  2.443890e-01
1.920000e-01  2.428151e-01
1.950000e-01  2.412670e-01
1.980000e-01  2.397439e-01
2.010000e-01  2.382447e-01
2.040000e-01  2.367689e-01
2.070000e-01  2.353155e-01
2.100000e-01  2.338839e-01
2.130000e-01  2.324734e-01
2.160000e-01  2.310833e-01
2.190000e-01  2.297130e-01
2.220000e-01  2.283618e-01
2.250000e-01  2.270291e-01
2.280000e-01  2.257145e-01
2.310000e-01  2.244173e-01
2.340000e-01  2.231371e-01
2.370000e-01  2.218733e-01
2.400000e-01  2.206255e-01
2.430000e-01  2.193932e-01
2.460000e-01  2.181760e-01
2.490000e-01  2.169734e-01
2.520000e-01  2.157851e-01
2.550000e-01  2.146106e-01
2.580000e-01  2.134495e-01
2.610000e-01  2.123016e-01
2.640000e-01  2.111664e-01
2.670000e-01  2.100436e-01
2.700000e-01  2.089329e-01
2.730000e-01  2.078339e-01
2.760000e-01  2.067464e-01
2.790000e-01  2.056700e-01
2.820000e-01  2.046044e-01
2.850000e-01  2.035495e-01
2.880000e-01  2.025048e-01
2.910000e-01  2.014702e-01
2.940000e-01  2.004454e-01
2.970000e-01  1.994301e-01
3.000000e-01  1.984241e-01
3.030000e-01  1.974271e-01
3.060000e-01  1.964391e-01
3.090000e-01  1.954596e-01
3.120000e-01  1.944885e-01
3.150000e-01  1.935257e-01
3.180000e-01  1.925708e-01
3.210000e-01  1.916238e-01
3.240000e-01  1.906843e-01
3.270000e-01  1.897523e-01
3.300000e-01  1.888275e-01
3.330000e-01  1.879098e-01
3.360000e-01  1.869990e-01
3.390000e-01  1.860949e-01
3.420000e-01  1.851973e-01
3.450000e-01  1.843062e-01
3.480000e-01  1.834213e-01
3.510000e-01  1.825424e-01
3.540000e-01  1.816696e-01
3.570000e-01  1.808024e-01
3.600000e-01  1.799410e-01
3.630000e-01  1.790850e-01
3.660000e-01  1.782344e-01
3.690000e-01  1.773890e-01
3.720000e-01  1.765487e-01
3.750000e-01  1.757134e-01
3.780000e-01  1.748829e-01
3.810000e-01  1.740571e-01
3.840000e-01  1.732359e-01
3.870000e-01  1.724192e-01
3.900000e-01  1.716067e-01
3.930000e-01  1.707985e-01
3.960000e-01  1.699944e-01
3.990000e-01  1.691943e-01
4.020000e-01  1.683980e-01
4.050000e-01  1.676055e-01
4.080000e-01  1.668167e-01
4.110000e-01  1.660313e-01
4.140000e-01  1.652494e-01
4.170000e-01  1.644708e-01
4.200000e-01  1.636955e-01
4.230000e-01  1.629232e-01
4.260000e-01  1.621539e-01
4.290000e-01  1.613875e-01
4.320000e-01  1.606238e-01
4.350000e-01  1.598629e-01
4.380000e-01  1.591045e-01
4.410000e-01  1.583486e-01
4.440000e-01  1.575951e-01
4.470000e-01  1.568438e-01
4.500000e-01  1.560947e-01
4.530000e-01  1.553476e-01
4.560000e-01  1.546025e-01
4.590000e-01  1.538592e-01
4.620000e-01  1.531176e-01
4.650000e-01  1.523777e-01
4.680000e-01  1.516393e-01
4.710000e-01  1.509024e-01
4.740000e-01  1.501667e-01
4.770000e-01  1.494322e-01
4.800000e-01  1.486989e-01
4.830000e-01  1.479665e-01
4.860000e-01  1.472349e-01
4.890000e-01  1.465041e-01
4.920000e-01  1.457740e-01
4.950000e-01  1.450443e-01
4.980000e-01  1.443150e-01
5.010000e-01  1.435860e-01
5.040000e-01  000000
5.070000e-01  000000
5.100000e-01  000000
5.130000e-01  000000
5.160000e-01  000000
5.190000e-01  000000
5.220000e-01  000000
5.250000e-01  000000
5.280000e-01  000000
5.310000e-01  000000
5.340000e-01  000000
5.370000e-01  000000
5.400000e-01  000000
5.430000e-01  000000
5.460000e-01  000000
5.490000e-01  000000
5.520000e-01  000000
5.550000e-01  000000
5.580000e-01  000000
5.610000e-01  000000
5.640000e-01  000000
5.670000e-01  000000
5.700000e-01  000000
5.730000e-01  000000
5.760000e-01  000000
5.790000e-01  000000
5.820000e-01  000000
5.850000e-01  000000
5.880000e-01  000000
5.910000e-01  000000
5.940000e-01  000000
5.970000e-01  000000
6.000000e-01  000000
6.030000e-01  000000
6.060000e-01  000000
6.090000e-01  000000
6.120000e-01  000000
6.150000e-01  000000
6.180000e-01  000000
6.210000e-01  000000
6.240000e-01  000000
6.270000e-01  000000
6.300000e-01  000000
6.330000e-01  000000
6.360000e-01  000000
6.390000e-01  000000
6.420000e-01  000000
6.450000e-01  000000
6.480000e-01  000000
6.510000e-01  000000
6.540000e-01  000000
6.570000e-01  000000
6.600000e-01  000000
6.630000e-01  000000
6.660000e-01  000000
6.690000e-01  000000
6.720000e-01  000000
6.750000e-01  000000
6.780000e-01  000000
6.810000e-01  000000
6.840000e-01  000000
6.870000e-01  000000
6.900000e-01  000000
6.930000e-01  000000
6.960000e-01  000000
6.990000e-01  000000
7.020000e-01  000000
7.050000e-01  000000
7.080000e-01  000000
7.110000e-01  000000
7.140000e-01  000000
7.170000e-01  000000
7.200000e-01  000000
7.230000e-01  000000
7.260000e-01  000000
7.290000e-01  000000
7.320000e-01  000000
7.350000e-01  000000
7.380000e-01  000000
7.410000e-01  000000
7.440000e-01  000000
7.470000e-01  000000
7.500000e-01  000000
7.530000e-01  000000
7.560000e-01  000000
7.590000e-01  000000
7.620000e-01  000000
7.650000e-01  000000
7.680000e-01  000000
7.710000e-01  000000
7.740000e-01  000000
7.770000e-01  000000
7.800000e-01  000000
7.830000e-01  000000
7.860000e-01  000000
7.890000e-01  000000
7.920000e-01  000000
7.950000e-01  000000
7.980000e-01  000000
8.010000e-01  000000
8.040000e-01  000000
8.070000e-01  000000
8.100000e-01  000000
8.130000e-01  000000
8.160000e-01  000000
8.190000e-01  000000
8.220000e-01  000000
8.250000e-01  000000
8.280000e-01  000000
8.310000e-01  000000
8.340000e-01  000000
8.370000e-01  000000
8.400000e-01  000000
8.430000e-01  000000
8.460000e-01  000000
8.490000e-01  000000
8.520000e-01  000000
8.550000e-01  000000
8.580000e-01  000000
8.610000e-01  000000
8.640000e-01  000000
8.670000e-01  000000
8.700000e-01  000000
8.730000e-01  000000
8.760000e-01  000000
8.790000e-01  000000
8.820000e-01  000000
8.850000e-01  000000
8.880000e-01  000000
8.910000e-01  000000
8.940000e-01  000000
8.970000e-01  000000
9.000000e-01  000000
9.030000e-01  000000
9.060000e-01  000000
9.090000e-01  000000
9.120000e-01  000000
9.150000e-01  000000
9.180000e-01  000000
9.210000e-01  000000
9.240000e-01  000000
9.270000e-01  000000
9.300000e-01  000000
9.330000e-01  000000
9.360000e-01  000000
9.390000e-01  000000
9.420000e-01  000000
9.450000e-01  000000
9.480000e-01  000000
9.510000e-01  000000
9.540000e-01  000000
9.570000e-01  000000
9.600000e-01  000000
9.630000e-01  000000
9.660000e-01  000000
9.690000e-01  000000
9.720000e-01  000000
9.750000e-01  000000
9.780000e-01  000000
9.810000e-01  000000
9.840000e-01  000000
9.870000e-01  000000
9.900000e-01  000000
9.930000e-01  000000
9.960000e-01  000000
9.990000e-01  000000
