000000  000001
3.000000e-03  8.702338e-01
6.000000e-03  7.988755e-01
9.000000e-03  7.499349e-01
1.200000e-02  7.129320e-01
1.500000e-02  6.833351e-01
1.800000e-02  6.587705e-01
2.100000e-02  6.378405e-01
2.400000e-02  6.196536e-01
2.700000e-02  6.036070e-01
3.000000e-02  5.892746e-01
3.300000e-02  5.763443e-01
3.600000e-02  5.645807e-01
3.900000e-02  5.538024e-01
4.200000e-02  5.438664e-01
4.500000e-02  5.346582e-01
4.800000e-02  5.260848e-01
5.100000e-02  5.180696e-01
5.400000e-02  5.105488e-01
5.700000e-02  5.034686e-01
6.000000e-02  4.967836e-01
6.300000e-02  4.904547e-01
6.600000e-02  4.844483e-01
6.900000e-02  4.787353e-01
7.200000e-02  4.732900e-01
7.500000e-02  4.680903e-01
7.800000e-02  4.631163e-01
8.100000e-02  4.583506e-01
8.400000e-02  4.537774e-01
8.700000e-02  4.493829e-01
9.000000e-02  4.451546e-01
9.300000e-02  4.410811e-01
9.600000e-02  4.371523e-01
9.900000e-02  4.333588e-01
1.020000e-01  4.296924e-01
1.050000e-01  4.261453e-01
1.080000e-01  4.227104e-01
1.110000e-01  4.193815e-01
1.140000e-01  4.161525e-01
1.170000e-01  4.130180e-01
1.200000e-01  4.099731e-01
1.230000e-01  4.070130e-01
1.260000e-01  4.041334e-01
1.290000e-01  4.013305e-01
1.320000e-01  3.986003e-01
1.350000e-01  3.959397e-01
1.380000e-01  3.933452e-01
1.410000e-01  3.908138e-01
1.440000e-01  3.883429e-01
1.470000e-01  3.859297e-01
1.500000e-01  3.835717e-01
1.530000e-01  3.812668e-01
1.560000e-01  3.790125e-01
1.590000e-01  3.768070e-01
1.620000e-01  3.746483e-01
1.650000e-01  3.725346e-01
1.680000e-01  3.704641e-01
1.710000e-01  3.684352e-01
1.740000e-01  3.664463e-01
1.770000e-01  3.644961e-01
1.800000e-01  3.625831e-01
1.830000e-01  3.607060e-01
1.860000e-01  3.588636e-01
1.890000e-01  3.570547e-01
1.920000e-01  3.552781e-01
1.950000e-01  3.535328e-01
1.980000e-01  3.518178e-01
2.010000e-01  3.501320e-01
2.040000e-01  3.484746e-01
2.070000e-01  3.468447e-01
2.100000e-01  3.452414e-01
2.130000e-01  3.436639e-01
2.160000e-01  3.421115e-01
2.190000e-01  3.405834e-01
2.220000e-01  3.390788e-01
2.250000e-01  3.375972e-01
2.280000e-01  3.361378e-01
2.310000e-01  3.347001e-01
2.340000e-01  3.332834e-01
2.370000e-01  3.318871e-01
2.400000e-01  3.305108e-01
2.430000e-01  3.291538e-01
2.460000e-01  3.278157e-01
2.490000e-01  3.264959e-01
2.520000e-01  3.251941e-01
2.550000e-01  3.239097e-01
2.580000e-01  3.226422e-01
2.610000e-01  3.213914e-01
2.640000e-01  3.201567e-01
2.670000e-01  3.189377e-01
2.700000e-01  3.177342e-01
2.730000e-01  3.165457e-01
2.760000e-01  3.153718e-01
2.790000e-01  3.142123e-01
2.820000e-01  3.130667e-01
2.850000e-01  3.119348e-01
2.880000e-01  3.108163e-01
2.910000e-01  3.097109e-01
2.940000e-01  3.086182e-01
2.970000e-01  3.075380e-01
3.000000e-01  3.064700e-01
3.030000e-01  3.054140e-01
3.060000e-01  3.043696e-01
3.090000e-01  3.033368e-01
3.120000e-01  3.023151e-01
3.150000e-01  3.013044e-01
3.180000e-01  3.003045e-01
3.210000e-01  2.993151e-01
3.240000e-01  2.983360e-01
3.270000e-01  2.973670e-01
3.300000e-01  2.964079e-01
3.330000e-01  2.954586e-01
3.360000e-01  2.945188e-01
3.390000e-01  2.935883e-01
3.420000e-01  2.926670e-01
3.450000e-01  2.917546e-01
3.480000e-01  2.908511e-01
3.510000e-01  2.899563e-01
3.540000e-01  2.890699e-01
3.570000e-01  2.881919e-01
3.600000e-01  2.873220e-01
3.630000e-01  2.864602e-01
3.660000e-01  2.856063e-01
3.690000e-01  2.847602e-01
3.720000e-01  2.839216e-01
3.750000e-01  2.830905e-01
3.780000e-01  2.822668e-01
3.810000e-01  2.814504e-01
3.840000e-01  2.806410e-01
3.870000e-01  2.798386e-01
3.900000e-01  2.790430e-01
3.930000e-01  2.782542e-01
3.960000e-01  2.774720e-01
3.990000e-01  2.766964e-01
4.020000e-01  2.759271e-01
4.050000e-01  2.751642e-01
4.080000e-01  2.744075e-01
4.110000e-01  2.736569e-01
4.140000e-01  2.729123e-01
4.170000e-01  2.721736e-01
4.200000e-01  2.714408e-01
4.230000e-01  2.707137e-01
4.260000e-01  2.699922e-01
4.290000e-01  2.692763e-01
4.320000e-01  2.685658e-01
4.350000e-01  2.678608e-01
4.380000e-01  2.671610e-01
4.410000e-01  2.664665e-01
4.440000e-01  2.657771e-01
4.470000e-01  2.650928e-01
4.500000e-01  2.644135e-01
4.530000e-01  2.637391e-01
4.560000e-01  2.630696e-01
4.590000e-01  2.624049e-01
4.620000e-01  2.617448e-01
4.650000e-01  2.610894e-01
4.680000e-01  2.604386e-01
4.710000e-01  2.597923e-01
4.740000e-01  2.591505e-01
4.770000e-01  2.585131e-01
4.800000e-01  2.578799e-01
4.830000e-01  2.572511e-01
4.860000e-01  2.566265e-01
4.890000e-01  2.560060e-01
4.920000e-01  2.553896e-01
4.950000e-01  2.547772e-01
4.980000e-01  2.541689e-01
5.010000e-01  2.535645e-01
5.040000e-01  2.529639e-01
5.070000e-01  2.523672e-01
5.100000e-01  2.517743e-01
5.130000e-01  2.511851e-01
5.160000e-01  2.505996e-01
5.190000e-01  2.500177e-01
5.220000e-01  2.494394e-01
5.250000e-01  2.488646e-01
5.280000e-01  2.482934e-01
5.310000e-01  2.477256e-01
5.340000e-01  2.471612e-01
5.370000e-01  2.466002e-01
5.400000e-01  2.460425e-01
5.430000e-01  2.454881e-01
5.460000e-01  2.449369e-01
5.490000e-01  2.443890e-01
5.520000e-01  2.438442e-01
5.550000e-01  2.433025e-01
5.580000e-01  2.427640e-01
5.610000e-01  2.422284e-01
5.640000e-01  2.416959e-01
5.670000e-01  2.411664e-01
5.700000e-01  2.406398e-01
5.730000e-01  2.401161e-01
5.760000e-01  2.395953e-01
5.790000e-01  2.390774e-01
5.820000e-01  2.385623e-01
5.850000e-01  2.380499e-01
5.880000e-01  2.375403e-01
5.910000e-01  2.370333e-01
5.940000e-01  2.365291e-01
5.970000e-01  2.360275e-01
6.000000e-01  2.355286e-01
6.030000e-01  2.350322e-01
6.060000e-01  2.345384e-01
6.090000e-01  2.340472e-01
6.120000e-01  2.335584e-01
6.150000e-01  2.330721e-01
6.180000e-01  2.325883e-01
6.210000e-01  2.321069e-01
6.240000e-01  2.316279e-01
6.270000e-01  2.311512e-01
6.300000e-01  2.306769e-01
6.330000e-01  2.302049e-01
6.360000e-01  2.297353e-01
6.390000e-01  2.292679e-01
6.420000e-01  2.288027e-01
6.450000e-01  2.283398e-01
6.480000e-01  2.278790e-01
6.510000e-01  2.274205e-01
6.540000e-01  2.269640e-01
6.570000e-01  2.265098e-01
6.600000e-01  2.260576e-01
6.630000e-01  2.256075e-01
6.660000e-01  2.251595e-01
6.690000e-01  2.247135e-01
6.720000e-01  2.242695e-01
6.750000e-01  2.238276e-01
6.780000e-01  2.233876e-01
6.810000e-01  2.229496e-01
6.840000e-01  2.225135e-01
6.870000e-01  2.220794e-01
6.900000e-01  2.216471e-01
6.930000e-01  2.212167e-01
6.960000e-01  2.207882e-01
6.990000e-01  2.203616e-01
7.020000e-01  2.199368e-01
7.050000e-01  2.195137e-01
7.080000e-01  2.190925e-01
7.110000e-01  2.186730e-01
7.140000e-01  2.182553e-01
7.170000e-01  2.178394e-01
7.200000e-01  2.174251e-01
7.230000e-01  2.170126e-01
7.260000e-01  2.166017e-01
7.290000e-01  2.161926e-01
7.320000e-01  2.157851e-01
7.350000e-01  2.153792e-01
7.380000e-01  2.149749e-01
7.410000e-01  2.145723e-01
7.440000e-01  2.141712e-01
7.470000e-01  2.137718e-01
7.500000e-01  2.133739e-01
7.530000e-01  2.129775e-01
7.560000e-01  2.125827e-01
7.590000e-01  2.121894e-01
7.620000e-01  2.117976e-01
7.650000e-01  2.114073e-01
7.680000e-01  2.110185e-01
7.710000e-01  2.106311e-01
7.740000e-01  2.102452e-01
7.770000e-01  2.098607e-01
7.800000e-01  2.094777e-01
7.830000e-01  2.090960e-01
7.860000e-01  2.087158e-01
7.890000e-01  2.083369e-01
7.920000e-01  2.079594e-01
7.950000e-01  2.075833e-01
7.980000e-01  2.072085e-01
8.010000e-01  2.068351e-01
8.040000e-01  2.064630e-01
8.070000e-01  2.060922e-01
8.100000e-01  2.057227e-01
8.130000e-01  2.053544e-01
8.160000e-01  2.049875e-01
8.190000e-01  2.046218e-01
8.220000e-01  2.042574e-01
8.250000e-01  2.038942e-01
8.280000e-01  2.035323e-01
8.310000e-01  2.031715e-01
8.340000e-01  2.028120e-01
8.370000e-01  2.024537e-01
8.400000e-01  2.020966e-01
8.430000e-01  2.017406e-01
8.460000e-01  2.013858e-01
8.490000e-01  2.010322e-01
8.520000e-01  2.006797e-01
8.550000e-01  2.003284e-01
8.580000e-01  1.999782e-01
8.610000e-01  1.996291e-01
8.640000e-01  1.992811e-01
8.670000e-01  1.989342e-01
8.700000e-01  1.985884e-01
8.730000e-01  1.982436e-01
8.760000e-01  1.979000e-01
8.790000e-01  1.975574e-01
8.820000e-01  1.972158e-01
8.850000e-01  1.968753e-01
8.880000e-01  1.965359e-01
8.910000e-01  1.961974e-01
8.940000e-01  1.958600e-01
8.970000e-01  1.955236e-01
9.000000e-01  1.951881e-01
9.030000e-01  1.948537e-01
9.060000e-01  1.945202e-01
9.090000e-01  1.941878e-01
9.120000e-01  1.938562e-01
9.150000e-01  1.935257e-01
9.180000e-01  1.931961e-01
9.210000e-01  1.928674e-01
9.240000e-01  1.925397e-01
9.270000e-01  1.922128e-01
9.300000e-01  1.918869e-01
9.330000e-01  1.915619e-01
9.360000e-01  1.912378e-01
9.390000e-01  1.909146e-01
9.420000e-01  1.905923e-01
9.450000e-01  1.902709e-01
9.480000e-01  1.899503e-01
9.510000e-01  1.896306e-01
9.540000e-01  1.893118e-01
9.570000e-01  1.889938e-01
9.600000e-01  1.886766e-01
9.630000e-01  1.883603e-01
9.660000e-01  1.880448e-01
9.690000e-01  1.877301e-01
9.720000e-01  1.874162e-01
9.750000e-01  1.871031e-01
9.780000e-01  1.867909e-01
9.810000e-01  1.864794e-01
9.840000e-01  1.861687e-01
9.870000e-01  1.858588e-01
9.900000e-01  1.855497e-01
9.930000e-01  1.852413e-01
9.960000e-01  1.849337e-01
9.990000e-01  1.846269e-01
