000000  000001
3.000000e-03  8.738078e-01
6.000000e-03  8.034701e-01
9.000000e-03  7.549692e-01
1.200000e-02  7.181867e-01
1.500000e-02  6.887068e-01
1.800000e-02  6.642038e-01
2.100000e-02  6.433035e-01
2.400000e-02  6.251266e-01
2.700000e-02  6.090776e-01
3.000000e-02  5.947347e-01
3.300000e-02  5.817885e-01
3.600000e-02  5.700055e-01
3.900000e-02  5.592054e-01
4.200000e-02  5.492461e-01
4.500000e-02  5.400138e-01
4.800000e-02  5.314158e-01
5.100000e-02  5.233757e-01
5.400000e-02  5.158300e-01
5.700000e-02  5.087252e-01
6.000000e-02  5.020158e-01
6.300000e-02  4.956628e-01
6.600000e-02  4.896327e-01
6.900000e-02  4.838964e-01
7.200000e-02  4.784284e-01
7.500000e-02  4.732063e-01
7.800000e-02  4.682105e-01
8.100000e-02  4.634233e-01
8.400000e-02  4.588293e-01
8.700000e-02  4.544144e-01
9.000000e-02  4.501661e-01
9.300000e-02  4.460731e-01
9.600000e-02  4.421252e-01
9.900000e-02  4.383132e-01
1.020000e-01  4.346286e-01
1.050000e-01  4.310637e-01
1.080000e-01  4.276115e-01
1.110000e-01  4.242656e-01
1.140000e-01  4.210200e-01
1.170000e-01  4.178693e-01
1.200000e-01  4.148085e-01
1.230000e-01  4.118329e-01
1.260000e-01  4.089382e-01
1.290000e-01  4.061203e-01
1.320000e-01  4.033757e-01
1.350000e-01  4.007007e-01
1.380000e-01  3.980923e-01
1.410000e-01  3.955474e-01
1.440000e-01  3.930631e-01
1.470000e-01  3.906368e-01
1.500000e-01  3.882660e-01
1.530000e-01  3.859485e-01
1.560000e-01  3.836819e-01
1.590000e-01  3.814644e-01
1.620000e-01  3.792938e-01
1.650000e-01  3.771685e-01
1.680000e-01  3.750866e-01
1.710000e-01  3.730465e-01
1.740000e-01  3.710467e-01
1.770000e-01  3.690857e-01
1.800000e-01  3.671622e-01
1.830000e-01  3.652747e-01
1.860000e-01  3.634221e-01
1.890000e-01  3.616032e-01
1.920000e-01  3.598168e-01
1.950000e-01  3.580619e-01
1.980000e-01  3.563374e-01
2.010000e-01  3.546424e-01
2.040000e-01  3.529759e-01
2.070000e-01  3.513370e-01
2.100000e-01  3.497249e-01
2.130000e-01  3.481387e-01
2.160000e-01  3.465778e-01
2.190000e-01  3.450413e-01
2.220000e-01  3.435285e-01
2.250000e-01  3.420388e-01
2.280000e-01  3.405714e-01
2.310000e-01  3.391259e-01
2.340000e-01  3.377015e-01
2.370000e-01  3.362976e-01
2.400000e-01  3.349138e-01
2.430000e-01  3.335495e-01
2.460000e-01  3.322042e-01
2.490000e-01  3.308774e-01
2.520000e-01  3.295685e-01
2.550000e-01  3.282772e-01
2.580000e-01  3.270030e-01
2.610000e-01  3.257455e-01
2.640000e-01  3.245042e-01
2.670000e-01  3.232788e-01
2.700000e-01  3.220689e-01
2.730000e-01  3.208742e-01
2.760000e-01  3.196941e-01
2.790000e-01  3.185285e-01
2.820000e-01  3.173770e-01
2.850000e-01  3.162393e-01
2.880000e-01  3.151149e-01
2.910000e-01  3.140038e-01
2.940000e-01  3.129055e-01
2.970000e-01  3.118197e-01
3.000000e-01  3.107463e-01
3.030000e-01  3.096849e-01
3.060000e-01  3.086353e-01
3.090000e-01  3.075972e-01
3.120000e-01  3.065704e-01
3.150000e-01  3.055547e-01
3.180000e-01  3.045497e-01
3.210000e-01  3.035554e-01
3.240000e-01  3.025715e-01
3.270000e-01  3.015977e-01
3.300000e-01  3.006340e-01
3.330000e-01  2.996800e-01
3.360000e-01  2.987356e-01
3.390000e-01  2.978006e-01
3.420000e-01  2.968749e-01
3.450000e-01  2.959582e-01
3.480000e-01  2.950504e-01
3.510000e-01  2.941513e-01
3.540000e-01  2.932608e-01
3.570000e-01  2.923786e-01
3.600000e-01  2.915047e-01
3.630000e-01  2.906390e-01
3.660000e-01  2.897811e-01
3.690000e-01  2.889311e-01
3.720000e-01  2.880887e-01
3.750000e-01  2.872539e-01
3.780000e-01  2.864265e-01
3.810000e-01  2.856063e-01
3.840000e-01  2.847933e-01
3.870000e-01  2.839874e-01
3.900000e-01  2.831883e-01
3.930000e-01  2.823961e-01
3.960000e-01  2.816105e-01
3.990000e-01  2.808315e-01
4.020000e-01  2.800590e-01
4.050000e-01  2.792928e-01
4.080000e-01  2.785329e-01
4.110000e-01  2.777792e-01
4.140000e-01  2.770315e-01
4.170000e-01  2.762898e-01
4.200000e-01  2.755539e-01
4.230000e-01  2.748238e-01
4.260000e-01  2.740994e-01
4.290000e-01  2.733806e-01
4.320000e-01  2.726674e-01
4.350000e-01  2.719595e-01
4.380000e-01  2.712570e-01
4.410000e-01  2.705598e-01
4.440000e-01  2.698678e-01
4.470000e-01  2.691809e-01
4.500000e-01  2.684990e-01
4.530000e-01  2.678221e-01
4.560000e-01  2.671501e-01
4.590000e-01  2.664828e-01
4.620000e-01  2.658204e-01
4.650000e-01  2.651626e-01
4.680000e-01  2.645095e-01
4.710000e-01  2.638609e-01
4.740000e-01  2.632168e-01
4.770000e-01  2.625771e-01
4.800000e-01  2.619418e-01
4.830000e-01  2.613108e-01
4.860000e-01  2.606841e-01
4.890000e-01  2.600615e-01
4.920000e-01  2.594431e-01
4.950000e-01  2.588287e-01
4.980000e-01  2.582184e-01
5.010000e-01  2.576120e-01
5.040000e-01  2.570096e-01
5.070000e-01  2.564110e-01
5.100000e-01  2.558163e-01
5.130000e-01  2.552253e-01
5.160000e-01  2.546380e-01
5.190000e-01  2.540544e-01
5.220000e-01  2.534744e-01
5.250000e-01  2.528979e-01
5.280000e-01  2.523251e-01
5.310000e-01  2.517557e-01
5.340000e-01  2.511897e-01
5.370000e-01  2.506271e-01
5.400000e-01  2.500679e-01
5.430000e-01  2.495120e-01
5.460000e-01  2.489594e-01
5.490000e-01  2.484101e-01
5.520000e-01  2.478639e-01
5.550000e-01  2.473209e-01
5.580000e-01  2.467809e-01
5.610000e-01  2.462441e-01
5.640000e-01  2.457103e-01
5.670000e-01  2.451796e-01
5.700000e-01  2.446518e-01
5.730000e-01  2.441269e-01
5.760000e-01  2.436050e-01
5.790000e-01  2.430859e-01
5.820000e-01  2.425696e-01
5.850000e-01  2.420562e-01
5.880000e-01  2.415455e-01
5.910000e-01  2.410376e-01
5.940000e-01  2.405324e-01
5.970000e-01  2.400298e-01
6.000000e-01  2.395299e-01
6.030000e-01  2.390327e-01
6.060000e-01  2.385380e-01
6.090000e-01  2.380459e-01
6.120000e-01  2.375563e-01
6.150000e-01  2.370692e-01
6.180000e-01  2.365846e-01
6.210000e-01  2.361024e-01
6.240000e-01  2.356227e-01
6.270000e-01  2.351453e-01
6.300000e-01  2.346704e-01
6.330000e-01  2.341977e-01
6.360000e-01  2.337274e-01
6.390000e-01  2.332594e-01
6.420000e-01  2.327937e-01
6.450000e-01  2.323302e-01
6.480000e-01  2.318689e-01
6.510000e-01  2.314099e-01
6.540000e-01  2.309530e-01
6.570000e-01  2.304983e-01
6.600000e-01  2.300457e-01
6.630000e-01  2.295952e-01
6.660000e-01  2.291468e-01
6.690000e-01  2.287004e-01
6.720000e-01  2.282562e-01
6.750000e-01  2.278139e-01
6.780000e-01  2.273736e-01
6.810000e-01  2.269354e-01
6.840000e-01  2.264990e-01
6.870000e-01  2.260647e-01
6.900000e-01  2.256323e-01
6.930000e-01  2.252017e-01
6.960000e-01  2.247731e-01
6.990000e-01  2.243463e-01
7.020000e-01  2.239214e-01
7.050000e-01  2.234983e-01
7.080000e-01  2.230770e-01
7.110000e-01  2.226575e-01
7.140000e-01  2.222398e-01
7.170000e-01  2.218239e-01
7.200000e-01  2.214097e-01
7.230000e-01  2.209972e-01
7.260000e-01  2.205864e-01
7.290000e-01  2.201774e-01
7.320000e-01  2.197700e-01
7.350000e-01  2.193643e-01
7.380000e-01  2.189602e-01
7.410000e-01  2.185578e-01
7.440000e-01  2.181569e-01
7.470000e-01  2.177577e-01
7.500000e-01  2.173601e-01
7.530000e-01  2.169640e-01
7.560000e-01  2.165695e-01
7.590000e-01  2.161765e-01
7.620000e-01  2.157851e-01
7.650000e-01  2.153951e-01
7.680000e-01  2.150067e-01
7.710000e-01  2.146198e-01
7.740000e-01  2.142343e-01
7.770000e-01  2.138503e-01
7.800000e-01  2.134677e-01
7.830000e-01  2.130866e-01
7.860000e-01  2.127069e-01
7.890000e-01  2.123286e-01
7.920000e-01  2.119517e-01
7.950000e-01  2.115761e-01
7.980000e-01  2.112020e-01
8.010000e-01  2.108292e-01
8.040000e-01  2.104577e-01
8.070000e-01  2.100876e-01
8.100000e-01  2.097188e-01
8.130000e-01  2.093513e-01
8.160000e-01  2.089851e-01
8.190000e-01  2.086202e-01
8.220000e-01  2.082566e-01
8.250000e-01  2.078942e-01
8.280000e-01  2.075331e-01
8.310000e-01  2.071732e-01
8.340000e-01  2.068145e-01
8.370000e-01  2.064571e-01
8.400000e-01  2.061009e-01
8.430000e-01  2.057459e-01
8.460000e-01  2.053921e-01
8.490000e-01  2.050394e-01
8.520000e-01  2.046879e-01
8.550000e-01  2.043376e-01
8.580000e-01  2.039885e-01
8.610000e-01  2.036404e-01
8.640000e-01  2.032935e-01
8.670000e-01  2.029478e-01
8.700000e-01  2.026031e-01
8.730000e-01  2.022595e-01
8.760000e-01  2.019170e-01
8.790000e-01  2.015756e-01
8.820000e-01  2.012353e-01
8.850000e-01  2.008961e-01
8.880000e-01  2.005579e-01
8.910000e-01  2.002207e-01
8.940000e-01  1.998846e-01
8.970000e-01  1.995495e-01
9.000000e-01  1.992154e-01
9.030000e-01  1.988824e-01
9.060000e-01  1.985503e-01
9.090000e-01  1.982192e-01
9.120000e-01  1.978892e-01
9.150000e-01  1.975601e-01
9.180000e-01  1.972319e-01
9.210000e-01  1.969048e-01
9.240000e-01  1.965786e-01
9.270000e-01  1.962533e-01
9.300000e-01  1.959290e-01
9.330000e-01  1.956056e-01
9.360000e-01  1.952831e-01
9.390000e-01  1.949616e-01
9.420000e-01  1.946409e-01
9.450000e-01  1.943212e-01
9.480000e-01  1.940023e-01
9.510000e-01  1.936843e-01
9.540000e-01  1.933672e-01
9.570000e-01  1.930510e-01
9.600000e-01  1.927357e-01
9.630000e-01  1.924212e-01
9.660000e-01  1.921075e-01
9.690000e-01  1.917947e-01
9.720000e-01  1.914827e-01
9.750000e-01  1.911716e-01
9.780000e-01  1.908613e-01
9.810000e-01  1.905518e-01
9.840000e-01  1.902431e-01
9.870000e-01  1.899352e-01
9.900000e-01  1.896281e-01
9.930000e-01  1.893218e-01
9.960000e-01  1.890163e-01
9.990000e-01  1.887115e-01
