000000  000001
3.000000e-03  7.192098e-01
6.000000e-03  6.261952e-01
9.000000e-03  5.710659e-01
1.200000e-02  5.324586e-01
1.500000e-02  5.030397e-01
1.800000e-02  4.794343e-01
2.100000e-02  4.598185e-01
2.400000e-02  4.430991e-01
2.700000e-02  4.285714e-01
3.000000e-02  4.157556e-01
3.300000e-02  4.043111e-01
3.600000e-02  3.939877e-01
3.900000e-02  3.845967e-01
4.200000e-02  3.759921e-01
4.500000e-02  3.680593e-01
4.800000e-02  3.607060e-01
5.100000e-02  3.538577e-01
5.400000e-02  3.474528e-01
5.700000e-02  3.414400e-01
6.000000e-02  3.357764e-01
6.300000e-02  3.304254e-01
6.600000e-02  3.253559e-01
6.900000e-02  3.205408e-01
7.200000e-02  3.159569e-01
7.500000e-02  3.115839e-01
7.800000e-02  3.074038e-01
8.100000e-02  3.034010e-01
8.400000e-02  2.995614e-01
8.700000e-02  2.958727e-01
9.000000e-02  2.923238e-01
9.300000e-02  2.889046e-01
9.600000e-02  2.856063e-01
9.900000e-02  2.824207e-01
1.020000e-01  2.793405e-01
1.050000e-01  2.763590e-01
1.080000e-01  2.734702e-01
1.110000e-01  2.706684e-01
1.140000e-01  2.679486e-01
1.170000e-01  2.653061e-01
1.200000e-01  2.627367e-01
1.230000e-01  2.602362e-01
1.260000e-01  2.578011e-01
1.290000e-01  2.554280e-01
1.320000e-01  2.531137e-01
1.350000e-01  2.508553e-01
1.380000e-01  2.486500e-01
1.410000e-01  2.464954e-01
1.440000e-01  2.443890e-01
1.470000e-01  2.423286e-01
1.500000e-01  2.403122e-01
1.530000e-01  2.383378e-01
1.560000e-01  2.364035e-01
1.590000e-01  2.345076e-01
1.620000e-01  2.326486e-01
1.650000e-01  2.308249e-01
1.680000e-01  2.290350e-01
1.710000e-01  2.272776e-01
1.740000e-01  2.255514e-01
1.770000e-01  2.238551e-01
1.800000e-01  2.221877e-01
1.830000e-01  2.205480e-01
1.860000e-01  2.189350e-01
1.890000e-01  2.173477e-01
1.920000e-01  2.157851e-01
1.950000e-01  2.142463e-01
1.980000e-01  2.127306e-01
2.010000e-01  2.112370e-01
2.040000e-01  2.097648e-01
2.070000e-01  2.083133e-01
2.100000e-01  2.068817e-01
2.130000e-01  2.054694e-01
2.160000e-01  2.040757e-01
2.190000e-01  2.026999e-01
2.220000e-01  2.013416e-01
2.250000e-01  2.000000e-01
2.280000e-01  1.986747e-01
2.310000e-01  1.973651e-01
2.340000e-01  1.960708e-01
2.370000e-01  1.947911e-01
2.400000e-01  1.935257e-01
2.430000e-01  1.922740e-01
2.460000e-01  1.910357e-01
2.490000e-01  1.898103e-01
2.520000e-01  1.885974e-01
2.550000e-01  1.873966e-01
2.580000e-01  1.862075e-01
2.610000e-01  1.850298e-01
2.640000e-01  1.838630e-01
2.670000e-01  1.827068e-01
2.700000e-01  1.815609e-01
2.730000e-01  1.804249e-01
2.760000e-01  1.792985e-01
2.790000e-01  1.781814e-01
2.820000e-01  1.770733e-01
2.850000e-01  1.759739e-01
2.880000e-01  1.748829e-01
2.910000e-01  1.738000e-01
2.940000e-01  1.727249e-01
2.970000e-01  1.716574e-01
3.000000e-01  1.705971e-01
3.030000e-01  1.695439e-01
3.060000e-01  1.684974e-01
3.090000e-01  1.674573e-01
3.120000e-01  1.664236e-01
3.150000e-01  1.653958e-01
3.180000e-01  1.643737e-01
3.210000e-01  1.633572e-01
3.240000e-01  1.623459e-01
3.270000e-01  1.613397e-01
3.300000e-01  1.603382e-01
3.330000e-01  1.593412e-01
3.360000e-01  1.583486e-01
3.390000e-01  1.573601e-01
3.420000e-01  1.563753e-01
3.450000e-01  1.553942e-01
3.480000e-01  1.544165e-01
3.510000e-01  1.534419e-01
3.540000e-01  1.524701e-01
3.570000e-01  1.515011e-01
3.600000e-01  1.505344e-01
3.630000e-01  1.495699e-01
3.660000e-01  1.486073e-01
3.690000e-01  1.476463e-01
3.720000e-01  1.466868e-01
3.750000e-01  1.457284e-01
3.780000e-01  1.447708e-01
3.810000e-01  1.438138e-01
3.840000e-01  000000
3.870000e-01  000000
3.900000e-01  000000
3.930000e-01  000000
3.960000e-01  000000
3.990000e-01  000000
4.020000e-01  000000
4.050000e-01  000000
4.080000e-01  000000
4.110000e-01  000000
4.140000e-01  000000
4.170000e-01  000000
4.200000e-01  000000
4.230000e-01  000000
4.260000e-01  000000
4.290000e-01  000000
4.320000e-01  000000
4.350000e-01  000000
4.380000e-01  000000
4.410000e-01  000000
4.440000e-01  000000
4.470000e-01  000000
4.500000e-01  000000
4.530000e-01  000000
4.560000e-01  000000
4.590000e-01  000000
4.620000e-01  000000
4.650000e-01  000000
4.680000e-01  000000
4.710000e-01  000000
4.740000e-01  000000
4.770000e-01  000000
4.800000e-01  000000
4.830000e-01  000000
4.860000e-01  000000
4.890000e-01  000000
4.920000e-01  000000
4.950000e-01  000000
4.980000e-01  000000
5.010000e-01  000000
5.040000e-01  000000
5.070000e-01  000000
5.100000e-01  000000
5.130000e-01  000000
5.160000e-01  000000
5.190000e-01  000000
5.220000e-01  000000
5.250000e-01  000000
5.280000e-01  000000
5.310000e-01  000000
5.340000e-01  000000
5.370000e-01  000000
5.400000e-01  000000
5.430000e-01  000000
5.460000e-01  000000
5.490000e-01  000000
5.520000e-01  000000
5.550000e-01  000000
5.580000e-01  000000
5.610000e-01  000000
5.640000e-01  000000
5.670000e-01  000000
5.700000e-01  000000
5.730000e-01  000000
5.760000e-01  000000
5.790000e-01  000000
5.820000e-01  000000
5.850000e-01  000000
5.880000e-01  000000
5.910000e-01  000000
5.940000e-01  000000
5.970000e-01  000000
6.000000e-01  000000
6.030000e-01  000000
6.060000e-01  000000
6.090000e-01  000000
6.120000e-01  000000
6.150000e-01  000000
6.180000e-01  000000
6.210000e-01  000000
6.240000e-01  000000
6.270000e-01  000000
6.300000e-01  000000
6.330000e-01  000000
6.360000e-01  000000
6.390000e-01  000000
6.420000e-01  000000
6.450000e-01  000000
6.480000e-01  000000
6.510000e-01  000000
6.540000e-01  000000
6.570000e-01  000000
6.600000e-01  000000
6.630000e-01  000000
6.660000e-01  000000
6.690000e-01  000000
6.720000e-01  000000
6.750000e-01  000000
6.780000e-01  000000
6.810000e-01  000000
6.840000e-01  000000
6.870000e-01  000000
6.900000e-01  000000
6.930000e-01  000000
6.960000e-01  000000
6.990000e-01  000000
7.020000e-01  000000
7.050000e-01  000000
7.080000e-01  000000
7.110000e-01  000000
7.140000e-01  000000
7.170000e-01  000000
7.200000e-01  000000
7.230000e-01  000000
7.260000e-01  000000
7.290000e-01  000000
7.320000e-01  000000
7.350000e-01  000000
7.380000e-01  000000
7.410000e-01  000000
7.440000e-01  000000
7.470000e-01  000000
7.500000e-01  000000
7.530000e-01  000000
7.560000e-01  000000
7.590000e-01  000000
7.620000e-01  000000
7.650000e-01  000000
7.680000e-01  000000
7.710000e-01  000000
7.740000e-01  000000
7.770000e-01  000000
7.800000e-01  000000
7.830000e-01  000000
7.860000e-01  000000
7.890000e-01  000000
7.920000e-01  000000
7.950000e-01  000000
7.980000e-01  000000
8.010000e-01  000000
8.040000e-01  000000
8.070000e-01  000000
8.100000e-01  000000
8.130000e-01  000000
8.160000e-01  000000
8.190000e-01  000000
8.220000e-01  000000
8.250000e-01  000000
8.280000e-01  000000
8.310000e-01  000000
8.340000e-01  000000
8.370000e-01  000000
8.400000e-01  000000
8.430000e-01  000000
8.460000e-01  000000
8.490000e-01  000000
8.520000e-01  000000
8.550000e-01  000000
8.580000e-01  000000
8.610000e-01  000000
8.640000e-01  000000
8.670000e-01  000000
8.700000e-01  000000
8.730000e-01  000000
8.760000e-01  000000
8.790000e-01  000000
8.820000e-01  000000
8.850000e-01  000000
8.880000e-01  000000
8.910000e-01  000000
8.940000e-01  000000
8.970000e-01  000000
9.000000e-01  000000
9.030000e-01  000000
9.060000e-01  000000
9.090000e-01  000000
9.120000e-01  000000
9.150000e-01  000000
9.180000e-01  000000
9.210000e-01  000000
9.240000e-01  000000
9.270000e-01  000000
9.300000e-01  000000
9.330000e-01  000000
9.360000e-01  000000
9.390000e-01  000000
9.420000e-01  000000
9.450000e-01  000000
9.480000e-01  000000
9.510000e-01  000000
9.540000e-01  000000
9.570000e-01  000000
9.600000e-01  000000
9.630000e-01  000000
9.660000e-01  000000
9.690000e-01  000000
9.720000e-01  000000
9.750000e-01  000000
9.780000e-01  000000
9.810000e-01  000000
9.840000e-01  000000
9.870000e-01  000000
9.900000e-01  000000
9.930000e-01  000000
9.960000e-01  000000
9.990000e-01  000000
