000000  000001
3.000000e-03  8.954903e-01
6.000000e-03  8.321073e-01
9.000000e-03  7.868049e-01
1.200000e-02  7.517242e-01
1.500000e-02  7.232140e-01
1.800000e-02  6.992771e-01
2.100000e-02  6.787018e-01
2.400000e-02  6.606982e-01
2.700000e-02  6.447231e-01
3.000000e-02  6.303868e-01
3.300000e-02  6.174011e-01
3.600000e-02  6.055466e-01
3.900000e-02  5.946523e-01
4.200000e-02  5.845831e-01
4.500000e-02  5.752297e-01
4.800000e-02  5.665031e-01
5.100000e-02  5.583295e-01
5.400000e-02  5.506471e-01
5.700000e-02  5.434040e-01
6.000000e-02  5.365556e-01
6.300000e-02  5.300638e-01
6.600000e-02  5.238957e-01
6.900000e-02  5.180226e-01
7.200000e-02  5.124194e-01
7.500000e-02  5.070639e-01
7.800000e-02  5.019367e-01
8.100000e-02  4.970202e-01
8.400000e-02  4.922991e-01
8.700000e-02  4.877594e-01
9.000000e-02  4.833886e-01
9.300000e-02  4.791753e-01
9.600000e-02  4.751095e-01
9.900000e-02  4.711819e-01
1.020000e-01  4.673839e-01
1.050000e-01  4.637078e-01
1.080000e-01  4.601467e-01
1.110000e-01  4.566939e-01
1.140000e-01  4.533437e-01
1.170000e-01  4.500903e-01
1.200000e-01  4.469289e-01
1.230000e-01  4.438546e-01
1.260000e-01  4.408631e-01
1.290000e-01  4.379505e-01
1.320000e-01  4.351128e-01
1.350000e-01  4.323466e-01
1.380000e-01  4.296487e-01
1.410000e-01  4.270159e-01
1.440000e-01  4.244455e-01
1.470000e-01  4.219346e-01
1.500000e-01  4.194809e-01
1.530000e-01  4.170819e-01
1.560000e-01  4.147354e-01
1.590000e-01  4.124393e-01
1.620000e-01  4.101916e-01
1.650000e-01  4.079905e-01
1.680000e-01  4.058342e-01
1.710000e-01  4.037211e-01
1.740000e-01  4.016494e-01
1.770000e-01  3.996179e-01
1.800000e-01  3.976250e-01
1.830000e-01  3.956693e-01
1.860000e-01  3.937497e-01
1.890000e-01  3.918649e-01
1.920000e-01  3.900137e-01
1.950000e-01  3.881950e-01
1.980000e-01  3.864078e-01
2.010000e-01  3.846511e-01
2.040000e-01  3.829239e-01
2.070000e-01  3.812253e-01
2.100000e-01  3.795545e-01
2.130000e-01  3.779105e-01
2.160000e-01  3.762927e-01
2.190000e-01  3.747001e-01
2.220000e-01  3.731322e-01
2.250000e-01  3.715882e-01
2.280000e-01  3.700674e-01
2.310000e-01  3.685692e-01
2.340000e-01  3.670929e-01
2.370000e-01  3.656380e-01
2.400000e-01  3.642039e-01
2.430000e-01  3.627900e-01
2.460000e-01  3.613959e-01
2.490000e-01  3.600209e-01
2.520000e-01  3.586647e-01
2.550000e-01  3.573266e-01
2.580000e-01  3.560064e-01
2.610000e-01  3.547035e-01
2.640000e-01  3.534175e-01
2.670000e-01  3.521481e-01
2.700000e-01  3.508947e-01
2.730000e-01  3.496571e-01
2.760000e-01  3.484348e-01
2.790000e-01  3.472275e-01
2.820000e-01  3.460349e-01
2.850000e-01  3.448567e-01
2.880000e-01  3.436924e-01
2.910000e-01  3.425418e-01
2.940000e-01  3.414047e-01
2.970000e-01  3.402806e-01
3.000000e-01  3.391694e-01
3.030000e-01  3.380707e-01
3.060000e-01  3.369843e-01
3.090000e-01  3.359099e-01
3.120000e-01  3.348473e-01
3.150000e-01  3.337962e-01
3.180000e-01  3.327564e-01
3.210000e-01  3.317277e-01
3.240000e-01  3.307098e-01
3.270000e-01  3.297025e-01
3.300000e-01  3.287057e-01
3.330000e-01  3.277191e-01
3.360000e-01  3.267425e-01
3.390000e-01  3.257758e-01
3.420000e-01  3.248187e-01
3.450000e-01  3.238710e-01
3.480000e-01  3.229326e-01
3.510000e-01  3.220034e-01
3.540000e-01  3.210831e-01
3.570000e-01  3.201715e-01
3.600000e-01  3.192686e-01
3.630000e-01  3.183742e-01
3.660000e-01  3.174881e-01
3.690000e-01  3.166101e-01
3.720000e-01  3.157402e-01
3.750000e-01  3.148782e-01
3.780000e-01  3.140239e-01
3.810000e-01  3.131772e-01
3.840000e-01  3.123380e-01
3.870000e-01  3.115062e-01
3.900000e-01  3.106816e-01
3.930000e-01  3.098642e-01
3.960000e-01  3.090537e-01
3.990000e-01  3.082502e-01
4.020000e-01  3.074534e-01
4.050000e-01  3.066633e-01
4.080000e-01  3.058797e-01
4.110000e-01  3.051026e-01
4.140000e-01  3.043319e-01
4.170000e-01  3.035674e-01
4.200000e-01  3.028091e-01
4.230000e-01  3.020568e-01
4.260000e-01  3.013105e-01
4.290000e-01  3.005701e-01
4.320000e-01  2.998354e-01
4.350000e-01  2.991065e-01
4.380000e-01  2.983832e-01
4.410000e-01  2.976654e-01
4.440000e-01  2.969531e-01
4.470000e-01  2.962461e-01
4.500000e-01  2.955445e-01
4.530000e-01  2.948480e-01
4.560000e-01  2.941567e-01
4.590000e-01  2.934705e-01
4.620000e-01  2.927893e-01
4.650000e-01  2.921130e-01
4.680000e-01  2.914415e-01
4.710000e-01  2.907749e-01
4.740000e-01  2.901129e-01
4.770000e-01  2.894556e-01
4.800000e-01  2.888030e-01
4.830000e-01  2.881548e-01
4.860000e-01  2.875111e-01
4.890000e-01  2.868719e-01
4.920000e-01  2.862369e-01
4.950000e-01  2.856063e-01
4.980000e-01  2.849799e-01
5.010000e-01  2.843577e-01
5.040000e-01  2.837397e-01
5.070000e-01  2.831257e-01
5.100000e-01  2.825157e-01
5.130000e-01  2.819097e-01
5.160000e-01  2.813076e-01
5.190000e-01  2.807094e-01
5.220000e-01  2.801150e-01
5.250000e-01  2.795243e-01
5.280000e-01  2.789374e-01
5.310000e-01  2.783542e-01
5.340000e-01  2.777746e-01
5.370000e-01  2.771986e-01
5.400000e-01  2.766262e-01
5.430000e-01  2.760572e-01
5.460000e-01  2.754917e-01
5.490000e-01  2.749297e-01
5.520000e-01  2.743710e-01
5.550000e-01  2.738156e-01
5.580000e-01  2.732636e-01
5.610000e-01  2.727148e-01
5.640000e-01  2.721692e-01
5.670000e-01  2.716268e-01
5.700000e-01  2.710875e-01
5.730000e-01  2.705514e-01
5.760000e-01  2.700183e-01
5.790000e-01  2.694883e-01
5.820000e-01  2.689613e-01
5.850000e-01  2.684372e-01
5.880000e-01  2.679161e-01
5.910000e-01  2.673979e-01
5.940000e-01  2.668826e-01
5.970000e-01  2.663701e-01
6.000000e-01  2.658604e-01
6.030000e-01  2.653535e-01
6.060000e-01  2.648494e-01
6.090000e-01  2.643479e-01
6.120000e-01  2.638492e-01
6.150000e-01  2.633531e-01
6.180000e-01  2.628596e-01
6.210000e-01  2.623687e-01
6.240000e-01  2.618805e-01
6.270000e-01  2.613947e-01
6.300000e-01  2.609115e-01
6.330000e-01  2.604308e-01
6.360000e-01  2.599525e-01
6.390000e-01  2.594767e-01
6.420000e-01  2.590033e-01
6.450000e-01  2.585323e-01
6.480000e-01  2.580637e-01
6.510000e-01  2.575974e-01
6.540000e-01  2.571334e-01
6.570000e-01  2.566718e-01
6.600000e-01  2.562123e-01
6.630000e-01  2.557552e-01
6.660000e-01  2.553003e-01
6.690000e-01  2.548476e-01
6.720000e-01  2.543970e-01
6.750000e-01  2.539486e-01
6.780000e-01  2.535024e-01
6.810000e-01  2.530583e-01
6.840000e-01  2.526163e-01
6.870000e-01  2.521763e-01
6.900000e-01  2.517385e-01
6.930000e-01  2.513026e-01
6.960000e-01  2.508688e-01
6.990000e-01  2.504370e-01
7.020000e-01  2.500071e-01
7.050000e-01  2.495793e-01
7.080000e-01  2.491533e-01
7.110000e-01  2.487293e-01
7.140000e-01  2.483072e-01
7.170000e-01  2.478870e-01
7.200000e-01  2.474686e-01
7.230000e-01  2.470522e-01
7.260000e-01  2.466375e-01
7.290000e-01  2.462247e-01
7.320000e-01  2.458136e-01
7.350000e-01  2.454044e-01
7.380000e-01  2.449969e-01
7.410000e-01  2.445912e-01
7.440000e-01  2.441872e-01
7.470000e-01  2.437850e-01
7.500000e-01  2.433844e-01
7.530000e-01  2.429855e-01
7.560000e-01  2.425884e-01
7.590000e-01  2.421928e-01
7.620000e-01  2.417990e-01
7.650000e-01  2.414067e-01
7.680000e-01  2.410161e-01
7.710000e-01  2.406271e-01
7.740000e-01  2.402397e-01
7.770000e-01  2.398538e-01
7.800000e-01  2.394695e-01
7.830000e-01  2.390868e-01
7.860000e-01  2.387056e-01
7.890000e-01  2.383259e-01
7.920000e-01  2.379477e-01
7.950000e-01  2.375711e-01
7.980000e-01  2.371959e-01
8.010000e-01  2.368222e-01
8.040000e-01  2.364499e-01
8.070000e-01  2.360791e-01
8.100000e-01  2.357097e-01
8.130000e-01  2.353418e-01
8.160000e-01  2.349752e-01
8.190000e-01  2.346101e-01
8.220000e-01  2.342463e-01
8.250000e-01  2.338839e-01
8.280000e-01  2.335229e-01
8.310000e-01  2.331633e-01
8.340000e-01  2.328050e-01
8.370000e-01  2.324480e-01
8.400000e-01  2.320923e-01
8.430000e-01  2.317380e-01
8.460000e-01  2.313849e-01
8.490000e-01  2.310331e-01
8.520000e-01  2.306827e-01
8.550000e-01  2.303334e-01
8.580000e-01  2.299855e-01
8.610000e-01  2.296388e-01
8.640000e-01  2.292933e-01
8.670000e-01  2.289491e-01
8.700000e-01  2.286060e-01
8.730000e-01  2.282642e-01
8.760000e-01  2.279236e-01
8.790000e-01  2.275842e-01
8.820000e-01  2.272459e-01
8.850000e-01  2.269089e-01
8.880000e-01  2.265730e-01
8.910000e-01  2.262382e-01
8.940000e-01  2.259046e-01
8.970000e-01  2.255721e-01
9.000000e-01  2.252408e-01
9.030000e-01  2.249106e-01
9.060000e-01  2.245814e-01
9.090000e-01  2.242534e-01
9.120000e-01  2.239265e-01
9.150000e-01  2.236007e-01
9.180000e-01  2.232759e-01
9.210000e-01  2.229522e-01
9.240000e-01  2.226296e-01
9.270000e-01  2.223080e-01
9.300000e-01  2.219875e-01
9.330000e-01  2.216680e-01
9.360000e-01  2.213496e-01
9.390000e-01  2.210321e-01
9.420000e-01  2.207157e-01
9.450000e-01  2.204003e-01
9.480000e-01  2.200859e-01
9.510000e-01  2.197725e-01
9.540000e-01  2.194600e-01
9.570000e-01  2.191486e-01
9.600000e-01  2.188381e-01
9.630000e-01  2.185285e-01
9.660000e-01  2.182200e-01
9.690000e-01  2.179124e-01
9.720000e-01  2.176057e-01
9.750000e-01  2.172999e-01
9.780000e-01  2.169951e-01
9.810000e-01  2.166912e-01
9.840000e-01  2.163883e-01
9.870000e-01  2.160862e-01
9.900000e-01  2.157851e-01
9.930000e-01  2.154848e-01
9.960000e-01  2.151854e-01
9.990000e-01  2.148869e-01
