000000  000001
3.000000e-03  8.905662e-01
6.000000e-03  8.254819e-01
9.000000e-03  7.793655e-01
1.200000e-02  7.438370e-01
1.500000e-02  7.150623e-01
1.800000e-02  6.909639e-01
2.100000e-02  6.702897e-01
2.400000e-02  6.522271e-01
2.700000e-02  6.362196e-01
3.000000e-02  6.218694e-01
3.300000e-02  6.088825e-01
3.600000e-02  5.970358e-01
3.900000e-02  5.861561e-01
4.200000e-02  5.761062e-01
4.500000e-02  5.667756e-01
4.800000e-02  5.580743e-01
5.100000e-02  5.499278e-01
5.400000e-02  5.422737e-01
5.700000e-02  5.350598e-01
6.000000e-02  5.282411e-01
6.300000e-02  5.217793e-01
6.600000e-02  5.156414e-01
6.900000e-02  5.097984e-01
7.200000e-02  5.042251e-01
7.500000e-02  4.988994e-01
7.800000e-02  4.938016e-01
8.100000e-02  4.889143e-01
8.400000e-02  4.842219e-01
8.700000e-02  4.797105e-01
9.000000e-02  4.753676e-01
9.300000e-02  4.711819e-01
9.600000e-02  4.671431e-01
9.900000e-02  4.632420e-01
1.020000e-01  4.594701e-01
1.050000e-01  4.558198e-01
1.080000e-01  4.522838e-01
1.110000e-01  4.488559e-01
1.140000e-01  4.455300e-01
1.170000e-01  4.423005e-01
1.200000e-01  4.391626e-01
1.230000e-01  4.361113e-01
1.260000e-01  4.331425e-01
1.290000e-01  4.302521e-01
1.320000e-01  4.274363e-01
1.350000e-01  4.246916e-01
1.380000e-01  4.220147e-01
1.410000e-01  4.194026e-01
1.440000e-01  4.168525e-01
1.470000e-01  4.143617e-01
1.500000e-01  4.119276e-01
1.530000e-01  4.095479e-01
1.560000e-01  4.072203e-01
1.590000e-01  4.049429e-01
1.620000e-01  4.027136e-01
1.650000e-01  4.005305e-01
1.680000e-01  3.983919e-01
1.710000e-01  3.962962e-01
1.740000e-01  3.942417e-01
1.770000e-01  3.922270e-01
1.800000e-01  3.902507e-01
1.830000e-01  3.883114e-01
1.860000e-01  3.864078e-01
1.890000e-01  3.845388e-01
1.920000e-01  3.827031e-01
1.950000e-01  3.808998e-01
1.980000e-01  3.791277e-01
2.010000e-01  3.773858e-01
2.040000e-01  3.756732e-01
2.070000e-01  3.739890e-01
2.100000e-01  3.723324e-01
2.130000e-01  3.707024e-01
2.160000e-01  3.690982e-01
2.190000e-01  3.675193e-01
2.220000e-01  3.659647e-01
2.250000e-01  3.644338e-01
2.280000e-01  3.629260e-01
2.310000e-01  3.614405e-01
2.340000e-01  3.599769e-01
2.370000e-01  3.585344e-01
2.400000e-01  3.571125e-01
2.430000e-01  3.557107e-01
2.460000e-01  3.543284e-01
2.490000e-01  3.529652e-01
2.520000e-01  3.516205e-01
2.550000e-01  3.502939e-01
2.580000e-01  3.489849e-01
2.610000e-01  3.476931e-01
2.640000e-01  3.464181e-01
2.670000e-01  3.451594e-01
2.700000e-01  3.439167e-01
2.730000e-01  3.426895e-01
2.760000e-01  3.414776e-01
2.790000e-01  3.402806e-01
2.820000e-01  3.390981e-01
2.850000e-01  3.379298e-01
2.880000e-01  3.367754e-01
2.910000e-01  3.356345e-01
2.940000e-01  3.345069e-01
2.970000e-01  3.333923e-01
3.000000e-01  3.322904e-01
3.030000e-01  3.312010e-01
3.060000e-01  3.301236e-01
3.090000e-01  3.290582e-01
3.120000e-01  3.280045e-01
3.150000e-01  3.269622e-01
3.180000e-01  3.259310e-01
3.210000e-01  3.249109e-01
3.240000e-01  3.239014e-01
3.270000e-01  3.229025e-01
3.300000e-01  3.219139e-01
3.330000e-01  3.209355e-01
3.360000e-01  3.199669e-01
3.390000e-01  3.190081e-01
3.420000e-01  3.180588e-01
3.450000e-01  3.171189e-01
3.480000e-01  3.161882e-01
3.510000e-01  3.152665e-01
3.540000e-01  3.143536e-01
3.570000e-01  3.134495e-01
3.600000e-01  3.125539e-01
3.630000e-01  3.116666e-01
3.660000e-01  3.107876e-01
3.690000e-01  3.099167e-01
3.720000e-01  3.090537e-01
3.750000e-01  3.081986e-01
3.780000e-01  3.073511e-01
3.810000e-01  3.065111e-01
3.840000e-01  3.056786e-01
3.870000e-01  3.048533e-01
3.900000e-01  3.040352e-01
3.930000e-01  3.032242e-01
3.960000e-01  3.024200e-01
3.990000e-01  3.016227e-01
4.020000e-01  3.008321e-01
4.050000e-01  3.000481e-01
4.080000e-01  2.992706e-01
4.110000e-01  2.984995e-01
4.140000e-01  2.977347e-01
4.170000e-01  2.969760e-01
4.200000e-01  2.962234e-01
4.230000e-01  2.954769e-01
4.260000e-01  2.947362e-01
4.290000e-01  2.940013e-01
4.320000e-01  2.932722e-01
4.350000e-01  2.925487e-01
4.380000e-01  2.918308e-01
4.410000e-01  2.911183e-01
4.440000e-01  2.904113e-01
4.470000e-01  2.897095e-01
4.500000e-01  2.890130e-01
4.530000e-01  2.883216e-01
4.560000e-01  2.876354e-01
4.590000e-01  2.869541e-01
4.620000e-01  2.862778e-01
4.650000e-01  2.856063e-01
4.680000e-01  2.849397e-01
4.710000e-01  2.842778e-01
4.740000e-01  2.836205e-01
4.770000e-01  2.829679e-01
4.800000e-01  2.823198e-01
4.830000e-01  2.816761e-01
4.860000e-01  2.810369e-01
4.890000e-01  2.804021e-01
4.920000e-01  2.797716e-01
4.950000e-01  2.791453e-01
4.980000e-01  2.785232e-01
5.010000e-01  2.779052e-01
5.040000e-01  2.772913e-01
5.070000e-01  2.766814e-01
5.100000e-01  2.760755e-01
5.130000e-01  2.754735e-01
5.160000e-01  2.748754e-01
5.190000e-01  2.742812e-01
5.220000e-01  2.736907e-01
5.250000e-01  2.731039e-01
5.280000e-01  2.725208e-01
5.310000e-01  2.719413e-01
5.340000e-01  2.713655e-01
5.370000e-01  2.707931e-01
5.400000e-01  2.702243e-01
5.430000e-01  2.696590e-01
5.460000e-01  2.690970e-01
5.490000e-01  2.685384e-01
5.520000e-01  2.679832e-01
5.550000e-01  2.674313e-01
5.580000e-01  2.668826e-01
5.610000e-01  2.663371e-01
5.640000e-01  2.657948e-01
5.670000e-01  2.652557e-01
5.700000e-01  2.647197e-01
5.730000e-01  2.641867e-01
5.760000e-01  2.636568e-01
5.790000e-01  2.631299e-01
5.820000e-01  2.626059e-01
5.850000e-01  2.620849e-01
5.880000e-01  2.615668e-01
5.910000e-01  2.610515e-01
5.940000e-01  2.605391e-01
5.970000e-01  2.600295e-01
6.000000e-01  2.595227e-01
6.030000e-01  2.590186e-01
6.060000e-01  2.585172e-01
6.090000e-01  2.580185e-01
6.120000e-01  2.575224e-01
6.150000e-01  2.570290e-01
6.180000e-01  2.565381e-01
6.210000e-01  2.560499e-01
6.240000e-01  2.555642e-01
6.270000e-01  2.550809e-01
6.300000e-01  2.546002e-01
6.330000e-01  2.541219e-01
6.360000e-01  2.536461e-01
6.390000e-01  2.531727e-01
6.420000e-01  2.527017e-01
6.450000e-01  2.522330e-01
6.480000e-01  2.517667e-01
6.510000e-01  2.513026e-01
6.540000e-01  2.508409e-01
6.570000e-01  2.503814e-01
6.600000e-01  2.499242e-01
6.630000e-01  2.494692e-01
6.660000e-01  2.490163e-01
6.690000e-01  2.485657e-01
6.720000e-01  2.481172e-01
6.750000e-01  2.476708e-01
6.780000e-01  2.472266e-01
6.810000e-01  2.467844e-01
6.840000e-01  2.463443e-01
6.870000e-01  2.459063e-01
6.900000e-01  2.454703e-01
6.930000e-01  2.450363e-01
6.960000e-01  2.446042e-01
6.990000e-01  2.441742e-01
7.020000e-01  2.437461e-01
7.050000e-01  2.433200e-01
7.080000e-01  2.428957e-01
7.110000e-01  2.424734e-01
7.140000e-01  2.420529e-01
7.170000e-01  2.416343e-01
7.200000e-01  2.412175e-01
7.230000e-01  2.408026e-01
7.260000e-01  2.403894e-01
7.290000e-01  2.399781e-01
7.320000e-01  2.395686e-01
7.350000e-01  2.391608e-01
7.380000e-01  2.387547e-01
7.410000e-01  2.383504e-01
7.440000e-01  2.379477e-01
7.470000e-01  2.375468e-01
7.500000e-01  2.371476e-01
7.530000e-01  2.367500e-01
7.560000e-01  2.363541e-01
7.590000e-01  2.359598e-01
7.620000e-01  2.355671e-01
7.650000e-01  2.351761e-01
7.680000e-01  2.347866e-01
7.710000e-01  2.343987e-01
7.740000e-01  2.340124e-01
7.770000e-01  2.336276e-01
7.800000e-01  2.332444e-01
7.830000e-01  2.328627e-01
7.860000e-01  2.324825e-01
7.890000e-01  2.321038e-01
7.920000e-01  2.317266e-01
7.950000e-01  2.313508e-01
7.980000e-01  2.309765e-01
8.010000e-01  2.306037e-01
8.040000e-01  2.302323e-01
8.070000e-01  2.298623e-01
8.100000e-01  2.294937e-01
8.130000e-01  2.291266e-01
8.160000e-01  2.287608e-01
8.190000e-01  2.283964e-01
8.220000e-01  2.280333e-01
8.250000e-01  2.276717e-01
8.280000e-01  2.273113e-01
8.310000e-01  2.269523e-01
8.340000e-01  2.265946e-01
8.370000e-01  2.262382e-01
8.400000e-01  2.258831e-01
8.430000e-01  2.255293e-01
8.460000e-01  2.251768e-01
8.490000e-01  2.248255e-01
8.520000e-01  2.244755e-01
8.550000e-01  2.241268e-01
8.580000e-01  2.237792e-01
8.610000e-01  2.234329e-01
8.640000e-01  2.230878e-01
8.670000e-01  2.227440e-01
8.700000e-01  2.224013e-01
8.730000e-01  2.220598e-01
8.760000e-01  2.217195e-01
8.790000e-01  2.213803e-01
8.820000e-01  2.210424e-01
8.850000e-01  2.207055e-01
8.880000e-01  2.203698e-01
8.910000e-01  2.200353e-01
8.940000e-01  2.197018e-01
8.970000e-01  2.193695e-01
9.000000e-01  2.190383e-01
9.030000e-01  2.187082e-01
9.060000e-01  2.183791e-01
9.090000e-01  2.180512e-01
9.120000e-01  2.177243e-01
9.150000e-01  2.173985e-01
9.180000e-01  2.170737e-01
9.210000e-01  2.167500e-01
9.240000e-01  2.164273e-01
9.270000e-01  2.161057e-01
9.300000e-01  2.157851e-01
9.330000e-01  2.154655e-01
9.360000e-01  2.151469e-01
9.390000e-01  2.148293e-01
9.420000e-01  2.145127e-01
9.450000e-01  2.141971e-01
9.480000e-01  2.138824e-01
9.510000e-01  2.135688e-01
9.540000e-01  2.132561e-01
9.570000e-01  2.129443e-01
9.600000e-01  2.126335e-01
9.630000e-01  2.123237e-01
9.660000e-01  2.120148e-01
9.690000e-01  2.117068e-01
9.720000e-01  2.113997e-01
9.750000e-01  2.110936e-01
9.780000e-01  2.107884e-01
9.810000e-01  2.104840e-01
9.840000e-01  2.101806e-01
9.870000e-01  2.098780e-01
9.900000e-01  2.095764e-01
9.930000e-01  2.092756e-01
9.960000e-01  2.089757e-01
9.990000e-01  2.086766e-01
