000000  000001
3.000000e-03  7.379544e-01
6.000000e-03  6.459528e-01
9.000000e-03  5.907517e-01
1.200000e-02  5.518618e-01
1.500000e-02  5.221200e-01
1.800000e-02  4.981976e-01
2.100000e-02  4.782841e-01
2.400000e-02  4.612894e-01
2.700000e-02  4.465084e-01
3.000000e-02  4.334596e-01
3.300000e-02  4.218005e-01
3.600000e-02  4.112791e-01
3.900000e-02  4.017049e-01
4.200000e-02  3.929305e-01
4.500000e-02  3.848396e-01
4.800000e-02  3.773392e-01
5.100000e-02  3.703534e-01
5.400000e-02  3.638198e-01
5.700000e-02  3.576865e-01
6.000000e-02  3.519097e-01
6.300000e-02  3.464523e-01
6.600000e-02  3.412825e-01
6.900000e-02  3.363730e-01
7.200000e-02  3.317000e-01
7.500000e-02  3.272428e-01
7.800000e-02  3.229831e-01
8.100000e-02  3.189050e-01
8.400000e-02  3.149942e-01
8.700000e-02  3.112380e-01
9.000000e-02  3.076251e-01
9.300000e-02  3.041454e-01
9.600000e-02  3.007896e-01
9.900000e-02  2.975495e-01
1.020000e-01  2.944177e-01
1.050000e-01  2.913873e-01
1.080000e-01  2.884521e-01
1.110000e-01  2.856063e-01
1.140000e-01  2.828449e-01
1.170000e-01  2.801630e-01
1.200000e-01  2.775563e-01
1.230000e-01  2.750206e-01
1.260000e-01  2.725522e-01
1.290000e-01  2.701477e-01
1.320000e-01  2.678038e-01
1.350000e-01  2.655176e-01
1.380000e-01  2.632862e-01
1.410000e-01  2.611071e-01
1.440000e-01  2.589778e-01
1.470000e-01  2.568961e-01
1.500000e-01  2.548598e-01
1.530000e-01  2.528669e-01
1.560000e-01  2.509156e-01
1.590000e-01  2.490041e-01
1.620000e-01  2.471308e-01
1.650000e-01  2.452941e-01
1.680000e-01  2.434925e-01
1.710000e-01  2.417246e-01
1.740000e-01  2.399892e-01
1.770000e-01  2.382849e-01
1.800000e-01  2.366107e-01
1.830000e-01  2.349653e-01
1.860000e-01  2.333478e-01
1.890000e-01  2.317571e-01
1.920000e-01  2.301922e-01
1.950000e-01  2.286523e-01
1.980000e-01  2.271365e-01
2.010000e-01  2.256439e-01
2.040000e-01  2.241738e-01
2.070000e-01  2.227254e-01
2.100000e-01  2.212980e-01
2.130000e-01  2.198909e-01
2.160000e-01  2.185035e-01
2.190000e-01  2.171351e-01
2.220000e-01  2.157851e-01
2.250000e-01  2.144529e-01
2.280000e-01  2.131380e-01
2.310000e-01  2.118399e-01
2.340000e-01  2.105580e-01
2.370000e-01  2.092918e-01
2.400000e-01  2.080409e-01
2.430000e-01  2.068049e-01
2.460000e-01  2.055832e-01
2.490000e-01  2.043755e-01
2.520000e-01  2.031813e-01
2.550000e-01  2.020002e-01
2.580000e-01  2.008320e-01
2.610000e-01  1.996762e-01
2.640000e-01  1.985324e-01
2.670000e-01  1.974003e-01
2.700000e-01  1.962796e-01
2.730000e-01  1.951700e-01
2.760000e-01  1.940712e-01
2.790000e-01  1.929828e-01
2.820000e-01  1.919045e-01
2.850000e-01  1.908362e-01
2.880000e-01  1.897774e-01
2.910000e-01  1.887280e-01
2.940000e-01  1.876876e-01
2.970000e-01  1.866561e-01
3.000000e-01  1.856332e-01
3.030000e-01  1.846186e-01
3.060000e-01  1.836121e-01
3.090000e-01  1.826135e-01
3.120000e-01  1.816225e-01
3.150000e-01  1.806390e-01
3.180000e-01  1.796628e-01
3.210000e-01  1.786935e-01
3.240000e-01  1.777311e-01
3.270000e-01  1.767754e-01
3.300000e-01  1.758260e-01
3.330000e-01  1.748829e-01
3.360000e-01  1.739459e-01
3.390000e-01  1.730147e-01
3.420000e-01  1.720893e-01
3.450000e-01  1.711693e-01
3.480000e-01  1.702548e-01
3.510000e-01  1.693454e-01
3.540000e-01  1.684410e-01
3.570000e-01  1.675414e-01
3.600000e-01  1.666466e-01
3.630000e-01  1.657562e-01
3.660000e-01  1.648703e-01
3.690000e-01  1.639885e-01
3.720000e-01  1.631107e-01
3.750000e-01  1.622369e-01
3.780000e-01  1.613668e-01
3.810000e-01  1.605003e-01
3.840000e-01  1.596372e-01
3.870000e-01  1.587773e-01
3.900000e-01  1.579206e-01
3.930000e-01  1.570669e-01
3.960000e-01  1.562160e-01
3.990000e-01  1.553678e-01
4.020000e-01  1.545220e-01
4.050000e-01  1.536787e-01
4.080000e-01  1.528375e-01
4.110000e-01  1.519984e-01
4.140000e-01  1.511612e-01
4.170000e-01  1.503257e-01
4.200000e-01  1.494918e-01
4.230000e-01  1.486593e-01
4.260000e-01  1.478280e-01
4.290000e-01  1.469978e-01
4.320000e-01  1.461686e-01
4.350000e-01  1.453401e-01
4.380000e-01  1.445121e-01
4.410000e-01  1.436845e-01
4.440000e-01  000000
4.470000e-01  000000
4.500000e-01  000000
4.530000e-01  000000
4.560000e-01  000000
4.590000e-01  000000
4.620000e-01  000000
4.650000e-01  000000
4.680000e-01  000000
4.710000e-01  000000
4.740000e-01  000000
4.770000e-01  000000
4.800000e-01  000000
4.830000e-01  000000
4.860000e-01  000000
4.890000e-01  000000
4.920000e-01  000000
4.950000e-01  000000
4.980000e-01  000000
5.010000e-01  000000
5.040000e-01  000000
5.070000e-01  000000
5.100000e-01  000000
5.130000e-01  000000
5.160000e-01  000000
5.190000e-01  000000
5.220000e-01  000000
5.250000e-01  000000
5.280000e-01  000000
5.310000e-01  000000
5.340000e-01  000000
5.370000e-01  000000
5.400000e-01  000000
5.430000e-01  000000
5.460000e-01  000000
5.490000e-01  000000
5.520000e-01  000000
5.550000e-01  000000
5.580000e-01  000000
5.610000e-01  000000
5.640000e-01  000000
5.670000e-01  000000
5.700000e-01  000000
5.730000e-01  000000
5.760000e-01  000000
5.790000e-01  000000
5.820000e-01  000000
5.850000e-01  000000
5.880000e-01  000000
5.910000e-01  000000
5.940000e-01  000000
5.970000e-01  000000
6.000000e-01  000000
6.030000e-01  000000
6.060000e-01  000000
6.090000e-01  000000
6.120000e-01  000000
6.150000e-01  000000
6.180000e-01  000000
6.210000e-01  000000
6.240000e-01  000000
6.270000e-01  000000
6.300000e-01  000000
6.330000e-01  000000
6.360000e-01  000000
6.390000e-01  000000
6.420000e-01  000000
6.450000e-01  000000
6.480000e-01  000000
6.510000e-01  000000
6.540000e-01  000000
6.570000e-01  000000
6.600000e-01  000000
6.630000e-01  000000
6.660000e-01  000000
6.690000e-01  000000
6.720000e-01  000000
6.750000e-01  000000
6.780000e-01  000000
6.810000e-01  000000
6.840000e-01  000000
6.870000e-01  000000
6.900000e-01  000000
6.930000e-01  000000
6.960000e-01  000000
6.990000e-01  000000
7.020000e-01  000000
7.050000e-01  000000
7.080000e-01  000000
7.110000e-01  000000
7.140000e-01  000000
7.170000e-01  000000
7.200000e-01  000000
7.230000e-01  000000
7.260000e-01  000000
7.290000e-01  000000
7.320000e-01  000000
7.350000e-01  000000
7.380000e-01  000000
7.410000e-01  000000
7.440000e-01  000000
7.470000e-01  000000
7.500000e-01  000000
7.530000e-01  000000
7.560000e-01  000000
7.590000e-01  000000
7.620000e-01  000000
7.650000e-01  000000
7.680000e-01  000000
7.710000e-01  000000
7.740000e-01  000000
7.770000e-01  000000
7.800000e-01  000000
7.830000e-01  000000
7.860000e-01  000000
7.890000e-01  000000
7.920000e-01  000000
7.950000e-01  000000
7.980000e-01  000000
8.010000e-01  000000
8.040000e-01  000000
8.070000e-01  000000
8.100000e-01  000000
8.130000e-01  000000
8.160000e-01  000000
8.190000e-01  000000
8.220000e-01  000000
8.250000e-01  000000
8.280000e-01  000000
8.310000e-01  000000
8.340000e-01  000000
8.370000e-01  000000
8.400000e-01  000000
8.430000e-01  000000
8.460000e-01  000000
8.490000e-01  000000
8.520000e-01  000000
8.550000e-01  000000
8.580000e-01  000000
8.610000e-01  000000
8.640000e-01  000000
8.670000e-01  000000
8.700000e-01  000000
8.730000e-01  000000
8.760000e-01  000000
8.790000e-01  000000
8.820000e-01  000000
8.850000e-01  000000
8.880000e-01  000000
8.910000e-01  000000
8.940000e-01  000000
8.970000e-01  000000
9.000000e-01  000000
9.030000e-01  000000
9.060000e-01  000000
9.090000e-01  000000
9.120000e-01  000000
9.150000e-01  000000
9.180000e-01  000000
9.210000e-01  000000
9.240000e-01  000000
9.270000e-01  000000
9.300000e-01  000000
9.330000e-01  000000
9.360000e-01  000000
9.390000e-01  000000
9.420000e-01  000000
9.450000e-01  000000
9.480000e-01  000000
9.510000e-01  000000
9.540000e-01  000000
9.570000e-01  000000
9.600000e-01  000000
9.630000e-01  000000
9.660000e-01  000000
9.690000e-01  000000
9.720000e-01  000000
9.750000e-01  000000
9.780000e-01  000000
9.810000e-01  000000
9.840000e-01  000000
9.870000e-01  000000
9.900000e-01  000000
9.930000e-01  000000
9.960000e-01  000000
9.990000e-01  000000
