000000  000001
3.000000e-03  8.940618e-01
6.000000e-03  8.301773e-01
9.000000e-03  7.846329e-01
1.200000e-02  7.494182e-01
1.500000e-02  7.208282e-01
1.800000e-02  6.968422e-01
2.100000e-02  6.762364e-01
2.400000e-02  6.582144e-01
2.700000e-02  6.422287e-01
3.000000e-02  6.278875e-01
3.300000e-02  6.149007e-01
3.600000e-02  6.030479e-01
3.900000e-02  5.921573e-01
4.200000e-02  5.820933e-01
4.500000e-02  5.727462e-01
4.800000e-02  5.640266e-01
5.100000e-02  5.558606e-01
5.400000e-02  5.481863e-01
5.700000e-02  5.409514e-01
6.000000e-02  5.341115e-01
6.300000e-02  5.276283e-01
6.600000e-02  5.214689e-01
6.900000e-02  5.156044e-01
7.200000e-02  5.100098e-01
7.500000e-02  5.046629e-01
7.800000e-02  4.995442e-01
8.100000e-02  4.946362e-01
8.400000e-02  4.899234e-01
8.700000e-02  4.853918e-01
9.000000e-02  4.810291e-01
9.300000e-02  4.768239e-01
9.600000e-02  4.727659e-01
9.900000e-02  4.688460e-01
1.020000e-01  4.650556e-01
1.050000e-01  4.613870e-01
1.080000e-01  4.578332e-01
1.110000e-01  4.543877e-01
1.140000e-01  4.510445e-01
1.170000e-01  4.477981e-01
1.200000e-01  4.446435e-01
1.230000e-01  4.415760e-01
1.260000e-01  4.385911e-01
1.290000e-01  4.356849e-01
1.320000e-01  4.328536e-01
1.350000e-01  4.300937e-01
1.380000e-01  4.274020e-01
1.410000e-01  4.247753e-01
1.440000e-01  4.222107e-01
1.470000e-01  4.197057e-01
1.500000e-01  4.172578e-01
1.530000e-01  4.148644e-01
1.560000e-01  4.125234e-01
1.590000e-01  4.102328e-01
1.620000e-01  4.079905e-01
1.650000e-01  4.057947e-01
1.680000e-01  4.036436e-01
1.710000e-01  4.015355e-01
1.740000e-01  3.994690e-01
1.770000e-01  3.974423e-01
1.800000e-01  3.954543e-01
1.830000e-01  3.935034e-01
1.860000e-01  3.915885e-01
1.890000e-01  3.897083e-01
1.920000e-01  3.878617e-01
1.950000e-01  3.860475e-01
1.980000e-01  3.842648e-01
2.010000e-01  3.825124e-01
2.040000e-01  3.807895e-01
2.070000e-01  3.790952e-01
2.100000e-01  3.774285e-01
2.130000e-01  3.757886e-01
2.160000e-01  3.741748e-01
2.190000e-01  3.725863e-01
2.220000e-01  3.710223e-01
2.250000e-01  3.694821e-01
2.280000e-01  3.679651e-01
2.310000e-01  3.664707e-01
2.340000e-01  3.649981e-01
2.370000e-01  3.635469e-01
2.400000e-01  3.621163e-01
2.430000e-01  3.607060e-01
2.460000e-01  3.593154e-01
2.490000e-01  3.579439e-01
2.520000e-01  3.565910e-01
2.550000e-01  3.552564e-01
2.580000e-01  3.539394e-01
2.610000e-01  3.526398e-01
2.640000e-01  3.513570e-01
2.670000e-01  3.500907e-01
2.700000e-01  3.488405e-01
2.730000e-01  3.476060e-01
2.760000e-01  3.463868e-01
2.790000e-01  3.451825e-01
2.820000e-01  3.439929e-01
2.850000e-01  3.428176e-01
2.880000e-01  3.416562e-01
2.910000e-01  3.405085e-01
2.940000e-01  3.393742e-01
2.970000e-01  3.382529e-01
3.000000e-01  3.371444e-01
3.030000e-01  3.360485e-01
3.060000e-01  3.349648e-01
3.090000e-01  3.338930e-01
3.120000e-01  3.328330e-01
3.150000e-01  3.317845e-01
3.180000e-01  3.307473e-01
3.210000e-01  3.297211e-01
3.240000e-01  3.287057e-01
3.270000e-01  3.277009e-01
3.300000e-01  3.267065e-01
3.330000e-01  3.257223e-01
3.360000e-01  3.247481e-01
3.390000e-01  3.237837e-01
3.420000e-01  3.228289e-01
3.450000e-01  3.218836e-01
3.480000e-01  3.209475e-01
3.510000e-01  3.200205e-01
3.540000e-01  3.191024e-01
3.570000e-01  3.181930e-01
3.600000e-01  3.172923e-01
3.630000e-01  3.164000e-01
3.660000e-01  3.155159e-01
3.690000e-01  3.146401e-01
3.720000e-01  3.137722e-01
3.750000e-01  3.129122e-01
3.780000e-01  3.120599e-01
3.810000e-01  3.112153e-01
3.840000e-01  3.103781e-01
3.870000e-01  3.095482e-01
3.900000e-01  3.087255e-01
3.930000e-01  3.079100e-01
3.960000e-01  3.071014e-01
3.990000e-01  3.062997e-01
4.020000e-01  3.055048e-01
4.050000e-01  3.047165e-01
4.080000e-01  3.039347e-01
4.110000e-01  3.031594e-01
4.140000e-01  3.023904e-01
4.170000e-01  3.016276e-01
4.200000e-01  3.008710e-01
4.230000e-01  3.001205e-01
4.260000e-01  2.993758e-01
4.290000e-01  2.986371e-01
4.320000e-01  2.979041e-01
4.350000e-01  2.971768e-01
4.380000e-01  2.964551e-01
4.410000e-01  2.957389e-01
4.440000e-01  2.950281e-01
4.470000e-01  2.943227e-01
4.500000e-01  2.936226e-01
4.530000e-01  2.929276e-01
4.560000e-01  2.922378e-01
4.590000e-01  2.915531e-01
4.620000e-01  2.908733e-01
4.650000e-01  2.901985e-01
4.680000e-01  2.895284e-01
4.710000e-01  2.888632e-01
4.740000e-01  2.882027e-01
4.770000e-01  2.875468e-01
4.800000e-01  2.868955e-01
4.830000e-01  2.862487e-01
4.860000e-01  2.856063e-01
4.890000e-01  2.849684e-01
4.920000e-01  2.843348e-01
4.950000e-01  2.837054e-01
4.980000e-01  2.830803e-01
5.010000e-01  2.824594e-01
5.040000e-01  2.818426e-01
5.070000e-01  2.812298e-01
5.100000e-01  2.806211e-01
5.130000e-01  2.800163e-01
5.160000e-01  2.794154e-01
5.190000e-01  2.788183e-01
5.220000e-01  2.782251e-01
5.250000e-01  2.776356e-01
5.280000e-01  2.770499e-01
5.310000e-01  2.764678e-01
5.340000e-01  2.758893e-01
5.370000e-01  2.753144e-01
5.400000e-01  2.747431e-01
5.430000e-01  2.741752e-01
5.460000e-01  2.736108e-01
5.490000e-01  2.730498e-01
5.520000e-01  2.724921e-01
5.550000e-01  2.719378e-01
5.580000e-01  2.713867e-01
5.610000e-01  2.708389e-01
5.640000e-01  2.702943e-01
5.670000e-01  2.697529e-01
5.700000e-01  2.692147e-01
5.730000e-01  2.686795e-01
5.760000e-01  2.681474e-01
5.790000e-01  2.676183e-01
5.820000e-01  2.670922e-01
5.850000e-01  2.665691e-01
5.880000e-01  2.660489e-01
5.910000e-01  2.655316e-01
5.940000e-01  2.650171e-01
5.970000e-01  2.645055e-01
6.000000e-01  2.639967e-01
6.030000e-01  2.634906e-01
6.060000e-01  2.629873e-01
6.090000e-01  2.624867e-01
6.120000e-01  2.619887e-01
6.150000e-01  2.614935e-01
6.180000e-01  2.610008e-01
6.210000e-01  2.605107e-01
6.240000e-01  2.600232e-01
6.270000e-01  2.595383e-01
6.300000e-01  2.590558e-01
6.330000e-01  2.585758e-01
6.360000e-01  2.580983e-01
6.390000e-01  2.576232e-01
6.420000e-01  2.571506e-01
6.450000e-01  2.566803e-01
6.480000e-01  2.562123e-01
6.510000e-01  2.557468e-01
6.540000e-01  2.552835e-01
6.570000e-01  2.548225e-01
6.600000e-01  2.543637e-01
6.630000e-01  2.539072e-01
6.660000e-01  2.534530e-01
6.690000e-01  2.530009e-01
6.720000e-01  2.525510e-01
6.750000e-01  2.521032e-01
6.780000e-01  2.516576e-01
6.810000e-01  2.512141e-01
6.840000e-01  2.507727e-01
6.870000e-01  2.503333e-01
6.900000e-01  2.498960e-01
6.930000e-01  2.494608e-01
6.960000e-01  2.490275e-01
6.990000e-01  2.485962e-01
7.020000e-01  2.481669e-01
7.050000e-01  2.477396e-01
7.080000e-01  2.473142e-01
7.110000e-01  2.468907e-01
7.140000e-01  2.464691e-01
7.170000e-01  2.460494e-01
7.200000e-01  2.456315e-01
7.230000e-01  2.452155e-01
7.260000e-01  2.448013e-01
7.290000e-01  2.443890e-01
7.320000e-01  2.439784e-01
7.350000e-01  2.435696e-01
7.380000e-01  2.431626e-01
7.410000e-01  2.427573e-01
7.440000e-01  2.423538e-01
7.470000e-01  2.419520e-01
7.500000e-01  2.415518e-01
7.530000e-01  2.411534e-01
7.560000e-01  2.407566e-01
7.590000e-01  2.403615e-01
7.620000e-01  2.399680e-01
7.650000e-01  2.395761e-01
7.680000e-01  2.391859e-01
7.710000e-01  2.387972e-01
7.740000e-01  2.384101e-01
7.770000e-01  2.380247e-01
7.800000e-01  2.376407e-01
7.830000e-01  2.372583e-01
7.860000e-01  2.368774e-01
7.890000e-01  2.364981e-01
7.920000e-01  2.361202e-01
7.950000e-01  2.357439e-01
7.980000e-01  2.353690e-01
8.010000e-01  2.349955e-01
8.040000e-01  2.346236e-01
8.070000e-01  2.342531e-01
8.100000e-01  2.338839e-01
8.130000e-01  2.335163e-01
8.160000e-01  2.331500e-01
8.190000e-01  2.327851e-01
8.220000e-01  2.324216e-01
8.250000e-01  2.320595e-01
8.280000e-01  2.316987e-01
8.310000e-01  2.313392e-01
8.340000e-01  2.309811e-01
8.370000e-01  2.306244e-01
8.400000e-01  2.302689e-01
8.430000e-01  2.299147e-01
8.460000e-01  2.295619e-01
8.490000e-01  2.292103e-01
8.520000e-01  2.288600e-01
8.550000e-01  2.285110e-01
8.580000e-01  2.281632e-01
8.610000e-01  2.278166e-01
8.640000e-01  2.274713e-01
8.670000e-01  2.271272e-01
8.700000e-01  2.267843e-01
8.730000e-01  2.264426e-01
8.760000e-01  2.261021e-01
8.790000e-01  2.257629e-01
8.820000e-01  2.254247e-01
8.850000e-01  2.250878e-01
8.880000e-01  2.247520e-01
8.910000e-01  2.244173e-01
8.940000e-01  2.240838e-01
8.970000e-01  2.237514e-01
9.000000e-01  2.234201e-01
9.030000e-01  2.230900e-01
9.060000e-01  2.227609e-01
9.090000e-01  2.224330e-01
9.120000e-01  2.221061e-01
9.150000e-01  2.217803e-01
9.180000e-01  2.214556e-01
9.210000e-01  2.211320e-01
9.240000e-01  2.208094e-01
9.270000e-01  2.204878e-01
9.300000e-01  2.201673e-01
9.330000e-01  2.198478e-01
9.360000e-01  2.195294e-01
9.390000e-01  2.192119e-01
9.420000e-01  2.188955e-01
9.450000e-01  2.185801e-01
9.480000e-01  2.182656e-01
9.510000e-01  2.179522e-01
9.540000e-01  2.176397e-01
9.570000e-01  2.173282e-01
9.600000e-01  2.170177e-01
9.630000e-01  2.167081e-01
9.660000e-01  2.163995e-01
9.690000e-01  2.160918e-01
9.720000e-01  2.157851e-01
9.750000e-01  2.154793e-01
9.780000e-01  2.151744e-01
9.810000e-01  2.148704e-01
9.840000e-01  2.145673e-01
9.870000e-01  2.142652e-01
9.900000e-01  2.139639e-01
9.930000e-01  2.136635e-01
9.960000e-01  2.133641e-01
9.990000e-01  2.130655e-01
