000000  000001
3.000000e-03  8.661183e-01
6.000000e-03  7.936555e-01
9.000000e-03  7.442760e-01
1.200000e-02  7.070820e-01
1.500000e-02  6.774090e-01
1.800000e-02  6.528288e-01
2.100000e-02  6.319176e-01
2.400000e-02  6.137699e-01
2.700000e-02  5.977750e-01
3.000000e-02  5.835020e-01
3.300000e-02  5.706357e-01
3.600000e-02  5.589391e-01
3.900000e-02  5.482292e-01
4.200000e-02  5.383623e-01
4.500000e-02  5.292233e-01
4.800000e-02  5.207187e-01
5.100000e-02  5.127718e-01
5.400000e-02  5.053184e-01
5.700000e-02  4.983049e-01
6.000000e-02  4.916855e-01
6.300000e-02  4.854212e-01
6.600000e-02  4.794784e-01
6.900000e-02  4.738278e-01
7.200000e-02  4.684441e-01
7.500000e-02  4.633048e-01
7.800000e-02  4.583902e-01
8.100000e-02  4.536829e-01
8.400000e-02  4.491671e-01
8.700000e-02  4.448291e-01
9.000000e-02  4.406564e-01
9.300000e-02  4.366375e-01
9.600000e-02  4.327625e-01
9.900000e-02  4.290221e-01
1.020000e-01  4.254078e-01
1.050000e-01  4.219120e-01
1.080000e-01  4.185278e-01
1.110000e-01  4.152487e-01
1.140000e-01  4.120689e-01
1.170000e-01  4.089829e-01
1.200000e-01  4.059857e-01
1.230000e-01  4.030727e-01
1.260000e-01  4.002397e-01
1.290000e-01  3.974826e-01
1.320000e-01  3.947978e-01
1.350000e-01  3.921819e-01
1.380000e-01  3.896316e-01
1.410000e-01  3.871440e-01
1.440000e-01  3.847162e-01
1.470000e-01  3.823457e-01
1.500000e-01  3.800299e-01
1.530000e-01  3.777666e-01
1.560000e-01  3.755536e-01
1.590000e-01  3.733889e-01
1.620000e-01  3.712706e-01
1.650000e-01  3.691968e-01
1.680000e-01  3.671658e-01
1.710000e-01  3.651760e-01
1.740000e-01  3.632260e-01
1.770000e-01  3.613141e-01
1.800000e-01  3.594391e-01
1.830000e-01  3.575997e-01
1.860000e-01  3.557946e-01
1.890000e-01  3.540226e-01
1.920000e-01  3.522827e-01
1.950000e-01  3.505737e-01
1.980000e-01  3.488947e-01
2.010000e-01  3.472447e-01
2.040000e-01  3.456227e-01
2.070000e-01  3.440279e-01
2.100000e-01  3.424595e-01
2.130000e-01  3.409166e-01
2.160000e-01  3.393985e-01
2.190000e-01  3.379044e-01
2.220000e-01  3.364337e-01
2.250000e-01  3.349856e-01
2.280000e-01  3.335595e-01
2.310000e-01  3.321548e-01
2.340000e-01  3.307710e-01
2.370000e-01  3.294073e-01
2.400000e-01  3.280634e-01
2.430000e-01  3.267386e-01
2.460000e-01  3.254324e-01
2.490000e-01  3.241444e-01
2.520000e-01  3.228741e-01
2.550000e-01  3.216210e-01
2.580000e-01  3.203847e-01
2.610000e-01  3.191648e-01
2.640000e-01  3.179609e-01
2.670000e-01  3.167726e-01
2.700000e-01  3.155994e-01
2.730000e-01  3.144412e-01
2.760000e-01  3.132974e-01
2.790000e-01  3.121677e-01
2.820000e-01  3.110519e-01
2.850000e-01  3.099496e-01
2.880000e-01  3.088606e-01
2.910000e-01  3.077844e-01
2.940000e-01  3.067208e-01
2.970000e-01  3.056696e-01
3.000000e-01  3.046304e-01
3.030000e-01  3.036031e-01
3.060000e-01  3.025873e-01
3.090000e-01  3.015829e-01
3.120000e-01  3.005895e-01
3.150000e-01  2.996069e-01
3.180000e-01  2.986350e-01
3.210000e-01  2.976735e-01
3.240000e-01  2.967222e-01
3.270000e-01  2.957809e-01
3.300000e-01  2.948493e-01
3.330000e-01  2.939274e-01
3.360000e-01  2.930149e-01
3.390000e-01  2.921116e-01
3.420000e-01  2.912173e-01
3.450000e-01  2.903320e-01
3.480000e-01  2.894553e-01
3.510000e-01  2.885872e-01
3.540000e-01  2.877275e-01
3.570000e-01  2.868761e-01
3.600000e-01  2.860327e-01
3.630000e-01  2.851972e-01
3.660000e-01  2.843696e-01
3.690000e-01  2.835496e-01
3.720000e-01  2.827372e-01
3.750000e-01  2.819321e-01
3.780000e-01  2.811343e-01
3.810000e-01  2.803436e-01
3.840000e-01  2.795600e-01
3.870000e-01  2.787832e-01
3.900000e-01  2.780132e-01
3.930000e-01  2.772499e-01
3.960000e-01  2.764931e-01
3.990000e-01  2.757428e-01
4.020000e-01  2.749988e-01
4.050000e-01  2.742611e-01
4.080000e-01  2.735295e-01
4.110000e-01  2.728039e-01
4.140000e-01  2.720843e-01
4.170000e-01  2.713705e-01
4.200000e-01  2.706625e-01
4.230000e-01  2.699602e-01
4.260000e-01  2.692634e-01
4.290000e-01  2.685721e-01
4.320000e-01  2.678862e-01
4.350000e-01  2.672057e-01
4.380000e-01  2.665304e-01
4.410000e-01  2.658602e-01
4.440000e-01  2.651952e-01
4.470000e-01  2.645352e-01
4.500000e-01  2.638801e-01
4.530000e-01  2.632299e-01
4.560000e-01  2.625844e-01
4.590000e-01  2.619437e-01
4.620000e-01  2.613077e-01
4.650000e-01  2.606763e-01
4.680000e-01  2.600494e-01
4.710000e-01  2.594269e-01
4.740000e-01  2.588089e-01
4.770000e-01  2.581952e-01
4.800000e-01  2.575858e-01
4.830000e-01  2.569806e-01
4.860000e-01  2.563796e-01
4.890000e-01  2.557826e-01
4.920000e-01  2.551898e-01
4.950000e-01  2.546009e-01
4.980000e-01  2.540160e-01
5.010000e-01  2.534350e-01
5.040000e-01  2.528578e-01
5.070000e-01  2.522844e-01
5.100000e-01  2.517148e-01
5.130000e-01  2.511488e-01
5.160000e-01  2.505865e-01
5.190000e-01  2.500278e-01
5.220000e-01  2.494727e-01
5.250000e-01  2.489210e-01
5.280000e-01  2.483729e-01
5.310000e-01  2.478281e-01
5.340000e-01  2.472867e-01
5.370000e-01  2.467487e-01
5.400000e-01  2.462139e-01
5.430000e-01  2.456825e-01
5.460000e-01  2.451542e-01
5.490000e-01  2.446291e-01
5.520000e-01  2.441071e-01
5.550000e-01  2.435883e-01
5.580000e-01  2.430725e-01
5.610000e-01  2.425597e-01
5.640000e-01  2.420499e-01
5.670000e-01  2.415431e-01
5.700000e-01  2.410392e-01
5.730000e-01  2.405382e-01
5.760000e-01  2.400400e-01
5.790000e-01  2.395447e-01
5.820000e-01  2.390521e-01
5.850000e-01  2.385623e-01
5.880000e-01  2.380753e-01
5.910000e-01  2.375909e-01
5.940000e-01  2.371091e-01
5.970000e-01  2.366301e-01
6.000000e-01  2.361536e-01
6.030000e-01  2.356797e-01
6.060000e-01  2.352083e-01
6.090000e-01  2.347395e-01
6.120000e-01  2.342731e-01
6.150000e-01  2.338092e-01
6.180000e-01  2.333478e-01
6.210000e-01  2.328887e-01
6.240000e-01  2.324321e-01
6.270000e-01  2.319778e-01
6.300000e-01  2.315258e-01
6.330000e-01  2.310761e-01
6.360000e-01  2.306288e-01
6.390000e-01  2.301836e-01
6.420000e-01  2.297408e-01
6.450000e-01  2.293001e-01
6.480000e-01  2.288616e-01
6.510000e-01  2.284253e-01
6.540000e-01  2.279911e-01
6.570000e-01  2.275591e-01
6.600000e-01  2.271292e-01
6.630000e-01  2.267013e-01
6.660000e-01  2.262755e-01
6.690000e-01  2.258517e-01
6.720000e-01  2.254300e-01
6.750000e-01  2.250102e-01
6.780000e-01  2.245925e-01
6.810000e-01  2.241766e-01
6.840000e-01  2.237628e-01
6.870000e-01  2.233508e-01
6.900000e-01  2.229407e-01
6.930000e-01  2.225326e-01
6.960000e-01  2.221262e-01
6.990000e-01  2.217218e-01
7.020000e-01  2.213191e-01
7.050000e-01  2.209183e-01
7.080000e-01  2.205192e-01
7.110000e-01  2.201219e-01
7.140000e-01  2.197264e-01
7.170000e-01  2.193327e-01
7.200000e-01  2.189406e-01
7.230000e-01  2.185503e-01
7.260000e-01  2.181616e-01
7.290000e-01  2.177746e-01
7.320000e-01  2.173893e-01
7.350000e-01  2.170056e-01
7.380000e-01  2.166236e-01
7.410000e-01  2.162432e-01
7.440000e-01  2.158644e-01
7.470000e-01  2.154871e-01
7.500000e-01  2.151114e-01
7.530000e-01  2.147373e-01
7.560000e-01  2.143648e-01
7.590000e-01  2.139937e-01
7.620000e-01  2.136242e-01
7.650000e-01  2.132562e-01
7.680000e-01  2.128896e-01
7.710000e-01  2.125246e-01
7.740000e-01  2.121610e-01
7.770000e-01  2.117988e-01
7.800000e-01  2.114381e-01
7.830000e-01  2.110788e-01
7.860000e-01  2.107209e-01
7.890000e-01  2.103644e-01
7.920000e-01  2.100093e-01
7.950000e-01  2.096555e-01
7.980000e-01  2.093032e-01
8.010000e-01  2.089521e-01
8.040000e-01  2.086024e-01
8.070000e-01  2.082541e-01
8.100000e-01  2.079070e-01
8.130000e-01  2.075613e-01
8.160000e-01  2.072169e-01
8.190000e-01  2.068737e-01
8.220000e-01  2.065318e-01
8.250000e-01  2.061912e-01
8.280000e-01  2.058518e-01
8.310000e-01  2.055136e-01
8.340000e-01  2.051767e-01
8.370000e-01  2.048410e-01
8.400000e-01  2.045065e-01
8.430000e-01  2.041732e-01
8.460000e-01  2.038411e-01
8.490000e-01  2.035102e-01
8.520000e-01  2.031804e-01
8.550000e-01  2.028518e-01
8.580000e-01  2.025244e-01
8.610000e-01  2.021980e-01
8.640000e-01  2.018729e-01
8.670000e-01  2.015488e-01
8.700000e-01  2.012259e-01
8.730000e-01  2.009040e-01
8.760000e-01  2.005833e-01
8.790000e-01  2.002636e-01
8.820000e-01  1.999450e-01
8.850000e-01  1.996275e-01
8.880000e-01  1.993110e-01
8.910000e-01  1.989956e-01
8.940000e-01  1.986813e-01
8.970000e-01  1.983679e-01
9.000000e-01  1.980556e-01
9.030000e-01  1.977444e-01
9.060000e-01  1.974341e-01
9.090000e-01  1.971248e-01
9.120000e-01  1.968165e-01
9.150000e-01  1.965092e-01
9.180000e-01  1.962029e-01
9.210000e-01  1.958976e-01
9.240000e-01  1.955932e-01
9.270000e-01  1.952898e-01
9.300000e-01  1.949873e-01
9.330000e-01  1.946858e-01
9.360000e-01  1.943852e-01
9.390000e-01  1.940855e-01
9.420000e-01  1.937867e-01
9.450000e-01  1.934889e-01
9.480000e-01  1.931920e-01
9.510000e-01  1.928959e-01
9.540000e-01  1.926008e-01
9.570000e-01  1.923065e-01
9.600000e-01  1.920132e-01
9.630000e-01  1.917207e-01
9.660000e-01  1.914290e-01
9.690000e-01  1.911382e-01
9.720000e-01  1.908483e-01
9.750000e-01  1.905592e-01
9.780000e-01  1.902710e-01
9.810000e-01  1.899836e-01
9.840000e-01  1.896970e-01
9.870000e-01  1.894112e-01
9.900000e-01  1.891263e-01
9.930000e-01  1.888421e-01
9.960000e-01  1.885588e-01
9.990000e-01  1.882763e-01
