000000  000001
3.000000e-03  7.488342e-01
6.000000e-03  6.577131e-01
9.000000e-03  6.026749e-01
1.200000e-02  5.637862e-01
1.500000e-02  5.339999e-01
1.800000e-02  5.100219e-01
2.100000e-02  4.900538e-01
2.400000e-02  4.730097e-01
2.700000e-02  4.581858e-01
3.000000e-02  4.451010e-01
3.300000e-02  4.334123e-01
3.600000e-02  4.228675e-01
3.900000e-02  4.132753e-01
4.200000e-02  4.044880e-01
4.500000e-02  3.963888e-01
4.800000e-02  3.888842e-01
5.100000e-02  3.818980e-01
5.400000e-02  3.753675e-01
5.700000e-02  3.692404e-01
6.000000e-02  3.634727e-01
6.300000e-02  3.580271e-01
6.600000e-02  3.528715e-01
6.900000e-02  3.479784e-01
7.200000e-02  3.433239e-01
7.500000e-02  3.388872e-01
7.800000e-02  3.346499e-01
8.100000e-02  3.305958e-01
8.400000e-02  3.267106e-01
8.700000e-02  3.229815e-01
9.000000e-02  3.193972e-01
9.300000e-02  3.159473e-01
9.600000e-02  3.126227e-01
9.900000e-02  3.094151e-01
1.020000e-01  3.063168e-01
1.050000e-01  3.033210e-01
1.080000e-01  3.004215e-01
1.110000e-01  2.976125e-01
1.140000e-01  2.948888e-01
1.170000e-01  2.922455e-01
1.200000e-01  2.896783e-01
1.230000e-01  2.871831e-01
1.260000e-01  2.847561e-01
1.290000e-01  2.823937e-01
1.320000e-01  2.800927e-01
1.350000e-01  2.778503e-01
1.380000e-01  2.756634e-01
1.410000e-01  2.735295e-01
1.440000e-01  2.714462e-01
1.470000e-01  2.694112e-01
1.500000e-01  2.674223e-01
1.530000e-01  2.654776e-01
1.560000e-01  2.635751e-01
1.590000e-01  2.617131e-01
1.620000e-01  2.598900e-01
1.650000e-01  2.581041e-01
1.680000e-01  2.563541e-01
1.710000e-01  2.546384e-01
1.740000e-01  2.529558e-01
1.770000e-01  2.513050e-01
1.800000e-01  2.496849e-01
1.830000e-01  2.480943e-01
1.860000e-01  2.465321e-01
1.890000e-01  2.449974e-01
1.920000e-01  2.434893e-01
1.950000e-01  2.420067e-01
1.980000e-01  2.405488e-01
2.010000e-01  2.391148e-01
2.040000e-01  2.377040e-01
2.070000e-01  2.363155e-01
2.100000e-01  2.349486e-01
2.130000e-01  2.336027e-01
2.160000e-01  2.322771e-01
2.190000e-01  2.309712e-01
2.220000e-01  2.296844e-01
2.250000e-01  2.284161e-01
2.280000e-01  2.271657e-01
2.310000e-01  2.259327e-01
2.340000e-01  2.247167e-01
2.370000e-01  2.235171e-01
2.400000e-01  2.223335e-01
2.430000e-01  2.211654e-01
2.460000e-01  2.200124e-01
2.490000e-01  2.188740e-01
2.520000e-01  2.177500e-01
2.550000e-01  2.166398e-01
2.580000e-01  2.155432e-01
2.610000e-01  2.144597e-01
2.640000e-01  2.133891e-01
2.670000e-01  2.123310e-01
2.700000e-01  2.112850e-01
2.730000e-01  2.102509e-01
2.760000e-01  2.092284e-01
2.790000e-01  2.082171e-01
2.820000e-01  2.072169e-01
2.850000e-01  2.062273e-01
2.880000e-01  2.052483e-01
2.910000e-01  2.042795e-01
2.940000e-01  2.033206e-01
2.970000e-01  2.023715e-01
3.000000e-01  2.014319e-01
3.030000e-01  2.005015e-01
3.060000e-01  1.995803e-01
3.090000e-01  1.986679e-01
3.120000e-01  1.977642e-01
3.150000e-01  1.968689e-01
3.180000e-01  1.959819e-01
3.210000e-01  1.951030e-01
3.240000e-01  1.942320e-01
3.270000e-01  1.933688e-01
3.300000e-01  1.925131e-01
3.330000e-01  1.916648e-01
3.360000e-01  1.908237e-01
3.390000e-01  1.899897e-01
3.420000e-01  1.891626e-01
3.450000e-01  1.883423e-01
3.480000e-01  1.875287e-01
3.510000e-01  1.867215e-01
3.540000e-01  1.859207e-01
3.570000e-01  1.851261e-01
3.600000e-01  1.843375e-01
3.630000e-01  1.835550e-01
3.660000e-01  1.827783e-01
3.690000e-01  1.820073e-01
3.720000e-01  1.812419e-01
3.750000e-01  1.804819e-01
3.780000e-01  1.797274e-01
3.810000e-01  1.789781e-01
3.840000e-01  1.782339e-01
3.870000e-01  1.774948e-01
3.900000e-01  1.767606e-01
3.930000e-01  1.760312e-01
3.960000e-01  1.753066e-01
3.990000e-01  1.745866e-01
4.020000e-01  1.738712e-01
4.050000e-01  1.731602e-01
4.080000e-01  1.724536e-01
4.110000e-01  1.717512e-01
4.140000e-01  1.710531e-01
4.170000e-01  1.703590e-01
4.200000e-01  1.696689e-01
4.230000e-01  1.689827e-01
4.260000e-01  1.683004e-01
4.290000e-01  1.676219e-01
4.320000e-01  1.669470e-01
4.350000e-01  1.662758e-01
4.380000e-01  1.656080e-01
4.410000e-01  1.649438e-01
4.440000e-01  1.642829e-01
4.470000e-01  1.636253e-01
4.500000e-01  1.629710e-01
4.530000e-01  1.623198e-01
4.560000e-01  1.616717e-01
4.590000e-01  1.610266e-01
4.620000e-01  1.603845e-01
4.650000e-01  1.597453e-01
4.680000e-01  1.591089e-01
4.710000e-01  1.584753e-01
4.740000e-01  1.578444e-01
4.770000e-01  1.572161e-01
4.800000e-01  1.565903e-01
4.830000e-01  1.559671e-01
4.860000e-01  1.553463e-01
4.890000e-01  1.547279e-01
4.920000e-01  1.541118e-01
4.950000e-01  1.534979e-01
4.980000e-01  1.528863e-01
5.010000e-01  1.522768e-01
5.040000e-01  1.516694e-01
5.070000e-01  1.510640e-01
5.100000e-01  1.504605e-01
5.130000e-01  1.498590e-01
5.160000e-01  1.492593e-01
5.190000e-01  1.486614e-01
5.220000e-01  1.480652e-01
5.250000e-01  1.474707e-01
5.280000e-01  1.468778e-01
5.310000e-01  1.462865e-01
5.340000e-01  1.456966e-01
5.370000e-01  1.451083e-01
5.400000e-01  1.445212e-01
5.430000e-01  1.439356e-01
5.460000e-01  1.433511e-01
5.490000e-01  1.427679e-01
5.520000e-01  1.421859e-01
5.550000e-01  1.416049e-01
5.580000e-01  1.410250e-01
5.610000e-01  1.404460e-01
5.640000e-01  1.398680e-01
5.670000e-01  1.392908e-01
5.700000e-01  1.387144e-01
5.730000e-01  1.381387e-01
5.760000e-01  1.375637e-01
5.790000e-01  1.369893e-01
5.820000e-01  1.364154e-01
5.850000e-01  1.358421e-01
5.880000e-01  1.352691e-01
5.910000e-01  1.346965e-01
5.940000e-01  1.341242e-01
5.970000e-01  1.335520e-01
6.000000e-01  1.329800e-01
6.030000e-01  000000
6.060000e-01  000000
6.090000e-01  000000
6.120000e-01  000000
6.150000e-01  000000
6.180000e-01  000000
6.210000e-01  000000
6.240000e-01  000000
6.270000e-01  000000
6.300000e-01  000000
6.330000e-01  000000
6.360000e-01  000000
6.390000e-01  000000
6.420000e-01  000000
6.450000e-01  000000
6.480000e-01  000000
6.510000e-01  000000
6.540000e-01  000000
6.570000e-01  000000
6.600000e-01  000000
6.630000e-01  000000
6.660000e-01  000000
6.690000e-01  000000
6.720000e-01  000000
6.750000e-01  000000
6.780000e-01  000000
6.810000e-01  000000
6.840000e-01  000000
6.870000e-01  000000
6.900000e-01  000000
6.930000e-01  000000
6.960000e-01  000000
6.990000e-01  000000
7.020000e-01  000000
7.050000e-01  000000
7.080000e-01  000000
7.110000e-01  000000
7.140000e-01  000000
7.170000e-01  000000
7.200000e-01  000000
7.230000e-01  000000
7.260000e-01  000000
7.290000e-01  000000
7.320000e-01  000000
7.350000e-01  000000
7.380000e-01  000000
7.410000e-01  000000
7.440000e-01  000000
7.470000e-01  000000
7.500000e-01  000000
7.530000e-01  000000
7.560000e-01  000000
7.590000e-01  000000
7.620000e-01  000000
7.650000e-01  000000
7.680000e-01  000000
7.710000e-01  000000
7.740000e-01  000000
7.770000e-01  000000
7.800000e-01  000000
7.830000e-01  000000
7.860000e-01  000000
7.890000e-01  000000
7.920000e-01  000000
7.950000e-01  000000
7.980000e-01  000000
8.010000e-01  000000
8.040000e-01  000000
8.070000e-01  000000
8.100000e-01  000000
8.130000e-01  000000
8.160000e-01  000000
8.190000e-01  000000
8.220000e-01  000000
8.250000e-01  000000
8.280000e-01  000000
8.310000e-01  000000
8.340000e-01  000000
8.370000e-01  000000
8.400000e-01  000000
8.430000e-01  000000
8.460000e-01  000000
8.490000e-01  000000
8.520000e-01  000000
8.550000e-01  000000
8.580000e-01  000000
8.610000e-01  000000
8.640000e-01  000000
8.670000e-01  000000
8.700000e-01  000000
8.730000e-01  000000
8.760000e-01  000000
8.790000e-01  000000
8.820000e-01  000000
8.850000e-01  000000
8.880000e-01  000000
8.910000e-01  000000
8.940000e-01  000000
8.970000e-01  000000
9.000000e-01  000000
9.030000e-01  000000
9.060000e-01  000000
9.090000e-01  000000
9.120000e-01  000000
9.150000e-01  000000
9.180000e-01  000000
9.210000e-01  000000
9.240000e-01  000000
9.270000e-01  000000
9.300000e-01  000000
9.330000e-01  000000
9.360000e-01  000000
9.390000e-01  000000
9.420000e-01  000000
9.450000e-01  000000
9.480000e-01  000000
9.510000e-01  000000
9.540000e-01  000000
9.570000e-01  000000
9.600000e-01  000000
9.630000e-01  000000
9.660000e-01  000000
9.690000e-01  000000
9.720000e-01  000000
9.750000e-01  000000
9.780000e-01  000000
9.810000e-01  000000
9.840000e-01  000000
9.870000e-01  000000
9.900000e-01  000000
9.930000e-01  000000
9.960000e-01  000000
9.990000e-01  000000
