000000  000001
3.000000e-03  8.148871e-01
6.000000e-03  7.314526e-01
9.000000e-03  6.780648e-01
1.200000e-02  6.392076e-01
1.500000e-02  6.088876e-01
1.800000e-02  5.841634e-01
2.100000e-02  5.633771e-01
2.400000e-02  5.455044e-01
2.700000e-02  5.298694e-01
3.000000e-02  5.160036e-01
3.300000e-02  5.035691e-01
3.600000e-02  4.923151e-01
3.900000e-02  4.820498e-01
4.200000e-02  4.726240e-01
4.500000e-02  4.639191e-01
4.800000e-02  4.558396e-01
5.100000e-02  4.483071e-01
5.400000e-02  4.412571e-01
5.700000e-02  4.346354e-01
6.000000e-02  4.283963e-01
6.300000e-02  4.225008e-01
6.600000e-02  4.169155e-01
6.900000e-02  4.116115e-01
7.200000e-02  4.065637e-01
7.500000e-02  4.017502e-01
7.800000e-02  3.971514e-01
8.100000e-02  3.927504e-01
8.400000e-02  3.885319e-01
8.700000e-02  3.844824e-01
9.000000e-02  3.805898e-01
9.300000e-02  3.768430e-01
9.600000e-02  3.732324e-01
9.900000e-02  3.697489e-01
1.020000e-01  3.663845e-01
1.050000e-01  3.631318e-01
1.080000e-01  3.599842e-01
1.110000e-01  3.569354e-01
1.140000e-01  3.539798e-01
1.170000e-01  3.511123e-01
1.200000e-01  3.483281e-01
1.230000e-01  3.456227e-01
1.260000e-01  3.429922e-01
1.290000e-01  3.404326e-01
1.320000e-01  3.379406e-01
1.350000e-01  3.355128e-01
1.380000e-01  3.331462e-01
1.410000e-01  3.308380e-01
1.440000e-01  3.285855e-01
1.470000e-01  3.263863e-01
1.500000e-01  3.242380e-01
1.530000e-01  3.221385e-01
1.560000e-01  3.200857e-01
1.590000e-01  3.180777e-01
1.620000e-01  3.161126e-01
1.650000e-01  3.141888e-01
1.680000e-01  3.123047e-01
1.710000e-01  3.104588e-01
1.740000e-01  3.086496e-01
1.770000e-01  3.068757e-01
1.800000e-01  3.051359e-01
1.830000e-01  3.034289e-01
1.860000e-01  3.017536e-01
1.890000e-01  3.001088e-01
1.920000e-01  2.984936e-01
1.950000e-01  2.969070e-01
1.980000e-01  2.953480e-01
2.010000e-01  2.938156e-01
2.040000e-01  2.923091e-01
2.070000e-01  2.908276e-01
2.100000e-01  2.893703e-01
2.130000e-01  2.879365e-01
2.160000e-01  2.865254e-01
2.190000e-01  2.851364e-01
2.220000e-01  2.837689e-01
2.250000e-01  2.824221e-01
2.280000e-01  2.810955e-01
2.310000e-01  2.797886e-01
2.340000e-01  2.785007e-01
2.370000e-01  2.772314e-01
2.400000e-01  2.759800e-01
2.430000e-01  2.747462e-01
2.460000e-01  2.735295e-01
2.490000e-01  2.723294e-01
2.520000e-01  2.711454e-01
2.550000e-01  2.699772e-01
2.580000e-01  2.688244e-01
2.610000e-01  2.676865e-01
2.640000e-01  2.665632e-01
2.670000e-01  2.654541e-01
2.700000e-01  2.643589e-01
2.730000e-01  2.632773e-01
2.760000e-01  2.622088e-01
2.790000e-01  2.611533e-01
2.820000e-01  2.601103e-01
2.850000e-01  2.590797e-01
2.880000e-01  2.580610e-01
2.910000e-01  2.570542e-01
2.940000e-01  2.560588e-01
2.970000e-01  2.550746e-01
3.000000e-01  2.541013e-01
3.030000e-01  2.531389e-01
3.060000e-01  2.521869e-01
3.090000e-01  2.512452e-01
3.120000e-01  2.503135e-01
3.150000e-01  2.493917e-01
3.180000e-01  2.484795e-01
3.210000e-01  2.475768e-01
3.240000e-01  2.466833e-01
3.270000e-01  2.457988e-01
3.300000e-01  2.449233e-01
3.330000e-01  2.440564e-01
3.360000e-01  2.431980e-01
3.390000e-01  2.423480e-01
3.420000e-01  2.415061e-01
3.450000e-01  2.406723e-01
3.480000e-01  2.398464e-01
3.510000e-01  2.390282e-01
3.540000e-01  2.382175e-01
3.570000e-01  2.374143e-01
3.600000e-01  2.366184e-01
3.630000e-01  2.358297e-01
3.660000e-01  2.350479e-01
3.690000e-01  2.342731e-01
3.720000e-01  2.335051e-01
3.750000e-01  2.327437e-01
3.780000e-01  2.319888e-01
3.810000e-01  2.312404e-01
3.840000e-01  2.304982e-01
3.870000e-01  2.297623e-01
3.900000e-01  2.290325e-01
3.930000e-01  2.283086e-01
3.960000e-01  2.275906e-01
3.990000e-01  2.268785e-01
4.020000e-01  2.261720e-01
4.050000e-01  2.254710e-01
4.080000e-01  2.247756e-01
4.110000e-01  2.240856e-01
4.140000e-01  2.234009e-01
4.170000e-01  2.227215e-01
4.200000e-01  2.220472e-01
4.230000e-01  2.213779e-01
4.260000e-01  2.207136e-01
4.290000e-01  2.200543e-01
4.320000e-01  2.193998e-01
4.350000e-01  2.187500e-01
4.380000e-01  2.181049e-01
4.410000e-01  2.174644e-01
4.440000e-01  2.168284e-01
4.470000e-01  2.161969e-01
4.500000e-01  2.155698e-01
4.530000e-01  2.149470e-01
4.560000e-01  2.143285e-01
4.590000e-01  2.137142e-01
4.620000e-01  2.131040e-01
4.650000e-01  2.124979e-01
4.680000e-01  2.118958e-01
4.710000e-01  2.112977e-01
4.740000e-01  2.107034e-01
4.770000e-01  2.101131e-01
4.800000e-01  2.095265e-01
4.830000e-01  2.089436e-01
4.860000e-01  2.083644e-01
4.890000e-01  2.077888e-01
4.920000e-01  2.072169e-01
4.950000e-01  2.066484e-01
4.980000e-01  2.060834e-01
5.010000e-01  2.055219e-01
5.040000e-01  2.049637e-01
5.070000e-01  2.044088e-01
5.100000e-01  2.038573e-01
5.130000e-01  2.033090e-01
5.160000e-01  2.027639e-01
5.190000e-01  2.022219e-01
5.220000e-01  2.016830e-01
5.250000e-01  2.011473e-01
5.280000e-01  2.006145e-01
5.310000e-01  2.000848e-01
5.340000e-01  1.995579e-01
5.370000e-01  1.990340e-01
5.400000e-01  1.985130e-01
5.430000e-01  1.979948e-01
5.460000e-01  1.974794e-01
5.490000e-01  1.969668e-01
5.520000e-01  1.964569e-01
5.550000e-01  1.959496e-01
5.580000e-01  1.954451e-01
5.610000e-01  1.949431e-01
5.640000e-01  1.944438e-01
5.670000e-01  1.939469e-01
5.700000e-01  1.934527e-01
5.730000e-01  1.929609e-01
5.760000e-01  1.924715e-01
5.790000e-01  1.919846e-01
5.820000e-01  1.915001e-01
5.850000e-01  1.910179e-01
5.880000e-01  1.905381e-01
5.910000e-01  1.900606e-01
5.940000e-01  1.895854e-01
5.970000e-01  1.891124e-01
6.000000e-01  1.886417e-01
6.030000e-01  1.881731e-01
6.060000e-01  1.877067e-01
6.090000e-01  1.872425e-01
6.120000e-01  1.867803e-01
6.150000e-01  1.863203e-01
6.180000e-01  1.858623e-01
6.210000e-01  1.854064e-01
6.240000e-01  1.849525e-01
6.270000e-01  1.845005e-01
6.300000e-01  1.840506e-01
6.330000e-01  1.836025e-01
6.360000e-01  1.831564e-01
6.390000e-01  1.827122e-01
6.420000e-01  1.822699e-01
6.450000e-01  1.818294e-01
6.480000e-01  1.813908e-01
6.510000e-01  1.809539e-01
6.540000e-01  1.805189e-01
6.570000e-01  1.800856e-01
6.600000e-01  1.796540e-01
6.630000e-01  1.792242e-01
6.660000e-01  1.787961e-01
6.690000e-01  1.783696e-01
6.720000e-01  1.779449e-01
6.750000e-01  1.775217e-01
6.780000e-01  1.771002e-01
6.810000e-01  1.766803e-01
6.840000e-01  1.762620e-01
6.870000e-01  1.758452e-01
6.900000e-01  1.754300e-01
6.930000e-01  1.750163e-01
6.960000e-01  1.746041e-01
6.990000e-01  1.741935e-01
7.020000e-01  1.737843e-01
7.050000e-01  1.733765e-01
7.080000e-01  1.729702e-01
7.110000e-01  1.725653e-01
7.140000e-01  1.721619e-01
7.170000e-01  1.717598e-01
7.200000e-01  1.713591e-01
7.230000e-01  1.709597e-01
7.260000e-01  1.705617e-01
7.290000e-01  1.701650e-01
7.320000e-01  1.697696e-01
7.350000e-01  1.693755e-01
7.380000e-01  1.689827e-01
7.410000e-01  1.685912e-01
7.440000e-01  1.682009e-01
7.470000e-01  1.678118e-01
7.500000e-01  1.674240e-01
7.530000e-01  1.670373e-01
7.560000e-01  1.666519e-01
7.590000e-01  1.662676e-01
7.620000e-01  1.658845e-01
7.650000e-01  1.655025e-01
7.680000e-01  1.651217e-01
7.710000e-01  1.647419e-01
7.740000e-01  1.643633e-01
7.770000e-01  1.639858e-01
7.800000e-01  1.636093e-01
7.830000e-01  1.632339e-01
7.860000e-01  1.628596e-01
7.890000e-01  1.624862e-01
7.920000e-01  1.621140e-01
7.950000e-01  1.617427e-01
7.980000e-01  1.613724e-01
8.010000e-01  1.610031e-01
8.040000e-01  1.606348e-01
8.070000e-01  1.602674e-01
8.100000e-01  1.599010e-01
8.130000e-01  1.595355e-01
8.160000e-01  1.591709e-01
8.190000e-01  1.588072e-01
8.220000e-01  1.584445e-01
8.250000e-01  1.580826e-01
8.280000e-01  1.577216e-01
8.310000e-01  1.573614e-01
8.340000e-01  1.570021e-01
8.370000e-01  1.566436e-01
8.400000e-01  1.562860e-01
8.430000e-01  1.559292e-01
8.460000e-01  1.555731e-01
8.490000e-01  1.552179e-01
8.520000e-01  1.548634e-01
8.550000e-01  1.545097e-01
8.580000e-01  1.541568e-01
8.610000e-01  1.538046e-01
8.640000e-01  1.534531e-01
8.670000e-01  1.531024e-01
8.700000e-01  1.527523e-01
8.730000e-01  1.524030e-01
8.760000e-01  1.520543e-01
8.790000e-01  1.517064e-01
8.820000e-01  1.513591e-01
8.850000e-01  1.510124e-01
8.880000e-01  1.506664e-01
8.910000e-01  1.503210e-01
8.940000e-01  1.499762e-01
8.970000e-01  1.496321e-01
9.000000e-01  1.492885e-01
9.030000e-01  1.489456e-01
9.060000e-01  1.486032e-01
9.090000e-01  1.482613e-01
9.120000e-01  1.479201e-01
9.150000e-01  1.475793e-01
9.180000e-01  1.472392e-01
9.210000e-01  1.468995e-01
9.240000e-01  1.465603e-01
9.270000e-01  1.462217e-01
9.300000e-01  1.458835e-01
9.330000e-01  1.455458e-01
9.360000e-01  1.452086e-01
9.390000e-01  1.448719e-01
9.420000e-01  1.445355e-01
9.450000e-01  1.441997e-01
9.480000e-01  1.438642e-01
9.510000e-01  1.435292e-01
9.540000e-01  1.431945e-01
9.570000e-01  1.428603e-01
9.600000e-01  1.425264e-01
9.630000e-01  1.421930e-01
9.660000e-01  1.418598e-01
9.690000e-01  1.415270e-01
9.720000e-01  1.411946e-01
9.750000e-01  1.408625e-01
9.780000e-01  1.405307e-01
9.810000e-01  1.401992e-01
9.840000e-01  1.398680e-01
9.870000e-01  1.395370e-01
9.900000e-01  1.392064e-01
9.930000e-01  1.388760e-01
9.960000e-01  1.385458e-01
9.990000e-01  1.382159e-01
