000000  000001
3.000000e-03  7.249990e-01
6.000000e-03  6.324161e-01
9.000000e-03  5.774048e-01
1.200000e-02  5.388497e-01
1.500000e-02  5.094656e-01
1.800000e-02  4.858913e-01
2.100000e-02  4.663073e-01
2.400000e-02  4.496219e-01
2.700000e-02  4.351307e-01
3.000000e-02  4.223538e-01
3.300000e-02  4.109505e-01
3.600000e-02  4.006705e-01
3.900000e-02  3.913247e-01
4.200000e-02  3.827670e-01
4.500000e-02  3.748825e-01
4.800000e-02  3.675790e-01
5.100000e-02  3.607816e-01
5.400000e-02  3.544287e-01
5.700000e-02  3.484689e-01
6.000000e-02  3.428592e-01
6.300000e-02  3.375630e-01
6.600000e-02  3.325489e-01
6.900000e-02  3.277901e-01
7.200000e-02  3.232631e-01
7.500000e-02  3.189476e-01
7.800000e-02  3.148256e-01
8.100000e-02  3.108815e-01
8.400000e-02  3.071012e-01
8.700000e-02  3.034722e-01
9.000000e-02  2.999836e-01
9.300000e-02  2.966252e-01
9.600000e-02  2.933881e-01
9.900000e-02  2.902642e-01
1.020000e-01  2.872462e-01
1.050000e-01  2.843274e-01
1.080000e-01  2.815016e-01
1.110000e-01  2.787634e-01
1.140000e-01  2.761076e-01
1.170000e-01  2.735295e-01
1.200000e-01  2.710249e-01
1.230000e-01  2.685898e-01
1.260000e-01  2.662204e-01
1.290000e-01  2.639135e-01
1.320000e-01  2.616659e-01
1.350000e-01  2.594746e-01
1.380000e-01  2.573370e-01
1.410000e-01  2.552504e-01
1.440000e-01  2.532125e-01
1.470000e-01  2.512212e-01
1.500000e-01  2.492742e-01
1.530000e-01  2.473698e-01
1.560000e-01  2.455060e-01
1.590000e-01  2.436812e-01
1.620000e-01  2.418937e-01
1.650000e-01  2.401420e-01
1.680000e-01  2.384247e-01
1.710000e-01  2.367404e-01
1.740000e-01  2.350879e-01
1.770000e-01  2.334659e-01
1.800000e-01  2.318733e-01
1.830000e-01  2.303090e-01
1.860000e-01  2.287720e-01
1.890000e-01  2.272612e-01
1.920000e-01  2.257759e-01
1.950000e-01  2.243150e-01
1.980000e-01  2.228778e-01
2.010000e-01  2.214634e-01
2.040000e-01  2.200711e-01
2.070000e-01  2.187002e-01
2.100000e-01  2.173499e-01
2.130000e-01  2.160196e-01
2.160000e-01  2.147086e-01
2.190000e-01  2.134164e-01
2.220000e-01  2.121423e-01
2.250000e-01  2.108859e-01
2.280000e-01  2.096465e-01
2.310000e-01  2.084236e-01
2.340000e-01  2.072169e-01
2.370000e-01  2.060257e-01
2.400000e-01  2.048496e-01
2.430000e-01  2.036882e-01
2.460000e-01  2.025411e-01
2.490000e-01  2.014079e-01
2.520000e-01  2.002882e-01
2.550000e-01  1.991815e-01
2.580000e-01  1.980876e-01
2.610000e-01  1.970061e-01
2.640000e-01  1.959367e-01
2.670000e-01  1.948790e-01
2.700000e-01  1.938327e-01
2.730000e-01  1.927975e-01
2.760000e-01  1.917731e-01
2.790000e-01  1.907593e-01
2.820000e-01  1.897557e-01
2.850000e-01  1.887621e-01
2.880000e-01  1.877783e-01
2.910000e-01  1.868040e-01
2.940000e-01  1.858389e-01
2.970000e-01  1.848828e-01
3.000000e-01  1.839355e-01
3.030000e-01  1.829968e-01
3.060000e-01  1.820664e-01
3.090000e-01  1.811441e-01
3.120000e-01  1.802298e-01
3.150000e-01  1.793232e-01
3.180000e-01  1.784242e-01
3.210000e-01  1.775325e-01
3.240000e-01  1.766481e-01
3.270000e-01  1.757706e-01
3.300000e-01  1.748999e-01
3.330000e-01  1.740359e-01
3.360000e-01  1.731784e-01
3.390000e-01  1.723272e-01
3.420000e-01  1.714822e-01
3.450000e-01  1.706432e-01
3.480000e-01  1.698101e-01
3.510000e-01  1.689827e-01
3.540000e-01  1.681609e-01
3.570000e-01  1.673446e-01
3.600000e-01  1.665335e-01
3.630000e-01  1.657276e-01
3.660000e-01  1.649268e-01
3.690000e-01  1.641309e-01
3.720000e-01  1.633397e-01
3.750000e-01  1.625532e-01
3.780000e-01  1.617712e-01
3.810000e-01  1.609936e-01
3.840000e-01  1.602204e-01
3.870000e-01  1.594513e-01
3.900000e-01  1.586862e-01
3.930000e-01  1.579251e-01
3.960000e-01  1.571678e-01
3.990000e-01  1.564143e-01
4.020000e-01  1.556643e-01
4.050000e-01  1.549179e-01
4.080000e-01  1.541749e-01
4.110000e-01  1.534351e-01
4.140000e-01  1.526985e-01
4.170000e-01  1.519651e-01
4.200000e-01  1.512345e-01
4.230000e-01  1.505069e-01
4.260000e-01  1.497820e-01
4.290000e-01  1.490598e-01
4.320000e-01  1.483402e-01
4.350000e-01  1.476230e-01
4.380000e-01  1.469082e-01
4.410000e-01  1.461956e-01
4.440000e-01  1.454853e-01
4.470000e-01  1.447770e-01
4.500000e-01  1.440706e-01
4.530000e-01  1.433661e-01
4.560000e-01  1.426634e-01
4.590000e-01  1.419623e-01
4.620000e-01  1.412628e-01
4.650000e-01  1.405647e-01
4.680000e-01  1.398680e-01
4.710000e-01  1.391725e-01
4.740000e-01  1.384781e-01
4.770000e-01  1.377848e-01
4.800000e-01  1.370923e-01
4.830000e-01  1.364007e-01
4.860000e-01  1.357098e-01
4.890000e-01  1.350195e-01
4.920000e-01  1.343296e-01
4.950000e-01  1.336400e-01
4.980000e-01  1.329507e-01
5.010000e-01  000000
5.040000e-01  000000
5.070000e-01  000000
5.100000e-01  000000
5.130000e-01  000000
5.160000e-01  000000
5.190000e-01  000000
5.220000e-01  000000
5.250000e-01  000000
5.280000e-01  000000
5.310000e-01  000000
5.340000e-01  000000
5.370000e-01  000000
5.400000e-01  000000
5.430000e-01  000000
5.460000e-01  000000
5.490000e-01  000000
5.520000e-01  000000
5.550000e-01  000000
5.580000e-01  000000
5.610000e-01  000000
5.640000e-01  000000
5.670000e-01  000000
5.700000e-01  000000
5.730000e-01  000000
5.760000e-01  000000
5.790000e-01  000000
5.820000e-01  000000
5.850000e-01  000000
5.880000e-01  000000
5.910000e-01  000000
5.940000e-01  000000
5.970000e-01  000000
6.000000e-01  000000
6.030000e-01  000000
6.060000e-01  000000
6.090000e-01  000000
6.120000e-01  000000
6.150000e-01  000000
6.180000e-01  000000
6.210000e-01  000000
6.240000e-01  000000
6.270000e-01  000000
6.300000e-01  000000
6.330000e-01  000000
6.360000e-01  000000
6.390000e-01  000000
6.420000e-01  000000
6.450000e-01  000000
6.480000e-01  000000
6.510000e-01  000000
6.540000e-01  000000
6.570000e-01  000000
6.600000e-01  000000
6.630000e-01  000000
6.660000e-01  000000
6.690000e-01  000000
6.720000e-01  000000
6.750000e-01  000000
6.780000e-01  000000
6.810000e-01  000000
6.840000e-01  000000
6.870000e-01  000000
6.900000e-01  000000
6.930000e-01  000000
6.960000e-01  000000
6.990000e-01  000000
7.020000e-01  000000
7.050000e-01  000000
7.080000e-01  000000
7.110000e-01  000000
7.140000e-01  000000
7.170000e-01  000000
7.200000e-01  000000
7.230000e-01  000000
7.260000e-01  000000
7.290000e-01  000000
7.320000e-01  000000
7.350000e-01  000000
7.380000e-01  000000
7.410000e-01  000000
7.440000e-01  000000
7.470000e-01  000000
7.500000e-01  000000
7.530000e-01  000000
7.560000e-01  000000
7.590000e-01  000000
7.620000e-01  000000
7.650000e-01  000000
7.680000e-01  000000
7.710000e-01  000000
7.740000e-01  000000
7.770000e-01  000000
7.800000e-01  000000
7.830000e-01  000000
7.860000e-01  000000
7.890000e-01  000000
7.920000e-01  000000
7.950000e-01  000000
7.980000e-01  000000
8.010000e-01  000000
8.040000e-01  000000
8.070000e-01  000000
8.100000e-01  000000
8.130000e-01  000000
8.160000e-01  000000
8.190000e-01  000000
8.220000e-01  000000
8.250000e-01  000000
8.280000e-01  000000
8.310000e-01  000000
8.340000e-01  000000
8.370000e-01  000000
8.400000e-01  000000
8.430000e-01  000000
8.460000e-01  000000
8.490000e-01  000000
8.520000e-01  000000
8.550000e-01  000000
8.580000e-01  000000
8.610000e-01  000000
8.640000e-01  000000
8.670000e-01  000000
8.700000e-01  000000
8.730000e-01  000000
8.760000e-01  000000
8.790000e-01  000000
8.820000e-01  000000
8.850000e-01  000000
8.880000e-01  000000
8.910000e-01  000000
8.940000e-01  000000
8.970000e-01  000000
9.000000e-01  000000
9.030000e-01  000000
9.060000e-01  000000
9.090000e-01  000000
9.120000e-01  000000
9.150000e-01  000000
9.180000e-01  000000
9.210000e-01  000000
9.240000e-01  000000
9.270000e-01  000000
9.300000e-01  000000
9.330000e-01  000000
9.360000e-01  000000
9.390000e-01  000000
9.420000e-01  000000
9.450000e-01  000000
9.480000e-01  000000
9.510000e-01  000000
9.540000e-01  000000
9.570000e-01  000000
9.600000e-01  000000
9.630000e-01  000000
9.660000e-01  000000
9.690000e-01  000000
9.720000e-01  000000
9.750000e-01  000000
9.780000e-01  000000
9.810000e-01  000000
9.840000e-01  000000
9.870000e-01  000000
9.900000e-01  000000
9.930000e-01  000000
9.960000e-01  000000
9.990000e-01  000000
