000000  000001
3.000000e-03  8.439614e-01
6.000000e-03  7.660901e-01
9.000000e-03  7.145816e-01
1.200000e-02  6.764187e-01
1.500000e-02  6.462985e-01
1.800000e-02  6.215386e-01
2.100000e-02  6.005961e-01
2.400000e-02  5.825040e-01
2.700000e-02  5.666169e-01
3.000000e-02  5.524833e-01
3.300000e-02  5.397756e-01
3.600000e-02  5.282485e-01
3.900000e-02  5.177141e-01
4.200000e-02  5.080250e-01
4.500000e-02  4.990639e-01
4.800000e-02  4.907359e-01
5.100000e-02  4.829630e-01
5.400000e-02  4.756805e-01
5.700000e-02  4.688343e-01
6.000000e-02  4.623783e-01
6.300000e-02  4.562734e-01
6.600000e-02  4.504860e-01
6.900000e-02  4.449868e-01
7.200000e-02  4.397504e-01
7.500000e-02  4.347544e-01
7.800000e-02  4.299794e-01
8.100000e-02  4.254078e-01
8.400000e-02  4.210242e-01
8.700000e-02  4.168148e-01
9.000000e-02  4.127672e-01
9.300000e-02  4.088703e-01
9.600000e-02  4.051140e-01
9.900000e-02  4.014892e-01
1.020000e-01  3.979876e-01
1.050000e-01  3.946018e-01
1.080000e-01  3.913247e-01
1.110000e-01  3.881501e-01
1.140000e-01  3.850722e-01
1.170000e-01  3.820857e-01
1.200000e-01  3.791856e-01
1.230000e-01  3.763675e-01
1.260000e-01  3.736271e-01
1.290000e-01  3.709606e-01
1.320000e-01  3.683643e-01
1.350000e-01  3.658348e-01
1.380000e-01  3.633691e-01
1.410000e-01  3.609641e-01
1.440000e-01  3.586173e-01
1.470000e-01  3.563259e-01
1.500000e-01  3.540877e-01
1.530000e-01  3.519003e-01
1.560000e-01  3.497616e-01
1.590000e-01  3.476697e-01
1.620000e-01  3.456227e-01
1.650000e-01  3.436188e-01
1.680000e-01  3.416564e-01
1.710000e-01  3.397338e-01
1.740000e-01  3.378495e-01
1.770000e-01  3.360023e-01
1.800000e-01  3.341906e-01
1.830000e-01  3.324134e-01
1.860000e-01  3.306693e-01
1.890000e-01  3.289572e-01
1.920000e-01  3.272760e-01
1.950000e-01  3.256247e-01
1.980000e-01  3.240024e-01
2.010000e-01  3.224080e-01
2.040000e-01  3.208407e-01
2.070000e-01  3.192996e-01
2.100000e-01  3.177839e-01
2.130000e-01  3.162928e-01
2.160000e-01  3.148256e-01
2.190000e-01  3.133816e-01
2.220000e-01  3.119601e-01
2.250000e-01  3.105604e-01
2.280000e-01  3.091819e-01
2.310000e-01  3.078240e-01
2.340000e-01  3.064861e-01
2.370000e-01  3.051678e-01
2.400000e-01  3.038683e-01
2.430000e-01  3.025873e-01
2.460000e-01  3.013243e-01
2.490000e-01  3.000787e-01
2.520000e-01  2.988501e-01
2.550000e-01  2.976381e-01
2.580000e-01  2.964422e-01
2.610000e-01  2.952621e-01
2.640000e-01  2.940974e-01
2.670000e-01  2.929476e-01
2.700000e-01  2.918125e-01
2.730000e-01  2.906916e-01
2.760000e-01  2.895847e-01
2.790000e-01  2.884913e-01
2.820000e-01  2.874112e-01
2.850000e-01  2.863441e-01
2.880000e-01  2.852897e-01
2.910000e-01  2.842476e-01
2.940000e-01  2.832177e-01
2.970000e-01  2.821996e-01
3.000000e-01  2.811931e-01
3.030000e-01  2.801980e-01
3.060000e-01  2.792139e-01
3.090000e-01  2.782407e-01
3.120000e-01  2.772780e-01
3.150000e-01  2.763258e-01
3.180000e-01  2.753838e-01
3.210000e-01  2.744518e-01
3.240000e-01  2.735295e-01
3.270000e-01  2.726168e-01
3.300000e-01  2.717135e-01
3.330000e-01  2.708194e-01
3.360000e-01  2.699343e-01
3.390000e-01  2.690580e-01
3.420000e-01  2.681904e-01
3.450000e-01  2.673313e-01
3.480000e-01  2.664806e-01
3.510000e-01  2.656380e-01
3.540000e-01  2.648035e-01
3.570000e-01  2.639768e-01
3.600000e-01  2.631579e-01
3.630000e-01  2.623466e-01
3.660000e-01  2.615427e-01
3.690000e-01  2.607462e-01
3.720000e-01  2.599569e-01
3.750000e-01  2.591746e-01
3.780000e-01  2.583993e-01
3.810000e-01  2.576308e-01
3.840000e-01  2.568690e-01
3.870000e-01  2.561137e-01
3.900000e-01  2.553650e-01
3.930000e-01  2.546227e-01
3.960000e-01  2.538865e-01
3.990000e-01  2.531566e-01
4.020000e-01  2.524327e-01
4.050000e-01  2.517148e-01
4.080000e-01  2.510027e-01
4.110000e-01  2.502964e-01
4.140000e-01  2.495957e-01
4.170000e-01  2.489007e-01
4.200000e-01  2.482111e-01
4.230000e-01  2.475269e-01
4.260000e-01  2.468481e-01
4.290000e-01  2.461745e-01
4.320000e-01  2.455060e-01
4.350000e-01  2.448426e-01
4.380000e-01  2.441843e-01
4.410000e-01  2.435308e-01
4.440000e-01  2.428822e-01
4.470000e-01  2.422384e-01
4.500000e-01  2.415993e-01
4.530000e-01  2.409648e-01
4.560000e-01  2.403349e-01
4.590000e-01  2.397095e-01
4.620000e-01  2.390885e-01
4.650000e-01  2.384719e-01
4.680000e-01  2.378596e-01
4.710000e-01  2.372516e-01
4.740000e-01  2.366478e-01
4.770000e-01  2.360480e-01
4.800000e-01  2.354524e-01
4.830000e-01  2.348608e-01
4.860000e-01  2.342731e-01
4.890000e-01  2.336894e-01
4.920000e-01  2.331094e-01
4.950000e-01  2.325333e-01
4.980000e-01  2.319610e-01
5.010000e-01  2.313923e-01
5.040000e-01  2.308273e-01
5.070000e-01  2.302659e-01
5.100000e-01  2.297080e-01
5.130000e-01  2.291537e-01
5.160000e-01  2.286028e-01
5.190000e-01  2.280553e-01
5.220000e-01  2.275112e-01
5.250000e-01  2.269705e-01
5.280000e-01  2.264330e-01
5.310000e-01  2.258987e-01
5.340000e-01  2.253677e-01
5.370000e-01  2.248398e-01
5.400000e-01  2.243150e-01
5.430000e-01  2.237933e-01
5.460000e-01  2.232747e-01
5.490000e-01  2.227591e-01
5.520000e-01  2.222464e-01
5.550000e-01  2.217367e-01
5.580000e-01  2.212299e-01
5.610000e-01  2.207259e-01
5.640000e-01  2.202248e-01
5.670000e-01  2.197264e-01
5.700000e-01  2.192308e-01
5.730000e-01  2.187380e-01
5.760000e-01  2.182478e-01
5.790000e-01  2.177603e-01
5.820000e-01  2.172755e-01
5.850000e-01  2.167932e-01
5.880000e-01  2.163135e-01
5.910000e-01  2.158364e-01
5.940000e-01  2.153617e-01
5.970000e-01  2.148896e-01
6.000000e-01  2.144199e-01
6.030000e-01  2.139526e-01
6.060000e-01  2.134877e-01
6.090000e-01  2.130252e-01
6.120000e-01  2.125650e-01
6.150000e-01  2.121072e-01
6.180000e-01  2.116517e-01
6.210000e-01  2.111984e-01
6.240000e-01  2.107473e-01
6.270000e-01  2.102985e-01
6.300000e-01  2.098519e-01
6.330000e-01  2.094074e-01
6.360000e-01  2.089651e-01
6.390000e-01  2.085249e-01
6.420000e-01  2.080868e-01
6.450000e-01  2.076508e-01
6.480000e-01  2.072169e-01
6.510000e-01  2.067849e-01
6.540000e-01  2.063550e-01
6.570000e-01  2.059271e-01
6.600000e-01  2.055011e-01
6.630000e-01  2.050771e-01
6.660000e-01  2.046550e-01
6.690000e-01  2.042349e-01
6.720000e-01  2.038166e-01
6.750000e-01  2.034001e-01
6.780000e-01  2.029856e-01
6.810000e-01  2.025728e-01
6.840000e-01  2.021619e-01
6.870000e-01  2.017527e-01
6.900000e-01  2.013454e-01
6.930000e-01  2.009397e-01
6.960000e-01  2.005358e-01
6.990000e-01  2.001337e-01
7.020000e-01  1.997332e-01
7.050000e-01  1.993345e-01
7.080000e-01  1.989373e-01
7.110000e-01  1.985419e-01
7.140000e-01  1.981481e-01
7.170000e-01  1.977559e-01
7.200000e-01  1.973653e-01
7.230000e-01  1.969762e-01
7.260000e-01  1.965888e-01
7.290000e-01  1.962029e-01
7.320000e-01  1.958186e-01
7.350000e-01  1.954358e-01
7.380000e-01  1.950544e-01
7.410000e-01  1.946746e-01
7.440000e-01  1.942963e-01
7.470000e-01  1.939194e-01
7.500000e-01  1.935440e-01
7.530000e-01  1.931700e-01
7.560000e-01  1.927975e-01
7.590000e-01  1.924263e-01
7.620000e-01  1.920566e-01
7.650000e-01  1.916882e-01
7.680000e-01  1.913212e-01
7.710000e-01  1.909556e-01
7.740000e-01  1.905913e-01
7.770000e-01  1.902284e-01
7.800000e-01  1.898667e-01
7.830000e-01  1.895064e-01
7.860000e-01  1.891474e-01
7.890000e-01  1.887896e-01
7.920000e-01  1.884331e-01
7.950000e-01  1.880779e-01
7.980000e-01  1.877239e-01
8.010000e-01  1.873712e-01
8.040000e-01  1.870197e-01
8.070000e-01  1.866694e-01
8.100000e-01  1.863203e-01
8.130000e-01  1.859724e-01
8.160000e-01  1.856256e-01
8.190000e-01  1.852801e-01
8.220000e-01  1.849357e-01
8.250000e-01  1.845924e-01
8.280000e-01  1.842503e-01
8.310000e-01  1.839093e-01
8.340000e-01  1.835694e-01
8.370000e-01  1.832307e-01
8.400000e-01  1.828930e-01
8.430000e-01  1.825564e-01
8.460000e-01  1.822209e-01
8.490000e-01  1.818864e-01
8.520000e-01  1.815530e-01
8.550000e-01  1.812207e-01
8.580000e-01  1.808894e-01
8.610000e-01  1.805591e-01
8.640000e-01  1.802298e-01
8.670000e-01  1.799015e-01
8.700000e-01  1.795743e-01
8.730000e-01  1.792480e-01
8.760000e-01  1.789228e-01
8.790000e-01  1.785984e-01
8.820000e-01  1.782751e-01
8.850000e-01  1.779527e-01
8.880000e-01  1.776313e-01
8.910000e-01  1.773108e-01
8.940000e-01  1.769912e-01
8.970000e-01  1.766725e-01
9.000000e-01  1.763548e-01
9.030000e-01  1.760380e-01
9.060000e-01  1.757220e-01
9.090000e-01  1.754070e-01
9.120000e-01  1.750928e-01
9.150000e-01  1.747795e-01
9.180000e-01  1.744671e-01
9.210000e-01  1.741555e-01
9.240000e-01  1.738448e-01
9.270000e-01  1.735349e-01
9.300000e-01  1.732259e-01
9.330000e-01  1.729176e-01
9.360000e-01  1.726102e-01
9.390000e-01  1.723036e-01
9.420000e-01  1.719979e-01
9.450000e-01  1.716929e-01
9.480000e-01  1.713887e-01
9.510000e-01  1.710853e-01
9.540000e-01  1.707826e-01
9.570000e-01  1.704808e-01
9.600000e-01  1.701797e-01
9.630000e-01  1.698793e-01
9.660000e-01  1.695797e-01
9.690000e-01  1.692809e-01
9.720000e-01  1.689827e-01
9.750000e-01  1.686853e-01
9.780000e-01  1.683887e-01
9.810000e-01  1.680927e-01
9.840000e-01  1.677974e-01
9.870000e-01  1.675029e-01
9.900000e-01  1.672090e-01
9.930000e-01  1.669159e-01
9.960000e-01  1.666234e-01
9.990000e-01  1.663316e-01
