000000  000001
3.000000e-03  8.175374e-01
6.000000e-03  7.345461e-01
9.000000e-03  6.812937e-01
1.200000e-02  6.424778e-01
1.500000e-02  6.121617e-01
1.800000e-02  5.874244e-01
2.100000e-02  5.666169e-01
2.400000e-02  5.487190e-01
2.700000e-02  5.330573e-01
3.000000e-02  5.191642e-01
3.300000e-02  5.067027e-01
3.600000e-02  4.954222e-01
3.900000e-02  4.851312e-01
4.200000e-02  4.756805e-01
4.500000e-02  4.669517e-01
4.800000e-02  4.588491e-01
5.100000e-02  4.512945e-01
5.400000e-02  4.442232e-01
5.700000e-02  4.375810e-01
6.000000e-02  4.313222e-01
6.300000e-02  4.254078e-01
6.600000e-02  4.198043e-01
6.900000e-02  4.144828e-01
7.200000e-02  4.094182e-01
7.500000e-02  4.045883e-01
7.800000e-02  3.999739e-01
8.100000e-02  3.955578e-01
8.400000e-02  3.913247e-01
8.700000e-02  3.872611e-01
9.000000e-02  3.833548e-01
9.300000e-02  3.795948e-01
9.600000e-02  3.759714e-01
9.900000e-02  3.724755e-01
1.020000e-01  3.690991e-01
1.050000e-01  3.658348e-01
1.080000e-01  3.626759e-01
1.110000e-01  3.596161e-01
1.140000e-01  3.566500e-01
1.170000e-01  3.537721e-01
1.200000e-01  3.509779e-01
1.230000e-01  3.482628e-01
1.260000e-01  3.456227e-01
1.290000e-01  3.430540e-01
1.320000e-01  3.405529e-01
1.350000e-01  3.381164e-01
1.380000e-01  3.357413e-01
1.410000e-01  3.334248e-01
1.440000e-01  3.311643e-01
1.470000e-01  3.289572e-01
1.500000e-01  3.268012e-01
1.530000e-01  3.246942e-01
1.560000e-01  3.226341e-01
1.590000e-01  3.206189e-01
1.620000e-01  3.186469e-01
1.650000e-01  3.167164e-01
1.680000e-01  3.148256e-01
1.710000e-01  3.129732e-01
1.740000e-01  3.111576e-01
1.770000e-01  3.093775e-01
1.800000e-01  3.076317e-01
1.830000e-01  3.059188e-01
1.860000e-01  3.042377e-01
1.890000e-01  3.025873e-01
1.920000e-01  3.009666e-01
1.950000e-01  2.993746e-01
1.980000e-01  2.978102e-01
2.010000e-01  2.962727e-01
2.040000e-01  2.947611e-01
2.070000e-01  2.932746e-01
2.100000e-01  2.918125e-01
2.130000e-01  2.903739e-01
2.160000e-01  2.889582e-01
2.190000e-01  2.875647e-01
2.220000e-01  2.861927e-01
2.250000e-01  2.848416e-01
2.280000e-01  2.835108e-01
2.310000e-01  2.821996e-01
2.340000e-01  2.809076e-01
2.370000e-01  2.796343e-01
2.400000e-01  2.783790e-01
2.430000e-01  2.771414e-01
2.460000e-01  2.759209e-01
2.490000e-01  2.747171e-01
2.520000e-01  2.735295e-01
2.550000e-01  2.723578e-01
2.580000e-01  2.712014e-01
2.610000e-01  2.700602e-01
2.640000e-01  2.689335e-01
2.670000e-01  2.678212e-01
2.700000e-01  2.667228e-01
2.730000e-01  2.656380e-01
2.760000e-01  2.645665e-01
2.790000e-01  2.635079e-01
2.820000e-01  2.624620e-01
2.850000e-01  2.614285e-01
2.880000e-01  2.604070e-01
2.910000e-01  2.593974e-01
2.940000e-01  2.583993e-01
2.970000e-01  2.574124e-01
3.000000e-01  2.564366e-01
3.030000e-01  2.554716e-01
3.060000e-01  2.545171e-01
3.090000e-01  2.535730e-01
3.120000e-01  2.526389e-01
3.150000e-01  2.517148e-01
3.180000e-01  2.508003e-01
3.210000e-01  2.498953e-01
3.240000e-01  2.489996e-01
3.270000e-01  2.481130e-01
3.300000e-01  2.472353e-01
3.330000e-01  2.463664e-01
3.360000e-01  2.455060e-01
3.390000e-01  2.446540e-01
3.420000e-01  2.438103e-01
3.450000e-01  2.429746e-01
3.480000e-01  2.421468e-01
3.510000e-01  2.413268e-01
3.540000e-01  2.405144e-01
3.570000e-01  2.397095e-01
3.600000e-01  2.389119e-01
3.630000e-01  2.381215e-01
3.660000e-01  2.373382e-01
3.690000e-01  2.365618e-01
3.720000e-01  2.357923e-01
3.750000e-01  2.350294e-01
3.780000e-01  2.342731e-01
3.810000e-01  2.335233e-01
3.840000e-01  2.327798e-01
3.870000e-01  2.320425e-01
3.900000e-01  2.313114e-01
3.930000e-01  2.305863e-01
3.960000e-01  2.298671e-01
3.990000e-01  2.291537e-01
4.020000e-01  2.284460e-01
4.050000e-01  2.277440e-01
4.080000e-01  2.270475e-01
4.110000e-01  2.263565e-01
4.140000e-01  2.256707e-01
4.170000e-01  2.249903e-01
4.200000e-01  2.243150e-01
4.230000e-01  2.236449e-01
4.260000e-01  2.229797e-01
4.290000e-01  2.223195e-01
4.320000e-01  2.216641e-01
4.350000e-01  2.210135e-01
4.380000e-01  2.203677e-01
4.410000e-01  2.197264e-01
4.440000e-01  2.190897e-01
4.470000e-01  2.184576e-01
4.500000e-01  2.178298e-01
4.530000e-01  2.172064e-01
4.560000e-01  2.165873e-01
4.590000e-01  2.159724e-01
4.620000e-01  2.153617e-01
4.650000e-01  2.147551e-01
4.680000e-01  2.141526e-01
4.710000e-01  2.135540e-01
4.740000e-01  2.129593e-01
4.770000e-01  2.123685e-01
4.800000e-01  2.117816e-01
4.830000e-01  2.111984e-01
4.860000e-01  2.106189e-01
4.890000e-01  2.100430e-01
4.920000e-01  2.094708e-01
4.950000e-01  2.089021e-01
4.980000e-01  2.083369e-01
5.010000e-01  2.077752e-01
5.040000e-01  2.072169e-01
5.070000e-01  2.066619e-01
5.100000e-01  2.061102e-01
5.130000e-01  2.055619e-01
5.160000e-01  2.050167e-01
5.190000e-01  2.044747e-01
5.220000e-01  2.039359e-01
5.250000e-01  2.034001e-01
5.280000e-01  2.028674e-01
5.310000e-01  2.023378e-01
5.340000e-01  2.018111e-01
5.370000e-01  2.012873e-01
5.400000e-01  2.007664e-01
5.430000e-01  2.002484e-01
5.460000e-01  1.997332e-01
5.490000e-01  1.992208e-01
5.520000e-01  1.987112e-01
5.550000e-01  1.982042e-01
5.580000e-01  1.977000e-01
5.610000e-01  1.971983e-01
5.640000e-01  1.966993e-01
5.670000e-01  1.962029e-01
5.700000e-01  1.957090e-01
5.730000e-01  1.952177e-01
5.760000e-01  1.947288e-01
5.790000e-01  1.942424e-01
5.820000e-01  1.937583e-01
5.850000e-01  1.932767e-01
5.880000e-01  1.927975e-01
5.910000e-01  1.923205e-01
5.940000e-01  1.918459e-01
5.970000e-01  1.913736e-01
6.000000e-01  1.909035e-01
6.030000e-01  1.904356e-01
6.060000e-01  1.899699e-01
6.090000e-01  1.895064e-01
6.120000e-01  1.890450e-01
6.150000e-01  1.885858e-01
6.180000e-01  1.881286e-01
6.210000e-01  1.876735e-01
6.240000e-01  1.872204e-01
6.270000e-01  1.867693e-01
6.300000e-01  1.863203e-01
6.330000e-01  1.858732e-01
6.360000e-01  1.854280e-01
6.390000e-01  1.849848e-01
6.420000e-01  1.845435e-01
6.450000e-01  1.841040e-01
6.480000e-01  1.836664e-01
6.510000e-01  1.832307e-01
6.540000e-01  1.827967e-01
6.570000e-01  1.823645e-01
6.600000e-01  1.819341e-01
6.630000e-01  1.815055e-01
6.660000e-01  1.810786e-01
6.690000e-01  1.806533e-01
6.720000e-01  1.802298e-01
6.750000e-01  1.798079e-01
6.780000e-01  1.793877e-01
6.810000e-01  1.789692e-01
6.840000e-01  1.785522e-01
6.870000e-01  1.781368e-01
6.900000e-01  1.777230e-01
6.930000e-01  1.773108e-01
6.960000e-01  1.769000e-01
6.990000e-01  1.764908e-01
7.020000e-01  1.760832e-01
7.050000e-01  1.756770e-01
7.080000e-01  1.752722e-01
7.110000e-01  1.748689e-01
7.140000e-01  1.744671e-01
7.170000e-01  1.740666e-01
7.200000e-01  1.736676e-01
7.230000e-01  1.732700e-01
7.260000e-01  1.728737e-01
7.290000e-01  1.724787e-01
7.320000e-01  1.720852e-01
7.350000e-01  1.716929e-01
7.380000e-01  1.713019e-01
7.410000e-01  1.709122e-01
7.440000e-01  1.705239e-01
7.470000e-01  1.701367e-01
7.500000e-01  1.697508e-01
7.530000e-01  1.693662e-01
7.560000e-01  1.689827e-01
7.590000e-01  1.686005e-01
7.620000e-01  1.682195e-01
7.650000e-01  1.678396e-01
7.680000e-01  1.674609e-01
7.710000e-01  1.670833e-01
7.740000e-01  1.667069e-01
7.770000e-01  1.663316e-01
7.800000e-01  1.659574e-01
7.830000e-01  1.655843e-01
7.860000e-01  1.652122e-01
7.890000e-01  1.648413e-01
7.920000e-01  1.644714e-01
7.950000e-01  1.641025e-01
7.980000e-01  1.637347e-01
8.010000e-01  1.633679e-01
8.040000e-01  1.630020e-01
8.070000e-01  1.626372e-01
8.100000e-01  1.622734e-01
8.130000e-01  1.619105e-01
8.160000e-01  1.615486e-01
8.190000e-01  1.611876e-01
8.220000e-01  1.608276e-01
8.250000e-01  1.604685e-01
8.280000e-01  1.601102e-01
8.310000e-01  1.597529e-01
8.340000e-01  1.593965e-01
8.370000e-01  1.590409e-01
8.400000e-01  1.586862e-01
8.430000e-01  1.583324e-01
8.460000e-01  1.579793e-01
8.490000e-01  1.576272e-01
8.520000e-01  1.572758e-01
8.550000e-01  1.569252e-01
8.580000e-01  1.565755e-01
8.610000e-01  1.562265e-01
8.640000e-01  1.558783e-01
8.670000e-01  1.555308e-01
8.700000e-01  1.551841e-01
8.730000e-01  1.548381e-01
8.760000e-01  1.544929e-01
8.790000e-01  1.541484e-01
8.820000e-01  1.538046e-01
8.850000e-01  1.534615e-01
8.880000e-01  1.531191e-01
8.910000e-01  1.527773e-01
8.940000e-01  1.524362e-01
8.970000e-01  1.520958e-01
9.000000e-01  1.517560e-01
9.030000e-01  1.514169e-01
9.060000e-01  1.510784e-01
9.090000e-01  1.507405e-01
9.120000e-01  1.504032e-01
9.150000e-01  1.500665e-01
9.180000e-01  1.497303e-01
9.210000e-01  1.493948e-01
9.240000e-01  1.490598e-01
9.270000e-01  1.487254e-01
9.300000e-01  1.483915e-01
9.330000e-01  1.480581e-01
9.360000e-01  1.477253e-01
9.390000e-01  1.473930e-01
9.420000e-01  1.470612e-01
9.450000e-01  1.467299e-01
9.480000e-01  1.463990e-01
9.510000e-01  1.460686e-01
9.540000e-01  1.457387e-01
9.570000e-01  1.454093e-01
9.600000e-01  1.450803e-01
9.630000e-01  1.447517e-01
9.660000e-01  1.444235e-01
9.690000e-01  1.440958e-01
9.720000e-01  1.437685e-01
9.750000e-01  1.434415e-01
9.780000e-01  1.431149e-01
9.810000e-01  1.427887e-01
9.840000e-01  1.424629e-01
9.870000e-01  1.421374e-01
9.900000e-01  1.418123e-01
9.930000e-01  1.414874e-01
9.960000e-01  1.411629e-01
9.990000e-01  1.408388e-01
