000000  000001
3.000000e-03  7.181591e-01
6.000000e-03  6.252626e-01
9.000000e-03  5.703051e-01
1.200000e-02  5.318701e-01
1.500000e-02  5.026156e-01
1.800000e-02  4.791657e-01
2.100000e-02  4.596974e-01
2.400000e-02  4.431182e-01
2.700000e-02  4.287244e-01
3.000000e-02  4.160370e-01
3.300000e-02  4.047159e-01
3.600000e-02  3.945118e-01
3.900000e-02  3.852362e-01
4.200000e-02  3.767437e-01
4.500000e-02  3.689198e-01
4.800000e-02  3.616729e-01
5.100000e-02  3.549285e-01
5.400000e-02  3.486252e-01
5.700000e-02  3.427121e-01
6.000000e-02  3.371463e-01
6.300000e-02  3.318914e-01
6.600000e-02  3.269165e-01
6.900000e-02  3.221946e-01
7.200000e-02  3.177026e-01
7.500000e-02  3.134203e-01
7.800000e-02  3.093299e-01
8.100000e-02  3.054157e-01
8.400000e-02  3.016639e-01
8.700000e-02  2.980621e-01
9.000000e-02  2.945992e-01
9.300000e-02  2.912654e-01
9.600000e-02  2.880519e-01
9.900000e-02  2.849504e-01
1.020000e-01  2.819538e-01
1.050000e-01  2.790553e-01
1.080000e-01  2.762491e-01
1.110000e-01  2.735295e-01
1.140000e-01  2.708915e-01
1.170000e-01  2.683305e-01
1.200000e-01  2.658422e-01
1.230000e-01  2.634227e-01
1.260000e-01  2.610682e-01
1.290000e-01  2.587756e-01
1.320000e-01  2.565416e-01
1.350000e-01  2.543633e-01
1.380000e-01  2.522381e-01
1.410000e-01  2.501634e-01
1.440000e-01  2.481369e-01
1.470000e-01  2.461563e-01
1.500000e-01  2.442197e-01
1.530000e-01  2.423251e-01
1.560000e-01  2.404707e-01
1.590000e-01  2.386548e-01
1.620000e-01  2.368758e-01
1.650000e-01  2.351321e-01
1.680000e-01  2.334224e-01
1.710000e-01  2.317454e-01
1.740000e-01  2.300997e-01
1.770000e-01  2.284842e-01
1.800000e-01  2.268976e-01
1.830000e-01  2.253391e-01
1.860000e-01  2.238074e-01
1.890000e-01  2.223017e-01
1.920000e-01  2.208210e-01
1.950000e-01  2.193645e-01
1.980000e-01  2.179313e-01
2.010000e-01  2.165206e-01
2.040000e-01  2.151317e-01
2.070000e-01  2.137638e-01
2.100000e-01  2.124163e-01
2.130000e-01  2.110885e-01
2.160000e-01  2.097797e-01
2.190000e-01  2.084893e-01
2.220000e-01  2.072169e-01
2.250000e-01  2.059617e-01
2.280000e-01  2.047233e-01
2.310000e-01  2.035012e-01
2.340000e-01  2.022949e-01
2.370000e-01  2.011040e-01
2.400000e-01  1.999278e-01
2.430000e-01  1.987661e-01
2.460000e-01  1.976184e-01
2.490000e-01  1.964844e-01
2.520000e-01  1.953635e-01
2.550000e-01  1.942555e-01
2.580000e-01  1.931599e-01
2.610000e-01  1.920765e-01
2.640000e-01  1.910049e-01
2.670000e-01  1.899448e-01
2.700000e-01  1.888958e-01
2.730000e-01  1.878577e-01
2.760000e-01  1.868302e-01
2.790000e-01  1.858129e-01
2.820000e-01  1.848057e-01
2.850000e-01  1.838081e-01
2.880000e-01  1.828201e-01
2.910000e-01  1.818413e-01
2.940000e-01  1.808715e-01
2.970000e-01  1.799104e-01
3.000000e-01  1.789579e-01
3.030000e-01  1.780136e-01
3.060000e-01  1.770775e-01
3.090000e-01  1.761492e-01
3.120000e-01  1.752286e-01
3.150000e-01  1.743154e-01
3.180000e-01  1.734095e-01
3.210000e-01  1.725107e-01
3.240000e-01  1.716188e-01
3.270000e-01  1.707336e-01
3.300000e-01  1.698550e-01
3.330000e-01  1.689827e-01
3.360000e-01  1.681167e-01
3.390000e-01  1.672566e-01
3.420000e-01  1.664025e-01
3.450000e-01  1.655541e-01
3.480000e-01  1.647112e-01
3.510000e-01  1.638737e-01
3.540000e-01  1.630416e-01
3.570000e-01  1.622145e-01
3.600000e-01  1.613924e-01
3.630000e-01  1.605751e-01
3.660000e-01  1.597626e-01
3.690000e-01  1.589546e-01
3.720000e-01  1.581510e-01
3.750000e-01  1.573517e-01
3.780000e-01  1.565566e-01
3.810000e-01  1.557655e-01
3.840000e-01  1.549783e-01
3.870000e-01  1.541949e-01
3.900000e-01  1.534152e-01
3.930000e-01  1.526390e-01
3.960000e-01  1.518662e-01
3.990000e-01  1.510967e-01
4.020000e-01  1.503303e-01
4.050000e-01  1.495670e-01
4.080000e-01  1.488067e-01
4.110000e-01  1.480491e-01
4.140000e-01  1.472943e-01
4.170000e-01  1.465420e-01
4.200000e-01  1.457922e-01
4.230000e-01  1.450447e-01
4.260000e-01  1.442995e-01
4.290000e-01  1.435563e-01
4.320000e-01  1.428152e-01
4.350000e-01  1.420759e-01
4.380000e-01  1.413383e-01
4.410000e-01  1.406024e-01
4.440000e-01  1.398680e-01
4.470000e-01  1.391349e-01
4.500000e-01  1.384031e-01
4.530000e-01  1.376724e-01
4.560000e-01  1.369427e-01
4.590000e-01  1.362139e-01
4.620000e-01  1.354859e-01
4.650000e-01  1.347584e-01
4.680000e-01  1.340314e-01
4.710000e-01  1.333047e-01
4.740000e-01  1.325781e-01
4.770000e-01  000000
4.800000e-01  000000
4.830000e-01  000000
4.860000e-01  000000
4.890000e-01  000000
4.920000e-01  000000
4.950000e-01  000000
4.980000e-01  000000
5.010000e-01  000000
5.040000e-01  000000
5.070000e-01  000000
5.100000e-01  000000
5.130000e-01  000000
5.160000e-01  000000
5.190000e-01  000000
5.220000e-01  000000
5.250000e-01  000000
5.280000e-01  000000
5.310000e-01  000000
5.340000e-01  000000
5.370000e-01  000000
5.400000e-01  000000
5.430000e-01  000000
5.460000e-01  000000
5.490000e-01  000000
5.520000e-01  000000
5.550000e-01  000000
5.580000e-01  000000
5.610000e-01  000000
5.640000e-01  000000
5.670000e-01  000000
5.700000e-01  000000
5.730000e-01  000000
5.760000e-01  000000
5.790000e-01  000000
5.820000e-01  000000
5.850000e-01  000000
5.880000e-01  000000
5.910000e-01  000000
5.940000e-01  000000
5.970000e-01  000000
6.000000e-01  000000
6.030000e-01  000000
6.060000e-01  000000
6.090000e-01  000000
6.120000e-01  000000
6.150000e-01  000000
6.180000e-01  000000
6.210000e-01  000000
6.240000e-01  000000
6.270000e-01  000000
6.300000e-01  000000
6.330000e-01  000000
6.360000e-01  000000
6.390000e-01  000000
6.420000e-01  000000
6.450000e-01  000000
6.480000e-01  000000
6.510000e-01  000000
6.540000e-01  000000
6.570000e-01  000000
6.600000e-01  000000
6.630000e-01  000000
6.660000e-01  000000
6.690000e-01  000000
6.720000e-01  000000
6.750000e-01  000000
6.780000e-01  000000
6.810000e-01  000000
6.840000e-01  000000
6.870000e-01  000000
6.900000e-01  000000
6.930000e-01  000000
6.960000e-01  000000
6.990000e-01  000000
7.020000e-01  000000
7.050000e-01  000000
7.080000e-01  000000
7.110000e-01  000000
7.140000e-01  000000
7.170000e-01  000000
7.200000e-01  000000
7.230000e-01  000000
7.260000e-01  000000
7.290000e-01  000000
7.320000e-01  000000
7.350000e-01  000000
7.380000e-01  000000
7.410000e-01  000000
7.440000e-01  000000
7.470000e-01  000000
7.500000e-01  000000
7.530000e-01  000000
7.560000e-01  000000
7.590000e-01  000000
7.620000e-01  000000
7.650000e-01  000000
7.680000e-01  000000
7.710000e-01  000000
7.740000e-01  000000
7.770000e-01  000000
7.800000e-01  000000
7.830000e-01  000000
7.860000e-01  000000
7.890000e-01  000000
7.920000e-01  000000
7.950000e-01  000000
7.980000e-01  000000
8.010000e-01  000000
8.040000e-01  000000
8.070000e-01  000000
8.100000e-01  000000
8.130000e-01  000000
8.160000e-01  000000
8.190000e-01  000000
8.220000e-01  000000
8.250000e-01  000000
8.280000e-01  000000
8.310000e-01  000000
8.340000e-01  000000
8.370000e-01  000000
8.400000e-01  000000
8.430000e-01  000000
8.460000e-01  000000
8.490000e-01  000000
8.520000e-01  000000
8.550000e-01  000000
8.580000e-01  000000
8.610000e-01  000000
8.640000e-01  000000
8.670000e-01  000000
8.700000e-01  000000
8.730000e-01  000000
8.760000e-01  000000
8.790000e-01  000000
8.820000e-01  000000
8.850000e-01  000000
8.880000e-01  000000
8.910000e-01  000000
8.940000e-01  000000
8.970000e-01  000000
9.000000e-01  000000
9.030000e-01  000000
9.060000e-01  000000
9.090000e-01  000000
9.120000e-01  000000
9.150000e-01  000000
9.180000e-01  000000
9.210000e-01  000000
9.240000e-01  000000
9.270000e-01  000000
9.300000e-01  000000
9.330000e-01  000000
9.360000e-01  000000
9.390000e-01  000000
9.420000e-01  000000
9.450000e-01  000000
9.480000e-01  000000
9.510000e-01  000000
9.540000e-01  000000
9.570000e-01  000000
9.600000e-01  000000
9.630000e-01  000000
9.660000e-01  000000
9.690000e-01  000000
9.720000e-01  000000
9.750000e-01  000000
9.780000e-01  000000
9.810000e-01  000000
9.840000e-01  000000
9.870000e-01  000000
9.900000e-01  000000
9.930000e-01  000000
9.960000e-01  000000
9.990000e-01  000000
