000000  000001
3.000000e-03  8.452455e-01
6.000000e-03  7.676895e-01
9.000000e-03  7.163261e-01
1.200000e-02  6.782501e-01
1.500000e-02  6.481907e-01
1.800000e-02  6.234781e-01
2.100000e-02  6.025751e-01
2.400000e-02  5.845175e-01
2.700000e-02  5.686617e-01
3.000000e-02  5.545573e-01
3.300000e-02  5.418772e-01
3.600000e-02  5.303765e-01
3.900000e-02  5.198675e-01
4.200000e-02  5.102032e-01
4.500000e-02  5.012663e-01
4.800000e-02  4.929619e-01
5.100000e-02  4.852123e-01
5.400000e-02  4.779528e-01
5.700000e-02  4.711292e-01
6.000000e-02  4.646956e-01
6.300000e-02  4.586129e-01
6.600000e-02  4.528474e-01
6.900000e-02  4.473699e-01
7.200000e-02  4.421550e-01
7.500000e-02  4.371805e-01
7.800000e-02  4.324267e-01
8.100000e-02  4.278761e-01
8.400000e-02  4.235135e-01
8.700000e-02  4.193249e-01
9.000000e-02  4.152980e-01
9.300000e-02  4.114217e-01
9.600000e-02  4.076859e-01
9.900000e-02  4.040814e-01
1.020000e-01  4.006001e-01
1.050000e-01  3.972344e-01
1.080000e-01  3.939773e-01
1.110000e-01  3.908227e-01
1.140000e-01  3.877646e-01
1.170000e-01  3.847979e-01
1.200000e-01  3.819175e-01
1.230000e-01  3.791190e-01
1.260000e-01  3.763982e-01
1.290000e-01  3.737511e-01
1.320000e-01  3.711741e-01
1.350000e-01  3.686640e-01
1.380000e-01  3.662175e-01
1.410000e-01  3.638317e-01
1.440000e-01  3.615039e-01
1.470000e-01  3.592316e-01
1.500000e-01  3.570123e-01
1.530000e-01  3.548438e-01
1.560000e-01  3.527240e-01
1.590000e-01  3.506509e-01
1.620000e-01  3.486226e-01
1.650000e-01  3.466374e-01
1.680000e-01  3.446936e-01
1.710000e-01  3.427895e-01
1.740000e-01  3.409238e-01
1.770000e-01  3.390950e-01
1.800000e-01  3.373018e-01
1.830000e-01  3.355429e-01
1.860000e-01  3.338171e-01
1.890000e-01  3.321233e-01
1.920000e-01  3.304604e-01
1.950000e-01  3.288273e-01
1.980000e-01  3.272231e-01
2.010000e-01  3.256468e-01
2.040000e-01  3.240976e-01
2.070000e-01  3.225745e-01
2.100000e-01  3.210768e-01
2.130000e-01  3.196037e-01
2.160000e-01  3.181545e-01
2.190000e-01  3.167283e-01
2.220000e-01  3.153246e-01
2.250000e-01  3.139428e-01
2.280000e-01  3.125821e-01
2.310000e-01  3.112419e-01
2.340000e-01  3.099218e-01
2.370000e-01  3.086211e-01
2.400000e-01  3.073394e-01
2.430000e-01  3.060760e-01
2.460000e-01  3.048306e-01
2.490000e-01  3.036025e-01
2.520000e-01  3.023915e-01
2.550000e-01  3.011971e-01
2.580000e-01  3.000187e-01
2.610000e-01  2.988561e-01
2.640000e-01  2.977088e-01
2.670000e-01  2.965765e-01
2.700000e-01  2.954588e-01
2.730000e-01  2.943553e-01
2.760000e-01  2.932658e-01
2.790000e-01  2.921898e-01
2.820000e-01  2.911270e-01
2.850000e-01  2.900772e-01
2.880000e-01  2.890401e-01
2.910000e-01  2.880154e-01
2.940000e-01  2.870027e-01
2.970000e-01  2.860019e-01
3.000000e-01  2.850126e-01
3.030000e-01  2.840347e-01
3.060000e-01  2.830678e-01
3.090000e-01  2.821118e-01
3.120000e-01  2.811664e-01
3.150000e-01  2.802313e-01
3.180000e-01  2.793065e-01
3.210000e-01  2.783916e-01
3.240000e-01  2.774864e-01
3.270000e-01  2.765908e-01
3.300000e-01  2.757046e-01
3.330000e-01  2.748276e-01
3.360000e-01  2.739596e-01
3.390000e-01  2.731004e-01
3.420000e-01  2.722499e-01
3.450000e-01  2.714079e-01
3.480000e-01  2.705742e-01
3.510000e-01  2.697487e-01
3.540000e-01  2.689312e-01
3.570000e-01  2.681216e-01
3.600000e-01  2.673197e-01
3.630000e-01  2.665254e-01
3.660000e-01  2.657386e-01
3.690000e-01  2.649591e-01
3.720000e-01  2.641868e-01
3.750000e-01  2.634215e-01
3.780000e-01  2.626632e-01
3.810000e-01  2.619117e-01
3.840000e-01  2.611669e-01
3.870000e-01  2.604287e-01
3.900000e-01  2.596970e-01
3.930000e-01  2.589716e-01
3.960000e-01  2.582525e-01
3.990000e-01  2.575395e-01
4.020000e-01  2.568326e-01
4.050000e-01  2.561317e-01
4.080000e-01  2.554366e-01
4.110000e-01  2.547473e-01
4.140000e-01  2.540636e-01
4.170000e-01  2.533856e-01
4.200000e-01  2.527130e-01
4.230000e-01  2.520458e-01
4.260000e-01  2.513840e-01
4.290000e-01  2.507274e-01
4.320000e-01  2.500760e-01
4.350000e-01  2.494296e-01
4.380000e-01  2.487882e-01
4.410000e-01  2.481518e-01
4.440000e-01  2.475202e-01
4.470000e-01  2.468935e-01
4.500000e-01  2.462714e-01
4.530000e-01  2.456540e-01
4.560000e-01  2.450411e-01
4.590000e-01  2.444327e-01
4.620000e-01  2.438288e-01
4.650000e-01  2.432293e-01
4.680000e-01  2.426341e-01
4.710000e-01  2.420432e-01
4.740000e-01  2.414564e-01
4.770000e-01  2.408738e-01
4.800000e-01  2.402953e-01
4.830000e-01  2.397208e-01
4.860000e-01  2.391502e-01
4.890000e-01  2.385836e-01
4.920000e-01  2.380209e-01
4.950000e-01  2.374619e-01
4.980000e-01  2.369067e-01
5.010000e-01  2.363553e-01
5.040000e-01  2.358074e-01
5.070000e-01  2.352632e-01
5.100000e-01  2.347226e-01
5.130000e-01  2.341855e-01
5.160000e-01  2.336518e-01
5.190000e-01  2.331216e-01
5.220000e-01  2.325947e-01
5.250000e-01  2.320712e-01
5.280000e-01  2.315511e-01
5.310000e-01  2.310341e-01
5.340000e-01  2.305204e-01
5.370000e-01  2.300098e-01
5.400000e-01  2.295024e-01
5.430000e-01  2.289981e-01
5.460000e-01  2.284968e-01
5.490000e-01  2.279986e-01
5.520000e-01  2.275033e-01
5.550000e-01  2.270111e-01
5.580000e-01  2.265217e-01
5.610000e-01  2.260352e-01
5.640000e-01  2.255515e-01
5.670000e-01  2.250707e-01
5.700000e-01  2.245926e-01
5.730000e-01  2.241173e-01
5.760000e-01  2.236447e-01
5.790000e-01  2.231747e-01
5.820000e-01  2.227074e-01
5.850000e-01  2.222428e-01
5.880000e-01  2.217807e-01
5.910000e-01  2.213212e-01
5.940000e-01  2.208642e-01
5.970000e-01  2.204097e-01
6.000000e-01  2.199578e-01
6.030000e-01  2.195082e-01
6.060000e-01  2.190611e-01
6.090000e-01  2.186163e-01
6.120000e-01  2.181740e-01
6.150000e-01  2.177339e-01
6.180000e-01  2.172962e-01
6.210000e-01  2.168608e-01
6.240000e-01  2.164276e-01
6.270000e-01  2.159967e-01
6.300000e-01  2.155680e-01
6.330000e-01  2.151415e-01
6.360000e-01  2.147172e-01
6.390000e-01  2.142950e-01
6.420000e-01  2.138749e-01
6.450000e-01  2.134570e-01
6.480000e-01  2.130411e-01
6.510000e-01  2.126272e-01
6.540000e-01  2.122154e-01
6.570000e-01  2.118057e-01
6.600000e-01  2.113979e-01
6.630000e-01  2.109921e-01
6.660000e-01  2.105882e-01
6.690000e-01  2.101863e-01
6.720000e-01  2.097863e-01
6.750000e-01  2.093882e-01
6.780000e-01  2.089920e-01
6.810000e-01  2.085976e-01
6.840000e-01  2.082050e-01
6.870000e-01  2.078143e-01
6.900000e-01  2.074254e-01
6.930000e-01  2.070383e-01
6.960000e-01  2.066529e-01
6.990000e-01  2.062693e-01
7.020000e-01  2.058874e-01
7.050000e-01  2.055073e-01
7.080000e-01  2.051288e-01
7.110000e-01  2.047520e-01
7.140000e-01  2.043769e-01
7.170000e-01  2.040035e-01
7.200000e-01  2.036316e-01
7.230000e-01  2.032614e-01
7.260000e-01  2.028928e-01
7.290000e-01  2.025258e-01
7.320000e-01  2.021604e-01
7.350000e-01  2.017965e-01
7.380000e-01  2.014342e-01
7.410000e-01  2.010734e-01
7.440000e-01  2.007141e-01
7.470000e-01  2.003563e-01
7.500000e-01  2.000000e-01
7.530000e-01  1.996452e-01
7.560000e-01  1.992918e-01
7.590000e-01  1.989399e-01
7.620000e-01  1.985894e-01
7.650000e-01  1.982404e-01
7.680000e-01  1.978927e-01
7.710000e-01  1.975465e-01
7.740000e-01  1.972016e-01
7.770000e-01  1.968581e-01
7.800000e-01  1.965160e-01
7.830000e-01  1.961752e-01
7.860000e-01  1.958358e-01
7.890000e-01  1.954976e-01
7.920000e-01  1.951608e-01
7.950000e-01  1.948253e-01
7.980000e-01  1.944911e-01
8.010000e-01  1.941581e-01
8.040000e-01  1.938264e-01
8.070000e-01  1.934960e-01
8.100000e-01  1.931668e-01
8.130000e-01  1.928389e-01
8.160000e-01  1.925122e-01
8.190000e-01  1.921866e-01
8.220000e-01  1.918623e-01
8.250000e-01  1.915392e-01
8.280000e-01  1.912173e-01
8.310000e-01  1.908965e-01
8.340000e-01  1.905769e-01
8.370000e-01  1.902585e-01
8.400000e-01  1.899412e-01
8.430000e-01  1.896250e-01
8.460000e-01  1.893099e-01
8.490000e-01  1.889960e-01
8.520000e-01  1.886832e-01
8.550000e-01  1.883714e-01
8.580000e-01  1.880608e-01
8.610000e-01  1.877512e-01
8.640000e-01  1.874427e-01
8.670000e-01  1.871353e-01
8.700000e-01  1.868289e-01
8.730000e-01  1.865236e-01
8.760000e-01  1.862192e-01
8.790000e-01  1.859159e-01
8.820000e-01  1.856137e-01
8.850000e-01  1.853124e-01
8.880000e-01  1.850122e-01
8.910000e-01  1.847129e-01
8.940000e-01  1.844146e-01
8.970000e-01  1.841173e-01
9.000000e-01  1.838210e-01
9.030000e-01  1.835256e-01
9.060000e-01  1.832312e-01
9.090000e-01  1.829377e-01
9.120000e-01  1.826452e-01
9.150000e-01  1.823536e-01
9.180000e-01  1.820629e-01
9.210000e-01  1.817731e-01
9.240000e-01  1.814843e-01
9.270000e-01  1.811963e-01
9.300000e-01  1.809093e-01
9.330000e-01  1.806231e-01
9.360000e-01  1.803378e-01
9.390000e-01  1.800534e-01
9.420000e-01  1.797699e-01
9.450000e-01  1.794872e-01
9.480000e-01  1.792054e-01
9.510000e-01  1.789244e-01
9.540000e-01  1.786442e-01
9.570000e-01  1.783649e-01
9.600000e-01  1.780865e-01
9.630000e-01  1.778088e-01
9.660000e-01  1.775320e-01
9.690000e-01  1.772559e-01
9.720000e-01  1.769807e-01
9.750000e-01  1.767063e-01
9.780000e-01  1.764326e-01
9.810000e-01  1.761598e-01
9.840000e-01  1.758877e-01
9.870000e-01  1.756164e-01
9.900000e-01  1.753459e-01
9.930000e-01  1.750761e-01
9.960000e-01  1.748071e-01
9.990000e-01  1.745388e-01
