000000  000001
3.000000e-03  8.590189e-01
6.000000e-03  7.847258e-01
9.000000e-03  7.346206e-01
1.200000e-02  6.971024e-01
1.500000e-02  6.672891e-01
1.800000e-02  6.426641e-01
2.100000e-02  6.217617e-01
2.400000e-02  6.036545e-01
2.700000e-02  5.877194e-01
3.000000e-02  5.735178e-01
3.300000e-02  5.607302e-01
3.600000e-02  5.491164e-01
3.900000e-02  5.384916e-01
4.200000e-02  5.287108e-01
4.500000e-02  5.196580e-01
4.800000e-02  5.112391e-01
5.100000e-02  5.033770e-01
5.400000e-02  4.960072e-01
5.700000e-02  4.890759e-01
6.000000e-02  4.825373e-01
6.300000e-02  4.763523e-01
6.600000e-02  4.704872e-01
6.900000e-02  4.649129e-01
7.200000e-02  4.596038e-01
7.500000e-02  4.545376e-01
7.800000e-02  4.496947e-01
8.100000e-02  4.450575e-01
8.400000e-02  4.406105e-01
8.700000e-02  4.363399e-01
9.000000e-02  4.322331e-01
9.300000e-02  4.282790e-01
9.600000e-02  4.244675e-01
9.900000e-02  4.207893e-01
1.020000e-01  4.172361e-01
1.050000e-01  4.138003e-01
1.080000e-01  4.104749e-01
1.110000e-01  4.072537e-01
1.140000e-01  4.041306e-01
1.170000e-01  4.011004e-01
1.200000e-01  3.981581e-01
1.230000e-01  3.952991e-01
1.260000e-01  3.925191e-01
1.290000e-01  3.898142e-01
1.320000e-01  3.871808e-01
1.350000e-01  3.846154e-01
1.380000e-01  3.821149e-01
1.410000e-01  3.796762e-01
1.440000e-01  3.772967e-01
1.470000e-01  3.749738e-01
1.500000e-01  3.727049e-01
1.530000e-01  3.704878e-01
1.560000e-01  3.683204e-01
1.590000e-01  3.662007e-01
1.620000e-01  3.641267e-01
1.650000e-01  3.620966e-01
1.680000e-01  3.601089e-01
1.710000e-01  3.581617e-01
1.740000e-01  3.562537e-01
1.770000e-01  3.543835e-01
1.800000e-01  3.525495e-01
1.830000e-01  3.507507e-01
1.860000e-01  3.489856e-01
1.890000e-01  3.472533e-01
1.920000e-01  3.455525e-01
1.950000e-01  3.438822e-01
1.980000e-01  3.422415e-01
2.010000e-01  3.406293e-01
2.040000e-01  3.390447e-01
2.070000e-01  3.374870e-01
2.100000e-01  3.359552e-01
2.130000e-01  3.344486e-01
2.160000e-01  3.329663e-01
2.190000e-01  3.315077e-01
2.220000e-01  3.300722e-01
2.250000e-01  3.286589e-01
2.280000e-01  3.272673e-01
2.310000e-01  3.258967e-01
2.340000e-01  3.245467e-01
2.370000e-01  3.232166e-01
2.400000e-01  3.219058e-01
2.430000e-01  3.206139e-01
2.460000e-01  3.193403e-01
2.490000e-01  3.180846e-01
2.520000e-01  3.168463e-01
2.550000e-01  3.156250e-01
2.580000e-01  3.144202e-01
2.610000e-01  3.132315e-01
2.640000e-01  3.120585e-01
2.670000e-01  3.109009e-01
2.700000e-01  3.097582e-01
2.730000e-01  3.086301e-01
2.760000e-01  3.075163e-01
2.790000e-01  3.064164e-01
2.820000e-01  3.053301e-01
2.850000e-01  3.042571e-01
2.880000e-01  3.031970e-01
2.910000e-01  3.021497e-01
2.940000e-01  3.011147e-01
2.970000e-01  3.000919e-01
3.000000e-01  2.990810e-01
3.030000e-01  2.980816e-01
3.060000e-01  2.970937e-01
3.090000e-01  2.961168e-01
3.120000e-01  2.951509e-01
3.150000e-01  2.941956e-01
3.180000e-01  2.932507e-01
3.210000e-01  2.923161e-01
3.240000e-01  2.913915e-01
3.270000e-01  2.904767e-01
3.300000e-01  2.895715e-01
3.330000e-01  2.886758e-01
3.360000e-01  2.877893e-01
3.390000e-01  2.869119e-01
3.420000e-01  2.860434e-01
3.450000e-01  2.851836e-01
3.480000e-01  2.843323e-01
3.510000e-01  2.834895e-01
3.540000e-01  2.826549e-01
3.570000e-01  2.818284e-01
3.600000e-01  2.810098e-01
3.630000e-01  2.801990e-01
3.660000e-01  2.793959e-01
3.690000e-01  2.786003e-01
3.720000e-01  2.778122e-01
3.750000e-01  2.770312e-01
3.780000e-01  2.762574e-01
3.810000e-01  2.754906e-01
3.840000e-01  2.747307e-01
3.870000e-01  2.739776e-01
3.900000e-01  2.732311e-01
3.930000e-01  2.724912e-01
3.960000e-01  2.717577e-01
3.990000e-01  2.710306e-01
4.020000e-01  2.703096e-01
4.050000e-01  2.695948e-01
4.080000e-01  2.688860e-01
4.110000e-01  2.681832e-01
4.140000e-01  2.674862e-01
4.170000e-01  2.667949e-01
4.200000e-01  2.661092e-01
4.230000e-01  2.654292e-01
4.260000e-01  2.647546e-01
4.290000e-01  2.640854e-01
4.320000e-01  2.634215e-01
4.350000e-01  2.627629e-01
4.380000e-01  2.621094e-01
4.410000e-01  2.614609e-01
4.440000e-01  2.608175e-01
4.470000e-01  2.601790e-01
4.500000e-01  2.595453e-01
4.530000e-01  2.589164e-01
4.560000e-01  2.582923e-01
4.590000e-01  2.576727e-01
4.620000e-01  2.570578e-01
4.650000e-01  2.564474e-01
4.680000e-01  2.558414e-01
4.710000e-01  2.552398e-01
4.740000e-01  2.546425e-01
4.770000e-01  2.540495e-01
4.800000e-01  2.534606e-01
4.830000e-01  2.528760e-01
4.860000e-01  2.522954e-01
4.890000e-01  2.517189e-01
4.920000e-01  2.511463e-01
4.950000e-01  2.505777e-01
4.980000e-01  2.500129e-01
5.010000e-01  2.494520e-01
5.040000e-01  2.488948e-01
5.070000e-01  2.483414e-01
5.100000e-01  2.477916e-01
5.130000e-01  2.472454e-01
5.160000e-01  2.467029e-01
5.190000e-01  2.461639e-01
5.220000e-01  2.456283e-01
5.250000e-01  2.450962e-01
5.280000e-01  2.445676e-01
5.310000e-01  2.440422e-01
5.340000e-01  2.435202e-01
5.370000e-01  2.430015e-01
5.400000e-01  2.424860e-01
5.430000e-01  2.419737e-01
5.460000e-01  2.414645e-01
5.490000e-01  2.409585e-01
5.520000e-01  2.404556e-01
5.550000e-01  2.399557e-01
5.580000e-01  2.394588e-01
5.610000e-01  2.389649e-01
5.640000e-01  2.384739e-01
5.670000e-01  2.379858e-01
5.700000e-01  2.375006e-01
5.730000e-01  2.370182e-01
5.760000e-01  2.365387e-01
5.790000e-01  2.360619e-01
5.820000e-01  2.355878e-01
5.850000e-01  2.351164e-01
5.880000e-01  2.346478e-01
5.910000e-01  2.341817e-01
5.940000e-01  2.337183e-01
5.970000e-01  2.332575e-01
6.000000e-01  2.327992e-01
6.030000e-01  2.323435e-01
6.060000e-01  2.318902e-01
6.090000e-01  2.314395e-01
6.120000e-01  2.309912e-01
6.150000e-01  2.305453e-01
6.180000e-01  2.301018e-01
6.210000e-01  2.296606e-01
6.240000e-01  2.292219e-01
6.270000e-01  2.287854e-01
6.300000e-01  2.283512e-01
6.330000e-01  2.279193e-01
6.360000e-01  2.274896e-01
6.390000e-01  2.270622e-01
6.420000e-01  2.266370e-01
6.450000e-01  2.262139e-01
6.480000e-01  2.257930e-01
6.510000e-01  2.253742e-01
6.540000e-01  2.249575e-01
6.570000e-01  2.245429e-01
6.600000e-01  2.241304e-01
6.630000e-01  2.237200e-01
6.660000e-01  2.233115e-01
6.690000e-01  2.229051e-01
6.720000e-01  2.225006e-01
6.750000e-01  2.220981e-01
6.780000e-01  2.216975e-01
6.810000e-01  2.212989e-01
6.840000e-01  2.209022e-01
6.870000e-01  2.205074e-01
6.900000e-01  2.201144e-01
6.930000e-01  2.197233e-01
6.960000e-01  2.193340e-01
6.990000e-01  2.189466e-01
7.020000e-01  2.185609e-01
7.050000e-01  2.181770e-01
7.080000e-01  2.177949e-01
7.110000e-01  2.174145e-01
7.140000e-01  2.170359e-01
7.170000e-01  2.166590e-01
7.200000e-01  2.162838e-01
7.230000e-01  2.159102e-01
7.260000e-01  2.155383e-01
7.290000e-01  2.151681e-01
7.320000e-01  2.147995e-01
7.350000e-01  2.144326e-01
7.380000e-01  2.140672e-01
7.410000e-01  2.137034e-01
7.440000e-01  2.133412e-01
7.470000e-01  2.129806e-01
7.500000e-01  2.126215e-01
7.530000e-01  2.122640e-01
7.560000e-01  2.119079e-01
7.590000e-01  2.115534e-01
7.620000e-01  2.112004e-01
7.650000e-01  2.108488e-01
7.680000e-01  2.104987e-01
7.710000e-01  2.101501e-01
7.740000e-01  2.098029e-01
7.770000e-01  2.094572e-01
7.800000e-01  2.091128e-01
7.830000e-01  2.087699e-01
7.860000e-01  2.084284e-01
7.890000e-01  2.080882e-01
7.920000e-01  2.077494e-01
7.950000e-01  2.074119e-01
7.980000e-01  2.070759e-01
8.010000e-01  2.067411e-01
8.040000e-01  2.064076e-01
8.070000e-01  2.060755e-01
8.100000e-01  2.057447e-01
8.130000e-01  2.054151e-01
8.160000e-01  2.050869e-01
8.190000e-01  2.047599e-01
8.220000e-01  2.044341e-01
8.250000e-01  2.041096e-01
8.280000e-01  2.037864e-01
8.310000e-01  2.034643e-01
8.340000e-01  2.031435e-01
8.370000e-01  2.028239e-01
8.400000e-01  2.025055e-01
8.430000e-01  2.021882e-01
8.460000e-01  2.018722e-01
8.490000e-01  2.015573e-01
8.520000e-01  2.012436e-01
8.550000e-01  2.009310e-01
8.580000e-01  2.006195e-01
8.610000e-01  2.003092e-01
8.640000e-01  2.000000e-01
8.670000e-01  1.996919e-01
8.700000e-01  1.993849e-01
8.730000e-01  1.990790e-01
8.760000e-01  1.987742e-01
8.790000e-01  1.984705e-01
8.820000e-01  1.981679e-01
8.850000e-01  1.978662e-01
8.880000e-01  1.975657e-01
8.910000e-01  1.972662e-01
8.940000e-01  1.969677e-01
8.970000e-01  1.966703e-01
9.000000e-01  1.963738e-01
9.030000e-01  1.960784e-01
9.060000e-01  1.957840e-01
9.090000e-01  1.954906e-01
9.120000e-01  1.951982e-01
9.150000e-01  1.949067e-01
9.180000e-01  1.946163e-01
9.210000e-01  1.943268e-01
9.240000e-01  1.940382e-01
9.270000e-01  1.937506e-01
9.300000e-01  1.934640e-01
9.330000e-01  1.931782e-01
9.360000e-01  1.928935e-01
9.390000e-01  1.926096e-01
9.420000e-01  1.923267e-01
9.450000e-01  1.920446e-01
9.480000e-01  1.917635e-01
9.510000e-01  1.914832e-01
9.540000e-01  1.912039e-01
9.570000e-01  1.909254e-01
9.600000e-01  1.906479e-01
9.630000e-01  1.903711e-01
9.660000e-01  1.900953e-01
9.690000e-01  1.898203e-01
9.720000e-01  1.895461e-01
9.750000e-01  1.892728e-01
9.780000e-01  1.890004e-01
9.810000e-01  1.887287e-01
9.840000e-01  1.884579e-01
9.870000e-01  1.881879e-01
9.900000e-01  1.879188e-01
9.930000e-01  1.876504e-01
9.960000e-01  1.873829e-01
9.990000e-01  1.871161e-01
