000000  000001
3.000000e-03  8.241391e-01
6.000000e-03  7.423473e-01
9.000000e-03  6.895122e-01
1.200000e-02  6.508695e-01
1.500000e-02  6.206264e-01
1.800000e-02  5.959152e-01
2.100000e-02  5.751099e-01
2.400000e-02  5.572017e-01
2.700000e-02  5.415231e-01
3.000000e-02  5.276100e-01
3.300000e-02  5.151272e-01
3.600000e-02  5.038252e-01
3.900000e-02  4.935133e-01
4.200000e-02  4.840427e-01
4.500000e-02  4.752949e-01
4.800000e-02  4.671747e-01
5.100000e-02  4.596038e-01
5.400000e-02  4.525175e-01
5.700000e-02  4.458615e-01
6.000000e-02  4.395902e-01
6.300000e-02  4.336646e-01
6.600000e-02  4.280510e-01
6.900000e-02  4.227205e-01
7.200000e-02  4.176479e-01
7.500000e-02  4.128111e-01
7.800000e-02  4.081906e-01
8.100000e-02  4.037694e-01
8.400000e-02  3.995321e-01
8.700000e-02  3.954650e-01
9.000000e-02  3.915560e-01
9.300000e-02  3.877942e-01
9.600000e-02  3.841695e-01
9.900000e-02  3.806731e-01
1.020000e-01  3.772967e-01
1.050000e-01  3.740331e-01
1.080000e-01  3.708754e-01
1.110000e-01  3.678175e-01
1.140000e-01  3.648536e-01
1.170000e-01  3.619786e-01
1.200000e-01  3.591876e-01
1.230000e-01  3.564762e-01
1.260000e-01  3.538403e-01
1.290000e-01  3.512762e-01
1.320000e-01  3.487801e-01
1.350000e-01  3.463490e-01
1.380000e-01  3.439796e-01
1.410000e-01  3.416692e-01
1.440000e-01  3.394151e-01
1.470000e-01  3.372148e-01
1.500000e-01  3.350659e-01
1.530000e-01  3.329663e-01
1.560000e-01  3.309139e-01
1.590000e-01  3.289067e-01
1.620000e-01  3.269429e-01
1.650000e-01  3.250209e-01
1.680000e-01  3.231389e-01
1.710000e-01  3.212955e-01
1.740000e-01  3.194892e-01
1.770000e-01  3.177186e-01
1.800000e-01  3.159824e-01
1.830000e-01  3.142795e-01
1.860000e-01  3.126085e-01
1.890000e-01  3.109685e-01
1.920000e-01  3.093584e-01
1.950000e-01  3.077771e-01
1.980000e-01  3.062237e-01
2.010000e-01  3.046973e-01
2.040000e-01  3.031970e-01
2.070000e-01  3.017220e-01
2.100000e-01  3.002715e-01
2.130000e-01  2.988448e-01
2.160000e-01  2.974411e-01
2.190000e-01  2.960597e-01
2.220000e-01  2.947000e-01
2.250000e-01  2.933614e-01
2.280000e-01  2.920431e-01
2.310000e-01  2.907448e-01
2.340000e-01  2.894657e-01
2.370000e-01  2.882053e-01
2.400000e-01  2.869633e-01
2.430000e-01  2.857389e-01
2.460000e-01  2.845318e-01
2.490000e-01  2.833416e-01
2.520000e-01  2.821677e-01
2.550000e-01  2.810098e-01
2.580000e-01  2.798674e-01
2.610000e-01  2.787402e-01
2.640000e-01  2.776278e-01
2.670000e-01  2.765297e-01
2.700000e-01  2.754458e-01
2.730000e-01  2.743755e-01
2.760000e-01  2.733186e-01
2.790000e-01  2.722748e-01
2.820000e-01  2.712438e-01
2.850000e-01  2.702252e-01
2.880000e-01  2.692188e-01
2.910000e-01  2.682244e-01
2.940000e-01  2.672415e-01
2.970000e-01  2.662701e-01
3.000000e-01  2.653097e-01
3.030000e-01  2.643603e-01
3.060000e-01  2.634215e-01
3.090000e-01  2.624931e-01
3.120000e-01  2.615750e-01
3.150000e-01  2.606668e-01
3.180000e-01  2.597684e-01
3.210000e-01  2.588796e-01
3.240000e-01  2.580001e-01
3.270000e-01  2.571299e-01
3.300000e-01  2.562687e-01
3.330000e-01  2.554163e-01
3.360000e-01  2.545725e-01
3.390000e-01  2.537372e-01
3.420000e-01  2.529103e-01
3.450000e-01  2.520914e-01
3.480000e-01  2.512807e-01
3.510000e-01  2.504777e-01
3.540000e-01  2.496825e-01
3.570000e-01  2.488948e-01
3.600000e-01  2.481145e-01
3.630000e-01  2.473416e-01
3.660000e-01  2.465757e-01
3.690000e-01  2.458169e-01
3.720000e-01  2.450650e-01
3.750000e-01  2.443199e-01
3.780000e-01  2.435815e-01
3.810000e-01  2.428495e-01
3.840000e-01  2.421240e-01
3.870000e-01  2.414048e-01
3.900000e-01  2.406919e-01
3.930000e-01  2.399850e-01
3.960000e-01  2.392841e-01
3.990000e-01  2.385891e-01
4.020000e-01  2.379000e-01
4.050000e-01  2.372165e-01
4.080000e-01  2.365387e-01
4.110000e-01  2.358663e-01
4.140000e-01  2.351994e-01
4.170000e-01  2.345379e-01
4.200000e-01  2.338816e-01
4.230000e-01  2.332305e-01
4.260000e-01  2.325844e-01
4.290000e-01  2.319434e-01
4.320000e-01  2.313074e-01
4.350000e-01  2.306762e-01
4.380000e-01  2.300498e-01
4.410000e-01  2.294281e-01
4.440000e-01  2.288110e-01
4.470000e-01  2.281985e-01
4.500000e-01  2.275905e-01
4.530000e-01  2.269870e-01
4.560000e-01  2.263878e-01
4.590000e-01  2.257930e-01
4.620000e-01  2.252024e-01
4.650000e-01  2.246160e-01
4.680000e-01  2.240337e-01
4.710000e-01  2.234554e-01
4.740000e-01  2.228812e-01
4.770000e-01  2.223109e-01
4.800000e-01  2.217446e-01
4.830000e-01  2.211820e-01
4.860000e-01  2.206233e-01
4.890000e-01  2.200683e-01
4.920000e-01  2.195170e-01
4.950000e-01  2.189693e-01
4.980000e-01  2.184252e-01
5.010000e-01  2.178847e-01
5.040000e-01  2.173476e-01
5.070000e-01  2.168140e-01
5.100000e-01  2.162838e-01
5.130000e-01  2.157569e-01
5.160000e-01  2.152333e-01
5.190000e-01  2.147130e-01
5.220000e-01  2.141959e-01
5.250000e-01  2.136821e-01
5.280000e-01  2.131713e-01
5.310000e-01  2.126637e-01
5.340000e-01  2.121591e-01
5.370000e-01  2.116575e-01
5.400000e-01  2.111589e-01
5.430000e-01  2.106633e-01
5.460000e-01  2.101706e-01
5.490000e-01  2.096807e-01
5.520000e-01  2.091937e-01
5.550000e-01  2.087095e-01
5.580000e-01  2.082281e-01
5.610000e-01  2.077494e-01
5.640000e-01  2.072734e-01
5.670000e-01  2.068001e-01
5.700000e-01  2.063294e-01
5.730000e-01  2.058613e-01
5.760000e-01  2.053958e-01
5.790000e-01  2.049328e-01
5.820000e-01  2.044724e-01
5.850000e-01  2.040144e-01
5.880000e-01  2.035589e-01
5.910000e-01  2.031058e-01
5.940000e-01  2.026552e-01
5.970000e-01  2.022069e-01
6.000000e-01  2.017609e-01
6.030000e-01  2.013173e-01
6.060000e-01  2.008759e-01
6.090000e-01  2.004369e-01
6.120000e-01  2.000000e-01
6.150000e-01  1.995654e-01
6.180000e-01  1.991330e-01
6.210000e-01  1.987027e-01
6.240000e-01  1.982745e-01
6.270000e-01  1.978485e-01
6.300000e-01  1.974246e-01
6.330000e-01  1.970028e-01
6.360000e-01  1.965830e-01
6.390000e-01  1.961652e-01
6.420000e-01  1.957495e-01
6.450000e-01  1.953357e-01
6.480000e-01  1.949239e-01
6.510000e-01  1.945140e-01
6.540000e-01  1.941060e-01
6.570000e-01  1.937000e-01
6.600000e-01  1.932958e-01
6.630000e-01  1.928935e-01
6.660000e-01  1.924930e-01
6.690000e-01  1.920943e-01
6.720000e-01  1.916975e-01
6.750000e-01  1.913024e-01
6.780000e-01  1.909091e-01
6.810000e-01  1.905175e-01
6.840000e-01  1.901277e-01
6.870000e-01  1.897396e-01
6.900000e-01  1.893531e-01
6.930000e-01  1.889684e-01
6.960000e-01  1.885853e-01
6.990000e-01  1.882038e-01
7.020000e-01  1.878240e-01
7.050000e-01  1.874458e-01
7.080000e-01  1.870691e-01
7.110000e-01  1.866941e-01
7.140000e-01  1.863206e-01
7.170000e-01  1.859486e-01
7.200000e-01  1.855782e-01
7.230000e-01  1.852093e-01
7.260000e-01  1.848419e-01
7.290000e-01  1.844759e-01
7.320000e-01  1.841115e-01
7.350000e-01  1.837485e-01
7.380000e-01  1.833869e-01
7.410000e-01  1.830268e-01
7.440000e-01  1.826681e-01
7.470000e-01  1.823108e-01
7.500000e-01  1.819548e-01
7.530000e-01  1.816003e-01
7.560000e-01  1.812471e-01
7.590000e-01  1.808952e-01
7.620000e-01  1.805447e-01
7.650000e-01  1.801955e-01
7.680000e-01  1.798476e-01
7.710000e-01  1.795010e-01
7.740000e-01  1.791557e-01
7.770000e-01  1.788117e-01
7.800000e-01  1.784689e-01
7.830000e-01  1.781274e-01
7.860000e-01  1.777871e-01
7.890000e-01  1.774480e-01
7.920000e-01  1.771101e-01
7.950000e-01  1.767735e-01
7.980000e-01  1.764380e-01
8.010000e-01  1.761037e-01
8.040000e-01  1.757706e-01
8.070000e-01  1.754386e-01
8.100000e-01  1.751078e-01
8.130000e-01  1.747781e-01
8.160000e-01  1.744495e-01
8.190000e-01  1.741221e-01
8.220000e-01  1.737957e-01
8.250000e-01  1.734705e-01
8.280000e-01  1.731463e-01
8.310000e-01  1.728233e-01
8.340000e-01  1.725012e-01
8.370000e-01  1.721803e-01
8.400000e-01  1.718603e-01
8.430000e-01  1.715414e-01
8.460000e-01  1.712236e-01
8.490000e-01  1.709067e-01
8.520000e-01  1.705909e-01
8.550000e-01  1.702761e-01
8.580000e-01  1.699622e-01
8.610000e-01  1.696493e-01
8.640000e-01  1.693374e-01
8.670000e-01  1.690265e-01
8.700000e-01  1.687165e-01
8.730000e-01  1.684075e-01
8.760000e-01  1.680994e-01
8.790000e-01  1.677922e-01
8.820000e-01  1.674859e-01
8.850000e-01  1.671806e-01
8.880000e-01  1.668762e-01
8.910000e-01  1.665726e-01
8.940000e-01  1.662700e-01
8.970000e-01  1.659682e-01
9.000000e-01  1.656673e-01
9.030000e-01  1.653672e-01
9.060000e-01  1.650680e-01
9.090000e-01  1.647697e-01
9.120000e-01  1.644722e-01
9.150000e-01  1.641755e-01
9.180000e-01  1.638797e-01
9.210000e-01  1.635847e-01
9.240000e-01  1.632905e-01
9.270000e-01  1.629970e-01
9.300000e-01  1.627044e-01
9.330000e-01  1.624126e-01
9.360000e-01  1.621216e-01
9.390000e-01  1.618313e-01
9.420000e-01  1.615418e-01
9.450000e-01  1.612531e-01
9.480000e-01  1.609651e-01
9.510000e-01  1.606778e-01
9.540000e-01  1.603913e-01
9.570000e-01  1.601056e-01
9.600000e-01  1.598205e-01
9.630000e-01  1.595362e-01
9.660000e-01  1.592526e-01
9.690000e-01  1.589697e-01
9.720000e-01  1.586875e-01
9.750000e-01  1.584060e-01
9.780000e-01  1.581252e-01
9.810000e-01  1.578451e-01
9.840000e-01  1.575656e-01
9.870000e-01  1.572868e-01
9.900000e-01  1.570087e-01
9.930000e-01  1.567312e-01
9.960000e-01  1.564544e-01
9.990000e-01  1.561782e-01
