000000  000001
3.000000e-03  8.349578e-01
6.000000e-03  7.552284e-01
9.000000e-03  7.030847e-01
1.200000e-02  6.646933e-01
1.500000e-02  6.345185e-01
1.800000e-02  6.097885e-01
2.100000e-02  5.889201e-01
2.400000e-02  5.709258e-01
2.700000e-02  5.551492e-01
3.000000e-02  5.411326e-01
3.300000e-02  5.285446e-01
3.600000e-02  5.171376e-01
3.900000e-02  5.067222e-01
4.200000e-02  4.971505e-01
4.500000e-02  4.883045e-01
4.800000e-02  4.800889e-01
5.100000e-02  4.724258e-01
5.400000e-02  4.652503e-01
5.700000e-02  4.585082e-01
6.000000e-02  4.521537e-01
6.300000e-02  4.461476e-01
6.600000e-02  4.404564e-01
6.900000e-02  4.350509e-01
7.200000e-02  4.299058e-01
7.500000e-02  4.249988e-01
7.800000e-02  4.203106e-01
8.100000e-02  4.158237e-01
8.400000e-02  4.115227e-01
8.700000e-02  4.073941e-01
9.000000e-02  4.034254e-01
9.300000e-02  3.996055e-01
9.600000e-02  3.959246e-01
9.900000e-02  3.923736e-01
1.020000e-01  3.889442e-01
1.050000e-01  3.856291e-01
1.080000e-01  3.824212e-01
1.110000e-01  3.793145e-01
1.140000e-01  3.763032e-01
1.170000e-01  3.733820e-01
1.200000e-01  3.705460e-01
1.230000e-01  3.677908e-01
1.260000e-01  3.651122e-01
1.290000e-01  3.625064e-01
1.320000e-01  3.599697e-01
1.350000e-01  3.574989e-01
1.380000e-01  3.550908e-01
1.410000e-01  3.527426e-01
1.440000e-01  3.504515e-01
1.470000e-01  3.482151e-01
1.500000e-01  3.460310e-01
1.530000e-01  3.438969e-01
1.560000e-01  3.418107e-01
1.590000e-01  3.397705e-01
1.620000e-01  3.377745e-01
1.650000e-01  3.358209e-01
1.680000e-01  3.339080e-01
1.710000e-01  3.320343e-01
1.740000e-01  3.301983e-01
1.770000e-01  3.283986e-01
1.800000e-01  3.266340e-01
1.830000e-01  3.249031e-01
1.860000e-01  3.232049e-01
1.890000e-01  3.215380e-01
1.920000e-01  3.199016e-01
1.950000e-01  3.182945e-01
1.980000e-01  3.167158e-01
2.010000e-01  3.151646e-01
2.040000e-01  3.136399e-01
2.070000e-01  3.121410e-01
2.100000e-01  3.106671e-01
2.130000e-01  3.092173e-01
2.160000e-01  3.077910e-01
2.190000e-01  3.063874e-01
2.220000e-01  3.050058e-01
2.250000e-01  3.036457e-01
2.280000e-01  3.023064e-01
2.310000e-01  3.009873e-01
2.340000e-01  2.996879e-01
2.370000e-01  2.984076e-01
2.400000e-01  2.971459e-01
2.430000e-01  2.959022e-01
2.460000e-01  2.946761e-01
2.490000e-01  2.934672e-01
2.520000e-01  2.922750e-01
2.550000e-01  2.910990e-01
2.580000e-01  2.899389e-01
2.610000e-01  2.887942e-01
2.640000e-01  2.876645e-01
2.670000e-01  2.865496e-01
2.700000e-01  2.854489e-01
2.730000e-01  2.843623e-01
2.760000e-01  2.832893e-01
2.790000e-01  2.822297e-01
2.820000e-01  2.811830e-01
2.850000e-01  2.801491e-01
2.880000e-01  2.791276e-01
2.910000e-01  2.781182e-01
2.940000e-01  2.771207e-01
2.970000e-01  2.761348e-01
3.000000e-01  2.751603e-01
3.030000e-01  2.741969e-01
3.060000e-01  2.732443e-01
3.090000e-01  2.723024e-01
3.120000e-01  2.713708e-01
3.150000e-01  2.704495e-01
3.180000e-01  2.695381e-01
3.210000e-01  2.686366e-01
3.240000e-01  2.677446e-01
3.270000e-01  2.668619e-01
3.300000e-01  2.659885e-01
3.330000e-01  2.651241e-01
3.360000e-01  2.642685e-01
3.390000e-01  2.634215e-01
3.420000e-01  2.625831e-01
3.450000e-01  2.617530e-01
3.480000e-01  2.609310e-01
3.510000e-01  2.601171e-01
3.540000e-01  2.593110e-01
3.570000e-01  2.585127e-01
3.600000e-01  2.577219e-01
3.630000e-01  2.569386e-01
3.660000e-01  2.561626e-01
3.690000e-01  2.553937e-01
3.720000e-01  2.546319e-01
3.750000e-01  2.538771e-01
3.780000e-01  2.531290e-01
3.810000e-01  2.523876e-01
3.840000e-01  2.516528e-01
3.870000e-01  2.509244e-01
3.900000e-01  2.502024e-01
3.930000e-01  2.494866e-01
3.960000e-01  2.487769e-01
3.990000e-01  2.480733e-01
4.020000e-01  2.473756e-01
4.050000e-01  2.466837e-01
4.080000e-01  2.459976e-01
4.110000e-01  2.453171e-01
4.140000e-01  2.446422e-01
4.170000e-01  2.439727e-01
4.200000e-01  2.433086e-01
4.230000e-01  2.426499e-01
4.260000e-01  2.419963e-01
4.290000e-01  2.413478e-01
4.320000e-01  2.407044e-01
4.350000e-01  2.400660e-01
4.380000e-01  2.394325e-01
4.410000e-01  2.388038e-01
4.440000e-01  2.381798e-01
4.470000e-01  2.375606e-01
4.500000e-01  2.369459e-01
4.530000e-01  2.363358e-01
4.560000e-01  2.357302e-01
4.590000e-01  2.351289e-01
4.620000e-01  2.345321e-01
4.650000e-01  2.339395e-01
4.680000e-01  2.333511e-01
4.710000e-01  2.327669e-01
4.740000e-01  2.321868e-01
4.770000e-01  2.316107e-01
4.800000e-01  2.310387e-01
4.830000e-01  2.304705e-01
4.860000e-01  2.299063e-01
4.890000e-01  2.293459e-01
4.920000e-01  2.287892e-01
4.950000e-01  2.282363e-01
4.980000e-01  2.276871e-01
5.010000e-01  2.271415e-01
5.040000e-01  2.265994e-01
5.070000e-01  2.260609e-01
5.100000e-01  2.255259e-01
5.130000e-01  2.249943e-01
5.160000e-01  2.244661e-01
5.190000e-01  2.239413e-01
5.220000e-01  2.234197e-01
5.250000e-01  2.229015e-01
5.280000e-01  2.223864e-01
5.310000e-01  2.218745e-01
5.340000e-01  2.213658e-01
5.370000e-01  2.208602e-01
5.400000e-01  2.203576e-01
5.430000e-01  2.198581e-01
5.460000e-01  2.193615e-01
5.490000e-01  2.188679e-01
5.520000e-01  2.183772e-01
5.550000e-01  2.178894e-01
5.580000e-01  2.174045e-01
5.610000e-01  2.169223e-01
5.640000e-01  2.164429e-01
5.670000e-01  2.159663e-01
5.700000e-01  2.154924e-01
5.730000e-01  2.150211e-01
5.760000e-01  2.145525e-01
5.790000e-01  2.140865e-01
5.820000e-01  2.136231e-01
5.850000e-01  2.131623e-01
5.880000e-01  2.127040e-01
5.910000e-01  2.122482e-01
5.940000e-01  2.117948e-01
5.970000e-01  2.113439e-01
6.000000e-01  2.108954e-01
6.030000e-01  2.104493e-01
6.060000e-01  2.100055e-01
6.090000e-01  2.095641e-01
6.120000e-01  2.091250e-01
6.150000e-01  2.086882e-01
6.180000e-01  2.082536e-01
6.210000e-01  2.078212e-01
6.240000e-01  2.073911e-01
6.270000e-01  2.069631e-01
6.300000e-01  2.065373e-01
6.330000e-01  2.061137e-01
6.360000e-01  2.056921e-01
6.390000e-01  2.052726e-01
6.420000e-01  2.048552e-01
6.450000e-01  2.044399e-01
6.480000e-01  2.040266e-01
6.510000e-01  2.036152e-01
6.540000e-01  2.032059e-01
6.570000e-01  2.027985e-01
6.600000e-01  2.023930e-01
6.630000e-01  2.019895e-01
6.660000e-01  2.015879e-01
6.690000e-01  2.011882e-01
6.720000e-01  2.007903e-01
6.750000e-01  2.003942e-01
6.780000e-01  2.000000e-01
6.810000e-01  1.996076e-01
6.840000e-01  1.992170e-01
6.870000e-01  1.988281e-01
6.900000e-01  1.984410e-01
6.930000e-01  1.980556e-01
6.960000e-01  1.976720e-01
6.990000e-01  1.972900e-01
7.020000e-01  1.969097e-01
7.050000e-01  1.965311e-01
7.080000e-01  1.961542e-01
7.110000e-01  1.957788e-01
7.140000e-01  1.954051e-01
7.170000e-01  1.950330e-01
7.200000e-01  1.946625e-01
7.230000e-01  1.942935e-01
7.260000e-01  1.939261e-01
7.290000e-01  1.935603e-01
7.320000e-01  1.931959e-01
7.350000e-01  1.928331e-01
7.380000e-01  1.924718e-01
7.410000e-01  1.921119e-01
7.440000e-01  1.917536e-01
7.470000e-01  1.913966e-01
7.500000e-01  1.910412e-01
7.530000e-01  1.906871e-01
7.560000e-01  1.903345e-01
7.590000e-01  1.899832e-01
7.620000e-01  1.896334e-01
7.650000e-01  1.892849e-01
7.680000e-01  1.889378e-01
7.710000e-01  1.885920e-01
7.740000e-01  1.882476e-01
7.770000e-01  1.879045e-01
7.800000e-01  1.875627e-01
7.830000e-01  1.872222e-01
7.860000e-01  1.868830e-01
7.890000e-01  1.865451e-01
7.920000e-01  1.862085e-01
7.950000e-01  1.858731e-01
7.980000e-01  1.855389e-01
8.010000e-01  1.852060e-01
8.040000e-01  1.848743e-01
8.070000e-01  1.845438e-01
8.100000e-01  1.842145e-01
8.130000e-01  1.838865e-01
8.160000e-01  1.835595e-01
8.190000e-01  1.832338e-01
8.220000e-01  1.829092e-01
8.250000e-01  1.825857e-01
8.280000e-01  1.822634e-01
8.310000e-01  1.819423e-01
8.340000e-01  1.816222e-01
8.370000e-01  1.813032e-01
8.400000e-01  1.809854e-01
8.430000e-01  1.806686e-01
8.460000e-01  1.803530e-01
8.490000e-01  1.800383e-01
8.520000e-01  1.797248e-01
8.550000e-01  1.794123e-01
8.580000e-01  1.791008e-01
8.610000e-01  1.787904e-01
8.640000e-01  1.784810e-01
8.670000e-01  1.781726e-01
8.700000e-01  1.778653e-01
8.730000e-01  1.775589e-01
8.760000e-01  1.772535e-01
8.790000e-01  1.769491e-01
8.820000e-01  1.766457e-01
8.850000e-01  1.763432e-01
8.880000e-01  1.760417e-01
8.910000e-01  1.757412e-01
8.940000e-01  1.754415e-01
8.970000e-01  1.751429e-01
9.000000e-01  1.748451e-01
9.030000e-01  1.745483e-01
9.060000e-01  1.742524e-01
9.090000e-01  1.739573e-01
9.120000e-01  1.736632e-01
9.150000e-01  1.733700e-01
9.180000e-01  1.730776e-01
9.210000e-01  1.727861e-01
9.240000e-01  1.724955e-01
9.270000e-01  1.722058e-01
9.300000e-01  1.719169e-01
9.330000e-01  1.716288e-01
9.360000e-01  1.713416e-01
9.390000e-01  1.710552e-01
9.420000e-01  1.707697e-01
9.450000e-01  1.704849e-01
9.480000e-01  1.702010e-01
9.510000e-01  1.699178e-01
9.540000e-01  1.696355e-01
9.570000e-01  1.693540e-01
9.600000e-01  1.690732e-01
9.630000e-01  1.687932e-01
9.660000e-01  1.685140e-01
9.690000e-01  1.682356e-01
9.720000e-01  1.679579e-01
9.750000e-01  1.676810e-01
9.780000e-01  1.674048e-01
9.810000e-01  1.671293e-01
9.840000e-01  1.668546e-01
9.870000e-01  1.665807e-01
9.900000e-01  1.663074e-01
9.930000e-01  1.660349e-01
9.960000e-01  1.657630e-01
9.990000e-01  1.654919e-01
