000000  000001
3.000000e-03  7.398314e-01
6.000000e-03  6.481907e-01
9.000000e-03  5.932365e-01
1.200000e-02  5.545573e-01
1.500000e-02  5.250080e-01
1.800000e-02  5.012663e-01
2.100000e-02  4.815249e-01
2.400000e-02  4.646956e-01
2.700000e-02  4.500743e-01
3.000000e-02  4.371805e-01
3.300000e-02  4.256722e-01
3.600000e-02  4.152980e-01
3.900000e-02  4.058677e-01
4.200000e-02  3.972344e-01
4.500000e-02  3.892819e-01
4.800000e-02  3.819175e-01
5.100000e-02  3.750656e-01
5.400000e-02  3.686640e-01
5.700000e-02  3.626607e-01
6.000000e-02  3.570123e-01
6.300000e-02  3.516818e-01
6.600000e-02  3.466374e-01
6.900000e-02  3.418520e-01
7.200000e-02  3.373018e-01
7.500000e-02  3.329663e-01
7.800000e-02  3.288273e-01
8.100000e-02  3.248689e-01
8.400000e-02  3.210768e-01
8.700000e-02  3.174385e-01
9.000000e-02  3.139428e-01
9.300000e-02  3.105794e-01
9.600000e-02  3.073394e-01
9.900000e-02  3.042144e-01
1.020000e-01  3.011971e-01
1.050000e-01  2.982806e-01
1.080000e-01  2.954588e-01
1.110000e-01  2.927261e-01
1.140000e-01  2.900772e-01
1.170000e-01  2.875075e-01
1.200000e-01  2.850126e-01
1.230000e-01  2.825885e-01
1.260000e-01  2.802313e-01
1.290000e-01  2.779378e-01
1.320000e-01  2.757046e-01
1.350000e-01  2.735289e-01
1.380000e-01  2.714079e-01
1.410000e-01  2.693390e-01
1.440000e-01  2.673197e-01
1.470000e-01  2.653480e-01
1.500000e-01  2.634215e-01
1.530000e-01  2.615385e-01
1.560000e-01  2.596970e-01
1.590000e-01  2.578952e-01
1.620000e-01  2.561317e-01
1.650000e-01  2.544048e-01
1.680000e-01  2.527130e-01
1.710000e-01  2.510551e-01
1.740000e-01  2.494296e-01
1.770000e-01  2.478354e-01
1.800000e-01  2.462714e-01
1.830000e-01  2.447364e-01
1.860000e-01  2.432293e-01
1.890000e-01  2.417493e-01
1.920000e-01  2.402953e-01
1.950000e-01  2.388664e-01
1.980000e-01  2.374619e-01
2.010000e-01  2.360809e-01
2.040000e-01  2.347226e-01
2.070000e-01  2.333863e-01
2.100000e-01  2.320712e-01
2.130000e-01  2.307768e-01
2.160000e-01  2.295024e-01
2.190000e-01  2.282474e-01
2.220000e-01  2.270111e-01
2.250000e-01  2.257930e-01
2.280000e-01  2.245926e-01
2.310000e-01  2.234093e-01
2.340000e-01  2.222428e-01
2.370000e-01  2.210924e-01
2.400000e-01  2.199578e-01
2.430000e-01  2.188384e-01
2.460000e-01  2.177339e-01
2.490000e-01  2.166439e-01
2.520000e-01  2.155680e-01
2.550000e-01  2.145058e-01
2.580000e-01  2.134570e-01
2.610000e-01  2.124211e-01
2.640000e-01  2.113979e-01
2.670000e-01  2.103870e-01
2.700000e-01  2.093882e-01
2.730000e-01  2.084011e-01
2.760000e-01  2.074254e-01
2.790000e-01  2.064609e-01
2.820000e-01  2.055073e-01
2.850000e-01  2.045643e-01
2.880000e-01  2.036316e-01
2.910000e-01  2.027091e-01
2.940000e-01  2.017965e-01
2.970000e-01  2.008935e-01
3.000000e-01  2.000000e-01
3.030000e-01  1.991157e-01
3.060000e-01  1.982404e-01
3.090000e-01  1.973739e-01
3.120000e-01  1.965160e-01
3.150000e-01  1.956665e-01
3.180000e-01  1.948253e-01
3.210000e-01  1.939921e-01
3.240000e-01  1.931668e-01
3.270000e-01  1.923493e-01
3.300000e-01  1.915392e-01
3.330000e-01  1.907366e-01
3.360000e-01  1.899412e-01
3.390000e-01  1.891528e-01
3.420000e-01  1.883714e-01
3.450000e-01  1.875968e-01
3.480000e-01  1.868289e-01
3.510000e-01  1.860675e-01
3.540000e-01  1.853124e-01
3.570000e-01  1.845636e-01
3.600000e-01  1.838210e-01
3.630000e-01  1.830843e-01
3.660000e-01  1.823536e-01
3.690000e-01  1.816286e-01
3.720000e-01  1.809093e-01
3.750000e-01  1.801955e-01
3.780000e-01  1.794872e-01
3.810000e-01  1.787842e-01
3.840000e-01  1.780865e-01
3.870000e-01  1.773938e-01
3.900000e-01  1.767063e-01
3.930000e-01  1.760236e-01
3.960000e-01  1.753459e-01
3.990000e-01  1.746728e-01
4.020000e-01  1.740045e-01
4.050000e-01  1.733407e-01
4.080000e-01  1.726814e-01
4.110000e-01  1.720266e-01
4.140000e-01  1.713760e-01
4.170000e-01  1.707297e-01
4.200000e-01  1.700876e-01
4.230000e-01  1.694496e-01
4.260000e-01  1.688156e-01
4.290000e-01  1.681855e-01
4.320000e-01  1.675594e-01
4.350000e-01  1.669370e-01
4.380000e-01  1.663183e-01
4.410000e-01  1.657033e-01
4.440000e-01  1.650919e-01
4.470000e-01  1.644841e-01
4.500000e-01  1.638797e-01
4.530000e-01  1.632787e-01
4.560000e-01  1.626811e-01
4.590000e-01  1.620867e-01
4.620000e-01  1.614955e-01
4.650000e-01  1.609076e-01
4.680000e-01  1.603227e-01
4.710000e-01  1.597409e-01
4.740000e-01  1.591620e-01
4.770000e-01  1.585861e-01
4.800000e-01  1.580131e-01
4.830000e-01  1.574429e-01
4.860000e-01  1.568754e-01
4.890000e-01  1.563107e-01
4.920000e-01  1.557487e-01
4.950000e-01  1.551893e-01
4.980000e-01  1.546324e-01
5.010000e-01  1.540781e-01
5.040000e-01  1.535262e-01
5.070000e-01  1.529768e-01
5.100000e-01  1.524298e-01
5.130000e-01  1.518850e-01
5.160000e-01  1.513426e-01
5.190000e-01  1.508024e-01
5.220000e-01  1.502644e-01
5.250000e-01  1.497286e-01
5.280000e-01  1.491948e-01
5.310000e-01  1.486632e-01
5.340000e-01  1.481335e-01
5.370000e-01  1.476058e-01
5.400000e-01  1.470801e-01
5.430000e-01  1.465562e-01
5.460000e-01  1.460342e-01
5.490000e-01  1.455141e-01
5.520000e-01  1.449956e-01
5.550000e-01  1.444790e-01
5.580000e-01  1.439640e-01
5.610000e-01  1.434506e-01
5.640000e-01  1.429389e-01
5.670000e-01  1.424287e-01
5.700000e-01  1.419201e-01
5.730000e-01  1.414129e-01
5.760000e-01  1.409072e-01
5.790000e-01  1.404030e-01
5.820000e-01  1.399001e-01
5.850000e-01  1.393985e-01
5.880000e-01  1.388982e-01
5.910000e-01  1.383992e-01
5.940000e-01  1.379014e-01
5.970000e-01  1.374049e-01
6.000000e-01  1.369094e-01
6.030000e-01  1.364151e-01
6.060000e-01  1.359218e-01
6.090000e-01  1.354295e-01
6.120000e-01  1.349383e-01
6.150000e-01  1.344480e-01
6.180000e-01  1.339586e-01
6.210000e-01  1.334701e-01
6.240000e-01  1.329824e-01
6.270000e-01  1.324956e-01
6.300000e-01  1.320095e-01
6.330000e-01  1.315241e-01
6.360000e-01  1.310394e-01
6.390000e-01  1.305553e-01
6.420000e-01  1.300718e-01
6.450000e-01  1.295889e-01
6.480000e-01  1.291065e-01
6.510000e-01  1.286246e-01
6.540000e-01  1.281431e-01
6.570000e-01  1.276620e-01
6.600000e-01  1.271813e-01
6.630000e-01  1.267008e-01
6.660000e-01  1.262206e-01
6.690000e-01  1.257407e-01
6.720000e-01  1.252609e-01
6.750000e-01  1.247812e-01
6.780000e-01  1.243016e-01
6.810000e-01  000000
6.840000e-01  000000
6.870000e-01  000000
6.900000e-01  000000
6.930000e-01  000000
6.960000e-01  000000
6.990000e-01  000000
7.020000e-01  000000
7.050000e-01  000000
7.080000e-01  000000
7.110000e-01  000000
7.140000e-01  000000
7.170000e-01  000000
7.200000e-01  000000
7.230000e-01  000000
7.260000e-01  000000
7.290000e-01  000000
7.320000e-01  000000
7.350000e-01  000000
7.380000e-01  000000
7.410000e-01  000000
7.440000e-01  000000
7.470000e-01  000000
7.500000e-01  000000
7.530000e-01  000000
7.560000e-01  000000
7.590000e-01  000000
7.620000e-01  000000
7.650000e-01  000000
7.680000e-01  000000
7.710000e-01  000000
7.740000e-01  000000
7.770000e-01  000000
7.800000e-01  000000
7.830000e-01  000000
7.860000e-01  000000
7.890000e-01  000000
7.920000e-01  000000
7.950000e-01  000000
7.980000e-01  000000
8.010000e-01  000000
8.040000e-01  000000
8.070000e-01  000000
8.100000e-01  000000
8.130000e-01  000000
8.160000e-01  000000
8.190000e-01  000000
8.220000e-01  000000
8.250000e-01  000000
8.280000e-01  000000
8.310000e-01  000000
8.340000e-01  000000
8.370000e-01  000000
8.400000e-01  000000
8.430000e-01  000000
8.460000e-01  000000
8.490000e-01  000000
8.520000e-01  000000
8.550000e-01  000000
8.580000e-01  000000
8.610000e-01  000000
8.640000e-01  000000
8.670000e-01  000000
8.700000e-01  000000
8.730000e-01  000000
8.760000e-01  000000
8.790000e-01  000000
8.820000e-01  000000
8.850000e-01  000000
8.880000e-01  000000
8.910000e-01  000000
8.940000e-01  000000
8.970000e-01  000000
9.000000e-01  000000
9.030000e-01  000000
9.060000e-01  000000
9.090000e-01  000000
9.120000e-01  000000
9.150000e-01  000000
9.180000e-01  000000
9.210000e-01  000000
9.240000e-01  000000
9.270000e-01  000000
9.300000e-01  000000
9.330000e-01  000000
9.360000e-01  000000
9.390000e-01  000000
9.420000e-01  000000
9.450000e-01  000000
9.480000e-01  000000
9.510000e-01  000000
9.540000e-01  000000
9.570000e-01  000000
9.600000e-01  000000
9.630000e-01  000000
9.660000e-01  000000
9.690000e-01  000000
9.720000e-01  000000
9.750000e-01  000000
9.780000e-01  000000
9.810000e-01  000000
9.840000e-01  000000
9.870000e-01  000000
9.900000e-01  000000
9.930000e-01  000000
9.960000e-01  000000
9.990000e-01  000000
