000000  000001
3.000000e-03  8.498944e-01
6.000000e-03  7.733929e-01
9.000000e-03  7.224253e-01
1.200000e-02  6.845190e-01
1.500000e-02  6.545301e-01
1.800000e-02  6.298381e-01
2.100000e-02  6.089287e-01
2.400000e-02  5.908495e-01
2.700000e-02  5.749632e-01
3.000000e-02  5.608231e-01
3.300000e-02  5.481044e-01
3.600000e-02  5.365638e-01
3.900000e-02  5.260144e-01
4.200000e-02  5.163096e-01
4.500000e-02  5.073328e-01
4.800000e-02  4.989891e-01
5.100000e-02  4.912010e-01
5.400000e-02  4.839039e-01
5.700000e-02  4.770437e-01
6.000000e-02  4.705745e-01
6.300000e-02  4.644572e-01
6.600000e-02  4.586581e-01
6.900000e-02  4.531479e-01
7.200000e-02  4.479013e-01
7.500000e-02  4.428960e-01
7.800000e-02  4.381122e-01
8.100000e-02  4.335326e-01
8.400000e-02  4.291417e-01
8.700000e-02  4.249257e-01
9.000000e-02  4.208721e-01
9.300000e-02  4.169698e-01
9.600000e-02  4.132086e-01
9.900000e-02  4.095796e-01
1.020000e-01  4.060743e-01
1.050000e-01  4.026852e-01
1.080000e-01  3.994054e-01
1.110000e-01  3.962286e-01
1.140000e-01  3.931490e-01
1.170000e-01  3.901611e-01
1.200000e-01  3.872602e-01
1.230000e-01  3.844416e-01
1.260000e-01  3.817011e-01
1.290000e-01  3.790348e-01
1.320000e-01  3.764391e-01
1.350000e-01  3.739107e-01
1.380000e-01  3.714463e-01
1.410000e-01  3.690430e-01
1.440000e-01  3.666981e-01
1.470000e-01  3.644090e-01
1.500000e-01  3.621733e-01
1.530000e-01  3.599888e-01
1.560000e-01  3.578533e-01
1.590000e-01  3.557648e-01
1.620000e-01  3.537214e-01
1.650000e-01  3.517213e-01
1.680000e-01  3.497630e-01
1.710000e-01  3.478447e-01
1.740000e-01  3.459651e-01
1.770000e-01  3.441226e-01
1.800000e-01  3.423160e-01
1.830000e-01  3.405439e-01
1.860000e-01  3.388052e-01
1.890000e-01  3.370987e-01
1.920000e-01  3.354233e-01
1.950000e-01  3.337780e-01
1.980000e-01  3.321618e-01
2.010000e-01  3.305737e-01
2.040000e-01  3.290128e-01
2.070000e-01  3.274784e-01
2.100000e-01  3.259695e-01
2.130000e-01  3.244853e-01
2.160000e-01  3.230253e-01
2.190000e-01  3.215885e-01
2.220000e-01  3.201743e-01
2.250000e-01  3.187822e-01
2.280000e-01  3.174113e-01
2.310000e-01  3.160612e-01
2.340000e-01  3.147313e-01
2.370000e-01  3.134210e-01
2.400000e-01  3.121297e-01
2.430000e-01  3.108570e-01
2.460000e-01  3.096023e-01
2.490000e-01  3.083653e-01
2.520000e-01  3.071453e-01
2.550000e-01  3.059421e-01
2.580000e-01  3.047551e-01
2.610000e-01  3.035839e-01
2.640000e-01  3.024283e-01
2.670000e-01  3.012877e-01
2.700000e-01  3.001618e-01
2.730000e-01  2.990503e-01
2.760000e-01  2.979528e-01
2.790000e-01  2.968690e-01
2.820000e-01  2.957986e-01
2.850000e-01  2.947412e-01
2.880000e-01  2.936966e-01
2.910000e-01  2.926645e-01
2.940000e-01  2.916446e-01
2.970000e-01  2.906366e-01
3.000000e-01  2.896403e-01
3.030000e-01  2.886554e-01
3.060000e-01  2.876817e-01
3.090000e-01  2.867189e-01
3.120000e-01  2.857668e-01
3.150000e-01  2.848251e-01
3.180000e-01  2.838938e-01
3.210000e-01  2.829725e-01
3.240000e-01  2.820610e-01
3.270000e-01  2.811592e-01
3.300000e-01  2.802668e-01
3.330000e-01  2.793837e-01
3.360000e-01  2.785097e-01
3.390000e-01  2.776446e-01
3.420000e-01  2.767883e-01
3.450000e-01  2.759405e-01
3.480000e-01  2.751011e-01
3.510000e-01  2.742700e-01
3.540000e-01  2.734470e-01
3.570000e-01  2.726319e-01
3.600000e-01  2.718246e-01
3.630000e-01  2.710250e-01
3.660000e-01  2.702329e-01
3.690000e-01  2.694482e-01
3.720000e-01  2.686708e-01
3.750000e-01  2.679005e-01
3.780000e-01  2.671372e-01
3.810000e-01  2.663807e-01
3.840000e-01  2.656311e-01
3.870000e-01  2.648881e-01
3.900000e-01  2.641516e-01
3.930000e-01  2.634215e-01
3.960000e-01  2.626978e-01
3.990000e-01  2.619803e-01
4.020000e-01  2.612689e-01
4.050000e-01  2.605635e-01
4.080000e-01  2.598640e-01
4.110000e-01  2.591703e-01
4.140000e-01  2.584824e-01
4.170000e-01  2.578000e-01
4.200000e-01  2.571233e-01
4.230000e-01  2.564520e-01
4.260000e-01  2.557861e-01
4.290000e-01  2.551254e-01
4.320000e-01  2.544700e-01
4.350000e-01  2.538197e-01
4.380000e-01  2.531745e-01
4.410000e-01  2.525342e-01
4.440000e-01  2.518989e-01
4.470000e-01  2.512683e-01
4.500000e-01  2.506426e-01
4.530000e-01  2.500215e-01
4.560000e-01  2.494050e-01
4.590000e-01  2.487931e-01
4.620000e-01  2.481857e-01
4.650000e-01  2.475827e-01
4.680000e-01  2.469841e-01
4.710000e-01  2.463897e-01
4.740000e-01  2.457996e-01
4.770000e-01  2.452137e-01
4.800000e-01  2.446319e-01
4.830000e-01  2.440542e-01
4.860000e-01  2.434805e-01
4.890000e-01  2.429107e-01
4.920000e-01  2.423449e-01
4.950000e-01  2.417829e-01
4.980000e-01  2.412247e-01
5.010000e-01  2.406702e-01
5.040000e-01  2.401194e-01
5.070000e-01  2.395723e-01
5.100000e-01  2.390288e-01
5.130000e-01  2.384888e-01
5.160000e-01  2.379524e-01
5.190000e-01  2.374194e-01
5.220000e-01  2.368898e-01
5.250000e-01  2.363636e-01
5.280000e-01  2.358408e-01
5.310000e-01  2.353212e-01
5.340000e-01  2.348049e-01
5.370000e-01  2.342918e-01
5.400000e-01  2.337818e-01
5.430000e-01  2.332750e-01
5.460000e-01  2.327713e-01
5.490000e-01  2.322707e-01
5.520000e-01  2.317730e-01
5.550000e-01  2.312784e-01
5.580000e-01  2.307866e-01
5.610000e-01  2.302978e-01
5.640000e-01  2.298119e-01
5.670000e-01  2.293288e-01
5.700000e-01  2.288486e-01
5.730000e-01  2.283710e-01
5.760000e-01  2.278963e-01
5.790000e-01  2.274242e-01
5.820000e-01  2.269549e-01
5.850000e-01  2.264882e-01
5.880000e-01  2.260241e-01
5.910000e-01  2.255626e-01
5.940000e-01  2.251036e-01
5.970000e-01  2.246472e-01
6.000000e-01  2.241933e-01
6.030000e-01  2.237418e-01
6.060000e-01  2.232928e-01
6.090000e-01  2.228463e-01
6.120000e-01  2.224021e-01
6.150000e-01  2.219603e-01
6.180000e-01  2.215208e-01
6.210000e-01  2.210837e-01
6.240000e-01  2.206488e-01
6.270000e-01  2.202162e-01
6.300000e-01  2.197859e-01
6.330000e-01  2.193578e-01
6.360000e-01  2.189318e-01
6.390000e-01  2.185081e-01
6.420000e-01  2.180864e-01
6.450000e-01  2.176670e-01
6.480000e-01  2.172496e-01
6.510000e-01  2.168343e-01
6.540000e-01  2.164210e-01
6.570000e-01  2.160098e-01
6.600000e-01  2.156007e-01
6.630000e-01  2.151935e-01
6.660000e-01  2.147883e-01
6.690000e-01  2.143850e-01
6.720000e-01  2.139837e-01
6.750000e-01  2.135844e-01
6.780000e-01  2.131869e-01
6.810000e-01  2.127913e-01
6.840000e-01  2.123975e-01
6.870000e-01  2.120056e-01
6.900000e-01  2.116155e-01
6.930000e-01  2.112273e-01
6.960000e-01  2.108408e-01
6.990000e-01  2.104561e-01
7.020000e-01  2.100731e-01
7.050000e-01  2.096919e-01
7.080000e-01  2.093124e-01
7.110000e-01  2.089347e-01
7.140000e-01  2.085586e-01
7.170000e-01  2.081841e-01
7.200000e-01  2.078114e-01
7.230000e-01  2.074402e-01
7.260000e-01  2.070707e-01
7.290000e-01  2.067028e-01
7.320000e-01  2.063366e-01
7.350000e-01  2.059718e-01
7.380000e-01  2.056087e-01
7.410000e-01  2.052471e-01
7.440000e-01  2.048870e-01
7.470000e-01  2.045285e-01
7.500000e-01  2.041715e-01
7.530000e-01  2.038159e-01
7.560000e-01  2.034619e-01
7.590000e-01  2.031093e-01
7.620000e-01  2.027582e-01
7.650000e-01  2.024085e-01
7.680000e-01  2.020602e-01
7.710000e-01  2.017134e-01
7.740000e-01  2.013680e-01
7.770000e-01  2.010239e-01
7.800000e-01  2.006813e-01
7.830000e-01  2.003400e-01
7.860000e-01  2.000000e-01
7.890000e-01  1.996614e-01
7.920000e-01  1.993241e-01
7.950000e-01  1.989882e-01
7.980000e-01  1.986536e-01
8.010000e-01  1.983202e-01
8.040000e-01  1.979881e-01
8.070000e-01  1.976574e-01
8.100000e-01  1.973278e-01
8.130000e-01  1.969996e-01
8.160000e-01  1.966725e-01
8.190000e-01  1.963467e-01
8.220000e-01  1.960222e-01
8.250000e-01  1.956988e-01
8.280000e-01  1.953766e-01
8.310000e-01  1.950557e-01
8.340000e-01  1.947359e-01
8.370000e-01  1.944173e-01
8.400000e-01  1.940998e-01
8.430000e-01  1.937835e-01
8.460000e-01  1.934683e-01
8.490000e-01  1.931543e-01
8.520000e-01  1.928414e-01
8.550000e-01  1.925296e-01
8.580000e-01  1.922189e-01
8.610000e-01  1.919093e-01
8.640000e-01  1.916008e-01
8.670000e-01  1.912934e-01
8.700000e-01  1.909870e-01
8.730000e-01  1.906817e-01
8.760000e-01  1.903775e-01
8.790000e-01  1.900743e-01
8.820000e-01  1.897721e-01
8.850000e-01  1.894709e-01
8.880000e-01  1.891708e-01
8.910000e-01  1.888717e-01
8.940000e-01  1.885736e-01
8.970000e-01  1.882765e-01
9.000000e-01  1.879803e-01
9.030000e-01  1.876852e-01
9.060000e-01  1.873910e-01
9.090000e-01  1.870978e-01
9.120000e-01  1.868055e-01
9.150000e-01  1.865142e-01
9.180000e-01  1.862239e-01
9.210000e-01  1.859344e-01
9.240000e-01  1.856459e-01
9.270000e-01  1.853584e-01
9.300000e-01  1.850717e-01
9.330000e-01  1.847859e-01
9.360000e-01  1.845010e-01
9.390000e-01  1.842171e-01
9.420000e-01  1.839340e-01
9.450000e-01  1.836518e-01
9.480000e-01  1.833704e-01
9.510000e-01  1.830899e-01
9.540000e-01  1.828103e-01
9.570000e-01  1.825315e-01
9.600000e-01  1.822536e-01
9.630000e-01  1.819765e-01
9.660000e-01  1.817003e-01
9.690000e-01  1.814249e-01
9.720000e-01  1.811503e-01
9.750000e-01  1.808765e-01
9.780000e-01  1.806035e-01
9.810000e-01  1.803313e-01
9.840000e-01  1.800599e-01
9.870000e-01  1.797893e-01
9.900000e-01  1.795195e-01
9.930000e-01  1.792505e-01
9.960000e-01  1.789822e-01
9.990000e-01  1.787147e-01
