000000  000001
3.000000e-03  6.682202e-01
6.000000e-03  5.744487e-01
9.000000e-03  5.205636e-01
1.200000e-02  4.834174e-01
1.500000e-02  4.553946e-01
1.800000e-02  4.330699e-01
2.100000e-02  4.146192e-01
2.400000e-02  3.989613e-01
2.700000e-02  3.854045e-01
3.000000e-02  3.734813e-01
3.300000e-02  3.628616e-01
3.600000e-02  3.533041e-01
3.900000e-02  3.446272e-01
4.200000e-02  3.366915e-01
4.500000e-02  3.293871e-01
4.800000e-02  3.226266e-01
5.100000e-02  3.163389e-01
5.400000e-02  3.104657e-01
5.700000e-02  3.049586e-01
6.000000e-02  2.997769e-01
6.300000e-02  2.948863e-01
6.600000e-02  2.902573e-01
6.900000e-02  2.858648e-01
7.200000e-02  2.816867e-01
7.500000e-02  2.777040e-01
7.800000e-02  2.739001e-01
8.100000e-02  2.702601e-01
8.400000e-02  2.667711e-01
8.700000e-02  2.634215e-01
9.000000e-02  2.602009e-01
9.300000e-02  2.571001e-01
9.600000e-02  2.541106e-01
9.900000e-02  2.512250e-01
1.020000e-01  2.484365e-01
1.050000e-01  2.457388e-01
1.080000e-01  2.431264e-01
1.110000e-01  2.405940e-01
1.140000e-01  2.381370e-01
1.170000e-01  2.357510e-01
1.200000e-01  2.334320e-01
1.230000e-01  2.311764e-01
1.260000e-01  2.289808e-01
1.290000e-01  2.268420e-01
1.320000e-01  2.247571e-01
1.350000e-01  2.227235e-01
1.380000e-01  2.207386e-01
1.410000e-01  2.188001e-01
1.440000e-01  2.169057e-01
1.470000e-01  2.150535e-01
1.500000e-01  2.132416e-01
1.530000e-01  2.114681e-01
1.560000e-01  2.097313e-01
1.590000e-01  2.080297e-01
1.620000e-01  2.063618e-01
1.650000e-01  2.047261e-01
1.680000e-01  2.031214e-01
1.710000e-01  2.015465e-01
1.740000e-01  2.000000e-01
1.770000e-01  1.984810e-01
1.800000e-01  1.969883e-01
1.830000e-01  1.955209e-01
1.860000e-01  1.940780e-01
1.890000e-01  1.926585e-01
1.920000e-01  1.912616e-01
1.950000e-01  1.898866e-01
1.980000e-01  1.885326e-01
2.010000e-01  1.871988e-01
2.040000e-01  1.858846e-01
2.070000e-01  1.845893e-01
2.100000e-01  1.833123e-01
2.130000e-01  1.820529e-01
2.160000e-01  1.808105e-01
2.190000e-01  1.795846e-01
2.220000e-01  1.783746e-01
2.250000e-01  1.771799e-01
2.280000e-01  1.760002e-01
2.310000e-01  1.748349e-01
2.340000e-01  1.736835e-01
2.370000e-01  1.725456e-01
2.400000e-01  1.714208e-01
2.430000e-01  1.703086e-01
2.460000e-01  1.692086e-01
2.490000e-01  1.681206e-01
2.520000e-01  1.670440e-01
2.550000e-01  1.659786e-01
2.580000e-01  1.649239e-01
2.610000e-01  1.638797e-01
2.640000e-01  1.628456e-01
2.670000e-01  1.618213e-01
2.700000e-01  1.608065e-01
2.730000e-01  1.598009e-01
2.760000e-01  1.588042e-01
2.790000e-01  1.578161e-01
2.820000e-01  1.568364e-01
2.850000e-01  1.558648e-01
2.880000e-01  1.549009e-01
2.910000e-01  1.539447e-01
2.940000e-01  1.529957e-01
2.970000e-01  1.520539e-01
3.000000e-01  1.511188e-01
3.030000e-01  1.501904e-01
3.060000e-01  1.492683e-01
3.090000e-01  1.483524e-01
3.120000e-01  1.474425e-01
3.150000e-01  1.465382e-01
3.180000e-01  1.456395e-01
3.210000e-01  1.447460e-01
3.240000e-01  1.438576e-01
3.270000e-01  1.429741e-01
3.300000e-01  1.420953e-01
3.330000e-01  1.412210e-01
3.360000e-01  1.403509e-01
3.390000e-01  1.394849e-01
3.420000e-01  1.386228e-01
3.450000e-01  1.377643e-01
3.480000e-01  1.369094e-01
3.510000e-01  1.360578e-01
3.540000e-01  1.352092e-01
3.570000e-01  1.343635e-01
3.600000e-01  1.335206e-01
3.630000e-01  1.326801e-01
3.660000e-01  1.318420e-01
3.690000e-01  1.310059e-01
3.720000e-01  1.301718e-01
3.750000e-01  1.293393e-01
3.780000e-01  1.285083e-01
3.810000e-01  1.276786e-01
3.840000e-01  1.268499e-01
3.870000e-01  1.260220e-01
3.900000e-01  1.251947e-01
3.930000e-01  1.243677e-01
3.960000e-01  000000
3.990000e-01  000000
4.020000e-01  000000
4.050000e-01  000000
4.080000e-01  000000
4.110000e-01  000000
4.140000e-01  000000
4.170000e-01  000000
4.200000e-01  000000
4.230000e-01  000000
4.260000e-01  000000
4.290000e-01  000000
4.320000e-01  000000
4.350000e-01  000000
4.380000e-01  000000
4.410000e-01  000000
4.440000e-01  000000
4.470000e-01  000000
4.500000e-01  000000
4.530000e-01  000000
4.560000e-01  000000
4.590000e-01  000000
4.620000e-01  000000
4.650000e-01  000000
4.680000e-01  000000
4.710000e-01  000000
4.740000e-01  000000
4.770000e-01  000000
4.800000e-01  000000
4.830000e-01  000000
4.860000e-01  000000
4.890000e-01  000000
4.920000e-01  000000
4.950000e-01  000000
4.980000e-01  000000
5.010000e-01  000000
5.040000e-01  000000
5.070000e-01  000000
5.100000e-01  000000
5.130000e-01  000000
5.160000e-01  000000
5.190000e-01  000000
5.220000e-01  000000
5.250000e-01  000000
5.280000e-01  000000
5.310000e-01  000000
5.340000e-01  000000
5.370000e-01  000000
5.400000e-01  000000
5.430000e-01  000000
5.460000e-01  000000
5.490000e-01  000000
5.520000e-01  000000
5.550000e-01  000000
5.580000e-01  000000
5.610000e-01  000000
5.640000e-01  000000
5.670000e-01  000000
5.700000e-01  000000
5.730000e-01  000000
5.760000e-01  000000
5.790000e-01  000000
5.820000e-01  000000
5.850000e-01  000000
5.880000e-01  000000
5.910000e-01  000000
5.940000e-01  000000
5.970000e-01  000000
6.000000e-01  000000
6.030000e-01  000000
6.060000e-01  000000
6.090000e-01  000000
6.120000e-01  000000
6.150000e-01  000000
6.180000e-01  000000
6.210000e-01  000000
6.240000e-01  000000
6.270000e-01  000000
6.300000e-01  000000
6.330000e-01  000000
6.360000e-01  000000
6.390000e-01  000000
6.420000e-01  000000
6.450000e-01  000000
6.480000e-01  000000
6.510000e-01  000000
6.540000e-01  000000
6.570000e-01  000000
6.600000e-01  000000
6.630000e-01  000000
6.660000e-01  000000
6.690000e-01  000000
6.720000e-01  000000
6.750000e-01  000000
6.780000e-01  000000
6.810000e-01  000000
6.840000e-01  000000
6.870000e-01  000000
6.900000e-01  000000
6.930000e-01  000000
6.960000e-01  000000
6.990000e-01  000000
7.020000e-01  000000
7.050000e-01  000000
7.080000e-01  000000
7.110000e-01  000000
7.140000e-01  000000
7.170000e-01  000000
7.200000e-01  000000
7.230000e-01  000000
7.260000e-01  000000
7.290000e-01  000000
7.320000e-01  000000
7.350000e-01  000000
7.380000e-01  000000
7.410000e-01  000000
7.440000e-01  000000
7.470000e-01  000000
7.500000e-01  000000
7.530000e-01  000000
7.560000e-01  000000
7.590000e-01  000000
7.620000e-01  000000
7.650000e-01  000000
7.680000e-01  000000
7.710000e-01  000000
7.740000e-01  000000
7.770000e-01  000000
7.800000e-01  000000
7.830000e-01  000000
7.860000e-01  000000
7.890000e-01  000000
7.920000e-01  000000
7.950000e-01  000000
7.980000e-01  000000
8.010000e-01  000000
8.040000e-01  000000
8.070000e-01  000000
8.100000e-01  000000
8.130000e-01  000000
8.160000e-01  000000
8.190000e-01  000000
8.220000e-01  000000
8.250000e-01  000000
8.280000e-01  000000
8.310000e-01  000000
8.340000e-01  000000
8.370000e-01  000000
8.400000e-01  000000
8.430000e-01  000000
8.460000e-01  000000
8.490000e-01  000000
8.520000e-01  000000
8.550000e-01  000000
8.580000e-01  000000
8.610000e-01  000000
8.640000e-01  000000
8.670000e-01  000000
8.700000e-01  000000
8.730000e-01  000000
8.760000e-01  000000
8.790000e-01  000000
8.820000e-01  000000
8.850000e-01  000000
8.880000e-01  000000
8.910000e-01  000000
8.940000e-01  000000
8.970000e-01  000000
9.000000e-01  000000
9.030000e-01  000000
9.060000e-01  000000
9.090000e-01  000000
9.120000e-01  000000
9.150000e-01  000000
9.180000e-01  000000
9.210000e-01  000000
9.240000e-01  000000
9.270000e-01  000000
9.300000e-01  000000
9.330000e-01  000000
9.360000e-01  000000
9.390000e-01  000000
9.420000e-01  000000
9.450000e-01  000000
9.480000e-01  000000
9.510000e-01  000000
9.540000e-01  000000
9.570000e-01  000000
9.600000e-01  000000
9.630000e-01  000000
9.660000e-01  000000
9.690000e-01  000000
9.720000e-01  000000
9.750000e-01  000000
9.780000e-01  000000
9.810000e-01  000000
9.840000e-01  000000
9.870000e-01  000000
9.900000e-01  000000
9.930000e-01  000000
9.960000e-01  000000
9.990000e-01  000000
