000000  000001
3.000000e-03  8.385463e-01
6.000000e-03  7.595507e-01
9.000000e-03  7.076648e-01
1.200000e-02  6.693745e-01
1.500000e-02  6.392339e-01
1.800000e-02  6.145058e-01
2.100000e-02  5.936223e-01
2.400000e-02  5.756037e-01
2.700000e-02  5.597978e-01
3.000000e-02  5.457493e-01
3.300000e-02  5.331281e-01
3.600000e-02  5.216877e-01
3.900000e-02  5.112391e-01
4.200000e-02  5.016347e-01
4.500000e-02  4.927566e-01
4.800000e-02  4.845098e-01
5.100000e-02  4.768163e-01
5.400000e-02  4.696114e-01
5.700000e-02  4.628408e-01
6.000000e-02  4.564587e-01
6.300000e-02  4.504259e-01
6.600000e-02  4.447088e-01
6.900000e-02  4.392783e-01
7.200000e-02  4.341089e-01
7.500000e-02  4.291785e-01
7.800000e-02  4.244675e-01
8.100000e-02  4.199585e-01
8.400000e-02  4.156362e-01
8.700000e-02  4.114867e-01
9.000000e-02  4.074979e-01
9.300000e-02  4.036585e-01
9.600000e-02  3.999586e-01
9.900000e-02  3.963891e-01
1.020000e-01  3.929418e-01
1.050000e-01  3.896091e-01
1.080000e-01  3.863843e-01
1.110000e-01  3.832611e-01
1.140000e-01  3.802337e-01
1.170000e-01  3.772967e-01
1.200000e-01  3.744455e-01
1.230000e-01  3.716753e-01
1.260000e-01  3.689822e-01
1.290000e-01  3.663621e-01
1.320000e-01  3.638116e-01
1.350000e-01  3.613272e-01
1.380000e-01  3.589059e-01
1.410000e-01  3.565448e-01
1.440000e-01  3.542411e-01
1.470000e-01  3.519923e-01
1.500000e-01  3.497961e-01
1.530000e-01  3.476502e-01
1.560000e-01  3.455525e-01
1.590000e-01  3.435010e-01
1.620000e-01  3.414939e-01
1.650000e-01  3.395294e-01
1.680000e-01  3.376059e-01
1.710000e-01  3.357218e-01
1.740000e-01  3.338756e-01
1.770000e-01  3.320660e-01
1.800000e-01  3.302915e-01
1.830000e-01  3.285511e-01
1.860000e-01  3.268434e-01
1.890000e-01  3.251673e-01
1.920000e-01  3.235218e-01
1.950000e-01  3.219058e-01
1.980000e-01  3.203184e-01
2.010000e-01  3.187586e-01
2.040000e-01  3.172255e-01
2.070000e-01  3.157183e-01
2.100000e-01  3.142362e-01
2.130000e-01  3.127785e-01
2.160000e-01  3.113443e-01
2.190000e-01  3.099330e-01
2.220000e-01  3.085439e-01
2.250000e-01  3.071764e-01
2.280000e-01  3.058298e-01
2.310000e-01  3.045035e-01
2.340000e-01  3.031970e-01
2.370000e-01  3.019097e-01
2.400000e-01  3.006412e-01
2.430000e-01  2.993908e-01
2.460000e-01  2.981581e-01
2.490000e-01  2.969427e-01
2.520000e-01  2.957440e-01
2.550000e-01  2.945618e-01
2.580000e-01  2.933954e-01
2.610000e-01  2.922446e-01
2.640000e-01  2.911090e-01
2.670000e-01  2.899881e-01
2.700000e-01  2.888817e-01
2.730000e-01  2.877893e-01
2.760000e-01  2.867107e-01
2.790000e-01  2.856455e-01
2.820000e-01  2.845933e-01
2.850000e-01  2.835540e-01
2.880000e-01  2.825272e-01
2.910000e-01  2.815126e-01
2.940000e-01  2.805100e-01
2.970000e-01  2.795190e-01
3.000000e-01  2.785395e-01
3.030000e-01  2.775711e-01
3.060000e-01  2.766137e-01
3.090000e-01  2.756670e-01
3.120000e-01  2.747307e-01
3.150000e-01  2.738048e-01
3.180000e-01  2.728888e-01
3.210000e-01  2.719827e-01
3.240000e-01  2.710863e-01
3.270000e-01  2.701992e-01
3.300000e-01  2.693215e-01
3.330000e-01  2.684528e-01
3.360000e-01  2.675930e-01
3.390000e-01  2.667419e-01
3.420000e-01  2.658994e-01
3.450000e-01  2.650653e-01
3.480000e-01  2.642394e-01
3.510000e-01  2.634215e-01
3.540000e-01  2.626116e-01
3.570000e-01  2.618095e-01
3.600000e-01  2.610149e-01
3.630000e-01  2.602279e-01
3.660000e-01  2.594483e-01
3.690000e-01  2.586758e-01
3.720000e-01  2.579105e-01
3.750000e-01  2.571521e-01
3.780000e-01  2.564006e-01
3.810000e-01  2.556558e-01
3.840000e-01  2.549176e-01
3.870000e-01  2.541859e-01
3.900000e-01  2.534606e-01
3.930000e-01  2.527416e-01
3.960000e-01  2.520288e-01
3.990000e-01  2.513220e-01
4.020000e-01  2.506213e-01
4.050000e-01  2.499264e-01
4.080000e-01  2.492372e-01
4.110000e-01  2.485538e-01
4.140000e-01  2.478759e-01
4.170000e-01  2.472036e-01
4.200000e-01  2.465367e-01
4.230000e-01  2.458751e-01
4.260000e-01  2.452187e-01
4.290000e-01  2.445676e-01
4.320000e-01  2.439215e-01
4.350000e-01  2.432804e-01
4.380000e-01  2.426443e-01
4.410000e-01  2.420130e-01
4.440000e-01  2.413865e-01
4.470000e-01  2.407647e-01
4.500000e-01  2.401476e-01
4.530000e-01  2.395350e-01
4.560000e-01  2.389270e-01
4.590000e-01  2.383234e-01
4.620000e-01  2.377242e-01
4.650000e-01  2.371293e-01
4.680000e-01  2.365387e-01
4.710000e-01  2.359522e-01
4.740000e-01  2.353699e-01
4.770000e-01  2.347917e-01
4.800000e-01  2.342175e-01
4.830000e-01  2.336473e-01
4.860000e-01  2.330809e-01
4.890000e-01  2.325185e-01
4.920000e-01  2.319598e-01
4.950000e-01  2.314049e-01
4.980000e-01  2.308537e-01
5.010000e-01  2.303062e-01
5.040000e-01  2.297622e-01
5.070000e-01  2.292219e-01
5.100000e-01  2.286850e-01
5.130000e-01  2.281516e-01
5.160000e-01  2.276216e-01
5.190000e-01  2.270950e-01
5.220000e-01  2.265717e-01
5.250000e-01  2.260518e-01
5.280000e-01  2.255350e-01
5.310000e-01  2.250215e-01
5.340000e-01  2.245111e-01
5.370000e-01  2.240039e-01
5.400000e-01  2.234998e-01
5.430000e-01  2.229987e-01
5.460000e-01  2.225006e-01
5.490000e-01  2.220055e-01
5.520000e-01  2.215133e-01
5.550000e-01  2.210241e-01
5.580000e-01  2.205377e-01
5.610000e-01  2.200541e-01
5.640000e-01  2.195734e-01
5.670000e-01  2.190954e-01
5.700000e-01  2.186201e-01
5.730000e-01  2.181476e-01
5.760000e-01  2.176777e-01
5.790000e-01  2.172104e-01
5.820000e-01  2.167458e-01
5.850000e-01  2.162838e-01
5.880000e-01  2.158242e-01
5.910000e-01  2.153673e-01
5.940000e-01  2.149128e-01
5.970000e-01  2.144607e-01
6.000000e-01  2.140111e-01
6.030000e-01  2.135639e-01
6.060000e-01  2.131191e-01
6.090000e-01  2.126766e-01
6.120000e-01  2.122365e-01
6.150000e-01  2.117987e-01
6.180000e-01  2.113631e-01
6.210000e-01  2.109298e-01
6.240000e-01  2.104987e-01
6.270000e-01  2.100699e-01
6.300000e-01  2.096432e-01
6.330000e-01  2.092186e-01
6.360000e-01  2.087962e-01
6.390000e-01  2.083759e-01
6.420000e-01  2.079577e-01
6.450000e-01  2.075416e-01
6.480000e-01  2.071275e-01
6.510000e-01  2.067154e-01
6.540000e-01  2.063053e-01
6.570000e-01  2.058972e-01
6.600000e-01  2.054911e-01
6.630000e-01  2.050869e-01
6.660000e-01  2.046846e-01
6.690000e-01  2.042842e-01
6.720000e-01  2.038857e-01
6.750000e-01  2.034891e-01
6.780000e-01  2.030943e-01
6.810000e-01  2.027013e-01
6.840000e-01  2.023101e-01
6.870000e-01  2.019207e-01
6.900000e-01  2.015331e-01
6.930000e-01  2.011473e-01
6.960000e-01  2.007631e-01
6.990000e-01  2.003807e-01
7.020000e-01  2.000000e-01
7.050000e-01  1.996210e-01
7.080000e-01  1.992436e-01
7.110000e-01  1.988679e-01
7.140000e-01  1.984938e-01
7.170000e-01  1.981214e-01
7.200000e-01  1.977505e-01
7.230000e-01  1.973813e-01
7.260000e-01  1.970136e-01
7.290000e-01  1.966474e-01
7.320000e-01  1.962828e-01
7.350000e-01  1.959198e-01
7.380000e-01  1.955582e-01
7.410000e-01  1.951982e-01
7.440000e-01  1.948396e-01
7.470000e-01  1.944825e-01
7.500000e-01  1.941269e-01
7.530000e-01  1.937727e-01
7.560000e-01  1.934199e-01
7.590000e-01  1.930686e-01
7.620000e-01  1.927187e-01
7.650000e-01  1.923701e-01
7.680000e-01  1.920230e-01
7.710000e-01  1.916772e-01
7.740000e-01  1.913327e-01
7.770000e-01  1.909896e-01
7.800000e-01  1.906479e-01
7.830000e-01  1.903074e-01
7.860000e-01  1.899682e-01
7.890000e-01  1.896304e-01
7.920000e-01  1.892938e-01
7.950000e-01  1.889585e-01
7.980000e-01  1.886245e-01
8.010000e-01  1.882917e-01
8.040000e-01  1.879601e-01
8.070000e-01  1.876298e-01
8.100000e-01  1.873007e-01
8.130000e-01  1.869728e-01
8.160000e-01  1.866461e-01
8.190000e-01  1.863206e-01
8.220000e-01  1.859962e-01
8.250000e-01  1.856730e-01
8.280000e-01  1.853510e-01
8.310000e-01  1.850301e-01
8.340000e-01  1.847103e-01
8.370000e-01  1.843917e-01
8.400000e-01  1.840742e-01
8.430000e-01  1.837578e-01
8.460000e-01  1.834425e-01
8.490000e-01  1.831282e-01
8.520000e-01  1.828151e-01
8.550000e-01  1.825030e-01
8.580000e-01  1.821920e-01
8.610000e-01  1.818820e-01
8.640000e-01  1.815731e-01
8.670000e-01  1.812652e-01
8.700000e-01  1.809583e-01
8.730000e-01  1.806524e-01
8.760000e-01  1.803476e-01
8.790000e-01  1.800437e-01
8.820000e-01  1.797408e-01
8.850000e-01  1.794390e-01
8.880000e-01  1.791380e-01
8.910000e-01  1.788381e-01
8.940000e-01  1.785391e-01
8.970000e-01  1.782411e-01
9.000000e-01  1.779440e-01
9.030000e-01  1.776478e-01
9.060000e-01  1.773526e-01
9.090000e-01  1.770583e-01
9.120000e-01  1.767649e-01
9.150000e-01  1.764723e-01
9.180000e-01  1.761807e-01
9.210000e-01  1.758900e-01
9.240000e-01  1.756002e-01
9.270000e-01  1.753112e-01
9.300000e-01  1.750231e-01
9.330000e-01  1.747359e-01
9.360000e-01  1.744495e-01
9.390000e-01  1.741640e-01
9.420000e-01  1.738793e-01
9.450000e-01  1.735955e-01
9.480000e-01  1.733124e-01
9.510000e-01  1.730302e-01
9.540000e-01  1.727488e-01
9.570000e-01  1.724683e-01
9.600000e-01  1.721885e-01
9.630000e-01  1.719095e-01
9.660000e-01  1.716313e-01
9.690000e-01  1.713539e-01
9.720000e-01  1.710772e-01
9.750000e-01  1.708013e-01
9.780000e-01  1.705262e-01
9.810000e-01  1.702519e-01
9.840000e-01  1.699783e-01
9.870000e-01  1.697054e-01
9.900000e-01  1.694333e-01
9.930000e-01  1.691619e-01
9.960000e-01  1.688912e-01
9.990000e-01  1.686213e-01
