000000  000001
3.000000e-03  7.626787e-01
6.000000e-03  6.727761e-01
9.000000e-03  6.179400e-01
1.200000e-02  5.790130e-01
1.500000e-02  5.491164e-01
1.800000e-02  5.250080e-01
2.100000e-02  5.049081e-01
2.400000e-02  4.877381e-01
2.700000e-02  4.727968e-01
3.000000e-02  4.596038e-01
3.300000e-02  4.478160e-01
3.600000e-02  4.371805e-01
3.900000e-02  4.275056e-01
4.200000e-02  4.186429e-01
4.500000e-02  4.104749e-01
4.800000e-02  4.029077e-01
5.100000e-02  3.958644e-01
5.400000e-02  3.892819e-01
5.700000e-02  3.831075e-01
6.000000e-02  3.772967e-01
6.300000e-02  3.718120e-01
6.600000e-02  3.666209e-01
6.900000e-02  3.616958e-01
7.200000e-02  3.570123e-01
7.500000e-02  3.525495e-01
7.800000e-02  3.482888e-01
8.100000e-02  3.442139e-01
8.400000e-02  3.403102e-01
8.700000e-02  3.365649e-01
9.000000e-02  3.329663e-01
9.300000e-02  3.295042e-01
9.600000e-02  3.261692e-01
9.900000e-02  3.229529e-01
1.020000e-01  3.198476e-01
1.050000e-01  3.168463e-01
1.080000e-01  3.139428e-01
1.110000e-01  3.111312e-01
1.140000e-01  3.084062e-01
1.170000e-01  3.057630e-01
1.200000e-01  3.031970e-01
1.230000e-01  3.007042e-01
1.260000e-01  2.982806e-01
1.290000e-01  2.959228e-01
1.320000e-01  2.936274e-01
1.350000e-01  2.913915e-01
1.380000e-01  2.892121e-01
1.410000e-01  2.870866e-01
1.440000e-01  2.850126e-01
1.470000e-01  2.829877e-01
1.500000e-01  2.810098e-01
1.530000e-01  2.790768e-01
1.560000e-01  2.771868e-01
1.590000e-01  2.753381e-01
1.620000e-01  2.735289e-01
1.650000e-01  2.717577e-01
1.680000e-01  2.700230e-01
1.710000e-01  2.683233e-01
1.740000e-01  2.666573e-01
1.770000e-01  2.650238e-01
1.800000e-01  2.634215e-01
1.830000e-01  2.618494e-01
1.860000e-01  2.603063e-01
1.890000e-01  2.587912e-01
1.920000e-01  2.573032e-01
1.950000e-01  2.558414e-01
1.980000e-01  2.544048e-01
2.010000e-01  2.529926e-01
2.040000e-01  2.516040e-01
2.070000e-01  2.502383e-01
2.100000e-01  2.488948e-01
2.130000e-01  2.475727e-01
2.160000e-01  2.462714e-01
2.190000e-01  2.449902e-01
2.220000e-01  2.437286e-01
2.250000e-01  2.424860e-01
2.280000e-01  2.412618e-01
2.310000e-01  2.400554e-01
2.340000e-01  2.388664e-01
2.370000e-01  2.376943e-01
2.400000e-01  2.365387e-01
2.430000e-01  2.353989e-01
2.460000e-01  2.342747e-01
2.490000e-01  2.331656e-01
2.520000e-01  2.320712e-01
2.550000e-01  2.309912e-01
2.580000e-01  2.299250e-01
2.610000e-01  2.288725e-01
2.640000e-01  2.278332e-01
2.670000e-01  2.268068e-01
2.700000e-01  2.257930e-01
2.730000e-01  2.247914e-01
2.760000e-01  2.238019e-01
2.790000e-01  2.228240e-01
2.820000e-01  2.218575e-01
2.850000e-01  2.209022e-01
2.880000e-01  2.199578e-01
2.910000e-01  2.190239e-01
2.940000e-01  2.181005e-01
2.970000e-01  2.171871e-01
3.000000e-01  2.162838e-01
3.030000e-01  2.153900e-01
3.060000e-01  2.145058e-01
3.090000e-01  2.136309e-01
3.120000e-01  2.127650e-01
3.150000e-01  2.119079e-01
3.180000e-01  2.110596e-01
3.210000e-01  2.102197e-01
3.240000e-01  2.093882e-01
3.270000e-01  2.085648e-01
3.300000e-01  2.077494e-01
3.330000e-01  2.069418e-01
3.360000e-01  2.061418e-01
3.390000e-01  2.053494e-01
3.420000e-01  2.045643e-01
3.450000e-01  2.037864e-01
3.480000e-01  2.030155e-01
3.510000e-01  2.022516e-01
3.540000e-01  2.014945e-01
3.570000e-01  2.007440e-01
3.600000e-01  2.000000e-01
3.630000e-01  1.992625e-01
3.660000e-01  1.985312e-01
3.690000e-01  1.978060e-01
3.720000e-01  1.970870e-01
3.750000e-01  1.963738e-01
3.780000e-01  1.956665e-01
3.810000e-01  1.949650e-01
3.840000e-01  1.942690e-01
3.870000e-01  1.935785e-01
3.900000e-01  1.928935e-01
3.930000e-01  1.922137e-01
3.960000e-01  1.915392e-01
3.990000e-01  1.908699e-01
4.020000e-01  1.902055e-01
4.050000e-01  1.895461e-01
4.080000e-01  1.888916e-01
4.110000e-01  1.882419e-01
4.140000e-01  1.875968e-01
4.170000e-01  1.869564e-01
4.200000e-01  1.863206e-01
4.230000e-01  1.856891e-01
4.260000e-01  1.850621e-01
4.290000e-01  1.844394e-01
4.320000e-01  1.838210e-01
4.350000e-01  1.832067e-01
4.380000e-01  1.825965e-01
4.410000e-01  1.819904e-01
4.440000e-01  1.813882e-01
4.470000e-01  1.807899e-01
4.500000e-01  1.801955e-01
4.530000e-01  1.796049e-01
4.560000e-01  1.790179e-01
4.590000e-01  1.784347e-01
4.620000e-01  1.778550e-01
4.650000e-01  1.772789e-01
4.680000e-01  1.767063e-01
4.710000e-01  1.761371e-01
4.740000e-01  1.755713e-01
4.770000e-01  1.750088e-01
4.800000e-01  1.744495e-01
4.830000e-01  1.738935e-01
4.860000e-01  1.733407e-01
4.890000e-01  1.727910e-01
4.920000e-01  1.722444e-01
4.950000e-01  1.717008e-01
4.980000e-01  1.711601e-01
5.010000e-01  1.706224e-01
5.040000e-01  1.700876e-01
5.070000e-01  1.695557e-01
5.100000e-01  1.690265e-01
5.130000e-01  1.685001e-01
5.160000e-01  1.679764e-01
5.190000e-01  1.674554e-01
5.220000e-01  1.669370e-01
5.250000e-01  1.664212e-01
5.280000e-01  1.659079e-01
5.310000e-01  1.653972e-01
5.340000e-01  1.648889e-01
5.370000e-01  1.643831e-01
5.400000e-01  1.638797e-01
5.430000e-01  1.633786e-01
5.460000e-01  1.628799e-01
5.490000e-01  1.623835e-01
5.520000e-01  1.618893e-01
5.550000e-01  1.613973e-01
5.580000e-01  1.609076e-01
5.610000e-01  1.604200e-01
5.640000e-01  1.599345e-01
5.670000e-01  1.594511e-01
5.700000e-01  1.589697e-01
5.730000e-01  1.584904e-01
5.760000e-01  1.580131e-01
5.790000e-01  1.575377e-01
5.820000e-01  1.570643e-01
5.850000e-01  1.565927e-01
5.880000e-01  1.561231e-01
5.910000e-01  1.556553e-01
5.940000e-01  1.551893e-01
5.970000e-01  1.547251e-01
6.000000e-01  1.542626e-01
6.030000e-01  1.538019e-01
6.060000e-01  1.533428e-01
6.090000e-01  1.528855e-01
6.120000e-01  1.524298e-01
6.150000e-01  1.519757e-01
6.180000e-01  1.515232e-01
6.210000e-01  1.510722e-01
6.240000e-01  1.506228e-01
6.270000e-01  1.501750e-01
6.300000e-01  1.497286e-01
6.330000e-01  1.492837e-01
6.360000e-01  1.488402e-01
6.390000e-01  1.483981e-01
6.420000e-01  1.479574e-01
6.450000e-01  1.475181e-01
6.480000e-01  1.470801e-01
6.510000e-01  1.466434e-01
6.540000e-01  1.462080e-01
6.570000e-01  1.457739e-01
6.600000e-01  1.453411e-01
6.630000e-01  1.449094e-01
6.660000e-01  1.444790e-01
6.690000e-01  1.440497e-01
6.720000e-01  1.436216e-01
6.750000e-01  1.431945e-01
6.780000e-01  1.427687e-01
6.810000e-01  1.423438e-01
6.840000e-01  1.419201e-01
6.870000e-01  1.414974e-01
6.900000e-01  1.410756e-01
6.930000e-01  1.406549e-01
6.960000e-01  1.402352e-01
6.990000e-01  1.398164e-01
7.020000e-01  1.393985e-01
7.050000e-01  1.389815e-01
7.080000e-01  1.385654e-01
7.110000e-01  1.381502e-01
7.140000e-01  1.377358e-01
7.170000e-01  1.373222e-01
7.200000e-01  1.369094e-01
7.230000e-01  1.364974e-01
7.260000e-01  1.360861e-01
7.290000e-01  1.356755e-01
7.320000e-01  1.352657e-01
7.350000e-01  1.348565e-01
7.380000e-01  1.344480e-01
7.410000e-01  1.340401e-01
7.440000e-01  1.336328e-01
7.470000e-01  1.332262e-01
7.500000e-01  1.328201e-01
7.530000e-01  1.324145e-01
7.560000e-01  1.320095e-01
7.590000e-01  1.316049e-01
7.620000e-01  1.312008e-01
7.650000e-01  1.307972e-01
7.680000e-01  1.303941e-01
7.710000e-01  1.299913e-01
7.740000e-01  1.295889e-01
7.770000e-01  1.291869e-01
7.800000e-01  1.287852e-01
7.830000e-01  1.283838e-01
7.860000e-01  1.279827e-01
7.890000e-01  1.275819e-01
7.920000e-01  1.271813e-01
7.950000e-01  1.267809e-01
7.980000e-01  1.263807e-01
8.010000e-01  1.259806e-01
8.040000e-01  1.255807e-01
8.070000e-01  1.251809e-01
8.100000e-01  1.247812e-01
8.130000e-01  1.243815e-01
8.160000e-01  000000
8.190000e-01  000000
8.220000e-01  000000
8.250000e-01  000000
8.280000e-01  000000
8.310000e-01  000000
8.340000e-01  000000
8.370000e-01  000000
8.400000e-01  000000
8.430000e-01  000000
8.460000e-01  000000
8.490000e-01  000000
8.520000e-01  000000
8.550000e-01  000000
8.580000e-01  000000
8.610000e-01  000000
8.640000e-01  000000
8.670000e-01  000000
8.700000e-01  000000
8.730000e-01  000000
8.760000e-01  000000
8.790000e-01  000000
8.820000e-01  000000
8.850000e-01  000000
8.880000e-01  000000
8.910000e-01  000000
8.940000e-01  000000
8.970000e-01  000000
9.000000e-01  000000
9.030000e-01  000000
9.060000e-01  000000
9.090000e-01  000000
9.120000e-01  000000
9.150000e-01  000000
9.180000e-01  000000
9.210000e-01  000000
9.240000e-01  000000
9.270000e-01  000000
9.300000e-01  000000
9.330000e-01  000000
9.360000e-01  000000
9.390000e-01  000000
9.420000e-01  000000
9.450000e-01  000000
9.480000e-01  000000
9.510000e-01  000000
9.540000e-01  000000
9.570000e-01  000000
9.600000e-01  000000
9.630000e-01  000000
9.660000e-01  000000
9.690000e-01  000000
9.720000e-01  000000
9.750000e-01  000000
9.780000e-01  000000
9.810000e-01  000000
9.840000e-01  000000
9.870000e-01  000000
9.900000e-01  000000
9.930000e-01  000000
9.960000e-01  000000
9.990000e-01  000000
