000000  000001
3.000000e-03  8.367732e-01
6.000000e-03  7.574119e-01
9.000000e-03  7.053967e-01
1.200000e-02  6.670553e-01
1.500000e-02  6.368970e-01
1.800000e-02  6.121674e-01
2.100000e-02  5.912910e-01
2.400000e-02  5.732842e-01
2.700000e-02  5.574925e-01
3.000000e-02  5.434596e-01
3.300000e-02  5.308547e-01
3.600000e-02  5.194307e-01
3.900000e-02  5.089984e-01
4.200000e-02  4.994101e-01
4.500000e-02  4.905478e-01
4.800000e-02  4.823165e-01
5.100000e-02  4.746379e-01
5.400000e-02  4.674475e-01
5.700000e-02  4.606910e-01
6.000000e-02  4.543225e-01
6.300000e-02  4.483030e-01
6.600000e-02  4.425986e-01
6.900000e-02  4.371805e-01
7.200000e-02  4.320231e-01
7.500000e-02  4.271043e-01
7.800000e-02  4.224046e-01
8.100000e-02  4.179065e-01
8.400000e-02  4.135948e-01
8.700000e-02  4.094556e-01
9.000000e-02  4.054767e-01
9.300000e-02  4.016471e-01
9.600000e-02  3.979566e-01
9.900000e-02  3.943962e-01
1.020000e-01  3.909578e-01
1.050000e-01  3.876338e-01
1.080000e-01  3.844174e-01
1.110000e-01  3.813023e-01
1.140000e-01  3.782829e-01
1.170000e-01  3.753538e-01
1.200000e-01  3.725101e-01
1.230000e-01  3.697473e-01
1.260000e-01  3.670614e-01
1.290000e-01  3.644484e-01
1.320000e-01  3.619047e-01
1.350000e-01  3.594271e-01
1.380000e-01  3.570123e-01
1.410000e-01  3.546576e-01
1.440000e-01  3.523602e-01
1.470000e-01  3.501176e-01
1.500000e-01  3.479273e-01
1.530000e-01  3.457873e-01
1.560000e-01  3.436953e-01
1.590000e-01  3.416494e-01
1.620000e-01  3.396478e-01
1.650000e-01  3.376887e-01
1.680000e-01  3.357704e-01
1.710000e-01  3.338915e-01
1.740000e-01  3.320504e-01
1.770000e-01  3.302457e-01
1.800000e-01  3.284762e-01
1.830000e-01  3.267405e-01
1.860000e-01  3.250374e-01
1.890000e-01  3.233659e-01
1.920000e-01  3.217249e-01
1.950000e-01  3.201133e-01
1.980000e-01  3.185303e-01
2.010000e-01  3.169747e-01
2.040000e-01  3.154458e-01
2.070000e-01  3.139428e-01
2.100000e-01  3.124647e-01
2.130000e-01  3.110109e-01
2.160000e-01  3.095807e-01
2.190000e-01  3.081732e-01
2.220000e-01  3.067878e-01
2.250000e-01  3.054240e-01
2.280000e-01  3.040810e-01
2.310000e-01  3.027583e-01
2.340000e-01  3.014554e-01
2.370000e-01  3.001715e-01
2.400000e-01  2.989063e-01
2.430000e-01  2.976593e-01
2.460000e-01  2.964299e-01
2.490000e-01  2.952177e-01
2.520000e-01  2.940223e-01
2.550000e-01  2.928431e-01
2.580000e-01  2.916799e-01
2.610000e-01  2.905321e-01
2.640000e-01  2.893994e-01
2.670000e-01  2.882815e-01
2.700000e-01  2.871780e-01
2.730000e-01  2.860884e-01
2.760000e-01  2.850126e-01
2.790000e-01  2.839502e-01
2.820000e-01  2.829008e-01
2.850000e-01  2.818641e-01
2.880000e-01  2.808400e-01
2.910000e-01  2.798280e-01
2.940000e-01  2.788279e-01
2.970000e-01  2.778395e-01
3.000000e-01  2.768624e-01
3.030000e-01  2.758965e-01
3.060000e-01  2.749415e-01
3.090000e-01  2.739972e-01
3.120000e-01  2.730633e-01
3.150000e-01  2.721396e-01
3.180000e-01  2.712260e-01
3.210000e-01  2.703221e-01
3.240000e-01  2.694279e-01
3.270000e-01  2.685430e-01
3.300000e-01  2.676674e-01
3.330000e-01  2.668009e-01
3.360000e-01  2.659432e-01
3.390000e-01  2.650941e-01
3.420000e-01  2.642537e-01
3.450000e-01  2.634215e-01
3.480000e-01  2.625976e-01
3.510000e-01  2.617817e-01
3.540000e-01  2.609737e-01
3.570000e-01  2.601735e-01
3.600000e-01  2.593808e-01
3.630000e-01  2.585956e-01
3.660000e-01  2.578178e-01
3.690000e-01  2.570471e-01
3.720000e-01  2.562836e-01
3.750000e-01  2.555269e-01
3.780000e-01  2.547771e-01
3.810000e-01  2.540340e-01
3.840000e-01  2.532975e-01
3.870000e-01  2.525675e-01
3.900000e-01  2.518439e-01
3.930000e-01  2.511264e-01
3.960000e-01  2.504152e-01
3.990000e-01  2.497100e-01
4.020000e-01  2.490108e-01
4.050000e-01  2.483174e-01
4.080000e-01  2.476297e-01
4.110000e-01  2.469478e-01
4.140000e-01  2.462714e-01
4.170000e-01  2.456005e-01
4.200000e-01  2.449350e-01
4.230000e-01  2.442748e-01
4.260000e-01  2.436198e-01
4.290000e-01  2.429700e-01
4.320000e-01  2.423253e-01
4.350000e-01  2.416855e-01
4.380000e-01  2.410507e-01
4.410000e-01  2.404207e-01
4.440000e-01  2.397955e-01
4.470000e-01  2.391750e-01
4.500000e-01  2.385591e-01
4.530000e-01  2.379477e-01
4.560000e-01  2.373409e-01
4.590000e-01  2.367385e-01
4.620000e-01  2.361405e-01
4.650000e-01  2.355467e-01
4.680000e-01  2.349572e-01
4.710000e-01  2.343719e-01
4.740000e-01  2.337907e-01
4.770000e-01  2.332135e-01
4.800000e-01  2.326404e-01
4.830000e-01  2.320712e-01
4.860000e-01  2.315060e-01
4.890000e-01  2.309445e-01
4.920000e-01  2.303869e-01
4.950000e-01  2.298330e-01
4.980000e-01  2.292828e-01
5.010000e-01  2.287362e-01
5.040000e-01  2.281932e-01
5.070000e-01  2.276538e-01
5.100000e-01  2.271178e-01
5.130000e-01  2.265853e-01
5.160000e-01  2.260563e-01
5.190000e-01  2.255305e-01
5.220000e-01  2.250081e-01
5.250000e-01  2.244890e-01
5.280000e-01  2.239731e-01
5.310000e-01  2.234604e-01
5.340000e-01  2.229509e-01
5.370000e-01  2.224445e-01
5.400000e-01  2.219411e-01
5.430000e-01  2.214408e-01
5.460000e-01  2.209435e-01
5.490000e-01  2.204492e-01
5.520000e-01  2.199578e-01
5.550000e-01  2.194692e-01
5.580000e-01  2.189836e-01
5.610000e-01  2.185007e-01
5.640000e-01  2.180206e-01
5.670000e-01  2.175433e-01
5.700000e-01  2.170688e-01
5.730000e-01  2.165969e-01
5.760000e-01  2.161276e-01
5.790000e-01  2.156610e-01
5.820000e-01  2.151970e-01
5.850000e-01  2.147356e-01
5.880000e-01  2.142767e-01
5.910000e-01  2.138203e-01
5.940000e-01  2.133664e-01
5.970000e-01  2.129149e-01
6.000000e-01  2.124659e-01
6.030000e-01  2.120192e-01
6.060000e-01  2.115749e-01
6.090000e-01  2.111330e-01
6.120000e-01  2.106934e-01
6.150000e-01  2.102561e-01
6.180000e-01  2.098210e-01
6.210000e-01  2.093882e-01
6.240000e-01  2.089576e-01
6.270000e-01  2.085292e-01
6.300000e-01  2.081029e-01
6.330000e-01  2.076789e-01
6.360000e-01  2.072569e-01
6.390000e-01  2.068370e-01
6.420000e-01  2.064192e-01
6.450000e-01  2.060035e-01
6.480000e-01  2.055898e-01
6.510000e-01  2.051781e-01
6.540000e-01  2.047684e-01
6.570000e-01  2.043607e-01
6.600000e-01  2.039549e-01
6.630000e-01  2.035510e-01
6.660000e-01  2.031491e-01
6.690000e-01  2.027490e-01
6.720000e-01  2.023509e-01
6.750000e-01  2.019545e-01
6.780000e-01  2.015600e-01
6.810000e-01  2.011674e-01
6.840000e-01  2.007765e-01
6.870000e-01  2.003874e-01
6.900000e-01  2.000000e-01
6.930000e-01  1.996144e-01
6.960000e-01  1.992305e-01
6.990000e-01  1.988484e-01
7.020000e-01  1.984679e-01
7.050000e-01  1.980891e-01
7.080000e-01  1.977119e-01
7.110000e-01  1.973364e-01
7.140000e-01  1.969625e-01
7.170000e-01  1.965903e-01
7.200000e-01  1.962196e-01
7.230000e-01  1.958505e-01
7.260000e-01  1.954830e-01
7.290000e-01  1.951170e-01
7.320000e-01  1.947525e-01
7.350000e-01  1.943896e-01
7.380000e-01  1.940282e-01
7.410000e-01  1.936683e-01
7.440000e-01  1.933098e-01
7.470000e-01  1.929528e-01
7.500000e-01  1.925973e-01
7.530000e-01  1.922432e-01
7.560000e-01  1.918905e-01
7.590000e-01  1.915392e-01
7.620000e-01  1.911893e-01
7.650000e-01  1.908409e-01
7.680000e-01  1.904937e-01
7.710000e-01  1.901480e-01
7.740000e-01  1.898036e-01
7.770000e-01  1.894605e-01
7.800000e-01  1.891187e-01
7.830000e-01  1.887783e-01
7.860000e-01  1.884391e-01
7.890000e-01  1.881012e-01
7.920000e-01  1.877647e-01
7.950000e-01  1.874293e-01
7.980000e-01  1.870953e-01
8.010000e-01  1.867624e-01
8.040000e-01  1.864308e-01
8.070000e-01  1.861004e-01
8.100000e-01  1.857713e-01
8.130000e-01  1.854433e-01
8.160000e-01  1.851165e-01
8.190000e-01  1.847909e-01
8.220000e-01  1.844664e-01
8.250000e-01  1.841431e-01
8.280000e-01  1.838210e-01
8.310000e-01  1.835000e-01
8.340000e-01  1.831801e-01
8.370000e-01  1.828613e-01
8.400000e-01  1.825436e-01
8.430000e-01  1.822271e-01
8.460000e-01  1.819116e-01
8.490000e-01  1.815972e-01
8.520000e-01  1.812839e-01
8.550000e-01  1.809716e-01
8.580000e-01  1.806604e-01
8.610000e-01  1.803502e-01
8.640000e-01  1.800411e-01
8.670000e-01  1.797330e-01
8.700000e-01  1.794259e-01
8.730000e-01  1.791198e-01
8.760000e-01  1.788147e-01
8.790000e-01  1.785106e-01
8.820000e-01  1.782074e-01
8.850000e-01  1.779053e-01
8.880000e-01  1.776041e-01
8.910000e-01  1.773039e-01
8.940000e-01  1.770046e-01
8.970000e-01  1.767063e-01
9.000000e-01  1.764089e-01
9.030000e-01  1.761124e-01
9.060000e-01  1.758169e-01
9.090000e-01  1.755222e-01
9.120000e-01  1.752285e-01
9.150000e-01  1.749356e-01
9.180000e-01  1.746437e-01
9.210000e-01  1.743526e-01
9.240000e-01  1.740624e-01
9.270000e-01  1.737731e-01
9.300000e-01  1.734846e-01
9.330000e-01  1.731970e-01
9.360000e-01  1.729102e-01
9.390000e-01  1.726243e-01
9.420000e-01  1.723392e-01
9.450000e-01  1.720550e-01
9.480000e-01  1.717715e-01
9.510000e-01  1.714889e-01
9.540000e-01  1.712070e-01
9.570000e-01  1.709260e-01
9.600000e-01  1.706458e-01
9.630000e-01  1.703663e-01
9.660000e-01  1.700876e-01
9.690000e-01  1.698097e-01
9.720000e-01  1.695326e-01
9.750000e-01  1.692562e-01
9.780000e-01  1.689806e-01
9.810000e-01  1.687057e-01
9.840000e-01  1.684316e-01
9.870000e-01  1.681582e-01
9.900000e-01  1.678856e-01
9.930000e-01  1.676137e-01
9.960000e-01  1.673425e-01
9.990000e-01  1.670720e-01
