000000  000001
3.000000e-03  8.687657e-01
6.000000e-03  7.970481e-01
9.000000e-03  7.480016e-01
1.200000e-02  7.109878e-01
1.500000e-02  6.814238e-01
1.800000e-02  6.569147e-01
2.100000e-02  6.360524e-01
2.400000e-02  6.179400e-01
2.700000e-02  6.019717e-01
3.000000e-02  5.877194e-01
3.300000e-02  5.748698e-01
3.600000e-02  5.631871e-01
3.900000e-02  5.524892e-01
4.200000e-02  5.426329e-01
4.500000e-02  5.335036e-01
4.800000e-02  5.250080e-01
5.100000e-02  5.170696e-01
5.400000e-02  5.096244e-01
5.700000e-02  5.026188e-01
6.000000e-02  4.960072e-01
6.300000e-02  4.897507e-01
6.600000e-02  4.838156e-01
6.900000e-02  4.781728e-01
7.200000e-02  4.727968e-01
7.500000e-02  4.676654e-01
7.800000e-02  4.627587e-01
8.100000e-02  4.580594e-01
8.400000e-02  4.535518e-01
8.700000e-02  4.492219e-01
9.000000e-02  4.450575e-01
9.300000e-02  4.410470e-01
9.600000e-02  4.371805e-01
9.900000e-02  4.334486e-01
1.020000e-01  4.298430e-01
1.050000e-01  4.263560e-01
1.080000e-01  4.229807e-01
1.110000e-01  4.197105e-01
1.140000e-01  4.165398e-01
1.170000e-01  4.134629e-01
1.200000e-01  4.104749e-01
1.230000e-01  4.075713e-01
1.260000e-01  4.047476e-01
1.290000e-01  4.020000e-01
1.320000e-01  3.993248e-01
1.350000e-01  3.967184e-01
1.380000e-01  3.941778e-01
1.410000e-01  3.916999e-01
1.440000e-01  3.892819e-01
1.470000e-01  3.869212e-01
1.500000e-01  3.846154e-01
1.530000e-01  3.823621e-01
1.560000e-01  3.801592e-01
1.590000e-01  3.780045e-01
1.620000e-01  3.758963e-01
1.650000e-01  3.738327e-01
1.680000e-01  3.718120e-01
1.710000e-01  3.698325e-01
1.740000e-01  3.678927e-01
1.770000e-01  3.659913e-01
1.800000e-01  3.641267e-01
1.830000e-01  3.622977e-01
1.860000e-01  3.605031e-01
1.890000e-01  3.587417e-01
1.920000e-01  3.570123e-01
1.950000e-01  3.553140e-01
1.980000e-01  3.536456e-01
2.010000e-01  3.520062e-01
2.040000e-01  3.503950e-01
2.070000e-01  3.488109e-01
2.100000e-01  3.472533e-01
2.130000e-01  3.457212e-01
2.160000e-01  3.442139e-01
2.190000e-01  3.427307e-01
2.220000e-01  3.412708e-01
2.250000e-01  3.398336e-01
2.280000e-01  3.384185e-01
2.310000e-01  3.370248e-01
2.340000e-01  3.356519e-01
2.370000e-01  3.342992e-01
2.400000e-01  3.329663e-01
2.430000e-01  3.316526e-01
2.460000e-01  3.303575e-01
2.490000e-01  3.290806e-01
2.520000e-01  3.278214e-01
2.550000e-01  3.265794e-01
2.580000e-01  3.253543e-01
2.610000e-01  3.241456e-01
2.640000e-01  3.229529e-01
2.670000e-01  3.217758e-01
2.700000e-01  3.206139e-01
2.730000e-01  3.194668e-01
2.760000e-01  3.183343e-01
2.790000e-01  3.172160e-01
2.820000e-01  3.161115e-01
2.850000e-01  3.150205e-01
2.880000e-01  3.139428e-01
2.910000e-01  3.128779e-01
2.940000e-01  3.118258e-01
2.970000e-01  3.107859e-01
3.000000e-01  3.097582e-01
3.030000e-01  3.087423e-01
3.060000e-01  3.077379e-01
3.090000e-01  3.067449e-01
3.120000e-01  3.057630e-01
3.150000e-01  3.047919e-01
3.180000e-01  3.038315e-01
3.210000e-01  3.028815e-01
3.240000e-01  3.019417e-01
3.270000e-01  3.010119e-01
3.300000e-01  3.000919e-01
3.330000e-01  2.991815e-01
3.360000e-01  2.982806e-01
3.390000e-01  2.973889e-01
3.420000e-01  2.965063e-01
3.450000e-01  2.956325e-01
3.480000e-01  2.947675e-01
3.510000e-01  2.939110e-01
3.540000e-01  2.930630e-01
3.570000e-01  2.922232e-01
3.600000e-01  2.913915e-01
3.630000e-01  2.905677e-01
3.660000e-01  2.897518e-01
3.690000e-01  2.889435e-01
3.720000e-01  2.881428e-01
3.750000e-01  2.873495e-01
3.780000e-01  2.865634e-01
3.810000e-01  2.857845e-01
3.840000e-01  2.850126e-01
3.870000e-01  2.842477e-01
3.900000e-01  2.834895e-01
3.930000e-01  2.827380e-01
3.960000e-01  2.819930e-01
3.990000e-01  2.812546e-01
4.020000e-01  2.805224e-01
4.050000e-01  2.797965e-01
4.080000e-01  2.790768e-01
4.110000e-01  2.783631e-01
4.140000e-01  2.776554e-01
4.170000e-01  2.769535e-01
4.200000e-01  2.762574e-01
4.230000e-01  2.755670e-01
4.260000e-01  2.748822e-01
4.290000e-01  2.742028e-01
4.320000e-01  2.735289e-01
4.350000e-01  2.728604e-01
4.380000e-01  2.721970e-01
4.410000e-01  2.715389e-01
4.440000e-01  2.708859e-01
4.470000e-01  2.702379e-01
4.500000e-01  2.695948e-01
4.530000e-01  2.689566e-01
4.560000e-01  2.683233e-01
4.590000e-01  2.676946e-01
4.620000e-01  2.670707e-01
4.650000e-01  2.664514e-01
4.680000e-01  2.658366e-01
4.710000e-01  2.652262e-01
4.740000e-01  2.646203e-01
4.770000e-01  2.640188e-01
4.800000e-01  2.634215e-01
4.830000e-01  2.628285e-01
4.860000e-01  2.622397e-01
4.890000e-01  2.616549e-01
4.920000e-01  2.610743e-01
4.950000e-01  2.604976e-01
4.980000e-01  2.599249e-01
5.010000e-01  2.593562e-01
5.040000e-01  2.587912e-01
5.070000e-01  2.582301e-01
5.100000e-01  2.576727e-01
5.130000e-01  2.571191e-01
5.160000e-01  2.565691e-01
5.190000e-01  2.560227e-01
5.220000e-01  2.554799e-01
5.250000e-01  2.549406e-01
5.280000e-01  2.544048e-01
5.310000e-01  2.538724e-01
5.340000e-01  2.533434e-01
5.370000e-01  2.528177e-01
5.400000e-01  2.522954e-01
5.430000e-01  2.517763e-01
5.460000e-01  2.512605e-01
5.490000e-01  2.507478e-01
5.520000e-01  2.502383e-01
5.550000e-01  2.497320e-01
5.580000e-01  2.492286e-01
5.610000e-01  2.487284e-01
5.640000e-01  2.482311e-01
5.670000e-01  2.477368e-01
5.700000e-01  2.472454e-01
5.730000e-01  2.467570e-01
5.760000e-01  2.462714e-01
5.790000e-01  2.457886e-01
5.820000e-01  2.453087e-01
5.850000e-01  2.448315e-01
5.880000e-01  2.443570e-01
5.910000e-01  2.438853e-01
5.940000e-01  2.434162e-01
5.970000e-01  2.429498e-01
6.000000e-01  2.424860e-01
6.030000e-01  2.420248e-01
6.060000e-01  2.415661e-01
6.090000e-01  2.411100e-01
6.120000e-01  2.406564e-01
6.150000e-01  2.402052e-01
6.180000e-01  2.397566e-01
6.210000e-01  2.393103e-01
6.240000e-01  2.388664e-01
6.270000e-01  2.384250e-01
6.300000e-01  2.379858e-01
6.330000e-01  2.375490e-01
6.360000e-01  2.371145e-01
6.390000e-01  2.366822e-01
6.420000e-01  2.362523e-01
6.450000e-01  2.358245e-01
6.480000e-01  2.353989e-01
6.510000e-01  2.349756e-01
6.540000e-01  2.345544e-01
6.570000e-01  2.341353e-01
6.600000e-01  2.337183e-01
6.630000e-01  2.333035e-01
6.660000e-01  2.328907e-01
6.690000e-01  2.324799e-01
6.720000e-01  2.320712e-01
6.750000e-01  2.316646e-01
6.780000e-01  2.312599e-01
6.810000e-01  2.308572e-01
6.840000e-01  2.304564e-01
6.870000e-01  2.300576e-01
6.900000e-01  2.296606e-01
6.930000e-01  2.292656e-01
6.960000e-01  2.288725e-01
6.990000e-01  2.284812e-01
7.020000e-01  2.280918e-01
7.050000e-01  2.277042e-01
7.080000e-01  2.273184e-01
7.110000e-01  2.269344e-01
7.140000e-01  2.265522e-01
7.170000e-01  2.261717e-01
7.200000e-01  2.257930e-01
7.230000e-01  2.254160e-01
7.260000e-01  2.250407e-01
7.290000e-01  2.246671e-01
7.320000e-01  2.242952e-01
7.350000e-01  2.239249e-01
7.380000e-01  2.235563e-01
7.410000e-01  2.231894e-01
7.440000e-01  2.228240e-01
7.470000e-01  2.224603e-01
7.500000e-01  2.220981e-01
7.530000e-01  2.217375e-01
7.560000e-01  2.213785e-01
7.590000e-01  2.210210e-01
7.620000e-01  2.206651e-01
7.650000e-01  2.203107e-01
7.680000e-01  2.199578e-01
7.710000e-01  2.196063e-01
7.740000e-01  2.192564e-01
7.770000e-01  2.189079e-01
7.800000e-01  2.185609e-01
7.830000e-01  2.182153e-01
7.860000e-01  2.178712e-01
7.890000e-01  2.175285e-01
7.920000e-01  2.171871e-01
7.950000e-01  2.168472e-01
7.980000e-01  2.165087e-01
8.010000e-01  2.161715e-01
8.040000e-01  2.158357e-01
8.070000e-01  2.155012e-01
8.100000e-01  2.151681e-01
8.130000e-01  2.148363e-01
8.160000e-01  2.145058e-01
8.190000e-01  2.141766e-01
8.220000e-01  2.138487e-01
8.250000e-01  2.135221e-01
8.280000e-01  2.131968e-01
8.310000e-01  2.128727e-01
8.340000e-01  2.125499e-01
8.370000e-01  2.122283e-01
8.400000e-01  2.119079e-01
8.430000e-01  2.115888e-01
8.460000e-01  2.112709e-01
8.490000e-01  2.109541e-01
8.520000e-01  2.106386e-01
8.550000e-01  2.103243e-01
8.580000e-01  2.100111e-01
8.610000e-01  2.096990e-01
8.640000e-01  2.093882e-01
8.670000e-01  2.090785e-01
8.700000e-01  2.087699e-01
8.730000e-01  2.084625e-01
8.760000e-01  2.081561e-01
8.790000e-01  2.078509e-01
8.820000e-01  2.075468e-01
8.850000e-01  2.072437e-01
8.880000e-01  2.069418e-01
8.910000e-01  2.066409e-01
8.940000e-01  2.063411e-01
8.970000e-01  2.060424e-01
9.000000e-01  2.057447e-01
9.030000e-01  2.054480e-01
9.060000e-01  2.051524e-01
9.090000e-01  2.048578e-01
9.120000e-01  2.045643e-01
9.150000e-01  2.042717e-01
9.180000e-01  2.039802e-01
9.210000e-01  2.036896e-01
9.240000e-01  2.034001e-01
9.270000e-01  2.031115e-01
9.300000e-01  2.028239e-01
9.330000e-01  2.025373e-01
9.360000e-01  2.022516e-01
9.390000e-01  2.019669e-01
9.420000e-01  2.016831e-01
9.450000e-01  2.014003e-01
9.480000e-01  2.011184e-01
9.510000e-01  2.008374e-01
9.540000e-01  2.005574e-01
9.570000e-01  2.002782e-01
9.600000e-01  2.000000e-01
9.630000e-01  1.997227e-01
9.660000e-01  1.994463e-01
9.690000e-01  1.991707e-01
9.720000e-01  1.988960e-01
9.750000e-01  1.986222e-01
9.780000e-01  1.983493e-01
9.810000e-01  1.980773e-01
9.840000e-01  1.978060e-01
9.870000e-01  1.975357e-01
9.900000e-01  1.972662e-01
9.930000e-01  1.969975e-01
9.960000e-01  1.967297e-01
9.990000e-01  1.964627e-01
