000000  000001
3.000000e-03  8.444407e-01
6.000000e-03  7.667069e-01
9.000000e-03  7.152777e-01
1.200000e-02  6.771741e-01
1.500000e-02  6.471038e-01
1.800000e-02  6.223884e-01
2.100000e-02  6.014871e-01
2.400000e-02  5.834337e-01
2.700000e-02  5.675836e-01
3.000000e-02  5.534856e-01
3.300000e-02  5.408124e-01
3.600000e-02  5.293187e-01
3.900000e-02  5.188169e-01
4.200000e-02  5.091597e-01
4.500000e-02  5.002298e-01
4.800000e-02  4.919323e-01
5.100000e-02  4.841894e-01
5.400000e-02  4.769364e-01
5.700000e-02  4.701191e-01
6.000000e-02  4.636917e-01
6.300000e-02  4.576150e-01
6.600000e-02  4.518553e-01
6.900000e-02  4.463835e-01
7.200000e-02  4.411741e-01
7.500000e-02  4.362049e-01
7.800000e-02  4.314562e-01
8.100000e-02  4.269107e-01
8.400000e-02  4.225529e-01
8.700000e-02  4.183691e-01
9.000000e-02  4.143468e-01
9.300000e-02  4.104749e-01
9.600000e-02  4.067434e-01
9.900000e-02  4.031432e-01
1.020000e-01  3.996660e-01
1.050000e-01  3.963043e-01
1.080000e-01  3.930512e-01
1.110000e-01  3.899003e-01
1.140000e-01  3.868460e-01
1.170000e-01  3.838829e-01
1.200000e-01  3.810061e-01
1.230000e-01  3.782110e-01
1.260000e-01  3.754935e-01
1.290000e-01  3.728497e-01
1.320000e-01  3.702759e-01
1.350000e-01  3.677689e-01
1.380000e-01  3.653255e-01
1.410000e-01  3.629427e-01
1.440000e-01  3.606179e-01
1.470000e-01  3.583484e-01
1.500000e-01  3.561319e-01
1.530000e-01  3.539662e-01
1.560000e-01  3.518491e-01
1.590000e-01  3.497786e-01
1.620000e-01  3.477529e-01
1.650000e-01  3.457702e-01
1.680000e-01  3.438288e-01
1.710000e-01  3.419272e-01
1.740000e-01  3.400639e-01
1.770000e-01  3.382375e-01
1.800000e-01  3.364465e-01
1.830000e-01  3.346899e-01
1.860000e-01  3.329663e-01
1.890000e-01  3.312747e-01
1.920000e-01  3.296138e-01
1.950000e-01  3.279829e-01
1.980000e-01  3.263807e-01
2.010000e-01  3.248064e-01
2.040000e-01  3.232592e-01
2.070000e-01  3.217380e-01
2.100000e-01  3.202423e-01
2.130000e-01  3.187710e-01
2.160000e-01  3.173236e-01
2.190000e-01  3.158993e-01
2.220000e-01  3.144974e-01
2.250000e-01  3.131173e-01
2.280000e-01  3.117583e-01
2.310000e-01  3.104199e-01
2.340000e-01  3.091014e-01
2.370000e-01  3.078024e-01
2.400000e-01  3.065222e-01
2.430000e-01  3.052604e-01
2.460000e-01  3.040166e-01
2.490000e-01  3.027901e-01
2.520000e-01  3.015806e-01
2.550000e-01  3.003876e-01
2.580000e-01  2.992108e-01
2.610000e-01  2.980496e-01
2.640000e-01  2.969037e-01
2.670000e-01  2.957728e-01
2.700000e-01  2.946565e-01
2.730000e-01  2.935544e-01
2.760000e-01  2.924662e-01
2.790000e-01  2.913915e-01
2.820000e-01  2.903301e-01
2.850000e-01  2.892816e-01
2.880000e-01  2.882457e-01
2.910000e-01  2.872222e-01
2.940000e-01  2.862108e-01
2.970000e-01  2.852112e-01
3.000000e-01  2.842231e-01
3.030000e-01  2.832463e-01
3.060000e-01  2.822806e-01
3.090000e-01  2.813257e-01
3.120000e-01  2.803814e-01
3.150000e-01  2.794475e-01
3.180000e-01  2.785238e-01
3.210000e-01  2.776099e-01
3.240000e-01  2.767059e-01
3.270000e-01  2.758114e-01
3.300000e-01  2.749262e-01
3.330000e-01  2.740502e-01
3.360000e-01  2.731832e-01
3.390000e-01  2.723250e-01
3.420000e-01  2.714755e-01
3.450000e-01  2.706344e-01
3.480000e-01  2.698017e-01
3.510000e-01  2.689772e-01
3.540000e-01  2.681606e-01
3.570000e-01  2.673519e-01
3.600000e-01  2.665510e-01
3.630000e-01  2.657576e-01
3.660000e-01  2.649716e-01
3.690000e-01  2.641930e-01
3.720000e-01  2.634215e-01
3.750000e-01  2.626571e-01
3.780000e-01  2.618996e-01
3.810000e-01  2.611490e-01
3.840000e-01  2.604050e-01
3.870000e-01  2.596676e-01
3.900000e-01  2.589367e-01
3.930000e-01  2.582121e-01
3.960000e-01  2.574937e-01
3.990000e-01  2.567816e-01
4.020000e-01  2.560754e-01
4.050000e-01  2.553752e-01
4.080000e-01  2.546809e-01
4.110000e-01  2.539923e-01
4.140000e-01  2.533094e-01
4.170000e-01  2.526320e-01
4.200000e-01  2.519601e-01
4.230000e-01  2.512937e-01
4.260000e-01  2.506325e-01
4.290000e-01  2.499766e-01
4.320000e-01  2.493258e-01
4.350000e-01  2.486801e-01
4.380000e-01  2.480394e-01
4.410000e-01  2.474036e-01
4.440000e-01  2.467727e-01
4.470000e-01  2.461465e-01
4.500000e-01  2.455251e-01
4.530000e-01  2.449082e-01
4.560000e-01  2.442960e-01
4.590000e-01  2.436882e-01
4.620000e-01  2.430849e-01
4.650000e-01  2.424860e-01
4.680000e-01  2.418913e-01
4.710000e-01  2.413010e-01
4.740000e-01  2.407148e-01
4.770000e-01  2.401327e-01
4.800000e-01  2.395547e-01
4.830000e-01  2.389808e-01
4.860000e-01  2.384107e-01
4.890000e-01  2.378447e-01
4.920000e-01  2.372824e-01
4.950000e-01  2.367240e-01
4.980000e-01  2.361693e-01
5.010000e-01  2.356183e-01
5.040000e-01  2.350710e-01
5.070000e-01  2.345273e-01
5.100000e-01  2.339871e-01
5.130000e-01  2.334504e-01
5.160000e-01  2.329172e-01
5.190000e-01  2.323875e-01
5.220000e-01  2.318611e-01
5.250000e-01  2.313380e-01
5.280000e-01  2.308183e-01
5.310000e-01  2.303018e-01
5.340000e-01  2.297885e-01
5.370000e-01  2.292783e-01
5.400000e-01  2.287713e-01
5.430000e-01  2.282674e-01
5.460000e-01  2.277666e-01
5.490000e-01  2.272688e-01
5.520000e-01  2.267739e-01
5.550000e-01  2.262820e-01
5.580000e-01  2.257930e-01
5.610000e-01  2.253068e-01
5.640000e-01  2.248236e-01
5.670000e-01  2.243431e-01
5.700000e-01  2.238654e-01
5.730000e-01  2.233904e-01
5.760000e-01  2.229181e-01
5.790000e-01  2.224486e-01
5.820000e-01  2.219816e-01
5.850000e-01  2.215173e-01
5.880000e-01  2.210556e-01
5.910000e-01  2.205964e-01
5.940000e-01  2.201397e-01
5.970000e-01  2.196856e-01
6.000000e-01  2.192339e-01
6.030000e-01  2.187846e-01
6.060000e-01  2.183378e-01
6.090000e-01  2.178933e-01
6.120000e-01  2.174513e-01
6.150000e-01  2.170115e-01
6.180000e-01  2.165741e-01
6.210000e-01  2.161390e-01
6.240000e-01  2.157061e-01
6.270000e-01  2.152754e-01
6.300000e-01  2.148470e-01
6.330000e-01  2.144207e-01
6.360000e-01  2.139966e-01
6.390000e-01  2.135747e-01
6.420000e-01  2.131549e-01
6.450000e-01  2.127372e-01
6.480000e-01  2.123215e-01
6.510000e-01  2.119079e-01
6.540000e-01  2.114964e-01
6.570000e-01  2.110868e-01
6.600000e-01  2.106793e-01
6.630000e-01  2.102737e-01
6.660000e-01  2.098700e-01
6.690000e-01  2.094683e-01
6.720000e-01  2.090685e-01
6.750000e-01  2.086706e-01
6.780000e-01  2.082746e-01
6.810000e-01  2.078804e-01
6.840000e-01  2.074880e-01
6.870000e-01  2.070975e-01
6.900000e-01  2.067088e-01
6.930000e-01  2.063218e-01
6.960000e-01  2.059366e-01
6.990000e-01  2.055532e-01
7.020000e-01  2.051715e-01
7.050000e-01  2.047915e-01
7.080000e-01  2.044132e-01
7.110000e-01  2.040365e-01
7.140000e-01  2.036616e-01
7.170000e-01  2.032883e-01
7.200000e-01  2.029166e-01
7.230000e-01  2.025465e-01
7.260000e-01  2.021780e-01
7.290000e-01  2.018111e-01
7.320000e-01  2.014458e-01
7.350000e-01  2.010821e-01
7.380000e-01  2.007199e-01
7.410000e-01  2.003592e-01
7.440000e-01  2.000000e-01
7.470000e-01  1.996423e-01
7.500000e-01  1.992861e-01
7.530000e-01  1.989314e-01
7.560000e-01  1.985782e-01
7.590000e-01  1.982263e-01
7.620000e-01  1.978760e-01
7.650000e-01  1.975270e-01
7.680000e-01  1.971794e-01
7.710000e-01  1.968333e-01
7.740000e-01  1.964885e-01
7.770000e-01  1.961451e-01
7.800000e-01  1.958030e-01
7.830000e-01  1.954623e-01
7.860000e-01  1.951229e-01
7.890000e-01  1.947848e-01
7.920000e-01  1.944481e-01
7.950000e-01  1.941126e-01
7.980000e-01  1.937784e-01
8.010000e-01  1.934455e-01
8.040000e-01  1.931139e-01
8.070000e-01  1.927835e-01
8.100000e-01  1.924543e-01
8.130000e-01  1.921264e-01
8.160000e-01  1.917997e-01
8.190000e-01  1.914742e-01
8.220000e-01  1.911499e-01
8.250000e-01  1.908268e-01
8.280000e-01  1.905049e-01
8.310000e-01  1.901842e-01
8.340000e-01  1.898646e-01
8.370000e-01  1.895461e-01
8.400000e-01  1.892288e-01
8.430000e-01  1.889126e-01
8.460000e-01  1.885976e-01
8.490000e-01  1.882837e-01
8.520000e-01  1.879708e-01
8.550000e-01  1.876591e-01
8.580000e-01  1.873484e-01
8.610000e-01  1.870388e-01
8.640000e-01  1.867303e-01
8.670000e-01  1.864228e-01
8.700000e-01  1.861164e-01
8.730000e-01  1.858110e-01
8.760000e-01  1.855067e-01
8.790000e-01  1.852033e-01
8.820000e-01  1.849010e-01
8.850000e-01  1.845997e-01
8.880000e-01  1.842994e-01
8.910000e-01  1.840001e-01
8.940000e-01  1.837018e-01
8.970000e-01  1.834044e-01
9.000000e-01  1.831080e-01
9.030000e-01  1.828126e-01
9.060000e-01  1.825181e-01
9.090000e-01  1.822245e-01
9.120000e-01  1.819319e-01
9.150000e-01  1.816402e-01
9.180000e-01  1.813495e-01
9.210000e-01  1.810596e-01
9.240000e-01  1.807707e-01
9.270000e-01  1.804827e-01
9.300000e-01  1.801955e-01
9.330000e-01  1.799092e-01
9.360000e-01  1.796239e-01
9.390000e-01  1.793394e-01
9.420000e-01  1.790557e-01
9.450000e-01  1.787729e-01
9.480000e-01  1.784910e-01
9.510000e-01  1.782099e-01
9.540000e-01  1.779296e-01
9.570000e-01  1.776502e-01
9.600000e-01  1.773716e-01
9.630000e-01  1.770938e-01
9.660000e-01  1.768168e-01
9.690000e-01  1.765407e-01
9.720000e-01  1.762653e-01
9.750000e-01  1.759907e-01
9.780000e-01  1.757170e-01
9.810000e-01  1.754440e-01
9.840000e-01  1.751717e-01
9.870000e-01  1.749003e-01
9.900000e-01  1.746296e-01
9.930000e-01  1.743597e-01
9.960000e-01  1.740905e-01
9.990000e-01  1.738220e-01
