000000  000001
3.000000e-03  8.428039e-01
6.000000e-03  7.647126e-01
9.000000e-03  7.131524e-01
1.200000e-02  6.749942e-01
1.500000e-02  6.449026e-01
1.800000e-02  6.201824e-01
2.100000e-02  5.992851e-01
2.400000e-02  5.812408e-01
2.700000e-02  5.654024e-01
3.000000e-02  5.513178e-01
3.300000e-02  5.386587e-01
3.600000e-02  5.271796e-01
3.900000e-02  5.166923e-01
4.200000e-02  5.070496e-01
4.500000e-02  4.981340e-01
4.800000e-02  4.898506e-01
5.100000e-02  4.821213e-01
5.400000e-02  4.748816e-01
5.700000e-02  4.680773e-01
6.000000e-02  4.616625e-01
6.300000e-02  4.555979e-01
6.600000e-02  4.498501e-01
6.900000e-02  4.443897e-01
7.200000e-02  4.391915e-01
7.500000e-02  4.342331e-01
7.800000e-02  4.294949e-01
8.100000e-02  4.249596e-01
8.400000e-02  4.206117e-01
8.700000e-02  4.164374e-01
9.000000e-02  4.124245e-01
9.300000e-02  4.085617e-01
9.600000e-02  4.048390e-01
9.900000e-02  4.012473e-01
1.020000e-01  3.977785e-01
1.050000e-01  3.944249e-01
1.080000e-01  3.911797e-01
1.110000e-01  3.880365e-01
1.140000e-01  3.849897e-01
1.170000e-01  3.820339e-01
1.200000e-01  3.791643e-01
1.230000e-01  3.763762e-01
1.260000e-01  3.736655e-01
1.290000e-01  3.710283e-01
1.320000e-01  3.684611e-01
1.350000e-01  3.659604e-01
1.380000e-01  3.635232e-01
1.410000e-01  3.611465e-01
1.440000e-01  3.588276e-01
1.470000e-01  3.565639e-01
1.500000e-01  3.543531e-01
1.530000e-01  3.521929e-01
1.560000e-01  3.500812e-01
1.590000e-01  3.480161e-01
1.620000e-01  3.459956e-01
1.650000e-01  3.440180e-01
1.680000e-01  3.420816e-01
1.710000e-01  3.401849e-01
1.740000e-01  3.383264e-01
1.770000e-01  3.365047e-01
1.800000e-01  3.347184e-01
1.830000e-01  3.329663e-01
1.860000e-01  3.312472e-01
1.890000e-01  3.295599e-01
1.920000e-01  3.279034e-01
1.950000e-01  3.262766e-01
1.980000e-01  3.246786e-01
2.010000e-01  3.231084e-01
2.040000e-01  3.215651e-01
2.070000e-01  3.200479e-01
2.100000e-01  3.185560e-01
2.130000e-01  3.170885e-01
2.160000e-01  3.156449e-01
2.190000e-01  3.142242e-01
2.220000e-01  3.128259e-01
2.250000e-01  3.114493e-01
2.280000e-01  3.100938e-01
2.310000e-01  3.087588e-01
2.340000e-01  3.074437e-01
2.370000e-01  3.061480e-01
2.400000e-01  3.048711e-01
2.430000e-01  3.036125e-01
2.460000e-01  3.023718e-01
2.490000e-01  3.011485e-01
2.520000e-01  2.999420e-01
2.550000e-01  2.987521e-01
2.580000e-01  2.975782e-01
2.610000e-01  2.964199e-01
2.640000e-01  2.952770e-01
2.670000e-01  2.941489e-01
2.700000e-01  2.930353e-01
2.730000e-01  2.919360e-01
2.760000e-01  2.908504e-01
2.790000e-01  2.897784e-01
2.820000e-01  2.887196e-01
2.850000e-01  2.876737e-01
2.880000e-01  2.866404e-01
2.910000e-01  2.856194e-01
2.940000e-01  2.846105e-01
2.970000e-01  2.836133e-01
3.000000e-01  2.826277e-01
3.030000e-01  2.816533e-01
3.060000e-01  2.806899e-01
3.090000e-01  2.797373e-01
3.120000e-01  2.787953e-01
3.150000e-01  2.778636e-01
3.180000e-01  2.769421e-01
3.210000e-01  2.760304e-01
3.240000e-01  2.751285e-01
3.270000e-01  2.742361e-01
3.300000e-01  2.733531e-01
3.330000e-01  2.724791e-01
3.360000e-01  2.716142e-01
3.390000e-01  2.707580e-01
3.420000e-01  2.699105e-01
3.450000e-01  2.690714e-01
3.480000e-01  2.682406e-01
3.510000e-01  2.674179e-01
3.540000e-01  2.666032e-01
3.570000e-01  2.657964e-01
3.600000e-01  2.649973e-01
3.630000e-01  2.642057e-01
3.660000e-01  2.634215e-01
3.690000e-01  2.626446e-01
3.720000e-01  2.618749e-01
3.750000e-01  2.611122e-01
3.780000e-01  2.603564e-01
3.810000e-01  2.596074e-01
3.840000e-01  2.588651e-01
3.870000e-01  2.581293e-01
3.900000e-01  2.574000e-01
3.930000e-01  2.566770e-01
3.960000e-01  2.559602e-01
3.990000e-01  2.552496e-01
4.020000e-01  2.545450e-01
4.050000e-01  2.538463e-01
4.080000e-01  2.531534e-01
4.110000e-01  2.524663e-01
4.140000e-01  2.517848e-01
4.170000e-01  2.511089e-01
4.200000e-01  2.504384e-01
4.230000e-01  2.497733e-01
4.260000e-01  2.491136e-01
4.290000e-01  2.484590e-01
4.320000e-01  2.478095e-01
4.350000e-01  2.471652e-01
4.380000e-01  2.465258e-01
4.410000e-01  2.458913e-01
4.440000e-01  2.452616e-01
4.470000e-01  2.446367e-01
4.500000e-01  2.440165e-01
4.530000e-01  2.434009e-01
4.560000e-01  2.427898e-01
4.590000e-01  2.421833e-01
4.620000e-01  2.415811e-01
4.650000e-01  2.409833e-01
4.680000e-01  2.403898e-01
4.710000e-01  2.398006e-01
4.740000e-01  2.392155e-01
4.770000e-01  2.386345e-01
4.800000e-01  2.380576e-01
4.830000e-01  2.374847e-01
4.860000e-01  2.369158e-01
4.890000e-01  2.363507e-01
4.920000e-01  2.357895e-01
4.950000e-01  2.352321e-01
4.980000e-01  2.346784e-01
5.010000e-01  2.341284e-01
5.040000e-01  2.335821e-01
5.070000e-01  2.330393e-01
5.100000e-01  2.325001e-01
5.130000e-01  2.319644e-01
5.160000e-01  2.314321e-01
5.190000e-01  2.309033e-01
5.220000e-01  2.303778e-01
5.250000e-01  2.298556e-01
5.280000e-01  2.293367e-01
5.310000e-01  2.288211e-01
5.340000e-01  2.283086e-01
5.370000e-01  2.277993e-01
5.400000e-01  2.272932e-01
5.430000e-01  2.267901e-01
5.460000e-01  2.262900e-01
5.490000e-01  2.257930e-01
5.520000e-01  2.252989e-01
5.550000e-01  2.248078e-01
5.580000e-01  2.243195e-01
5.610000e-01  2.238341e-01
5.640000e-01  2.233516e-01
5.670000e-01  2.228718e-01
5.700000e-01  2.223948e-01
5.730000e-01  2.219206e-01
5.760000e-01  2.214490e-01
5.790000e-01  2.209801e-01
5.820000e-01  2.205138e-01
5.850000e-01  2.200502e-01
5.880000e-01  2.195891e-01
5.910000e-01  2.191306e-01
5.940000e-01  2.186745e-01
5.970000e-01  2.182210e-01
6.000000e-01  2.177699e-01
6.030000e-01  2.173213e-01
6.060000e-01  2.168750e-01
6.090000e-01  2.164312e-01
6.120000e-01  2.159897e-01
6.150000e-01  2.155505e-01
6.180000e-01  2.151136e-01
6.210000e-01  2.146790e-01
6.240000e-01  2.142467e-01
6.270000e-01  2.138165e-01
6.300000e-01  2.133886e-01
6.330000e-01  2.129629e-01
6.360000e-01  2.125393e-01
6.390000e-01  2.121179e-01
6.420000e-01  2.116985e-01
6.450000e-01  2.112813e-01
6.480000e-01  2.108661e-01
6.510000e-01  2.104529e-01
6.540000e-01  2.100418e-01
6.570000e-01  2.096327e-01
6.600000e-01  2.092256e-01
6.630000e-01  2.088204e-01
6.660000e-01  2.084172e-01
6.690000e-01  2.080159e-01
6.720000e-01  2.076165e-01
6.750000e-01  2.072189e-01
6.780000e-01  2.068233e-01
6.810000e-01  2.064295e-01
6.840000e-01  2.060375e-01
6.870000e-01  2.056473e-01
6.900000e-01  2.052589e-01
6.930000e-01  2.048723e-01
6.960000e-01  2.044874e-01
6.990000e-01  2.041043e-01
7.020000e-01  2.037229e-01
7.050000e-01  2.033432e-01
7.080000e-01  2.029652e-01
7.110000e-01  2.025889e-01
7.140000e-01  2.022142e-01
7.170000e-01  2.018412e-01
7.200000e-01  2.014698e-01
7.230000e-01  2.010999e-01
7.260000e-01  2.007317e-01
7.290000e-01  2.003651e-01
7.320000e-01  2.000000e-01
7.350000e-01  1.996365e-01
7.380000e-01  1.992745e-01
7.410000e-01  1.989140e-01
7.440000e-01  1.985551e-01
7.470000e-01  1.981976e-01
7.500000e-01  1.978416e-01
7.530000e-01  1.974870e-01
7.560000e-01  1.971340e-01
7.590000e-01  1.967823e-01
7.620000e-01  1.964321e-01
7.650000e-01  1.960833e-01
7.680000e-01  1.957359e-01
7.710000e-01  1.953898e-01
7.740000e-01  1.950452e-01
7.770000e-01  1.947019e-01
7.800000e-01  1.943599e-01
7.830000e-01  1.940193e-01
7.860000e-01  1.936800e-01
7.890000e-01  1.933421e-01
7.920000e-01  1.930054e-01
7.950000e-01  1.926700e-01
7.980000e-01  1.923359e-01
8.010000e-01  1.920031e-01
8.040000e-01  1.916715e-01
8.070000e-01  1.913412e-01
8.100000e-01  1.910121e-01
8.130000e-01  1.906842e-01
8.160000e-01  1.903575e-01
8.190000e-01  1.900321e-01
8.220000e-01  1.897078e-01
8.250000e-01  1.893847e-01
8.280000e-01  1.890628e-01
8.310000e-01  1.887421e-01
8.340000e-01  1.884225e-01
8.370000e-01  1.881040e-01
8.400000e-01  1.877867e-01
8.430000e-01  1.874705e-01
8.460000e-01  1.871554e-01
8.490000e-01  1.868414e-01
8.520000e-01  1.865285e-01
8.550000e-01  1.862167e-01
8.580000e-01  1.859060e-01
8.610000e-01  1.855964e-01
8.640000e-01  1.852878e-01
8.670000e-01  1.849802e-01
8.700000e-01  1.846737e-01
8.730000e-01  1.843683e-01
8.760000e-01  1.840638e-01
8.790000e-01  1.837604e-01
8.820000e-01  1.834580e-01
8.850000e-01  1.831565e-01
8.880000e-01  1.828561e-01
8.910000e-01  1.825566e-01
8.940000e-01  1.822582e-01
8.970000e-01  1.819607e-01
9.000000e-01  1.816641e-01
9.030000e-01  1.813685e-01
9.060000e-01  1.810739e-01
9.090000e-01  1.807802e-01
9.120000e-01  1.804874e-01
9.150000e-01  1.801955e-01
9.180000e-01  1.799046e-01
9.210000e-01  1.796145e-01
9.240000e-01  1.793254e-01
9.270000e-01  1.790371e-01
9.300000e-01  1.787498e-01
9.330000e-01  1.784633e-01
9.360000e-01  1.781777e-01
9.390000e-01  1.778929e-01
9.420000e-01  1.776090e-01
9.450000e-01  1.773260e-01
9.480000e-01  1.770438e-01
9.510000e-01  1.767624e-01
9.540000e-01  1.764819e-01
9.570000e-01  1.762022e-01
9.600000e-01  1.759233e-01
9.630000e-01  1.756453e-01
9.660000e-01  1.753680e-01
9.690000e-01  1.750915e-01
9.720000e-01  1.748159e-01
9.750000e-01  1.745410e-01
9.780000e-01  1.742669e-01
9.810000e-01  1.739936e-01
9.840000e-01  1.737210e-01
9.870000e-01  1.734492e-01
9.900000e-01  1.731782e-01
9.930000e-01  1.729079e-01
9.960000e-01  1.726384e-01
9.990000e-01  1.723696e-01
