000000  000001
3.000000e-03  7.541655e-01
6.000000e-03  6.636156e-01
9.000000e-03  6.087766e-01
1.200000e-02  5.699949e-01
1.500000e-02  5.402843e-01
1.800000e-02  5.163696e-01
2.100000e-02  4.964596e-01
2.400000e-02  4.794718e-01
2.700000e-02  4.647036e-01
3.000000e-02  4.516746e-01
3.300000e-02  4.400421e-01
3.600000e-02  4.295538e-01
3.900000e-02  4.200186e-01
4.200000e-02  4.112888e-01
4.500000e-02  4.032476e-01
4.800000e-02  3.958013e-01
5.100000e-02  3.888737e-01
5.400000e-02  3.824022e-01
5.700000e-02  3.763343e-01
6.000000e-02  3.706260e-01
6.300000e-02  3.652399e-01
6.600000e-02  3.601441e-01
6.900000e-02  3.553110e-01
7.200000e-02  3.507165e-01
7.500000e-02  3.463399e-01
7.800000e-02  3.421628e-01
8.100000e-02  3.381690e-01
8.400000e-02  3.343442e-01
8.700000e-02  3.306756e-01
9.000000e-02  3.271517e-01
9.300000e-02  3.237624e-01
9.600000e-02  3.204984e-01
9.900000e-02  3.173513e-01
1.020000e-01  3.143137e-01
1.050000e-01  3.113786e-01
1.080000e-01  3.085398e-01
1.110000e-01  3.057915e-01
1.140000e-01  3.031286e-01
1.170000e-01  3.005462e-01
1.200000e-01  2.980398e-01
1.230000e-01  2.956055e-01
1.260000e-01  2.932393e-01
1.290000e-01  2.909379e-01
1.320000e-01  2.886979e-01
1.350000e-01  2.865165e-01
1.380000e-01  2.843907e-01
1.410000e-01  2.823179e-01
1.440000e-01  2.802957e-01
1.470000e-01  2.783219e-01
1.500000e-01  2.763943e-01
1.530000e-01  2.745109e-01
1.560000e-01  2.726698e-01
1.590000e-01  2.708693e-01
1.620000e-01  2.691076e-01
1.650000e-01  2.673833e-01
1.680000e-01  2.656949e-01
1.710000e-01  2.640409e-01
1.740000e-01  2.624201e-01
1.770000e-01  2.608312e-01
1.800000e-01  2.592730e-01
1.830000e-01  2.577444e-01
1.860000e-01  2.562444e-01
1.890000e-01  2.547720e-01
1.920000e-01  2.533261e-01
1.950000e-01  2.519060e-01
1.980000e-01  2.505107e-01
2.010000e-01  2.491393e-01
2.040000e-01  2.477912e-01
2.070000e-01  2.464656e-01
2.100000e-01  2.451618e-01
2.130000e-01  2.438790e-01
2.160000e-01  2.426167e-01
2.190000e-01  2.413742e-01
2.220000e-01  2.401508e-01
2.250000e-01  2.389462e-01
2.280000e-01  2.377596e-01
2.310000e-01  2.365906e-01
2.340000e-01  2.354387e-01
2.370000e-01  2.343034e-01
2.400000e-01  2.331842e-01
2.430000e-01  2.320807e-01
2.460000e-01  2.309924e-01
2.490000e-01  2.299190e-01
2.520000e-01  2.288601e-01
2.550000e-01  2.278152e-01
2.580000e-01  2.267841e-01
2.610000e-01  2.257663e-01
2.640000e-01  2.247615e-01
2.670000e-01  2.237695e-01
2.700000e-01  2.227897e-01
2.730000e-01  2.218221e-01
2.760000e-01  2.208663e-01
2.790000e-01  2.199219e-01
2.820000e-01  2.189888e-01
2.850000e-01  2.180666e-01
2.880000e-01  2.171551e-01
2.910000e-01  2.162541e-01
2.940000e-01  2.153633e-01
2.970000e-01  2.144824e-01
3.000000e-01  2.136113e-01
3.030000e-01  2.127498e-01
3.060000e-01  2.118976e-01
3.090000e-01  2.110545e-01
3.120000e-01  2.102203e-01
3.150000e-01  2.093949e-01
3.180000e-01  2.085780e-01
3.210000e-01  2.077695e-01
3.240000e-01  2.069692e-01
3.270000e-01  2.061769e-01
3.300000e-01  2.053925e-01
3.330000e-01  2.046157e-01
3.360000e-01  2.038466e-01
3.390000e-01  2.030847e-01
3.420000e-01  2.023302e-01
3.450000e-01  2.015827e-01
3.480000e-01  2.008422e-01
3.510000e-01  2.001086e-01
3.540000e-01  1.993816e-01
3.570000e-01  1.986612e-01
3.600000e-01  1.979472e-01
3.630000e-01  1.972396e-01
3.660000e-01  1.965382e-01
3.690000e-01  1.958428e-01
3.720000e-01  1.951534e-01
3.750000e-01  1.944699e-01
3.780000e-01  1.937922e-01
3.810000e-01  1.931201e-01
3.840000e-01  1.924535e-01
3.870000e-01  1.917924e-01
3.900000e-01  1.911367e-01
3.930000e-01  1.904862e-01
3.960000e-01  1.898409e-01
3.990000e-01  1.892007e-01
4.020000e-01  1.885655e-01
4.050000e-01  1.879352e-01
4.080000e-01  1.873097e-01
4.110000e-01  1.866889e-01
4.140000e-01  1.860728e-01
4.170000e-01  1.854613e-01
4.200000e-01  1.848544e-01
4.230000e-01  1.842518e-01
4.260000e-01  1.836536e-01
4.290000e-01  1.830597e-01
4.320000e-01  1.824700e-01
4.350000e-01  1.818845e-01
4.380000e-01  1.813030e-01
4.410000e-01  1.807256e-01
4.440000e-01  1.801521e-01
4.470000e-01  1.795825e-01
4.500000e-01  1.790168e-01
4.530000e-01  1.784548e-01
4.560000e-01  1.778965e-01
4.590000e-01  1.773419e-01
4.620000e-01  1.767909e-01
4.650000e-01  1.762434e-01
4.680000e-01  1.756994e-01
4.710000e-01  1.751589e-01
4.740000e-01  1.746217e-01
4.770000e-01  1.740879e-01
4.800000e-01  1.735573e-01
4.830000e-01  1.730300e-01
4.860000e-01  1.725059e-01
4.890000e-01  1.719849e-01
4.920000e-01  1.714670e-01
4.950000e-01  1.709521e-01
4.980000e-01  1.704403e-01
5.010000e-01  1.699314e-01
5.040000e-01  1.694254e-01
5.070000e-01  1.689222e-01
5.100000e-01  1.684219e-01
5.130000e-01  1.679244e-01
5.160000e-01  1.674297e-01
5.190000e-01  1.669376e-01
5.220000e-01  1.664482e-01
5.250000e-01  1.659615e-01
5.280000e-01  1.654773e-01
5.310000e-01  1.649957e-01
5.340000e-01  1.645167e-01
5.370000e-01  1.640401e-01
5.400000e-01  1.635659e-01
5.430000e-01  1.630942e-01
5.460000e-01  1.626248e-01
5.490000e-01  1.621578e-01
5.520000e-01  1.616931e-01
5.550000e-01  1.612308e-01
5.580000e-01  1.607706e-01
5.610000e-01  1.603127e-01
5.640000e-01  1.598569e-01
5.670000e-01  1.594033e-01
5.700000e-01  1.589519e-01
5.730000e-01  1.585025e-01
5.760000e-01  1.580552e-01
5.790000e-01  1.576100e-01
5.820000e-01  1.571668e-01
5.850000e-01  1.567255e-01
5.880000e-01  1.562862e-01
5.910000e-01  1.558489e-01
5.940000e-01  1.554134e-01
5.970000e-01  1.549798e-01
6.000000e-01  1.545481e-01
6.030000e-01  1.541182e-01
6.060000e-01  1.536901e-01
6.090000e-01  1.532638e-01
6.120000e-01  1.528392e-01
6.150000e-01  1.524163e-01
6.180000e-01  1.519952e-01
6.210000e-01  1.515757e-01
6.240000e-01  1.511579e-01
6.270000e-01  1.507418e-01
6.300000e-01  1.503272e-01
6.330000e-01  1.499142e-01
6.360000e-01  1.495028e-01
6.390000e-01  1.490929e-01
6.420000e-01  1.486846e-01
6.450000e-01  1.482778e-01
6.480000e-01  1.478724e-01
6.510000e-01  1.474685e-01
6.540000e-01  1.470660e-01
6.570000e-01  1.466650e-01
6.600000e-01  1.462653e-01
6.630000e-01  1.458670e-01
6.660000e-01  1.454701e-01
6.690000e-01  1.450745e-01
6.720000e-01  1.446802e-01
6.750000e-01  1.442873e-01
6.780000e-01  1.438956e-01
6.810000e-01  1.435051e-01
6.840000e-01  1.431159e-01
6.870000e-01  1.427280e-01
6.900000e-01  1.423412e-01
6.930000e-01  1.419556e-01
6.960000e-01  1.415712e-01
6.990000e-01  1.411879e-01
7.020000e-01  1.408058e-01
7.050000e-01  1.404248e-01
7.080000e-01  1.400448e-01
7.110000e-01  1.396660e-01
7.140000e-01  1.392882e-01
7.170000e-01  1.389115e-01
7.200000e-01  1.385358e-01
7.230000e-01  1.381611e-01
7.260000e-01  1.377873e-01
7.290000e-01  1.374146e-01
7.320000e-01  1.370428e-01
7.350000e-01  1.366720e-01
7.380000e-01  1.363021e-01
7.410000e-01  1.359331e-01
7.440000e-01  1.355650e-01
7.470000e-01  1.351978e-01
7.500000e-01  1.348314e-01
7.530000e-01  1.344659e-01
7.560000e-01  1.341012e-01
7.590000e-01  1.337373e-01
7.620000e-01  1.333742e-01
7.650000e-01  1.330119e-01
7.680000e-01  1.326504e-01
7.710000e-01  1.322896e-01
7.740000e-01  1.319296e-01
7.770000e-01  1.315702e-01
7.800000e-01  1.312116e-01
7.830000e-01  1.308537e-01
7.860000e-01  1.304964e-01
7.890000e-01  1.301398e-01
7.920000e-01  1.297838e-01
7.950000e-01  1.294285e-01
7.980000e-01  1.290737e-01
8.010000e-01  1.287196e-01
8.040000e-01  1.283660e-01
8.070000e-01  1.280130e-01
8.100000e-01  1.276605e-01
8.130000e-01  1.273086e-01
8.160000e-01  1.269572e-01
8.190000e-01  1.266062e-01
8.220000e-01  1.262558e-01
8.250000e-01  1.259058e-01
8.280000e-01  1.255563e-01
8.310000e-01  1.252072e-01
8.340000e-01  1.248585e-01
8.370000e-01  1.245103e-01
8.400000e-01  1.241624e-01
8.430000e-01  1.238149e-01
8.460000e-01  1.234677e-01
8.490000e-01  1.231209e-01
8.520000e-01  1.227744e-01
8.550000e-01  1.224282e-01
8.580000e-01  1.220823e-01
8.610000e-01  1.217367e-01
8.640000e-01  1.213913e-01
8.670000e-01  1.210461e-01
8.700000e-01  1.207012e-01
8.730000e-01  1.203564e-01
8.760000e-01  1.200119e-01
8.790000e-01  1.196675e-01
8.820000e-01  1.193232e-01
8.850000e-01  1.189791e-01
8.880000e-01  1.186351e-01
8.910000e-01  1.182912e-01
8.940000e-01  1.179474e-01
8.970000e-01  1.176036e-01
9.000000e-01  1.172598e-01
9.030000e-01  000000
9.060000e-01  000000
9.090000e-01  000000
9.120000e-01  000000
9.150000e-01  000000
9.180000e-01  000000
9.210000e-01  000000
9.240000e-01  000000
9.270000e-01  000000
9.300000e-01  000000
9.330000e-01  000000
9.360000e-01  000000
9.390000e-01  000000
9.420000e-01  000000
9.450000e-01  000000
9.480000e-01  000000
9.510000e-01  000000
9.540000e-01  000000
9.570000e-01  000000
9.600000e-01  000000
9.630000e-01  000000
9.660000e-01  000000
9.690000e-01  000000
9.720000e-01  000000
9.750000e-01  000000
9.780000e-01  000000
9.810000e-01  000000
9.840000e-01  000000
9.870000e-01  000000
9.900000e-01  000000
9.930000e-01  000000
9.960000e-01  000000
9.990000e-01  000000
