000000  000001
3.000000e-03  7.983468e-01
6.000000e-03  7.125091e-01
9.000000e-03  6.585318e-01
1.200000e-02  6.196156e-01
1.500000e-02  5.894380e-01
1.800000e-02  5.649415e-01
2.100000e-02  5.444189e-01
2.400000e-02  5.268232e-01
2.700000e-02  5.114671e-01
3.000000e-02  4.978765e-01
3.300000e-02  4.857106e-01
3.600000e-02  4.747171e-01
3.900000e-02  4.647036e-01
4.200000e-02  4.555210e-01
4.500000e-02  4.470507e-01
4.800000e-02  4.391974e-01
5.100000e-02  4.318834e-01
5.400000e-02  4.250443e-01
5.700000e-02  4.186264e-01
6.000000e-02  4.125844e-01
6.300000e-02  4.068798e-01
6.600000e-02  4.014794e-01
6.900000e-02  3.963548e-01
7.200000e-02  3.914810e-01
7.500000e-02  3.868365e-01
7.800000e-02  3.824022e-01
8.100000e-02  3.781611e-01
8.400000e-02  3.740984e-01
8.700000e-02  3.702007e-01
9.000000e-02  3.664560e-01
9.300000e-02  3.628537e-01
9.600000e-02  3.593841e-01
9.900000e-02  3.560384e-01
1.020000e-01  3.528088e-01
1.050000e-01  3.496879e-01
1.080000e-01  3.466693e-01
1.110000e-01  3.437469e-01
1.140000e-01  3.409151e-01
1.170000e-01  3.381690e-01
1.200000e-01  3.355039e-01
1.230000e-01  3.329154e-01
1.260000e-01  3.303995e-01
1.290000e-01  3.279526e-01
1.320000e-01  3.255713e-01
1.350000e-01  3.232523e-01
1.380000e-01  3.209927e-01
1.410000e-01  3.187898e-01
1.440000e-01  3.166409e-01
1.470000e-01  3.145436e-01
1.500000e-01  3.124958e-01
1.530000e-01  3.104951e-01
1.560000e-01  3.085398e-01
1.590000e-01  3.066278e-01
1.620000e-01  3.047575e-01
1.650000e-01  3.029272e-01
1.680000e-01  3.011352e-01
1.710000e-01  2.993802e-01
1.740000e-01  2.976607e-01
1.770000e-01  2.959755e-01
1.800000e-01  2.943232e-01
1.830000e-01  2.927026e-01
1.860000e-01  2.911127e-01
1.890000e-01  2.895524e-01
1.920000e-01  2.880206e-01
1.950000e-01  2.865165e-01
1.980000e-01  2.850390e-01
2.010000e-01  2.835873e-01
2.040000e-01  2.821606e-01
2.070000e-01  2.807580e-01
2.100000e-01  2.793789e-01
2.130000e-01  2.780224e-01
2.160000e-01  2.766879e-01
2.190000e-01  2.753748e-01
2.220000e-01  2.740823e-01
2.250000e-01  2.728100e-01
2.280000e-01  2.715571e-01
2.310000e-01  2.703232e-01
2.340000e-01  2.691076e-01
2.370000e-01  2.679100e-01
2.400000e-01  2.667298e-01
2.430000e-01  2.655665e-01
2.460000e-01  2.644196e-01
2.490000e-01  2.632888e-01
2.520000e-01  2.621736e-01
2.550000e-01  2.610736e-01
2.580000e-01  2.599884e-01
2.610000e-01  2.589177e-01
2.640000e-01  2.578610e-01
2.670000e-01  2.568180e-01
2.700000e-01  2.557885e-01
2.730000e-01  2.547720e-01
2.760000e-01  2.537682e-01
2.790000e-01  2.527769e-01
2.820000e-01  2.517978e-01
2.850000e-01  2.508305e-01
2.880000e-01  2.498748e-01
2.910000e-01  2.489305e-01
2.940000e-01  2.479972e-01
2.970000e-01  2.470747e-01
3.000000e-01  2.461628e-01
3.030000e-01  2.452613e-01
3.060000e-01  2.443699e-01
3.090000e-01  2.434885e-01
3.120000e-01  2.426167e-01
3.150000e-01  2.417544e-01
3.180000e-01  2.409014e-01
3.210000e-01  2.400575e-01
3.240000e-01  2.392225e-01
3.270000e-01  2.383963e-01
3.300000e-01  2.375786e-01
3.330000e-01  2.367693e-01
3.360000e-01  2.359683e-01
3.390000e-01  2.351752e-01
3.420000e-01  2.343901e-01
3.450000e-01  2.336128e-01
3.480000e-01  2.328430e-01
3.510000e-01  2.320807e-01
3.540000e-01  2.313257e-01
3.570000e-01  2.305779e-01
3.600000e-01  2.298371e-01
3.630000e-01  2.291032e-01
3.660000e-01  2.283761e-01
3.690000e-01  2.276557e-01
3.720000e-01  2.269419e-01
3.750000e-01  2.262344e-01
3.780000e-01  2.255333e-01
3.810000e-01  2.248384e-01
3.840000e-01  2.241495e-01
3.870000e-01  2.234667e-01
3.900000e-01  2.227897e-01
3.930000e-01  2.221186e-01
3.960000e-01  2.214531e-01
3.990000e-01  2.207932e-01
4.020000e-01  2.201388e-01
4.050000e-01  2.194898e-01
4.080000e-01  2.188462e-01
4.110000e-01  2.182077e-01
4.140000e-01  2.175745e-01
4.170000e-01  2.169463e-01
4.200000e-01  2.163230e-01
4.230000e-01  2.157047e-01
4.260000e-01  2.150912e-01
4.290000e-01  2.144824e-01
4.320000e-01  2.138783e-01
4.350000e-01  2.132789e-01
4.380000e-01  2.126839e-01
4.410000e-01  2.120934e-01
4.440000e-01  2.115073e-01
4.470000e-01  2.109256e-01
4.500000e-01  2.103481e-01
4.530000e-01  2.097748e-01
4.560000e-01  2.092056e-01
4.590000e-01  2.086406e-01
4.620000e-01  2.080795e-01
4.650000e-01  2.075224e-01
4.680000e-01  2.069692e-01
4.710000e-01  2.064198e-01
4.740000e-01  2.058743e-01
4.770000e-01  2.053325e-01
4.800000e-01  2.047943e-01
4.830000e-01  2.042598e-01
4.860000e-01  2.037289e-01
4.890000e-01  2.032015e-01
4.920000e-01  2.026776e-01
4.950000e-01  2.021571e-01
4.980000e-01  2.016400e-01
5.010000e-01  2.011262e-01
5.040000e-01  2.006158e-01
5.070000e-01  2.001086e-01
5.100000e-01  1.996046e-01
5.130000e-01  1.991037e-01
5.160000e-01  1.986060e-01
5.190000e-01  1.981114e-01
5.220000e-01  1.976199e-01
5.250000e-01  1.971313e-01
5.280000e-01  1.966457e-01
5.310000e-01  1.961630e-01
5.340000e-01  1.956832e-01
5.370000e-01  1.952062e-01
5.400000e-01  1.947321e-01
5.430000e-01  1.942608e-01
5.460000e-01  1.937922e-01
5.490000e-01  1.933263e-01
5.520000e-01  1.928631e-01
5.550000e-01  1.924025e-01
5.580000e-01  1.919445e-01
5.610000e-01  1.914891e-01
5.640000e-01  1.910363e-01
5.670000e-01  1.905860e-01
5.700000e-01  1.901381e-01
5.730000e-01  1.896927e-01
5.760000e-01  1.892498e-01
5.790000e-01  1.888092e-01
5.820000e-01  1.883710e-01
5.850000e-01  1.879352e-01
5.880000e-01  1.875016e-01
5.910000e-01  1.870704e-01
5.940000e-01  1.866414e-01
5.970000e-01  1.862146e-01
6.000000e-01  1.857900e-01
6.030000e-01  1.853677e-01
6.060000e-01  1.849474e-01
6.090000e-01  1.845293e-01
6.120000e-01  1.841134e-01
6.150000e-01  1.836994e-01
6.180000e-01  1.832876e-01
6.210000e-01  1.828778e-01
6.240000e-01  1.824700e-01
6.270000e-01  1.820642e-01
6.300000e-01  1.816604e-01
6.330000e-01  1.812585e-01
6.360000e-01  1.808585e-01
6.390000e-01  1.804604e-01
6.420000e-01  1.800642e-01
6.450000e-01  1.796699e-01
6.480000e-01  1.792774e-01
6.510000e-01  1.788867e-01
6.540000e-01  1.784979e-01
6.570000e-01  1.781108e-01
6.600000e-01  1.777255e-01
6.630000e-01  1.773419e-01
6.660000e-01  1.769601e-01
6.690000e-01  1.765799e-01
6.720000e-01  1.762014e-01
6.750000e-01  1.758247e-01
6.780000e-01  1.754495e-01
6.810000e-01  1.750760e-01
6.840000e-01  1.747041e-01
6.870000e-01  1.743339e-01
6.900000e-01  1.739652e-01
6.930000e-01  1.735980e-01
6.960000e-01  1.732325e-01
6.990000e-01  1.728684e-01
7.020000e-01  1.725059e-01
7.050000e-01  1.721449e-01
7.080000e-01  1.717853e-01
7.110000e-01  1.714273e-01
7.140000e-01  1.710707e-01
7.170000e-01  1.707155e-01
7.200000e-01  1.703618e-01
7.230000e-01  1.700094e-01
7.260000e-01  1.696585e-01
7.290000e-01  1.693090e-01
7.320000e-01  1.689608e-01
7.350000e-01  1.686140e-01
7.380000e-01  1.682686e-01
7.410000e-01  1.679244e-01
7.440000e-01  1.675816e-01
7.470000e-01  1.672401e-01
7.500000e-01  1.668999e-01
7.530000e-01  1.665609e-01
7.560000e-01  1.662233e-01
7.590000e-01  1.658868e-01
7.620000e-01  1.655517e-01
7.650000e-01  1.652177e-01
7.680000e-01  1.648850e-01
7.710000e-01  1.645534e-01
7.740000e-01  1.642231e-01
7.770000e-01  1.638939e-01
7.800000e-01  1.635659e-01
7.830000e-01  1.632391e-01
7.860000e-01  1.629134e-01
7.890000e-01  1.625888e-01
7.920000e-01  1.622654e-01
7.950000e-01  1.619431e-01
7.980000e-01  1.616219e-01
8.010000e-01  1.613017e-01
8.040000e-01  1.609827e-01
8.070000e-01  1.606647e-01
8.100000e-01  1.603478e-01
8.130000e-01  1.600320e-01
8.160000e-01  1.597171e-01
8.190000e-01  1.594033e-01
8.220000e-01  1.590906e-01
8.250000e-01  1.587788e-01
8.280000e-01  1.584680e-01
8.310000e-01  1.581583e-01
8.340000e-01  1.578495e-01
8.370000e-01  1.575417e-01
8.400000e-01  1.572348e-01
8.430000e-01  1.569289e-01
8.460000e-01  1.566240e-01
8.490000e-01  1.563199e-01
8.520000e-01  1.560168e-01
8.550000e-01  1.557147e-01
8.580000e-01  1.554134e-01
8.610000e-01  1.551130e-01
8.640000e-01  1.548136e-01
8.670000e-01  1.545150e-01
8.700000e-01  1.542172e-01
8.730000e-01  1.539204e-01
8.760000e-01  1.536244e-01
8.790000e-01  1.533292e-01
8.820000e-01  1.530349e-01
8.850000e-01  1.527415e-01
8.880000e-01  1.524488e-01
8.910000e-01  1.521570e-01
8.940000e-01  1.518660e-01
8.970000e-01  1.515757e-01
9.000000e-01  1.512863e-01
9.030000e-01  1.509977e-01
9.060000e-01  1.507098e-01
9.090000e-01  1.504227e-01
9.120000e-01  1.501364e-01
9.150000e-01  1.498508e-01
9.180000e-01  1.495660e-01
9.210000e-01  1.492819e-01
9.240000e-01  1.489986e-01
9.270000e-01  1.487160e-01
9.300000e-01  1.484341e-01
9.330000e-01  1.481529e-01
9.360000e-01  1.478724e-01
9.390000e-01  1.475926e-01
9.420000e-01  1.473135e-01
9.450000e-01  1.470351e-01
9.480000e-01  1.467574e-01
9.510000e-01  1.464803e-01
9.540000e-01  1.462039e-01
9.570000e-01  1.459282e-01
9.600000e-01  1.456531e-01
9.630000e-01  1.453787e-01
9.660000e-01  1.451049e-01
9.690000e-01  1.448317e-01
9.720000e-01  1.445592e-01
9.750000e-01  1.442873e-01
9.780000e-01  1.440159e-01
9.810000e-01  1.437452e-01
9.840000e-01  1.434751e-01
9.870000e-01  1.432056e-01
9.900000e-01  1.429367e-01
9.930000e-01  1.426684e-01
9.960000e-01  1.424006e-01
9.990000e-01  1.421334e-01
