000000  000001
3.000000e-03  8.613228e-01
6.000000e-03  7.876369e-01
9.000000e-03  7.377938e-01
1.200000e-02  7.004135e-01
1.500000e-02  6.706812e-01
1.800000e-02  6.461074e-01
2.100000e-02  6.252391e-01
2.400000e-02  6.071557e-01
2.700000e-02  5.912378e-01
3.000000e-02  5.770492e-01
3.300000e-02  5.642717e-01
3.600000e-02  5.526661e-01
3.900000e-02  5.420482e-01
4.200000e-02  5.322733e-01
4.500000e-02  5.232259e-01
4.800000e-02  5.148120e-01
5.100000e-02  5.069546e-01
5.400000e-02  4.995894e-01
5.700000e-02  4.926627e-01
6.000000e-02  4.861286e-01
6.300000e-02  4.799482e-01
6.600000e-02  4.740878e-01
6.900000e-02  4.685181e-01
7.200000e-02  4.632139e-01
7.500000e-02  4.581526e-01
7.800000e-02  4.533147e-01
8.100000e-02  4.486826e-01
8.400000e-02  4.442409e-01
8.700000e-02  4.399757e-01
9.000000e-02  4.358744e-01
9.300000e-02  4.319260e-01
9.600000e-02  4.281201e-01
9.900000e-02  4.244478e-01
1.020000e-01  4.209005e-01
1.050000e-01  4.174708e-01
1.080000e-01  4.141516e-01
1.110000e-01  4.109365e-01
1.140000e-01  4.078198e-01
1.170000e-01  4.047960e-01
1.200000e-01  4.018602e-01
1.230000e-01  3.990078e-01
1.260000e-01  3.962345e-01
1.290000e-01  3.935363e-01
1.320000e-01  3.909097e-01
1.350000e-01  3.883512e-01
1.380000e-01  3.858576e-01
1.410000e-01  3.834260e-01
1.440000e-01  3.810536e-01
1.470000e-01  3.787378e-01
1.500000e-01  3.764761e-01
1.530000e-01  3.742663e-01
1.560000e-01  3.721062e-01
1.590000e-01  3.699938e-01
1.620000e-01  3.679272e-01
1.650000e-01  3.659046e-01
1.680000e-01  3.639244e-01
1.710000e-01  3.619848e-01
1.740000e-01  3.600844e-01
1.770000e-01  3.582217e-01
1.800000e-01  3.563955e-01
1.830000e-01  3.546043e-01
1.860000e-01  3.528470e-01
1.890000e-01  3.511224e-01
1.920000e-01  3.494295e-01
1.950000e-01  3.477671e-01
1.980000e-01  3.461342e-01
2.010000e-01  3.445299e-01
2.040000e-01  3.429533e-01
2.070000e-01  3.414035e-01
2.100000e-01  3.398797e-01
2.130000e-01  3.383811e-01
2.160000e-01  3.369069e-01
2.190000e-01  3.354564e-01
2.220000e-01  3.340289e-01
2.250000e-01  3.326238e-01
2.280000e-01  3.312403e-01
2.310000e-01  3.298780e-01
2.340000e-01  3.285361e-01
2.370000e-01  3.272142e-01
2.400000e-01  3.259116e-01
2.430000e-01  3.246280e-01
2.460000e-01  3.233627e-01
2.490000e-01  3.221153e-01
2.520000e-01  3.208853e-01
2.550000e-01  3.196723e-01
2.580000e-01  3.184758e-01
2.610000e-01  3.172955e-01
2.640000e-01  3.161309e-01
2.670000e-01  3.149817e-01
2.700000e-01  3.138474e-01
2.730000e-01  3.127277e-01
2.760000e-01  3.116223e-01
2.790000e-01  3.105309e-01
2.820000e-01  3.094531e-01
2.850000e-01  3.083885e-01
2.880000e-01  3.073370e-01
2.910000e-01  3.062981e-01
2.940000e-01  3.052717e-01
2.970000e-01  3.042575e-01
3.000000e-01  3.032551e-01
3.030000e-01  3.022643e-01
3.060000e-01  3.012849e-01
3.090000e-01  3.003166e-01
3.120000e-01  2.993593e-01
3.150000e-01  2.984126e-01
3.180000e-01  2.974764e-01
3.210000e-01  2.965504e-01
3.240000e-01  2.956344e-01
3.270000e-01  2.947283e-01
3.300000e-01  2.938317e-01
3.330000e-01  2.929447e-01
3.360000e-01  2.920669e-01
3.390000e-01  2.911981e-01
3.420000e-01  2.903383e-01
3.450000e-01  2.894872e-01
3.480000e-01  2.886447e-01
3.510000e-01  2.878106e-01
3.540000e-01  2.869847e-01
3.570000e-01  2.861670e-01
3.600000e-01  2.853572e-01
3.630000e-01  2.845552e-01
3.660000e-01  2.837609e-01
3.690000e-01  2.829741e-01
3.720000e-01  2.821947e-01
3.750000e-01  2.814225e-01
3.780000e-01  2.806576e-01
3.810000e-01  2.798996e-01
3.840000e-01  2.791485e-01
3.870000e-01  2.784042e-01
3.900000e-01  2.776666e-01
3.930000e-01  2.769355e-01
3.960000e-01  2.762109e-01
3.990000e-01  2.754926e-01
4.020000e-01  2.747805e-01
4.050000e-01  2.740746e-01
4.080000e-01  2.733747e-01
4.110000e-01  2.726808e-01
4.140000e-01  2.719927e-01
4.170000e-01  2.713103e-01
4.200000e-01  2.706336e-01
4.230000e-01  2.699625e-01
4.260000e-01  2.692968e-01
4.290000e-01  2.686366e-01
4.320000e-01  2.679816e-01
4.350000e-01  2.673320e-01
4.380000e-01  2.666874e-01
4.410000e-01  2.660480e-01
4.440000e-01  2.654135e-01
4.470000e-01  2.647840e-01
4.500000e-01  2.641594e-01
4.530000e-01  2.635395e-01
4.560000e-01  2.629243e-01
4.590000e-01  2.623138e-01
4.620000e-01  2.617079e-01
4.650000e-01  2.611065e-01
4.680000e-01  2.605096e-01
4.710000e-01  2.599170e-01
4.740000e-01  2.593288e-01
4.770000e-01  2.587449e-01
4.800000e-01  2.581651e-01
4.830000e-01  2.575895e-01
4.860000e-01  2.570180e-01
4.890000e-01  2.564506e-01
4.920000e-01  2.558871e-01
4.950000e-01  2.553276e-01
4.980000e-01  2.547720e-01
5.010000e-01  2.542202e-01
5.040000e-01  2.536722e-01
5.070000e-01  2.531279e-01
5.100000e-01  2.525872e-01
5.130000e-01  2.520503e-01
5.160000e-01  2.515169e-01
5.190000e-01  2.509870e-01
5.220000e-01  2.504607e-01
5.250000e-01  2.499378e-01
5.280000e-01  2.494183e-01
5.310000e-01  2.489022e-01
5.340000e-01  2.483894e-01
5.370000e-01  2.478799e-01
5.400000e-01  2.473736e-01
5.430000e-01  2.468706e-01
5.460000e-01  2.463707e-01
5.490000e-01  2.458739e-01
5.520000e-01  2.453802e-01
5.550000e-01  2.448896e-01
5.580000e-01  2.444020e-01
5.610000e-01  2.439173e-01
5.640000e-01  2.434357e-01
5.670000e-01  2.429569e-01
5.700000e-01  2.424810e-01
5.730000e-01  2.420079e-01
5.760000e-01  2.415377e-01
5.790000e-01  2.410702e-01
5.820000e-01  2.406055e-01
5.850000e-01  2.401435e-01
5.880000e-01  2.396842e-01
5.910000e-01  2.392276e-01
5.940000e-01  2.387735e-01
5.970000e-01  2.383221e-01
6.000000e-01  2.378732e-01
6.030000e-01  2.374269e-01
6.060000e-01  2.369830e-01
6.090000e-01  2.365417e-01
6.120000e-01  2.361028e-01
6.150000e-01  2.356664e-01
6.180000e-01  2.352323e-01
6.210000e-01  2.348006e-01
6.240000e-01  2.343713e-01
6.270000e-01  2.339443e-01
6.300000e-01  2.335196e-01
6.330000e-01  2.330972e-01
6.360000e-01  2.326770e-01
6.390000e-01  2.322591e-01
6.420000e-01  2.318434e-01
6.450000e-01  2.314299e-01
6.480000e-01  2.310185e-01
6.510000e-01  2.306092e-01
6.540000e-01  2.302021e-01
6.570000e-01  2.297971e-01
6.600000e-01  2.293942e-01
6.630000e-01  2.289933e-01
6.660000e-01  2.285944e-01
6.690000e-01  2.281976e-01
6.720000e-01  2.278027e-01
6.750000e-01  2.274099e-01
6.780000e-01  2.270189e-01
6.810000e-01  2.266300e-01
6.840000e-01  2.262429e-01
6.870000e-01  2.258577e-01
6.900000e-01  2.254744e-01
6.930000e-01  2.250930e-01
6.960000e-01  2.247134e-01
6.990000e-01  2.243357e-01
7.020000e-01  2.239597e-01
7.050000e-01  2.235856e-01
7.080000e-01  2.232132e-01
7.110000e-01  2.228426e-01
7.140000e-01  2.224737e-01
7.170000e-01  2.221065e-01
7.200000e-01  2.217411e-01
7.230000e-01  2.213773e-01
7.260000e-01  2.210152e-01
7.290000e-01  2.206548e-01
7.320000e-01  2.202960e-01
7.350000e-01  2.199389e-01
7.380000e-01  2.195833e-01
7.410000e-01  2.192294e-01
7.440000e-01  2.188771e-01
7.470000e-01  2.185263e-01
7.500000e-01  2.181771e-01
7.530000e-01  2.178295e-01
7.560000e-01  2.174833e-01
7.590000e-01  2.171387e-01
7.620000e-01  2.167956e-01
7.650000e-01  2.164540e-01
7.680000e-01  2.161139e-01
7.710000e-01  2.157752e-01
7.740000e-01  2.154380e-01
7.770000e-01  2.151022e-01
7.800000e-01  2.147679e-01
7.830000e-01  2.144349e-01
7.860000e-01  2.141034e-01
7.890000e-01  2.137733e-01
7.920000e-01  2.134445e-01
7.950000e-01  2.131171e-01
7.980000e-01  2.127911e-01
8.010000e-01  2.124664e-01
8.040000e-01  2.121431e-01
8.070000e-01  2.118210e-01
8.100000e-01  2.115003e-01
8.130000e-01  2.111809e-01
8.160000e-01  2.108628e-01
8.190000e-01  2.105459e-01
8.220000e-01  2.102303e-01
8.250000e-01  2.099160e-01
8.280000e-01  2.096029e-01
8.310000e-01  2.092911e-01
8.340000e-01  2.089805e-01
8.370000e-01  2.086711e-01
8.400000e-01  2.083629e-01
8.430000e-01  2.080559e-01
8.460000e-01  2.077501e-01
8.490000e-01  2.074455e-01
8.520000e-01  2.071421e-01
8.550000e-01  2.068398e-01
8.580000e-01  2.065387e-01
8.610000e-01  2.062387e-01
8.640000e-01  2.059398e-01
8.670000e-01  2.056421e-01
8.700000e-01  2.053455e-01
8.730000e-01  2.050500e-01
8.760000e-01  2.047556e-01
8.790000e-01  2.044622e-01
8.820000e-01  2.041700e-01
8.850000e-01  2.038788e-01
8.880000e-01  2.035887e-01
8.910000e-01  2.032997e-01
8.940000e-01  2.030117e-01
8.970000e-01  2.027248e-01
9.000000e-01  2.024388e-01
9.030000e-01  2.021540e-01
9.060000e-01  2.018701e-01
9.090000e-01  2.015872e-01
9.120000e-01  2.013054e-01
9.150000e-01  2.010245e-01
9.180000e-01  2.007446e-01
9.210000e-01  2.004657e-01
9.240000e-01  2.001878e-01
9.270000e-01  1.999108e-01
9.300000e-01  1.996349e-01
9.330000e-01  1.993598e-01
9.360000e-01  1.990857e-01
9.390000e-01  1.988125e-01
9.420000e-01  1.985403e-01
9.450000e-01  1.982690e-01
9.480000e-01  1.979986e-01
9.510000e-01  1.977292e-01
9.540000e-01  1.974606e-01
9.570000e-01  1.971929e-01
9.600000e-01  1.969261e-01
9.630000e-01  1.966603e-01
9.660000e-01  1.963952e-01
9.690000e-01  1.961311e-01
9.720000e-01  1.958678e-01
9.750000e-01  1.956054e-01
9.780000e-01  1.953439e-01
9.810000e-01  1.950832e-01
9.840000e-01  1.948233e-01
9.870000e-01  1.945643e-01
9.900000e-01  1.943061e-01
9.930000e-01  1.940487e-01
9.960000e-01  1.937922e-01
9.990000e-01  1.935364e-01
