000000  000001
3.000000e-03  8.155280e-01
6.000000e-03  7.322835e-01
9.000000e-03  6.790264e-01
1.200000e-02  6.402796e-01
1.500000e-02  6.100596e-01
1.800000e-02  5.854289e-01
2.100000e-02  5.647313e-01
2.400000e-02  5.469435e-01
2.700000e-02  5.313903e-01
3.000000e-02  5.176036e-01
3.300000e-02  5.052459e-01
3.600000e-02  4.940666e-01
3.900000e-02  4.838742e-01
4.200000e-02  4.745196e-01
4.500000e-02  4.658843e-01
4.800000e-02  4.578730e-01
5.100000e-02  4.504074e-01
5.400000e-02  4.434231e-01
5.700000e-02  4.368659e-01
6.000000e-02  4.306902e-01
6.300000e-02  4.248571e-01
6.600000e-02  4.193333e-01
6.900000e-02  4.140900e-01
7.200000e-02  4.091020e-01
7.500000e-02  4.043474e-01
7.800000e-02  3.998069e-01
8.100000e-02  3.954634e-01
8.400000e-02  3.913017e-01
8.700000e-02  3.873084e-01
9.000000e-02  3.834714e-01
9.300000e-02  3.797796e-01
9.600000e-02  3.762234e-01
9.900000e-02  3.727938e-01
1.020000e-01  3.694828e-01
1.050000e-01  3.662830e-01
1.080000e-01  3.631877e-01
1.110000e-01  3.601909e-01
1.140000e-01  3.572869e-01
1.170000e-01  3.544705e-01
1.200000e-01  3.517370e-01
1.230000e-01  3.490820e-01
1.260000e-01  3.465013e-01
1.290000e-01  3.439914e-01
1.320000e-01  3.415486e-01
1.350000e-01  3.391697e-01
1.380000e-01  3.368518e-01
1.410000e-01  3.345918e-01
1.440000e-01  3.323873e-01
1.470000e-01  3.302358e-01
1.500000e-01  3.281350e-01
1.530000e-01  3.260826e-01
1.560000e-01  3.240767e-01
1.590000e-01  3.221153e-01
1.620000e-01  3.201966e-01
1.650000e-01  3.183190e-01
1.680000e-01  3.164808e-01
1.710000e-01  3.146806e-01
1.740000e-01  3.129168e-01
1.770000e-01  3.111882e-01
1.800000e-01  3.094935e-01
1.830000e-01  3.078314e-01
1.860000e-01  3.062008e-01
1.890000e-01  3.046006e-01
1.920000e-01  3.030297e-01
1.950000e-01  3.014873e-01
1.980000e-01  2.999722e-01
2.010000e-01  2.984837e-01
2.040000e-01  2.970208e-01
2.070000e-01  2.955828e-01
2.100000e-01  2.941689e-01
2.130000e-01  2.927784e-01
2.160000e-01  2.914104e-01
2.190000e-01  2.900644e-01
2.220000e-01  2.887397e-01
2.250000e-01  2.874356e-01
2.280000e-01  2.861516e-01
2.310000e-01  2.848872e-01
2.340000e-01  2.836416e-01
2.370000e-01  2.824145e-01
2.400000e-01  2.812053e-01
2.430000e-01  2.800135e-01
2.460000e-01  2.788387e-01
2.490000e-01  2.776804e-01
2.520000e-01  2.765382e-01
2.550000e-01  2.754117e-01
2.580000e-01  2.743004e-01
2.610000e-01  2.732040e-01
2.640000e-01  2.721221e-01
2.670000e-01  2.710543e-01
2.700000e-01  2.700003e-01
2.730000e-01  2.689598e-01
2.760000e-01  2.679324e-01
2.790000e-01  2.669179e-01
2.820000e-01  2.659159e-01
2.850000e-01  2.649261e-01
2.880000e-01  2.639483e-01
2.910000e-01  2.629822e-01
2.940000e-01  2.620274e-01
2.970000e-01  2.610839e-01
3.000000e-01  2.601513e-01
3.030000e-01  2.592293e-01
3.060000e-01  2.583178e-01
3.090000e-01  2.574166e-01
3.120000e-01  2.565253e-01
3.150000e-01  2.556439e-01
3.180000e-01  2.547720e-01
3.210000e-01  2.539095e-01
3.240000e-01  2.530563e-01
3.270000e-01  2.522120e-01
3.300000e-01  2.513766e-01
3.330000e-01  2.505498e-01
3.360000e-01  2.497316e-01
3.390000e-01  2.489216e-01
3.420000e-01  2.481198e-01
3.450000e-01  2.473260e-01
3.480000e-01  2.465401e-01
3.510000e-01  2.457619e-01
3.540000e-01  2.449912e-01
3.570000e-01  2.442279e-01
3.600000e-01  2.434719e-01
3.630000e-01  2.427231e-01
3.660000e-01  2.419813e-01
3.690000e-01  2.412463e-01
3.720000e-01  2.405181e-01
3.750000e-01  2.397966e-01
3.780000e-01  2.390816e-01
3.810000e-01  2.383731e-01
3.840000e-01  2.376708e-01
3.870000e-01  2.369747e-01
3.900000e-01  2.362847e-01
3.930000e-01  2.356007e-01
3.960000e-01  2.349226e-01
3.990000e-01  2.342502e-01
4.020000e-01  2.335836e-01
4.050000e-01  2.329225e-01
4.080000e-01  2.322670e-01
4.110000e-01  2.316168e-01
4.140000e-01  2.309720e-01
4.170000e-01  2.303325e-01
4.200000e-01  2.296981e-01
4.230000e-01  2.290688e-01
4.260000e-01  2.284444e-01
4.290000e-01  2.278250e-01
4.320000e-01  2.272105e-01
4.350000e-01  2.266007e-01
4.380000e-01  2.259956e-01
4.410000e-01  2.253951e-01
4.440000e-01  2.247992e-01
4.470000e-01  2.242078e-01
4.500000e-01  2.236208e-01
4.530000e-01  2.230381e-01
4.560000e-01  2.224598e-01
4.590000e-01  2.218856e-01
4.620000e-01  2.213157e-01
4.650000e-01  2.207498e-01
4.680000e-01  2.201880e-01
4.710000e-01  2.196302e-01
4.740000e-01  2.190763e-01
4.770000e-01  2.185263e-01
4.800000e-01  2.179801e-01
4.830000e-01  2.174377e-01
4.860000e-01  2.168990e-01
4.890000e-01  2.163640e-01
4.920000e-01  2.158326e-01
4.950000e-01  2.153048e-01
4.980000e-01  2.147805e-01
5.010000e-01  2.142596e-01
5.040000e-01  2.137422e-01
5.070000e-01  2.132282e-01
5.100000e-01  2.127175e-01
5.130000e-01  2.122101e-01
5.160000e-01  2.117059e-01
5.190000e-01  2.112049e-01
5.220000e-01  2.107072e-01
5.250000e-01  2.102125e-01
5.280000e-01  2.097209e-01
5.310000e-01  2.092324e-01
5.340000e-01  2.087469e-01
5.370000e-01  2.082643e-01
5.400000e-01  2.077847e-01
5.430000e-01  2.073080e-01
5.460000e-01  2.068341e-01
5.490000e-01  2.063631e-01
5.520000e-01  2.058948e-01
5.550000e-01  2.054293e-01
5.580000e-01  2.049665e-01
5.610000e-01  2.045064e-01
5.640000e-01  2.040490e-01
5.670000e-01  2.035942e-01
5.700000e-01  2.031420e-01
5.730000e-01  2.026923e-01
5.760000e-01  2.022452e-01
5.790000e-01  2.018006e-01
5.820000e-01  2.013585e-01
5.850000e-01  2.009188e-01
5.880000e-01  2.004815e-01
5.910000e-01  2.000466e-01
5.940000e-01  1.996141e-01
5.970000e-01  1.991839e-01
6.000000e-01  1.987560e-01
6.030000e-01  1.983304e-01
6.060000e-01  1.979070e-01
6.090000e-01  1.974859e-01
6.120000e-01  1.970670e-01
6.150000e-01  1.966502e-01
6.180000e-01  1.962357e-01
6.210000e-01  1.958232e-01
6.240000e-01  1.954129e-01
6.270000e-01  1.950046e-01
6.300000e-01  1.945984e-01
6.330000e-01  1.941943e-01
6.360000e-01  1.937922e-01
6.390000e-01  1.933920e-01
6.420000e-01  1.929939e-01
6.450000e-01  1.925977e-01
6.480000e-01  1.922034e-01
6.510000e-01  1.918111e-01
6.540000e-01  1.914206e-01
6.570000e-01  1.910320e-01
6.600000e-01  1.906453e-01
6.630000e-01  1.902604e-01
6.660000e-01  1.898773e-01
6.690000e-01  1.894960e-01
6.720000e-01  1.891165e-01
6.750000e-01  1.887388e-01
6.780000e-01  1.883628e-01
6.810000e-01  1.879885e-01
6.840000e-01  1.876159e-01
6.870000e-01  1.872450e-01
6.900000e-01  1.868758e-01
6.930000e-01  1.865083e-01
6.960000e-01  1.861424e-01
6.990000e-01  1.857781e-01
7.020000e-01  1.854154e-01
7.050000e-01  1.850543e-01
7.080000e-01  1.846947e-01
7.110000e-01  1.843368e-01
7.140000e-01  1.839804e-01
7.170000e-01  1.836255e-01
7.200000e-01  1.832721e-01
7.230000e-01  1.829202e-01
7.260000e-01  1.825698e-01
7.290000e-01  1.822209e-01
7.320000e-01  1.818735e-01
7.350000e-01  1.815274e-01
7.380000e-01  1.811828e-01
7.410000e-01  1.808397e-01
7.440000e-01  1.804979e-01
7.470000e-01  1.801575e-01
7.500000e-01  1.798185e-01
7.530000e-01  1.794808e-01
7.560000e-01  1.791445e-01
7.590000e-01  1.788096e-01
7.620000e-01  1.784759e-01
7.650000e-01  1.781436e-01
7.680000e-01  1.778126e-01
7.710000e-01  1.774828e-01
7.740000e-01  1.771544e-01
7.770000e-01  1.768272e-01
7.800000e-01  1.765012e-01
7.830000e-01  1.761765e-01
7.860000e-01  1.758530e-01
7.890000e-01  1.755308e-01
7.920000e-01  1.752097e-01
7.950000e-01  1.748899e-01
7.980000e-01  1.745712e-01
8.010000e-01  1.742537e-01
8.040000e-01  1.739374e-01
8.070000e-01  1.736222e-01
8.100000e-01  1.733082e-01
8.130000e-01  1.729953e-01
8.160000e-01  1.726835e-01
8.190000e-01  1.723729e-01
8.220000e-01  1.720633e-01
8.250000e-01  1.717549e-01
8.280000e-01  1.714475e-01
8.310000e-01  1.711412e-01
8.340000e-01  1.708360e-01
8.370000e-01  1.705318e-01
8.400000e-01  1.702287e-01
8.430000e-01  1.699266e-01
8.460000e-01  1.696255e-01
8.490000e-01  1.693255e-01
8.520000e-01  1.690264e-01
8.550000e-01  1.687284e-01
8.580000e-01  1.684314e-01
8.610000e-01  1.681353e-01
8.640000e-01  1.678402e-01
8.670000e-01  1.675461e-01
8.700000e-01  1.672530e-01
8.730000e-01  1.669608e-01
8.760000e-01  1.666695e-01
8.790000e-01  1.663792e-01
8.820000e-01  1.660898e-01
8.850000e-01  1.658013e-01
8.880000e-01  1.655138e-01
8.910000e-01  1.652271e-01
8.940000e-01  1.649414e-01
8.970000e-01  1.646565e-01
9.000000e-01  1.643725e-01
9.030000e-01  1.640894e-01
9.060000e-01  1.638072e-01
9.090000e-01  1.635258e-01
9.120000e-01  1.632452e-01
9.150000e-01  1.629655e-01
9.180000e-01  1.626867e-01
9.210000e-01  1.624087e-01
9.240000e-01  1.621315e-01
9.270000e-01  1.618551e-01
9.300000e-01  1.615795e-01
9.330000e-01  1.613048e-01
9.360000e-01  1.610308e-01
9.390000e-01  1.607576e-01
9.420000e-01  1.604852e-01
9.450000e-01  1.602136e-01
9.480000e-01  1.599428e-01
9.510000e-01  1.596727e-01
9.540000e-01  1.594033e-01
9.570000e-01  1.591348e-01
9.600000e-01  1.588669e-01
9.630000e-01  1.585998e-01
9.660000e-01  1.583335e-01
9.690000e-01  1.580679e-01
9.720000e-01  1.578030e-01
9.750000e-01  1.575388e-01
9.780000e-01  1.572753e-01
9.810000e-01  1.570125e-01
9.840000e-01  1.567504e-01
9.870000e-01  1.564890e-01
9.900000e-01  1.562283e-01
9.930000e-01  1.559683e-01
9.960000e-01  1.557090e-01
9.990000e-01  1.554503e-01
