000000  000001
3.000000e-03  8.476188e-01
6.000000e-03  7.706190e-01
9.000000e-03  7.194843e-01
1.200000e-02  6.815249e-01
1.500000e-02  6.515325e-01
1.800000e-02  6.268615e-01
2.100000e-02  6.059862e-01
2.400000e-02  5.879480e-01
2.700000e-02  5.721066e-01
3.000000e-02  5.580132e-01
3.300000e-02  5.453421e-01
3.600000e-02  5.338491e-01
3.900000e-02  5.233470e-01
4.200000e-02  5.136890e-01
4.500000e-02  5.047581e-01
4.800000e-02  4.964596e-01
5.100000e-02  4.887158e-01
5.400000e-02  4.814621e-01
5.700000e-02  4.746443e-01
6.000000e-02  4.682167e-01
6.300000e-02  4.621401e-01
6.600000e-02  4.563808e-01
6.900000e-02  4.509096e-01
7.200000e-02  4.457012e-01
7.500000e-02  4.407333e-01
7.800000e-02  4.359862e-01
8.100000e-02  4.314426e-01
8.400000e-02  4.270870e-01
8.700000e-02  4.229056e-01
9.000000e-02  4.188860e-01
9.300000e-02  4.150171e-01
9.600000e-02  4.112888e-01
9.900000e-02  4.076920e-01
1.020000e-01  4.042184e-01
1.050000e-01  4.008606e-01
1.080000e-01  3.976115e-01
1.110000e-01  3.944649e-01
1.140000e-01  3.914150e-01
1.170000e-01  3.884565e-01
1.200000e-01  3.855845e-01
1.230000e-01  3.827943e-01
1.260000e-01  3.800819e-01
1.290000e-01  3.774434e-01
1.320000e-01  3.748751e-01
1.350000e-01  3.723736e-01
1.380000e-01  3.699358e-01
1.410000e-01  3.675589e-01
1.440000e-01  3.652399e-01
1.470000e-01  3.629765e-01
1.500000e-01  3.607662e-01
1.530000e-01  3.586067e-01
1.560000e-01  3.564960e-01
1.590000e-01  3.544320e-01
1.620000e-01  3.524128e-01
1.650000e-01  3.504368e-01
1.680000e-01  3.485022e-01
1.710000e-01  3.466074e-01
1.740000e-01  3.447511e-01
1.770000e-01  3.429316e-01
1.800000e-01  3.411478e-01
1.830000e-01  3.393983e-01
1.860000e-01  3.376820e-01
1.890000e-01  3.359976e-01
1.920000e-01  3.343442e-01
1.950000e-01  3.327207e-01
1.980000e-01  3.311260e-01
2.010000e-01  3.295593e-01
2.040000e-01  3.280197e-01
2.070000e-01  3.265063e-01
2.100000e-01  3.250182e-01
2.130000e-01  3.235548e-01
2.160000e-01  3.221153e-01
2.190000e-01  3.206989e-01
2.220000e-01  3.193050e-01
2.250000e-01  3.179329e-01
2.280000e-01  3.165820e-01
2.310000e-01  3.152516e-01
2.340000e-01  3.139413e-01
2.370000e-01  3.126505e-01
2.400000e-01  3.113786e-01
2.430000e-01  3.101251e-01
2.460000e-01  3.088896e-01
2.490000e-01  3.076715e-01
2.520000e-01  3.064704e-01
2.550000e-01  3.052859e-01
2.580000e-01  3.041175e-01
2.610000e-01  3.029649e-01
2.640000e-01  3.018276e-01
2.670000e-01  3.007053e-01
2.700000e-01  2.995976e-01
2.730000e-01  2.985042e-01
2.760000e-01  2.974247e-01
2.790000e-01  2.963587e-01
2.820000e-01  2.953060e-01
2.850000e-01  2.942664e-01
2.880000e-01  2.932393e-01
2.910000e-01  2.922247e-01
2.940000e-01  2.912222e-01
2.970000e-01  2.902315e-01
3.000000e-01  2.892524e-01
3.030000e-01  2.882846e-01
3.060000e-01  2.873279e-01
3.090000e-01  2.863820e-01
3.120000e-01  2.854468e-01
3.150000e-01  2.845219e-01
3.180000e-01  2.836073e-01
3.210000e-01  2.827026e-01
3.240000e-01  2.818077e-01
3.270000e-01  2.809224e-01
3.300000e-01  2.800464e-01
3.330000e-01  2.791797e-01
3.360000e-01  2.783219e-01
3.390000e-01  2.774730e-01
3.420000e-01  2.766328e-01
3.450000e-01  2.758011e-01
3.480000e-01  2.749777e-01
3.510000e-01  2.741625e-01
3.540000e-01  2.733554e-01
3.570000e-01  2.725561e-01
3.600000e-01  2.717646e-01
3.630000e-01  2.709806e-01
3.660000e-01  2.702042e-01
3.690000e-01  2.694351e-01
3.720000e-01  2.686731e-01
3.750000e-01  2.679183e-01
3.780000e-01  2.671703e-01
3.810000e-01  2.664293e-01
3.840000e-01  2.656949e-01
3.870000e-01  2.649671e-01
3.900000e-01  2.642458e-01
3.930000e-01  2.635309e-01
3.960000e-01  2.628223e-01
3.990000e-01  2.621198e-01
4.020000e-01  2.614234e-01
4.050000e-01  2.607329e-01
4.080000e-01  2.600483e-01
4.110000e-01  2.593695e-01
4.140000e-01  2.586964e-01
4.170000e-01  2.580288e-01
4.200000e-01  2.573668e-01
4.230000e-01  2.567102e-01
4.260000e-01  2.560589e-01
4.290000e-01  2.554129e-01
4.320000e-01  2.547720e-01
4.350000e-01  2.541362e-01
4.380000e-01  2.535054e-01
4.410000e-01  2.528796e-01
4.440000e-01  2.522587e-01
4.470000e-01  2.516425e-01
4.500000e-01  2.510311e-01
4.530000e-01  2.504243e-01
4.560000e-01  2.498221e-01
4.590000e-01  2.492244e-01
4.620000e-01  2.486311e-01
4.650000e-01  2.480423e-01
4.680000e-01  2.474578e-01
4.710000e-01  2.468775e-01
4.740000e-01  2.463015e-01
4.770000e-01  2.457296e-01
4.800000e-01  2.451618e-01
4.830000e-01  2.445980e-01
4.860000e-01  2.440382e-01
4.890000e-01  2.434824e-01
4.920000e-01  2.429304e-01
4.950000e-01  2.423822e-01
4.980000e-01  2.418378e-01
5.010000e-01  2.412971e-01
5.040000e-01  2.407601e-01
5.070000e-01  2.402267e-01
5.100000e-01  2.396969e-01
5.130000e-01  2.391707e-01
5.160000e-01  2.386479e-01
5.190000e-01  2.381285e-01
5.220000e-01  2.376125e-01
5.250000e-01  2.370999e-01
5.280000e-01  2.365906e-01
5.310000e-01  2.360846e-01
5.340000e-01  2.355818e-01
5.370000e-01  2.350821e-01
5.400000e-01  2.345857e-01
5.430000e-01  2.340923e-01
5.460000e-01  2.336020e-01
5.490000e-01  2.331148e-01
5.520000e-01  2.326305e-01
5.550000e-01  2.321492e-01
5.580000e-01  2.316708e-01
5.610000e-01  2.311953e-01
5.640000e-01  2.307227e-01
5.670000e-01  2.302529e-01
5.700000e-01  2.297859e-01
5.730000e-01  2.293216e-01
5.760000e-01  2.288601e-01
5.790000e-01  2.284013e-01
5.820000e-01  2.279451e-01
5.850000e-01  2.274915e-01
5.880000e-01  2.270406e-01
5.910000e-01  2.265922e-01
5.940000e-01  2.261464e-01
5.970000e-01  2.257031e-01
6.000000e-01  2.252623e-01
6.030000e-01  2.248240e-01
6.060000e-01  2.243880e-01
6.090000e-01  2.239545e-01
6.120000e-01  2.235234e-01
6.150000e-01  2.230946e-01
6.180000e-01  2.226681e-01
6.210000e-01  2.222440e-01
6.240000e-01  2.218221e-01
6.270000e-01  2.214025e-01
6.300000e-01  2.209851e-01
6.330000e-01  2.205699e-01
6.360000e-01  2.201569e-01
6.390000e-01  2.197461e-01
6.420000e-01  2.193374e-01
6.450000e-01  2.189308e-01
6.480000e-01  2.185263e-01
6.510000e-01  2.181239e-01
6.540000e-01  2.177235e-01
6.570000e-01  2.173252e-01
6.600000e-01  2.169289e-01
6.630000e-01  2.165345e-01
6.660000e-01  2.161422e-01
6.690000e-01  2.157517e-01
6.720000e-01  2.153633e-01
6.750000e-01  2.149767e-01
6.780000e-01  2.145920e-01
6.810000e-01  2.142092e-01
6.840000e-01  2.138282e-01
6.870000e-01  2.134491e-01
6.900000e-01  2.130718e-01
6.930000e-01  2.126962e-01
6.960000e-01  2.123225e-01
6.990000e-01  2.119506e-01
7.020000e-01  2.115804e-01
7.050000e-01  2.112119e-01
7.080000e-01  2.108451e-01
7.110000e-01  2.104801e-01
7.140000e-01  2.101167e-01
7.170000e-01  2.097550e-01
7.200000e-01  2.093949e-01
7.230000e-01  2.090365e-01
7.260000e-01  2.086797e-01
7.290000e-01  2.083245e-01
7.320000e-01  2.079709e-01
7.350000e-01  2.076188e-01
7.380000e-01  2.072684e-01
7.410000e-01  2.069194e-01
7.440000e-01  2.065721e-01
7.470000e-01  2.062262e-01
7.500000e-01  2.058818e-01
7.530000e-01  2.055390e-01
7.560000e-01  2.051976e-01
7.590000e-01  2.048577e-01
7.620000e-01  2.045192e-01
7.650000e-01  2.041821e-01
7.680000e-01  2.038466e-01
7.710000e-01  2.035124e-01
7.740000e-01  2.031796e-01
7.770000e-01  2.028482e-01
7.800000e-01  2.025182e-01
7.830000e-01  2.021895e-01
7.860000e-01  2.018622e-01
7.890000e-01  2.015363e-01
7.920000e-01  2.012116e-01
7.950000e-01  2.008883e-01
7.980000e-01  2.005663e-01
8.010000e-01  2.002456e-01
8.040000e-01  1.999262e-01
8.070000e-01  1.996081e-01
8.100000e-01  1.992912e-01
8.130000e-01  1.989756e-01
8.160000e-01  1.986612e-01
8.190000e-01  1.983481e-01
8.220000e-01  1.980361e-01
8.250000e-01  1.977254e-01
8.280000e-01  1.974159e-01
8.310000e-01  1.971076e-01
8.340000e-01  1.968005e-01
8.370000e-01  1.964945e-01
8.400000e-01  1.961897e-01
8.430000e-01  1.958861e-01
8.460000e-01  1.955836e-01
8.490000e-01  1.952822e-01
8.520000e-01  1.949820e-01
8.550000e-01  1.946829e-01
8.580000e-01  1.943849e-01
8.610000e-01  1.940880e-01
8.640000e-01  1.937922e-01
8.670000e-01  1.934974e-01
8.700000e-01  1.932038e-01
8.730000e-01  1.929112e-01
8.760000e-01  1.926196e-01
8.790000e-01  1.923292e-01
8.820000e-01  1.920397e-01
8.850000e-01  1.917513e-01
8.880000e-01  1.914639e-01
8.910000e-01  1.911775e-01
8.940000e-01  1.908921e-01
8.970000e-01  1.906078e-01
9.000000e-01  1.903244e-01
9.030000e-01  1.900420e-01
9.060000e-01  1.897606e-01
9.090000e-01  1.894802e-01
9.120000e-01  1.892007e-01
9.150000e-01  1.889222e-01
9.180000e-01  1.886446e-01
9.210000e-01  1.883680e-01
9.240000e-01  1.880923e-01
9.270000e-01  1.878175e-01
9.300000e-01  1.875437e-01
9.330000e-01  1.872707e-01
9.360000e-01  1.869987e-01
9.390000e-01  1.867276e-01
9.420000e-01  1.864574e-01
9.450000e-01  1.861880e-01
9.480000e-01  1.859195e-01
9.510000e-01  1.856520e-01
9.540000e-01  1.853852e-01
9.570000e-01  1.851194e-01
9.600000e-01  1.848544e-01
9.630000e-01  1.845902e-01
9.660000e-01  1.843269e-01
9.690000e-01  1.840644e-01
9.720000e-01  1.838027e-01
9.750000e-01  1.835419e-01
9.780000e-01  1.832819e-01
9.810000e-01  1.830227e-01
9.840000e-01  1.827643e-01
9.870000e-01  1.825067e-01
9.900000e-01  1.822499e-01
9.930000e-01  1.819939e-01
9.960000e-01  1.817387e-01
9.990000e-01  1.814843e-01
