000000  000001
3.000000e-03  7.273350e-01
6.000000e-03  6.350725e-01
9.000000e-03  5.802505e-01
1.200000e-02  5.418488e-01
1.500000e-02  5.126026e-01
1.800000e-02  4.891572e-01
2.100000e-02  4.696962e-01
2.400000e-02  4.531293e-01
2.700000e-02  4.387529e-01
3.000000e-02  4.260880e-01
3.300000e-02  4.147940e-01
3.600000e-02  4.046210e-01
3.900000e-02  3.953801e-01
4.200000e-02  3.869255e-01
4.500000e-02  3.791425e-01
4.800000e-02  3.719388e-01
5.100000e-02  3.652399e-01
5.400000e-02  3.589842e-01
5.700000e-02  3.531205e-01
6.000000e-02  3.476057e-01
6.300000e-02  3.424033e-01
6.600000e-02  3.374822e-01
6.900000e-02  3.328154e-01
7.200000e-02  3.283796e-01
7.500000e-02  3.241545e-01
7.800000e-02  3.201222e-01
8.100000e-02  3.162671e-01
8.400000e-02  3.125752e-01
8.700000e-02  3.090340e-01
9.000000e-02  3.056326e-01
9.300000e-02  3.023609e-01
9.600000e-02  2.992101e-01
9.900000e-02  2.961720e-01
1.020000e-01  2.932393e-01
1.050000e-01  2.904054e-01
1.080000e-01  2.876643e-01
1.110000e-01  2.850103e-01
1.140000e-01  2.824384e-01
1.170000e-01  2.799440e-01
1.200000e-01  2.775227e-01
1.230000e-01  2.751707e-01
1.260000e-01  2.728843e-01
1.290000e-01  2.706600e-01
1.320000e-01  2.684949e-01
1.350000e-01  2.663859e-01
1.380000e-01  2.643303e-01
1.410000e-01  2.623258e-01
1.440000e-01  2.603698e-01
1.470000e-01  2.584601e-01
1.500000e-01  2.565949e-01
1.530000e-01  2.547720e-01
1.560000e-01  2.529897e-01
1.590000e-01  2.512463e-01
1.620000e-01  2.495402e-01
1.650000e-01  2.478699e-01
1.680000e-01  2.462340e-01
1.710000e-01  2.446311e-01
1.740000e-01  2.430599e-01
1.770000e-01  2.415193e-01
1.800000e-01  2.400082e-01
1.830000e-01  2.385253e-01
1.860000e-01  2.370699e-01
1.890000e-01  2.356408e-01
1.920000e-01  2.342371e-01
1.950000e-01  2.328580e-01
1.980000e-01  2.315027e-01
2.010000e-01  2.301703e-01
2.040000e-01  2.288601e-01
2.070000e-01  2.275714e-01
2.100000e-01  2.263035e-01
2.130000e-01  2.250557e-01
2.160000e-01  2.238275e-01
2.190000e-01  2.226181e-01
2.220000e-01  2.214271e-01
2.250000e-01  2.202539e-01
2.280000e-01  2.190980e-01
2.310000e-01  2.179588e-01
2.340000e-01  2.168359e-01
2.370000e-01  2.157288e-01
2.400000e-01  2.146371e-01
2.430000e-01  2.135604e-01
2.460000e-01  2.124982e-01
2.490000e-01  2.114501e-01
2.520000e-01  2.104158e-01
2.550000e-01  2.093949e-01
2.580000e-01  2.083870e-01
2.610000e-01  2.073919e-01
2.640000e-01  2.064091e-01
2.670000e-01  2.054384e-01
2.700000e-01  2.044795e-01
2.730000e-01  2.035320e-01
2.760000e-01  2.025957e-01
2.790000e-01  2.016703e-01
2.820000e-01  2.007556e-01
2.850000e-01  1.998512e-01
2.880000e-01  1.989571e-01
2.910000e-01  1.980728e-01
2.940000e-01  1.971982e-01
2.970000e-01  1.963330e-01
3.000000e-01  1.954771e-01
3.030000e-01  1.946302e-01
3.060000e-01  1.937922e-01
3.090000e-01  1.929627e-01
3.120000e-01  1.921417e-01
3.150000e-01  1.913290e-01
3.180000e-01  1.905243e-01
3.210000e-01  1.897276e-01
3.240000e-01  1.889385e-01
3.270000e-01  1.881571e-01
3.300000e-01  1.873830e-01
3.330000e-01  1.866162e-01
3.360000e-01  1.858565e-01
3.390000e-01  1.851037e-01
3.420000e-01  1.843578e-01
3.450000e-01  1.836185e-01
3.480000e-01  1.828858e-01
3.510000e-01  1.821595e-01
3.540000e-01  1.814395e-01
3.570000e-01  1.807256e-01
3.600000e-01  1.800177e-01
3.630000e-01  1.793158e-01
3.660000e-01  1.786197e-01
3.690000e-01  1.779293e-01
3.720000e-01  1.772444e-01
3.750000e-01  1.765650e-01
3.780000e-01  1.758910e-01
3.810000e-01  1.752223e-01
3.840000e-01  1.745588e-01
3.870000e-01  1.739003e-01
3.900000e-01  1.732468e-01
3.930000e-01  1.725981e-01
3.960000e-01  1.719543e-01
3.990000e-01  1.713152e-01
4.020000e-01  1.706808e-01
4.050000e-01  1.700508e-01
4.080000e-01  1.694254e-01
4.110000e-01  1.688043e-01
4.140000e-01  1.681875e-01
4.170000e-01  1.675749e-01
4.200000e-01  1.669665e-01
4.230000e-01  1.663622e-01
4.260000e-01  1.657618e-01
4.290000e-01  1.651654e-01
4.320000e-01  1.645729e-01
4.350000e-01  1.639842e-01
4.380000e-01  1.633991e-01
4.410000e-01  1.628178e-01
4.440000e-01  1.622401e-01
4.470000e-01  1.616659e-01
4.500000e-01  1.610952e-01
4.530000e-01  1.605279e-01
4.560000e-01  1.599640e-01
4.590000e-01  1.594033e-01
4.620000e-01  1.588460e-01
4.650000e-01  1.582918e-01
4.680000e-01  1.577407e-01
4.710000e-01  1.571928e-01
4.740000e-01  1.566478e-01
4.770000e-01  1.561059e-01
4.800000e-01  1.555669e-01
4.830000e-01  1.550307e-01
4.860000e-01  1.544974e-01
4.890000e-01  1.539669e-01
4.920000e-01  1.534391e-01
4.950000e-01  1.529140e-01
4.980000e-01  1.523915e-01
5.010000e-01  1.518717e-01
5.040000e-01  1.513543e-01
5.070000e-01  1.508395e-01
5.100000e-01  1.503272e-01
5.130000e-01  1.498173e-01
5.160000e-01  1.493097e-01
5.190000e-01  1.488045e-01
5.220000e-01  1.483016e-01
5.250000e-01  1.478010e-01
5.280000e-01  1.473026e-01
5.310000e-01  1.468063e-01
5.340000e-01  1.463122e-01
5.370000e-01  1.458202e-01
5.400000e-01  1.453303e-01
5.430000e-01  1.448424e-01
5.460000e-01  1.443565e-01
5.490000e-01  1.438726e-01
5.520000e-01  1.433905e-01
5.550000e-01  1.429104e-01
5.580000e-01  1.424321e-01
5.610000e-01  1.419556e-01
5.640000e-01  1.414809e-01
5.670000e-01  1.410080e-01
5.700000e-01  1.405367e-01
5.730000e-01  1.400672e-01
5.760000e-01  1.395992e-01
5.790000e-01  1.391330e-01
5.820000e-01  1.386682e-01
5.850000e-01  1.382051e-01
5.880000e-01  1.377434e-01
5.910000e-01  1.372833e-01
5.940000e-01  1.368246e-01
5.970000e-01  1.363673e-01
6.000000e-01  1.359114e-01
6.030000e-01  1.354569e-01
6.060000e-01  1.350037e-01
6.090000e-01  1.345518e-01
6.120000e-01  1.341012e-01
6.150000e-01  1.336518e-01
6.180000e-01  1.332036e-01
6.210000e-01  1.327567e-01
6.240000e-01  1.323108e-01
6.270000e-01  1.318661e-01
6.300000e-01  1.314225e-01
6.330000e-01  1.309799e-01
6.360000e-01  1.305384e-01
6.390000e-01  1.300979e-01
6.420000e-01  1.296583e-01
6.450000e-01  1.292197e-01
6.480000e-01  1.287820e-01
6.510000e-01  1.283452e-01
6.540000e-01  1.279093e-01
6.570000e-01  1.274741e-01
6.600000e-01  1.270398e-01
6.630000e-01  1.266062e-01
6.660000e-01  1.261734e-01
6.690000e-01  1.257413e-01
6.720000e-01  1.253098e-01
6.750000e-01  1.248790e-01
6.780000e-01  1.244489e-01
6.810000e-01  1.240193e-01
6.840000e-01  1.235902e-01
6.870000e-01  1.231617e-01
6.900000e-01  1.227337e-01
6.930000e-01  1.223061e-01
6.960000e-01  1.218789e-01
6.990000e-01  1.214522e-01
7.020000e-01  1.210258e-01
7.050000e-01  1.205998e-01
7.080000e-01  1.201740e-01
7.110000e-01  1.197485e-01
7.140000e-01  1.193232e-01
7.170000e-01  1.188982e-01
7.200000e-01  1.184733e-01
7.230000e-01  1.180485e-01
7.260000e-01  1.176238e-01
7.290000e-01  1.171991e-01
7.320000e-01  000000
7.350000e-01  000000
7.380000e-01  000000
7.410000e-01  000000
7.440000e-01  000000
7.470000e-01  000000
7.500000e-01  000000
7.530000e-01  000000
7.560000e-01  000000
7.590000e-01  000000
7.620000e-01  000000
7.650000e-01  000000
7.680000e-01  000000
7.710000e-01  000000
7.740000e-01  000000
7.770000e-01  000000
7.800000e-01  000000
7.830000e-01  000000
7.860000e-01  000000
7.890000e-01  000000
7.920000e-01  000000
7.950000e-01  000000
7.980000e-01  000000
8.010000e-01  000000
8.040000e-01  000000
8.070000e-01  000000
8.100000e-01  000000
8.130000e-01  000000
8.160000e-01  000000
8.190000e-01  000000
8.220000e-01  000000
8.250000e-01  000000
8.280000e-01  000000
8.310000e-01  000000
8.340000e-01  000000
8.370000e-01  000000
8.400000e-01  000000
8.430000e-01  000000
8.460000e-01  000000
8.490000e-01  000000
8.520000e-01  000000
8.550000e-01  000000
8.580000e-01  000000
8.610000e-01  000000
8.640000e-01  000000
8.670000e-01  000000
8.700000e-01  000000
8.730000e-01  000000
8.760000e-01  000000
8.790000e-01  000000
8.820000e-01  000000
8.850000e-01  000000
8.880000e-01  000000
8.910000e-01  000000
8.940000e-01  000000
8.970000e-01  000000
9.000000e-01  000000
9.030000e-01  000000
9.060000e-01  000000
9.090000e-01  000000
9.120000e-01  000000
9.150000e-01  000000
9.180000e-01  000000
9.210000e-01  000000
9.240000e-01  000000
9.270000e-01  000000
9.300000e-01  000000
9.330000e-01  000000
9.360000e-01  000000
9.390000e-01  000000
9.420000e-01  000000
9.450000e-01  000000
9.480000e-01  000000
9.510000e-01  000000
9.540000e-01  000000
9.570000e-01  000000
9.600000e-01  000000
9.630000e-01  000000
9.660000e-01  000000
9.690000e-01  000000
9.720000e-01  000000
9.750000e-01  000000
9.780000e-01  000000
9.810000e-01  000000
9.840000e-01  000000
9.870000e-01  000000
9.900000e-01  000000
9.930000e-01  000000
9.960000e-01  000000
9.990000e-01  000000
