000000  000001
3.000000e-03  7.996019e-01
6.000000e-03  7.139378e-01
9.000000e-03  6.600048e-01
1.200000e-02  6.210960e-01
1.500000e-02  5.909123e-01
1.800000e-02  5.664038e-01
2.100000e-02  5.458670e-01
2.400000e-02  5.282562e-01
2.700000e-02  5.128850e-01
3.000000e-02  4.992795e-01
3.300000e-02  4.870992e-01
3.600000e-02  4.760918e-01
3.900000e-02  4.660651e-01
4.200000e-02  4.568698e-01
4.500000e-02  4.483873e-01
4.800000e-02  4.405225e-01
5.100000e-02  4.331974e-01
5.400000e-02  4.263477e-01
5.700000e-02  4.199197e-01
6.000000e-02  4.138680e-01
6.300000e-02  4.081540e-01
6.600000e-02  4.027447e-01
6.900000e-02  3.976115e-01
7.200000e-02  3.927295e-01
7.500000e-02  3.880771e-01
7.800000e-02  3.836351e-01
8.100000e-02  3.793867e-01
8.400000e-02  3.753168e-01
8.700000e-02  3.714122e-01
9.000000e-02  3.676610e-01
9.300000e-02  3.640523e-01
9.600000e-02  3.605764e-01
9.900000e-02  3.572248e-01
1.020000e-01  3.539893e-01
1.050000e-01  3.508628e-01
1.080000e-01  3.478387e-01
1.110000e-01  3.449110e-01
1.140000e-01  3.420741e-01
1.170000e-01  3.393230e-01
1.200000e-01  3.366530e-01
1.230000e-01  3.340597e-01
1.260000e-01  3.315393e-01
1.290000e-01  3.290879e-01
1.320000e-01  3.267022e-01
1.350000e-01  3.243790e-01
1.380000e-01  3.221153e-01
1.410000e-01  3.199083e-01
1.440000e-01  3.177555e-01
1.470000e-01  3.156544e-01
1.500000e-01  3.136027e-01
1.530000e-01  3.115985e-01
1.560000e-01  3.096396e-01
1.590000e-01  3.077241e-01
1.620000e-01  3.058504e-01
1.650000e-01  3.040167e-01
1.680000e-01  3.022215e-01
1.710000e-01  3.004633e-01
1.740000e-01  2.987407e-01
1.770000e-01  2.970524e-01
1.800000e-01  2.953971e-01
1.830000e-01  2.937736e-01
1.860000e-01  2.921809e-01
1.890000e-01  2.906177e-01
1.920000e-01  2.890832e-01
1.950000e-01  2.875764e-01
1.980000e-01  2.860963e-01
2.010000e-01  2.846420e-01
2.040000e-01  2.832127e-01
2.070000e-01  2.818077e-01
2.100000e-01  2.804261e-01
2.130000e-01  2.790673e-01
2.160000e-01  2.777305e-01
2.190000e-01  2.764150e-01
2.220000e-01  2.751203e-01
2.250000e-01  2.738457e-01
2.280000e-01  2.725907e-01
2.310000e-01  2.713546e-01
2.340000e-01  2.701370e-01
2.370000e-01  2.689373e-01
2.400000e-01  2.677551e-01
2.430000e-01  2.665898e-01
2.460000e-01  2.654410e-01
2.490000e-01  2.643083e-01
2.520000e-01  2.631912e-01
2.550000e-01  2.620894e-01
2.580000e-01  2.610024e-01
2.610000e-01  2.599299e-01
2.640000e-01  2.588714e-01
2.670000e-01  2.578268e-01
2.700000e-01  2.567955e-01
2.730000e-01  2.557774e-01
2.760000e-01  2.547720e-01
2.790000e-01  2.537791e-01
2.820000e-01  2.527983e-01
2.850000e-01  2.518295e-01
2.880000e-01  2.508723e-01
2.910000e-01  2.499265e-01
2.940000e-01  2.489917e-01
2.970000e-01  2.480678e-01
3.000000e-01  2.471545e-01
3.030000e-01  2.462516e-01
3.060000e-01  2.453588e-01
3.090000e-01  2.444760e-01
3.120000e-01  2.436029e-01
3.150000e-01  2.427393e-01
3.180000e-01  2.418850e-01
3.210000e-01  2.410399e-01
3.240000e-01  2.402036e-01
3.270000e-01  2.393762e-01
3.300000e-01  2.385573e-01
3.330000e-01  2.377468e-01
3.360000e-01  2.369446e-01
3.390000e-01  2.361504e-01
3.420000e-01  2.353642e-01
3.450000e-01  2.345857e-01
3.480000e-01  2.338148e-01
3.510000e-01  2.330514e-01
3.540000e-01  2.322954e-01
3.570000e-01  2.315465e-01
3.600000e-01  2.308047e-01
3.630000e-01  2.300698e-01
3.660000e-01  2.293418e-01
3.690000e-01  2.286204e-01
3.720000e-01  2.279055e-01
3.750000e-01  2.271972e-01
3.780000e-01  2.264951e-01
3.810000e-01  2.257993e-01
3.840000e-01  2.251096e-01
3.870000e-01  2.244258e-01
3.900000e-01  2.237480e-01
3.930000e-01  2.230760e-01
3.960000e-01  2.224097e-01
3.990000e-01  2.217490e-01
4.020000e-01  2.210938e-01
4.050000e-01  2.204440e-01
4.080000e-01  2.197995e-01
4.110000e-01  2.191604e-01
4.140000e-01  2.185263e-01
4.170000e-01  2.178973e-01
4.200000e-01  2.172734e-01
4.230000e-01  2.166543e-01
4.260000e-01  2.160401e-01
4.290000e-01  2.154307e-01
4.320000e-01  2.148259e-01
4.350000e-01  2.142258e-01
4.380000e-01  2.136302e-01
4.410000e-01  2.130390e-01
4.440000e-01  2.124523e-01
4.470000e-01  2.118699e-01
4.500000e-01  2.112918e-01
4.530000e-01  2.107179e-01
4.560000e-01  2.101482e-01
4.590000e-01  2.095826e-01
4.620000e-01  2.090209e-01
4.650000e-01  2.084633e-01
4.680000e-01  2.079095e-01
4.710000e-01  2.073596e-01
4.740000e-01  2.068136e-01
4.770000e-01  2.062712e-01
4.800000e-01  2.057326e-01
4.830000e-01  2.051976e-01
4.860000e-01  2.046662e-01
4.890000e-01  2.041383e-01
4.920000e-01  2.036139e-01
4.950000e-01  2.030930e-01
4.980000e-01  2.025755e-01
5.010000e-01  2.020613e-01
5.040000e-01  2.015504e-01
5.070000e-01  2.010428e-01
5.100000e-01  2.005384e-01
5.130000e-01  2.000372e-01
5.160000e-01  1.995391e-01
5.190000e-01  1.990441e-01
5.220000e-01  1.985521e-01
5.250000e-01  1.980632e-01
5.280000e-01  1.975773e-01
5.310000e-01  1.970942e-01
5.340000e-01  1.966141e-01
5.370000e-01  1.961368e-01
5.400000e-01  1.956624e-01
5.430000e-01  1.951907e-01
5.460000e-01  1.947218e-01
5.490000e-01  1.942557e-01
5.520000e-01  1.937922e-01
5.550000e-01  1.933313e-01
5.580000e-01  1.928731e-01
5.610000e-01  1.924174e-01
5.640000e-01  1.919644e-01
5.670000e-01  1.915138e-01
5.700000e-01  1.910657e-01
5.730000e-01  1.906201e-01
5.760000e-01  1.901770e-01
5.790000e-01  1.897362e-01
5.820000e-01  1.892978e-01
5.850000e-01  1.888618e-01
5.880000e-01  1.884280e-01
5.910000e-01  1.879966e-01
5.940000e-01  1.875675e-01
5.970000e-01  1.871405e-01
6.000000e-01  1.867158e-01
6.030000e-01  1.862933e-01
6.060000e-01  1.858729e-01
6.090000e-01  1.854547e-01
6.120000e-01  1.850386e-01
6.150000e-01  1.846246e-01
6.180000e-01  1.842126e-01
6.210000e-01  1.838027e-01
6.240000e-01  1.833948e-01
6.270000e-01  1.829890e-01
6.300000e-01  1.825850e-01
6.330000e-01  1.821831e-01
6.360000e-01  1.817830e-01
6.390000e-01  1.813849e-01
6.420000e-01  1.809887e-01
6.450000e-01  1.805943e-01
6.480000e-01  1.802018e-01
6.510000e-01  1.798111e-01
6.540000e-01  1.794222e-01
6.570000e-01  1.790352e-01
6.600000e-01  1.786498e-01
6.630000e-01  1.782663e-01
6.660000e-01  1.778844e-01
6.690000e-01  1.775043e-01
6.720000e-01  1.771259e-01
6.750000e-01  1.767491e-01
6.780000e-01  1.763740e-01
6.810000e-01  1.760006e-01
6.840000e-01  1.756287e-01
6.870000e-01  1.752585e-01
6.900000e-01  1.748899e-01
6.930000e-01  1.745228e-01
6.960000e-01  1.741573e-01
6.990000e-01  1.737934e-01
7.020000e-01  1.734310e-01
7.050000e-01  1.730700e-01
7.080000e-01  1.727106e-01
7.110000e-01  1.723527e-01
7.140000e-01  1.719962e-01
7.170000e-01  1.716412e-01
7.200000e-01  1.712876e-01
7.230000e-01  1.709354e-01
7.260000e-01  1.705846e-01
7.290000e-01  1.702352e-01
7.320000e-01  1.698872e-01
7.350000e-01  1.695406e-01
7.380000e-01  1.691953e-01
7.410000e-01  1.688514e-01
7.440000e-01  1.685087e-01
7.470000e-01  1.681674e-01
7.500000e-01  1.678274e-01
7.530000e-01  1.674887e-01
7.560000e-01  1.671512e-01
7.590000e-01  1.668150e-01
7.620000e-01  1.664801e-01
7.650000e-01  1.661464e-01
7.680000e-01  1.658139e-01
7.710000e-01  1.654826e-01
7.740000e-01  1.651525e-01
7.770000e-01  1.648236e-01
7.800000e-01  1.644959e-01
7.830000e-01  1.641693e-01
7.860000e-01  1.638439e-01
7.890000e-01  1.635197e-01
7.920000e-01  1.631965e-01
7.950000e-01  1.628745e-01
7.980000e-01  1.625536e-01
8.010000e-01  1.622338e-01
8.040000e-01  1.619151e-01
8.070000e-01  1.615975e-01
8.100000e-01  1.612809e-01
8.130000e-01  1.609654e-01
8.160000e-01  1.606509e-01
8.190000e-01  1.603375e-01
8.220000e-01  1.600251e-01
8.250000e-01  1.597137e-01
8.280000e-01  1.594033e-01
8.310000e-01  1.590940e-01
8.340000e-01  1.587856e-01
8.370000e-01  1.584782e-01
8.400000e-01  1.581717e-01
8.430000e-01  1.578662e-01
8.460000e-01  1.575617e-01
8.490000e-01  1.572581e-01
8.520000e-01  1.569555e-01
8.550000e-01  1.566538e-01
8.580000e-01  1.563529e-01
8.610000e-01  1.560530e-01
8.640000e-01  1.557540e-01
8.670000e-01  1.554559e-01
8.700000e-01  1.551587e-01
8.730000e-01  1.548623e-01
8.760000e-01  1.545668e-01
8.790000e-01  1.542722e-01
8.820000e-01  1.539784e-01
8.850000e-01  1.536854e-01
8.880000e-01  1.533933e-01
8.910000e-01  1.531020e-01
8.940000e-01  1.528116e-01
8.970000e-01  1.525219e-01
9.000000e-01  1.522330e-01
9.030000e-01  1.519450e-01
9.060000e-01  1.516577e-01
9.090000e-01  1.513712e-01
9.120000e-01  1.510854e-01
9.150000e-01  1.508005e-01
9.180000e-01  1.505163e-01
9.210000e-01  1.502328e-01
9.240000e-01  1.499501e-01
9.270000e-01  1.496681e-01
9.300000e-01  1.493868e-01
9.330000e-01  1.491063e-01
9.360000e-01  1.488265e-01
9.390000e-01  1.485473e-01
9.420000e-01  1.482689e-01
9.450000e-01  1.479912e-01
9.480000e-01  1.477142e-01
9.510000e-01  1.474378e-01
9.540000e-01  1.471621e-01
9.570000e-01  1.468871e-01
9.600000e-01  1.466127e-01
9.630000e-01  1.463390e-01
9.660000e-01  1.460660e-01
9.690000e-01  1.457936e-01
9.720000e-01  1.455218e-01
9.750000e-01  1.452506e-01
9.780000e-01  1.449801e-01
9.810000e-01  1.447102e-01
9.840000e-01  1.444409e-01
9.870000e-01  1.441722e-01
9.900000e-01  1.439041e-01
9.930000e-01  1.436365e-01
9.960000e-01  1.433696e-01
9.990000e-01  1.431033e-01
