000000  000001
3.000000e-03  8.566510e-01
6.000000e-03  7.817871e-01
9.000000e-03  7.314736e-01
1.200000e-02  6.938765e-01
1.500000e-02  6.640422e-01
1.800000e-02  6.394258e-01
2.100000e-02  6.185481e-01
2.400000e-02  6.004749e-01
2.700000e-02  5.845790e-01
3.000000e-02  5.704198e-01
3.300000e-02  5.576761e-01
3.600000e-02  5.461069e-01
3.900000e-02  5.355270e-01
4.200000e-02  5.257907e-01
4.500000e-02  5.167821e-01
4.800000e-02  5.084068e-01
5.100000e-02  5.005875e-01
5.400000e-02  4.932600e-01
5.700000e-02  4.863701e-01
6.000000e-02  4.798721e-01
6.300000e-02  4.737269e-01
6.600000e-02  4.679009e-01
6.900000e-02  4.623649e-01
7.200000e-02  4.570933e-01
7.500000e-02  4.520640e-01
7.800000e-02  4.472571e-01
8.100000e-02  4.426554e-01
8.400000e-02  4.382432e-01
8.700000e-02  4.340068e-01
9.000000e-02  4.299336e-01
9.300000e-02  4.260125e-01
9.600000e-02  4.222334e-01
9.900000e-02  4.185870e-01
1.020000e-01  4.150652e-01
1.050000e-01  4.116602e-01
1.080000e-01  4.083652e-01
1.110000e-01  4.051738e-01
1.140000e-01  4.020802e-01
1.170000e-01  3.990790e-01
1.200000e-01  3.961652e-01
1.230000e-01  3.933344e-01
1.260000e-01  3.905822e-01
1.290000e-01  3.879047e-01
1.320000e-01  3.852982e-01
1.350000e-01  3.827595e-01
1.380000e-01  3.802853e-01
1.410000e-01  3.778727e-01
1.440000e-01  3.755188e-01
1.470000e-01  3.732212e-01
1.500000e-01  3.709774e-01
1.530000e-01  3.687850e-01
1.560000e-01  3.666421e-01
1.590000e-01  3.645466e-01
1.620000e-01  3.624965e-01
1.650000e-01  3.604901e-01
1.680000e-01  3.585257e-01
1.710000e-01  3.566017e-01
1.740000e-01  3.547166e-01
1.770000e-01  3.528691e-01
1.800000e-01  3.510576e-01
1.830000e-01  3.492809e-01
1.860000e-01  3.475379e-01
1.890000e-01  3.458274e-01
1.920000e-01  3.441482e-01
1.950000e-01  3.424994e-01
1.980000e-01  3.408799e-01
2.010000e-01  3.392887e-01
2.040000e-01  3.377250e-01
2.070000e-01  3.361879e-01
2.100000e-01  3.346766e-01
2.130000e-01  3.331903e-01
2.160000e-01  3.317282e-01
2.190000e-01  3.302897e-01
2.220000e-01  3.288739e-01
2.250000e-01  3.274803e-01
2.280000e-01  3.261083e-01
2.310000e-01  3.247571e-01
2.340000e-01  3.234263e-01
2.370000e-01  3.221153e-01
2.400000e-01  3.208235e-01
2.430000e-01  3.195504e-01
2.460000e-01  3.182955e-01
2.490000e-01  3.170584e-01
2.520000e-01  3.158385e-01
2.550000e-01  3.146355e-01
2.580000e-01  3.134489e-01
2.610000e-01  3.122783e-01
2.640000e-01  3.111233e-01
2.670000e-01  3.099835e-01
2.700000e-01  3.088585e-01
2.730000e-01  3.077481e-01
2.760000e-01  3.066518e-01
2.790000e-01  3.055693e-01
2.820000e-01  3.045003e-01
2.850000e-01  3.034445e-01
2.880000e-01  3.024016e-01
2.910000e-01  3.013712e-01
2.940000e-01  3.003532e-01
2.970000e-01  2.993472e-01
3.000000e-01  2.983530e-01
3.030000e-01  2.973704e-01
3.060000e-01  2.963989e-01
3.090000e-01  2.954386e-01
3.120000e-01  2.944890e-01
3.150000e-01  2.935500e-01
3.180000e-01  2.926214e-01
3.210000e-01  2.917029e-01
3.240000e-01  2.907943e-01
3.270000e-01  2.898955e-01
3.300000e-01  2.890063e-01
3.330000e-01  2.881264e-01
3.360000e-01  2.872557e-01
3.390000e-01  2.863939e-01
3.420000e-01  2.855410e-01
3.450000e-01  2.846967e-01
3.480000e-01  2.838610e-01
3.510000e-01  2.830336e-01
3.540000e-01  2.822143e-01
3.570000e-01  2.814031e-01
3.600000e-01  2.805997e-01
3.630000e-01  2.798041e-01
3.660000e-01  2.790161e-01
3.690000e-01  2.782356e-01
3.720000e-01  2.774623e-01
3.750000e-01  2.766963e-01
3.780000e-01  2.759374e-01
3.810000e-01  2.751854e-01
3.840000e-01  2.744402e-01
3.870000e-01  2.737018e-01
3.900000e-01  2.729699e-01
3.930000e-01  2.722446e-01
3.960000e-01  2.715256e-01
3.990000e-01  2.708129e-01
4.020000e-01  2.701064e-01
4.050000e-01  2.694060e-01
4.080000e-01  2.687115e-01
4.110000e-01  2.680229e-01
4.140000e-01  2.673401e-01
4.170000e-01  2.666630e-01
4.200000e-01  2.659915e-01
4.230000e-01  2.653256e-01
4.260000e-01  2.646650e-01
4.290000e-01  2.640098e-01
4.320000e-01  2.633599e-01
4.350000e-01  2.627152e-01
4.380000e-01  2.620755e-01
4.410000e-01  2.614409e-01
4.440000e-01  2.608113e-01
4.470000e-01  2.601865e-01
4.500000e-01  2.595665e-01
4.530000e-01  2.589513e-01
4.560000e-01  2.583408e-01
4.590000e-01  2.577349e-01
4.620000e-01  2.571335e-01
4.650000e-01  2.565365e-01
4.680000e-01  2.559440e-01
4.710000e-01  2.553559e-01
4.740000e-01  2.547720e-01
4.770000e-01  2.541923e-01
4.800000e-01  2.536169e-01
4.830000e-01  2.530455e-01
4.860000e-01  2.524782e-01
4.890000e-01  2.519149e-01
4.920000e-01  2.513555e-01
4.950000e-01  2.508001e-01
4.980000e-01  2.502485e-01
5.010000e-01  2.497006e-01
5.040000e-01  2.491566e-01
5.070000e-01  2.486162e-01
5.100000e-01  2.480794e-01
5.130000e-01  2.475463e-01
5.160000e-01  2.470167e-01
5.190000e-01  2.464906e-01
5.220000e-01  2.459680e-01
5.250000e-01  2.454488e-01
5.280000e-01  2.449329e-01
5.310000e-01  2.444204e-01
5.340000e-01  2.439112e-01
5.370000e-01  2.434053e-01
5.400000e-01  2.429025e-01
5.430000e-01  2.424030e-01
5.460000e-01  2.419065e-01
5.490000e-01  2.414132e-01
5.520000e-01  2.409229e-01
5.550000e-01  2.404356e-01
5.580000e-01  2.399513e-01
5.610000e-01  2.394700e-01
5.640000e-01  2.389916e-01
5.670000e-01  2.385160e-01
5.700000e-01  2.380434e-01
5.730000e-01  2.375735e-01
5.760000e-01  2.371064e-01
5.790000e-01  2.366420e-01
5.820000e-01  2.361804e-01
5.850000e-01  2.357215e-01
5.880000e-01  2.352652e-01
5.910000e-01  2.348115e-01
5.940000e-01  2.343605e-01
5.970000e-01  2.339120e-01
6.000000e-01  2.334660e-01
6.030000e-01  2.330226e-01
6.060000e-01  2.325816e-01
6.090000e-01  2.321431e-01
6.120000e-01  2.317070e-01
6.150000e-01  2.312734e-01
6.180000e-01  2.308421e-01
6.210000e-01  2.304132e-01
6.240000e-01  2.299865e-01
6.270000e-01  2.295622e-01
6.300000e-01  2.291402e-01
6.330000e-01  2.287204e-01
6.360000e-01  2.283029e-01
6.390000e-01  2.278875e-01
6.420000e-01  2.274744e-01
6.450000e-01  2.270634e-01
6.480000e-01  2.266545e-01
6.510000e-01  2.262478e-01
6.540000e-01  2.258431e-01
6.570000e-01  2.254406e-01
6.600000e-01  2.250401e-01
6.630000e-01  2.246416e-01
6.660000e-01  2.242451e-01
6.690000e-01  2.238506e-01
6.720000e-01  2.234581e-01
6.750000e-01  2.230675e-01
6.780000e-01  2.226789e-01
6.810000e-01  2.222922e-01
6.840000e-01  2.219074e-01
6.870000e-01  2.215244e-01
6.900000e-01  2.211434e-01
6.930000e-01  2.207641e-01
6.960000e-01  2.203867e-01
6.990000e-01  2.200111e-01
7.020000e-01  2.196372e-01
7.050000e-01  2.192652e-01
7.080000e-01  2.188949e-01
7.110000e-01  2.185263e-01
7.140000e-01  2.181595e-01
7.170000e-01  2.177943e-01
7.200000e-01  2.174309e-01
7.230000e-01  2.170691e-01
7.260000e-01  2.167090e-01
7.290000e-01  2.163505e-01
7.320000e-01  2.159937e-01
7.350000e-01  2.156384e-01
7.380000e-01  2.152848e-01
7.410000e-01  2.149328e-01
7.440000e-01  2.145823e-01
7.470000e-01  2.142333e-01
7.500000e-01  2.138859e-01
7.530000e-01  2.135401e-01
7.560000e-01  2.131957e-01
7.590000e-01  2.128529e-01
7.620000e-01  2.125115e-01
7.650000e-01  2.121717e-01
7.680000e-01  2.118332e-01
7.710000e-01  2.114962e-01
7.740000e-01  2.111607e-01
7.770000e-01  2.108266e-01
7.800000e-01  2.104939e-01
7.830000e-01  2.101626e-01
7.860000e-01  2.098327e-01
7.890000e-01  2.095041e-01
7.920000e-01  2.091769e-01
7.950000e-01  2.088511e-01
7.980000e-01  2.085266e-01
8.010000e-01  2.082034e-01
8.040000e-01  2.078816e-01
8.070000e-01  2.075611e-01
8.100000e-01  2.072418e-01
8.130000e-01  2.069239e-01
8.160000e-01  2.066072e-01
8.190000e-01  2.062917e-01
8.220000e-01  2.059776e-01
8.250000e-01  2.056647e-01
8.280000e-01  2.053530e-01
8.310000e-01  2.050425e-01
8.340000e-01  2.047332e-01
8.370000e-01  2.044252e-01
8.400000e-01  2.041183e-01
8.430000e-01  2.038126e-01
8.460000e-01  2.035081e-01
8.490000e-01  2.032048e-01
8.520000e-01  2.029026e-01
8.550000e-01  2.026016e-01
8.580000e-01  2.023017e-01
8.610000e-01  2.020029e-01
8.640000e-01  2.017052e-01
8.670000e-01  2.014087e-01
8.700000e-01  2.011133e-01
8.730000e-01  2.008189e-01
8.760000e-01  2.005257e-01
8.790000e-01  2.002335e-01
8.820000e-01  1.999424e-01
8.850000e-01  1.996523e-01
8.880000e-01  1.993633e-01
8.910000e-01  1.990753e-01
8.940000e-01  1.987884e-01
8.970000e-01  1.985025e-01
9.000000e-01  1.982176e-01
9.030000e-01  1.979337e-01
9.060000e-01  1.976509e-01
9.090000e-01  1.973690e-01
9.120000e-01  1.970881e-01
9.150000e-01  1.968082e-01
9.180000e-01  1.965293e-01
9.210000e-01  1.962514e-01
9.240000e-01  1.959744e-01
9.270000e-01  1.956983e-01
9.300000e-01  1.954232e-01
9.330000e-01  1.951491e-01
9.360000e-01  1.948759e-01
9.390000e-01  1.946036e-01
9.420000e-01  1.943322e-01
9.450000e-01  1.940617e-01
9.480000e-01  1.937922e-01
9.510000e-01  1.935235e-01
9.540000e-01  1.932557e-01
9.570000e-01  1.929888e-01
9.600000e-01  1.927229e-01
9.630000e-01  1.924577e-01
9.660000e-01  1.921935e-01
9.690000e-01  1.919301e-01
9.720000e-01  1.916675e-01
9.750000e-01  1.914058e-01
9.780000e-01  1.911450e-01
9.810000e-01  1.908849e-01
9.840000e-01  1.906258e-01
9.870000e-01  1.903674e-01
9.900000e-01  1.901099e-01
9.930000e-01  1.898531e-01
9.960000e-01  1.895972e-01
9.990000e-01  1.893421e-01
