000000  000001
3.000000e-03  7.671839e-01
6.000000e-03  6.777583e-01
9.000000e-03  6.230453e-01
1.200000e-02  5.841521e-01
1.500000e-02  5.542597e-01
1.800000e-02  5.301449e-01
2.100000e-02  5.100351e-01
2.400000e-02  4.928549e-01
2.700000e-02  4.779044e-01
3.000000e-02  4.647036e-01
3.300000e-02  4.529098e-01
3.600000e-02  4.422700e-01
3.900000e-02  4.325924e-01
4.200000e-02  4.237286e-01
4.500000e-02  4.155610e-01
4.800000e-02  4.079954e-01
5.100000e-02  4.009550e-01
5.400000e-02  3.943764e-01
5.700000e-02  3.882070e-01
6.000000e-02  3.824022e-01
6.300000e-02  3.769242e-01
6.600000e-02  3.717408e-01
6.900000e-02  3.668239e-01
7.200000e-02  3.621495e-01
7.500000e-02  3.576963e-01
7.800000e-02  3.534458e-01
8.100000e-02  3.493816e-01
8.400000e-02  3.454891e-01
8.700000e-02  3.417554e-01
9.000000e-02  3.381690e-01
9.300000e-02  3.347195e-01
9.600000e-02  3.313974e-01
9.900000e-02  3.281943e-01
1.020000e-01  3.251026e-01
1.050000e-01  3.221153e-01
1.080000e-01  3.192260e-01
1.110000e-01  3.164289e-01
1.140000e-01  3.137187e-01
1.170000e-01  3.110905e-01
1.200000e-01  3.085398e-01
1.230000e-01  3.060625e-01
1.260000e-01  3.036546e-01
1.290000e-01  3.013127e-01
1.320000e-01  2.990335e-01
1.350000e-01  2.968139e-01
1.380000e-01  2.946510e-01
1.410000e-01  2.925423e-01
1.440000e-01  2.904851e-01
1.470000e-01  2.884772e-01
1.500000e-01  2.865165e-01
1.530000e-01  2.846008e-01
1.560000e-01  2.827283e-01
1.590000e-01  2.808972e-01
1.620000e-01  2.791058e-01
1.650000e-01  2.773525e-01
1.680000e-01  2.756358e-01
1.710000e-01  2.739542e-01
1.740000e-01  2.723065e-01
1.770000e-01  2.706914e-01
1.800000e-01  2.691076e-01
1.830000e-01  2.675541e-01
1.860000e-01  2.660298e-01
1.890000e-01  2.645336e-01
1.920000e-01  2.630645e-01
1.950000e-01  2.616217e-01
1.980000e-01  2.602043e-01
2.010000e-01  2.588114e-01
2.040000e-01  2.574422e-01
2.070000e-01  2.560960e-01
2.100000e-01  2.547720e-01
2.130000e-01  2.534696e-01
2.160000e-01  2.521880e-01
2.190000e-01  2.509267e-01
2.220000e-01  2.496850e-01
2.250000e-01  2.484624e-01
2.280000e-01  2.472584e-01
2.310000e-01  2.460722e-01
2.340000e-01  2.449036e-01
2.370000e-01  2.437519e-01
2.400000e-01  2.426167e-01
2.430000e-01  2.414975e-01
2.460000e-01  2.403940e-01
2.490000e-01  2.393056e-01
2.520000e-01  2.382321e-01
2.550000e-01  2.371729e-01
2.580000e-01  2.361278e-01
2.610000e-01  2.350964e-01
2.640000e-01  2.340783e-01
2.670000e-01  2.330731e-01
2.700000e-01  2.320807e-01
2.730000e-01  2.311006e-01
2.760000e-01  2.301326e-01
2.790000e-01  2.291763e-01
2.820000e-01  2.282315e-01
2.850000e-01  2.272980e-01
2.880000e-01  2.263754e-01
2.910000e-01  2.254635e-01
2.940000e-01  2.245621e-01
2.970000e-01  2.236709e-01
3.000000e-01  2.227897e-01
3.030000e-01  2.219183e-01
3.060000e-01  2.210565e-01
3.090000e-01  2.202040e-01
3.120000e-01  2.193607e-01
3.150000e-01  2.185263e-01
3.180000e-01  2.177007e-01
3.210000e-01  2.168837e-01
3.240000e-01  2.160751e-01
3.270000e-01  2.152747e-01
3.300000e-01  2.144824e-01
3.330000e-01  2.136980e-01
3.360000e-01  2.129213e-01
3.390000e-01  2.121523e-01
3.420000e-01  2.113906e-01
3.450000e-01  2.106363e-01
3.480000e-01  2.098891e-01
3.510000e-01  2.091490e-01
3.540000e-01  2.084157e-01
3.570000e-01  2.076891e-01
3.600000e-01  2.069692e-01
3.630000e-01  2.062558e-01
3.660000e-01  2.055487e-01
3.690000e-01  2.048480e-01
3.720000e-01  2.041533e-01
3.750000e-01  2.034647e-01
3.780000e-01  2.027821e-01
3.810000e-01  2.021052e-01
3.840000e-01  2.014341e-01
3.870000e-01  2.007686e-01
3.900000e-01  2.001086e-01
3.930000e-01  1.994540e-01
3.960000e-01  1.988048e-01
3.990000e-01  1.981608e-01
4.020000e-01  1.975219e-01
4.050000e-01  1.968881e-01
4.080000e-01  1.962593e-01
4.110000e-01  1.956354e-01
4.140000e-01  1.950163e-01
4.170000e-01  1.944019e-01
4.200000e-01  1.937922e-01
4.230000e-01  1.931870e-01
4.260000e-01  1.925864e-01
4.290000e-01  1.919902e-01
4.320000e-01  1.913983e-01
4.350000e-01  1.908108e-01
4.380000e-01  1.902275e-01
4.410000e-01  1.896483e-01
4.440000e-01  1.890733e-01
4.470000e-01  1.885022e-01
4.500000e-01  1.879352e-01
4.530000e-01  1.873720e-01
4.560000e-01  1.868127e-01
4.590000e-01  1.862572e-01
4.620000e-01  1.857054e-01
4.650000e-01  1.851573e-01
4.680000e-01  1.846128e-01
4.710000e-01  1.840719e-01
4.740000e-01  1.835345e-01
4.770000e-01  1.830005e-01
4.800000e-01  1.824700e-01
4.830000e-01  1.819428e-01
4.860000e-01  1.814190e-01
4.890000e-01  1.808984e-01
4.920000e-01  1.803810e-01
4.950000e-01  1.798668e-01
4.980000e-01  1.793558e-01
5.010000e-01  1.788478e-01
5.040000e-01  1.783428e-01
5.070000e-01  1.778409e-01
5.100000e-01  1.773419e-01
5.130000e-01  1.768458e-01
5.160000e-01  1.763526e-01
5.190000e-01  1.758623e-01
5.220000e-01  1.753747e-01
5.250000e-01  1.748899e-01
5.280000e-01  1.744078e-01
5.310000e-01  1.739284e-01
5.340000e-01  1.734516e-01
5.370000e-01  1.729775e-01
5.400000e-01  1.725059e-01
5.430000e-01  1.720369e-01
5.460000e-01  1.715703e-01
5.490000e-01  1.711063e-01
5.520000e-01  1.706446e-01
5.550000e-01  1.701854e-01
5.580000e-01  1.697286e-01
5.610000e-01  1.692741e-01
5.640000e-01  1.688219e-01
5.670000e-01  1.683721e-01
5.700000e-01  1.679244e-01
5.730000e-01  1.674790e-01
5.760000e-01  1.670358e-01
5.790000e-01  1.665948e-01
5.820000e-01  1.661559e-01
5.850000e-01  1.657191e-01
5.880000e-01  1.652844e-01
5.910000e-01  1.648518e-01
5.940000e-01  1.644211e-01
5.970000e-01  1.639925e-01
6.000000e-01  1.635659e-01
6.030000e-01  1.631413e-01
6.060000e-01  1.627185e-01
6.090000e-01  1.622977e-01
6.120000e-01  1.618788e-01
6.150000e-01  1.614617e-01
6.180000e-01  1.610464e-01
6.210000e-01  1.606330e-01
6.240000e-01  1.602213e-01
6.270000e-01  1.598115e-01
6.300000e-01  1.594033e-01
6.330000e-01  1.589969e-01
6.360000e-01  1.585922e-01
6.390000e-01  1.581892e-01
6.420000e-01  1.577878e-01
6.450000e-01  1.573881e-01
6.480000e-01  1.569900e-01
6.510000e-01  1.565935e-01
6.540000e-01  1.561986e-01
6.570000e-01  1.558052e-01
6.600000e-01  1.554134e-01
6.630000e-01  1.550231e-01
6.660000e-01  1.546343e-01
6.690000e-01  1.542470e-01
6.720000e-01  1.538611e-01
6.750000e-01  1.534767e-01
6.780000e-01  1.530937e-01
6.810000e-01  1.527122e-01
6.840000e-01  1.523320e-01
6.870000e-01  1.519532e-01
6.900000e-01  1.515757e-01
6.930000e-01  1.511996e-01
6.960000e-01  1.508249e-01
6.990000e-01  1.504514e-01
7.020000e-01  1.500792e-01
7.050000e-01  1.497083e-01
7.080000e-01  1.493387e-01
7.110000e-01  1.489703e-01
7.140000e-01  1.486031e-01
7.170000e-01  1.482372e-01
7.200000e-01  1.478724e-01
7.230000e-01  1.475088e-01
7.260000e-01  1.471464e-01
7.290000e-01  1.467851e-01
7.320000e-01  1.464250e-01
7.350000e-01  1.460660e-01
7.380000e-01  1.457081e-01
7.410000e-01  1.453513e-01
7.440000e-01  1.449955e-01
7.470000e-01  1.446409e-01
7.500000e-01  1.442873e-01
7.530000e-01  1.439347e-01
7.560000e-01  1.435831e-01
7.590000e-01  1.432326e-01
7.620000e-01  1.428830e-01
7.650000e-01  1.425344e-01
7.680000e-01  1.421868e-01
7.710000e-01  1.418402e-01
7.740000e-01  1.414944e-01
7.770000e-01  1.411497e-01
7.800000e-01  1.408058e-01
7.830000e-01  1.404628e-01
7.860000e-01  1.401207e-01
7.890000e-01  1.397795e-01
7.920000e-01  1.394392e-01
7.950000e-01  1.390997e-01
7.980000e-01  1.387611e-01
8.010000e-01  1.384232e-01
8.040000e-01  1.380862e-01
8.070000e-01  1.377500e-01
8.100000e-01  1.374146e-01
8.130000e-01  1.370800e-01
8.160000e-01  1.367461e-01
8.190000e-01  1.364130e-01
8.220000e-01  1.360806e-01
8.250000e-01  1.357489e-01
8.280000e-01  1.354180e-01
8.310000e-01  1.350878e-01
8.340000e-01  1.347582e-01
8.370000e-01  1.344294e-01
8.400000e-01  1.341012e-01
8.430000e-01  1.337737e-01
8.460000e-01  1.334468e-01
8.490000e-01  1.331205e-01
8.520000e-01  1.327949e-01
8.550000e-01  1.324699e-01
8.580000e-01  1.321455e-01
8.610000e-01  1.318217e-01
8.640000e-01  1.314985e-01
8.670000e-01  1.311758e-01
8.700000e-01  1.308537e-01
8.730000e-01  1.305321e-01
8.760000e-01  1.302111e-01
8.790000e-01  1.298905e-01
8.820000e-01  1.295705e-01
8.850000e-01  1.292510e-01
8.880000e-01  1.289320e-01
8.910000e-01  1.286134e-01
8.940000e-01  1.282954e-01
8.970000e-01  1.279777e-01
9.000000e-01  1.276605e-01
9.030000e-01  1.273438e-01
9.060000e-01  1.270274e-01
9.090000e-01  1.267115e-01
9.120000e-01  1.263959e-01
9.150000e-01  1.260808e-01
9.180000e-01  1.257660e-01
9.210000e-01  1.254515e-01
9.240000e-01  1.251374e-01
9.270000e-01  1.248237e-01
9.300000e-01  1.245103e-01
9.330000e-01  1.241972e-01
9.360000e-01  1.238844e-01
9.390000e-01  1.235718e-01
9.420000e-01  1.232596e-01
9.450000e-01  1.229476e-01
9.480000e-01  1.226359e-01
9.510000e-01  1.223244e-01
9.540000e-01  1.220131e-01
9.570000e-01  1.217021e-01
9.600000e-01  1.213913e-01
9.630000e-01  1.210806e-01
9.660000e-01  1.207701e-01
9.690000e-01  1.204598e-01
9.720000e-01  1.201497e-01
9.750000e-01  1.198397e-01
9.780000e-01  1.195298e-01
9.810000e-01  1.192200e-01
9.840000e-01  1.189103e-01
9.870000e-01  1.186007e-01
9.900000e-01  1.182912e-01
9.930000e-01  1.179817e-01
9.960000e-01  1.176723e-01
9.990000e-01  1.173629e-01
