000000  000001
3.000000e-03  8.090550e-01
6.000000e-03  7.247774e-01
9.000000e-03  6.712192e-01
1.200000e-02  6.323909e-01
1.500000e-02  6.021756e-01
1.800000e-02  5.775879e-01
2.100000e-02  5.569509e-01
2.400000e-02  5.392317e-01
2.700000e-02  5.237500e-01
3.000000e-02  5.100351e-01
3.300000e-02  4.977483e-01
3.600000e-02  4.866379e-01
3.900000e-02  4.765121e-01
4.200000e-02  4.672218e-01
4.500000e-02  4.586484e-01
4.800000e-02  4.506964e-01
5.100000e-02  4.432879e-01
5.400000e-02  4.363583e-01
5.700000e-02  4.298537e-01
6.000000e-02  4.237286e-01
6.300000e-02  4.179441e-01
6.600000e-02  4.124671e-01
6.900000e-02  4.072688e-01
7.200000e-02  4.023242e-01
7.500000e-02  3.976115e-01
7.800000e-02  3.931114e-01
8.100000e-02  3.888069e-01
8.400000e-02  3.846829e-01
8.700000e-02  3.807260e-01
9.000000e-02  3.769242e-01
9.300000e-02  3.732666e-01
9.600000e-02  3.697435e-01
9.900000e-02  3.663459e-01
1.020000e-01  3.630660e-01
1.050000e-01  3.598964e-01
1.080000e-01  3.568305e-01
1.110000e-01  3.538622e-01
1.140000e-01  3.509859e-01
1.170000e-01  3.481964e-01
1.200000e-01  3.454891e-01
1.230000e-01  3.428596e-01
1.260000e-01  3.403038e-01
1.290000e-01  3.378181e-01
1.320000e-01  3.353989e-01
1.350000e-01  3.330430e-01
1.380000e-01  3.307475e-01
1.410000e-01  3.285095e-01
1.440000e-01  3.263264e-01
1.470000e-01  3.241957e-01
1.500000e-01  3.221153e-01
1.530000e-01  3.200828e-01
1.560000e-01  3.180964e-01
1.590000e-01  3.161540e-01
1.620000e-01  3.142540e-01
1.650000e-01  3.123946e-01
1.680000e-01  3.105743e-01
1.710000e-01  3.087915e-01
1.740000e-01  3.070448e-01
1.770000e-01  3.053330e-01
1.800000e-01  3.036546e-01
1.830000e-01  3.020086e-01
1.860000e-01  3.003937e-01
1.890000e-01  2.988089e-01
1.920000e-01  2.972532e-01
1.950000e-01  2.957255e-01
1.980000e-01  2.942250e-01
2.010000e-01  2.927508e-01
2.040000e-01  2.913019e-01
2.070000e-01  2.898777e-01
2.100000e-01  2.884772e-01
2.130000e-01  2.870999e-01
2.160000e-01  2.857449e-01
2.190000e-01  2.844116e-01
2.220000e-01  2.830994e-01
2.250000e-01  2.818077e-01
2.280000e-01  2.805358e-01
2.310000e-01  2.792832e-01
2.340000e-01  2.780493e-01
2.370000e-01  2.768337e-01
2.400000e-01  2.756358e-01
2.430000e-01  2.744551e-01
2.460000e-01  2.732911e-01
2.490000e-01  2.721436e-01
2.520000e-01  2.710119e-01
2.550000e-01  2.698956e-01
2.580000e-01  2.687945e-01
2.610000e-01  2.677081e-01
2.640000e-01  2.666361e-01
2.670000e-01  2.655780e-01
2.700000e-01  2.645336e-01
2.730000e-01  2.635024e-01
2.760000e-01  2.624843e-01
2.790000e-01  2.614788e-01
2.820000e-01  2.604858e-01
2.850000e-01  2.595048e-01
2.880000e-01  2.585357e-01
2.910000e-01  2.575781e-01
2.940000e-01  2.566317e-01
2.970000e-01  2.556965e-01
3.000000e-01  2.547720e-01
3.030000e-01  2.538581e-01
3.060000e-01  2.529545e-01
3.090000e-01  2.520610e-01
3.120000e-01  2.511774e-01
3.150000e-01  2.503034e-01
3.180000e-01  2.494390e-01
3.210000e-01  2.485839e-01
3.240000e-01  2.477378e-01
3.270000e-01  2.469006e-01
3.300000e-01  2.460722e-01
3.330000e-01  2.452524e-01
3.360000e-01  2.444409e-01
3.390000e-01  2.436376e-01
3.420000e-01  2.428424e-01
3.450000e-01  2.420551e-01
3.480000e-01  2.412756e-01
3.510000e-01  2.405036e-01
3.540000e-01  2.397392e-01
3.570000e-01  2.389820e-01
3.600000e-01  2.382321e-01
3.630000e-01  2.374892e-01
3.660000e-01  2.367532e-01
3.690000e-01  2.360241e-01
3.720000e-01  2.353016e-01
3.750000e-01  2.345857e-01
3.780000e-01  2.338762e-01
3.810000e-01  2.331731e-01
3.840000e-01  2.324762e-01
3.870000e-01  2.317854e-01
3.900000e-01  2.311006e-01
3.930000e-01  2.304217e-01
3.960000e-01  2.297487e-01
3.990000e-01  2.290813e-01
4.020000e-01  2.284196e-01
4.050000e-01  2.277634e-01
4.080000e-01  2.271126e-01
4.110000e-01  2.264672e-01
4.140000e-01  2.258270e-01
4.170000e-01  2.251920e-01
4.200000e-01  2.245621e-01
4.230000e-01  2.239372e-01
4.260000e-01  2.233173e-01
4.290000e-01  2.227022e-01
4.320000e-01  2.220918e-01
4.350000e-01  2.214862e-01
4.380000e-01  2.208853e-01
4.410000e-01  2.202888e-01
4.440000e-01  2.196969e-01
4.470000e-01  2.191094e-01
4.500000e-01  2.185263e-01
4.530000e-01  2.179475e-01
4.560000e-01  2.173729e-01
4.590000e-01  2.168025e-01
4.620000e-01  2.162362e-01
4.650000e-01  2.156739e-01
4.680000e-01  2.151156e-01
4.710000e-01  2.145613e-01
4.740000e-01  2.140108e-01
4.770000e-01  2.134642e-01
4.800000e-01  2.129213e-01
4.830000e-01  2.123822e-01
4.860000e-01  2.118467e-01
4.890000e-01  2.113149e-01
4.920000e-01  2.107866e-01
4.950000e-01  2.102618e-01
4.980000e-01  2.097405e-01
5.010000e-01  2.092227e-01
5.040000e-01  2.087082e-01
5.070000e-01  2.081970e-01
5.100000e-01  2.076891e-01
5.130000e-01  2.071845e-01
5.160000e-01  2.066831e-01
5.190000e-01  2.061848e-01
5.220000e-01  2.056896e-01
5.250000e-01  2.051976e-01
5.280000e-01  2.047085e-01
5.310000e-01  2.042225e-01
5.340000e-01  2.037395e-01
5.370000e-01  2.032593e-01
5.400000e-01  2.027821e-01
5.430000e-01  2.023077e-01
5.460000e-01  2.018361e-01
5.490000e-01  2.013673e-01
5.520000e-01  2.009012e-01
5.550000e-01  2.004379e-01
5.580000e-01  1.999772e-01
5.610000e-01  1.995192e-01
5.640000e-01  1.990638e-01
5.670000e-01  1.986110e-01
5.700000e-01  1.981608e-01
5.730000e-01  1.977130e-01
5.760000e-01  1.972678e-01
5.790000e-01  1.968250e-01
5.820000e-01  1.963847e-01
5.850000e-01  1.959467e-01
5.880000e-01  1.955112e-01
5.910000e-01  1.950780e-01
5.940000e-01  1.946471e-01
5.970000e-01  1.942185e-01
6.000000e-01  1.937922e-01
6.030000e-01  1.933681e-01
6.060000e-01  1.929462e-01
6.090000e-01  1.925266e-01
6.120000e-01  1.921091e-01
6.150000e-01  1.916937e-01
6.180000e-01  1.912805e-01
6.210000e-01  1.908694e-01
6.240000e-01  1.904603e-01
6.270000e-01  1.900533e-01
6.300000e-01  1.896483e-01
6.330000e-01  1.892454e-01
6.360000e-01  1.888444e-01
6.390000e-01  1.884454e-01
6.420000e-01  1.880483e-01
6.450000e-01  1.876531e-01
6.480000e-01  1.872598e-01
6.510000e-01  1.868685e-01
6.540000e-01  1.864789e-01
6.570000e-01  1.860913e-01
6.600000e-01  1.857054e-01
6.630000e-01  1.853213e-01
6.660000e-01  1.849391e-01
6.690000e-01  1.845585e-01
6.720000e-01  1.841798e-01
6.750000e-01  1.838027e-01
6.780000e-01  1.834274e-01
6.810000e-01  1.830538e-01
6.840000e-01  1.826818e-01
6.870000e-01  1.823115e-01
6.900000e-01  1.819428e-01
6.930000e-01  1.815758e-01
6.960000e-01  1.812103e-01
6.990000e-01  1.808465e-01
7.020000e-01  1.804842e-01
7.050000e-01  1.801235e-01
7.080000e-01  1.797644e-01
7.110000e-01  1.794067e-01
7.140000e-01  1.790506e-01
7.170000e-01  1.786960e-01
7.200000e-01  1.783428e-01
7.230000e-01  1.779912e-01
7.260000e-01  1.776410e-01
7.290000e-01  1.772922e-01
7.320000e-01  1.769448e-01
7.350000e-01  1.765989e-01
7.380000e-01  1.762543e-01
7.410000e-01  1.759112e-01
7.440000e-01  1.755694e-01
7.470000e-01  1.752290e-01
7.500000e-01  1.748899e-01
7.530000e-01  1.745521e-01
7.560000e-01  1.742157e-01
7.590000e-01  1.738806e-01
7.620000e-01  1.735468e-01
7.650000e-01  1.732142e-01
7.680000e-01  1.728829e-01
7.710000e-01  1.725529e-01
7.740000e-01  1.722242e-01
7.770000e-01  1.718966e-01
7.800000e-01  1.715703e-01
7.830000e-01  1.712452e-01
7.860000e-01  1.709213e-01
7.890000e-01  1.705986e-01
7.920000e-01  1.702771e-01
7.950000e-01  1.699567e-01
7.980000e-01  1.696375e-01
8.010000e-01  1.693195e-01
8.040000e-01  1.690025e-01
8.070000e-01  1.686867e-01
8.100000e-01  1.683721e-01
8.130000e-01  1.680585e-01
8.160000e-01  1.677460e-01
8.190000e-01  1.674346e-01
8.220000e-01  1.671243e-01
8.250000e-01  1.668150e-01
8.280000e-01  1.665068e-01
8.310000e-01  1.661997e-01
8.340000e-01  1.658935e-01
8.370000e-01  1.655885e-01
8.400000e-01  1.652844e-01
8.430000e-01  1.649813e-01
8.460000e-01  1.646793e-01
8.490000e-01  1.643782e-01
8.520000e-01  1.640781e-01
8.550000e-01  1.637790e-01
8.580000e-01  1.634808e-01
8.610000e-01  1.631836e-01
8.640000e-01  1.628874e-01
8.670000e-01  1.625921e-01
8.700000e-01  1.622977e-01
8.730000e-01  1.620042e-01
8.760000e-01  1.617117e-01
8.790000e-01  1.614201e-01
8.820000e-01  1.611293e-01
8.850000e-01  1.608395e-01
8.880000e-01  1.605505e-01
8.910000e-01  1.602624e-01
8.940000e-01  1.599752e-01
8.970000e-01  1.596888e-01
9.000000e-01  1.594033e-01
9.030000e-01  1.591187e-01
9.060000e-01  1.588349e-01
9.090000e-01  1.585519e-01
9.120000e-01  1.582697e-01
9.150000e-01  1.579883e-01
9.180000e-01  1.577078e-01
9.210000e-01  1.574280e-01
9.240000e-01  1.571491e-01
9.270000e-01  1.568709e-01
9.300000e-01  1.565935e-01
9.330000e-01  1.563169e-01
9.360000e-01  1.560411e-01
9.390000e-01  1.557660e-01
9.420000e-01  1.554916e-01
9.450000e-01  1.552181e-01
9.480000e-01  1.549452e-01
9.510000e-01  1.546731e-01
9.540000e-01  1.544017e-01
9.570000e-01  1.541311e-01
9.600000e-01  1.538611e-01
9.630000e-01  1.535919e-01
9.660000e-01  1.533233e-01
9.690000e-01  1.530555e-01
9.720000e-01  1.527884e-01
9.750000e-01  1.525219e-01
9.780000e-01  1.522561e-01
9.810000e-01  1.519910e-01
9.840000e-01  1.517266e-01
9.870000e-01  1.514628e-01
9.900000e-01  1.511996e-01
9.930000e-01  1.509372e-01
9.960000e-01  1.506753e-01
9.990000e-01  1.504141e-01
