000000  000001
3.000000e-03  8.910702e-01
6.000000e-03  8.261304e-01
9.000000e-03  7.800566e-01
1.200000e-02  7.445282e-01
1.500000e-02  7.157324e-01
1.800000e-02  6.916013e-01
2.100000e-02  6.708877e-01
2.400000e-02  6.527817e-01
2.700000e-02  6.367284e-01
3.000000e-02  6.223310e-01
3.300000e-02  6.092961e-01
3.600000e-02  5.974011e-01
3.900000e-02  5.864731e-01
4.200000e-02  5.763749e-01
4.500000e-02  5.669964e-01
4.800000e-02  5.582475e-01
5.100000e-02  5.500537e-01
5.400000e-02  5.423530e-01
5.700000e-02  5.350927e-01
6.000000e-02  5.282282e-01
6.300000e-02  5.217211e-01
6.600000e-02  5.155384e-01
6.900000e-02  5.096511e-01
7.200000e-02  5.040340e-01
7.500000e-02  4.986649e-01
7.800000e-02  4.935242e-01
8.100000e-02  4.885944e-01
8.400000e-02  4.838600e-01
8.700000e-02  4.793070e-01
9.000000e-02  4.749229e-01
9.300000e-02  4.706964e-01
9.600000e-02  4.666173e-01
9.900000e-02  4.626762e-01
1.020000e-01  4.588648e-01
1.050000e-01  4.551752e-01
1.080000e-01  4.516003e-01
1.110000e-01  4.481338e-01
1.140000e-01  4.447697e-01
1.170000e-01  4.415024e-01
1.200000e-01  4.383268e-01
1.230000e-01  4.352383e-01
1.260000e-01  4.322325e-01
1.290000e-01  4.293053e-01
1.320000e-01  4.264531e-01
1.350000e-01  4.236722e-01
1.380000e-01  4.209595e-01
1.410000e-01  4.183118e-01
1.440000e-01  4.157262e-01
1.470000e-01  4.132002e-01
1.500000e-01  4.107312e-01
1.530000e-01  4.083168e-01
1.560000e-01  4.059548e-01
1.590000e-01  4.036431e-01
1.620000e-01  4.013797e-01
1.650000e-01  3.991628e-01
1.680000e-01  3.969906e-01
1.710000e-01  3.948614e-01
1.740000e-01  3.927737e-01
1.770000e-01  3.907259e-01
1.800000e-01  3.887166e-01
1.830000e-01  3.867446e-01
1.860000e-01  3.848085e-01
1.890000e-01  3.829071e-01
1.920000e-01  3.810392e-01
1.950000e-01  3.792038e-01
1.980000e-01  3.773997e-01
2.010000e-01  3.756261e-01
2.040000e-01  3.738819e-01
2.070000e-01  3.721663e-01
2.100000e-01  3.704782e-01
2.130000e-01  3.688170e-01
2.160000e-01  3.671819e-01
2.190000e-01  3.655720e-01
2.220000e-01  3.639866e-01
2.250000e-01  3.624250e-01
2.280000e-01  3.608866e-01
2.310000e-01  3.593707e-01
2.340000e-01  3.578768e-01
2.370000e-01  3.564040e-01
2.400000e-01  3.549521e-01
2.430000e-01  3.535203e-01
2.460000e-01  3.521081e-01
2.490000e-01  3.507151e-01
2.520000e-01  3.493407e-01
2.550000e-01  3.479845e-01
2.580000e-01  3.466461e-01
2.610000e-01  3.453249e-01
2.640000e-01  3.440205e-01
2.670000e-01  3.427327e-01
2.700000e-01  3.414608e-01
2.730000e-01  3.402047e-01
2.760000e-01  3.389638e-01
2.790000e-01  3.377379e-01
2.820000e-01  3.365266e-01
2.850000e-01  3.353296e-01
2.880000e-01  3.341466e-01
2.910000e-01  3.329772e-01
2.940000e-01  3.318211e-01
2.970000e-01  3.306781e-01
3.000000e-01  3.295479e-01
3.030000e-01  3.284301e-01
3.060000e-01  3.273246e-01
3.090000e-01  3.262311e-01
3.120000e-01  3.251493e-01
3.150000e-01  3.240790e-01
3.180000e-01  3.230199e-01
3.210000e-01  3.219719e-01
3.240000e-01  3.209346e-01
3.270000e-01  3.199079e-01
3.300000e-01  3.188916e-01
3.330000e-01  3.178855e-01
3.360000e-01  3.168894e-01
3.390000e-01  3.159030e-01
3.420000e-01  3.149263e-01
3.450000e-01  3.139589e-01
3.480000e-01  3.130008e-01
3.510000e-01  3.120518e-01
3.540000e-01  3.111116e-01
3.570000e-01  3.101802e-01
3.600000e-01  3.092574e-01
3.630000e-01  3.083430e-01
3.660000e-01  3.074369e-01
3.690000e-01  3.065389e-01
3.720000e-01  3.056489e-01
3.750000e-01  3.047668e-01
3.780000e-01  3.038923e-01
3.810000e-01  3.030254e-01
3.840000e-01  3.021660e-01
3.870000e-01  3.013139e-01
3.900000e-01  3.004690e-01
3.930000e-01  2.996312e-01
3.960000e-01  2.988003e-01
3.990000e-01  2.979763e-01
4.020000e-01  2.971591e-01
4.050000e-01  2.963484e-01
4.080000e-01  2.955443e-01
4.110000e-01  2.947466e-01
4.140000e-01  2.939552e-01
4.170000e-01  2.931700e-01
4.200000e-01  2.923909e-01
4.230000e-01  2.916179e-01
4.260000e-01  2.908508e-01
4.290000e-01  2.900895e-01
4.320000e-01  2.893339e-01
4.350000e-01  2.885841e-01
4.380000e-01  2.878398e-01
4.410000e-01  2.871010e-01
4.440000e-01  2.863676e-01
4.470000e-01  2.856396e-01
4.500000e-01  2.849168e-01
4.530000e-01  2.841991e-01
4.560000e-01  2.834866e-01
4.590000e-01  2.827791e-01
4.620000e-01  2.820766e-01
4.650000e-01  2.813789e-01
4.680000e-01  2.806861e-01
4.710000e-01  2.799980e-01
4.740000e-01  2.793146e-01
4.770000e-01  2.786359e-01
4.800000e-01  2.779616e-01
4.830000e-01  2.772919e-01
4.860000e-01  2.766266e-01
4.890000e-01  2.759657e-01
4.920000e-01  2.753091e-01
4.950000e-01  2.746567e-01
4.980000e-01  2.740085e-01
5.010000e-01  2.733645e-01
5.040000e-01  2.727246e-01
5.070000e-01  2.720886e-01
5.100000e-01  2.714567e-01
5.130000e-01  2.708287e-01
5.160000e-01  2.702046e-01
5.190000e-01  2.695843e-01
5.220000e-01  2.689678e-01
5.250000e-01  2.683550e-01
5.280000e-01  2.677459e-01
5.310000e-01  2.671405e-01
5.340000e-01  2.665386e-01
5.370000e-01  2.659403e-01
5.400000e-01  2.653454e-01
5.430000e-01  2.647541e-01
5.460000e-01  2.641661e-01
5.490000e-01  2.635816e-01
5.520000e-01  2.630003e-01
5.550000e-01  2.624224e-01
5.580000e-01  2.618477e-01
5.610000e-01  2.612763e-01
5.640000e-01  2.607080e-01
5.670000e-01  2.601428e-01
5.700000e-01  2.595808e-01
5.730000e-01  2.590218e-01
5.760000e-01  2.584659e-01
5.790000e-01  2.579129e-01
5.820000e-01  2.573629e-01
5.850000e-01  2.568159e-01
5.880000e-01  2.562717e-01
5.910000e-01  2.557304e-01
5.940000e-01  2.551919e-01
5.970000e-01  2.546562e-01
6.000000e-01  2.541233e-01
6.030000e-01  2.535931e-01
6.060000e-01  2.530656e-01
6.090000e-01  2.525408e-01
6.120000e-01  2.520186e-01
6.150000e-01  2.514990e-01
6.180000e-01  2.509821e-01
6.210000e-01  2.504677e-01
6.240000e-01  2.499558e-01
6.270000e-01  2.494464e-01
6.300000e-01  2.489395e-01
6.330000e-01  2.484350e-01
6.360000e-01  2.479329e-01
6.390000e-01  2.474333e-01
6.420000e-01  2.469360e-01
6.450000e-01  2.464410e-01
6.480000e-01  2.459484e-01
6.510000e-01  2.454581e-01
6.540000e-01  2.449700e-01
6.570000e-01  2.444842e-01
6.600000e-01  2.440006e-01
6.630000e-01  2.435192e-01
6.660000e-01  2.430400e-01
6.690000e-01  2.425629e-01
6.720000e-01  2.420880e-01
6.750000e-01  2.416152e-01
6.780000e-01  2.411445e-01
6.810000e-01  2.406758e-01
6.840000e-01  2.402092e-01
6.870000e-01  2.397446e-01
6.900000e-01  2.392821e-01
6.930000e-01  2.388215e-01
6.960000e-01  2.383629e-01
6.990000e-01  2.379062e-01
7.020000e-01  2.374514e-01
7.050000e-01  2.369986e-01
7.080000e-01  2.365477e-01
7.110000e-01  2.360986e-01
7.140000e-01  2.356514e-01
7.170000e-01  2.352060e-01
7.200000e-01  2.347624e-01
7.230000e-01  2.343206e-01
7.260000e-01  2.338806e-01
7.290000e-01  2.334424e-01
7.320000e-01  2.330059e-01
7.350000e-01  2.325712e-01
7.380000e-01  2.321381e-01
7.410000e-01  2.317068e-01
7.440000e-01  2.312771e-01
7.470000e-01  2.308492e-01
7.500000e-01  2.304228e-01
7.530000e-01  2.299981e-01
7.560000e-01  2.295750e-01
7.590000e-01  2.291535e-01
7.620000e-01  2.287336e-01
7.650000e-01  2.283153e-01
7.680000e-01  2.278985e-01
7.710000e-01  2.274833e-01
7.740000e-01  2.270697e-01
7.770000e-01  2.266575e-01
7.800000e-01  2.262468e-01
7.830000e-01  2.258376e-01
7.860000e-01  2.254299e-01
7.890000e-01  2.250237e-01
7.920000e-01  2.246189e-01
7.950000e-01  2.242155e-01
7.980000e-01  2.238136e-01
8.010000e-01  2.234131e-01
8.040000e-01  2.230139e-01
8.070000e-01  2.226162e-01
8.100000e-01  2.222198e-01
8.130000e-01  2.218248e-01
8.160000e-01  2.214311e-01
8.190000e-01  2.210387e-01
8.220000e-01  2.206477e-01
8.250000e-01  2.202580e-01
8.280000e-01  2.198696e-01
8.310000e-01  2.194825e-01
8.340000e-01  2.190966e-01
8.370000e-01  2.187120e-01
8.400000e-01  2.183287e-01
8.430000e-01  2.179466e-01
8.460000e-01  2.175658e-01
8.490000e-01  2.171861e-01
8.520000e-01  2.168077e-01
8.550000e-01  2.164304e-01
8.580000e-01  2.160544e-01
8.610000e-01  2.156795e-01
8.640000e-01  2.153058e-01
8.670000e-01  2.149333e-01
8.700000e-01  2.145619e-01
8.730000e-01  2.141916e-01
8.760000e-01  2.138225e-01
8.790000e-01  2.134545e-01
8.820000e-01  2.130876e-01
8.850000e-01  2.127218e-01
8.880000e-01  2.123571e-01
8.910000e-01  2.119934e-01
8.940000e-01  2.116309e-01
8.970000e-01  2.112694e-01
9.000000e-01  2.109089e-01
9.030000e-01  2.105495e-01
9.060000e-01  2.101911e-01
9.090000e-01  2.098337e-01
9.120000e-01  2.094774e-01
9.150000e-01  2.091221e-01
9.180000e-01  2.087677e-01
9.210000e-01  2.084144e-01
9.240000e-01  2.080620e-01
9.270000e-01  2.077106e-01
9.300000e-01  2.073602e-01
9.330000e-01  2.070107e-01
9.360000e-01  2.066622e-01
9.390000e-01  2.063146e-01
9.420000e-01  2.059679e-01
9.450000e-01  2.056222e-01
9.480000e-01  2.052773e-01
9.510000e-01  2.049334e-01
9.540000e-01  2.045904e-01
9.570000e-01  2.042483e-01
9.600000e-01  2.039070e-01
9.630000e-01  2.035667e-01
9.660000e-01  2.032272e-01
9.690000e-01  2.028886e-01
9.720000e-01  2.025508e-01
9.750000e-01  2.022139e-01
9.780000e-01  2.018778e-01
9.810000e-01  2.015425e-01
9.840000e-01  2.012081e-01
9.870000e-01  2.008744e-01
9.900000e-01  2.005416e-01
9.930000e-01  2.002096e-01
9.960000e-01  1.998784e-01
9.990000e-01  1.995480e-01
