000000  000001
3.000000e-03  8.946290e-01
6.000000e-03  8.309188e-01
9.000000e-03  7.854341e-01
1.200000e-02  7.502307e-01
1.500000e-02  7.216277e-01
1.800000e-02  6.976151e-01
2.100000e-02  6.769747e-01
2.400000e-02  6.589132e-01
2.700000e-02  6.428850e-01
3.000000e-02  6.284994e-01
3.300000e-02  6.154671e-01
3.600000e-02  6.035680e-01
3.900000e-02  5.926311e-01
4.200000e-02  5.825205e-01
4.500000e-02  5.731271e-01
4.800000e-02  5.643614e-01
5.100000e-02  5.561496e-01
5.400000e-02  5.484298e-01
5.700000e-02  5.411499e-01
6.000000e-02  5.342653e-01
6.300000e-02  5.277380e-01
6.600000e-02  5.215348e-01
6.900000e-02  5.156271e-01
7.200000e-02  5.099897e-01
7.500000e-02  5.046004e-01
7.800000e-02  4.994397e-01
8.100000e-02  4.944901e-01
8.400000e-02  4.897362e-01
8.700000e-02  4.851640e-01
9.000000e-02  4.807610e-01
9.300000e-02  4.765158e-01
9.600000e-02  4.724184e-01
9.900000e-02  4.684593e-01
1.020000e-01  4.646301e-01
1.050000e-01  4.609231e-01
1.080000e-01  4.573312e-01
1.110000e-01  4.538479e-01
1.140000e-01  4.504673e-01
1.170000e-01  4.471838e-01
1.200000e-01  4.439924e-01
1.230000e-01  4.408883e-01
1.260000e-01  4.378673e-01
1.290000e-01  4.349251e-01
1.320000e-01  4.320582e-01
1.350000e-01  4.292629e-01
1.380000e-01  4.265360e-01
1.410000e-01  4.238743e-01
1.440000e-01  4.212752e-01
1.470000e-01  4.187358e-01
1.500000e-01  4.162536e-01
1.530000e-01  4.138263e-01
1.560000e-01  4.114516e-01
1.590000e-01  4.091275e-01
1.620000e-01  4.068519e-01
1.650000e-01  4.046229e-01
1.680000e-01  4.024389e-01
1.710000e-01  4.002982e-01
1.740000e-01  3.981990e-01
1.770000e-01  3.961401e-01
1.800000e-01  3.941199e-01
1.830000e-01  3.921371e-01
1.860000e-01  3.901903e-01
1.890000e-01  3.882785e-01
1.920000e-01  3.864004e-01
1.950000e-01  3.845549e-01
1.980000e-01  3.827409e-01
2.010000e-01  3.809576e-01
2.040000e-01  3.792038e-01
2.070000e-01  3.774787e-01
2.100000e-01  3.757814e-01
2.130000e-01  3.741111e-01
2.160000e-01  3.724670e-01
2.190000e-01  3.708483e-01
2.220000e-01  3.692542e-01
2.250000e-01  3.676841e-01
2.280000e-01  3.661373e-01
2.310000e-01  3.646132e-01
2.340000e-01  3.631111e-01
2.370000e-01  3.616304e-01
2.400000e-01  3.601705e-01
2.430000e-01  3.587310e-01
2.460000e-01  3.573112e-01
2.490000e-01  3.559106e-01
2.520000e-01  3.545289e-01
2.550000e-01  3.531654e-01
2.580000e-01  3.518198e-01
2.610000e-01  3.504915e-01
2.640000e-01  3.491802e-01
2.670000e-01  3.478855e-01
2.700000e-01  3.466070e-01
2.730000e-01  3.453442e-01
2.760000e-01  3.440968e-01
2.790000e-01  3.428645e-01
2.820000e-01  3.416469e-01
2.850000e-01  3.404436e-01
2.880000e-01  3.392544e-01
2.910000e-01  3.380790e-01
2.940000e-01  3.369169e-01
2.970000e-01  3.357681e-01
3.000000e-01  3.346321e-01
3.030000e-01  3.335086e-01
3.060000e-01  3.323975e-01
3.090000e-01  3.312984e-01
3.120000e-01  3.302112e-01
3.150000e-01  3.291355e-01
3.180000e-01  3.280712e-01
3.210000e-01  3.270179e-01
3.240000e-01  3.259755e-01
3.270000e-01  3.249438e-01
3.300000e-01  3.239225e-01
3.330000e-01  3.229115e-01
3.360000e-01  3.219105e-01
3.390000e-01  3.209194e-01
3.420000e-01  3.199380e-01
3.450000e-01  3.189660e-01
3.480000e-01  3.180034e-01
3.510000e-01  3.170499e-01
3.540000e-01  3.161053e-01
3.570000e-01  3.151696e-01
3.600000e-01  3.142425e-01
3.630000e-01  3.133239e-01
3.660000e-01  3.124136e-01
3.690000e-01  3.115115e-01
3.720000e-01  3.106175e-01
3.750000e-01  3.097313e-01
3.780000e-01  3.088530e-01
3.810000e-01  3.079823e-01
3.840000e-01  3.071191e-01
3.870000e-01  3.062632e-01
3.900000e-01  3.054146e-01
3.930000e-01  3.045732e-01
3.960000e-01  3.037388e-01
3.990000e-01  3.029113e-01
4.020000e-01  3.020905e-01
4.050000e-01  3.012765e-01
4.080000e-01  3.004690e-01
4.110000e-01  2.996680e-01
4.140000e-01  2.988734e-01
4.170000e-01  2.980850e-01
4.200000e-01  2.973028e-01
4.230000e-01  2.965267e-01
4.260000e-01  2.957565e-01
4.290000e-01  2.949922e-01
4.320000e-01  2.942338e-01
4.350000e-01  2.934810e-01
4.380000e-01  2.927339e-01
4.410000e-01  2.919923e-01
4.440000e-01  2.912561e-01
4.470000e-01  2.905254e-01
4.500000e-01  2.897999e-01
4.530000e-01  2.890797e-01
4.560000e-01  2.883646e-01
4.590000e-01  2.876546e-01
4.620000e-01  2.869496e-01
4.650000e-01  2.862495e-01
4.680000e-01  2.855543e-01
4.710000e-01  2.848638e-01
4.740000e-01  2.841781e-01
4.770000e-01  2.834970e-01
4.800000e-01  2.828206e-01
4.830000e-01  2.821487e-01
4.860000e-01  2.814812e-01
4.890000e-01  2.808182e-01
4.920000e-01  2.801595e-01
4.950000e-01  2.795051e-01
4.980000e-01  2.788550e-01
5.010000e-01  2.782090e-01
5.040000e-01  2.775671e-01
5.070000e-01  2.769294e-01
5.100000e-01  2.762956e-01
5.130000e-01  2.756658e-01
5.160000e-01  2.750399e-01
5.190000e-01  2.744179e-01
5.220000e-01  2.737997e-01
5.250000e-01  2.731853e-01
5.280000e-01  2.725746e-01
5.310000e-01  2.719675e-01
5.340000e-01  2.713641e-01
5.370000e-01  2.707643e-01
5.400000e-01  2.701680e-01
5.430000e-01  2.695752e-01
5.460000e-01  2.689859e-01
5.490000e-01  2.683999e-01
5.520000e-01  2.678174e-01
5.550000e-01  2.672382e-01
5.580000e-01  2.666622e-01
5.610000e-01  2.660895e-01
5.640000e-01  2.655200e-01
5.670000e-01  2.649537e-01
5.700000e-01  2.643905e-01
5.730000e-01  2.638305e-01
5.760000e-01  2.632735e-01
5.790000e-01  2.627195e-01
5.820000e-01  2.621685e-01
5.850000e-01  2.616204e-01
5.880000e-01  2.610753e-01
5.910000e-01  2.605331e-01
5.940000e-01  2.599938e-01
5.970000e-01  2.594572e-01
6.000000e-01  2.589235e-01
6.030000e-01  2.583925e-01
6.060000e-01  2.578643e-01
6.090000e-01  2.573387e-01
6.120000e-01  2.568159e-01
6.150000e-01  2.562956e-01
6.180000e-01  2.557780e-01
6.210000e-01  2.552630e-01
6.240000e-01  2.547506e-01
6.270000e-01  2.542406e-01
6.300000e-01  2.537332e-01
6.330000e-01  2.532282e-01
6.360000e-01  2.527257e-01
6.390000e-01  2.522256e-01
6.420000e-01  2.517280e-01
6.450000e-01  2.512326e-01
6.480000e-01  2.507397e-01
6.510000e-01  2.502490e-01
6.540000e-01  2.497607e-01
6.570000e-01  2.492746e-01
6.600000e-01  2.487908e-01
6.630000e-01  2.483092e-01
6.660000e-01  2.478299e-01
6.690000e-01  2.473527e-01
6.720000e-01  2.468776e-01
6.750000e-01  2.464047e-01
6.780000e-01  2.459340e-01
6.810000e-01  2.454653e-01
6.840000e-01  2.449986e-01
6.870000e-01  2.445341e-01
6.900000e-01  2.440716e-01
6.930000e-01  2.436111e-01
6.960000e-01  2.431526e-01
6.990000e-01  2.426960e-01
7.020000e-01  2.422414e-01
7.050000e-01  2.417888e-01
7.080000e-01  2.413381e-01
7.110000e-01  2.408892e-01
7.140000e-01  2.404423e-01
7.170000e-01  2.399972e-01
7.200000e-01  2.395539e-01
7.230000e-01  2.391125e-01
7.260000e-01  2.386729e-01
7.290000e-01  2.382351e-01
7.320000e-01  2.377990e-01
7.350000e-01  2.373647e-01
7.380000e-01  2.369322e-01
7.410000e-01  2.365013e-01
7.440000e-01  2.360722e-01
7.470000e-01  2.356448e-01
7.500000e-01  2.352190e-01
7.530000e-01  2.347949e-01
7.560000e-01  2.343725e-01
7.590000e-01  2.339517e-01
7.620000e-01  2.335325e-01
7.650000e-01  2.331149e-01
7.680000e-01  2.326989e-01
7.710000e-01  2.322844e-01
7.740000e-01  2.318715e-01
7.770000e-01  2.314602e-01
7.800000e-01  2.310504e-01
7.830000e-01  2.306420e-01
7.860000e-01  2.302352e-01
7.890000e-01  2.298299e-01
7.920000e-01  2.294261e-01
7.950000e-01  2.290237e-01
7.980000e-01  2.286228e-01
8.010000e-01  2.282233e-01
8.040000e-01  2.278252e-01
8.070000e-01  2.274285e-01
8.100000e-01  2.270332e-01
8.130000e-01  2.266393e-01
8.160000e-01  2.262468e-01
8.190000e-01  2.258557e-01
8.220000e-01  2.254658e-01
8.250000e-01  2.250774e-01
8.280000e-01  2.246902e-01
8.310000e-01  2.243044e-01
8.340000e-01  2.239198e-01
8.370000e-01  2.235366e-01
8.400000e-01  2.231546e-01
8.430000e-01  2.227739e-01
8.460000e-01  2.223945e-01
8.490000e-01  2.220163e-01
8.520000e-01  2.216393e-01
8.550000e-01  2.212636e-01
8.580000e-01  2.208891e-01
8.610000e-01  2.205158e-01
8.640000e-01  2.201436e-01
8.670000e-01  2.197727e-01
8.700000e-01  2.194029e-01
8.730000e-01  2.190343e-01
8.760000e-01  2.186669e-01
8.790000e-01  2.183006e-01
8.820000e-01  2.179354e-01
8.850000e-01  2.175713e-01
8.880000e-01  2.172084e-01
8.910000e-01  2.168466e-01
8.940000e-01  2.164858e-01
8.970000e-01  2.161262e-01
9.000000e-01  2.157676e-01
9.030000e-01  2.154101e-01
9.060000e-01  2.150537e-01
9.090000e-01  2.146983e-01
9.120000e-01  2.143440e-01
9.150000e-01  2.139907e-01
9.180000e-01  2.136384e-01
9.210000e-01  2.132871e-01
9.240000e-01  2.129368e-01
9.270000e-01  2.125876e-01
9.300000e-01  2.122393e-01
9.330000e-01  2.118920e-01
9.360000e-01  2.115457e-01
9.390000e-01  2.112004e-01
9.420000e-01  2.108560e-01
9.450000e-01  2.105125e-01
9.480000e-01  2.101700e-01
9.510000e-01  2.098285e-01
9.540000e-01  2.094879e-01
9.570000e-01  2.091481e-01
9.600000e-01  2.088093e-01
9.630000e-01  2.084715e-01
9.660000e-01  2.081345e-01
9.690000e-01  2.077983e-01
9.720000e-01  2.074631e-01
9.750000e-01  2.071288e-01
9.780000e-01  2.067953e-01
9.810000e-01  2.064627e-01
9.840000e-01  2.061309e-01
9.870000e-01  2.058000e-01
9.900000e-01  2.054699e-01
9.930000e-01  2.051407e-01
9.960000e-01  2.048123e-01
9.990000e-01  2.044847e-01
