000000  000001
3.000000e-03  9.049389e-01
6.000000e-03  8.450221e-01
9.000000e-03  8.014190e-01
1.200000e-02  7.672832e-01
1.500000e-02  7.393316e-01
1.800000e-02  7.157324e-01
2.100000e-02  6.953589e-01
2.400000e-02  6.774690e-01
2.700000e-02  6.615480e-01
3.000000e-02  6.472248e-01
3.300000e-02  6.342228e-01
3.600000e-02  6.223310e-01
3.900000e-02  6.113841e-01
4.200000e-02  6.012510e-01
4.500000e-02  5.918255e-01
4.800000e-02  5.830207e-01
5.100000e-02  5.747645e-01
5.400000e-02  5.669964e-01
5.700000e-02  5.596652e-01
6.000000e-02  5.527273e-01
6.300000e-02  5.461452e-01
6.600000e-02  5.398863e-01
6.900000e-02  5.339222e-01
7.200000e-02  5.282282e-01
7.500000e-02  5.227823e-01
7.800000e-02  5.175651e-01
8.100000e-02  5.125594e-01
8.400000e-02  5.077498e-01
8.700000e-02  5.031224e-01
9.000000e-02  4.986649e-01
9.300000e-02  4.943658e-01
9.600000e-02  4.902152e-01
9.900000e-02  4.862037e-01
1.020000e-01  4.823228e-01
1.050000e-01  4.785649e-01
1.080000e-01  4.749229e-01
1.110000e-01  4.713904e-01
1.140000e-01  4.679612e-01
1.170000e-01  4.646301e-01
1.200000e-01  4.613917e-01
1.230000e-01  4.582416e-01
1.260000e-01  4.551752e-01
1.290000e-01  4.521885e-01
1.320000e-01  4.492777e-01
1.350000e-01  4.464393e-01
1.380000e-01  4.436701e-01
1.410000e-01  4.409669e-01
1.440000e-01  4.383268e-01
1.470000e-01  4.357472e-01
1.500000e-01  4.332255e-01
1.530000e-01  4.307593e-01
1.560000e-01  4.283465e-01
1.590000e-01  4.259847e-01
1.620000e-01  4.236722e-01
1.650000e-01  4.214070e-01
1.680000e-01  4.191873e-01
1.710000e-01  4.170114e-01
1.740000e-01  4.148778e-01
1.770000e-01  4.127848e-01
1.800000e-01  4.107312e-01
1.830000e-01  4.087155e-01
1.860000e-01  4.067364e-01
1.890000e-01  4.047928e-01
1.920000e-01  4.028834e-01
1.950000e-01  4.010070e-01
1.980000e-01  3.991628e-01
2.010000e-01  3.973496e-01
2.040000e-01  3.955664e-01
2.070000e-01  3.938124e-01
2.100000e-01  3.920867e-01
2.130000e-01  3.903884e-01
2.160000e-01  3.887166e-01
2.190000e-01  3.870708e-01
2.220000e-01  3.854500e-01
2.250000e-01  3.838535e-01
2.280000e-01  3.822808e-01
2.310000e-01  3.807311e-01
2.340000e-01  3.792038e-01
2.370000e-01  3.776983e-01
2.400000e-01  3.762140e-01
2.430000e-01  3.747504e-01
2.460000e-01  3.733069e-01
2.490000e-01  3.718830e-01
2.520000e-01  3.704782e-01
2.550000e-01  3.690921e-01
2.580000e-01  3.677241e-01
2.610000e-01  3.663738e-01
2.640000e-01  3.650408e-01
2.670000e-01  3.637247e-01
2.700000e-01  3.624250e-01
2.730000e-01  3.611415e-01
2.760000e-01  3.598736e-01
2.790000e-01  3.586211e-01
2.820000e-01  3.573835e-01
2.850000e-01  3.561606e-01
2.880000e-01  3.549521e-01
2.910000e-01  3.537575e-01
2.940000e-01  3.525767e-01
2.970000e-01  3.514092e-01
3.000000e-01  3.502549e-01
3.030000e-01  3.491135e-01
3.060000e-01  3.479845e-01
3.090000e-01  3.468679e-01
3.120000e-01  3.457634e-01
3.150000e-01  3.446706e-01
3.180000e-01  3.435894e-01
3.210000e-01  3.425196e-01
3.240000e-01  3.414608e-01
3.270000e-01  3.404129e-01
3.300000e-01  3.393758e-01
3.330000e-01  3.383490e-01
3.360000e-01  3.373326e-01
3.390000e-01  3.363262e-01
3.420000e-01  3.353296e-01
3.450000e-01  3.343428e-01
3.480000e-01  3.333655e-01
3.510000e-01  3.323975e-01
3.540000e-01  3.314387e-01
3.570000e-01  3.304889e-01
3.600000e-01  3.295479e-01
3.630000e-01  3.286156e-01
3.660000e-01  3.276918e-01
3.690000e-01  3.267764e-01
3.720000e-01  3.258692e-01
3.750000e-01  3.249701e-01
3.780000e-01  3.240790e-01
3.810000e-01  3.231956e-01
3.840000e-01  3.223200e-01
3.870000e-01  3.214519e-01
3.900000e-01  3.205912e-01
3.930000e-01  3.197378e-01
3.960000e-01  3.188916e-01
3.990000e-01  3.180525e-01
4.020000e-01  3.172203e-01
4.050000e-01  3.163950e-01
4.080000e-01  3.155764e-01
4.110000e-01  3.147644e-01
4.140000e-01  3.139589e-01
4.170000e-01  3.131599e-01
4.200000e-01  3.123671e-01
4.230000e-01  3.115806e-01
4.260000e-01  3.108002e-01
4.290000e-01  3.100258e-01
4.320000e-01  3.092574e-01
4.350000e-01  3.084948e-01
4.380000e-01  3.077380e-01
4.410000e-01  3.069869e-01
4.440000e-01  3.062414e-01
4.470000e-01  3.055013e-01
4.500000e-01  3.047668e-01
4.530000e-01  3.040375e-01
4.560000e-01  3.033136e-01
4.590000e-01  3.025948e-01
4.620000e-01  3.018812e-01
4.650000e-01  3.011726e-01
4.680000e-01  3.004690e-01
4.710000e-01  2.997703e-01
4.740000e-01  2.990765e-01
4.770000e-01  2.983875e-01
4.800000e-01  2.977031e-01
4.830000e-01  2.970235e-01
4.860000e-01  2.963484e-01
4.890000e-01  2.956778e-01
4.920000e-01  2.950118e-01
4.950000e-01  2.943501e-01
4.980000e-01  2.936927e-01
5.010000e-01  2.930397e-01
5.040000e-01  2.923909e-01
5.070000e-01  2.917463e-01
5.100000e-01  2.911058e-01
5.130000e-01  2.904694e-01
5.160000e-01  2.898370e-01
5.190000e-01  2.892086e-01
5.220000e-01  2.885841e-01
5.250000e-01  2.879635e-01
5.280000e-01  2.873467e-01
5.310000e-01  2.867336e-01
5.340000e-01  2.861243e-01
5.370000e-01  2.855187e-01
5.400000e-01  2.849168e-01
5.430000e-01  2.843184e-01
5.460000e-01  2.837236e-01
5.490000e-01  2.831322e-01
5.520000e-01  2.825444e-01
5.550000e-01  2.819600e-01
5.580000e-01  2.813789e-01
5.610000e-01  2.808012e-01
5.640000e-01  2.802269e-01
5.670000e-01  2.796558e-01
5.700000e-01  2.790879e-01
5.730000e-01  2.785232e-01
5.760000e-01  2.779616e-01
5.790000e-01  2.774032e-01
5.820000e-01  2.768479e-01
5.850000e-01  2.762956e-01
5.880000e-01  2.757463e-01
5.910000e-01  2.752000e-01
5.940000e-01  2.746567e-01
5.970000e-01  2.741163e-01
6.000000e-01  2.735787e-01
6.030000e-01  2.730440e-01
6.060000e-01  2.725121e-01
6.090000e-01  2.719831e-01
6.120000e-01  2.714567e-01
6.150000e-01  2.709331e-01
6.180000e-01  2.704122e-01
6.210000e-01  2.698940e-01
6.240000e-01  2.693784e-01
6.270000e-01  2.688654e-01
6.300000e-01  2.683550e-01
6.330000e-01  2.678472e-01
6.360000e-01  2.673419e-01
6.390000e-01  2.668391e-01
6.420000e-01  2.663388e-01
6.450000e-01  2.658409e-01
6.480000e-01  2.653454e-01
6.510000e-01  2.648524e-01
6.540000e-01  2.643618e-01
6.570000e-01  2.638734e-01
6.600000e-01  2.633875e-01
6.630000e-01  2.629038e-01
6.660000e-01  2.624224e-01
6.690000e-01  2.619433e-01
6.720000e-01  2.614664e-01
6.750000e-01  2.609917e-01
6.780000e-01  2.605193e-01
6.810000e-01  2.600490e-01
6.840000e-01  2.595808e-01
6.870000e-01  2.591148e-01
6.900000e-01  2.586509e-01
6.930000e-01  2.581890e-01
6.960000e-01  2.577293e-01
6.990000e-01  2.572716e-01
7.020000e-01  2.568159e-01
7.050000e-01  2.563622e-01
7.080000e-01  2.559105e-01
7.110000e-01  2.554608e-01
7.140000e-01  2.550130e-01
7.170000e-01  2.545672e-01
7.200000e-01  2.541233e-01
7.230000e-01  2.536813e-01
7.260000e-01  2.532411e-01
7.290000e-01  2.528029e-01
7.320000e-01  2.523664e-01
7.350000e-01  2.519318e-01
7.380000e-01  2.514990e-01
7.410000e-01  2.510681e-01
7.440000e-01  2.506389e-01
7.470000e-01  2.502114e-01
7.500000e-01  2.497857e-01
7.530000e-01  2.493617e-01
7.560000e-01  2.489395e-01
7.590000e-01  2.485189e-01
7.620000e-01  2.481000e-01
7.650000e-01  2.476828e-01
7.680000e-01  2.472672e-01
7.710000e-01  2.468533e-01
7.740000e-01  2.464410e-01
7.770000e-01  2.460303e-01
7.800000e-01  2.456213e-01
7.830000e-01  2.452138e-01
7.860000e-01  2.448078e-01
7.890000e-01  2.444034e-01
7.920000e-01  2.440006e-01
7.950000e-01  2.435993e-01
7.980000e-01  2.431995e-01
8.010000e-01  2.428012e-01
8.040000e-01  2.424044e-01
8.070000e-01  2.420091e-01
8.100000e-01  2.416152e-01
8.130000e-01  2.412228e-01
8.160000e-01  2.408318e-01
8.190000e-01  2.404423e-01
8.220000e-01  2.400541e-01
8.250000e-01  2.396674e-01
8.280000e-01  2.392821e-01
8.310000e-01  2.388981e-01
8.340000e-01  2.385155e-01
8.370000e-01  2.381343e-01
8.400000e-01  2.377544e-01
8.430000e-01  2.373758e-01
8.460000e-01  2.369986e-01
8.490000e-01  2.366227e-01
8.520000e-01  2.362481e-01
8.550000e-01  2.358747e-01
8.580000e-01  2.355027e-01
8.610000e-01  2.351319e-01
8.640000e-01  2.347624e-01
8.670000e-01  2.343941e-01
8.700000e-01  2.340271e-01
8.730000e-01  2.336613e-01
8.760000e-01  2.332967e-01
8.790000e-01  2.329333e-01
8.820000e-01  2.325712e-01
8.850000e-01  2.322102e-01
8.880000e-01  2.318504e-01
8.910000e-01  2.314918e-01
8.940000e-01  2.311343e-01
8.970000e-01  2.307780e-01
9.000000e-01  2.304228e-01
9.030000e-01  2.300688e-01
9.060000e-01  2.297159e-01
9.090000e-01  2.293641e-01
9.120000e-01  2.290134e-01
9.150000e-01  2.286638e-01
9.180000e-01  2.283153e-01
9.210000e-01  2.279679e-01
9.240000e-01  2.276216e-01
9.270000e-01  2.272763e-01
9.300000e-01  2.269321e-01
9.330000e-01  2.265889e-01
9.360000e-01  2.262468e-01
9.390000e-01  2.259057e-01
9.420000e-01  2.255657e-01
9.450000e-01  2.252266e-01
9.480000e-01  2.248886e-01
9.510000e-01  2.245516e-01
9.540000e-01  2.242155e-01
9.570000e-01  2.238805e-01
9.600000e-01  2.235464e-01
9.630000e-01  2.232133e-01
9.660000e-01  2.228812e-01
9.690000e-01  2.225500e-01
9.720000e-01  2.222198e-01
9.750000e-01  2.218905e-01
9.780000e-01  2.215622e-01
9.810000e-01  2.212347e-01
9.840000e-01  2.209082e-01
9.870000e-01  2.205827e-01
9.900000e-01  2.202580e-01
9.930000e-01  2.199342e-01
9.960000e-01  2.196114e-01
9.990000e-01  2.192894e-01
