000000  000001
3.000000e-03  8.824351e-01
6.000000e-03  8.146709e-01
9.000000e-03  7.672832e-01
1.200000e-02  7.310477e-01
1.500000e-02  7.018433e-01
1.800000e-02  6.774690e-01
2.100000e-02  6.566113e-01
2.400000e-02  6.384241e-01
2.700000e-02  6.223310e-01
3.000000e-02  6.079217e-01
3.300000e-02  5.948944e-01
3.600000e-02  5.830207e-01
3.900000e-02  5.721236e-01
4.200000e-02  5.620632e-01
4.500000e-02  5.527273e-01
4.800000e-02  5.440245e-01
5.100000e-02  5.358791e-01
5.400000e-02  5.282282e-01
5.700000e-02  5.210187e-01
6.000000e-02  5.142055e-01
6.300000e-02  5.077498e-01
6.600000e-02  5.016183e-01
6.900000e-02  4.957819e-01
7.200000e-02  4.902152e-01
7.500000e-02  4.848959e-01
7.800000e-02  4.798043e-01
8.100000e-02  4.749229e-01
8.400000e-02  4.702361e-01
8.700000e-02  4.657299e-01
9.000000e-02  4.613917e-01
9.300000e-02  4.572103e-01
9.600000e-02  4.531754e-01
9.900000e-02  4.492777e-01
1.020000e-01  4.455087e-01
1.050000e-01  4.418608e-01
1.080000e-01  4.383268e-01
1.110000e-01  4.349003e-01
1.140000e-01  4.315754e-01
1.170000e-01  4.283465e-01
1.200000e-01  4.252085e-01
1.230000e-01  4.221569e-01
1.260000e-01  4.191873e-01
1.290000e-01  4.162956e-01
1.320000e-01  4.134780e-01
1.350000e-01  4.107312e-01
1.380000e-01  4.080518e-01
1.410000e-01  4.054368e-01
1.440000e-01  4.028834e-01
1.470000e-01  4.003888e-01
1.500000e-01  3.979506e-01
1.530000e-01  3.955664e-01
1.560000e-01  3.932341e-01
1.590000e-01  3.909515e-01
1.620000e-01  3.887166e-01
1.650000e-01  3.865277e-01
1.680000e-01  3.843830e-01
1.710000e-01  3.822808e-01
1.740000e-01  3.802195e-01
1.770000e-01  3.781977e-01
1.800000e-01  3.762140e-01
1.830000e-01  3.742670e-01
1.860000e-01  3.723555e-01
1.890000e-01  3.704782e-01
1.920000e-01  3.686341e-01
1.950000e-01  3.668220e-01
1.980000e-01  3.650408e-01
2.010000e-01  3.632897e-01
2.040000e-01  3.615676e-01
2.070000e-01  3.598736e-01
2.100000e-01  3.582069e-01
2.130000e-01  3.565667e-01
2.160000e-01  3.549521e-01
2.190000e-01  3.533624e-01
2.220000e-01  3.517969e-01
2.250000e-01  3.502549e-01
2.280000e-01  3.487358e-01
2.310000e-01  3.472388e-01
2.340000e-01  3.457634e-01
2.370000e-01  3.443089e-01
2.400000e-01  3.428749e-01
2.430000e-01  3.414608e-01
2.460000e-01  3.400660e-01
2.490000e-01  3.386901e-01
2.520000e-01  3.373326e-01
2.550000e-01  3.359929e-01
2.580000e-01  3.346707e-01
2.610000e-01  3.333655e-01
2.640000e-01  3.320769e-01
2.670000e-01  3.308045e-01
2.700000e-01  3.295479e-01
2.730000e-01  3.283067e-01
2.760000e-01  3.270806e-01
2.790000e-01  3.258692e-01
2.820000e-01  3.246722e-01
2.850000e-01  3.234892e-01
2.880000e-01  3.223200e-01
2.910000e-01  3.211642e-01
2.940000e-01  3.200215e-01
2.970000e-01  3.188916e-01
3.000000e-01  3.177744e-01
3.030000e-01  3.166694e-01
3.060000e-01  3.155764e-01
3.090000e-01  3.144952e-01
3.120000e-01  3.134255e-01
3.150000e-01  3.123671e-01
3.180000e-01  3.113198e-01
3.210000e-01  3.102833e-01
3.240000e-01  3.092574e-01
3.270000e-01  3.082419e-01
3.300000e-01  3.072367e-01
3.330000e-01  3.062414e-01
3.360000e-01  3.052559e-01
3.390000e-01  3.042800e-01
3.420000e-01  3.033136e-01
3.450000e-01  3.023564e-01
3.480000e-01  3.014082e-01
3.510000e-01  3.004690e-01
3.540000e-01  2.995385e-01
3.570000e-01  2.986166e-01
3.600000e-01  2.977031e-01
3.630000e-01  2.967979e-01
3.660000e-01  2.959009e-01
3.690000e-01  2.950118e-01
3.720000e-01  2.941305e-01
3.750000e-01  2.932569e-01
3.780000e-01  2.923909e-01
3.810000e-01  2.915323e-01
3.840000e-01  2.906811e-01
3.870000e-01  2.898370e-01
3.900000e-01  2.890000e-01
3.930000e-01  2.881699e-01
3.960000e-01  2.873467e-01
3.990000e-01  2.865301e-01
4.020000e-01  2.857202e-01
4.050000e-01  2.849168e-01
4.080000e-01  2.841197e-01
4.110000e-01  2.833290e-01
4.140000e-01  2.825444e-01
4.170000e-01  2.817659e-01
4.200000e-01  2.809934e-01
4.230000e-01  2.802269e-01
4.260000e-01  2.794661e-01
4.290000e-01  2.787111e-01
4.320000e-01  2.779616e-01
4.350000e-01  2.772178e-01
4.380000e-01  2.764794e-01
4.410000e-01  2.757463e-01
4.440000e-01  2.750186e-01
4.470000e-01  2.742961e-01
4.500000e-01  2.735787e-01
4.530000e-01  2.728664e-01
4.560000e-01  2.721591e-01
4.590000e-01  2.714567e-01
4.620000e-01  2.707592e-01
4.650000e-01  2.700664e-01
4.680000e-01  2.693784e-01
4.710000e-01  2.686950e-01
4.740000e-01  2.680162e-01
4.770000e-01  2.673419e-01
4.800000e-01  2.666720e-01
4.830000e-01  2.660066e-01
4.860000e-01  2.653454e-01
4.890000e-01  2.646886e-01
4.920000e-01  2.640360e-01
4.950000e-01  2.633875e-01
4.980000e-01  2.627431e-01
5.010000e-01  2.621027e-01
5.040000e-01  2.614664e-01
5.070000e-01  2.608340e-01
5.100000e-01  2.602055e-01
5.130000e-01  2.595808e-01
5.160000e-01  2.589599e-01
5.190000e-01  2.583427e-01
5.220000e-01  2.577293e-01
5.250000e-01  2.571194e-01
5.280000e-01  2.565132e-01
5.310000e-01  2.559105e-01
5.340000e-01  2.553113e-01
5.370000e-01  2.547156e-01
5.400000e-01  2.541233e-01
5.430000e-01  2.535344e-01
5.460000e-01  2.529488e-01
5.490000e-01  2.523664e-01
5.520000e-01  2.517874e-01
5.550000e-01  2.512115e-01
5.580000e-01  2.506389e-01
5.610000e-01  2.500693e-01
5.640000e-01  2.495028e-01
5.670000e-01  2.489395e-01
5.700000e-01  2.483791e-01
5.730000e-01  2.478217e-01
5.760000e-01  2.472672e-01
5.790000e-01  2.467157e-01
5.820000e-01  2.461671e-01
5.850000e-01  2.456213e-01
5.880000e-01  2.450783e-01
5.910000e-01  2.445381e-01
5.940000e-01  2.440006e-01
5.970000e-01  2.434659e-01
6.000000e-01  2.429338e-01
6.030000e-01  2.424044e-01
6.060000e-01  2.418776e-01
6.090000e-01  2.413534e-01
6.120000e-01  2.408318e-01
6.150000e-01  2.403127e-01
6.180000e-01  2.397962e-01
6.210000e-01  2.392821e-01
6.240000e-01  2.387704e-01
6.270000e-01  2.382612e-01
6.300000e-01  2.377544e-01
6.330000e-01  2.372500e-01
6.360000e-01  2.367479e-01
6.390000e-01  2.362481e-01
6.420000e-01  2.357506e-01
6.450000e-01  2.352554e-01
6.480000e-01  2.347624e-01
6.510000e-01  2.342716e-01
6.540000e-01  2.337831e-01
6.570000e-01  2.332967e-01
6.600000e-01  2.328125e-01
6.630000e-01  2.323304e-01
6.660000e-01  2.318504e-01
6.690000e-01  2.313725e-01
6.720000e-01  2.308966e-01
6.750000e-01  2.304228e-01
6.780000e-01  2.299510e-01
6.810000e-01  2.294812e-01
6.840000e-01  2.290134e-01
6.870000e-01  2.285475e-01
6.900000e-01  2.280836e-01
6.930000e-01  2.276216e-01
6.960000e-01  2.271615e-01
6.990000e-01  2.267032e-01
7.020000e-01  2.262468e-01
7.050000e-01  2.257923e-01
7.080000e-01  2.253395e-01
7.110000e-01  2.248886e-01
7.140000e-01  2.244394e-01
7.170000e-01  2.239920e-01
7.200000e-01  2.235464e-01
7.230000e-01  2.231025e-01
7.260000e-01  2.226603e-01
7.290000e-01  2.222198e-01
7.320000e-01  2.217810e-01
7.350000e-01  2.213438e-01
7.380000e-01  2.209082e-01
7.410000e-01  2.204744e-01
7.440000e-01  2.200421e-01
7.470000e-01  2.196114e-01
7.500000e-01  2.191823e-01
7.530000e-01  2.187547e-01
7.560000e-01  2.183287e-01
7.590000e-01  2.179042e-01
7.620000e-01  2.174813e-01
7.650000e-01  2.170598e-01
7.680000e-01  2.166399e-01
7.710000e-01  2.162214e-01
7.740000e-01  2.158044e-01
7.770000e-01  2.153888e-01
7.800000e-01  2.149746e-01
7.830000e-01  2.145619e-01
7.860000e-01  2.141506e-01
7.890000e-01  2.137406e-01
7.920000e-01  2.133321e-01
7.950000e-01  2.129249e-01
7.980000e-01  2.125190e-01
8.010000e-01  2.121145e-01
8.040000e-01  2.117113e-01
8.070000e-01  2.113095e-01
8.100000e-01  2.109089e-01
8.130000e-01  2.105096e-01
8.160000e-01  2.101116e-01
8.190000e-01  2.097148e-01
8.220000e-01  2.093193e-01
8.250000e-01  2.089251e-01
8.280000e-01  2.085320e-01
8.310000e-01  2.081402e-01
8.340000e-01  2.077496e-01
8.370000e-01  2.073602e-01
8.400000e-01  2.069719e-01
8.430000e-01  2.065848e-01
8.460000e-01  2.061989e-01
8.490000e-01  2.058141e-01
8.520000e-01  2.054305e-01
8.550000e-01  2.050480e-01
8.580000e-01  2.046666e-01
8.610000e-01  2.042863e-01
8.640000e-01  2.039070e-01
8.670000e-01  2.035289e-01
8.700000e-01  2.031519e-01
8.730000e-01  2.027759e-01
8.760000e-01  2.024009e-01
8.790000e-01  2.020270e-01
8.820000e-01  2.016542e-01
8.850000e-01  2.012823e-01
8.880000e-01  2.009115e-01
8.910000e-01  2.005416e-01
8.940000e-01  2.001728e-01
8.970000e-01  1.998049e-01
9.000000e-01  1.994381e-01
9.030000e-01  1.990721e-01
9.060000e-01  1.987072e-01
9.090000e-01  1.983431e-01
9.120000e-01  1.979800e-01
9.150000e-01  1.976179e-01
9.180000e-01  1.972566e-01
9.210000e-01  1.968963e-01
9.240000e-01  1.965369e-01
9.270000e-01  1.961783e-01
9.300000e-01  1.958207e-01
9.330000e-01  1.954639e-01
9.360000e-01  1.951080e-01
9.390000e-01  1.947529e-01
9.420000e-01  1.943987e-01
9.450000e-01  1.940453e-01
9.480000e-01  1.936927e-01
9.510000e-01  1.933410e-01
9.540000e-01  1.929901e-01
9.570000e-01  1.926400e-01
9.600000e-01  1.922907e-01
9.630000e-01  1.919422e-01
9.660000e-01  1.915945e-01
9.690000e-01  1.912475e-01
9.720000e-01  1.909013e-01
9.750000e-01  1.905559e-01
9.780000e-01  1.902112e-01
9.810000e-01  1.898673e-01
9.840000e-01  1.895241e-01
9.870000e-01  1.891816e-01
9.900000e-01  1.888398e-01
9.930000e-01  1.884988e-01
9.960000e-01  1.881584e-01
9.990000e-01  1.878188e-01
