000000  000001
3.000000e-03  9.093559e-01
6.000000e-03  8.511759e-01
9.000000e-03  8.084659e-01
1.200000e-02  7.748516e-01
1.500000e-02  7.472269e-01
1.800000e-02  7.238415e-01
2.100000e-02  7.036109e-01
2.400000e-02  6.858172e-01
2.700000e-02  6.699605e-01
3.000000e-02  6.556790e-01
3.300000e-02  6.427025e-01
3.600000e-02  6.308241e-01
3.900000e-02  6.198817e-01
4.200000e-02  6.097462e-01
4.500000e-02  6.003132e-01
4.800000e-02  5.914970e-01
5.100000e-02  5.832262e-01
5.400000e-02  5.754412e-01
5.700000e-02  5.680914e-01
6.000000e-02  5.611334e-01
6.300000e-02  5.545302e-01
6.600000e-02  5.482494e-01
6.900000e-02  5.422630e-01
7.200000e-02  5.365461e-01
7.500000e-02  5.310772e-01
7.800000e-02  5.258368e-01
8.100000e-02  5.208079e-01
8.400000e-02  5.159751e-01
8.700000e-02  5.113246e-01
9.000000e-02  5.068440e-01
9.300000e-02  5.025222e-01
9.600000e-02  4.983489e-01
9.900000e-02  4.943150e-01
1.020000e-01  4.904120e-01
1.050000e-01  4.866322e-01
1.080000e-01  4.829686e-01
1.110000e-01  4.794147e-01
1.140000e-01  4.759645e-01
1.170000e-01  4.726126e-01
1.200000e-01  4.693538e-01
1.230000e-01  4.661835e-01
1.260000e-01  4.630972e-01
1.290000e-01  4.600909e-01
1.320000e-01  4.571609e-01
1.350000e-01  4.543035e-01
1.380000e-01  4.515156e-01
1.410000e-01  4.487939e-01
1.440000e-01  4.461358e-01
1.470000e-01  4.435383e-01
1.500000e-01  4.409990e-01
1.530000e-01  4.385156e-01
1.560000e-01  4.360857e-01
1.590000e-01  4.337072e-01
1.620000e-01  4.313782e-01
1.650000e-01  4.290967e-01
1.680000e-01  4.268610e-01
1.710000e-01  4.246693e-01
1.740000e-01  4.225202e-01
1.770000e-01  4.204120e-01
1.800000e-01  4.183433e-01
1.830000e-01  4.163128e-01
1.860000e-01  4.143191e-01
1.890000e-01  4.123611e-01
1.920000e-01  4.104375e-01
1.950000e-01  4.085472e-01
1.980000e-01  4.066892e-01
2.010000e-01  4.048624e-01
2.040000e-01  4.030659e-01
2.070000e-01  4.012988e-01
2.100000e-01  3.995601e-01
2.130000e-01  3.978490e-01
2.160000e-01  3.961647e-01
2.190000e-01  3.945064e-01
2.220000e-01  3.928733e-01
2.250000e-01  3.912649e-01
2.280000e-01  3.896802e-01
2.310000e-01  3.881188e-01
2.340000e-01  3.865800e-01
2.370000e-01  3.850631e-01
2.400000e-01  3.835676e-01
2.430000e-01  3.820929e-01
2.460000e-01  3.806385e-01
2.490000e-01  3.792038e-01
2.520000e-01  3.777884e-01
2.550000e-01  3.763917e-01
2.580000e-01  3.750134e-01
2.610000e-01  3.736529e-01
2.640000e-01  3.723099e-01
2.670000e-01  3.709838e-01
2.700000e-01  3.696744e-01
2.730000e-01  3.683811e-01
2.760000e-01  3.671037e-01
2.790000e-01  3.658418e-01
2.820000e-01  3.645949e-01
2.850000e-01  3.633629e-01
2.880000e-01  3.621453e-01
2.910000e-01  3.609418e-01
2.940000e-01  3.597522e-01
2.970000e-01  3.585761e-01
3.000000e-01  3.574132e-01
3.030000e-01  3.562632e-01
3.060000e-01  3.551259e-01
3.090000e-01  3.540011e-01
3.120000e-01  3.528884e-01
3.150000e-01  3.517876e-01
3.180000e-01  3.506984e-01
3.210000e-01  3.496207e-01
3.240000e-01  3.485542e-01
3.270000e-01  3.474987e-01
3.300000e-01  3.464540e-01
3.330000e-01  3.454198e-01
3.360000e-01  3.443960e-01
3.390000e-01  3.433823e-01
3.420000e-01  3.423786e-01
3.450000e-01  3.413847e-01
3.480000e-01  3.404004e-01
3.510000e-01  3.394255e-01
3.540000e-01  3.384599e-01
3.570000e-01  3.375033e-01
3.600000e-01  3.365557e-01
3.630000e-01  3.356168e-01
3.660000e-01  3.346865e-01
3.690000e-01  3.337647e-01
3.720000e-01  3.328512e-01
3.750000e-01  3.319459e-01
3.780000e-01  3.310485e-01
3.810000e-01  3.301591e-01
3.840000e-01  3.292774e-01
3.870000e-01  3.284034e-01
3.900000e-01  3.275368e-01
3.930000e-01  3.266776e-01
3.960000e-01  3.258257e-01
3.990000e-01  3.249809e-01
4.020000e-01  3.241431e-01
4.050000e-01  3.233123e-01
4.080000e-01  3.224882e-01
4.110000e-01  3.216708e-01
4.140000e-01  3.208600e-01
4.170000e-01  3.200557e-01
4.200000e-01  3.192578e-01
4.230000e-01  3.184662e-01
4.260000e-01  3.176807e-01
4.290000e-01  3.169013e-01
4.320000e-01  3.161280e-01
4.350000e-01  3.153605e-01
4.380000e-01  3.145989e-01
4.410000e-01  3.138430e-01
4.440000e-01  3.130928e-01
4.470000e-01  3.123481e-01
4.500000e-01  3.116089e-01
4.530000e-01  3.108752e-01
4.560000e-01  3.101467e-01
4.590000e-01  3.094236e-01
4.620000e-01  3.087056e-01
4.650000e-01  3.079927e-01
4.680000e-01  3.072849e-01
4.710000e-01  3.065820e-01
4.740000e-01  3.058841e-01
4.770000e-01  3.051909e-01
4.800000e-01  3.045026e-01
4.830000e-01  3.038189e-01
4.860000e-01  3.031399e-01
4.890000e-01  3.024655e-01
4.920000e-01  3.017955e-01
4.950000e-01  3.011301e-01
4.980000e-01  3.004690e-01
5.010000e-01  2.998123e-01
5.040000e-01  2.991599e-01
5.070000e-01  2.985117e-01
5.100000e-01  2.978676e-01
5.130000e-01  2.972277e-01
5.160000e-01  2.965919e-01
5.190000e-01  2.959601e-01
5.220000e-01  2.953322e-01
5.250000e-01  2.947083e-01
5.280000e-01  2.940882e-01
5.310000e-01  2.934720e-01
5.340000e-01  2.928595e-01
5.370000e-01  2.922508e-01
5.400000e-01  2.916457e-01
5.430000e-01  2.910443e-01
5.460000e-01  2.904465e-01
5.490000e-01  2.898522e-01
5.520000e-01  2.892614e-01
5.550000e-01  2.886741e-01
5.580000e-01  2.880902e-01
5.610000e-01  2.875098e-01
5.640000e-01  2.869326e-01
5.670000e-01  2.863588e-01
5.700000e-01  2.857882e-01
5.730000e-01  2.852209e-01
5.760000e-01  2.846568e-01
5.790000e-01  2.840958e-01
5.820000e-01  2.835380e-01
5.850000e-01  2.829832e-01
5.880000e-01  2.824315e-01
5.910000e-01  2.818828e-01
5.940000e-01  2.813371e-01
5.970000e-01  2.807943e-01
6.000000e-01  2.802545e-01
6.030000e-01  2.797175e-01
6.060000e-01  2.791834e-01
6.090000e-01  2.786522e-01
6.120000e-01  2.781237e-01
6.150000e-01  2.775980e-01
6.180000e-01  2.770750e-01
6.210000e-01  2.765547e-01
6.240000e-01  2.760371e-01
6.270000e-01  2.755222e-01
6.300000e-01  2.750099e-01
6.330000e-01  2.745001e-01
6.360000e-01  2.739930e-01
6.390000e-01  2.734883e-01
6.420000e-01  2.729862e-01
6.450000e-01  2.724866e-01
6.480000e-01  2.719894e-01
6.510000e-01  2.714947e-01
6.540000e-01  2.710023e-01
6.570000e-01  2.705124e-01
6.600000e-01  2.700248e-01
6.630000e-01  2.695396e-01
6.660000e-01  2.690567e-01
6.690000e-01  2.685761e-01
6.720000e-01  2.680977e-01
6.750000e-01  2.676216e-01
6.780000e-01  2.671477e-01
6.810000e-01  2.666760e-01
6.840000e-01  2.662065e-01
6.870000e-01  2.657392e-01
6.900000e-01  2.652740e-01
6.930000e-01  2.648109e-01
6.960000e-01  2.643500e-01
6.990000e-01  2.638910e-01
7.020000e-01  2.634342e-01
7.050000e-01  2.629794e-01
7.080000e-01  2.625266e-01
7.110000e-01  2.620758e-01
7.140000e-01  2.616270e-01
7.170000e-01  2.611802e-01
7.200000e-01  2.607353e-01
7.230000e-01  2.602923e-01
7.260000e-01  2.598513e-01
7.290000e-01  2.594121e-01
7.320000e-01  2.589748e-01
7.350000e-01  2.585394e-01
7.380000e-01  2.581058e-01
7.410000e-01  2.576740e-01
7.440000e-01  2.572441e-01
7.470000e-01  2.568159e-01
7.500000e-01  2.563895e-01
7.530000e-01  2.559648e-01
7.560000e-01  2.555419e-01
7.590000e-01  2.551208e-01
7.620000e-01  2.547013e-01
7.650000e-01  2.542835e-01
7.680000e-01  2.538674e-01
7.710000e-01  2.534530e-01
7.740000e-01  2.530403e-01
7.770000e-01  2.526291e-01
7.800000e-01  2.522196e-01
7.830000e-01  2.518117e-01
7.860000e-01  2.514054e-01
7.890000e-01  2.510007e-01
7.920000e-01  2.505976e-01
7.950000e-01  2.501960e-01
7.980000e-01  2.497959e-01
8.010000e-01  2.493974e-01
8.040000e-01  2.490004e-01
8.070000e-01  2.486049e-01
8.100000e-01  2.482109e-01
8.130000e-01  2.478183e-01
8.160000e-01  2.474273e-01
8.190000e-01  2.470376e-01
8.220000e-01  2.466495e-01
8.250000e-01  2.462627e-01
8.280000e-01  2.458774e-01
8.310000e-01  2.454934e-01
8.340000e-01  2.451109e-01
8.370000e-01  2.447298e-01
8.400000e-01  2.443500e-01
8.430000e-01  2.439715e-01
8.460000e-01  2.435945e-01
8.490000e-01  2.432187e-01
8.520000e-01  2.428443e-01
8.550000e-01  2.424712e-01
8.580000e-01  2.420994e-01
8.610000e-01  2.417290e-01
8.640000e-01  2.413597e-01
8.670000e-01  2.409918e-01
8.700000e-01  2.406251e-01
8.730000e-01  2.402597e-01
8.760000e-01  2.398955e-01
8.790000e-01  2.395326e-01
8.820000e-01  2.391709e-01
8.850000e-01  2.388104e-01
8.880000e-01  2.384511e-01
8.910000e-01  2.380930e-01
8.940000e-01  2.377361e-01
8.970000e-01  2.373804e-01
9.000000e-01  2.370258e-01
9.030000e-01  2.366724e-01
9.060000e-01  2.363202e-01
9.090000e-01  2.359691e-01
9.120000e-01  2.356191e-01
9.150000e-01  2.352702e-01
9.180000e-01  2.349225e-01
9.210000e-01  2.345759e-01
9.240000e-01  2.342304e-01
9.270000e-01  2.338859e-01
9.300000e-01  2.335426e-01
9.330000e-01  2.332003e-01
9.360000e-01  2.328591e-01
9.390000e-01  2.325189e-01
9.420000e-01  2.321798e-01
9.450000e-01  2.318417e-01
9.480000e-01  2.315047e-01
9.510000e-01  2.311687e-01
9.540000e-01  2.308337e-01
9.570000e-01  2.304997e-01
9.600000e-01  2.301668e-01
9.630000e-01  2.298348e-01
9.660000e-01  2.295038e-01
9.690000e-01  2.291738e-01
9.720000e-01  2.288448e-01
9.750000e-01  2.285167e-01
9.780000e-01  2.281896e-01
9.810000e-01  2.278635e-01
9.840000e-01  2.275383e-01
9.870000e-01  2.272140e-01
9.900000e-01  2.268907e-01
9.930000e-01  2.265683e-01
9.960000e-01  2.262468e-01
9.990000e-01  2.259262e-01
