000000  000001
3.000000e-03  8.610427e-01
6.000000e-03  7.871616e-01
9.000000e-03  7.371265e-01
1.200000e-02  6.995553e-01
1.500000e-02  6.696344e-01
1.800000e-02  6.448753e-01
2.100000e-02  6.238253e-01
2.400000e-02  6.055640e-01
2.700000e-02  5.894720e-01
3.000000e-02  5.751129e-01
3.300000e-02  5.621685e-01
3.600000e-02  5.503993e-01
3.900000e-02  5.396210e-01
4.200000e-02  5.296888e-01
4.500000e-02  5.204869e-01
4.800000e-02  5.119213e-01
5.100000e-02  5.039147e-01
5.400000e-02  4.964028e-01
5.700000e-02  4.893316e-01
6.000000e-02  4.826553e-01
6.300000e-02  4.763347e-01
6.600000e-02  4.703360e-01
6.900000e-02  4.646301e-01
7.200000e-02  4.591912e-01
7.500000e-02  4.539972e-01
7.800000e-02  4.490281e-01
8.100000e-02  4.442664e-01
8.400000e-02  4.396965e-01
8.700000e-02  4.353045e-01
9.000000e-02  4.310779e-01
9.300000e-02  4.270054e-01
9.600000e-02  4.230768e-01
9.900000e-02  4.192829e-01
1.020000e-01  4.156152e-01
1.050000e-01  4.120661e-01
1.080000e-01  4.086287e-01
1.110000e-01  4.052965e-01
1.140000e-01  4.020636e-01
1.170000e-01  3.989246e-01
1.200000e-01  3.958744e-01
1.230000e-01  3.929086e-01
1.260000e-01  3.900227e-01
1.290000e-01  3.872129e-01
1.320000e-01  3.844754e-01
1.350000e-01  3.818067e-01
1.380000e-01  3.792038e-01
1.410000e-01  3.766635e-01
1.440000e-01  3.741832e-01
1.470000e-01  3.717601e-01
1.500000e-01  3.693919e-01
1.530000e-01  3.670761e-01
1.560000e-01  3.648107e-01
1.590000e-01  3.625936e-01
1.620000e-01  3.604229e-01
1.650000e-01  3.582968e-01
1.680000e-01  3.562135e-01
1.710000e-01  3.541715e-01
1.740000e-01  3.521691e-01
1.770000e-01  3.502050e-01
1.800000e-01  3.482778e-01
1.830000e-01  3.463862e-01
1.860000e-01  3.445289e-01
1.890000e-01  3.427048e-01
1.920000e-01  3.409128e-01
1.950000e-01  3.391517e-01
1.980000e-01  3.374205e-01
2.010000e-01  3.357184e-01
2.040000e-01  3.340444e-01
2.070000e-01  3.323975e-01
2.100000e-01  3.307770e-01
2.130000e-01  3.291820e-01
2.160000e-01  3.276119e-01
2.190000e-01  3.260657e-01
2.220000e-01  3.245429e-01
2.250000e-01  3.230428e-01
2.280000e-01  3.215647e-01
2.310000e-01  3.201080e-01
2.340000e-01  3.186721e-01
2.370000e-01  3.172564e-01
2.400000e-01  3.158604e-01
2.430000e-01  3.144835e-01
2.460000e-01  3.131253e-01
2.490000e-01  3.117852e-01
2.520000e-01  3.104628e-01
2.550000e-01  3.091576e-01
2.580000e-01  3.078693e-01
2.610000e-01  3.065972e-01
2.640000e-01  3.053412e-01
2.670000e-01  3.041007e-01
2.700000e-01  3.028754e-01
2.730000e-01  3.016650e-01
2.760000e-01  3.004690e-01
2.790000e-01  2.992872e-01
2.820000e-01  2.981191e-01
2.850000e-01  2.969646e-01
2.880000e-01  2.958232e-01
2.910000e-01  2.946947e-01
2.940000e-01  2.935789e-01
2.970000e-01  2.924753e-01
3.000000e-01  2.913838e-01
3.030000e-01  2.903040e-01
3.060000e-01  2.892358e-01
3.090000e-01  2.881789e-01
3.120000e-01  2.871330e-01
3.150000e-01  2.860979e-01
3.180000e-01  2.850734e-01
3.210000e-01  2.840593e-01
3.240000e-01  2.830554e-01
3.270000e-01  2.820614e-01
3.300000e-01  2.810771e-01
3.330000e-01  2.801024e-01
3.360000e-01  2.791371e-01
3.390000e-01  2.781810e-01
3.420000e-01  2.772339e-01
3.450000e-01  2.762956e-01
3.480000e-01  2.753660e-01
3.510000e-01  2.744449e-01
3.540000e-01  2.735321e-01
3.570000e-01  2.726275e-01
3.600000e-01  2.717310e-01
3.630000e-01  2.708423e-01
3.660000e-01  2.699614e-01
3.690000e-01  2.690881e-01
3.720000e-01  2.682223e-01
3.750000e-01  2.673638e-01
3.780000e-01  2.665125e-01
3.810000e-01  2.656683e-01
3.840000e-01  2.648310e-01
3.870000e-01  2.640006e-01
3.900000e-01  2.631769e-01
3.930000e-01  2.623598e-01
3.960000e-01  2.615492e-01
3.990000e-01  2.607450e-01
4.020000e-01  2.599470e-01
4.050000e-01  2.591552e-01
4.080000e-01  2.583695e-01
4.110000e-01  2.575897e-01
4.140000e-01  2.568159e-01
4.170000e-01  2.560478e-01
4.200000e-01  2.552854e-01
4.230000e-01  2.545285e-01
4.260000e-01  2.537772e-01
4.290000e-01  2.530313e-01
4.320000e-01  2.522907e-01
4.350000e-01  2.515554e-01
4.380000e-01  2.508252e-01
4.410000e-01  2.501002e-01
4.440000e-01  2.493801e-01
4.470000e-01  2.486650e-01
4.500000e-01  2.479547e-01
4.530000e-01  2.472492e-01
4.560000e-01  2.465484e-01
4.590000e-01  2.458523e-01
4.620000e-01  2.451607e-01
4.650000e-01  2.444737e-01
4.680000e-01  2.437910e-01
4.710000e-01  2.431128e-01
4.740000e-01  2.424389e-01
4.770000e-01  2.417692e-01
4.800000e-01  2.411036e-01
4.830000e-01  2.404423e-01
4.860000e-01  2.397850e-01
4.890000e-01  2.391317e-01
4.920000e-01  2.384823e-01
4.950000e-01  2.378369e-01
4.980000e-01  2.371953e-01
5.010000e-01  2.365574e-01
5.040000e-01  2.359234e-01
5.070000e-01  2.352930e-01
5.100000e-01  2.346662e-01
5.130000e-01  2.340430e-01
5.160000e-01  2.334234e-01
5.190000e-01  2.328072e-01
5.220000e-01  2.321945e-01
5.250000e-01  2.315852e-01
5.280000e-01  2.309792e-01
5.310000e-01  2.303766e-01
5.340000e-01  2.297772e-01
5.370000e-01  2.291810e-01
5.400000e-01  2.285880e-01
5.430000e-01  2.279981e-01
5.460000e-01  2.274113e-01
5.490000e-01  2.268275e-01
5.520000e-01  2.262468e-01
5.550000e-01  2.256691e-01
5.580000e-01  2.250942e-01
5.610000e-01  2.245223e-01
5.640000e-01  2.239532e-01
5.670000e-01  2.233870e-01
5.700000e-01  2.228235e-01
5.730000e-01  2.222628e-01
5.760000e-01  2.217048e-01
5.790000e-01  2.211495e-01
5.820000e-01  2.205968e-01
5.850000e-01  2.200468e-01
5.880000e-01  2.194993e-01
5.910000e-01  2.189543e-01
5.940000e-01  2.184119e-01
5.970000e-01  2.178720e-01
6.000000e-01  2.173345e-01
6.030000e-01  2.167995e-01
6.060000e-01  2.162668e-01
6.090000e-01  2.157365e-01
6.120000e-01  2.152085e-01
6.150000e-01  2.146829e-01
6.180000e-01  2.141595e-01
6.210000e-01  2.136384e-01
6.240000e-01  2.131195e-01
6.270000e-01  2.126027e-01
6.300000e-01  2.120882e-01
6.330000e-01  2.115758e-01
6.360000e-01  2.110655e-01
6.390000e-01  2.105573e-01
6.420000e-01  2.100511e-01
6.450000e-01  2.095470e-01
6.480000e-01  2.090449e-01
6.510000e-01  2.085448e-01
6.540000e-01  2.080467e-01
6.570000e-01  2.075505e-01
6.600000e-01  2.070562e-01
6.630000e-01  2.065638e-01
6.660000e-01  2.060733e-01
6.690000e-01  2.055846e-01
6.720000e-01  2.050978e-01
6.750000e-01  2.046128e-01
6.780000e-01  2.041295e-01
6.810000e-01  2.036480e-01
6.840000e-01  2.031682e-01
6.870000e-01  2.026902e-01
6.900000e-01  2.022139e-01
6.930000e-01  2.017392e-01
6.960000e-01  2.012662e-01
6.990000e-01  2.007948e-01
7.020000e-01  2.003250e-01
7.050000e-01  1.998569e-01
7.080000e-01  1.993903e-01
7.110000e-01  1.989252e-01
7.140000e-01  1.984617e-01
7.170000e-01  1.979997e-01
7.200000e-01  1.975393e-01
7.230000e-01  1.970803e-01
7.260000e-01  1.966227e-01
7.290000e-01  1.961667e-01
7.320000e-01  1.957120e-01
7.350000e-01  1.952587e-01
7.380000e-01  1.948069e-01
7.410000e-01  1.943564e-01
7.440000e-01  1.939072e-01
7.470000e-01  1.934594e-01
7.500000e-01  1.930130e-01
7.530000e-01  1.925678e-01
7.560000e-01  1.921239e-01
7.590000e-01  1.916813e-01
7.620000e-01  1.912400e-01
7.650000e-01  1.907999e-01
7.680000e-01  1.903610e-01
7.710000e-01  1.899233e-01
7.740000e-01  1.894868e-01
7.770000e-01  1.890515e-01
7.800000e-01  1.886173e-01
7.830000e-01  1.881843e-01
7.860000e-01  1.877524e-01
7.890000e-01  1.873217e-01
7.920000e-01  1.868920e-01
7.950000e-01  1.864634e-01
7.980000e-01  1.860359e-01
8.010000e-01  1.856094e-01
8.040000e-01  1.851840e-01
8.070000e-01  1.847596e-01
8.100000e-01  1.843362e-01
8.130000e-01  1.839138e-01
8.160000e-01  1.834924e-01
8.190000e-01  1.830719e-01
8.220000e-01  1.826524e-01
8.250000e-01  1.822338e-01
8.280000e-01  1.818162e-01
8.310000e-01  1.813995e-01
8.340000e-01  1.809836e-01
8.370000e-01  1.805687e-01
8.400000e-01  1.801546e-01
8.430000e-01  1.797413e-01
8.460000e-01  1.793289e-01
8.490000e-01  1.789174e-01
8.520000e-01  1.785066e-01
8.550000e-01  1.780966e-01
8.580000e-01  1.776875e-01
8.610000e-01  1.772791e-01
8.640000e-01  1.768714e-01
8.670000e-01  1.764645e-01
8.700000e-01  1.760583e-01
8.730000e-01  1.756529e-01
8.760000e-01  1.752481e-01
8.790000e-01  1.748441e-01
8.820000e-01  1.744407e-01
8.850000e-01  1.740380e-01
8.880000e-01  1.736359e-01
8.910000e-01  1.732345e-01
8.940000e-01  1.728337e-01
8.970000e-01  1.724335e-01
9.000000e-01  1.720339e-01
9.030000e-01  1.716349e-01
9.060000e-01  1.712364e-01
9.090000e-01  1.708385e-01
9.120000e-01  1.704412e-01
9.150000e-01  1.700444e-01
9.180000e-01  1.696481e-01
9.210000e-01  1.692523e-01
9.240000e-01  1.688570e-01
9.270000e-01  1.684622e-01
9.300000e-01  1.680678e-01
9.330000e-01  1.676739e-01
9.360000e-01  1.672805e-01
9.390000e-01  1.668874e-01
9.420000e-01  1.664948e-01
9.450000e-01  1.661026e-01
9.480000e-01  1.657107e-01
9.510000e-01  1.653192e-01
9.540000e-01  1.649281e-01
9.570000e-01  1.645373e-01
9.600000e-01  1.641469e-01
9.630000e-01  1.637567e-01
9.660000e-01  1.633669e-01
9.690000e-01  1.629773e-01
9.720000e-01  1.625880e-01
9.750000e-01  1.621990e-01
9.780000e-01  1.618102e-01
9.810000e-01  1.614216e-01
9.840000e-01  1.610333e-01
9.870000e-01  1.606451e-01
9.900000e-01  1.602572e-01
9.930000e-01  1.598694e-01
9.960000e-01  1.594817e-01
9.990000e-01  1.590942e-01
