000000  000001
3.000000e-03  8.879089e-01
6.000000e-03  8.219095e-01
9.000000e-03  7.753363e-01
1.200000e-02  7.395361e-01
1.500000e-02  7.105814e-01
1.800000e-02  6.863544e-01
2.100000e-02  6.655827e-01
2.400000e-02  6.474429e-01
2.700000e-02  6.313717e-01
3.000000e-02  6.169673e-01
3.300000e-02  6.039331e-01
3.600000e-02  5.920442e-01
3.900000e-02  5.811260e-01
4.200000e-02  5.710405e-01
4.500000e-02  5.616766e-01
4.800000e-02  5.529437e-01
5.100000e-02  5.447669e-01
5.400000e-02  5.370839e-01
5.700000e-02  5.298417e-01
6.000000e-02  5.229956e-01
6.300000e-02  5.165071e-01
6.600000e-02  5.103428e-01
6.900000e-02  5.044739e-01
7.200000e-02  4.988751e-01
7.500000e-02  4.935242e-01
7.800000e-02  4.884013e-01
8.100000e-02  4.834892e-01
8.400000e-02  4.787722e-01
8.700000e-02  4.742364e-01
9.000000e-02  4.698691e-01
9.300000e-02  4.656592e-01
9.600000e-02  4.615963e-01
9.900000e-02  4.576712e-01
1.020000e-01  4.538754e-01
1.050000e-01  4.502011e-01
1.080000e-01  4.466413e-01
1.110000e-01  4.431896e-01
1.140000e-01  4.398399e-01
1.170000e-01  4.365868e-01
1.200000e-01  4.334252e-01
1.230000e-01  4.303503e-01
1.260000e-01  4.273579e-01
1.290000e-01  4.244439e-01
1.320000e-01  4.216045e-01
1.350000e-01  4.188362e-01
1.380000e-01  4.161359e-01
1.410000e-01  4.135003e-01
1.440000e-01  4.109267e-01
1.470000e-01  4.084124e-01
1.500000e-01  4.059548e-01
1.530000e-01  4.035516e-01
1.560000e-01  4.012007e-01
1.590000e-01  3.988998e-01
1.620000e-01  3.966471e-01
1.650000e-01  3.944406e-01
1.680000e-01  3.922786e-01
1.710000e-01  3.901595e-01
1.740000e-01  3.880816e-01
1.770000e-01  3.860435e-01
1.800000e-01  3.840438e-01
1.830000e-01  3.820811e-01
1.860000e-01  3.801542e-01
1.890000e-01  3.782618e-01
1.920000e-01  3.764028e-01
1.950000e-01  3.745761e-01
1.980000e-01  3.727807e-01
2.010000e-01  3.710154e-01
2.040000e-01  3.692795e-01
2.070000e-01  3.675720e-01
2.100000e-01  3.658920e-01
2.130000e-01  3.642386e-01
2.160000e-01  3.626112e-01
2.190000e-01  3.610089e-01
2.220000e-01  3.594310e-01
2.250000e-01  3.578768e-01
2.280000e-01  3.563456e-01
2.310000e-01  3.548368e-01
2.340000e-01  3.533498e-01
2.370000e-01  3.518840e-01
2.400000e-01  3.504388e-01
2.430000e-01  3.490136e-01
2.460000e-01  3.476080e-01
2.490000e-01  3.462214e-01
2.520000e-01  3.448534e-01
2.550000e-01  3.435034e-01
2.580000e-01  3.421711e-01
2.610000e-01  3.408559e-01
2.640000e-01  3.395575e-01
2.670000e-01  3.382755e-01
2.700000e-01  3.370094e-01
2.730000e-01  3.357589e-01
2.760000e-01  3.345237e-01
2.790000e-01  3.333033e-01
2.820000e-01  3.320974e-01
2.850000e-01  3.309057e-01
2.880000e-01  3.297279e-01
2.910000e-01  3.285636e-01
2.940000e-01  3.274126e-01
2.970000e-01  3.262746e-01
3.000000e-01  3.251493e-01
3.030000e-01  3.240364e-01
3.060000e-01  3.229357e-01
3.090000e-01  3.218468e-01
3.120000e-01  3.207696e-01
3.150000e-01  3.197038e-01
3.180000e-01  3.186493e-01
3.210000e-01  3.176056e-01
3.240000e-01  3.165727e-01
3.270000e-01  3.155503e-01
3.300000e-01  3.145382e-01
3.330000e-01  3.135362e-01
3.360000e-01  3.125442e-01
3.390000e-01  3.115618e-01
3.420000e-01  3.105890e-01
3.450000e-01  3.096255e-01
3.480000e-01  3.086713e-01
3.510000e-01  3.077260e-01
3.540000e-01  3.067895e-01
3.570000e-01  3.058618e-01
3.600000e-01  3.049426e-01
3.630000e-01  3.040317e-01
3.660000e-01  3.031291e-01
3.690000e-01  3.022345e-01
3.720000e-01  3.013479e-01
3.750000e-01  3.004690e-01
3.780000e-01  2.995978e-01
3.810000e-01  2.987342e-01
3.840000e-01  2.978779e-01
3.870000e-01  2.970289e-01
3.900000e-01  2.961871e-01
3.930000e-01  2.953522e-01
3.960000e-01  2.945243e-01
3.990000e-01  2.937032e-01
4.020000e-01  2.928888e-01
4.050000e-01  2.920810e-01
4.080000e-01  2.912796e-01
4.110000e-01  2.904846e-01
4.140000e-01  2.896959e-01
4.170000e-01  2.889133e-01
4.200000e-01  2.881368e-01
4.230000e-01  2.873663e-01
4.260000e-01  2.866017e-01
4.290000e-01  2.858429e-01
4.320000e-01  2.850897e-01
4.350000e-01  2.843423e-01
4.380000e-01  2.836003e-01
4.410000e-01  2.828638e-01
4.440000e-01  2.821326e-01
4.470000e-01  2.814068e-01
4.500000e-01  2.806861e-01
4.530000e-01  2.799706e-01
4.560000e-01  2.792602e-01
4.590000e-01  2.785547e-01
4.620000e-01  2.778542e-01
4.650000e-01  2.771585e-01
4.680000e-01  2.764676e-01
4.710000e-01  2.757814e-01
4.740000e-01  2.750998e-01
4.770000e-01  2.744229e-01
4.800000e-01  2.737504e-01
4.830000e-01  2.730824e-01
4.860000e-01  2.724188e-01
4.890000e-01  2.717596e-01
4.920000e-01  2.711046e-01
4.950000e-01  2.704538e-01
4.980000e-01  2.698072e-01
5.010000e-01  2.691647e-01
5.040000e-01  2.685262e-01
5.070000e-01  2.678918e-01
5.100000e-01  2.672613e-01
5.130000e-01  2.666346e-01
5.160000e-01  2.660119e-01
5.190000e-01  2.653929e-01
5.220000e-01  2.647777e-01
5.250000e-01  2.641661e-01
5.280000e-01  2.635583e-01
5.310000e-01  2.629540e-01
5.340000e-01  2.623533e-01
5.370000e-01  2.617561e-01
5.400000e-01  2.611624e-01
5.430000e-01  2.605721e-01
5.460000e-01  2.599852e-01
5.490000e-01  2.594016e-01
5.520000e-01  2.588213e-01
5.550000e-01  2.582443e-01
5.580000e-01  2.576706e-01
5.610000e-01  2.571000e-01
5.640000e-01  2.565325e-01
5.670000e-01  2.559682e-01
5.700000e-01  2.554070e-01
5.730000e-01  2.548488e-01
5.760000e-01  2.542935e-01
5.790000e-01  2.537413e-01
5.820000e-01  2.531920e-01
5.850000e-01  2.526456e-01
5.880000e-01  2.521020e-01
5.910000e-01  2.515613e-01
5.940000e-01  2.510233e-01
5.970000e-01  2.504882e-01
6.000000e-01  2.499558e-01
6.030000e-01  2.494260e-01
6.060000e-01  2.488990e-01
6.090000e-01  2.483746e-01
6.120000e-01  2.478528e-01
6.150000e-01  2.473336e-01
6.180000e-01  2.468170e-01
6.210000e-01  2.463029e-01
6.240000e-01  2.457912e-01
6.270000e-01  2.452821e-01
6.300000e-01  2.447754e-01
6.330000e-01  2.442711e-01
6.360000e-01  2.437693e-01
6.390000e-01  2.432698e-01
6.420000e-01  2.427726e-01
6.450000e-01  2.422777e-01
6.480000e-01  2.417852e-01
6.510000e-01  2.412949e-01
6.540000e-01  2.408068e-01
6.570000e-01  2.403210e-01
6.600000e-01  2.398374e-01
6.630000e-01  2.393560e-01
6.660000e-01  2.388767e-01
6.690000e-01  2.383995e-01
6.720000e-01  2.379244e-01
6.750000e-01  2.374514e-01
6.780000e-01  2.369805e-01
6.810000e-01  2.365117e-01
6.840000e-01  2.360448e-01
6.870000e-01  2.355800e-01
6.900000e-01  2.351171e-01
6.930000e-01  2.346562e-01
6.960000e-01  2.341972e-01
6.990000e-01  2.337402e-01
7.020000e-01  2.332851e-01
7.050000e-01  2.328318e-01
7.080000e-01  2.323804e-01
7.110000e-01  2.319309e-01
7.140000e-01  2.314832e-01
7.170000e-01  2.310373e-01
7.200000e-01  2.305931e-01
7.230000e-01  2.301508e-01
7.260000e-01  2.297102e-01
7.290000e-01  2.292714e-01
7.320000e-01  2.288343e-01
7.350000e-01  2.283989e-01
7.380000e-01  2.279651e-01
7.410000e-01  2.275331e-01
7.440000e-01  2.271027e-01
7.470000e-01  2.266739e-01
7.500000e-01  2.262468e-01
7.530000e-01  2.258213e-01
7.560000e-01  2.253974e-01
7.590000e-01  2.249750e-01
7.620000e-01  2.245543e-01
7.650000e-01  2.241350e-01
7.680000e-01  2.237173e-01
7.710000e-01  2.233011e-01
7.740000e-01  2.228865e-01
7.770000e-01  2.224733e-01
7.800000e-01  2.220616e-01
7.830000e-01  2.216514e-01
7.860000e-01  2.212426e-01
7.890000e-01  2.208352e-01
7.920000e-01  2.204293e-01
7.950000e-01  2.200248e-01
7.980000e-01  2.196217e-01
8.010000e-01  2.192200e-01
8.040000e-01  2.188196e-01
8.070000e-01  2.184206e-01
8.100000e-01  2.180229e-01
8.130000e-01  2.176266e-01
8.160000e-01  2.172316e-01
8.190000e-01  2.168379e-01
8.220000e-01  2.164455e-01
8.250000e-01  2.160544e-01
8.280000e-01  2.156646e-01
8.310000e-01  2.152760e-01
8.340000e-01  2.148887e-01
8.370000e-01  2.145026e-01
8.400000e-01  2.141177e-01
8.430000e-01  2.137341e-01
8.460000e-01  2.133517e-01
8.490000e-01  2.129704e-01
8.520000e-01  2.125904e-01
8.550000e-01  2.122115e-01
8.580000e-01  2.118338e-01
8.610000e-01  2.114572e-01
8.640000e-01  2.110818e-01
8.670000e-01  2.107075e-01
8.700000e-01  2.103343e-01
8.730000e-01  2.099623e-01
8.760000e-01  2.095913e-01
8.790000e-01  2.092214e-01
8.820000e-01  2.088527e-01
8.850000e-01  2.084850e-01
8.880000e-01  2.081183e-01
8.910000e-01  2.077527e-01
8.940000e-01  2.073882e-01
8.970000e-01  2.070246e-01
9.000000e-01  2.066622e-01
9.030000e-01  2.063007e-01
9.060000e-01  2.059402e-01
9.090000e-01  2.055807e-01
9.120000e-01  2.052223e-01
9.150000e-01  2.048648e-01
9.180000e-01  2.045082e-01
9.210000e-01  2.041527e-01
9.240000e-01  2.037980e-01
9.270000e-01  2.034444e-01
9.300000e-01  2.030916e-01
9.330000e-01  2.027398e-01
9.360000e-01  2.023889e-01
9.390000e-01  2.020390e-01
9.420000e-01  2.016899e-01
9.450000e-01  2.013417e-01
9.480000e-01  2.009945e-01
9.510000e-01  2.006481e-01
9.540000e-01  2.003025e-01
9.570000e-01  1.999579e-01
9.600000e-01  1.996140e-01
9.630000e-01  1.992711e-01
9.660000e-01  1.989289e-01
9.690000e-01  1.985877e-01
9.720000e-01  1.982472e-01
9.750000e-01  1.979075e-01
9.780000e-01  1.975687e-01
9.810000e-01  1.972307e-01
9.840000e-01  1.968934e-01
9.870000e-01  1.965570e-01
9.900000e-01  1.962213e-01
9.930000e-01  1.958864e-01
9.960000e-01  1.955523e-01
9.990000e-01  1.952189e-01
