000000  000001
3.000000e-03  7.685892e-01
6.000000e-03  6.792184e-01
9.000000e-03  6.244404e-01
1.200000e-02  5.854561e-01
1.500000e-02  5.554673e-01
1.800000e-02  5.312568e-01
2.100000e-02  5.110542e-01
2.400000e-02  4.937848e-01
2.700000e-02  4.787485e-01
3.000000e-02  4.654654e-01
3.300000e-02  4.535923e-01
3.600000e-02  4.428762e-01
3.900000e-02  4.331250e-01
4.200000e-02  4.241900e-01
4.500000e-02  4.159534e-01
4.800000e-02  4.083210e-01
5.100000e-02  4.012156e-01
5.400000e-02  3.945738e-01
5.700000e-02  3.883428e-01
6.000000e-02  3.824778e-01
6.300000e-02  3.769412e-01
6.600000e-02  3.717003e-01
6.900000e-02  3.667272e-01
7.200000e-02  3.619977e-01
7.500000e-02  3.574905e-01
7.800000e-02  3.531870e-01
8.100000e-02  3.490707e-01
8.400000e-02  3.451271e-01
8.700000e-02  3.413430e-01
9.000000e-02  3.377070e-01
9.300000e-02  3.342086e-01
9.600000e-02  3.308384e-01
9.900000e-02  3.275879e-01
1.020000e-01  3.244494e-01
1.050000e-01  3.214158e-01
1.080000e-01  3.184809e-01
1.110000e-01  3.156387e-01
1.140000e-01  3.128839e-01
1.170000e-01  3.102116e-01
1.200000e-01  3.076173e-01
1.230000e-01  3.050967e-01
1.260000e-01  3.026462e-01
1.290000e-01  3.002620e-01
1.320000e-01  2.979408e-01
1.350000e-01  2.956796e-01
1.380000e-01  2.934756e-01
1.410000e-01  2.913259e-01
1.440000e-01  2.892283e-01
1.470000e-01  2.871802e-01
1.500000e-01  2.851796e-01
1.530000e-01  2.832243e-01
1.560000e-01  2.813125e-01
1.590000e-01  2.794423e-01
1.620000e-01  2.776121e-01
1.650000e-01  2.758203e-01
1.680000e-01  2.740653e-01
1.710000e-01  2.723457e-01
1.740000e-01  2.706601e-01
1.770000e-01  2.690074e-01
1.800000e-01  2.673862e-01
1.830000e-01  2.657955e-01
1.860000e-01  2.642341e-01
1.890000e-01  2.627011e-01
1.920000e-01  2.611954e-01
1.950000e-01  2.597161e-01
1.980000e-01  2.582623e-01
2.010000e-01  2.568332e-01
2.040000e-01  2.554280e-01
2.070000e-01  2.540459e-01
2.100000e-01  2.526862e-01
2.130000e-01  2.513481e-01
2.160000e-01  2.500311e-01
2.190000e-01  2.487345e-01
2.220000e-01  2.474576e-01
2.250000e-01  2.461998e-01
2.280000e-01  2.449607e-01
2.310000e-01  2.437397e-01
2.340000e-01  2.425362e-01
2.370000e-01  2.413498e-01
2.400000e-01  2.401800e-01
2.430000e-01  2.390264e-01
2.460000e-01  2.378884e-01
2.490000e-01  2.367657e-01
2.520000e-01  2.356578e-01
2.550000e-01  2.345645e-01
2.580000e-01  2.334852e-01
2.610000e-01  2.324197e-01
2.640000e-01  2.313676e-01
2.670000e-01  2.303285e-01
2.700000e-01  2.293021e-01
2.730000e-01  2.282882e-01
2.760000e-01  2.272863e-01
2.790000e-01  2.262963e-01
2.820000e-01  2.253179e-01
2.850000e-01  2.243507e-01
2.880000e-01  2.233944e-01
2.910000e-01  2.224490e-01
2.940000e-01  2.215140e-01
2.970000e-01  2.205893e-01
3.000000e-01  2.196746e-01
3.030000e-01  2.187698e-01
3.060000e-01  2.178745e-01
3.090000e-01  2.169885e-01
3.120000e-01  2.161118e-01
3.150000e-01  2.152440e-01
3.180000e-01  2.143850e-01
3.210000e-01  2.135346e-01
3.240000e-01  2.126927e-01
3.270000e-01  2.118589e-01
3.300000e-01  2.110333e-01
3.330000e-01  2.102155e-01
3.360000e-01  2.094055e-01
3.390000e-01  2.086030e-01
3.420000e-01  2.078080e-01
3.450000e-01  2.070203e-01
3.480000e-01  2.062397e-01
3.510000e-01  2.054661e-01
3.540000e-01  2.046994e-01
3.570000e-01  2.039395e-01
3.600000e-01  2.031861e-01
3.630000e-01  2.024392e-01
3.660000e-01  2.016986e-01
3.690000e-01  2.009644e-01
3.720000e-01  2.002362e-01
3.750000e-01  1.995140e-01
3.780000e-01  1.987977e-01
3.810000e-01  1.980872e-01
3.840000e-01  1.973824e-01
3.870000e-01  1.966832e-01
3.900000e-01  1.959894e-01
3.930000e-01  1.953011e-01
3.960000e-01  1.946180e-01
3.990000e-01  1.939401e-01
4.020000e-01  1.932673e-01
4.050000e-01  1.925995e-01
4.080000e-01  1.919367e-01
4.110000e-01  1.912787e-01
4.140000e-01  1.906255e-01
4.170000e-01  1.899769e-01
4.200000e-01  1.893329e-01
4.230000e-01  1.886935e-01
4.260000e-01  1.880585e-01
4.290000e-01  1.874278e-01
4.320000e-01  1.868015e-01
4.350000e-01  1.861794e-01
4.380000e-01  1.855614e-01
4.410000e-01  1.849476e-01
4.440000e-01  1.843377e-01
4.470000e-01  1.837318e-01
4.500000e-01  1.831298e-01
4.530000e-01  1.825316e-01
4.560000e-01  1.819372e-01
4.590000e-01  1.813465e-01
4.620000e-01  1.807595e-01
4.650000e-01  1.801760e-01
4.680000e-01  1.795961e-01
4.710000e-01  1.790196e-01
4.740000e-01  1.784466e-01
4.770000e-01  1.778769e-01
4.800000e-01  1.773106e-01
4.830000e-01  1.767475e-01
4.860000e-01  1.761876e-01
4.890000e-01  1.756309e-01
4.920000e-01  1.750773e-01
4.950000e-01  1.745268e-01
4.980000e-01  1.739792e-01
5.010000e-01  1.734347e-01
5.040000e-01  1.728931e-01
5.070000e-01  1.723543e-01
5.100000e-01  1.718184e-01
5.130000e-01  1.712853e-01
5.160000e-01  1.707550e-01
5.190000e-01  1.702273e-01
5.220000e-01  1.697023e-01
5.250000e-01  1.691800e-01
5.280000e-01  1.686602e-01
5.310000e-01  1.681430e-01
5.340000e-01  1.676282e-01
5.370000e-01  1.671160e-01
5.400000e-01  1.666062e-01
5.430000e-01  1.660988e-01
5.460000e-01  1.655937e-01
5.490000e-01  1.650910e-01
5.520000e-01  1.645905e-01
5.550000e-01  1.640923e-01
5.580000e-01  1.635964e-01
5.610000e-01  1.631026e-01
5.640000e-01  1.626109e-01
5.670000e-01  1.621214e-01
5.700000e-01  1.616340e-01
5.730000e-01  1.611486e-01
5.760000e-01  1.606652e-01
5.790000e-01  1.601839e-01
5.820000e-01  1.597045e-01
5.850000e-01  1.592270e-01
5.880000e-01  1.587514e-01
5.910000e-01  1.582777e-01
5.940000e-01  1.578058e-01
5.970000e-01  1.573358e-01
6.000000e-01  1.568675e-01
6.030000e-01  1.564010e-01
6.060000e-01  1.559362e-01
6.090000e-01  1.554731e-01
6.120000e-01  1.550117e-01
6.150000e-01  1.545519e-01
6.180000e-01  1.540938e-01
6.210000e-01  1.536372e-01
6.240000e-01  1.531822e-01
6.270000e-01  1.527287e-01
6.300000e-01  1.522768e-01
6.330000e-01  1.518263e-01
6.360000e-01  1.513773e-01
6.390000e-01  1.509297e-01
6.420000e-01  1.504836e-01
6.450000e-01  1.500388e-01
6.480000e-01  1.495954e-01
6.510000e-01  1.491533e-01
6.540000e-01  1.487125e-01
6.570000e-01  1.482731e-01
6.600000e-01  1.478349e-01
6.630000e-01  1.473979e-01
6.660000e-01  1.469621e-01
6.690000e-01  1.465276e-01
6.720000e-01  1.460942e-01
6.750000e-01  1.456620e-01
6.780000e-01  1.452309e-01
6.810000e-01  1.448008e-01
6.840000e-01  1.443719e-01
6.870000e-01  1.439440e-01
6.900000e-01  1.435172e-01
6.930000e-01  1.430914e-01
6.960000e-01  1.426665e-01
6.990000e-01  1.422427e-01
7.020000e-01  1.418197e-01
7.050000e-01  1.413977e-01
7.080000e-01  1.409766e-01
7.110000e-01  1.405564e-01
7.140000e-01  1.401370e-01
7.170000e-01  1.397184e-01
7.200000e-01  1.393007e-01
7.230000e-01  1.388837e-01
7.260000e-01  1.384676e-01
7.290000e-01  1.380521e-01
7.320000e-01  1.376374e-01
7.350000e-01  1.372234e-01
7.380000e-01  1.368100e-01
7.410000e-01  1.363974e-01
7.440000e-01  1.359853e-01
7.470000e-01  1.355739e-01
7.500000e-01  1.351630e-01
7.530000e-01  1.347527e-01
7.560000e-01  1.343429e-01
7.590000e-01  1.339337e-01
7.620000e-01  1.335250e-01
7.650000e-01  1.331167e-01
7.680000e-01  1.327089e-01
7.710000e-01  1.323015e-01
7.740000e-01  1.318945e-01
7.770000e-01  1.314879e-01
7.800000e-01  1.310816e-01
7.830000e-01  1.306757e-01
7.860000e-01  1.302700e-01
7.890000e-01  1.298647e-01
7.920000e-01  1.294596e-01
7.950000e-01  1.290547e-01
7.980000e-01  1.286501e-01
8.010000e-01  1.282456e-01
8.040000e-01  1.278413e-01
8.070000e-01  1.274371e-01
8.100000e-01  1.270330e-01
8.130000e-01  1.266290e-01
8.160000e-01  1.262250e-01
8.190000e-01  000000
8.220000e-01  000000
8.250000e-01  000000
8.280000e-01  000000
8.310000e-01  000000
8.340000e-01  000000
8.370000e-01  000000
8.400000e-01  000000
8.430000e-01  000000
8.460000e-01  000000
8.490000e-01  000000
8.520000e-01  000000
8.550000e-01  000000
8.580000e-01  000000
8.610000e-01  000000
8.640000e-01  000000
8.670000e-01  000000
8.700000e-01  000000
8.730000e-01  000000
8.760000e-01  000000
8.790000e-01  000000
8.820000e-01  000000
8.850000e-01  000000
8.880000e-01  000000
8.910000e-01  000000
8.940000e-01  000000
8.970000e-01  000000
9.000000e-01  000000
9.030000e-01  000000
9.060000e-01  000000
9.090000e-01  000000
9.120000e-01  000000
9.150000e-01  000000
9.180000e-01  000000
9.210000e-01  000000
9.240000e-01  000000
9.270000e-01  000000
9.300000e-01  000000
9.330000e-01  000000
9.360000e-01  000000
9.390000e-01  000000
9.420000e-01  000000
9.450000e-01  000000
9.480000e-01  000000
9.510000e-01  000000
9.540000e-01  000000
9.570000e-01  000000
9.600000e-01  000000
9.630000e-01  000000
9.660000e-01  000000
9.690000e-01  000000
9.720000e-01  000000
9.750000e-01  000000
9.780000e-01  000000
9.810000e-01  000000
9.840000e-01  000000
9.870000e-01  000000
9.900000e-01  000000
9.930000e-01  000000
9.960000e-01  000000
9.990000e-01  000000
