000000  000001
3.000000e-03  8.417788e-01
6.000000e-03  7.634589e-01
9.000000e-03  7.118088e-01
1.200000e-02  6.736077e-01
1.500000e-02  6.434934e-01
1.800000e-02  6.187608e-01
2.100000e-02  5.978567e-01
2.400000e-02  5.798088e-01
2.700000e-02  5.639688e-01
3.000000e-02  5.498836e-01
3.300000e-02  5.372247e-01
3.600000e-02  5.257462e-01
3.900000e-02  5.152597e-01
4.200000e-02  5.056179e-01
4.500000e-02  4.967032e-01
4.800000e-02  4.884207e-01
5.100000e-02  4.806922e-01
5.400000e-02  4.734533e-01
5.700000e-02  4.666496e-01
6.000000e-02  4.602353e-01
6.300000e-02  4.541712e-01
6.600000e-02  4.484236e-01
6.900000e-02  4.429635e-01
7.200000e-02  4.377653e-01
7.500000e-02  4.328068e-01
7.800000e-02  4.280685e-01
8.100000e-02  4.235329e-01
8.400000e-02  4.191847e-01
8.700000e-02  4.150100e-01
9.000000e-02  4.109965e-01
9.300000e-02  4.071331e-01
9.600000e-02  4.034097e-01
9.900000e-02  3.998172e-01
1.020000e-01  3.963475e-01
1.050000e-01  3.929929e-01
1.080000e-01  3.897467e-01
1.110000e-01  3.866025e-01
1.140000e-01  3.835545e-01
1.170000e-01  3.805975e-01
1.200000e-01  3.777266e-01
1.230000e-01  3.749371e-01
1.260000e-01  3.722250e-01
1.290000e-01  3.695864e-01
1.320000e-01  3.670177e-01
1.350000e-01  3.645155e-01
1.380000e-01  3.620766e-01
1.410000e-01  3.596983e-01
1.440000e-01  3.573777e-01
1.470000e-01  3.551123e-01
1.500000e-01  3.528997e-01
1.530000e-01  3.507378e-01
1.560000e-01  3.486243e-01
1.590000e-01  3.465572e-01
1.620000e-01  3.445348e-01
1.650000e-01  3.425553e-01
1.680000e-01  3.406169e-01
1.710000e-01  3.387182e-01
1.740000e-01  3.368577e-01
1.770000e-01  3.350339e-01
1.800000e-01  3.332455e-01
1.830000e-01  3.314912e-01
1.860000e-01  3.297700e-01
1.890000e-01  3.280805e-01
1.920000e-01  3.264218e-01
1.950000e-01  3.247928e-01
1.980000e-01  3.231925e-01
2.010000e-01  3.216200e-01
2.040000e-01  3.200744e-01
2.070000e-01  3.185549e-01
2.100000e-01  3.170607e-01
2.130000e-01  3.155908e-01
2.160000e-01  3.141448e-01
2.190000e-01  3.127217e-01
2.220000e-01  3.113210e-01
2.250000e-01  3.099420e-01
2.280000e-01  3.085840e-01
2.310000e-01  3.072465e-01
2.340000e-01  3.059290e-01
2.370000e-01  3.046307e-01
2.400000e-01  3.033513e-01
2.430000e-01  3.020902e-01
2.460000e-01  3.008469e-01
2.490000e-01  2.996210e-01
2.520000e-01  2.984119e-01
2.550000e-01  2.972194e-01
2.580000e-01  2.960429e-01
2.610000e-01  2.948820e-01
2.640000e-01  2.937364e-01
2.670000e-01  2.926056e-01
2.700000e-01  2.914894e-01
2.730000e-01  2.903874e-01
2.760000e-01  2.892991e-01
2.790000e-01  2.882244e-01
2.820000e-01  2.871629e-01
2.850000e-01  2.861142e-01
2.880000e-01  2.850782e-01
2.910000e-01  2.840545e-01
2.940000e-01  2.830427e-01
2.970000e-01  2.820428e-01
3.000000e-01  2.810543e-01
3.030000e-01  2.800771e-01
3.060000e-01  2.791109e-01
3.090000e-01  2.781556e-01
3.120000e-01  2.772107e-01
3.150000e-01  2.762762e-01
3.180000e-01  2.753518e-01
3.210000e-01  2.744373e-01
3.240000e-01  2.735325e-01
3.270000e-01  2.726372e-01
3.300000e-01  2.717512e-01
3.330000e-01  2.708744e-01
3.360000e-01  2.700065e-01
3.390000e-01  2.691474e-01
3.420000e-01  2.682969e-01
3.450000e-01  2.674549e-01
3.480000e-01  2.666211e-01
3.510000e-01  2.657955e-01
3.540000e-01  2.649778e-01
3.570000e-01  2.641680e-01
3.600000e-01  2.633659e-01
3.630000e-01  2.625713e-01
3.660000e-01  2.617841e-01
3.690000e-01  2.610042e-01
3.720000e-01  2.602315e-01
3.750000e-01  2.594658e-01
3.780000e-01  2.587069e-01
3.810000e-01  2.579549e-01
3.840000e-01  2.572095e-01
3.870000e-01  2.564707e-01
3.900000e-01  2.557382e-01
3.930000e-01  2.550122e-01
3.960000e-01  2.542923e-01
3.990000e-01  2.535786e-01
4.020000e-01  2.528708e-01
4.050000e-01  2.521690e-01
4.080000e-01  2.514730e-01
4.110000e-01  2.507828e-01
4.140000e-01  2.500981e-01
4.170000e-01  2.494191e-01
4.200000e-01  2.487455e-01
4.230000e-01  2.480772e-01
4.260000e-01  2.474142e-01
4.290000e-01  2.467565e-01
4.320000e-01  2.461039e-01
4.350000e-01  2.454563e-01
4.380000e-01  2.448137e-01
4.410000e-01  2.441760e-01
4.440000e-01  2.435431e-01
4.470000e-01  2.429150e-01
4.500000e-01  2.422915e-01
4.530000e-01  2.416727e-01
4.560000e-01  2.410584e-01
4.590000e-01  2.404485e-01
4.620000e-01  2.398431e-01
4.650000e-01  2.392421e-01
4.680000e-01  2.386453e-01
4.710000e-01  2.380528e-01
4.740000e-01  2.374644e-01
4.770000e-01  2.368801e-01
4.800000e-01  2.362999e-01
4.830000e-01  2.357237e-01
4.860000e-01  2.351514e-01
4.890000e-01  2.345830e-01
4.920000e-01  2.340185e-01
4.950000e-01  2.334577e-01
4.980000e-01  2.329007e-01
5.010000e-01  2.323473e-01
5.040000e-01  2.317976e-01
5.070000e-01  2.312515e-01
5.100000e-01  2.307089e-01
5.130000e-01  2.301698e-01
5.160000e-01  2.296341e-01
5.190000e-01  2.291018e-01
5.220000e-01  2.285729e-01
5.250000e-01  2.280473e-01
5.280000e-01  2.275250e-01
5.310000e-01  2.270059e-01
5.340000e-01  2.264900e-01
5.370000e-01  2.259773e-01
5.400000e-01  2.254677e-01
5.430000e-01  2.249611e-01
5.460000e-01  2.244576e-01
5.490000e-01  2.239571e-01
5.520000e-01  2.234595e-01
5.550000e-01  2.229648e-01
5.580000e-01  2.224731e-01
5.610000e-01  2.219842e-01
5.640000e-01  2.214981e-01
5.670000e-01  2.210148e-01
5.700000e-01  2.205343e-01
5.730000e-01  2.200565e-01
5.760000e-01  2.195814e-01
5.790000e-01  2.191089e-01
5.820000e-01  2.186391e-01
5.850000e-01  2.181718e-01
5.880000e-01  2.177072e-01
5.910000e-01  2.172450e-01
5.940000e-01  2.167854e-01
5.970000e-01  2.163283e-01
6.000000e-01  2.158736e-01
6.030000e-01  2.154213e-01
6.060000e-01  2.149714e-01
6.090000e-01  2.145239e-01
6.120000e-01  2.140788e-01
6.150000e-01  2.136360e-01
6.180000e-01  2.131954e-01
6.210000e-01  2.127571e-01
6.240000e-01  2.123211e-01
6.270000e-01  2.118873e-01
6.300000e-01  2.114557e-01
6.330000e-01  2.110262e-01
6.360000e-01  2.105989e-01
6.390000e-01  2.101738e-01
6.420000e-01  2.097507e-01
6.450000e-01  2.093297e-01
6.480000e-01  2.089108e-01
6.510000e-01  2.084939e-01
6.540000e-01  2.080790e-01
6.570000e-01  2.076661e-01
6.600000e-01  2.072552e-01
6.630000e-01  2.068462e-01
6.660000e-01  2.064392e-01
6.690000e-01  2.060341e-01
6.720000e-01  2.056309e-01
6.750000e-01  2.052295e-01
6.780000e-01  2.048300e-01
6.810000e-01  2.044324e-01
6.840000e-01  2.040365e-01
6.870000e-01  2.036425e-01
6.900000e-01  2.032502e-01
6.930000e-01  2.028597e-01
6.960000e-01  2.024710e-01
6.990000e-01  2.020840e-01
7.020000e-01  2.016986e-01
7.050000e-01  2.013150e-01
7.080000e-01  2.009331e-01
7.110000e-01  2.005528e-01
7.140000e-01  2.001742e-01
7.170000e-01  1.997972e-01
7.200000e-01  1.994218e-01
7.230000e-01  1.990481e-01
7.260000e-01  1.986759e-01
7.290000e-01  1.983052e-01
7.320000e-01  1.979361e-01
7.350000e-01  1.975686e-01
7.380000e-01  1.972026e-01
7.410000e-01  1.968381e-01
7.440000e-01  1.964751e-01
7.470000e-01  1.961136e-01
7.500000e-01  1.957535e-01
7.530000e-01  1.953949e-01
7.560000e-01  1.950377e-01
7.590000e-01  1.946820e-01
7.620000e-01  1.943277e-01
7.650000e-01  1.939747e-01
7.680000e-01  1.936232e-01
7.710000e-01  1.932731e-01
7.740000e-01  1.929243e-01
7.770000e-01  1.925768e-01
7.800000e-01  1.922307e-01
7.830000e-01  1.918859e-01
7.860000e-01  1.915425e-01
7.890000e-01  1.912003e-01
7.920000e-01  1.908594e-01
7.950000e-01  1.905198e-01
7.980000e-01  1.901815e-01
8.010000e-01  1.898444e-01
8.040000e-01  1.895086e-01
8.070000e-01  1.891740e-01
8.100000e-01  1.888406e-01
8.130000e-01  1.885085e-01
8.160000e-01  1.881775e-01
8.190000e-01  1.878478e-01
8.220000e-01  1.875192e-01
8.250000e-01  1.871918e-01
8.280000e-01  1.868655e-01
8.310000e-01  1.865404e-01
8.340000e-01  1.862165e-01
8.370000e-01  1.858937e-01
8.400000e-01  1.855720e-01
8.430000e-01  1.852514e-01
8.460000e-01  1.849319e-01
8.490000e-01  1.846135e-01
8.520000e-01  1.842962e-01
8.550000e-01  1.839799e-01
8.580000e-01  1.836647e-01
8.610000e-01  1.833506e-01
8.640000e-01  1.830375e-01
8.670000e-01  1.827255e-01
8.700000e-01  1.824145e-01
8.730000e-01  1.821045e-01
8.760000e-01  1.817955e-01
8.790000e-01  1.814876e-01
8.820000e-01  1.811806e-01
8.850000e-01  1.808746e-01
8.880000e-01  1.805696e-01
8.910000e-01  1.802656e-01
8.940000e-01  1.799625e-01
8.970000e-01  1.796604e-01
9.000000e-01  1.793592e-01
9.030000e-01  1.790589e-01
9.060000e-01  1.787596e-01
9.090000e-01  1.784612e-01
9.120000e-01  1.781638e-01
9.150000e-01  1.778672e-01
9.180000e-01  1.775716e-01
9.210000e-01  1.772768e-01
9.240000e-01  1.769829e-01
9.270000e-01  1.766899e-01
9.300000e-01  1.763978e-01
9.330000e-01  1.761065e-01
9.360000e-01  1.758161e-01
9.390000e-01  1.755266e-01
9.420000e-01  1.752379e-01
9.450000e-01  1.749500e-01
9.480000e-01  1.746629e-01
9.510000e-01  1.743767e-01
9.540000e-01  1.740913e-01
9.570000e-01  1.738067e-01
9.600000e-01  1.735229e-01
9.630000e-01  1.732399e-01
9.660000e-01  1.729577e-01
9.690000e-01  1.726763e-01
9.720000e-01  1.723957e-01
9.750000e-01  1.721158e-01
9.780000e-01  1.718367e-01
9.810000e-01  1.715584e-01
9.840000e-01  1.712808e-01
9.870000e-01  1.710039e-01
9.900000e-01  1.707278e-01
9.930000e-01  1.704525e-01
9.960000e-01  1.701778e-01
9.990000e-01  1.699039e-01
