000000  000001
3.000000e-03  7.900836e-01
6.000000e-03  7.030987e-01
9.000000e-03  6.487896e-01
1.200000e-02  6.097715e-01
1.500000e-02  5.795781e-01
1.800000e-02  5.551018e-01
2.100000e-02  5.346151e-01
2.400000e-02  5.170616e-01
2.700000e-02  5.017494e-01
3.000000e-02  4.882019e-01
3.300000e-02  4.760773e-01
3.600000e-02  4.651226e-01
3.900000e-02  4.551455e-01
4.200000e-02  4.459963e-01
4.500000e-02  4.375569e-01
4.800000e-02  4.297320e-01
5.100000e-02  4.224439e-01
5.400000e-02  4.156285e-01
5.700000e-02  4.092320e-01
6.000000e-02  4.032095e-01
6.300000e-02  3.975224e-01
6.600000e-02  3.921379e-01
6.900000e-02  3.870274e-01
7.200000e-02  3.821663e-01
7.500000e-02  3.775330e-01
7.800000e-02  3.731084e-01
8.100000e-02  3.688759e-01
8.400000e-02  3.648205e-01
8.700000e-02  3.609290e-01
9.000000e-02  3.571895e-01
9.300000e-02  3.535913e-01
9.600000e-02  3.501249e-01
9.900000e-02  3.467815e-01
1.020000e-01  3.435534e-01
1.050000e-01  3.404332e-01
1.080000e-01  3.374145e-01
1.110000e-01  3.344912e-01
1.140000e-01  3.316580e-01
1.170000e-01  3.289098e-01
1.200000e-01  3.262418e-01
1.230000e-01  3.236500e-01
1.260000e-01  3.211302e-01
1.290000e-01  3.186789e-01
1.320000e-01  3.162925e-01
1.350000e-01  3.139681e-01
1.380000e-01  3.117026e-01
1.410000e-01  3.094932e-01
1.440000e-01  3.073375e-01
1.470000e-01  3.052330e-01
1.500000e-01  3.031775e-01
1.530000e-01  3.011688e-01
1.560000e-01  2.992050e-01
1.590000e-01  2.972843e-01
1.620000e-01  2.954049e-01
1.650000e-01  2.935651e-01
1.680000e-01  2.917633e-01
1.710000e-01  2.899982e-01
1.740000e-01  2.882683e-01
1.770000e-01  2.865724e-01
1.800000e-01  2.849091e-01
1.830000e-01  2.832773e-01
1.860000e-01  2.816759e-01
1.890000e-01  2.801037e-01
1.920000e-01  2.785600e-01
1.950000e-01  2.770435e-01
1.980000e-01  2.755535e-01
2.010000e-01  2.740891e-01
2.040000e-01  2.726494e-01
2.070000e-01  2.712336e-01
2.100000e-01  2.698411e-01
2.130000e-01  2.684710e-01
2.160000e-01  2.671227e-01
2.190000e-01  2.657955e-01
2.220000e-01  2.644888e-01
2.250000e-01  2.632020e-01
2.280000e-01  2.619345e-01
2.310000e-01  2.606858e-01
2.340000e-01  2.594553e-01
2.370000e-01  2.582426e-01
2.400000e-01  2.570470e-01
2.430000e-01  2.558682e-01
2.460000e-01  2.547057e-01
2.490000e-01  2.535591e-01
2.520000e-01  2.524279e-01
2.550000e-01  2.513118e-01
2.580000e-01  2.502103e-01
2.610000e-01  2.491231e-01
2.640000e-01  2.480499e-01
2.670000e-01  2.469902e-01
2.700000e-01  2.459437e-01
2.730000e-01  2.449102e-01
2.760000e-01  2.438893e-01
2.790000e-01  2.428807e-01
2.820000e-01  2.418841e-01
2.850000e-01  2.408992e-01
2.880000e-01  2.399258e-01
2.910000e-01  2.389636e-01
2.940000e-01  2.380123e-01
2.970000e-01  2.370718e-01
3.000000e-01  2.361417e-01
3.030000e-01  2.352218e-01
3.060000e-01  2.343119e-01
3.090000e-01  2.334118e-01
3.120000e-01  2.325213e-01
3.150000e-01  2.316401e-01
3.180000e-01  2.307682e-01
3.210000e-01  2.299052e-01
3.240000e-01  2.290510e-01
3.270000e-01  2.282054e-01
3.300000e-01  2.273682e-01
3.330000e-01  2.265394e-01
3.360000e-01  2.257186e-01
3.390000e-01  2.249058e-01
3.420000e-01  2.241007e-01
3.450000e-01  2.233033e-01
3.480000e-01  2.225134e-01
3.510000e-01  2.217308e-01
3.540000e-01  2.209555e-01
3.570000e-01  2.201871e-01
3.600000e-01  2.194258e-01
3.630000e-01  2.186712e-01
3.660000e-01  2.179233e-01
3.690000e-01  2.171819e-01
3.720000e-01  2.164470e-01
3.750000e-01  2.157184e-01
3.780000e-01  2.149960e-01
3.810000e-01  2.142797e-01
3.840000e-01  2.135694e-01
3.870000e-01  2.128650e-01
3.900000e-01  2.121664e-01
3.930000e-01  2.114734e-01
3.960000e-01  2.107860e-01
3.990000e-01  2.101041e-01
4.020000e-01  2.094276e-01
4.050000e-01  2.087563e-01
4.080000e-01  2.080903e-01
4.110000e-01  2.074294e-01
4.140000e-01  2.067736e-01
4.170000e-01  2.061227e-01
4.200000e-01  2.054767e-01
4.230000e-01  2.048355e-01
4.260000e-01  2.041990e-01
4.290000e-01  2.035671e-01
4.320000e-01  2.029398e-01
4.350000e-01  2.023170e-01
4.380000e-01  2.016986e-01
4.410000e-01  2.010846e-01
4.440000e-01  2.004749e-01
4.470000e-01  1.998694e-01
4.500000e-01  1.992680e-01
4.530000e-01  1.986708e-01
4.560000e-01  1.980775e-01
4.590000e-01  1.974883e-01
4.620000e-01  1.969029e-01
4.650000e-01  1.963214e-01
4.680000e-01  1.957437e-01
4.710000e-01  1.951697e-01
4.740000e-01  1.945993e-01
4.770000e-01  1.940327e-01
4.800000e-01  1.934695e-01
4.830000e-01  1.929099e-01
4.860000e-01  1.923538e-01
4.890000e-01  1.918011e-01
4.920000e-01  1.912518e-01
4.950000e-01  1.907057e-01
4.980000e-01  1.901630e-01
5.010000e-01  1.896235e-01
5.040000e-01  1.890871e-01
5.070000e-01  1.885539e-01
5.100000e-01  1.880238e-01
5.130000e-01  1.874967e-01
5.160000e-01  1.869727e-01
5.190000e-01  1.864516e-01
5.220000e-01  1.859334e-01
5.250000e-01  1.854181e-01
5.280000e-01  1.849057e-01
5.310000e-01  1.843960e-01
5.340000e-01  1.838891e-01
5.370000e-01  1.833850e-01
5.400000e-01  1.828835e-01
5.430000e-01  1.823847e-01
5.460000e-01  1.818885e-01
5.490000e-01  1.813949e-01
5.520000e-01  1.809039e-01
5.550000e-01  1.804154e-01
5.580000e-01  1.799293e-01
5.610000e-01  1.794457e-01
5.640000e-01  1.789645e-01
5.670000e-01  1.784857e-01
5.700000e-01  1.780093e-01
5.730000e-01  1.775352e-01
5.760000e-01  1.770633e-01
5.790000e-01  1.765938e-01
5.820000e-01  1.761264e-01
5.850000e-01  1.756613e-01
5.880000e-01  1.751984e-01
5.910000e-01  1.747376e-01
5.940000e-01  1.742789e-01
5.970000e-01  1.738223e-01
6.000000e-01  1.733678e-01
6.030000e-01  1.729153e-01
6.060000e-01  1.724648e-01
6.090000e-01  1.720163e-01
6.120000e-01  1.715698e-01
6.150000e-01  1.711252e-01
6.180000e-01  1.706825e-01
6.210000e-01  1.702417e-01
6.240000e-01  1.698028e-01
6.270000e-01  1.693657e-01
6.300000e-01  1.689304e-01
6.330000e-01  1.684969e-01
6.360000e-01  1.680652e-01
6.390000e-01  1.676353e-01
6.420000e-01  1.672070e-01
6.450000e-01  1.667805e-01
6.480000e-01  1.663557e-01
6.510000e-01  1.659325e-01
6.540000e-01  1.655109e-01
6.570000e-01  1.650910e-01
6.600000e-01  1.646726e-01
6.630000e-01  1.642559e-01
6.660000e-01  1.638407e-01
6.690000e-01  1.634270e-01
6.720000e-01  1.630149e-01
6.750000e-01  1.626042e-01
6.780000e-01  1.621950e-01
6.810000e-01  1.617873e-01
6.840000e-01  1.613811e-01
6.870000e-01  1.609762e-01
6.900000e-01  1.605728e-01
6.930000e-01  1.601707e-01
6.960000e-01  1.597700e-01
6.990000e-01  1.593707e-01
7.020000e-01  1.589727e-01
7.050000e-01  1.585760e-01
7.080000e-01  1.581806e-01
7.110000e-01  1.577865e-01
7.140000e-01  1.573937e-01
7.170000e-01  1.570020e-01
7.200000e-01  1.566117e-01
7.230000e-01  1.562225e-01
7.260000e-01  1.558346e-01
7.290000e-01  1.554478e-01
7.320000e-01  1.550622e-01
7.350000e-01  1.546777e-01
7.380000e-01  1.542944e-01
7.410000e-01  1.539122e-01
7.440000e-01  1.535311e-01
7.470000e-01  1.531511e-01
7.500000e-01  1.527721e-01
7.530000e-01  1.523943e-01
7.560000e-01  1.520174e-01
7.590000e-01  1.516416e-01
7.620000e-01  1.512668e-01
7.650000e-01  1.508930e-01
7.680000e-01  1.505202e-01
7.710000e-01  1.501483e-01
7.740000e-01  1.497774e-01
7.770000e-01  1.494075e-01
7.800000e-01  1.490385e-01
7.830000e-01  1.486703e-01
7.860000e-01  1.483031e-01
7.890000e-01  1.479368e-01
7.920000e-01  1.475713e-01
7.950000e-01  1.472067e-01
7.980000e-01  1.468430e-01
8.010000e-01  1.464800e-01
8.040000e-01  1.461179e-01
8.070000e-01  1.457566e-01
8.100000e-01  1.453961e-01
8.130000e-01  1.450363e-01
8.160000e-01  1.446773e-01
8.190000e-01  1.443191e-01
8.220000e-01  1.439616e-01
8.250000e-01  1.436048e-01
8.280000e-01  1.432487e-01
8.310000e-01  1.428934e-01
8.340000e-01  1.425387e-01
8.370000e-01  1.421847e-01
8.400000e-01  1.418313e-01
8.430000e-01  1.414786e-01
8.460000e-01  1.411265e-01
8.490000e-01  1.407750e-01
8.520000e-01  1.404241e-01
8.550000e-01  1.400739e-01
8.580000e-01  1.397242e-01
8.610000e-01  1.393750e-01
8.640000e-01  1.390265e-01
8.670000e-01  1.386784e-01
8.700000e-01  1.383309e-01
8.730000e-01  1.379839e-01
8.760000e-01  1.376374e-01
8.790000e-01  1.372914e-01
8.820000e-01  1.369459e-01
8.850000e-01  1.366008e-01
8.880000e-01  1.362562e-01
8.910000e-01  1.359120e-01
8.940000e-01  1.355682e-01
8.970000e-01  1.352249e-01
9.000000e-01  1.348819e-01
9.030000e-01  1.345393e-01
9.060000e-01  1.341971e-01
9.090000e-01  1.338553e-01
9.120000e-01  1.335138e-01
9.150000e-01  1.331726e-01
9.180000e-01  1.328317e-01
9.210000e-01  1.324912e-01
9.240000e-01  1.321509e-01
9.270000e-01  1.318109e-01
9.300000e-01  1.314712e-01
9.330000e-01  1.311317e-01
9.360000e-01  1.307924e-01
9.390000e-01  1.304534e-01
9.420000e-01  1.301145e-01
9.450000e-01  1.297759e-01
9.480000e-01  1.294374e-01
9.510000e-01  1.290991e-01
9.540000e-01  1.287609e-01
9.570000e-01  1.284229e-01
9.600000e-01  1.280850e-01
9.630000e-01  1.277471e-01
9.660000e-01  1.274094e-01
9.690000e-01  1.270717e-01
9.720000e-01  1.267341e-01
9.750000e-01  1.263965e-01
9.780000e-01  1.260590e-01
9.810000e-01  000000
9.840000e-01  000000
9.870000e-01  000000
9.900000e-01  000000
9.930000e-01  000000
9.960000e-01  000000
9.990000e-01  000000
