000000  000001
3.000000e-03  8.127081e-01
6.000000e-03  7.289558e-01
9.000000e-03  6.755058e-01
1.200000e-02  6.366625e-01
1.500000e-02  6.063855e-01
1.800000e-02  5.817166e-01
2.100000e-02  5.609906e-01
2.400000e-02  5.431798e-01
2.700000e-02  5.276067e-01
3.000000e-02  5.138018e-01
3.300000e-02  5.014270e-01
3.600000e-02  4.902311e-01
3.900000e-02  4.800224e-01
4.200000e-02  4.706516e-01
4.500000e-02  4.620001e-01
4.800000e-02  4.539725e-01
5.100000e-02  4.464905e-01
5.400000e-02  4.394897e-01
5.700000e-02  4.329158e-01
6.000000e-02  4.267233e-01
6.300000e-02  4.208732e-01
6.600000e-02  4.153323e-01
6.900000e-02  4.100718e-01
7.200000e-02  4.050664e-01
7.500000e-02  4.002943e-01
7.800000e-02  3.957362e-01
8.100000e-02  3.913749e-01
8.400000e-02  3.871955e-01
8.700000e-02  3.831842e-01
9.000000e-02  3.793291e-01
9.300000e-02  3.756193e-01
9.600000e-02  3.720449e-01
9.900000e-02  3.685971e-01
1.020000e-01  3.652677e-01
1.050000e-01  3.620496e-01
1.080000e-01  3.589359e-01
1.110000e-01  3.559206e-01
1.140000e-01  3.529981e-01
1.170000e-01  3.501631e-01
1.200000e-01  3.474110e-01
1.230000e-01  3.447374e-01
1.260000e-01  3.421381e-01
1.290000e-01  3.396094e-01
1.320000e-01  3.371479e-01
1.350000e-01  3.347502e-01
1.380000e-01  3.324135e-01
1.410000e-01  3.301347e-01
1.440000e-01  3.279114e-01
1.470000e-01  3.257410e-01
1.500000e-01  3.236213e-01
1.530000e-01  3.215500e-01
1.560000e-01  3.195251e-01
1.590000e-01  3.175448e-01
1.620000e-01  3.156072e-01
1.650000e-01  3.137107e-01
1.680000e-01  3.118535e-01
1.710000e-01  3.100343e-01
1.740000e-01  3.082515e-01
1.770000e-01  3.065039e-01
1.800000e-01  3.047901e-01
1.830000e-01  3.031090e-01
1.860000e-01  3.014594e-01
1.890000e-01  2.998401e-01
1.920000e-01  2.982502e-01
1.950000e-01  2.966886e-01
1.980000e-01  2.951545e-01
2.010000e-01  2.936469e-01
2.040000e-01  2.921650e-01
2.070000e-01  2.907079e-01
2.100000e-01  2.892748e-01
2.130000e-01  2.878652e-01
2.160000e-01  2.864781e-01
2.190000e-01  2.851129e-01
2.220000e-01  2.837691e-01
2.250000e-01  2.824459e-01
2.280000e-01  2.811427e-01
2.310000e-01  2.798591e-01
2.340000e-01  2.785943e-01
2.370000e-01  2.773481e-01
2.400000e-01  2.761197e-01
2.430000e-01  2.749087e-01
2.460000e-01  2.737147e-01
2.490000e-01  2.725372e-01
2.520000e-01  2.713757e-01
2.550000e-01  2.702299e-01
2.580000e-01  2.690994e-01
2.610000e-01  2.679837e-01
2.640000e-01  2.668825e-01
2.670000e-01  2.657955e-01
2.700000e-01  2.647222e-01
2.730000e-01  2.636624e-01
2.760000e-01  2.626158e-01
2.790000e-01  2.615819e-01
2.820000e-01  2.605606e-01
2.850000e-01  2.595515e-01
2.880000e-01  2.585543e-01
2.910000e-01  2.575688e-01
2.940000e-01  2.565947e-01
2.970000e-01  2.556318e-01
3.000000e-01  2.546798e-01
3.030000e-01  2.537384e-01
3.060000e-01  2.528075e-01
3.090000e-01  2.518868e-01
3.120000e-01  2.509761e-01
3.150000e-01  2.500752e-01
3.180000e-01  2.491838e-01
3.210000e-01  2.483019e-01
3.240000e-01  2.474291e-01
3.270000e-01  2.465653e-01
3.300000e-01  2.457104e-01
3.330000e-01  2.448641e-01
3.360000e-01  2.440262e-01
3.390000e-01  2.431967e-01
3.420000e-01  2.423753e-01
3.450000e-01  2.415619e-01
3.480000e-01  2.407563e-01
3.510000e-01  2.399584e-01
3.540000e-01  2.391681e-01
3.570000e-01  2.383851e-01
3.600000e-01  2.376094e-01
3.630000e-01  2.368409e-01
3.660000e-01  2.360793e-01
3.690000e-01  2.353246e-01
3.720000e-01  2.345767e-01
3.750000e-01  2.338354e-01
3.780000e-01  2.331005e-01
3.810000e-01  2.323721e-01
3.840000e-01  2.316500e-01
3.870000e-01  2.309340e-01
3.900000e-01  2.302241e-01
3.930000e-01  2.295202e-01
3.960000e-01  2.288221e-01
3.990000e-01  2.281298e-01
4.020000e-01  2.274432e-01
4.050000e-01  2.267621e-01
4.080000e-01  2.260865e-01
4.110000e-01  2.254163e-01
4.140000e-01  2.247514e-01
4.170000e-01  2.240917e-01
4.200000e-01  2.234372e-01
4.230000e-01  2.227877e-01
4.260000e-01  2.221432e-01
4.290000e-01  2.215036e-01
4.320000e-01  2.208688e-01
4.350000e-01  2.202387e-01
4.380000e-01  2.196133e-01
4.410000e-01  2.189925e-01
4.440000e-01  2.183763e-01
4.470000e-01  2.177645e-01
4.500000e-01  2.171571e-01
4.530000e-01  2.165540e-01
4.560000e-01  2.159551e-01
4.590000e-01  2.153605e-01
4.620000e-01  2.147700e-01
4.650000e-01  2.141836e-01
4.680000e-01  2.136012e-01
4.710000e-01  2.130228e-01
4.740000e-01  2.124483e-01
4.770000e-01  2.118776e-01
4.800000e-01  2.113107e-01
4.830000e-01  2.107475e-01
4.860000e-01  2.101881e-01
4.890000e-01  2.096322e-01
4.920000e-01  2.090800e-01
4.950000e-01  2.085313e-01
4.980000e-01  2.079860e-01
5.010000e-01  2.074442e-01
5.040000e-01  2.069058e-01
5.070000e-01  2.063708e-01
5.100000e-01  2.058390e-01
5.130000e-01  2.053105e-01
5.160000e-01  2.047852e-01
5.190000e-01  2.042631e-01
5.220000e-01  2.037441e-01
5.250000e-01  2.032282e-01
5.280000e-01  2.027154e-01
5.310000e-01  2.022055e-01
5.340000e-01  2.016986e-01
5.370000e-01  2.011947e-01
5.400000e-01  2.006936e-01
5.430000e-01  2.001954e-01
5.460000e-01  1.997000e-01
5.490000e-01  1.992074e-01
5.520000e-01  1.987176e-01
5.550000e-01  1.982305e-01
5.580000e-01  1.977460e-01
5.610000e-01  1.972642e-01
5.640000e-01  1.967850e-01
5.670000e-01  1.963083e-01
5.700000e-01  1.958343e-01
5.730000e-01  1.953627e-01
5.760000e-01  1.948937e-01
5.790000e-01  1.944271e-01
5.820000e-01  1.939629e-01
5.850000e-01  1.935011e-01
5.880000e-01  1.930417e-01
5.910000e-01  1.925846e-01
5.940000e-01  1.921298e-01
5.970000e-01  1.916774e-01
6.000000e-01  1.912272e-01
6.030000e-01  1.907792e-01
6.060000e-01  1.903334e-01
6.090000e-01  1.898898e-01
6.120000e-01  1.894484e-01
6.150000e-01  1.890090e-01
6.180000e-01  1.885718e-01
6.210000e-01  1.881367e-01
6.240000e-01  1.877036e-01
6.270000e-01  1.872726e-01
6.300000e-01  1.868436e-01
6.330000e-01  1.864166e-01
6.360000e-01  1.859915e-01
6.390000e-01  1.855684e-01
6.420000e-01  1.851471e-01
6.450000e-01  1.847278e-01
6.480000e-01  1.843104e-01
6.510000e-01  1.838948e-01
6.540000e-01  1.834811e-01
6.570000e-01  1.830692e-01
6.600000e-01  1.826590e-01
6.630000e-01  1.822507e-01
6.660000e-01  1.818441e-01
6.690000e-01  1.814392e-01
6.720000e-01  1.810361e-01
6.750000e-01  1.806346e-01
6.780000e-01  1.802349e-01
6.810000e-01  1.798368e-01
6.840000e-01  1.794403e-01
6.870000e-01  1.790455e-01
6.900000e-01  1.786522e-01
6.930000e-01  1.782606e-01
6.960000e-01  1.778705e-01
6.990000e-01  1.774820e-01
7.020000e-01  1.770951e-01
7.050000e-01  1.767096e-01
7.080000e-01  1.763257e-01
7.110000e-01  1.759433e-01
7.140000e-01  1.755623e-01
7.170000e-01  1.751828e-01
7.200000e-01  1.748047e-01
7.230000e-01  1.744281e-01
7.260000e-01  1.740529e-01
7.290000e-01  1.736791e-01
7.320000e-01  1.733066e-01
7.350000e-01  1.729356e-01
7.380000e-01  1.725659e-01
7.410000e-01  1.721975e-01
7.440000e-01  1.718304e-01
7.470000e-01  1.714647e-01
7.500000e-01  1.711003e-01
7.530000e-01  1.707371e-01
7.560000e-01  1.703752e-01
7.590000e-01  1.700146e-01
7.620000e-01  1.696553e-01
7.650000e-01  1.692971e-01
7.680000e-01  1.689402e-01
7.710000e-01  1.685845e-01
7.740000e-01  1.682300e-01
7.770000e-01  1.678766e-01
7.800000e-01  1.675244e-01
7.830000e-01  1.671734e-01
7.860000e-01  1.668236e-01
7.890000e-01  1.664748e-01
7.920000e-01  1.661272e-01
7.950000e-01  1.657807e-01
7.980000e-01  1.654353e-01
8.010000e-01  1.650910e-01
8.040000e-01  1.647477e-01
8.070000e-01  1.644055e-01
8.100000e-01  1.640644e-01
8.130000e-01  1.637243e-01
8.160000e-01  1.633853e-01
8.190000e-01  1.630472e-01
8.220000e-01  1.627102e-01
8.250000e-01  1.623742e-01
8.280000e-01  1.620391e-01
8.310000e-01  1.617050e-01
8.340000e-01  1.613720e-01
8.370000e-01  1.610398e-01
8.400000e-01  1.607086e-01
8.430000e-01  1.603784e-01
8.460000e-01  1.600490e-01
8.490000e-01  1.597206e-01
8.520000e-01  1.593931e-01
8.550000e-01  1.590665e-01
8.580000e-01  1.587408e-01
8.610000e-01  1.584159e-01
8.640000e-01  1.580919e-01
8.670000e-01  1.577688e-01
8.700000e-01  1.574466e-01
8.730000e-01  1.571251e-01
8.760000e-01  1.568045e-01
8.790000e-01  1.564848e-01
8.820000e-01  1.561658e-01
8.850000e-01  1.558476e-01
8.880000e-01  1.555303e-01
8.910000e-01  1.552137e-01
8.940000e-01  1.548979e-01
8.970000e-01  1.545829e-01
9.000000e-01  1.542686e-01
9.030000e-01  1.539551e-01
9.060000e-01  1.536423e-01
9.090000e-01  1.533303e-01
9.120000e-01  1.530190e-01
9.150000e-01  1.527084e-01
9.180000e-01  1.523985e-01
9.210000e-01  1.520893e-01
9.240000e-01  1.517808e-01
9.270000e-01  1.514730e-01
9.300000e-01  1.511659e-01
9.330000e-01  1.508595e-01
9.360000e-01  1.505537e-01
9.390000e-01  1.502485e-01
9.420000e-01  1.499440e-01
9.450000e-01  1.496402e-01
9.480000e-01  1.493369e-01
9.510000e-01  1.490343e-01
9.540000e-01  1.487323e-01
9.570000e-01  1.484309e-01
9.600000e-01  1.481301e-01
9.630000e-01  1.478299e-01
9.660000e-01  1.475303e-01
9.690000e-01  1.472313e-01
9.720000e-01  1.469328e-01
9.750000e-01  1.466349e-01
9.780000e-01  1.463375e-01
9.810000e-01  1.460407e-01
9.840000e-01  1.457444e-01
9.870000e-01  1.454487e-01
9.900000e-01  1.451535e-01
9.930000e-01  1.448588e-01
9.960000e-01  1.445646e-01
9.990000e-01  1.442709e-01
