000000  000001
3.000000e-03  7.151209e-01
6.000000e-03  6.221970e-01
9.000000e-03  5.673660e-01
1.200000e-02  5.290779e-01
1.500000e-02  4.999675e-01
1.800000e-02  4.766539e-01
2.100000e-02  4.573134e-01
2.400000e-02  4.408541e-01
2.700000e-02  4.265730e-01
3.000000e-02  4.139920e-01
3.300000e-02  4.027718e-01
3.600000e-02  3.926636e-01
3.900000e-02  3.834795e-01
4.200000e-02  3.750747e-01
4.500000e-02  3.673351e-01
4.800000e-02  3.601693e-01
5.100000e-02  3.535031e-01
5.400000e-02  3.472755e-01
5.700000e-02  3.414358e-01
6.000000e-02  3.359413e-01
6.300000e-02  3.307557e-01
6.600000e-02  3.258483e-01
6.900000e-02  3.211923e-01
7.200000e-02  3.167648e-01
7.500000e-02  3.125454e-01
7.800000e-02  3.085167e-01
8.100000e-02  3.046629e-01
8.400000e-02  3.009705e-01
8.700000e-02  2.974269e-01
9.000000e-02  2.940214e-01
9.300000e-02  2.907440e-01
9.600000e-02  2.875859e-01
9.900000e-02  2.845392e-01
1.020000e-01  2.815966e-01
1.050000e-01  2.787514e-01
1.080000e-01  2.759978e-01
1.110000e-01  2.733302e-01
1.140000e-01  2.707436e-01
1.170000e-01  2.682335e-01
1.200000e-01  2.657955e-01
1.230000e-01  2.634258e-01
1.260000e-01  2.611208e-01
1.290000e-01  2.588771e-01
1.320000e-01  2.566916e-01
1.350000e-01  2.545615e-01
1.380000e-01  2.524841e-01
1.410000e-01  2.504569e-01
1.440000e-01  2.484775e-01
1.470000e-01  2.465438e-01
1.500000e-01  2.446538e-01
1.530000e-01  2.428055e-01
1.560000e-01  2.409972e-01
1.590000e-01  2.392271e-01
1.620000e-01  2.374937e-01
1.650000e-01  2.357955e-01
1.680000e-01  2.341311e-01
1.710000e-01  2.324991e-01
1.740000e-01  2.308984e-01
1.770000e-01  2.293276e-01
1.800000e-01  2.277858e-01
1.830000e-01  2.262717e-01
1.860000e-01  2.247845e-01
1.890000e-01  2.233232e-01
1.920000e-01  2.218868e-01
1.950000e-01  2.204744e-01
1.980000e-01  2.190854e-01
2.010000e-01  2.177188e-01
2.040000e-01  2.163739e-01
2.070000e-01  2.150500e-01
2.100000e-01  2.137465e-01
2.130000e-01  2.124626e-01
2.160000e-01  2.111977e-01
2.190000e-01  2.099514e-01
2.220000e-01  2.087229e-01
2.250000e-01  2.075118e-01
2.280000e-01  2.063175e-01
2.310000e-01  2.051395e-01
2.340000e-01  2.039773e-01
2.370000e-01  2.028305e-01
2.400000e-01  2.016986e-01
2.430000e-01  2.005813e-01
2.460000e-01  1.994780e-01
2.490000e-01  1.983885e-01
2.520000e-01  1.973122e-01
2.550000e-01  1.962490e-01
2.580000e-01  1.951983e-01
2.610000e-01  1.941599e-01
2.640000e-01  1.931334e-01
2.670000e-01  1.921185e-01
2.700000e-01  1.911149e-01
2.730000e-01  1.901224e-01
2.760000e-01  1.891406e-01
2.790000e-01  1.881693e-01
2.820000e-01  1.872081e-01
2.850000e-01  1.862569e-01
2.880000e-01  1.853154e-01
2.910000e-01  1.843833e-01
2.940000e-01  1.834604e-01
2.970000e-01  1.825466e-01
3.000000e-01  1.816414e-01
3.030000e-01  1.807449e-01
3.060000e-01  1.798566e-01
3.090000e-01  1.789765e-01
3.120000e-01  1.781044e-01
3.150000e-01  1.772400e-01
3.180000e-01  1.763832e-01
3.210000e-01  1.755338e-01
3.240000e-01  1.746916e-01
3.270000e-01  1.738565e-01
3.300000e-01  1.730282e-01
3.330000e-01  1.722067e-01
3.360000e-01  1.713917e-01
3.390000e-01  1.705832e-01
3.420000e-01  1.697809e-01
3.450000e-01  1.689847e-01
3.480000e-01  1.681946e-01
3.510000e-01  1.674102e-01
3.540000e-01  1.666316e-01
3.570000e-01  1.658586e-01
3.600000e-01  1.650910e-01
3.630000e-01  1.643287e-01
3.660000e-01  1.635716e-01
3.690000e-01  1.628196e-01
3.720000e-01  1.620726e-01
3.750000e-01  1.613304e-01
3.780000e-01  1.605929e-01
3.810000e-01  1.598601e-01
3.840000e-01  1.591317e-01
3.870000e-01  1.584078e-01
3.900000e-01  1.576882e-01
3.930000e-01  1.569727e-01
3.960000e-01  1.562614e-01
3.990000e-01  1.555541e-01
4.020000e-01  1.548506e-01
4.050000e-01  1.541510e-01
4.080000e-01  1.534550e-01
4.110000e-01  1.527627e-01
4.140000e-01  1.520739e-01
4.170000e-01  1.513885e-01
4.200000e-01  1.507065e-01
4.230000e-01  1.500277e-01
4.260000e-01  1.493521e-01
4.290000e-01  1.486795e-01
4.320000e-01  1.480100e-01
4.350000e-01  1.473434e-01
4.380000e-01  1.466795e-01
4.410000e-01  1.460185e-01
4.440000e-01  1.453601e-01
4.470000e-01  1.447042e-01
4.500000e-01  1.440509e-01
4.530000e-01  1.434000e-01
4.560000e-01  1.427514e-01
4.590000e-01  1.421051e-01
4.620000e-01  1.414610e-01
4.650000e-01  1.408189e-01
4.680000e-01  1.401789e-01
4.710000e-01  1.395408e-01
4.740000e-01  1.389046e-01
4.770000e-01  1.382701e-01
4.800000e-01  1.376374e-01
4.830000e-01  1.370063e-01
4.860000e-01  1.363767e-01
4.890000e-01  1.357486e-01
4.920000e-01  1.351219e-01
4.950000e-01  1.344965e-01
4.980000e-01  1.338724e-01
5.010000e-01  1.332493e-01
5.040000e-01  1.326274e-01
5.070000e-01  1.320064e-01
5.100000e-01  1.313863e-01
5.130000e-01  1.307670e-01
5.160000e-01  1.301484e-01
5.190000e-01  1.295305e-01
5.220000e-01  1.289131e-01
5.250000e-01  1.282962e-01
5.280000e-01  1.276796e-01
5.310000e-01  1.270633e-01
5.340000e-01  1.264472e-01
5.370000e-01  000000
5.400000e-01  000000
5.430000e-01  000000
5.460000e-01  000000
5.490000e-01  000000
5.520000e-01  000000
5.550000e-01  000000
5.580000e-01  000000
5.610000e-01  000000
5.640000e-01  000000
5.670000e-01  000000
5.700000e-01  000000
5.730000e-01  000000
5.760000e-01  000000
5.790000e-01  000000
5.820000e-01  000000
5.850000e-01  000000
5.880000e-01  000000
5.910000e-01  000000
5.940000e-01  000000
5.970000e-01  000000
6.000000e-01  000000
6.030000e-01  000000
6.060000e-01  000000
6.090000e-01  000000
6.120000e-01  000000
6.150000e-01  000000
6.180000e-01  000000
6.210000e-01  000000
6.240000e-01  000000
6.270000e-01  000000
6.300000e-01  000000
6.330000e-01  000000
6.360000e-01  000000
6.390000e-01  000000
6.420000e-01  000000
6.450000e-01  000000
6.480000e-01  000000
6.510000e-01  000000
6.540000e-01  000000
6.570000e-01  000000
6.600000e-01  000000
6.630000e-01  000000
6.660000e-01  000000
6.690000e-01  000000
6.720000e-01  000000
6.750000e-01  000000
6.780000e-01  000000
6.810000e-01  000000
6.840000e-01  000000
6.870000e-01  000000
6.900000e-01  000000
6.930000e-01  000000
6.960000e-01  000000
6.990000e-01  000000
7.020000e-01  000000
7.050000e-01  000000
7.080000e-01  000000
7.110000e-01  000000
7.140000e-01  000000
7.170000e-01  000000
7.200000e-01  000000
7.230000e-01  000000
7.260000e-01  000000
7.290000e-01  000000
7.320000e-01  000000
7.350000e-01  000000
7.380000e-01  000000
7.410000e-01  000000
7.440000e-01  000000
7.470000e-01  000000
7.500000e-01  000000
7.530000e-01  000000
7.560000e-01  000000
7.590000e-01  000000
7.620000e-01  000000
7.650000e-01  000000
7.680000e-01  000000
7.710000e-01  000000
7.740000e-01  000000
7.770000e-01  000000
7.800000e-01  000000
7.830000e-01  000000
7.860000e-01  000000
7.890000e-01  000000
7.920000e-01  000000
7.950000e-01  000000
7.980000e-01  000000
8.010000e-01  000000
8.040000e-01  000000
8.070000e-01  000000
8.100000e-01  000000
8.130000e-01  000000
8.160000e-01  000000
8.190000e-01  000000
8.220000e-01  000000
8.250000e-01  000000
8.280000e-01  000000
8.310000e-01  000000
8.340000e-01  000000
8.370000e-01  000000
8.400000e-01  000000
8.430000e-01  000000
8.460000e-01  000000
8.490000e-01  000000
8.520000e-01  000000
8.550000e-01  000000
8.580000e-01  000000
8.610000e-01  000000
8.640000e-01  000000
8.670000e-01  000000
8.700000e-01  000000
8.730000e-01  000000
8.760000e-01  000000
8.790000e-01  000000
8.820000e-01  000000
8.850000e-01  000000
8.880000e-01  000000
8.910000e-01  000000
8.940000e-01  000000
8.970000e-01  000000
9.000000e-01  000000
9.030000e-01  000000
9.060000e-01  000000
9.090000e-01  000000
9.120000e-01  000000
9.150000e-01  000000
9.180000e-01  000000
9.210000e-01  000000
9.240000e-01  000000
9.270000e-01  000000
9.300000e-01  000000
9.330000e-01  000000
9.360000e-01  000000
9.390000e-01  000000
9.420000e-01  000000
9.450000e-01  000000
9.480000e-01  000000
9.510000e-01  000000
9.540000e-01  000000
9.570000e-01  000000
9.600000e-01  000000
9.630000e-01  000000
9.660000e-01  000000
9.690000e-01  000000
9.720000e-01  000000
9.750000e-01  000000
9.780000e-01  000000
9.810000e-01  000000
9.840000e-01  000000
9.870000e-01  000000
9.900000e-01  000000
9.930000e-01  000000
9.960000e-01  000000
9.990000e-01  000000
