000000  000001
3.000000e-03  9.391693e-01
6.000000e-03  8.946912e-01
9.000000e-03  8.596537e-01
1.200000e-02  8.307851e-01
1.500000e-02  8.062683e-01
1.800000e-02  7.849868e-01
2.100000e-02  7.662047e-01
2.400000e-02  7.494109e-01
2.700000e-02  7.342359e-01
3.000000e-02  7.204041e-01
3.300000e-02  7.077041e-01
3.600000e-02  6.959706e-01
3.900000e-02  6.850716e-01
4.200000e-02  6.749004e-01
4.500000e-02  6.653691e-01
4.800000e-02  6.564047e-01
5.100000e-02  6.479460e-01
5.400000e-02  6.399411e-01
5.700000e-02  6.323453e-01
6.000000e-02  6.251205e-01
6.300000e-02  6.182334e-01
6.600000e-02  6.116549e-01
6.900000e-02  6.053595e-01
7.200000e-02  5.993248e-01
7.500000e-02  5.935308e-01
7.800000e-02  5.879597e-01
8.100000e-02  5.825956e-01
8.400000e-02  5.774241e-01
8.700000e-02  5.724323e-01
9.000000e-02  5.676087e-01
9.300000e-02  5.629426e-01
9.600000e-02  5.584244e-01
9.900000e-02  5.540453e-01
1.020000e-01  5.497972e-01
1.050000e-01  5.456728e-01
1.080000e-01  5.416652e-01
1.110000e-01  5.377683e-01
1.140000e-01  5.339763e-01
1.170000e-01  5.302837e-01
1.200000e-01  5.266857e-01
1.230000e-01  5.231777e-01
1.260000e-01  5.197554e-01
1.290000e-01  5.164147e-01
1.320000e-01  5.131521e-01
1.350000e-01  5.099639e-01
1.380000e-01  5.068469e-01
1.410000e-01  5.037981e-01
1.440000e-01  5.008147e-01
1.470000e-01  4.978939e-01
1.500000e-01  4.950332e-01
1.530000e-01  4.922301e-01
1.560000e-01  4.894826e-01
1.590000e-01  4.867884e-01
1.620000e-01  4.841455e-01
1.650000e-01  4.815520e-01
1.680000e-01  4.790062e-01
1.710000e-01  4.765063e-01
1.740000e-01  4.740507e-01
1.770000e-01  4.716378e-01
1.800000e-01  4.692663e-01
1.830000e-01  4.669347e-01
1.860000e-01  4.646418e-01
1.890000e-01  4.623861e-01
1.920000e-01  4.601667e-01
1.950000e-01  4.579822e-01
1.980000e-01  4.558316e-01
2.010000e-01  4.537139e-01
2.040000e-01  4.516281e-01
2.070000e-01  4.495731e-01
2.100000e-01  4.475482e-01
2.130000e-01  4.455524e-01
2.160000e-01  4.435849e-01
2.190000e-01  4.416449e-01
2.220000e-01  4.397316e-01
2.250000e-01  4.378443e-01
2.280000e-01  4.359822e-01
2.310000e-01  4.341447e-01
2.340000e-01  4.323312e-01
2.370000e-01  4.305409e-01
2.400000e-01  4.287733e-01
2.430000e-01  4.270278e-01
2.460000e-01  4.253038e-01
2.490000e-01  4.236008e-01
2.520000e-01  4.219183e-01
2.550000e-01  4.202557e-01
2.580000e-01  4.186126e-01
2.610000e-01  4.169886e-01
2.640000e-01  4.153830e-01
2.670000e-01  4.137956e-01
2.700000e-01  4.122258e-01
2.730000e-01  4.106733e-01
2.760000e-01  4.091377e-01
2.790000e-01  4.076186e-01
2.820000e-01  4.061156e-01
2.850000e-01  4.046283e-01
2.880000e-01  4.031565e-01
2.910000e-01  4.016997e-01
2.940000e-01  4.002577e-01
2.970000e-01  3.988301e-01
3.000000e-01  3.974166e-01
3.030000e-01  3.960170e-01
3.060000e-01  3.946309e-01
3.090000e-01  3.932580e-01
3.120000e-01  3.918981e-01
3.150000e-01  3.905509e-01
3.180000e-01  3.892162e-01
3.210000e-01  3.878936e-01
3.240000e-01  3.865831e-01
3.270000e-01  3.852842e-01
3.300000e-01  3.839969e-01
3.330000e-01  3.827208e-01
3.360000e-01  3.814557e-01
3.390000e-01  3.802015e-01
3.420000e-01  3.789580e-01
3.450000e-01  3.777249e-01
3.480000e-01  3.765020e-01
3.510000e-01  3.752891e-01
3.540000e-01  3.740861e-01
3.570000e-01  3.728928e-01
3.600000e-01  3.717090e-01
3.630000e-01  3.705345e-01
3.660000e-01  3.693692e-01
3.690000e-01  3.682129e-01
3.720000e-01  3.670654e-01
3.750000e-01  3.659266e-01
3.780000e-01  3.647963e-01
3.810000e-01  3.636744e-01
3.840000e-01  3.625608e-01
3.870000e-01  3.614552e-01
3.900000e-01  3.603576e-01
3.930000e-01  3.592678e-01
3.960000e-01  3.581857e-01
3.990000e-01  3.571111e-01
4.020000e-01  3.560440e-01
4.050000e-01  3.549842e-01
4.080000e-01  3.539316e-01
4.110000e-01  3.528860e-01
4.140000e-01  3.518474e-01
4.170000e-01  3.508156e-01
4.200000e-01  3.497905e-01
4.230000e-01  3.487721e-01
4.260000e-01  3.477602e-01
4.290000e-01  3.467547e-01
4.320000e-01  3.457555e-01
4.350000e-01  3.447624e-01
4.380000e-01  3.437755e-01
4.410000e-01  3.427946e-01
4.440000e-01  3.418197e-01
4.470000e-01  3.408505e-01
4.500000e-01  3.398871e-01
4.530000e-01  3.389293e-01
4.560000e-01  3.379771e-01
4.590000e-01  3.370303e-01
4.620000e-01  3.360890e-01
4.650000e-01  3.351529e-01
4.680000e-01  3.342221e-01
4.710000e-01  3.332964e-01
4.740000e-01  3.323758e-01
4.770000e-01  3.314602e-01
4.800000e-01  3.305495e-01
4.830000e-01  3.296436e-01
4.860000e-01  3.287425e-01
4.890000e-01  3.278461e-01
4.920000e-01  3.269543e-01
4.950000e-01  3.260671e-01
4.980000e-01  3.251844e-01
5.010000e-01  3.243061e-01
5.040000e-01  3.234322e-01
5.070000e-01  3.225626e-01
5.100000e-01  3.216972e-01
5.130000e-01  3.208360e-01
5.160000e-01  3.199788e-01
5.190000e-01  3.191258e-01
5.220000e-01  3.182767e-01
5.250000e-01  3.174316e-01
5.280000e-01  3.165903e-01
5.310000e-01  3.157529e-01
5.340000e-01  3.149192e-01
5.370000e-01  3.140892e-01
5.400000e-01  3.132629e-01
5.430000e-01  3.124402e-01
5.460000e-01  3.116210e-01
5.490000e-01  3.108053e-01
5.520000e-01  3.099931e-01
5.550000e-01  3.091843e-01
5.580000e-01  3.083788e-01
5.610000e-01  3.075766e-01
5.640000e-01  3.067777e-01
5.670000e-01  3.059819e-01
5.700000e-01  3.051893e-01
5.730000e-01  3.043999e-01
5.760000e-01  3.036134e-01
5.790000e-01  3.028300e-01
5.820000e-01  3.020496e-01
5.850000e-01  3.012721e-01
5.880000e-01  3.004975e-01
5.910000e-01  2.997257e-01
5.940000e-01  2.989568e-01
5.970000e-01  2.981905e-01
6.000000e-01  2.974270e-01
6.030000e-01  2.966662e-01
6.060000e-01  2.959080e-01
6.090000e-01  2.951524e-01
6.120000e-01  2.943994e-01
6.150000e-01  2.936489e-01
6.180000e-01  2.929008e-01
6.210000e-01  2.921552e-01
6.240000e-01  2.914120e-01
6.270000e-01  2.906711e-01
6.300000e-01  2.899326e-01
6.330000e-01  2.891964e-01
6.360000e-01  2.884624e-01
6.390000e-01  2.877306e-01
6.420000e-01  2.870010e-01
6.450000e-01  2.862735e-01
6.480000e-01  2.855482e-01
6.510000e-01  2.848249e-01
6.540000e-01  2.841037e-01
6.570000e-01  2.833844e-01
6.600000e-01  2.826671e-01
6.630000e-01  2.819518e-01
6.660000e-01  2.812384e-01
6.690000e-01  2.805268e-01
6.720000e-01  2.798171e-01
6.750000e-01  2.791091e-01
6.780000e-01  2.784030e-01
6.810000e-01  2.776985e-01
6.840000e-01  2.769958e-01
6.870000e-01  2.762947e-01
6.900000e-01  2.755953e-01
6.930000e-01  2.748975e-01
6.960000e-01  2.742012e-01
6.990000e-01  2.735065e-01
7.020000e-01  2.728133e-01
7.050000e-01  2.721216e-01
7.080000e-01  2.714313e-01
7.110000e-01  2.707424e-01
7.140000e-01  2.700550e-01
7.170000e-01  2.693688e-01
7.200000e-01  2.686840e-01
7.230000e-01  2.680005e-01
7.260000e-01  2.673183e-01
7.290000e-01  2.666372e-01
7.320000e-01  2.659574e-01
7.350000e-01  2.652787e-01
7.380000e-01  2.646012e-01
7.410000e-01  2.639248e-01
7.440000e-01  2.632494e-01
7.470000e-01  2.625751e-01
7.500000e-01  2.619018e-01
7.530000e-01  2.612295e-01
7.560000e-01  2.605582e-01
7.590000e-01  2.598877e-01
7.620000e-01  2.592181e-01
7.650000e-01  2.585494e-01
7.680000e-01  2.578816e-01
7.710000e-01  2.572145e-01
7.740000e-01  2.565481e-01
7.770000e-01  2.558825e-01
7.800000e-01  2.552176e-01
7.830000e-01  2.545534e-01
7.860000e-01  2.538898e-01
7.890000e-01  2.532268e-01
7.920000e-01  2.525644e-01
7.950000e-01  2.519025e-01
7.980000e-01  2.512411e-01
8.010000e-01  2.505802e-01
8.040000e-01  2.499197e-01
8.070000e-01  2.492596e-01
8.100000e-01  2.485999e-01
8.130000e-01  2.479405e-01
8.160000e-01  2.472815e-01
8.190000e-01  2.466226e-01
8.220000e-01  2.459641e-01
8.250000e-01  2.453057e-01
8.280000e-01  2.446474e-01
8.310000e-01  2.439893e-01
8.340000e-01  2.433313e-01
8.370000e-01  2.426733e-01
8.400000e-01  000000
8.430000e-01  000000
8.460000e-01  000000
8.490000e-01  000000
8.520000e-01  000000
8.550000e-01  000000
8.580000e-01  000000
8.610000e-01  000000
8.640000e-01  000000
8.670000e-01  000000
8.700000e-01  000000
8.730000e-01  000000
8.760000e-01  000000
8.790000e-01  000000
8.820000e-01  000000
8.850000e-01  000000
8.880000e-01  000000
8.910000e-01  000000
8.940000e-01  000000
8.970000e-01  000000
9.000000e-01  000000
9.030000e-01  000000
9.060000e-01  000000
9.090000e-01  000000
9.120000e-01  000000
9.150000e-01  000000
9.180000e-01  000000
9.210000e-01  000000
9.240000e-01  000000
9.270000e-01  000000
9.300000e-01  000000
9.330000e-01  000000
9.360000e-01  000000
9.390000e-01  000000
9.420000e-01  000000
9.450000e-01  000000
9.480000e-01  000000
9.510000e-01  000000
9.540000e-01  000000
9.570000e-01  000000
9.600000e-01  000000
9.630000e-01  000000
9.660000e-01  000000
9.690000e-01  000000
9.720000e-01  000000
9.750000e-01  000000
9.780000e-01  000000
9.810000e-01  000000
9.840000e-01  000000
9.870000e-01  000000
9.900000e-01  000000
9.930000e-01  000000
9.960000e-01  000000
9.990000e-01  000000
