000000  000001
3.000000e-03  9.505519e-01
6.000000e-03  9.124538e-01
9.000000e-03  8.814755e-01
1.200000e-02  8.553946e-01
1.500000e-02  8.328928e-01
1.800000e-02  8.131225e-01
2.100000e-02  7.955052e-01
2.400000e-02  7.796287e-01
2.700000e-02  7.651883e-01
3.000000e-02  7.519529e-01
3.300000e-02  7.397425e-01
3.600000e-02  7.284146e-01
3.900000e-02  7.178543e-01
4.200000e-02  7.079674e-01
4.500000e-02  6.986762e-01
4.800000e-02  6.899153e-01
5.100000e-02  6.816297e-01
5.400000e-02  6.737721e-01
5.700000e-02  6.663023e-01
6.000000e-02  6.591849e-01
6.300000e-02  6.523896e-01
6.600000e-02  6.458895e-01
6.900000e-02  6.396610e-01
7.200000e-02  6.336831e-01
7.500000e-02  6.279371e-01
7.800000e-02  6.224065e-01
8.100000e-02  6.170762e-01
8.400000e-02  6.119328e-01
8.700000e-02  6.069641e-01
9.000000e-02  6.021591e-01
9.300000e-02  5.975076e-01
9.600000e-02  5.930006e-01
9.900000e-02  5.886297e-01
1.020000e-01  5.843871e-01
1.050000e-01  5.802659e-01
1.080000e-01  5.762594e-01
1.110000e-01  5.723618e-01
1.140000e-01  5.685674e-01
1.170000e-01  5.648711e-01
1.200000e-01  5.612682e-01
1.230000e-01  5.577541e-01
1.260000e-01  5.543248e-01
1.290000e-01  5.509763e-01
1.320000e-01  5.477051e-01
1.350000e-01  5.445078e-01
1.380000e-01  5.413813e-01
1.410000e-01  5.383224e-01
1.440000e-01  5.353286e-01
1.470000e-01  5.323971e-01
1.500000e-01  5.295254e-01
1.530000e-01  5.267113e-01
1.560000e-01  5.239525e-01
1.590000e-01  5.212470e-01
1.620000e-01  5.185927e-01
1.650000e-01  5.159879e-01
1.680000e-01  5.134307e-01
1.710000e-01  5.109195e-01
1.740000e-01  5.084528e-01
1.770000e-01  5.060288e-01
1.800000e-01  5.036464e-01
1.830000e-01  5.013040e-01
1.860000e-01  4.990003e-01
1.890000e-01  4.967343e-01
1.920000e-01  4.945045e-01
1.950000e-01  4.923100e-01
1.980000e-01  4.901496e-01
2.010000e-01  4.880224e-01
2.040000e-01  4.859272e-01
2.070000e-01  4.838633e-01
2.100000e-01  4.818295e-01
2.130000e-01  4.798253e-01
2.160000e-01  4.778495e-01
2.190000e-01  4.759016e-01
2.220000e-01  4.739806e-01
2.250000e-01  4.720860e-01
2.280000e-01  4.702169e-01
2.310000e-01  4.683727e-01
2.340000e-01  4.665527e-01
2.370000e-01  4.647563e-01
2.400000e-01  4.629830e-01
2.430000e-01  4.612320e-01
2.460000e-01  4.595029e-01
2.490000e-01  4.577952e-01
2.520000e-01  4.561082e-01
2.550000e-01  4.544415e-01
2.580000e-01  4.527947e-01
2.610000e-01  4.511671e-01
2.640000e-01  4.495585e-01
2.670000e-01  4.479683e-01
2.700000e-01  4.463961e-01
2.730000e-01  4.448415e-01
2.760000e-01  4.433041e-01
2.790000e-01  4.417836e-01
2.820000e-01  4.402795e-01
2.850000e-01  4.387915e-01
2.880000e-01  4.373193e-01
2.910000e-01  4.358625e-01
2.940000e-01  4.344208e-01
2.970000e-01  4.329938e-01
3.000000e-01  4.315813e-01
3.030000e-01  4.301830e-01
3.060000e-01  4.287986e-01
3.090000e-01  4.274277e-01
3.120000e-01  4.260701e-01
3.150000e-01  4.247257e-01
3.180000e-01  4.233940e-01
3.210000e-01  4.220748e-01
3.240000e-01  4.207680e-01
3.270000e-01  4.194732e-01
3.300000e-01  4.181902e-01
3.330000e-01  4.169189e-01
3.360000e-01  4.156589e-01
3.390000e-01  4.144101e-01
3.420000e-01  4.131724e-01
3.450000e-01  4.119453e-01
3.480000e-01  4.107289e-01
3.510000e-01  4.095228e-01
3.540000e-01  4.083269e-01
3.570000e-01  4.071411e-01
3.600000e-01  4.059651e-01
3.630000e-01  4.047987e-01
3.660000e-01  4.036419e-01
3.690000e-01  4.024944e-01
3.720000e-01  4.013561e-01
3.750000e-01  4.002267e-01
3.780000e-01  3.991063e-01
3.810000e-01  3.979946e-01
3.840000e-01  3.968914e-01
3.870000e-01  3.957967e-01
3.900000e-01  3.947103e-01
3.930000e-01  3.936320e-01
3.960000e-01  3.925617e-01
3.990000e-01  3.914994e-01
4.020000e-01  3.904448e-01
4.050000e-01  3.893979e-01
4.080000e-01  3.883585e-01
4.110000e-01  3.873265e-01
4.140000e-01  3.863017e-01
4.170000e-01  3.852842e-01
4.200000e-01  3.842737e-01
4.230000e-01  3.832702e-01
4.260000e-01  3.822736e-01
4.290000e-01  3.812837e-01
4.320000e-01  3.803004e-01
4.350000e-01  3.793237e-01
4.380000e-01  3.783534e-01
4.410000e-01  3.773895e-01
4.440000e-01  3.764319e-01
4.470000e-01  3.754804e-01
4.500000e-01  3.745350e-01
4.530000e-01  3.735956e-01
4.560000e-01  3.726621e-01
4.590000e-01  3.717345e-01
4.620000e-01  3.708125e-01
4.650000e-01  3.698963e-01
4.680000e-01  3.689856e-01
4.710000e-01  3.680804e-01
4.740000e-01  3.671806e-01
4.770000e-01  3.662862e-01
4.800000e-01  3.653970e-01
4.830000e-01  3.645131e-01
4.860000e-01  3.636342e-01
4.890000e-01  3.627605e-01
4.920000e-01  3.618917e-01
4.950000e-01  3.610279e-01
4.980000e-01  3.601689e-01
5.010000e-01  3.593147e-01
5.040000e-01  3.584652e-01
5.070000e-01  3.576204e-01
5.100000e-01  3.567802e-01
5.130000e-01  3.559446e-01
5.160000e-01  3.551134e-01
5.190000e-01  3.542867e-01
5.220000e-01  3.534643e-01
5.250000e-01  3.526463e-01
5.280000e-01  3.518325e-01
5.310000e-01  3.510229e-01
5.340000e-01  3.502175e-01
5.370000e-01  3.494161e-01
5.400000e-01  3.486188e-01
5.430000e-01  3.478255e-01
5.460000e-01  3.470362e-01
5.490000e-01  3.462507e-01
5.520000e-01  3.454691e-01
5.550000e-01  3.446912e-01
5.580000e-01  3.439172e-01
5.610000e-01  3.431468e-01
5.640000e-01  3.423801e-01
5.670000e-01  3.416170e-01
5.700000e-01  3.408575e-01
5.730000e-01  3.401015e-01
5.760000e-01  3.393489e-01
5.790000e-01  3.385999e-01
5.820000e-01  3.378542e-01
5.850000e-01  3.371119e-01
5.880000e-01  3.363729e-01
5.910000e-01  3.356371e-01
5.940000e-01  3.349046e-01
5.970000e-01  3.341754e-01
6.000000e-01  3.334492e-01
6.030000e-01  3.327262e-01
6.060000e-01  3.320063e-01
6.090000e-01  3.312894e-01
6.120000e-01  3.305756e-01
6.150000e-01  3.298647e-01
6.180000e-01  3.291568e-01
6.210000e-01  3.284518e-01
6.240000e-01  3.277496e-01
6.270000e-01  3.270503e-01
6.300000e-01  3.263539e-01
6.330000e-01  3.256601e-01
6.360000e-01  3.249692e-01
6.390000e-01  3.242809e-01
6.420000e-01  3.235953e-01
6.450000e-01  3.229124e-01
6.480000e-01  3.222321e-01
6.510000e-01  3.215544e-01
6.540000e-01  3.208792e-01
6.570000e-01  3.202066e-01
6.600000e-01  3.195365e-01
6.630000e-01  3.188688e-01
6.660000e-01  3.182036e-01
6.690000e-01  3.175408e-01
6.720000e-01  3.168804e-01
6.750000e-01  3.162223e-01
6.780000e-01  3.155666e-01
6.810000e-01  3.149132e-01
6.840000e-01  3.142621e-01
6.870000e-01  3.136132e-01
6.900000e-01  3.129665e-01
6.930000e-01  3.123221e-01
6.960000e-01  3.116798e-01
6.990000e-01  3.110397e-01
7.020000e-01  3.104017e-01
7.050000e-01  3.097658e-01
7.080000e-01  3.091320e-01
7.110000e-01  3.085003e-01
7.140000e-01  3.078705e-01
7.170000e-01  3.072428e-01
7.200000e-01  3.066171e-01
7.230000e-01  3.059933e-01
7.260000e-01  3.053715e-01
7.290000e-01  3.047516e-01
7.320000e-01  3.041336e-01
7.350000e-01  3.035175e-01
7.380000e-01  3.029032e-01
7.410000e-01  3.022907e-01
7.440000e-01  3.016801e-01
7.470000e-01  3.010712e-01
7.500000e-01  3.004641e-01
7.530000e-01  2.998588e-01
7.560000e-01  2.992552e-01
7.590000e-01  2.986533e-01
7.620000e-01  2.980530e-01
7.650000e-01  2.974545e-01
7.680000e-01  2.968575e-01
7.710000e-01  2.962623e-01
7.740000e-01  2.956686e-01
7.770000e-01  2.950765e-01
7.800000e-01  2.944859e-01
7.830000e-01  2.938970e-01
7.860000e-01  2.933095e-01
7.890000e-01  2.927236e-01
7.920000e-01  2.921391e-01
7.950000e-01  2.915562e-01
7.980000e-01  2.909746e-01
8.010000e-01  2.903946e-01
8.040000e-01  2.898159e-01
8.070000e-01  2.892387e-01
8.100000e-01  2.886628e-01
8.130000e-01  2.880883e-01
8.160000e-01  2.875152e-01
8.190000e-01  2.869433e-01
8.220000e-01  2.863728e-01
8.250000e-01  2.858036e-01
8.280000e-01  2.852357e-01
8.310000e-01  2.846691e-01
8.340000e-01  2.841037e-01
8.370000e-01  2.835395e-01
8.400000e-01  2.829765e-01
8.430000e-01  2.824148e-01
8.460000e-01  2.818542e-01
8.490000e-01  2.812948e-01
8.520000e-01  2.807365e-01
8.550000e-01  2.801794e-01
8.580000e-01  2.796234e-01
8.610000e-01  2.790684e-01
8.640000e-01  2.785146e-01
8.670000e-01  2.779619e-01
8.700000e-01  2.774101e-01
8.730000e-01  2.768595e-01
8.760000e-01  2.763098e-01
8.790000e-01  2.757612e-01
8.820000e-01  2.752136e-01
8.850000e-01  2.746669e-01
8.880000e-01  2.741212e-01
8.910000e-01  2.735764e-01
8.940000e-01  2.730326e-01
8.970000e-01  2.724897e-01
9.000000e-01  2.719476e-01
9.030000e-01  2.714065e-01
9.060000e-01  2.708662e-01
9.090000e-01  2.703268e-01
9.120000e-01  2.697883e-01
9.150000e-01  2.692505e-01
9.180000e-01  2.687136e-01
9.210000e-01  2.681774e-01
9.240000e-01  2.676421e-01
9.270000e-01  2.671075e-01
9.300000e-01  2.665736e-01
9.330000e-01  2.660405e-01
9.360000e-01  2.655081e-01
9.390000e-01  2.649764e-01
9.420000e-01  2.644454e-01
9.450000e-01  2.639151e-01
9.480000e-01  2.633854e-01
9.510000e-01  2.628564e-01
9.540000e-01  2.623280e-01
9.570000e-01  2.618002e-01
9.600000e-01  2.612730e-01
9.630000e-01  2.607464e-01
9.660000e-01  2.602204e-01
9.690000e-01  2.596949e-01
9.720000e-01  2.591700e-01
9.750000e-01  2.586456e-01
9.780000e-01  2.581217e-01
9.810000e-01  2.575983e-01
9.840000e-01  2.570754e-01
9.870000e-01  2.565529e-01
9.900000e-01  2.560309e-01
9.930000e-01  2.555094e-01
9.960000e-01  2.549882e-01
9.990000e-01  2.544674e-01
