000000  000001
3.000000e-03  9.562660e-01
6.000000e-03  9.216426e-01
9.000000e-03  8.929926e-01
1.200000e-02  8.685717e-01
1.500000e-02  8.473060e-01
1.800000e-02  8.284858e-01
2.100000e-02  8.116171e-01
2.400000e-02  7.963418e-01
2.700000e-02  7.823919e-01
3.000000e-02  7.695618e-01
3.300000e-02  7.576899e-01
3.600000e-02  7.466472e-01
3.900000e-02  7.363290e-01
4.200000e-02  7.266491e-01
4.500000e-02  7.175356e-01
4.800000e-02  7.089281e-01
5.100000e-02  7.007755e-01
5.400000e-02  6.930335e-01
5.700000e-02  6.856645e-01
6.000000e-02  6.786352e-01
6.300000e-02  6.719171e-01
6.600000e-02  6.654846e-01
6.900000e-02  6.593153e-01
7.200000e-02  6.533895e-01
7.500000e-02  6.476893e-01
7.800000e-02  6.421987e-01
8.100000e-02  6.369036e-01
8.400000e-02  6.317910e-01
8.700000e-02  6.268492e-01
9.000000e-02  6.220676e-01
9.300000e-02  6.174365e-01
9.600000e-02  6.129472e-01
9.900000e-02  6.085913e-01
1.020000e-01  6.043617e-01
1.050000e-01  6.002514e-01
1.080000e-01  5.962542e-01
1.110000e-01  5.923641e-01
1.140000e-01  5.885759e-01
1.170000e-01  5.848844e-01
1.200000e-01  5.812852e-01
1.230000e-01  5.777737e-01
1.260000e-01  5.743461e-01
1.290000e-01  5.709985e-01
1.320000e-01  5.677273e-01
1.350000e-01  5.645294e-01
1.380000e-01  5.614016e-01
1.410000e-01  5.583410e-01
1.440000e-01  5.553449e-01
1.470000e-01  5.524106e-01
1.500000e-01  5.495359e-01
1.530000e-01  5.467182e-01
1.560000e-01  5.439557e-01
1.590000e-01  5.412460e-01
1.620000e-01  5.385875e-01
1.650000e-01  5.359781e-01
1.680000e-01  5.334162e-01
1.710000e-01  5.309001e-01
1.740000e-01  5.284283e-01
1.770000e-01  5.259992e-01
1.800000e-01  5.236115e-01
1.830000e-01  5.212637e-01
1.860000e-01  5.189547e-01
1.890000e-01  5.166832e-01
1.920000e-01  5.144480e-01
1.950000e-01  5.122480e-01
1.980000e-01  5.100821e-01
2.010000e-01  5.079494e-01
2.040000e-01  5.058487e-01
2.070000e-01  5.037793e-01
2.100000e-01  5.017402e-01
2.130000e-01  4.997305e-01
2.160000e-01  4.977494e-01
2.190000e-01  4.957962e-01
2.220000e-01  4.938700e-01
2.250000e-01  4.919702e-01
2.280000e-01  4.900961e-01
2.310000e-01  4.882469e-01
2.340000e-01  4.864220e-01
2.370000e-01  4.846208e-01
2.400000e-01  4.828427e-01
2.430000e-01  4.810871e-01
2.460000e-01  4.793535e-01
2.490000e-01  4.776413e-01
2.520000e-01  4.759499e-01
2.550000e-01  4.742790e-01
2.580000e-01  4.726280e-01
2.610000e-01  4.709965e-01
2.640000e-01  4.693839e-01
2.670000e-01  4.677899e-01
2.700000e-01  4.662141e-01
2.730000e-01  4.646560e-01
2.760000e-01  4.631152e-01
2.790000e-01  4.615914e-01
2.820000e-01  4.600841e-01
2.850000e-01  4.585931e-01
2.880000e-01  4.571179e-01
2.910000e-01  4.556583e-01
2.940000e-01  4.542139e-01
2.970000e-01  4.527844e-01
3.000000e-01  4.513695e-01
3.030000e-01  4.499689e-01
3.060000e-01  4.485823e-01
3.090000e-01  4.472094e-01
3.120000e-01  4.458500e-01
3.150000e-01  4.445037e-01
3.180000e-01  4.431704e-01
3.210000e-01  4.418498e-01
3.240000e-01  4.405416e-01
3.270000e-01  4.392456e-01
3.300000e-01  4.379615e-01
3.330000e-01  4.366892e-01
3.360000e-01  4.354284e-01
3.390000e-01  4.341790e-01
3.420000e-01  4.329406e-01
3.450000e-01  4.317132e-01
3.480000e-01  4.304964e-01
3.510000e-01  4.292902e-01
3.540000e-01  4.280943e-01
3.570000e-01  4.269086e-01
3.600000e-01  4.257328e-01
3.630000e-01  4.245669e-01
3.660000e-01  4.234105e-01
3.690000e-01  4.222637e-01
3.720000e-01  4.211261e-01
3.750000e-01  4.199977e-01
3.780000e-01  4.188783e-01
3.810000e-01  4.177678e-01
3.840000e-01  4.166660e-01
3.870000e-01  4.155727e-01
3.900000e-01  4.144879e-01
3.930000e-01  4.134113e-01
3.960000e-01  4.123429e-01
3.990000e-01  4.112826e-01
4.020000e-01  4.102301e-01
4.050000e-01  4.091854e-01
4.080000e-01  4.081484e-01
4.110000e-01  4.071189e-01
4.140000e-01  4.060969e-01
4.170000e-01  4.050821e-01
4.200000e-01  4.040746e-01
4.230000e-01  4.030742e-01
4.260000e-01  4.020807e-01
4.290000e-01  4.010941e-01
4.320000e-01  4.001143e-01
4.350000e-01  3.991412e-01
4.380000e-01  3.981746e-01
4.410000e-01  3.972146e-01
4.440000e-01  3.962609e-01
4.470000e-01  3.953136e-01
4.500000e-01  3.943724e-01
4.530000e-01  3.934374e-01
4.560000e-01  3.925084e-01
4.590000e-01  3.915854e-01
4.620000e-01  3.906683e-01
4.650000e-01  3.897569e-01
4.680000e-01  3.888513e-01
4.710000e-01  3.879512e-01
4.740000e-01  3.870568e-01
4.770000e-01  3.861678e-01
4.800000e-01  3.852842e-01
4.830000e-01  3.844060e-01
4.860000e-01  3.835330e-01
4.890000e-01  3.826652e-01
4.920000e-01  3.818025e-01
4.950000e-01  3.809449e-01
4.980000e-01  3.800923e-01
5.010000e-01  3.792446e-01
5.040000e-01  3.784018e-01
5.070000e-01  3.775638e-01
5.100000e-01  3.767305e-01
5.130000e-01  3.759019e-01
5.160000e-01  3.750779e-01
5.190000e-01  3.742585e-01
5.220000e-01  3.734435e-01
5.250000e-01  3.726331e-01
5.280000e-01  3.718270e-01
5.310000e-01  3.710252e-01
5.340000e-01  3.702278e-01
5.370000e-01  3.694345e-01
5.400000e-01  3.686455e-01
5.430000e-01  3.678606e-01
5.460000e-01  3.670797e-01
5.490000e-01  3.663029e-01
5.520000e-01  3.655301e-01
5.550000e-01  3.647612e-01
5.580000e-01  3.639961e-01
5.610000e-01  3.632350e-01
5.640000e-01  3.624776e-01
5.670000e-01  3.617240e-01
5.700000e-01  3.609740e-01
5.730000e-01  3.602278e-01
5.760000e-01  3.594851e-01
5.790000e-01  3.587461e-01
5.820000e-01  3.580106e-01
5.850000e-01  3.572785e-01
5.880000e-01  3.565500e-01
5.910000e-01  3.558248e-01
5.940000e-01  3.551031e-01
5.970000e-01  3.543846e-01
6.000000e-01  3.536695e-01
6.030000e-01  3.529577e-01
6.060000e-01  3.522490e-01
6.090000e-01  3.515436e-01
6.120000e-01  3.508413e-01
6.150000e-01  3.501422e-01
6.180000e-01  3.494461e-01
6.210000e-01  3.487531e-01
6.240000e-01  3.480631e-01
6.270000e-01  3.473761e-01
6.300000e-01  3.466920e-01
6.330000e-01  3.460109e-01
6.360000e-01  3.453327e-01
6.390000e-01  3.446573e-01
6.420000e-01  3.439847e-01
6.450000e-01  3.433150e-01
6.480000e-01  3.426480e-01
6.510000e-01  3.419838e-01
6.540000e-01  3.413223e-01
6.570000e-01  3.406634e-01
6.600000e-01  3.400072e-01
6.630000e-01  3.393536e-01
6.660000e-01  3.387027e-01
6.690000e-01  3.380543e-01
6.720000e-01  3.374084e-01
6.750000e-01  3.367650e-01
6.780000e-01  3.361242e-01
6.810000e-01  3.354858e-01
6.840000e-01  3.348498e-01
6.870000e-01  3.342163e-01
6.900000e-01  3.335851e-01
6.930000e-01  3.329563e-01
6.960000e-01  3.323299e-01
6.990000e-01  3.317058e-01
7.020000e-01  3.310839e-01
7.050000e-01  3.304643e-01
7.080000e-01  3.298470e-01
7.110000e-01  3.292319e-01
7.140000e-01  3.286190e-01
7.170000e-01  3.280082e-01
7.200000e-01  3.273996e-01
7.230000e-01  3.267932e-01
7.260000e-01  3.261888e-01
7.290000e-01  3.255866e-01
7.320000e-01  3.249864e-01
7.350000e-01  3.243883e-01
7.380000e-01  3.237922e-01
7.410000e-01  3.231981e-01
7.440000e-01  3.226059e-01
7.470000e-01  3.220158e-01
7.500000e-01  3.214276e-01
7.530000e-01  3.208413e-01
7.560000e-01  3.202570e-01
7.590000e-01  3.196745e-01
7.620000e-01  3.190939e-01
7.650000e-01  3.185151e-01
7.680000e-01  3.179382e-01
7.710000e-01  3.173631e-01
7.740000e-01  3.167898e-01
7.770000e-01  3.162182e-01
7.800000e-01  3.156484e-01
7.830000e-01  3.150804e-01
7.860000e-01  3.145141e-01
7.890000e-01  3.139495e-01
7.920000e-01  3.133866e-01
7.950000e-01  3.128254e-01
7.980000e-01  3.122658e-01
8.010000e-01  3.117079e-01
8.040000e-01  3.111516e-01
8.070000e-01  3.105969e-01
8.100000e-01  3.100438e-01
8.130000e-01  3.094922e-01
8.160000e-01  3.089423e-01
8.190000e-01  3.083939e-01
8.220000e-01  3.078470e-01
8.250000e-01  3.073016e-01
8.280000e-01  3.067577e-01
8.310000e-01  3.062153e-01
8.340000e-01  3.056744e-01
8.370000e-01  3.051350e-01
8.400000e-01  3.045969e-01
8.430000e-01  3.040603e-01
8.460000e-01  3.035252e-01
8.490000e-01  3.029914e-01
8.520000e-01  3.024590e-01
8.550000e-01  3.019279e-01
8.580000e-01  3.013983e-01
8.610000e-01  3.008699e-01
8.640000e-01  3.003429e-01
8.670000e-01  2.998172e-01
8.700000e-01  2.992928e-01
8.730000e-01  2.987697e-01
8.760000e-01  2.982479e-01
8.790000e-01  2.977274e-01
8.820000e-01  2.972080e-01
8.850000e-01  2.966900e-01
8.880000e-01  2.961731e-01
8.910000e-01  2.956575e-01
8.940000e-01  2.951430e-01
8.970000e-01  2.946297e-01
9.000000e-01  2.941177e-01
9.030000e-01  2.936067e-01
9.060000e-01  2.930969e-01
9.090000e-01  2.925883e-01
9.120000e-01  2.920808e-01
9.150000e-01  2.915744e-01
9.180000e-01  2.910690e-01
9.210000e-01  2.905648e-01
9.240000e-01  2.900617e-01
9.270000e-01  2.895596e-01
9.300000e-01  2.890586e-01
9.330000e-01  2.885586e-01
9.360000e-01  2.880596e-01
9.390000e-01  2.875617e-01
9.420000e-01  2.870647e-01
9.450000e-01  2.865688e-01
9.480000e-01  2.860738e-01
9.510000e-01  2.855799e-01
9.540000e-01  2.850868e-01
9.570000e-01  2.845948e-01
9.600000e-01  2.841037e-01
9.630000e-01  2.836135e-01
9.660000e-01  2.831242e-01
9.690000e-01  2.826358e-01
9.720000e-01  2.821483e-01
9.750000e-01  2.816617e-01
9.780000e-01  2.811760e-01
9.810000e-01  2.806912e-01
9.840000e-01  2.802072e-01
9.870000e-01  2.797240e-01
9.900000e-01  2.792417e-01
9.930000e-01  2.787602e-01
9.960000e-01  2.782796e-01
9.990000e-01  2.777997e-01
