000000  000001
3.000000e-03  9.300052e-01
6.000000e-03  8.808624e-01
9.000000e-03  8.430263e-01
1.200000e-02  8.123152e-01
1.500000e-02  7.865105e-01
1.800000e-02  7.642906e-01
2.100000e-02  7.448033e-01
2.400000e-02  7.274674e-01
2.700000e-02  7.118680e-01
3.000000e-02  6.976993e-01
3.300000e-02  6.847290e-01
3.600000e-02  6.727766e-01
3.900000e-02  6.616993e-01
4.200000e-02  6.513821e-01
4.500000e-02  6.417307e-01
4.800000e-02  6.326676e-01
5.100000e-02  6.241275e-01
5.400000e-02  6.160556e-01
5.700000e-02  6.084049e-01
6.000000e-02  6.011351e-01
6.300000e-02  5.942115e-01
6.600000e-02  5.876037e-01
6.900000e-02  5.812852e-01
7.200000e-02  5.752324e-01
7.500000e-02  5.694247e-01
7.800000e-02  5.638436e-01
8.100000e-02  5.584727e-01
8.400000e-02  5.532973e-01
8.700000e-02  5.483039e-01
9.000000e-02  5.434807e-01
9.300000e-02  5.388167e-01
9.600000e-02  5.343020e-01
9.900000e-02  5.299277e-01
1.020000e-01  5.256854e-01
1.050000e-01  5.215677e-01
1.080000e-01  5.175677e-01
1.110000e-01  5.136788e-01
1.140000e-01  5.098954e-01
1.170000e-01  5.062118e-01
1.200000e-01  5.026231e-01
1.230000e-01  4.991246e-01
1.260000e-01  4.957119e-01
1.290000e-01  4.923810e-01
1.320000e-01  4.891282e-01
1.350000e-01  4.859498e-01
1.380000e-01  4.828427e-01
1.410000e-01  4.798036e-01
1.440000e-01  4.768298e-01
1.470000e-01  4.739184e-01
1.500000e-01  4.710670e-01
1.530000e-01  4.682731e-01
1.560000e-01  4.655345e-01
1.590000e-01  4.628490e-01
1.620000e-01  4.602145e-01
1.650000e-01  4.576292e-01
1.680000e-01  4.550913e-01
1.710000e-01  4.525991e-01
1.740000e-01  4.501508e-01
1.770000e-01  4.477450e-01
1.800000e-01  4.453802e-01
1.830000e-01  4.430551e-01
1.860000e-01  4.407682e-01
1.890000e-01  4.385183e-01
1.920000e-01  4.363043e-01
1.950000e-01  4.341249e-01
1.980000e-01  4.319791e-01
2.010000e-01  4.298658e-01
2.040000e-01  4.277840e-01
2.070000e-01  4.257328e-01
2.100000e-01  4.237113e-01
2.130000e-01  4.217185e-01
2.160000e-01  4.197536e-01
2.190000e-01  4.178159e-01
2.220000e-01  4.159045e-01
2.250000e-01  4.140188e-01
2.280000e-01  4.121580e-01
2.310000e-01  4.103213e-01
2.340000e-01  4.085083e-01
2.370000e-01  4.067181e-01
2.400000e-01  4.049503e-01
2.430000e-01  4.032042e-01
2.460000e-01  4.014793e-01
2.490000e-01  3.997751e-01
2.520000e-01  3.980909e-01
2.550000e-01  3.964263e-01
2.580000e-01  3.947809e-01
2.610000e-01  3.931541e-01
2.640000e-01  3.915454e-01
2.670000e-01  3.899545e-01
2.700000e-01  3.883810e-01
2.730000e-01  3.868243e-01
2.760000e-01  3.852842e-01
2.790000e-01  3.837602e-01
2.820000e-01  3.822520e-01
2.850000e-01  3.807592e-01
2.880000e-01  3.792814e-01
2.910000e-01  3.778183e-01
2.940000e-01  3.763697e-01
2.970000e-01  3.749351e-01
3.000000e-01  3.735142e-01
3.030000e-01  3.721069e-01
3.060000e-01  3.707127e-01
3.090000e-01  3.693314e-01
3.120000e-01  3.679627e-01
3.150000e-01  3.666064e-01
3.180000e-01  3.652622e-01
3.210000e-01  3.639298e-01
3.240000e-01  3.626090e-01
3.270000e-01  3.612996e-01
3.300000e-01  3.600014e-01
3.330000e-01  3.587140e-01
3.360000e-01  3.574374e-01
3.390000e-01  3.561712e-01
3.420000e-01  3.549153e-01
3.450000e-01  3.536695e-01
3.480000e-01  3.524336e-01
3.510000e-01  3.512073e-01
3.540000e-01  3.499906e-01
3.570000e-01  3.487831e-01
3.600000e-01  3.475849e-01
3.630000e-01  3.463955e-01
3.660000e-01  3.452150e-01
3.690000e-01  3.440431e-01
3.720000e-01  3.428797e-01
3.750000e-01  3.417246e-01
3.780000e-01  3.405777e-01
3.810000e-01  3.394387e-01
3.840000e-01  3.383077e-01
3.870000e-01  3.371843e-01
3.900000e-01  3.360686e-01
3.930000e-01  3.349603e-01
3.960000e-01  3.338593e-01
3.990000e-01  3.327654e-01
4.020000e-01  3.316787e-01
4.050000e-01  3.305988e-01
4.080000e-01  3.295258e-01
4.110000e-01  3.284594e-01
4.140000e-01  3.273996e-01
4.170000e-01  3.263463e-01
4.200000e-01  3.252993e-01
4.230000e-01  3.242585e-01
4.260000e-01  3.232239e-01
4.290000e-01  3.221952e-01
4.320000e-01  3.211725e-01
4.350000e-01  3.201555e-01
4.380000e-01  3.191443e-01
4.410000e-01  3.181386e-01
4.440000e-01  3.171385e-01
4.470000e-01  3.161438e-01
4.500000e-01  3.151544e-01
4.530000e-01  3.141702e-01
4.560000e-01  3.131912e-01
4.590000e-01  3.122172e-01
4.620000e-01  3.112482e-01
4.650000e-01  3.102840e-01
4.680000e-01  3.093247e-01
4.710000e-01  3.083700e-01
4.740000e-01  3.074200e-01
4.770000e-01  3.064746e-01
4.800000e-01  3.055336e-01
4.830000e-01  3.045969e-01
4.860000e-01  3.036646e-01
4.890000e-01  3.027366e-01
4.920000e-01  3.018127e-01
4.950000e-01  3.008929e-01
4.980000e-01  2.999771e-01
5.010000e-01  2.990653e-01
5.040000e-01  2.981573e-01
5.070000e-01  2.972531e-01
5.100000e-01  2.963527e-01
5.130000e-01  2.954560e-01
5.160000e-01  2.945629e-01
5.190000e-01  2.936733e-01
5.220000e-01  2.927872e-01
5.250000e-01  2.919045e-01
5.280000e-01  2.910252e-01
5.310000e-01  2.901491e-01
5.340000e-01  2.892763e-01
5.370000e-01  2.884066e-01
5.400000e-01  2.875400e-01
5.430000e-01  2.866765e-01
5.460000e-01  2.858160e-01
5.490000e-01  2.849584e-01
5.520000e-01  2.841037e-01
5.550000e-01  2.832517e-01
5.580000e-01  2.824026e-01
5.610000e-01  2.815561e-01
5.640000e-01  2.807123e-01
5.670000e-01  2.798710e-01
5.700000e-01  2.790323e-01
5.730000e-01  2.781960e-01
5.760000e-01  2.773622e-01
5.790000e-01  2.765308e-01
5.820000e-01  2.757016e-01
5.850000e-01  2.748747e-01
5.880000e-01  2.740501e-01
5.910000e-01  2.732275e-01
5.940000e-01  2.724071e-01
5.970000e-01  2.715887e-01
6.000000e-01  2.707724e-01
6.030000e-01  2.699579e-01
6.060000e-01  2.691454e-01
6.090000e-01  2.683347e-01
6.120000e-01  2.675258e-01
6.150000e-01  2.667186e-01
6.180000e-01  2.659131e-01
6.210000e-01  2.651093e-01
6.240000e-01  2.643070e-01
6.270000e-01  2.635062e-01
6.300000e-01  2.627070e-01
6.330000e-01  2.619091e-01
6.360000e-01  2.611127e-01
6.390000e-01  2.603176e-01
6.420000e-01  2.595237e-01
6.450000e-01  2.587311e-01
6.480000e-01  2.579396e-01
6.510000e-01  2.571493e-01
6.540000e-01  2.563600e-01
6.570000e-01  2.555717e-01
6.600000e-01  2.547844e-01
6.630000e-01  2.539980e-01
6.660000e-01  2.532124e-01
6.690000e-01  2.524277e-01
6.720000e-01  2.516436e-01
6.750000e-01  2.508603e-01
6.780000e-01  2.500776e-01
6.810000e-01  2.492955e-01
6.840000e-01  2.485139e-01
6.870000e-01  2.477328e-01
6.900000e-01  2.469520e-01
6.930000e-01  2.461716e-01
6.960000e-01  2.453915e-01
6.990000e-01  2.446117e-01
7.020000e-01  2.438320e-01
7.050000e-01  2.430524e-01
7.080000e-01  000000
7.110000e-01  000000
7.140000e-01  000000
7.170000e-01  000000
7.200000e-01  000000
7.230000e-01  000000
7.260000e-01  000000
7.290000e-01  000000
7.320000e-01  000000
7.350000e-01  000000
7.380000e-01  000000
7.410000e-01  000000
7.440000e-01  000000
7.470000e-01  000000
7.500000e-01  000000
7.530000e-01  000000
7.560000e-01  000000
7.590000e-01  000000
7.620000e-01  000000
7.650000e-01  000000
7.680000e-01  000000
7.710000e-01  000000
7.740000e-01  000000
7.770000e-01  000000
7.800000e-01  000000
7.830000e-01  000000
7.860000e-01  000000
7.890000e-01  000000
7.920000e-01  000000
7.950000e-01  000000
7.980000e-01  000000
8.010000e-01  000000
8.040000e-01  000000
8.070000e-01  000000
8.100000e-01  000000
8.130000e-01  000000
8.160000e-01  000000
8.190000e-01  000000
8.220000e-01  000000
8.250000e-01  000000
8.280000e-01  000000
8.310000e-01  000000
8.340000e-01  000000
8.370000e-01  000000
8.400000e-01  000000
8.430000e-01  000000
8.460000e-01  000000
8.490000e-01  000000
8.520000e-01  000000
8.550000e-01  000000
8.580000e-01  000000
8.610000e-01  000000
8.640000e-01  000000
8.670000e-01  000000
8.700000e-01  000000
8.730000e-01  000000
8.760000e-01  000000
8.790000e-01  000000
8.820000e-01  000000
8.850000e-01  000000
8.880000e-01  000000
8.910000e-01  000000
8.940000e-01  000000
8.970000e-01  000000
9.000000e-01  000000
9.030000e-01  000000
9.060000e-01  000000
9.090000e-01  000000
9.120000e-01  000000
9.150000e-01  000000
9.180000e-01  000000
9.210000e-01  000000
9.240000e-01  000000
9.270000e-01  000000
9.300000e-01  000000
9.330000e-01  000000
9.360000e-01  000000
9.390000e-01  000000
9.420000e-01  000000
9.450000e-01  000000
9.480000e-01  000000
9.510000e-01  000000
9.540000e-01  000000
9.570000e-01  000000
9.600000e-01  000000
9.630000e-01  000000
9.660000e-01  000000
9.690000e-01  000000
9.720000e-01  000000
9.750000e-01  000000
9.780000e-01  000000
9.810000e-01  000000
9.840000e-01  000000
9.870000e-01  000000
9.900000e-01  000000
9.930000e-01  000000
9.960000e-01  000000
9.990000e-01  000000
