000000  000001
3.000000e-03  8.685717e-01
6.000000e-03  7.963418e-01
9.000000e-03  7.466472e-01
1.200000e-02  7.089281e-01
1.500000e-02  6.786352e-01
1.800000e-02  6.533895e-01
2.100000e-02  6.317910e-01
2.400000e-02  6.129472e-01
2.700000e-02  5.962542e-01
3.000000e-02  5.812852e-01
3.300000e-02  5.677273e-01
3.600000e-02  5.553449e-01
3.900000e-02  5.439557e-01
4.200000e-02  5.334162e-01
4.500000e-02  5.236115e-01
4.800000e-02  5.144480e-01
5.100000e-02  5.058487e-01
5.400000e-02  4.977494e-01
5.700000e-02  4.900961e-01
6.000000e-02  4.828427e-01
6.300000e-02  4.759499e-01
6.600000e-02  4.693839e-01
6.900000e-02  4.631152e-01
7.200000e-02  4.571179e-01
7.500000e-02  4.513695e-01
7.800000e-02  4.458500e-01
8.100000e-02  4.405416e-01
8.400000e-02  4.354284e-01
8.700000e-02  4.304964e-01
9.000000e-02  4.257328e-01
9.300000e-02  4.211261e-01
9.600000e-02  4.166660e-01
9.900000e-02  4.123429e-01
1.020000e-01  4.081484e-01
1.050000e-01  4.040746e-01
1.080000e-01  4.001143e-01
1.110000e-01  3.962609e-01
1.140000e-01  3.925084e-01
1.170000e-01  3.888513e-01
1.200000e-01  3.852842e-01
1.230000e-01  3.818025e-01
1.260000e-01  3.784018e-01
1.290000e-01  3.750779e-01
1.320000e-01  3.718270e-01
1.350000e-01  3.686455e-01
1.380000e-01  3.655301e-01
1.410000e-01  3.624776e-01
1.440000e-01  3.594851e-01
1.470000e-01  3.565500e-01
1.500000e-01  3.536695e-01
1.530000e-01  3.508413e-01
1.560000e-01  3.480631e-01
1.590000e-01  3.453327e-01
1.620000e-01  3.426480e-01
1.650000e-01  3.400072e-01
1.680000e-01  3.374084e-01
1.710000e-01  3.348498e-01
1.740000e-01  3.323299e-01
1.770000e-01  3.298470e-01
1.800000e-01  3.273996e-01
1.830000e-01  3.249864e-01
1.860000e-01  3.226059e-01
1.890000e-01  3.202570e-01
1.920000e-01  3.179382e-01
1.950000e-01  3.156484e-01
1.980000e-01  3.133866e-01
2.010000e-01  3.111516e-01
2.040000e-01  3.089423e-01
2.070000e-01  3.067577e-01
2.100000e-01  3.045969e-01
2.130000e-01  3.024590e-01
2.160000e-01  3.003429e-01
2.190000e-01  2.982479e-01
2.220000e-01  2.961731e-01
2.250000e-01  2.941177e-01
2.280000e-01  2.920808e-01
2.310000e-01  2.900617e-01
2.340000e-01  2.880596e-01
2.370000e-01  2.860738e-01
2.400000e-01  2.841037e-01
2.430000e-01  2.821483e-01
2.460000e-01  2.802072e-01
2.490000e-01  2.782796e-01
2.520000e-01  2.763648e-01
2.550000e-01  2.744621e-01
2.580000e-01  2.725710e-01
2.610000e-01  2.706908e-01
2.640000e-01  2.688209e-01
2.670000e-01  2.669606e-01
2.700000e-01  2.651093e-01
2.730000e-01  2.632663e-01
2.760000e-01  2.614311e-01
2.790000e-01  2.596030e-01
2.820000e-01  2.577814e-01
2.850000e-01  2.559657e-01
2.880000e-01  2.541552e-01
2.910000e-01  2.523492e-01
2.940000e-01  2.505472e-01
2.970000e-01  2.487483e-01
3.000000e-01  2.469520e-01
3.030000e-01  2.451576e-01
3.060000e-01  2.433642e-01
3.090000e-01  000000
3.120000e-01  000000
3.150000e-01  000000
3.180000e-01  000000
3.210000e-01  000000
3.240000e-01  000000
3.270000e-01  000000
3.300000e-01  000000
3.330000e-01  000000
3.360000e-01  000000
3.390000e-01  000000
3.420000e-01  000000
3.450000e-01  000000
3.480000e-01  000000
3.510000e-01  000000
3.540000e-01  000000
3.570000e-01  000000
3.600000e-01  000000
3.630000e-01  000000
3.660000e-01  000000
3.690000e-01  000000
3.720000e-01  000000
3.750000e-01  000000
3.780000e-01  000000
3.810000e-01  000000
3.840000e-01  000000
3.870000e-01  000000
3.900000e-01  000000
3.930000e-01  000000
3.960000e-01  000000
3.990000e-01  000000
4.020000e-01  000000
4.050000e-01  000000
4.080000e-01  000000
4.110000e-01  000000
4.140000e-01  000000
4.170000e-01  000000
4.200000e-01  000000
4.230000e-01  000000
4.260000e-01  000000
4.290000e-01  000000
4.320000e-01  000000
4.350000e-01  000000
4.380000e-01  000000
4.410000e-01  000000
4.440000e-01  000000
4.470000e-01  000000
4.500000e-01  000000
4.530000e-01  000000
4.560000e-01  000000
4.590000e-01  000000
4.620000e-01  000000
4.650000e-01  000000
4.680000e-01  000000
4.710000e-01  000000
4.740000e-01  000000
4.770000e-01  000000
4.800000e-01  000000
4.830000e-01  000000
4.860000e-01  000000
4.890000e-01  000000
4.920000e-01  000000
4.950000e-01  000000
4.980000e-01  000000
5.010000e-01  000000
5.040000e-01  000000
5.070000e-01  000000
5.100000e-01  000000
5.130000e-01  000000
5.160000e-01  000000
5.190000e-01  000000
5.220000e-01  000000
5.250000e-01  000000
5.280000e-01  000000
5.310000e-01  000000
5.340000e-01  000000
5.370000e-01  000000
5.400000e-01  000000
5.430000e-01  000000
5.460000e-01  000000
5.490000e-01  000000
5.520000e-01  000000
5.550000e-01  000000
5.580000e-01  000000
5.610000e-01  000000
5.640000e-01  000000
5.670000e-01  000000
5.700000e-01  000000
5.730000e-01  000000
5.760000e-01  000000
5.790000e-01  000000
5.820000e-01  000000
5.850000e-01  000000
5.880000e-01  000000
5.910000e-01  000000
5.940000e-01  000000
5.970000e-01  000000
6.000000e-01  000000
6.030000e-01  000000
6.060000e-01  000000
6.090000e-01  000000
6.120000e-01  000000
6.150000e-01  000000
6.180000e-01  000000
6.210000e-01  000000
6.240000e-01  000000
6.270000e-01  000000
6.300000e-01  000000
6.330000e-01  000000
6.360000e-01  000000
6.390000e-01  000000
6.420000e-01  000000
6.450000e-01  000000
6.480000e-01  000000
6.510000e-01  000000
6.540000e-01  000000
6.570000e-01  000000
6.600000e-01  000000
6.630000e-01  000000
6.660000e-01  000000
6.690000e-01  000000
6.720000e-01  000000
6.750000e-01  000000
6.780000e-01  000000
6.810000e-01  000000
6.840000e-01  000000
6.870000e-01  000000
6.900000e-01  000000
6.930000e-01  000000
6.960000e-01  000000
6.990000e-01  000000
7.020000e-01  000000
7.050000e-01  000000
7.080000e-01  000000
7.110000e-01  000000
7.140000e-01  000000
7.170000e-01  000000
7.200000e-01  000000
7.230000e-01  000000
7.260000e-01  000000
7.290000e-01  000000
7.320000e-01  000000
7.350000e-01  000000
7.380000e-01  000000
7.410000e-01  000000
7.440000e-01  000000
7.470000e-01  000000
7.500000e-01  000000
7.530000e-01  000000
7.560000e-01  000000
7.590000e-01  000000
7.620000e-01  000000
7.650000e-01  000000
7.680000e-01  000000
7.710000e-01  000000
7.740000e-01  000000
7.770000e-01  000000
7.800000e-01  000000
7.830000e-01  000000
7.860000e-01  000000
7.890000e-01  000000
7.920000e-01  000000
7.950000e-01  000000
7.980000e-01  000000
8.010000e-01  000000
8.040000e-01  000000
8.070000e-01  000000
8.100000e-01  000000
8.130000e-01  000000
8.160000e-01  000000
8.190000e-01  000000
8.220000e-01  000000
8.250000e-01  000000
8.280000e-01  000000
8.310000e-01  000000
8.340000e-01  000000
8.370000e-01  000000
8.400000e-01  000000
8.430000e-01  000000
8.460000e-01  000000
8.490000e-01  000000
8.520000e-01  000000
8.550000e-01  000000
8.580000e-01  000000
8.610000e-01  000000
8.640000e-01  000000
8.670000e-01  000000
8.700000e-01  000000
8.730000e-01  000000
8.760000e-01  000000
8.790000e-01  000000
8.820000e-01  000000
8.850000e-01  000000
8.880000e-01  000000
8.910000e-01  000000
8.940000e-01  000000
8.970000e-01  000000
9.000000e-01  000000
9.030000e-01  000000
9.060000e-01  000000
9.090000e-01  000000
9.120000e-01  000000
9.150000e-01  000000
9.180000e-01  000000
9.210000e-01  000000
9.240000e-01  000000
9.270000e-01  000000
9.300000e-01  000000
9.330000e-01  000000
9.360000e-01  000000
9.390000e-01  000000
9.420000e-01  000000
9.450000e-01  000000
9.480000e-01  000000
9.510000e-01  000000
9.540000e-01  000000
9.570000e-01  000000
9.600000e-01  000000
9.630000e-01  000000
9.660000e-01  000000
9.690000e-01  000000
9.720000e-01  000000
9.750000e-01  000000
9.780000e-01  000000
9.810000e-01  000000
9.840000e-01  000000
9.870000e-01  000000
9.900000e-01  000000
9.930000e-01  000000
9.960000e-01  000000
9.990000e-01  000000
