000000  000001
3.000000e-03  9.340975e-01
6.000000e-03  8.869891e-01
9.000000e-03  8.503563e-01
1.200000e-02  8.204294e-01
1.500000e-02  7.951684e-01
1.800000e-02  7.733418e-01
2.100000e-02  7.541483e-01
2.400000e-02  7.370367e-01
2.700000e-02  7.216119e-01
3.000000e-02  7.075810e-01
3.300000e-02  6.947205e-01
3.600000e-02  6.828565e-01
3.900000e-02  6.718507e-01
4.200000e-02  6.615915e-01
4.500000e-02  6.519875e-01
4.800000e-02  6.429630e-01
5.100000e-02  6.344544e-01
5.400000e-02  6.264081e-01
5.700000e-02  6.187781e-01
6.000000e-02  6.115250e-01
6.300000e-02  6.046146e-01
6.600000e-02  5.980171e-01
6.900000e-02  5.917065e-01
7.200000e-02  5.856596e-01
7.500000e-02  5.798561e-01
7.800000e-02  5.742777e-01
8.100000e-02  5.689082e-01
8.400000e-02  5.637331e-01
8.700000e-02  5.587392e-01
9.000000e-02  5.539146e-01
9.300000e-02  5.492487e-01
9.600000e-02  5.447315e-01
9.900000e-02  5.403543e-01
1.020000e-01  5.361087e-01
1.050000e-01  5.319874e-01
1.080000e-01  5.279835e-01
1.110000e-01  5.240906e-01
1.140000e-01  5.203028e-01
1.170000e-01  5.166149e-01
1.200000e-01  5.130218e-01
1.230000e-01  5.095188e-01
1.260000e-01  5.061017e-01
1.290000e-01  5.027663e-01
1.320000e-01  4.995090e-01
1.350000e-01  4.963262e-01
1.380000e-01  4.932146e-01
1.410000e-01  4.901713e-01
1.440000e-01  4.871932e-01
1.470000e-01  4.842777e-01
1.500000e-01  4.814223e-01
1.530000e-01  4.786245e-01
1.560000e-01  4.758820e-01
1.590000e-01  4.731928e-01
1.620000e-01  4.705548e-01
1.650000e-01  4.679662e-01
1.680000e-01  4.654250e-01
1.710000e-01  4.629296e-01
1.740000e-01  4.604784e-01
1.770000e-01  4.580698e-01
1.800000e-01  4.557023e-01
1.830000e-01  4.533747e-01
1.860000e-01  4.510854e-01
1.890000e-01  4.488334e-01
1.920000e-01  4.466173e-01
1.950000e-01  4.444361e-01
1.980000e-01  4.422886e-01
2.010000e-01  4.401738e-01
2.040000e-01  4.380907e-01
2.070000e-01  4.360383e-01
2.100000e-01  4.340157e-01
2.130000e-01  4.320221e-01
2.160000e-01  4.300566e-01
2.190000e-01  4.281184e-01
2.220000e-01  4.262067e-01
2.250000e-01  4.243208e-01
2.280000e-01  4.224599e-01
2.310000e-01  4.206235e-01
2.340000e-01  4.188108e-01
2.370000e-01  4.170212e-01
2.400000e-01  4.152541e-01
2.430000e-01  4.135089e-01
2.460000e-01  4.117850e-01
2.490000e-01  4.100819e-01
2.520000e-01  4.083991e-01
2.550000e-01  4.067361e-01
2.580000e-01  4.050924e-01
2.610000e-01  4.034674e-01
2.640000e-01  4.018609e-01
2.670000e-01  4.002722e-01
2.700000e-01  3.987010e-01
2.730000e-01  3.971469e-01
2.760000e-01  3.956095e-01
2.790000e-01  3.940885e-01
2.820000e-01  3.925833e-01
2.850000e-01  3.910937e-01
2.880000e-01  3.896193e-01
2.910000e-01  3.881598e-01
2.940000e-01  3.867149e-01
2.970000e-01  3.852842e-01
3.000000e-01  3.838675e-01
3.030000e-01  3.824643e-01
3.060000e-01  3.810746e-01
3.090000e-01  3.796978e-01
3.120000e-01  3.783339e-01
3.150000e-01  3.769825e-01
3.180000e-01  3.756434e-01
3.210000e-01  3.743163e-01
3.240000e-01  3.730009e-01
3.270000e-01  3.716971e-01
3.300000e-01  3.704046e-01
3.330000e-01  3.691232e-01
3.360000e-01  3.678526e-01
3.390000e-01  3.665927e-01
3.420000e-01  3.653433e-01
3.450000e-01  3.641041e-01
3.480000e-01  3.628749e-01
3.510000e-01  3.616556e-01
3.540000e-01  3.604460e-01
3.570000e-01  3.592459e-01
3.600000e-01  3.580550e-01
3.630000e-01  3.568734e-01
3.660000e-01  3.557007e-01
3.690000e-01  3.545368e-01
3.720000e-01  3.533815e-01
3.750000e-01  3.522347e-01
3.780000e-01  3.510963e-01
3.810000e-01  3.499661e-01
3.840000e-01  3.488439e-01
3.870000e-01  3.477296e-01
3.900000e-01  3.466231e-01
3.930000e-01  3.455242e-01
3.960000e-01  3.444328e-01
3.990000e-01  3.433488e-01
4.020000e-01  3.422720e-01
4.050000e-01  3.412023e-01
4.080000e-01  3.401396e-01
4.110000e-01  3.390837e-01
4.140000e-01  3.380346e-01
4.170000e-01  3.369922e-01
4.200000e-01  3.359563e-01
4.230000e-01  3.349268e-01
4.260000e-01  3.339036e-01
4.290000e-01  3.328866e-01
4.320000e-01  3.318757e-01
4.350000e-01  3.308709e-01
4.380000e-01  3.298719e-01
4.410000e-01  3.288787e-01
4.440000e-01  3.278913e-01
4.470000e-01  3.269094e-01
4.500000e-01  3.259331e-01
4.530000e-01  3.249622e-01
4.560000e-01  3.239967e-01
4.590000e-01  3.230364e-01
4.620000e-01  3.220813e-01
4.650000e-01  3.211313e-01
4.680000e-01  3.201862e-01
4.710000e-01  3.192462e-01
4.740000e-01  3.183109e-01
4.770000e-01  3.173805e-01
4.800000e-01  3.164547e-01
4.830000e-01  3.155336e-01
4.860000e-01  3.146169e-01
4.890000e-01  3.137048e-01
4.920000e-01  3.127971e-01
4.950000e-01  3.118937e-01
4.980000e-01  3.109945e-01
5.010000e-01  3.100996e-01
5.040000e-01  3.092087e-01
5.070000e-01  3.083220e-01
5.100000e-01  3.074392e-01
5.130000e-01  3.065603e-01
5.160000e-01  3.056853e-01
5.190000e-01  3.048141e-01
5.220000e-01  3.039467e-01
5.250000e-01  3.030829e-01
5.280000e-01  3.022228e-01
5.310000e-01  3.013662e-01
5.340000e-01  3.005131e-01
5.370000e-01  2.996635e-01
5.400000e-01  2.988172e-01
5.430000e-01  2.979743e-01
5.460000e-01  2.971347e-01
5.490000e-01  2.962983e-01
5.520000e-01  2.954650e-01
5.550000e-01  2.946349e-01
5.580000e-01  2.938079e-01
5.610000e-01  2.929838e-01
5.640000e-01  2.921627e-01
5.670000e-01  2.913445e-01
5.700000e-01  2.905292e-01
5.730000e-01  2.897167e-01
5.760000e-01  2.889069e-01
5.790000e-01  2.880999e-01
5.820000e-01  2.872955e-01
5.850000e-01  2.864937e-01
5.880000e-01  2.856945e-01
5.910000e-01  2.848979e-01
5.940000e-01  2.841037e-01
5.970000e-01  2.833119e-01
6.000000e-01  2.825225e-01
6.030000e-01  2.817354e-01
6.060000e-01  2.809506e-01
6.090000e-01  2.801681e-01
6.120000e-01  2.793878e-01
6.150000e-01  2.786096e-01
6.180000e-01  2.778336e-01
6.210000e-01  2.770596e-01
6.240000e-01  2.762876e-01
6.270000e-01  2.755177e-01
6.300000e-01  2.747497e-01
6.330000e-01  2.739835e-01
6.360000e-01  2.732192e-01
6.390000e-01  2.724568e-01
6.420000e-01  2.716961e-01
6.450000e-01  2.709371e-01
6.480000e-01  2.701799e-01
6.510000e-01  2.694242e-01
6.540000e-01  2.686702e-01
6.570000e-01  2.679178e-01
6.600000e-01  2.671668e-01
6.630000e-01  2.664174e-01
6.660000e-01  2.656694e-01
6.690000e-01  2.649227e-01
6.720000e-01  2.641775e-01
6.750000e-01  2.634335e-01
6.780000e-01  2.626908e-01
6.810000e-01  2.619494e-01
6.840000e-01  2.612092e-01
6.870000e-01  2.604701e-01
6.900000e-01  2.597321e-01
6.930000e-01  2.589951e-01
6.960000e-01  2.582592e-01
6.990000e-01  2.575243e-01
7.020000e-01  2.567904e-01
7.050000e-01  2.560573e-01
7.080000e-01  2.553251e-01
7.110000e-01  2.545937e-01
7.140000e-01  2.538630e-01
7.170000e-01  2.531331e-01
7.200000e-01  2.524039e-01
7.230000e-01  2.516753e-01
7.260000e-01  2.509473e-01
7.290000e-01  2.502199e-01
7.320000e-01  2.494929e-01
7.350000e-01  2.487665e-01
7.380000e-01  2.480404e-01
7.410000e-01  2.473147e-01
7.440000e-01  2.465894e-01
7.470000e-01  2.458643e-01
7.500000e-01  2.451394e-01
7.530000e-01  2.444148e-01
7.560000e-01  2.436902e-01
7.590000e-01  2.429657e-01
7.620000e-01  000000
7.650000e-01  000000
7.680000e-01  000000
7.710000e-01  000000
7.740000e-01  000000
7.770000e-01  000000
7.800000e-01  000000
7.830000e-01  000000
7.860000e-01  000000
7.890000e-01  000000
7.920000e-01  000000
7.950000e-01  000000
7.980000e-01  000000
8.010000e-01  000000
8.040000e-01  000000
8.070000e-01  000000
8.100000e-01  000000
8.130000e-01  000000
8.160000e-01  000000
8.190000e-01  000000
8.220000e-01  000000
8.250000e-01  000000
8.280000e-01  000000
8.310000e-01  000000
8.340000e-01  000000
8.370000e-01  000000
8.400000e-01  000000
8.430000e-01  000000
8.460000e-01  000000
8.490000e-01  000000
8.520000e-01  000000
8.550000e-01  000000
8.580000e-01  000000
8.610000e-01  000000
8.640000e-01  000000
8.670000e-01  000000
8.700000e-01  000000
8.730000e-01  000000
8.760000e-01  000000
8.790000e-01  000000
8.820000e-01  000000
8.850000e-01  000000
8.880000e-01  000000
8.910000e-01  000000
8.940000e-01  000000
8.970000e-01  000000
9.000000e-01  000000
9.030000e-01  000000
9.060000e-01  000000
9.090000e-01  000000
9.120000e-01  000000
9.150000e-01  000000
9.180000e-01  000000
9.210000e-01  000000
9.240000e-01  000000
9.270000e-01  000000
9.300000e-01  000000
9.330000e-01  000000
9.360000e-01  000000
9.390000e-01  000000
9.420000e-01  000000
9.450000e-01  000000
9.480000e-01  000000
9.510000e-01  000000
9.540000e-01  000000
9.570000e-01  000000
9.600000e-01  000000
9.630000e-01  000000
9.660000e-01  000000
9.690000e-01  000000
9.720000e-01  000000
9.750000e-01  000000
9.780000e-01  000000
9.810000e-01  000000
9.840000e-01  000000
9.870000e-01  000000
9.900000e-01  000000
9.930000e-01  000000
9.960000e-01  000000
9.990000e-01  000000
