000000  000001
3.000000e-03  9.119609e-01
6.000000e-03  8.546969e-01
9.000000e-03  8.123152e-01
1.200000e-02  7.787548e-01
1.500000e-02  7.510355e-01
1.800000e-02  7.274674e-01
2.100000e-02  7.069989e-01
2.400000e-02  6.889313e-01
2.700000e-02  6.727766e-01
3.000000e-02  6.581808e-01
3.300000e-02  6.448790e-01
3.600000e-02  6.326676e-01
3.900000e-02  6.213873e-01
4.200000e-02  6.109109e-01
4.500000e-02  6.011351e-01
4.800000e-02  5.919752e-01
5.100000e-02  5.833607e-01
5.400000e-02  5.752324e-01
5.700000e-02  5.675400e-01
6.000000e-02  5.602406e-01
6.300000e-02  5.532973e-01
6.600000e-02  5.466778e-01
6.900000e-02  5.403543e-01
7.200000e-02  5.343020e-01
7.500000e-02  5.284993e-01
7.800000e-02  5.229269e-01
8.100000e-02  5.175677e-01
8.400000e-02  5.124062e-01
8.700000e-02  5.074289e-01
9.000000e-02  5.026231e-01
9.300000e-02  4.979777e-01
9.600000e-02  4.934825e-01
9.900000e-02  4.891282e-01
1.020000e-01  4.849063e-01
1.050000e-01  4.808093e-01
1.080000e-01  4.768298e-01
1.110000e-01  4.729614e-01
1.140000e-01  4.691982e-01
1.170000e-01  4.655345e-01
1.200000e-01  4.619652e-01
1.230000e-01  4.584857e-01
1.260000e-01  4.550913e-01
1.290000e-01  4.517782e-01
1.320000e-01  4.485423e-01
1.350000e-01  4.453802e-01
1.380000e-01  4.422886e-01
1.410000e-01  4.392642e-01
1.440000e-01  4.363043e-01
1.470000e-01  4.334059e-01
1.500000e-01  4.305667e-01
1.530000e-01  4.277840e-01
1.560000e-01  4.250557e-01
1.590000e-01  4.223796e-01
1.620000e-01  4.197536e-01
1.650000e-01  4.171759e-01
1.680000e-01  4.146446e-01
1.710000e-01  4.121580e-01
1.740000e-01  4.097144e-01
1.770000e-01  4.073123e-01
1.800000e-01  4.049503e-01
1.830000e-01  4.026270e-01
1.860000e-01  4.003409e-01
1.890000e-01  3.980909e-01
1.920000e-01  3.958757e-01
1.950000e-01  3.936943e-01
1.980000e-01  3.915454e-01
2.010000e-01  3.894281e-01
2.040000e-01  3.873414e-01
2.070000e-01  3.852842e-01
2.100000e-01  3.832557e-01
2.130000e-01  3.812551e-01
2.160000e-01  3.792814e-01
2.190000e-01  3.773339e-01
2.220000e-01  3.754117e-01
2.250000e-01  3.735142e-01
2.280000e-01  3.716407e-01
2.310000e-01  3.697904e-01
2.340000e-01  3.679627e-01
2.370000e-01  3.661570e-01
2.400000e-01  3.643726e-01
2.430000e-01  3.626090e-01
2.460000e-01  3.608657e-01
2.490000e-01  3.591420e-01
2.520000e-01  3.574374e-01
2.550000e-01  3.557515e-01
2.580000e-01  3.540837e-01
2.610000e-01  3.524336e-01
2.640000e-01  3.508007e-01
2.670000e-01  3.491846e-01
2.700000e-01  3.475849e-01
2.730000e-01  3.460011e-01
2.760000e-01  3.444328e-01
2.790000e-01  3.428797e-01
2.820000e-01  3.413414e-01
2.850000e-01  3.398175e-01
2.880000e-01  3.383077e-01
2.910000e-01  3.368116e-01
2.940000e-01  3.353289e-01
2.970000e-01  3.338593e-01
3.000000e-01  3.324024e-01
3.030000e-01  3.309580e-01
3.060000e-01  3.295258e-01
3.090000e-01  3.281054e-01
3.120000e-01  3.266967e-01
3.150000e-01  3.252993e-01
3.180000e-01  3.239130e-01
3.210000e-01  3.225374e-01
3.240000e-01  3.211725e-01
3.270000e-01  3.198178e-01
3.300000e-01  3.184732e-01
3.330000e-01  3.171385e-01
3.360000e-01  3.158134e-01
3.390000e-01  3.144977e-01
3.420000e-01  3.131912e-01
3.450000e-01  3.118937e-01
3.480000e-01  3.106049e-01
3.510000e-01  3.093247e-01
3.540000e-01  3.080529e-01
3.570000e-01  3.067892e-01
3.600000e-01  3.055336e-01
3.630000e-01  3.042857e-01
3.660000e-01  3.030455e-01
3.690000e-01  3.018127e-01
3.720000e-01  3.005872e-01
3.750000e-01  2.993688e-01
3.780000e-01  2.981573e-01
3.810000e-01  2.969526e-01
3.840000e-01  2.957545e-01
3.870000e-01  2.945629e-01
3.900000e-01  2.933775e-01
3.930000e-01  2.921984e-01
3.960000e-01  2.910252e-01
3.990000e-01  2.898578e-01
4.020000e-01  2.886961e-01
4.050000e-01  2.875400e-01
4.080000e-01  2.863894e-01
4.110000e-01  2.852439e-01
4.140000e-01  2.841037e-01
4.170000e-01  2.829684e-01
4.200000e-01  2.818379e-01
4.230000e-01  2.807123e-01
4.260000e-01  2.795912e-01
4.290000e-01  2.784745e-01
4.320000e-01  2.773622e-01
4.350000e-01  2.762541e-01
4.380000e-01  2.751501e-01
4.410000e-01  2.740501e-01
4.440000e-01  2.729538e-01
4.470000e-01  2.718613e-01
4.500000e-01  2.707724e-01
4.530000e-01  2.696869e-01
4.560000e-01  2.686047e-01
4.590000e-01  2.675258e-01
4.620000e-01  2.664499e-01
4.650000e-01  2.653770e-01
4.680000e-01  2.643070e-01
4.710000e-01  2.632397e-01
4.740000e-01  2.621749e-01
4.770000e-01  2.611127e-01
4.800000e-01  2.600528e-01
4.830000e-01  2.589951e-01
4.860000e-01  2.579396e-01
4.890000e-01  2.568860e-01
4.920000e-01  2.558343e-01
4.950000e-01  2.547844e-01
4.980000e-01  2.537360e-01
5.010000e-01  2.526892e-01
5.040000e-01  2.516436e-01
5.070000e-01  2.505993e-01
5.100000e-01  2.495561e-01
5.130000e-01  2.485139e-01
5.160000e-01  2.474725e-01
5.190000e-01  2.464317e-01
5.220000e-01  2.453915e-01
5.250000e-01  2.443518e-01
5.280000e-01  2.433122e-01
5.310000e-01  000000
5.340000e-01  000000
5.370000e-01  000000
5.400000e-01  000000
5.430000e-01  000000
5.460000e-01  000000
5.490000e-01  000000
5.520000e-01  000000
5.550000e-01  000000
5.580000e-01  000000
5.610000e-01  000000
5.640000e-01  000000
5.670000e-01  000000
5.700000e-01  000000
5.730000e-01  000000
5.760000e-01  000000
5.790000e-01  000000
5.820000e-01  000000
5.850000e-01  000000
5.880000e-01  000000
5.910000e-01  000000
5.940000e-01  000000
5.970000e-01  000000
6.000000e-01  000000
6.030000e-01  000000
6.060000e-01  000000
6.090000e-01  000000
6.120000e-01  000000
6.150000e-01  000000
6.180000e-01  000000
6.210000e-01  000000
6.240000e-01  000000
6.270000e-01  000000
6.300000e-01  000000
6.330000e-01  000000
6.360000e-01  000000
6.390000e-01  000000
6.420000e-01  000000
6.450000e-01  000000
6.480000e-01  000000
6.510000e-01  000000
6.540000e-01  000000
6.570000e-01  000000
6.600000e-01  000000
6.630000e-01  000000
6.660000e-01  000000
6.690000e-01  000000
6.720000e-01  000000
6.750000e-01  000000
6.780000e-01  000000
6.810000e-01  000000
6.840000e-01  000000
6.870000e-01  000000
6.900000e-01  000000
6.930000e-01  000000
6.960000e-01  000000
6.990000e-01  000000
7.020000e-01  000000
7.050000e-01  000000
7.080000e-01  000000
7.110000e-01  000000
7.140000e-01  000000
7.170000e-01  000000
7.200000e-01  000000
7.230000e-01  000000
7.260000e-01  000000
7.290000e-01  000000
7.320000e-01  000000
7.350000e-01  000000
7.380000e-01  000000
7.410000e-01  000000
7.440000e-01  000000
7.470000e-01  000000
7.500000e-01  000000
7.530000e-01  000000
7.560000e-01  000000
7.590000e-01  000000
7.620000e-01  000000
7.650000e-01  000000
7.680000e-01  000000
7.710000e-01  000000
7.740000e-01  000000
7.770000e-01  000000
7.800000e-01  000000
7.830000e-01  000000
7.860000e-01  000000
7.890000e-01  000000
7.920000e-01  000000
7.950000e-01  000000
7.980000e-01  000000
8.010000e-01  000000
8.040000e-01  000000
8.070000e-01  000000
8.100000e-01  000000
8.130000e-01  000000
8.160000e-01  000000
8.190000e-01  000000
8.220000e-01  000000
8.250000e-01  000000
8.280000e-01  000000
8.310000e-01  000000
8.340000e-01  000000
8.370000e-01  000000
8.400000e-01  000000
8.430000e-01  000000
8.460000e-01  000000
8.490000e-01  000000
8.520000e-01  000000
8.550000e-01  000000
8.580000e-01  000000
8.610000e-01  000000
8.640000e-01  000000
8.670000e-01  000000
8.700000e-01  000000
8.730000e-01  000000
8.760000e-01  000000
8.790000e-01  000000
8.820000e-01  000000
8.850000e-01  000000
8.880000e-01  000000
8.910000e-01  000000
8.940000e-01  000000
8.970000e-01  000000
9.000000e-01  000000
9.030000e-01  000000
9.060000e-01  000000
9.090000e-01  000000
9.120000e-01  000000
9.150000e-01  000000
9.180000e-01  000000
9.210000e-01  000000
9.240000e-01  000000
9.270000e-01  000000
9.300000e-01  000000
9.330000e-01  000000
9.360000e-01  000000
9.390000e-01  000000
9.420000e-01  000000
9.450000e-01  000000
9.480000e-01  000000
9.510000e-01  000000
9.540000e-01  000000
9.570000e-01  000000
9.600000e-01  000000
9.630000e-01  000000
9.660000e-01  000000
9.690000e-01  000000
9.720000e-01  000000
9.750000e-01  000000
9.780000e-01  000000
9.810000e-01  000000
9.840000e-01  000000
9.870000e-01  000000
9.900000e-01  000000
9.930000e-01  000000
9.960000e-01  000000
9.990000e-01  000000
