000000  000001
3.000000e-03  9.324046e-01
6.000000e-03  8.844453e-01
9.000000e-03  8.473060e-01
1.200000e-02  8.170475e-01
1.500000e-02  7.915558e-01
1.800000e-02  7.695618e-01
2.100000e-02  7.502429e-01
2.400000e-02  7.330352e-01
2.700000e-02  7.175356e-01
3.000000e-02  7.034453e-01
3.300000e-02  6.905375e-01
3.600000e-02  6.786352e-01
3.900000e-02  6.675984e-01
4.200000e-02  6.573139e-01
4.500000e-02  6.476893e-01
4.800000e-02  6.386478e-01
5.100000e-02  6.301253e-01
5.400000e-02  6.220676e-01
5.700000e-02  6.144284e-01
6.000000e-02  6.071678e-01
6.300000e-02  6.002514e-01
6.600000e-02  5.936492e-01
6.900000e-02  5.873349e-01
7.200000e-02  5.812852e-01
7.500000e-02  5.754795e-01
7.800000e-02  5.698998e-01
8.100000e-02  5.645294e-01
8.400000e-02  5.593539e-01
8.700000e-02  5.543601e-01
9.000000e-02  5.495359e-01
9.300000e-02  5.448705e-01
9.600000e-02  5.403543e-01
9.900000e-02  5.359781e-01
1.020000e-01  5.317338e-01
1.050000e-01  5.276139e-01
1.080000e-01  5.236115e-01
1.110000e-01  5.197202e-01
1.140000e-01  5.159342e-01
1.170000e-01  5.122480e-01
1.200000e-01  5.086567e-01
1.230000e-01  5.051555e-01
1.260000e-01  5.017402e-01
1.290000e-01  4.984067e-01
1.320000e-01  4.951512e-01
1.350000e-01  4.919702e-01
1.380000e-01  4.888605e-01
1.410000e-01  4.858190e-01
1.440000e-01  4.828427e-01
1.470000e-01  4.799289e-01
1.500000e-01  4.770752e-01
1.530000e-01  4.742790e-01
1.560000e-01  4.715382e-01
1.590000e-01  4.688506e-01
1.620000e-01  4.662141e-01
1.650000e-01  4.636269e-01
1.680000e-01  4.610871e-01
1.710000e-01  4.585931e-01
1.740000e-01  4.561432e-01
1.770000e-01  4.537358e-01
1.800000e-01  4.513695e-01
1.830000e-01  4.490430e-01
1.860000e-01  4.467548e-01
1.890000e-01  4.445037e-01
1.920000e-01  4.422886e-01
1.950000e-01  4.401082e-01
1.980000e-01  4.379615e-01
2.010000e-01  4.358474e-01
2.040000e-01  4.337650e-01
2.070000e-01  4.317132e-01
2.100000e-01  4.296911e-01
2.130000e-01  4.276979e-01
2.160000e-01  4.257328e-01
2.190000e-01  4.237949e-01
2.220000e-01  4.218835e-01
2.250000e-01  4.199977e-01
2.280000e-01  4.181370e-01
2.310000e-01  4.163006e-01
2.340000e-01  4.144879e-01
2.370000e-01  4.126982e-01
2.400000e-01  4.109309e-01
2.430000e-01  4.091854e-01
2.460000e-01  4.074613e-01
2.490000e-01  4.057578e-01
2.520000e-01  4.040746e-01
2.550000e-01  4.024111e-01
2.580000e-01  4.007668e-01
2.610000e-01  3.991412e-01
2.640000e-01  3.975339e-01
2.670000e-01  3.959445e-01
2.700000e-01  3.943724e-01
2.730000e-01  3.928174e-01
2.760000e-01  3.912791e-01
2.790000e-01  3.897569e-01
2.820000e-01  3.882506e-01
2.850000e-01  3.867598e-01
2.880000e-01  3.852842e-01
2.910000e-01  3.838234e-01
2.940000e-01  3.823771e-01
2.970000e-01  3.809449e-01
3.000000e-01  3.795267e-01
3.030000e-01  3.781219e-01
3.060000e-01  3.767305e-01
3.090000e-01  3.753521e-01
3.120000e-01  3.739863e-01
3.150000e-01  3.726331e-01
3.180000e-01  3.712920e-01
3.210000e-01  3.699629e-01
3.240000e-01  3.686455e-01
3.270000e-01  3.673395e-01
3.300000e-01  3.660448e-01
3.330000e-01  3.647612e-01
3.360000e-01  3.634883e-01
3.390000e-01  3.622260e-01
3.420000e-01  3.609740e-01
3.450000e-01  3.597323e-01
3.480000e-01  3.585005e-01
3.510000e-01  3.572785e-01
3.540000e-01  3.560662e-01
3.570000e-01  3.548632e-01
3.600000e-01  3.536695e-01
3.630000e-01  3.524849e-01
3.660000e-01  3.513091e-01
3.690000e-01  3.501422e-01
3.720000e-01  3.489837e-01
3.750000e-01  3.478338e-01
3.780000e-01  3.466920e-01
3.810000e-01  3.455584e-01
3.840000e-01  3.444328e-01
3.870000e-01  3.433150e-01
3.900000e-01  3.422049e-01
3.930000e-01  3.411023e-01
3.960000e-01  3.400072e-01
3.990000e-01  3.389194e-01
4.020000e-01  3.378387e-01
4.050000e-01  3.367650e-01
4.080000e-01  3.356983e-01
4.110000e-01  3.346384e-01
4.140000e-01  3.335851e-01
4.170000e-01  3.325385e-01
4.200000e-01  3.314982e-01
4.230000e-01  3.304643e-01
4.260000e-01  3.294367e-01
4.290000e-01  3.284151e-01
4.320000e-01  3.273996e-01
4.350000e-01  3.263901e-01
4.380000e-01  3.253863e-01
4.410000e-01  3.243883e-01
4.440000e-01  3.233959e-01
4.470000e-01  3.224090e-01
4.500000e-01  3.214276e-01
4.530000e-01  3.204515e-01
4.560000e-01  3.194807e-01
4.590000e-01  3.185151e-01
4.620000e-01  3.175546e-01
4.650000e-01  3.165990e-01
4.680000e-01  3.156484e-01
4.710000e-01  3.147027e-01
4.740000e-01  3.137617e-01
4.770000e-01  3.128254e-01
4.800000e-01  3.118937e-01
4.830000e-01  3.109665e-01
4.860000e-01  3.100438e-01
4.890000e-01  3.091254e-01
4.920000e-01  3.082114e-01
4.950000e-01  3.073016e-01
4.980000e-01  3.063960e-01
5.010000e-01  3.054944e-01
5.040000e-01  3.045969e-01
5.070000e-01  3.037034e-01
5.100000e-01  3.028138e-01
5.130000e-01  3.019279e-01
5.160000e-01  3.010459e-01
5.190000e-01  3.001676e-01
5.220000e-01  2.992928e-01
5.250000e-01  2.984217e-01
5.280000e-01  2.975541e-01
5.310000e-01  2.966900e-01
5.340000e-01  2.958292e-01
5.370000e-01  2.949718e-01
5.400000e-01  2.941177e-01
5.430000e-01  2.932667e-01
5.460000e-01  2.924190e-01
5.490000e-01  2.915744e-01
5.520000e-01  2.907328e-01
5.550000e-01  2.898942e-01
5.580000e-01  2.890586e-01
5.610000e-01  2.882258e-01
5.640000e-01  2.873959e-01
5.670000e-01  2.865688e-01
5.700000e-01  2.857444e-01
5.730000e-01  2.849227e-01
5.760000e-01  2.841037e-01
5.790000e-01  2.832872e-01
5.820000e-01  2.824732e-01
5.850000e-01  2.816617e-01
5.880000e-01  2.808527e-01
5.910000e-01  2.800461e-01
5.940000e-01  2.792417e-01
5.970000e-01  2.784397e-01
6.000000e-01  2.776399e-01
6.030000e-01  2.768423e-01
6.060000e-01  2.760468e-01
6.090000e-01  2.752535e-01
6.120000e-01  2.744621e-01
6.150000e-01  2.736728e-01
6.180000e-01  2.728854e-01
6.210000e-01  2.721000e-01
6.240000e-01  2.713164e-01
6.270000e-01  2.705346e-01
6.300000e-01  2.697546e-01
6.330000e-01  2.689763e-01
6.360000e-01  2.681997e-01
6.390000e-01  2.674248e-01
6.420000e-01  2.666514e-01
6.450000e-01  2.658796e-01
6.480000e-01  2.651093e-01
6.510000e-01  2.643404e-01
6.540000e-01  2.635729e-01
6.570000e-01  2.628068e-01
6.600000e-01  2.620420e-01
6.630000e-01  2.612785e-01
6.660000e-01  2.605162e-01
6.690000e-01  2.597551e-01
6.720000e-01  2.589951e-01
6.750000e-01  2.582363e-01
6.780000e-01  2.574784e-01
6.810000e-01  2.567216e-01
6.840000e-01  2.559657e-01
6.870000e-01  2.552107e-01
6.900000e-01  2.544566e-01
6.930000e-01  2.537033e-01
6.960000e-01  2.529507e-01
6.990000e-01  2.521989e-01
7.020000e-01  2.514477e-01
7.050000e-01  2.506972e-01
7.080000e-01  2.499472e-01
7.110000e-01  2.491978e-01
7.140000e-01  2.484488e-01
7.170000e-01  2.477002e-01
7.200000e-01  2.469520e-01
7.230000e-01  2.462041e-01
7.260000e-01  2.454565e-01
7.290000e-01  2.447091e-01
7.320000e-01  2.439619e-01
7.350000e-01  2.432148e-01
7.380000e-01  000000
7.410000e-01  000000
7.440000e-01  000000
7.470000e-01  000000
7.500000e-01  000000
7.530000e-01  000000
7.560000e-01  000000
7.590000e-01  000000
7.620000e-01  000000
7.650000e-01  000000
7.680000e-01  000000
7.710000e-01  000000
7.740000e-01  000000
7.770000e-01  000000
7.800000e-01  000000
7.830000e-01  000000
7.860000e-01  000000
7.890000e-01  000000
7.920000e-01  000000
7.950000e-01  000000
7.980000e-01  000000
8.010000e-01  000000
8.040000e-01  000000
8.070000e-01  000000
8.100000e-01  000000
8.130000e-01  000000
8.160000e-01  000000
8.190000e-01  000000
8.220000e-01  000000
8.250000e-01  000000
8.280000e-01  000000
8.310000e-01  000000
8.340000e-01  000000
8.370000e-01  000000
8.400000e-01  000000
8.430000e-01  000000
8.460000e-01  000000
8.490000e-01  000000
8.520000e-01  000000
8.550000e-01  000000
8.580000e-01  000000
8.610000e-01  000000
8.640000e-01  000000
8.670000e-01  000000
8.700000e-01  000000
8.730000e-01  000000
8.760000e-01  000000
8.790000e-01  000000
8.820000e-01  000000
8.850000e-01  000000
8.880000e-01  000000
8.910000e-01  000000
8.940000e-01  000000
8.970000e-01  000000
9.000000e-01  000000
9.030000e-01  000000
9.060000e-01  000000
9.090000e-01  000000
9.120000e-01  000000
9.150000e-01  000000
9.180000e-01  000000
9.210000e-01  000000
9.240000e-01  000000
9.270000e-01  000000
9.300000e-01  000000
9.330000e-01  000000
9.360000e-01  000000
9.390000e-01  000000
9.420000e-01  000000
9.450000e-01  000000
9.480000e-01  000000
9.510000e-01  000000
9.540000e-01  000000
9.570000e-01  000000
9.600000e-01  000000
9.630000e-01  000000
9.660000e-01  000000
9.690000e-01  000000
9.720000e-01  000000
9.750000e-01  000000
9.780000e-01  000000
9.810000e-01  000000
9.840000e-01  000000
9.870000e-01  000000
9.900000e-01  000000
9.930000e-01  000000
9.960000e-01  000000
9.990000e-01  000000
