000000  000001
3.000000e-03  8.949341e-01
6.000000e-03  8.313499e-01
9.000000e-03  7.859450e-01
1.200000e-02  7.508027e-01
1.500000e-02  7.222516e-01
1.800000e-02  6.982854e-01
2.100000e-02  6.776880e-01
2.400000e-02  6.596671e-01
2.700000e-02  6.436776e-01
3.000000e-02  6.293294e-01
3.300000e-02  6.163333e-01
3.600000e-02  6.044695e-01
3.900000e-02  5.935670e-01
4.200000e-02  5.834901e-01
4.500000e-02  5.741297e-01
4.800000e-02  5.653965e-01
5.100000e-02  5.572166e-01
5.400000e-02  5.495283e-01
5.700000e-02  5.422793e-01
6.000000e-02  5.354253e-01
6.300000e-02  5.289281e-01
6.600000e-02  5.227547e-01
6.900000e-02  5.168764e-01
7.200000e-02  5.112681e-01
7.500000e-02  5.059076e-01
7.800000e-02  5.007753e-01
8.100000e-02  4.958540e-01
8.400000e-02  4.911279e-01
8.700000e-02  4.865834e-01
9.000000e-02  4.822077e-01
9.300000e-02  4.779897e-01
9.600000e-02  4.739192e-01
9.900000e-02  4.699868e-01
1.020000e-01  4.661841e-01
1.050000e-01  4.625033e-01
1.080000e-01  4.589375e-01
1.110000e-01  4.554801e-01
1.140000e-01  4.521252e-01
1.170000e-01  4.488672e-01
1.200000e-01  4.457011e-01
1.230000e-01  4.426222e-01
1.260000e-01  4.396261e-01
1.290000e-01  4.367089e-01
1.320000e-01  4.338666e-01
1.350000e-01  4.310958e-01
1.380000e-01  4.283933e-01
1.410000e-01  4.257560e-01
1.440000e-01  4.231809e-01
1.470000e-01  4.206655e-01
1.500000e-01  4.182072e-01
1.530000e-01  4.158036e-01
1.560000e-01  4.134526e-01
1.590000e-01  4.111519e-01
1.620000e-01  4.088997e-01
1.650000e-01  4.066940e-01
1.680000e-01  4.045332e-01
1.710000e-01  4.024155e-01
1.740000e-01  4.003393e-01
1.770000e-01  3.983032e-01
1.800000e-01  3.963058e-01
1.830000e-01  3.943456e-01
1.860000e-01  3.924215e-01
1.890000e-01  3.905321e-01
1.920000e-01  3.886764e-01
1.950000e-01  3.868532e-01
1.980000e-01  3.850615e-01
2.010000e-01  3.833002e-01
2.040000e-01  3.815685e-01
2.070000e-01  3.798654e-01
2.100000e-01  3.781900e-01
2.130000e-01  3.765416e-01
2.160000e-01  3.749192e-01
2.190000e-01  3.733222e-01
2.220000e-01  3.717497e-01
2.250000e-01  3.702012e-01
2.280000e-01  3.686759e-01
2.310000e-01  3.671732e-01
2.340000e-01  3.656924e-01
2.370000e-01  3.642330e-01
2.400000e-01  3.627944e-01
2.430000e-01  3.613760e-01
2.460000e-01  3.599774e-01
2.490000e-01  3.585979e-01
2.520000e-01  3.572371e-01
2.550000e-01  3.558946e-01
2.580000e-01  3.545699e-01
2.610000e-01  3.532625e-01
2.640000e-01  3.519720e-01
2.670000e-01  3.506981e-01
2.700000e-01  3.494402e-01
2.730000e-01  3.481981e-01
2.760000e-01  3.469713e-01
2.790000e-01  3.457596e-01
2.820000e-01  3.445625e-01
2.850000e-01  3.433797e-01
2.880000e-01  3.422110e-01
2.910000e-01  3.410559e-01
2.940000e-01  3.399143e-01
2.970000e-01  3.387857e-01
3.000000e-01  3.376700e-01
3.030000e-01  3.365668e-01
3.060000e-01  3.354759e-01
3.090000e-01  3.343970e-01
3.120000e-01  3.333299e-01
3.150000e-01  3.322744e-01
3.180000e-01  3.312301e-01
3.210000e-01  3.301969e-01
3.240000e-01  3.291745e-01
3.270000e-01  3.281628e-01
3.300000e-01  3.271615e-01
3.330000e-01  3.261704e-01
3.360000e-01  3.251893e-01
3.390000e-01  3.242181e-01
3.420000e-01  3.232565e-01
3.450000e-01  3.223044e-01
3.480000e-01  3.213615e-01
3.510000e-01  3.204278e-01
3.540000e-01  3.195030e-01
3.570000e-01  3.185869e-01
3.600000e-01  3.176796e-01
3.630000e-01  3.167806e-01
3.660000e-01  3.158900e-01
3.690000e-01  3.150076e-01
3.720000e-01  3.141332e-01
3.750000e-01  3.132666e-01
3.780000e-01  3.124078e-01
3.810000e-01  3.115567e-01
3.840000e-01  3.107130e-01
3.870000e-01  3.098767e-01
3.900000e-01  3.090477e-01
3.930000e-01  3.082257e-01
3.960000e-01  3.074108e-01
3.990000e-01  3.066027e-01
4.020000e-01  3.058014e-01
4.050000e-01  3.050068e-01
4.080000e-01  3.042188e-01
4.110000e-01  3.034372e-01
4.140000e-01  3.026619e-01
4.170000e-01  3.018929e-01
4.200000e-01  3.011301e-01
4.230000e-01  3.003733e-01
4.260000e-01  2.996225e-01
4.290000e-01  2.988776e-01
4.320000e-01  2.981384e-01
4.350000e-01  2.974050e-01
4.380000e-01  2.966772e-01
4.410000e-01  2.959549e-01
4.440000e-01  2.952380e-01
4.470000e-01  2.945265e-01
4.500000e-01  2.938204e-01
4.530000e-01  2.931194e-01
4.560000e-01  2.924236e-01
4.590000e-01  2.917328e-01
4.620000e-01  2.910471e-01
4.650000e-01  2.903662e-01
4.680000e-01  2.896902e-01
4.710000e-01  2.890190e-01
4.740000e-01  2.883526e-01
4.770000e-01  2.876907e-01
4.800000e-01  2.870335e-01
4.830000e-01  2.863808e-01
4.860000e-01  2.857326e-01
4.890000e-01  2.850888e-01
4.920000e-01  2.844493e-01
4.950000e-01  2.838141e-01
4.980000e-01  2.831832e-01
5.010000e-01  2.825565e-01
5.040000e-01  2.819338e-01
5.070000e-01  2.813153e-01
5.100000e-01  2.807007e-01
5.130000e-01  2.800901e-01
5.160000e-01  2.794835e-01
5.190000e-01  2.788807e-01
5.220000e-01  2.782817e-01
5.250000e-01  2.776865e-01
5.280000e-01  2.770950e-01
5.310000e-01  2.765072e-01
5.340000e-01  2.759230e-01
5.370000e-01  2.753425e-01
5.400000e-01  2.747654e-01
5.430000e-01  2.741919e-01
5.460000e-01  2.736218e-01
5.490000e-01  2.730551e-01
5.520000e-01  2.724918e-01
5.550000e-01  2.719318e-01
5.580000e-01  2.713752e-01
5.610000e-01  2.708218e-01
5.640000e-01  2.702716e-01
5.670000e-01  2.697245e-01
5.700000e-01  2.691807e-01
5.730000e-01  2.686399e-01
5.760000e-01  2.681022e-01
5.790000e-01  2.675676e-01
5.820000e-01  2.670359e-01
5.850000e-01  2.665072e-01
5.880000e-01  2.659815e-01
5.910000e-01  2.654586e-01
5.940000e-01  2.649386e-01
5.970000e-01  2.644215e-01
6.000000e-01  2.639071e-01
6.030000e-01  2.633955e-01
6.060000e-01  2.628867e-01
6.090000e-01  2.623806e-01
6.120000e-01  2.618772e-01
6.150000e-01  2.613764e-01
6.180000e-01  2.608783e-01
6.210000e-01  2.603827e-01
6.240000e-01  2.598897e-01
6.270000e-01  2.593993e-01
6.300000e-01  2.589114e-01
6.330000e-01  2.584260e-01
6.360000e-01  2.579430e-01
6.390000e-01  2.574625e-01
6.420000e-01  2.569844e-01
6.450000e-01  2.565086e-01
6.480000e-01  2.560353e-01
6.510000e-01  2.555643e-01
6.540000e-01  2.550955e-01
6.570000e-01  2.546291e-01
6.600000e-01  2.541650e-01
6.630000e-01  2.537031e-01
6.660000e-01  2.532434e-01
6.690000e-01  2.527859e-01
6.720000e-01  2.523306e-01
6.750000e-01  2.518775e-01
6.780000e-01  2.514265e-01
6.810000e-01  2.509776e-01
6.840000e-01  2.505308e-01
6.870000e-01  2.500861e-01
6.900000e-01  2.496434e-01
6.930000e-01  2.492028e-01
6.960000e-01  2.487641e-01
6.990000e-01  2.483275e-01
7.020000e-01  2.478928e-01
7.050000e-01  2.474602e-01
7.080000e-01  2.470294e-01
7.110000e-01  2.466005e-01
7.140000e-01  2.461736e-01
7.170000e-01  2.457486e-01
7.200000e-01  2.453254e-01
7.230000e-01  2.449040e-01
7.260000e-01  2.444845e-01
7.290000e-01  2.440668e-01
7.320000e-01  2.436509e-01
7.350000e-01  2.432368e-01
7.380000e-01  2.428244e-01
7.410000e-01  2.424138e-01
7.440000e-01  2.420050e-01
7.470000e-01  2.415978e-01
7.500000e-01  2.411923e-01
7.530000e-01  2.407886e-01
7.560000e-01  2.403865e-01
7.590000e-01  2.399860e-01
7.620000e-01  2.395872e-01
7.650000e-01  2.391901e-01
7.680000e-01  2.387945e-01
7.710000e-01  2.384005e-01
7.740000e-01  2.380082e-01
7.770000e-01  2.376174e-01
7.800000e-01  2.372281e-01
7.830000e-01  2.368404e-01
7.860000e-01  2.364542e-01
7.890000e-01  2.360696e-01
7.920000e-01  2.356864e-01
7.950000e-01  2.353047e-01
7.980000e-01  2.349245e-01
8.010000e-01  2.345458e-01
8.040000e-01  2.341685e-01
8.070000e-01  2.337927e-01
8.100000e-01  2.334183e-01
8.130000e-01  2.330453e-01
8.160000e-01  2.326737e-01
8.190000e-01  2.323035e-01
8.220000e-01  2.319347e-01
8.250000e-01  2.315673e-01
8.280000e-01  2.312012e-01
8.310000e-01  2.308365e-01
8.340000e-01  2.304730e-01
8.370000e-01  2.301110e-01
8.400000e-01  2.297502e-01
8.430000e-01  2.293907e-01
8.460000e-01  2.290326e-01
8.490000e-01  2.286757e-01
8.520000e-01  2.283201e-01
8.550000e-01  2.279657e-01
8.580000e-01  2.276126e-01
8.610000e-01  2.272607e-01
8.640000e-01  2.269101e-01
8.670000e-01  2.265607e-01
8.700000e-01  2.262125e-01
8.730000e-01  2.258655e-01
8.760000e-01  2.255197e-01
8.790000e-01  2.251751e-01
8.820000e-01  2.248316e-01
8.850000e-01  2.244893e-01
8.880000e-01  2.241482e-01
8.910000e-01  2.238082e-01
8.940000e-01  2.234693e-01
8.970000e-01  2.231316e-01
9.000000e-01  2.227950e-01
9.030000e-01  2.224595e-01
9.060000e-01  2.221251e-01
9.090000e-01  2.217918e-01
9.120000e-01  2.214596e-01
9.150000e-01  2.211285e-01
9.180000e-01  2.207984e-01
9.210000e-01  2.204694e-01
9.240000e-01  2.201415e-01
9.270000e-01  2.198146e-01
9.300000e-01  2.194887e-01
9.330000e-01  2.191639e-01
9.360000e-01  2.188400e-01
9.390000e-01  2.185172e-01
9.420000e-01  2.181954e-01
9.450000e-01  2.178746e-01
9.480000e-01  2.175548e-01
9.510000e-01  2.172360e-01
9.540000e-01  2.169181e-01
9.570000e-01  2.166012e-01
9.600000e-01  2.162853e-01
9.630000e-01  2.159703e-01
9.660000e-01  2.156563e-01
9.690000e-01  2.153432e-01
9.720000e-01  2.150311e-01
9.750000e-01  2.147198e-01
9.780000e-01  2.144095e-01
9.810000e-01  2.141001e-01
9.840000e-01  2.137917e-01
9.870000e-01  2.134841e-01
9.900000e-01  2.131774e-01
9.930000e-01  2.128716e-01
9.960000e-01  2.125667e-01
9.990000e-01  2.122626e-01
