000000  000001
3.000000e-03  8.781972e-01
6.000000e-03  8.091519e-01
9.000000e-03  7.612121e-01
1.200000e-02  7.247098e-01
1.500000e-02  6.953763e-01
1.800000e-02  6.709477e-01
2.100000e-02  6.500796e-01
2.400000e-02  6.319091e-01
2.700000e-02  6.158499e-01
3.000000e-02  6.014859e-01
3.300000e-02  5.885114e-01
3.600000e-02  5.766954e-01
3.900000e-02  5.658592e-01
4.200000e-02  5.558618e-01
4.500000e-02  5.465900e-01
4.800000e-02  5.379518e-01
5.100000e-02  5.298713e-01
5.400000e-02  5.222852e-01
5.700000e-02  5.151401e-01
6.000000e-02  5.083907e-01
6.300000e-02  5.019983e-01
6.600000e-02  4.959293e-01
6.900000e-02  4.901547e-01
7.200000e-02  4.846489e-01
7.500000e-02  4.793898e-01
7.800000e-02  4.743575e-01
8.100000e-02  4.695346e-01
8.400000e-02  4.649054e-01
8.700000e-02  4.604560e-01
9.000000e-02  4.561739e-01
9.300000e-02  4.520477e-01
9.600000e-02  4.480672e-01
9.900000e-02  4.442232e-01
1.020000e-01  4.405072e-01
1.050000e-01  4.369115e-01
1.080000e-01  4.334290e-01
1.110000e-01  4.300534e-01
1.140000e-01  4.267786e-01
1.170000e-01  4.235992e-01
1.200000e-01  4.205102e-01
1.230000e-01  4.175069e-01
1.260000e-01  4.145849e-01
1.290000e-01  4.117403e-01
1.320000e-01  4.089694e-01
1.350000e-01  4.062685e-01
1.380000e-01  4.036346e-01
1.410000e-01  4.010646e-01
1.440000e-01  3.985556e-01
1.470000e-01  3.961050e-01
1.500000e-01  3.937103e-01
1.530000e-01  3.913692e-01
1.560000e-01  3.890795e-01
1.590000e-01  3.868391e-01
1.620000e-01  3.846460e-01
1.650000e-01  3.824984e-01
1.680000e-01  3.803946e-01
1.710000e-01  3.783330e-01
1.740000e-01  3.763119e-01
1.770000e-01  3.743299e-01
1.800000e-01  3.723856e-01
1.830000e-01  3.704777e-01
1.860000e-01  3.686049e-01
1.890000e-01  3.667661e-01
1.920000e-01  3.649601e-01
1.950000e-01  3.631857e-01
1.980000e-01  3.614421e-01
2.010000e-01  3.597281e-01
2.040000e-01  3.580429e-01
2.070000e-01  3.563855e-01
2.100000e-01  3.547551e-01
2.130000e-01  3.531509e-01
2.160000e-01  3.515722e-01
2.190000e-01  3.500180e-01
2.220000e-01  3.484878e-01
2.250000e-01  3.469808e-01
2.280000e-01  3.454965e-01
2.310000e-01  3.440340e-01
2.340000e-01  3.425929e-01
2.370000e-01  3.411726e-01
2.400000e-01  3.397725e-01
2.430000e-01  3.383920e-01
2.460000e-01  3.370307e-01
2.490000e-01  3.356880e-01
2.520000e-01  3.343635e-01
2.550000e-01  3.330567e-01
2.580000e-01  3.317672e-01
2.610000e-01  3.304944e-01
2.640000e-01  3.292381e-01
2.670000e-01  3.279978e-01
2.700000e-01  3.267731e-01
2.730000e-01  3.255637e-01
2.760000e-01  3.243692e-01
2.790000e-01  3.231892e-01
2.820000e-01  3.220235e-01
2.850000e-01  3.208716e-01
2.880000e-01  3.197333e-01
2.910000e-01  3.186083e-01
2.940000e-01  3.174963e-01
2.970000e-01  3.163969e-01
3.000000e-01  3.153100e-01
3.030000e-01  3.142352e-01
3.060000e-01  3.131723e-01
3.090000e-01  3.121211e-01
3.120000e-01  3.110812e-01
3.150000e-01  3.100525e-01
3.180000e-01  3.090348e-01
3.210000e-01  3.080277e-01
3.240000e-01  3.070311e-01
3.270000e-01  3.060449e-01
3.300000e-01  3.050687e-01
3.330000e-01  3.041023e-01
3.360000e-01  3.031457e-01
3.390000e-01  3.021986e-01
3.420000e-01  3.012608e-01
3.450000e-01  3.003321e-01
3.480000e-01  2.994124e-01
3.510000e-01  2.985015e-01
3.540000e-01  2.975992e-01
3.570000e-01  2.967055e-01
3.600000e-01  2.958200e-01
3.630000e-01  2.949428e-01
3.660000e-01  2.940735e-01
3.690000e-01  2.932122e-01
3.720000e-01  2.923586e-01
3.750000e-01  2.915126e-01
3.780000e-01  2.906741e-01
3.810000e-01  2.898430e-01
3.840000e-01  2.890190e-01
3.870000e-01  2.882022e-01
3.900000e-01  2.873924e-01
3.930000e-01  2.865894e-01
3.960000e-01  2.857932e-01
3.990000e-01  2.850036e-01
4.020000e-01  2.842206e-01
4.050000e-01  2.834439e-01
4.080000e-01  2.826737e-01
4.110000e-01  2.819096e-01
4.140000e-01  2.811516e-01
4.170000e-01  2.803997e-01
4.200000e-01  2.796537e-01
4.230000e-01  2.789135e-01
4.260000e-01  2.781791e-01
4.290000e-01  2.774504e-01
4.320000e-01  2.767272e-01
4.350000e-01  2.760095e-01
4.380000e-01  2.752972e-01
4.410000e-01  2.745903e-01
4.440000e-01  2.738886e-01
4.470000e-01  2.731920e-01
4.500000e-01  2.725006e-01
4.530000e-01  2.718141e-01
4.560000e-01  2.711327e-01
4.590000e-01  2.704560e-01
4.620000e-01  2.697842e-01
4.650000e-01  2.691171e-01
4.680000e-01  2.684547e-01
4.710000e-01  2.677969e-01
4.740000e-01  2.671437e-01
4.770000e-01  2.664949e-01
4.800000e-01  2.658505e-01
4.830000e-01  2.652104e-01
4.860000e-01  2.645747e-01
4.890000e-01  2.639432e-01
4.920000e-01  2.633159e-01
4.950000e-01  2.626927e-01
4.980000e-01  2.620735e-01
5.010000e-01  2.614584e-01
5.040000e-01  2.608472e-01
5.070000e-01  2.602400e-01
5.100000e-01  2.596366e-01
5.130000e-01  2.590369e-01
5.160000e-01  2.584411e-01
5.190000e-01  2.578490e-01
5.220000e-01  2.572605e-01
5.250000e-01  2.566756e-01
5.280000e-01  2.560943e-01
5.310000e-01  2.555166e-01
5.340000e-01  2.549423e-01
5.370000e-01  2.543714e-01
5.400000e-01  2.538039e-01
5.430000e-01  2.532398e-01
5.460000e-01  2.526790e-01
5.490000e-01  2.521215e-01
5.520000e-01  2.515672e-01
5.550000e-01  2.510161e-01
5.580000e-01  2.504681e-01
5.610000e-01  2.499233e-01
5.640000e-01  2.493815e-01
5.670000e-01  2.488428e-01
5.700000e-01  2.483071e-01
5.730000e-01  2.477743e-01
5.760000e-01  2.472445e-01
5.790000e-01  2.467176e-01
5.820000e-01  2.461936e-01
5.850000e-01  2.456724e-01
5.880000e-01  2.451540e-01
5.910000e-01  2.446383e-01
5.940000e-01  2.441254e-01
5.970000e-01  2.436153e-01
6.000000e-01  2.431077e-01
6.030000e-01  2.426029e-01
6.060000e-01  2.421006e-01
6.090000e-01  2.416010e-01
6.120000e-01  2.411039e-01
6.150000e-01  2.406093e-01
6.180000e-01  2.401173e-01
6.210000e-01  2.396277e-01
6.240000e-01  2.391405e-01
6.270000e-01  2.386558e-01
6.300000e-01  2.381735e-01
6.330000e-01  2.376936e-01
6.360000e-01  2.372160e-01
6.390000e-01  2.367407e-01
6.420000e-01  2.362677e-01
6.450000e-01  2.357970e-01
6.480000e-01  2.353285e-01
6.510000e-01  2.348623e-01
6.540000e-01  2.343983e-01
6.570000e-01  2.339364e-01
6.600000e-01  2.334767e-01
6.630000e-01  2.330191e-01
6.660000e-01  2.325637e-01
6.690000e-01  2.321103e-01
6.720000e-01  2.316590e-01
6.750000e-01  2.312097e-01
6.780000e-01  2.307625e-01
6.810000e-01  2.303173e-01
6.840000e-01  2.298741e-01
6.870000e-01  2.294328e-01
6.900000e-01  2.289935e-01
6.930000e-01  2.285561e-01
6.960000e-01  2.281206e-01
6.990000e-01  2.276870e-01
7.020000e-01  2.272552e-01
7.050000e-01  2.268254e-01
7.080000e-01  2.263973e-01
7.110000e-01  2.259711e-01
7.140000e-01  2.255467e-01
7.170000e-01  2.251240e-01
7.200000e-01  2.247031e-01
7.230000e-01  2.242840e-01
7.260000e-01  2.238665e-01
7.290000e-01  2.234508e-01
7.320000e-01  2.230368e-01
7.350000e-01  2.226245e-01
7.380000e-01  2.222138e-01
7.410000e-01  2.218048e-01
7.440000e-01  2.213975e-01
7.470000e-01  2.209917e-01
7.500000e-01  2.205875e-01
7.530000e-01  2.201850e-01
7.560000e-01  2.197840e-01
7.590000e-01  2.193845e-01
7.620000e-01  2.189866e-01
7.650000e-01  2.185903e-01
7.680000e-01  2.181954e-01
7.710000e-01  2.178021e-01
7.740000e-01  2.174102e-01
7.770000e-01  2.170198e-01
7.800000e-01  2.166309e-01
7.830000e-01  2.162434e-01
7.860000e-01  2.158574e-01
7.890000e-01  2.154727e-01
7.920000e-01  2.150895e-01
7.950000e-01  2.147077e-01
7.980000e-01  2.143273e-01
8.010000e-01  2.139482e-01
8.040000e-01  2.135705e-01
8.070000e-01  2.131941e-01
8.100000e-01  2.128191e-01
8.130000e-01  2.124454e-01
8.160000e-01  2.120730e-01
8.190000e-01  2.117019e-01
8.220000e-01  2.113321e-01
8.250000e-01  2.109636e-01
8.280000e-01  2.105963e-01
8.310000e-01  2.102303e-01
8.340000e-01  2.098655e-01
8.370000e-01  2.095020e-01
8.400000e-01  2.091397e-01
8.430000e-01  2.087786e-01
8.460000e-01  2.084187e-01
8.490000e-01  2.080600e-01
8.520000e-01  2.077025e-01
8.550000e-01  2.073461e-01
8.580000e-01  2.069909e-01
8.610000e-01  2.066369e-01
8.640000e-01  2.062839e-01
8.670000e-01  2.059322e-01
8.700000e-01  2.055815e-01
8.730000e-01  2.052320e-01
8.760000e-01  2.048835e-01
8.790000e-01  2.045362e-01
8.820000e-01  2.041899e-01
8.850000e-01  2.038447e-01
8.880000e-01  2.035005e-01
8.910000e-01  2.031575e-01
8.940000e-01  2.028154e-01
8.970000e-01  2.024745e-01
9.000000e-01  2.021345e-01
9.030000e-01  2.017955e-01
9.060000e-01  2.014576e-01
9.090000e-01  2.011207e-01
9.120000e-01  2.007848e-01
9.150000e-01  2.004498e-01
9.180000e-01  2.001158e-01
9.210000e-01  1.997829e-01
9.240000e-01  1.994508e-01
9.270000e-01  1.991197e-01
9.300000e-01  1.987896e-01
9.330000e-01  1.984604e-01
9.360000e-01  1.981322e-01
9.390000e-01  1.978048e-01
9.420000e-01  1.974784e-01
9.450000e-01  1.971529e-01
9.480000e-01  1.968282e-01
9.510000e-01  1.965045e-01
9.540000e-01  1.961817e-01
9.570000e-01  1.958597e-01
9.600000e-01  1.955386e-01
9.630000e-01  1.952184e-01
9.660000e-01  1.948990e-01
9.690000e-01  1.945805e-01
9.720000e-01  1.942628e-01
9.750000e-01  1.939460e-01
9.780000e-01  1.936300e-01
9.810000e-01  1.933148e-01
9.840000e-01  1.930004e-01
9.870000e-01  1.926868e-01
9.900000e-01  1.923740e-01
9.930000e-01  1.920621e-01
9.960000e-01  1.917509e-01
9.990000e-01  1.914405e-01
