000000  000001
3.000000e-03  7.999220e-01
6.000000e-03  7.141030e-01
9.000000e-03  6.599543e-01
1.200000e-02  6.208191e-01
1.500000e-02  5.904106e-01
1.800000e-02  5.656831e-01
2.100000e-02  5.449339e-01
2.400000e-02  5.271175e-01
2.700000e-02  5.115471e-01
3.000000e-02  4.977484e-01
3.300000e-02  4.853805e-01
3.600000e-02  4.741907e-01
3.900000e-02  4.639863e-01
4.200000e-02  4.546177e-01
4.500000e-02  4.459660e-01
4.800000e-02  4.379356e-01
5.100000e-02  4.304485e-01
5.400000e-02  4.234400e-01
5.700000e-02  4.168562e-01
6.000000e-02  4.106516e-01
6.300000e-02  4.047873e-01
6.600000e-02  3.992301e-01
6.900000e-02  3.939514e-01
7.200000e-02  3.889261e-01
7.500000e-02  3.841323e-01
7.800000e-02  3.795510e-01
8.100000e-02  3.751650e-01
8.400000e-02  3.709594e-01
8.700000e-02  3.669207e-01
9.000000e-02  3.630368e-01
9.300000e-02  3.592969e-01
9.600000e-02  3.556914e-01
9.900000e-02  3.522114e-01
1.020000e-01  3.488488e-01
1.050000e-01  3.455964e-01
1.080000e-01  3.424476e-01
1.110000e-01  3.393962e-01
1.140000e-01  3.364368e-01
1.170000e-01  3.335641e-01
1.200000e-01  3.307734e-01
1.230000e-01  3.280605e-01
1.260000e-01  3.254212e-01
1.290000e-01  3.228519e-01
1.320000e-01  3.203491e-01
1.350000e-01  3.179094e-01
1.380000e-01  3.155301e-01
1.410000e-01  3.132082e-01
1.440000e-01  3.109411e-01
1.470000e-01  3.087264e-01
1.500000e-01  3.065618e-01
1.530000e-01  3.044452e-01
1.560000e-01  3.023744e-01
1.590000e-01  3.003478e-01
1.620000e-01  2.983633e-01
1.650000e-01  2.964194e-01
1.680000e-01  2.945145e-01
1.710000e-01  2.926471e-01
1.740000e-01  2.908157e-01
1.770000e-01  2.890190e-01
1.800000e-01  2.872558e-01
1.830000e-01  2.855248e-01
1.860000e-01  2.838249e-01
1.890000e-01  2.821550e-01
1.920000e-01  2.805140e-01
1.950000e-01  2.789010e-01
1.980000e-01  2.773151e-01
2.010000e-01  2.757554e-01
2.040000e-01  2.742209e-01
2.070000e-01  2.727110e-01
2.100000e-01  2.712248e-01
2.130000e-01  2.697615e-01
2.160000e-01  2.683206e-01
2.190000e-01  2.669012e-01
2.220000e-01  2.655028e-01
2.250000e-01  2.641247e-01
2.280000e-01  2.627664e-01
2.310000e-01  2.614272e-01
2.340000e-01  2.601067e-01
2.370000e-01  2.588042e-01
2.400000e-01  2.575194e-01
2.430000e-01  2.562516e-01
2.460000e-01  2.550005e-01
2.490000e-01  2.537656e-01
2.520000e-01  2.525464e-01
2.550000e-01  2.513426e-01
2.580000e-01  2.501538e-01
2.610000e-01  2.489795e-01
2.640000e-01  2.478194e-01
2.670000e-01  2.466731e-01
2.700000e-01  2.455403e-01
2.730000e-01  2.444207e-01
2.760000e-01  2.433139e-01
2.790000e-01  2.422196e-01
2.820000e-01  2.411375e-01
2.850000e-01  2.400674e-01
2.880000e-01  2.390089e-01
2.910000e-01  2.379617e-01
2.940000e-01  2.369257e-01
2.970000e-01  2.359005e-01
3.000000e-01  2.348860e-01
3.030000e-01  2.338818e-01
3.060000e-01  2.328877e-01
3.090000e-01  2.319035e-01
3.120000e-01  2.309291e-01
3.150000e-01  2.299641e-01
3.180000e-01  2.290083e-01
3.210000e-01  2.280617e-01
3.240000e-01  2.271239e-01
3.270000e-01  2.261948e-01
3.300000e-01  2.252742e-01
3.330000e-01  2.243620e-01
3.360000e-01  2.234579e-01
3.390000e-01  2.225618e-01
3.420000e-01  2.216735e-01
3.450000e-01  2.207928e-01
3.480000e-01  2.199197e-01
3.510000e-01  2.190540e-01
3.540000e-01  2.181954e-01
3.570000e-01  2.173439e-01
3.600000e-01  2.164994e-01
3.630000e-01  2.156616e-01
3.660000e-01  2.148305e-01
3.690000e-01  2.140059e-01
3.720000e-01  2.131878e-01
3.750000e-01  2.123759e-01
3.780000e-01  2.115701e-01
3.810000e-01  2.107705e-01
3.840000e-01  2.099767e-01
3.870000e-01  2.091888e-01
3.900000e-01  2.084065e-01
3.930000e-01  2.076299e-01
3.960000e-01  2.068588e-01
3.990000e-01  2.060930e-01
4.020000e-01  2.053326e-01
4.050000e-01  2.045773e-01
4.080000e-01  2.038272e-01
4.110000e-01  2.030820e-01
4.140000e-01  2.023418e-01
4.170000e-01  2.016064e-01
4.200000e-01  2.008758e-01
4.230000e-01  2.001498e-01
4.260000e-01  1.994283e-01
4.290000e-01  1.987114e-01
4.320000e-01  1.979989e-01
4.350000e-01  1.972907e-01
4.380000e-01  1.965867e-01
4.410000e-01  1.958870e-01
4.440000e-01  1.951913e-01
4.470000e-01  1.944996e-01
4.500000e-01  1.938120e-01
4.530000e-01  1.931282e-01
4.560000e-01  1.924482e-01
4.590000e-01  1.917720e-01
4.620000e-01  1.910994e-01
4.650000e-01  1.904305e-01
4.680000e-01  1.897651e-01
4.710000e-01  1.891032e-01
4.740000e-01  1.884447e-01
4.770000e-01  1.877896e-01
4.800000e-01  1.871378e-01
4.830000e-01  1.864892e-01
4.860000e-01  1.858439e-01
4.890000e-01  1.852016e-01
4.920000e-01  1.845625e-01
4.950000e-01  1.839263e-01
4.980000e-01  1.832931e-01
5.010000e-01  1.826628e-01
5.040000e-01  1.820354e-01
5.070000e-01  1.814108e-01
5.100000e-01  1.807889e-01
5.130000e-01  1.801697e-01
5.160000e-01  1.795532e-01
5.190000e-01  1.789392e-01
5.220000e-01  1.783278e-01
5.250000e-01  1.777189e-01
5.280000e-01  1.771125e-01
5.310000e-01  1.765084e-01
5.340000e-01  1.759068e-01
5.370000e-01  1.753074e-01
5.400000e-01  1.747103e-01
5.430000e-01  1.741154e-01
5.460000e-01  1.735226e-01
5.490000e-01  1.729321e-01
5.520000e-01  1.723435e-01
5.550000e-01  1.717571e-01
5.580000e-01  1.711726e-01
5.610000e-01  1.705900e-01
5.640000e-01  1.700094e-01
5.670000e-01  1.694307e-01
5.700000e-01  1.688538e-01
5.730000e-01  1.682786e-01
5.760000e-01  1.677052e-01
5.790000e-01  1.671335e-01
5.820000e-01  1.665634e-01
5.850000e-01  1.659950e-01
5.880000e-01  1.654281e-01
5.910000e-01  1.648628e-01
5.940000e-01  1.642990e-01
5.970000e-01  1.637366e-01
6.000000e-01  1.631756e-01
6.030000e-01  1.626160e-01
6.060000e-01  1.620578e-01
6.090000e-01  1.615008e-01
6.120000e-01  1.609451e-01
6.150000e-01  1.603906e-01
6.180000e-01  1.598372e-01
6.210000e-01  1.592850e-01
6.240000e-01  1.587339e-01
6.270000e-01  1.581839e-01
6.300000e-01  1.576348e-01
6.330000e-01  1.570867e-01
6.360000e-01  1.565396e-01
6.390000e-01  1.559933e-01
6.420000e-01  1.554479e-01
6.450000e-01  1.549033e-01
6.480000e-01  1.543594e-01
6.510000e-01  1.538163e-01
6.540000e-01  1.532738e-01
6.570000e-01  1.527320e-01
6.600000e-01  1.521908e-01
6.630000e-01  1.516501e-01
6.660000e-01  1.511099e-01
6.690000e-01  1.505702e-01
6.720000e-01  1.500310e-01
6.750000e-01  1.494921e-01
6.780000e-01  1.489535e-01
6.810000e-01  1.484152e-01
6.840000e-01  1.478771e-01
6.870000e-01  1.473392e-01
6.900000e-01  1.468015e-01
6.930000e-01  1.462638e-01
6.960000e-01  000000
6.990000e-01  000000
7.020000e-01  000000
7.050000e-01  000000
7.080000e-01  000000
7.110000e-01  000000
7.140000e-01  000000
7.170000e-01  000000
7.200000e-01  000000
7.230000e-01  000000
7.260000e-01  000000
7.290000e-01  000000
7.320000e-01  000000
7.350000e-01  000000
7.380000e-01  000000
7.410000e-01  000000
7.440000e-01  000000
7.470000e-01  000000
7.500000e-01  000000
7.530000e-01  000000
7.560000e-01  000000
7.590000e-01  000000
7.620000e-01  000000
7.650000e-01  000000
7.680000e-01  000000
7.710000e-01  000000
7.740000e-01  000000
7.770000e-01  000000
7.800000e-01  000000
7.830000e-01  000000
7.860000e-01  000000
7.890000e-01  000000
7.920000e-01  000000
7.950000e-01  000000
7.980000e-01  000000
8.010000e-01  000000
8.040000e-01  000000
8.070000e-01  000000
8.100000e-01  000000
8.130000e-01  000000
8.160000e-01  000000
8.190000e-01  000000
8.220000e-01  000000
8.250000e-01  000000
8.280000e-01  000000
8.310000e-01  000000
8.340000e-01  000000
8.370000e-01  000000
8.400000e-01  000000
8.430000e-01  000000
8.460000e-01  000000
8.490000e-01  000000
8.520000e-01  000000
8.550000e-01  000000
8.580000e-01  000000
8.610000e-01  000000
8.640000e-01  000000
8.670000e-01  000000
8.700000e-01  000000
8.730000e-01  000000
8.760000e-01  000000
8.790000e-01  000000
8.820000e-01  000000
8.850000e-01  000000
8.880000e-01  000000
8.910000e-01  000000
8.940000e-01  000000
8.970000e-01  000000
9.000000e-01  000000
9.030000e-01  000000
9.060000e-01  000000
9.090000e-01  000000
9.120000e-01  000000
9.150000e-01  000000
9.180000e-01  000000
9.210000e-01  000000
9.240000e-01  000000
9.270000e-01  000000
9.300000e-01  000000
9.330000e-01  000000
9.360000e-01  000000
9.390000e-01  000000
9.420000e-01  000000
9.450000e-01  000000
9.480000e-01  000000
9.510000e-01  000000
9.540000e-01  000000
9.570000e-01  000000
9.600000e-01  000000
9.630000e-01  000000
9.660000e-01  000000
9.690000e-01  000000
9.720000e-01  000000
9.750000e-01  000000
9.780000e-01  000000
9.810000e-01  000000
9.840000e-01  000000
9.870000e-01  000000
9.900000e-01  000000
9.930000e-01  000000
9.960000e-01  000000
9.990000e-01  000000
