000000  000001
3.000000e-03  8.306775e-01
6.000000e-03  7.499993e-01
9.000000e-03  6.974370e-01
1.200000e-02  6.588015e-01
1.500000e-02  6.284584e-01
1.800000e-02  6.035986e-01
2.100000e-02  5.826223e-01
2.400000e-02  5.645332e-01
2.700000e-02  5.486703e-01
3.000000e-02  5.345731e-01
3.300000e-02  5.219085e-01
3.600000e-02  5.104278e-01
3.900000e-02  4.999409e-01
4.200000e-02  4.902993e-01
4.500000e-02  4.813847e-01
4.800000e-02  4.731016e-01
5.100000e-02  4.653717e-01
5.400000e-02  4.581302e-01
5.700000e-02  4.513228e-01
6.000000e-02  4.449035e-01
6.300000e-02  4.388331e-01
6.600000e-02  4.330780e-01
6.900000e-02  4.276090e-01
7.200000e-02  4.224007e-01
7.500000e-02  4.174310e-01
7.800000e-02  4.126802e-01
8.100000e-02  4.081310e-01
8.400000e-02  4.037681e-01
8.700000e-02  3.995777e-01
9.000000e-02  3.955475e-01
9.300000e-02  3.916665e-01
9.600000e-02  3.879245e-01
9.900000e-02  3.843127e-01
1.020000e-01  3.808227e-01
1.050000e-01  3.774471e-01
1.080000e-01  3.741790e-01
1.110000e-01  3.710122e-01
1.140000e-01  3.679410e-01
1.170000e-01  3.649601e-01
1.200000e-01  3.620645e-01
1.230000e-01  3.592499e-01
1.260000e-01  3.565120e-01
1.290000e-01  3.538470e-01
1.320000e-01  3.512514e-01
1.350000e-01  3.487217e-01
1.380000e-01  3.462549e-01
1.410000e-01  3.438481e-01
1.440000e-01  3.414986e-01
1.470000e-01  3.392038e-01
1.500000e-01  3.369614e-01
1.530000e-01  3.347692e-01
1.560000e-01  3.326250e-01
1.590000e-01  3.305269e-01
1.620000e-01  3.284730e-01
1.650000e-01  3.264616e-01
1.680000e-01  3.244911e-01
1.710000e-01  3.225598e-01
1.740000e-01  3.206663e-01
1.770000e-01  3.188093e-01
1.800000e-01  3.169873e-01
1.830000e-01  3.151992e-01
1.860000e-01  3.134437e-01
1.890000e-01  3.117198e-01
1.920000e-01  3.100263e-01
1.950000e-01  3.083622e-01
1.980000e-01  3.067266e-01
2.010000e-01  3.051185e-01
2.040000e-01  3.035370e-01
2.070000e-01  3.019813e-01
2.100000e-01  3.004506e-01
2.130000e-01  2.989442e-01
2.160000e-01  2.974612e-01
2.190000e-01  2.960010e-01
2.220000e-01  2.945629e-01
2.250000e-01  2.931463e-01
2.280000e-01  2.917505e-01
2.310000e-01  2.903749e-01
2.340000e-01  2.890190e-01
2.370000e-01  2.876823e-01
2.400000e-01  2.863642e-01
2.430000e-01  2.850641e-01
2.460000e-01  2.837817e-01
2.490000e-01  2.825164e-01
2.520000e-01  2.812678e-01
2.550000e-01  2.800355e-01
2.580000e-01  2.788191e-01
2.610000e-01  2.776181e-01
2.640000e-01  2.764321e-01
2.670000e-01  2.752609e-01
2.700000e-01  2.741039e-01
2.730000e-01  2.729610e-01
2.760000e-01  2.718317e-01
2.790000e-01  2.707157e-01
2.820000e-01  2.696127e-01
2.850000e-01  2.685225e-01
2.880000e-01  2.674446e-01
2.910000e-01  2.663789e-01
2.940000e-01  2.653250e-01
2.970000e-01  2.642827e-01
3.000000e-01  2.632518e-01
3.030000e-01  2.622319e-01
3.060000e-01  2.612229e-01
3.090000e-01  2.602244e-01
3.120000e-01  2.592364e-01
3.150000e-01  2.582585e-01
3.180000e-01  2.572906e-01
3.210000e-01  2.563324e-01
3.240000e-01  2.553837e-01
3.270000e-01  2.544444e-01
3.300000e-01  2.535142e-01
3.330000e-01  2.525930e-01
3.360000e-01  2.516806e-01
3.390000e-01  2.507768e-01
3.420000e-01  2.498815e-01
3.450000e-01  2.489944e-01
3.480000e-01  2.481155e-01
3.510000e-01  2.472445e-01
3.540000e-01  2.463814e-01
3.570000e-01  2.455259e-01
3.600000e-01  2.446779e-01
3.630000e-01  2.438373e-01
3.660000e-01  2.430040e-01
3.690000e-01  2.421777e-01
3.720000e-01  2.413585e-01
3.750000e-01  2.405461e-01
3.780000e-01  2.397404e-01
3.810000e-01  2.389414e-01
3.840000e-01  2.381489e-01
3.870000e-01  2.373627e-01
3.900000e-01  2.365828e-01
3.930000e-01  2.358090e-01
3.960000e-01  2.350414e-01
3.990000e-01  2.342796e-01
4.020000e-01  2.335238e-01
4.050000e-01  2.327736e-01
4.080000e-01  2.320292e-01
4.110000e-01  2.312902e-01
4.140000e-01  2.305568e-01
4.170000e-01  2.298287e-01
4.200000e-01  2.291059e-01
4.230000e-01  2.283883e-01
4.260000e-01  2.276759e-01
4.290000e-01  2.269685e-01
4.320000e-01  2.262660e-01
4.350000e-01  2.255684e-01
4.380000e-01  2.248756e-01
4.410000e-01  2.241875e-01
4.440000e-01  2.235040e-01
4.470000e-01  2.228252e-01
4.500000e-01  2.221508e-01
4.530000e-01  2.214809e-01
4.560000e-01  2.208153e-01
4.590000e-01  2.201541e-01
4.620000e-01  2.194970e-01
4.650000e-01  2.188442e-01
4.680000e-01  2.181954e-01
4.710000e-01  2.175507e-01
4.740000e-01  2.169100e-01
4.770000e-01  2.162732e-01
4.800000e-01  2.156402e-01
4.830000e-01  2.150111e-01
4.860000e-01  2.143857e-01
4.890000e-01  2.137640e-01
4.920000e-01  2.131460e-01
4.950000e-01  2.125315e-01
4.980000e-01  2.119206e-01
5.010000e-01  2.113132e-01
5.040000e-01  2.107092e-01
5.070000e-01  2.101086e-01
5.100000e-01  2.095113e-01
5.130000e-01  2.089173e-01
5.160000e-01  2.083266e-01
5.190000e-01  2.077391e-01
5.220000e-01  2.071547e-01
5.250000e-01  2.065734e-01
5.280000e-01  2.059952e-01
5.310000e-01  2.054200e-01
5.340000e-01  2.048478e-01
5.370000e-01  2.042786e-01
5.400000e-01  2.037122e-01
5.430000e-01  2.031487e-01
5.460000e-01  2.025880e-01
5.490000e-01  2.020301e-01
5.520000e-01  2.014749e-01
5.550000e-01  2.009225e-01
5.580000e-01  2.003727e-01
5.610000e-01  1.998255e-01
5.640000e-01  1.992809e-01
5.670000e-01  1.987389e-01
5.700000e-01  1.981994e-01
5.730000e-01  1.976624e-01
5.760000e-01  1.971279e-01
5.790000e-01  1.965957e-01
5.820000e-01  1.960660e-01
5.850000e-01  1.955386e-01
5.880000e-01  1.950136e-01
5.910000e-01  1.944908e-01
5.940000e-01  1.939703e-01
5.970000e-01  1.934521e-01
6.000000e-01  1.929360e-01
6.030000e-01  1.924221e-01
6.060000e-01  1.919104e-01
6.090000e-01  1.914007e-01
6.120000e-01  1.908932e-01
6.150000e-01  1.903877e-01
6.180000e-01  1.898842e-01
6.210000e-01  1.893828e-01
6.240000e-01  1.888833e-01
6.270000e-01  1.883858e-01
6.300000e-01  1.878902e-01
6.330000e-01  1.873965e-01
6.360000e-01  1.869046e-01
6.390000e-01  1.864146e-01
6.420000e-01  1.859264e-01
6.450000e-01  1.854400e-01
6.480000e-01  1.849554e-01
6.510000e-01  1.844726e-01
6.540000e-01  1.839914e-01
6.570000e-01  1.835120e-01
6.600000e-01  1.830342e-01
6.630000e-01  1.825581e-01
6.660000e-01  1.820836e-01
6.690000e-01  1.816107e-01
6.720000e-01  1.811394e-01
6.750000e-01  1.806696e-01
6.780000e-01  1.802014e-01
6.810000e-01  1.797347e-01
6.840000e-01  1.792695e-01
6.870000e-01  1.788057e-01
6.900000e-01  1.783435e-01
6.930000e-01  1.778826e-01
6.960000e-01  1.774232e-01
6.990000e-01  1.769651e-01
7.020000e-01  1.765084e-01
7.050000e-01  1.760531e-01
7.080000e-01  1.755991e-01
7.110000e-01  1.751464e-01
7.140000e-01  1.746950e-01
7.170000e-01  1.742448e-01
7.200000e-01  1.737959e-01
7.230000e-01  1.733483e-01
7.260000e-01  1.729018e-01
7.290000e-01  1.724566e-01
7.320000e-01  1.720125e-01
7.350000e-01  1.715695e-01
7.380000e-01  1.711277e-01
7.410000e-01  1.706870e-01
7.440000e-01  1.702474e-01
7.470000e-01  1.698089e-01
7.500000e-01  1.693714e-01
7.530000e-01  1.689350e-01
7.560000e-01  1.684996e-01
7.590000e-01  1.680652e-01
7.620000e-01  1.676318e-01
7.650000e-01  1.671994e-01
7.680000e-01  1.667679e-01
7.710000e-01  1.663373e-01
7.740000e-01  1.659077e-01
7.770000e-01  1.654789e-01
7.800000e-01  1.650511e-01
7.830000e-01  1.646241e-01
7.860000e-01  1.641979e-01
7.890000e-01  1.637726e-01
7.920000e-01  1.633481e-01
7.950000e-01  1.629244e-01
7.980000e-01  1.625014e-01
8.010000e-01  1.620792e-01
8.040000e-01  1.616578e-01
8.070000e-01  1.612370e-01
8.100000e-01  1.608170e-01
8.130000e-01  1.603977e-01
8.160000e-01  1.599790e-01
8.190000e-01  1.595610e-01
8.220000e-01  1.591436e-01
8.250000e-01  1.587269e-01
8.280000e-01  1.583107e-01
8.310000e-01  1.578951e-01
8.340000e-01  1.574801e-01
8.370000e-01  1.570657e-01
8.400000e-01  1.566517e-01
8.430000e-01  1.562383e-01
8.460000e-01  1.558254e-01
8.490000e-01  1.554129e-01
8.520000e-01  1.550010e-01
8.550000e-01  1.545894e-01
8.580000e-01  1.541783e-01
8.610000e-01  1.537676e-01
8.640000e-01  1.533572e-01
8.670000e-01  1.529473e-01
8.700000e-01  1.525377e-01
8.730000e-01  1.521284e-01
8.760000e-01  1.517194e-01
8.790000e-01  1.513107e-01
8.820000e-01  1.509023e-01
8.850000e-01  1.504942e-01
8.880000e-01  1.500863e-01
8.910000e-01  1.496786e-01
8.940000e-01  1.492711e-01
8.970000e-01  1.488637e-01
9.000000e-01  1.484566e-01
9.030000e-01  1.480495e-01
9.060000e-01  1.476426e-01
9.090000e-01  1.472358e-01
9.120000e-01  1.468290e-01
9.150000e-01  1.464223e-01
9.180000e-01  1.460157e-01
9.210000e-01  000000
9.240000e-01  000000
9.270000e-01  000000
9.300000e-01  000000
9.330000e-01  000000
9.360000e-01  000000
9.390000e-01  000000
9.420000e-01  000000
9.450000e-01  000000
9.480000e-01  000000
9.510000e-01  000000
9.540000e-01  000000
9.570000e-01  000000
9.600000e-01  000000
9.630000e-01  000000
9.660000e-01  000000
9.690000e-01  000000
9.720000e-01  000000
9.750000e-01  000000
9.780000e-01  000000
9.810000e-01  000000
9.840000e-01  000000
9.870000e-01  000000
9.900000e-01  000000
9.930000e-01  000000
9.960000e-01  000000
9.990000e-01  000000
