000000  000001
3.000000e-03  8.845608e-01
6.000000e-03  8.174950e-01
9.000000e-03  7.704498e-01
1.200000e-02  7.344163e-01
1.500000e-02  7.053454e-01
1.800000e-02  6.810667e-01
2.100000e-02  6.602818e-01
2.400000e-02  6.421527e-01
2.700000e-02  6.261078e-01
3.000000e-02  6.117401e-01
3.300000e-02  5.987494e-01
3.600000e-02  5.869088e-01
3.900000e-02  5.760420e-01
4.200000e-02  5.660099e-01
4.500000e-02  5.567008e-01
4.800000e-02  5.480235e-01
5.100000e-02  5.399027e-01
5.400000e-02  5.322756e-01
5.700000e-02  5.250893e-01
6.000000e-02  5.182987e-01
6.300000e-02  5.118653e-01
6.600000e-02  5.057557e-01
6.900000e-02  4.999409e-01
7.200000e-02  4.943956e-01
7.500000e-02  4.890975e-01
7.800000e-02  4.840269e-01
8.100000e-02  4.791664e-01
8.400000e-02  4.745003e-01
8.700000e-02  4.700148e-01
9.000000e-02  4.656972e-01
9.300000e-02  4.615363e-01
9.600000e-02  4.575218e-01
9.900000e-02  4.536444e-01
1.020000e-01  4.498957e-01
1.050000e-01  4.462681e-01
1.080000e-01  4.427543e-01
1.110000e-01  4.393480e-01
1.140000e-01  4.360432e-01
1.170000e-01  4.328345e-01
1.200000e-01  4.297167e-01
1.230000e-01  4.266851e-01
1.260000e-01  4.237356e-01
1.290000e-01  4.208639e-01
1.320000e-01  4.180664e-01
1.350000e-01  4.153396e-01
1.380000e-01  4.126802e-01
1.410000e-01  4.100852e-01
1.440000e-01  4.075517e-01
1.470000e-01  4.050771e-01
1.500000e-01  4.026589e-01
1.530000e-01  4.002947e-01
1.560000e-01  3.979823e-01
1.590000e-01  3.957196e-01
1.620000e-01  3.935047e-01
1.650000e-01  3.913357e-01
1.680000e-01  3.892109e-01
1.710000e-01  3.871286e-01
1.740000e-01  3.850872e-01
1.770000e-01  3.830853e-01
1.800000e-01  3.811215e-01
1.830000e-01  3.791944e-01
1.860000e-01  3.773028e-01
1.890000e-01  3.754454e-01
1.920000e-01  3.736211e-01
1.950000e-01  3.718289e-01
1.980000e-01  3.700677e-01
2.010000e-01  3.683364e-01
2.040000e-01  3.666342e-01
2.070000e-01  3.649601e-01
2.100000e-01  3.633133e-01
2.130000e-01  3.616929e-01
2.160000e-01  3.600982e-01
2.190000e-01  3.585284e-01
2.220000e-01  3.569828e-01
2.250000e-01  3.554607e-01
2.280000e-01  3.539614e-01
2.310000e-01  3.524843e-01
2.340000e-01  3.510288e-01
2.370000e-01  3.495943e-01
2.400000e-01  3.481802e-01
2.430000e-01  3.467860e-01
2.460000e-01  3.454111e-01
2.490000e-01  3.440551e-01
2.520000e-01  3.427174e-01
2.550000e-01  3.413977e-01
2.580000e-01  3.400954e-01
2.610000e-01  3.388101e-01
2.640000e-01  3.375415e-01
2.670000e-01  3.362890e-01
2.700000e-01  3.350523e-01
2.730000e-01  3.338311e-01
2.760000e-01  3.326250e-01
2.790000e-01  3.314335e-01
2.820000e-01  3.302565e-01
2.850000e-01  3.290935e-01
2.880000e-01  3.279443e-01
2.910000e-01  3.268084e-01
2.940000e-01  3.256857e-01
2.970000e-01  3.245759e-01
3.000000e-01  3.234786e-01
3.030000e-01  3.223937e-01
3.060000e-01  3.213207e-01
3.090000e-01  3.202596e-01
3.120000e-01  3.192100e-01
3.150000e-01  3.181716e-01
3.180000e-01  3.171444e-01
3.210000e-01  3.161280e-01
3.240000e-01  3.151222e-01
3.270000e-01  3.141269e-01
3.300000e-01  3.131417e-01
3.330000e-01  3.121665e-01
3.360000e-01  3.112012e-01
3.390000e-01  3.102455e-01
3.420000e-01  3.092992e-01
3.450000e-01  3.083622e-01
3.480000e-01  3.074343e-01
3.510000e-01  3.065153e-01
3.540000e-01  3.056050e-01
3.570000e-01  3.047034e-01
3.600000e-01  3.038102e-01
3.630000e-01  3.029252e-01
3.660000e-01  3.020484e-01
3.690000e-01  3.011796e-01
3.720000e-01  3.003187e-01
3.750000e-01  2.994655e-01
3.780000e-01  2.986198e-01
3.810000e-01  2.977816e-01
3.840000e-01  2.969508e-01
3.870000e-01  2.961271e-01
3.900000e-01  2.953105e-01
3.930000e-01  2.945009e-01
3.960000e-01  2.936981e-01
3.990000e-01  2.929020e-01
4.020000e-01  2.921126e-01
4.050000e-01  2.913297e-01
4.080000e-01  2.905532e-01
4.110000e-01  2.897830e-01
4.140000e-01  2.890190e-01
4.170000e-01  2.882612e-01
4.200000e-01  2.875093e-01
4.230000e-01  2.867634e-01
4.260000e-01  2.860233e-01
4.290000e-01  2.852889e-01
4.320000e-01  2.845602e-01
4.350000e-01  2.838371e-01
4.380000e-01  2.831194e-01
4.410000e-01  2.824072e-01
4.440000e-01  2.817002e-01
4.470000e-01  2.809986e-01
4.500000e-01  2.803021e-01
4.530000e-01  2.796106e-01
4.560000e-01  2.789242e-01
4.590000e-01  2.782428e-01
4.620000e-01  2.775662e-01
4.650000e-01  2.768944e-01
4.680000e-01  2.762274e-01
4.710000e-01  2.755650e-01
4.740000e-01  2.749072e-01
4.770000e-01  2.742540e-01
4.800000e-01  2.736053e-01
4.830000e-01  2.729610e-01
4.860000e-01  2.723210e-01
4.890000e-01  2.716854e-01
4.920000e-01  2.710540e-01
4.950000e-01  2.704267e-01
4.980000e-01  2.698036e-01
5.010000e-01  2.691846e-01
5.040000e-01  2.685696e-01
5.070000e-01  2.679586e-01
5.100000e-01  2.673515e-01
5.130000e-01  2.667482e-01
5.160000e-01  2.661488e-01
5.190000e-01  2.655531e-01
5.220000e-01  2.649612e-01
5.250000e-01  2.643729e-01
5.280000e-01  2.637882e-01
5.310000e-01  2.632072e-01
5.340000e-01  2.626297e-01
5.370000e-01  2.620556e-01
5.400000e-01  2.614851e-01
5.430000e-01  2.609179e-01
5.460000e-01  2.603541e-01
5.490000e-01  2.597936e-01
5.520000e-01  2.592364e-01
5.550000e-01  2.586824e-01
5.580000e-01  2.581317e-01
5.610000e-01  2.575841e-01
5.640000e-01  2.570397e-01
5.670000e-01  2.564983e-01
5.700000e-01  2.559600e-01
5.730000e-01  2.554248e-01
5.760000e-01  2.548925e-01
5.790000e-01  2.543632e-01
5.820000e-01  2.538367e-01
5.850000e-01  2.533132e-01
5.880000e-01  2.527925e-01
5.910000e-01  2.522747e-01
5.940000e-01  2.517596e-01
5.970000e-01  2.512473e-01
6.000000e-01  2.507377e-01
6.030000e-01  2.502309e-01
6.060000e-01  2.497266e-01
6.090000e-01  2.492251e-01
6.120000e-01  2.487261e-01
6.150000e-01  2.482297e-01
6.180000e-01  2.477359e-01
6.210000e-01  2.472445e-01
6.240000e-01  2.467557e-01
6.270000e-01  2.462694e-01
6.300000e-01  2.457854e-01
6.330000e-01  2.453039e-01
6.360000e-01  2.448248e-01
6.390000e-01  2.443481e-01
6.420000e-01  2.438737e-01
6.450000e-01  2.434016e-01
6.480000e-01  2.429318e-01
6.510000e-01  2.424643e-01
6.540000e-01  2.419990e-01
6.570000e-01  2.415360e-01
6.600000e-01  2.410751e-01
6.630000e-01  2.406165e-01
6.660000e-01  2.401600e-01
6.690000e-01  2.397056e-01
6.720000e-01  2.392533e-01
6.750000e-01  2.388031e-01
6.780000e-01  2.383550e-01
6.810000e-01  2.379089e-01
6.840000e-01  2.374649e-01
6.870000e-01  2.370228e-01
6.900000e-01  2.365828e-01
6.930000e-01  2.361447e-01
6.960000e-01  2.357086e-01
6.990000e-01  2.352744e-01
7.020000e-01  2.348421e-01
7.050000e-01  2.344117e-01
7.080000e-01  2.339832e-01
7.110000e-01  2.335565e-01
7.140000e-01  2.331317e-01
7.170000e-01  2.327087e-01
7.200000e-01  2.322875e-01
7.230000e-01  2.318681e-01
7.260000e-01  2.314504e-01
7.290000e-01  2.310345e-01
7.320000e-01  2.306204e-01
7.350000e-01  2.302079e-01
7.380000e-01  2.297972e-01
7.410000e-01  2.293881e-01
7.440000e-01  2.289808e-01
7.470000e-01  2.285750e-01
7.500000e-01  2.281710e-01
7.530000e-01  2.277685e-01
7.560000e-01  2.273677e-01
7.590000e-01  2.269685e-01
7.620000e-01  2.265708e-01
7.650000e-01  2.261747e-01
7.680000e-01  2.257802e-01
7.710000e-01  2.253872e-01
7.740000e-01  2.249957e-01
7.770000e-01  2.246058e-01
7.800000e-01  2.242173e-01
7.830000e-01  2.238303e-01
7.860000e-01  2.234448e-01
7.890000e-01  2.230608e-01
7.920000e-01  2.226782e-01
7.950000e-01  2.222970e-01
7.980000e-01  2.219173e-01
8.010000e-01  2.215390e-01
8.040000e-01  2.211620e-01
8.070000e-01  2.207865e-01
8.100000e-01  2.204123e-01
8.130000e-01  2.200395e-01
8.160000e-01  2.196680e-01
8.190000e-01  2.192979e-01
8.220000e-01  2.189291e-01
8.250000e-01  2.185616e-01
8.280000e-01  2.181954e-01
8.310000e-01  2.178305e-01
8.340000e-01  2.174669e-01
8.370000e-01  2.171046e-01
8.400000e-01  2.167435e-01
8.430000e-01  2.163836e-01
8.460000e-01  2.160250e-01
8.490000e-01  2.156677e-01
8.520000e-01  2.153115e-01
8.550000e-01  2.149566e-01
8.580000e-01  2.146028e-01
8.610000e-01  2.142502e-01
8.640000e-01  2.138988e-01
8.670000e-01  2.135486e-01
8.700000e-01  2.131996e-01
8.730000e-01  2.128517e-01
8.760000e-01  2.125049e-01
8.790000e-01  2.121592e-01
8.820000e-01  2.118147e-01
8.850000e-01  2.114713e-01
8.880000e-01  2.111290e-01
8.910000e-01  2.107878e-01
8.940000e-01  2.104476e-01
8.970000e-01  2.101086e-01
9.000000e-01  2.097706e-01
9.030000e-01  2.094337e-01
9.060000e-01  2.090978e-01
9.090000e-01  2.087629e-01
9.120000e-01  2.084291e-01
9.150000e-01  2.080963e-01
9.180000e-01  2.077646e-01
9.210000e-01  2.074338e-01
9.240000e-01  2.071040e-01
9.270000e-01  2.067753e-01
9.300000e-01  2.064475e-01
9.330000e-01  2.061207e-01
9.360000e-01  2.057948e-01
9.390000e-01  2.054699e-01
9.420000e-01  2.051460e-01
9.450000e-01  2.048230e-01
9.480000e-01  2.045010e-01
9.510000e-01  2.041799e-01
9.540000e-01  2.038597e-01
9.570000e-01  2.035404e-01
9.600000e-01  2.032220e-01
9.630000e-01  2.029046e-01
9.660000e-01  2.025880e-01
9.690000e-01  2.022723e-01
9.720000e-01  2.019575e-01
9.750000e-01  2.016436e-01
9.780000e-01  2.013305e-01
9.810000e-01  2.010183e-01
9.840000e-01  2.007070e-01
9.870000e-01  2.003965e-01
9.900000e-01  2.000869e-01
9.930000e-01  1.997780e-01
9.960000e-01  1.994700e-01
9.990000e-01  1.991629e-01
