000000  000001
3.000000e-03  8.629804e-01
6.000000e-03  7.896407e-01
9.000000e-03  7.398606e-01
1.200000e-02  7.024403e-01
1.500000e-02  6.726222e-01
1.800000e-02  6.479400e-01
2.100000e-02  6.269520e-01
2.400000e-02  6.087432e-01
2.700000e-02  5.926974e-01
3.000000e-02  5.783803e-01
3.300000e-02  5.654747e-01
3.600000e-02  5.537422e-01
3.900000e-02  5.429989e-01
4.200000e-02  5.331004e-01
4.500000e-02  5.239312e-01
4.800000e-02  5.153974e-01
5.100000e-02  5.074221e-01
5.400000e-02  4.999409e-01
5.700000e-02  4.929000e-01
6.000000e-02  4.862536e-01
6.300000e-02  4.799626e-01
6.600000e-02  4.739933e-01
6.900000e-02  4.683164e-01
7.200000e-02  4.629065e-01
7.500000e-02  4.577411e-01
7.800000e-02  4.528005e-01
8.100000e-02  4.480672e-01
8.400000e-02  4.435256e-01
8.700000e-02  4.391618e-01
9.000000e-02  4.349632e-01
9.300000e-02  4.309186e-01
9.600000e-02  4.270178e-01
9.900000e-02  4.232516e-01
1.020000e-01  4.196116e-01
1.050000e-01  4.160901e-01
1.080000e-01  4.126802e-01
1.110000e-01  4.093754e-01
1.140000e-01  4.061698e-01
1.170000e-01  4.030581e-01
1.200000e-01  4.000352e-01
1.230000e-01  3.970965e-01
1.260000e-01  3.942378e-01
1.290000e-01  3.914550e-01
1.320000e-01  3.887445e-01
1.350000e-01  3.861029e-01
1.380000e-01  3.835269e-01
1.410000e-01  3.810135e-01
1.440000e-01  3.785600e-01
1.470000e-01  3.761637e-01
1.500000e-01  3.738222e-01
1.530000e-01  3.715332e-01
1.560000e-01  3.692945e-01
1.590000e-01  3.671041e-01
1.620000e-01  3.649601e-01
1.650000e-01  3.628605e-01
1.680000e-01  3.608038e-01
1.710000e-01  3.587884e-01
1.740000e-01  3.568126e-01
1.770000e-01  3.548750e-01
1.800000e-01  3.529743e-01
1.830000e-01  3.511091e-01
1.860000e-01  3.492783e-01
1.890000e-01  3.474806e-01
1.920000e-01  3.457150e-01
1.950000e-01  3.439803e-01
1.980000e-01  3.422756e-01
2.010000e-01  3.405998e-01
2.040000e-01  3.389521e-01
2.070000e-01  3.373316e-01
2.100000e-01  3.357374e-01
2.130000e-01  3.341688e-01
2.160000e-01  3.326250e-01
2.190000e-01  3.311051e-01
2.220000e-01  3.296087e-01
2.250000e-01  3.281349e-01
2.280000e-01  3.266830e-01
2.310000e-01  3.252526e-01
2.340000e-01  3.238430e-01
2.370000e-01  3.224536e-01
2.400000e-01  3.210839e-01
2.430000e-01  3.197333e-01
2.460000e-01  3.184014e-01
2.490000e-01  3.170876e-01
2.520000e-01  3.157916e-01
2.550000e-01  3.145127e-01
2.580000e-01  3.132507e-01
2.610000e-01  3.120050e-01
2.640000e-01  3.107753e-01
2.670000e-01  3.095611e-01
2.700000e-01  3.083622e-01
2.730000e-01  3.071781e-01
2.760000e-01  3.060085e-01
2.790000e-01  3.048531e-01
2.820000e-01  3.037114e-01
2.850000e-01  3.025833e-01
2.880000e-01  3.014684e-01
2.910000e-01  3.003663e-01
2.940000e-01  2.992769e-01
2.970000e-01  2.981998e-01
3.000000e-01  2.971348e-01
3.030000e-01  2.960815e-01
3.060000e-01  2.950399e-01
3.090000e-01  2.940095e-01
3.120000e-01  2.929901e-01
3.150000e-01  2.919817e-01
3.180000e-01  2.909838e-01
3.210000e-01  2.899963e-01
3.240000e-01  2.890190e-01
3.270000e-01  2.880517e-01
3.300000e-01  2.870942e-01
3.330000e-01  2.861462e-01
3.360000e-01  2.852077e-01
3.390000e-01  2.842783e-01
3.420000e-01  2.833581e-01
3.450000e-01  2.824466e-01
3.480000e-01  2.815439e-01
3.510000e-01  2.806497e-01
3.540000e-01  2.797639e-01
3.570000e-01  2.788862e-01
3.600000e-01  2.780167e-01
3.630000e-01  2.771551e-01
3.660000e-01  2.763013e-01
3.690000e-01  2.754551e-01
3.720000e-01  2.746164e-01
3.750000e-01  2.737851e-01
3.780000e-01  2.729610e-01
3.810000e-01  2.721440e-01
3.840000e-01  2.713341e-01
3.870000e-01  2.705310e-01
3.900000e-01  2.697347e-01
3.930000e-01  2.689450e-01
3.960000e-01  2.681618e-01
3.990000e-01  2.673851e-01
4.020000e-01  2.666147e-01
4.050000e-01  2.658505e-01
4.080000e-01  2.650924e-01
4.110000e-01  2.643403e-01
4.140000e-01  2.635942e-01
4.170000e-01  2.628538e-01
4.200000e-01  2.621192e-01
4.230000e-01  2.613903e-01
4.260000e-01  2.606669e-01
4.290000e-01  2.599490e-01
4.320000e-01  2.592364e-01
4.350000e-01  2.585291e-01
4.380000e-01  2.578271e-01
4.410000e-01  2.571302e-01
4.440000e-01  2.564384e-01
4.470000e-01  2.557515e-01
4.500000e-01  2.550696e-01
4.530000e-01  2.543925e-01
4.560000e-01  2.537202e-01
4.590000e-01  2.530525e-01
4.620000e-01  2.523895e-01
4.650000e-01  2.517311e-01
4.680000e-01  2.510772e-01
4.710000e-01  2.504277e-01
4.740000e-01  2.497825e-01
4.770000e-01  2.491417e-01
4.800000e-01  2.485051e-01
4.830000e-01  2.478728e-01
4.860000e-01  2.472445e-01
4.890000e-01  2.466204e-01
4.920000e-01  2.460002e-01
4.950000e-01  2.453840e-01
4.980000e-01  2.447718e-01
5.010000e-01  2.441633e-01
5.040000e-01  2.435587e-01
5.070000e-01  2.429579e-01
5.100000e-01  2.423607e-01
5.130000e-01  2.417673e-01
5.160000e-01  2.411774e-01
5.190000e-01  2.405910e-01
5.220000e-01  2.400082e-01
5.250000e-01  2.394289e-01
5.280000e-01  2.388530e-01
5.310000e-01  2.382805e-01
5.340000e-01  2.377113e-01
5.370000e-01  2.371454e-01
5.400000e-01  2.365828e-01
5.430000e-01  2.360234e-01
5.460000e-01  2.354671e-01
5.490000e-01  2.349140e-01
5.520000e-01  2.343640e-01
5.550000e-01  2.338170e-01
5.580000e-01  2.332731e-01
5.610000e-01  2.327321e-01
5.640000e-01  2.321941e-01
5.670000e-01  2.316590e-01
5.700000e-01  2.311268e-01
5.730000e-01  2.305974e-01
5.760000e-01  2.300708e-01
5.790000e-01  2.295470e-01
5.820000e-01  2.290259e-01
5.850000e-01  2.285076e-01
5.880000e-01  2.279919e-01
5.910000e-01  2.274789e-01
5.940000e-01  2.269685e-01
5.970000e-01  2.264606e-01
6.000000e-01  2.259553e-01
6.030000e-01  2.254526e-01
6.060000e-01  2.249523e-01
6.090000e-01  2.244545e-01
6.120000e-01  2.239592e-01
6.150000e-01  2.234662e-01
6.180000e-01  2.229756e-01
6.210000e-01  2.224874e-01
6.240000e-01  2.220016e-01
6.270000e-01  2.215180e-01
6.300000e-01  2.210367e-01
6.330000e-01  2.205577e-01
6.360000e-01  2.200809e-01
6.390000e-01  2.196062e-01
6.420000e-01  2.191338e-01
6.450000e-01  2.186636e-01
6.480000e-01  2.181954e-01
6.510000e-01  2.177294e-01
6.540000e-01  2.172654e-01
6.570000e-01  2.168036e-01
6.600000e-01  2.163437e-01
6.630000e-01  2.158859e-01
6.660000e-01  2.154301e-01
6.690000e-01  2.149762e-01
6.720000e-01  2.145244e-01
6.750000e-01  2.140744e-01
6.780000e-01  2.136264e-01
6.810000e-01  2.131802e-01
6.840000e-01  2.127359e-01
6.870000e-01  2.122935e-01
6.900000e-01  2.118529e-01
6.930000e-01  2.114142e-01
6.960000e-01  2.109772e-01
6.990000e-01  2.105420e-01
7.020000e-01  2.101086e-01
7.050000e-01  2.096769e-01
7.080000e-01  2.092469e-01
7.110000e-01  2.088187e-01
7.140000e-01  2.083921e-01
7.170000e-01  2.079672e-01
7.200000e-01  2.075439e-01
7.230000e-01  2.071223e-01
7.260000e-01  2.067023e-01
7.290000e-01  2.062839e-01
7.320000e-01  2.058671e-01
7.350000e-01  2.054519e-01
7.380000e-01  2.050382e-01
7.410000e-01  2.046261e-01
7.440000e-01  2.042155e-01
7.470000e-01  2.038064e-01
7.500000e-01  2.033988e-01
7.530000e-01  2.029927e-01
7.560000e-01  2.025880e-01
7.590000e-01  2.021848e-01
7.620000e-01  2.017830e-01
7.650000e-01  2.013827e-01
7.680000e-01  2.009837e-01
7.710000e-01  2.005862e-01
7.740000e-01  2.001900e-01
7.770000e-01  1.997952e-01
7.800000e-01  1.994017e-01
7.830000e-01  1.990096e-01
7.860000e-01  1.986188e-01
7.890000e-01  1.982293e-01
7.920000e-01  1.978411e-01
7.950000e-01  1.974542e-01
7.980000e-01  1.970686e-01
8.010000e-01  1.966843e-01
8.040000e-01  1.963011e-01
8.070000e-01  1.959193e-01
8.100000e-01  1.955386e-01
8.130000e-01  1.951592e-01
8.160000e-01  1.947810e-01
8.190000e-01  1.944039e-01
8.220000e-01  1.940280e-01
8.250000e-01  1.936533e-01
8.280000e-01  1.932798e-01
8.310000e-01  1.929074e-01
8.340000e-01  1.925361e-01
8.370000e-01  1.921660e-01
8.400000e-01  1.917969e-01
8.430000e-01  1.914290e-01
8.460000e-01  1.910621e-01
8.490000e-01  1.906964e-01
8.520000e-01  1.903317e-01
8.550000e-01  1.899680e-01
8.580000e-01  1.896054e-01
8.610000e-01  1.892439e-01
8.640000e-01  1.888833e-01
8.670000e-01  1.885238e-01
8.700000e-01  1.881653e-01
8.730000e-01  1.878077e-01
8.760000e-01  1.874512e-01
8.790000e-01  1.870957e-01
8.820000e-01  1.867411e-01
8.850000e-01  1.863874e-01
8.880000e-01  1.860348e-01
8.910000e-01  1.856830e-01
8.940000e-01  1.853322e-01
8.970000e-01  1.849823e-01
9.000000e-01  1.846333e-01
9.030000e-01  1.842852e-01
9.060000e-01  1.839381e-01
9.090000e-01  1.835917e-01
9.120000e-01  1.832463e-01
9.150000e-01  1.829018e-01
9.180000e-01  1.825581e-01
9.210000e-01  1.822152e-01
9.240000e-01  1.818732e-01
9.270000e-01  1.815320e-01
9.300000e-01  1.811916e-01
9.330000e-01  1.808521e-01
9.360000e-01  1.805134e-01
9.390000e-01  1.801754e-01
9.420000e-01  1.798383e-01
9.450000e-01  1.795019e-01
9.480000e-01  1.791663e-01
9.510000e-01  1.788315e-01
9.540000e-01  1.784974e-01
9.570000e-01  1.781641e-01
9.600000e-01  1.778315e-01
9.630000e-01  1.774996e-01
9.660000e-01  1.771685e-01
9.690000e-01  1.768381e-01
9.720000e-01  1.765084e-01
9.750000e-01  1.761795e-01
9.780000e-01  1.758512e-01
9.810000e-01  1.755236e-01
9.840000e-01  1.751966e-01
9.870000e-01  1.748704e-01
9.900000e-01  1.745448e-01
9.930000e-01  1.742199e-01
9.960000e-01  1.738956e-01
9.990000e-01  1.735720e-01
