000000  000001
3.000000e-03  8.236196e-01
6.000000e-03  7.416173e-01
9.000000e-03  6.886118e-01
1.200000e-02  6.498140e-01
1.500000e-02  6.194251e-01
1.800000e-02  5.945747e-01
2.100000e-02  5.736357e-01
2.400000e-02  5.555985e-01
2.700000e-02  5.397950e-01
3.000000e-02  5.257606e-01
3.300000e-02  5.131598e-01
3.600000e-02  5.017427e-01
3.900000e-02  4.913185e-01
4.200000e-02  4.817380e-01
4.500000e-02  4.728827e-01
4.800000e-02  4.646571e-01
5.100000e-02  4.569827e-01
5.400000e-02  4.497948e-01
5.700000e-02  4.430390e-01
6.000000e-02  4.366694e-01
6.300000e-02  4.306470e-01
6.600000e-02  4.249381e-01
6.900000e-02  4.195136e-01
7.200000e-02  4.143483e-01
7.500000e-02  4.094200e-01
7.800000e-02  4.047092e-01
8.100000e-02  4.001986e-01
8.400000e-02  3.958730e-01
8.700000e-02  3.917187e-01
9.000000e-02  3.877233e-01
9.300000e-02  3.838760e-01
9.600000e-02  3.801667e-01
9.900000e-02  3.765864e-01
1.020000e-01  3.731270e-01
1.050000e-01  3.697810e-01
1.080000e-01  3.665417e-01
1.110000e-01  3.634028e-01
1.140000e-01  3.603586e-01
1.170000e-01  3.574039e-01
1.200000e-01  3.545339e-01
1.230000e-01  3.517440e-01
1.260000e-01  3.490301e-01
1.290000e-01  3.463885e-01
1.320000e-01  3.438155e-01
1.350000e-01  3.413079e-01
1.380000e-01  3.388626e-01
1.410000e-01  3.364767e-01
1.440000e-01  3.341475e-01
1.470000e-01  3.318725e-01
1.500000e-01  3.296494e-01
1.530000e-01  3.274759e-01
1.560000e-01  3.253499e-01
1.590000e-01  3.232696e-01
1.620000e-01  3.212331e-01
1.650000e-01  3.192386e-01
1.680000e-01  3.172845e-01
1.710000e-01  3.153692e-01
1.740000e-01  3.134914e-01
1.770000e-01  3.116496e-01
1.800000e-01  3.098425e-01
1.830000e-01  3.080689e-01
1.860000e-01  3.063275e-01
1.890000e-01  3.046174e-01
1.920000e-01  3.029373e-01
1.950000e-01  3.012863e-01
1.980000e-01  2.996635e-01
2.010000e-01  2.980678e-01
2.040000e-01  2.964985e-01
2.070000e-01  2.949547e-01
2.100000e-01  2.934356e-01
2.130000e-01  2.919405e-01
2.160000e-01  2.904685e-01
2.190000e-01  2.890190e-01
2.220000e-01  2.875914e-01
2.250000e-01  2.861850e-01
2.280000e-01  2.847992e-01
2.310000e-01  2.834334e-01
2.340000e-01  2.820870e-01
2.370000e-01  2.807595e-01
2.400000e-01  2.794503e-01
2.430000e-01  2.781591e-01
2.460000e-01  2.768852e-01
2.490000e-01  2.756283e-01
2.520000e-01  2.743879e-01
2.550000e-01  2.731635e-01
2.580000e-01  2.719548e-01
2.610000e-01  2.707613e-01
2.640000e-01  2.695827e-01
2.670000e-01  2.684186e-01
2.700000e-01  2.672686e-01
2.730000e-01  2.661324e-01
2.760000e-01  2.650097e-01
2.790000e-01  2.639001e-01
2.820000e-01  2.628033e-01
2.850000e-01  2.617191e-01
2.880000e-01  2.606471e-01
2.910000e-01  2.595871e-01
2.940000e-01  2.585388e-01
2.970000e-01  2.575019e-01
3.000000e-01  2.564761e-01
3.030000e-01  2.554613e-01
3.060000e-01  2.544572e-01
3.090000e-01  2.534635e-01
3.120000e-01  2.524801e-01
3.150000e-01  2.515066e-01
3.180000e-01  2.505430e-01
3.210000e-01  2.495890e-01
3.240000e-01  2.486443e-01
3.270000e-01  2.477089e-01
3.300000e-01  2.467824e-01
3.330000e-01  2.458648e-01
3.360000e-01  2.449559e-01
3.390000e-01  2.440554e-01
3.420000e-01  2.431632e-01
3.450000e-01  2.422792e-01
3.480000e-01  2.414032e-01
3.510000e-01  2.405350e-01
3.540000e-01  2.396745e-01
3.570000e-01  2.388216e-01
3.600000e-01  2.379760e-01
3.630000e-01  2.371377e-01
3.660000e-01  2.363065e-01
3.690000e-01  2.354823e-01
3.720000e-01  2.346650e-01
3.750000e-01  2.338544e-01
3.780000e-01  2.330504e-01
3.810000e-01  2.322529e-01
3.840000e-01  2.314618e-01
3.870000e-01  2.306770e-01
3.900000e-01  2.298983e-01
3.930000e-01  2.291257e-01
3.960000e-01  2.283590e-01
3.990000e-01  2.275981e-01
4.020000e-01  2.268430e-01
4.050000e-01  2.260935e-01
4.080000e-01  2.253496e-01
4.110000e-01  2.246111e-01
4.140000e-01  2.238780e-01
4.170000e-01  2.231501e-01
4.200000e-01  2.224274e-01
4.230000e-01  2.217098e-01
4.260000e-01  2.209972e-01
4.290000e-01  2.202896e-01
4.320000e-01  2.195868e-01
4.350000e-01  2.188888e-01
4.380000e-01  2.181954e-01
4.410000e-01  2.175067e-01
4.440000e-01  2.168225e-01
4.470000e-01  2.161428e-01
4.500000e-01  2.154675e-01
4.530000e-01  2.147965e-01
4.560000e-01  2.141298e-01
4.590000e-01  2.134672e-01
4.620000e-01  2.128088e-01
4.650000e-01  2.121545e-01
4.680000e-01  2.115042e-01
4.710000e-01  2.108578e-01
4.740000e-01  2.102153e-01
4.770000e-01  2.095766e-01
4.800000e-01  2.089417e-01
4.830000e-01  2.083105e-01
4.860000e-01  2.076829e-01
4.890000e-01  2.070589e-01
4.920000e-01  2.064385e-01
4.950000e-01  2.058216e-01
4.980000e-01  2.052081e-01
5.010000e-01  2.045979e-01
5.040000e-01  2.039911e-01
5.070000e-01  2.033876e-01
5.100000e-01  2.027874e-01
5.130000e-01  2.021903e-01
5.160000e-01  2.015964e-01
5.190000e-01  2.010055e-01
5.220000e-01  2.004178e-01
5.250000e-01  1.998330e-01
5.280000e-01  1.992512e-01
5.310000e-01  1.986723e-01
5.340000e-01  1.980962e-01
5.370000e-01  1.975230e-01
5.400000e-01  1.969527e-01
5.430000e-01  1.963850e-01
5.460000e-01  1.958201e-01
5.490000e-01  1.952578e-01
5.520000e-01  1.946982e-01
5.550000e-01  1.941412e-01
5.580000e-01  1.935867e-01
5.610000e-01  1.930348e-01
5.640000e-01  1.924853e-01
5.670000e-01  1.919384e-01
5.700000e-01  1.913938e-01
5.730000e-01  1.908516e-01
5.760000e-01  1.903117e-01
5.790000e-01  1.897742e-01
5.820000e-01  1.892389e-01
5.850000e-01  1.887059e-01
5.880000e-01  1.881751e-01
5.910000e-01  1.876465e-01
5.940000e-01  1.871200e-01
5.970000e-01  1.865956e-01
6.000000e-01  1.860734e-01
6.030000e-01  1.855532e-01
6.060000e-01  1.850350e-01
6.090000e-01  1.845188e-01
6.120000e-01  1.840046e-01
6.150000e-01  1.834923e-01
6.180000e-01  1.829819e-01
6.210000e-01  1.824734e-01
6.240000e-01  1.819668e-01
6.270000e-01  1.814620e-01
6.300000e-01  1.809590e-01
6.330000e-01  1.804578e-01
6.360000e-01  1.799583e-01
6.390000e-01  1.794605e-01
6.420000e-01  1.789644e-01
6.450000e-01  1.784700e-01
6.480000e-01  1.779772e-01
6.510000e-01  1.774860e-01
6.540000e-01  1.769965e-01
6.570000e-01  1.765084e-01
6.600000e-01  1.760220e-01
6.630000e-01  1.755370e-01
6.660000e-01  1.750535e-01
6.690000e-01  1.745715e-01
6.720000e-01  1.740910e-01
6.750000e-01  1.736118e-01
6.780000e-01  1.731341e-01
6.810000e-01  1.726577e-01
6.840000e-01  1.721827e-01
6.870000e-01  1.717089e-01
6.900000e-01  1.712365e-01
6.930000e-01  1.707654e-01
6.960000e-01  1.702955e-01
6.990000e-01  1.698269e-01
7.020000e-01  1.693595e-01
7.050000e-01  1.688932e-01
7.080000e-01  1.684281e-01
7.110000e-01  1.679642e-01
7.140000e-01  1.675014e-01
7.170000e-01  1.670397e-01
7.200000e-01  1.665790e-01
7.230000e-01  1.661195e-01
7.260000e-01  1.656609e-01
7.290000e-01  1.652034e-01
7.320000e-01  1.647468e-01
7.350000e-01  1.642913e-01
7.380000e-01  1.638366e-01
7.410000e-01  1.633830e-01
7.440000e-01  1.629302e-01
7.470000e-01  1.624783e-01
7.500000e-01  1.620272e-01
7.530000e-01  1.615770e-01
7.560000e-01  1.611277e-01
7.590000e-01  1.606791e-01
7.620000e-01  1.602313e-01
7.650000e-01  1.597842e-01
7.680000e-01  1.593379e-01
7.710000e-01  1.588924e-01
7.740000e-01  1.584475e-01
7.770000e-01  1.580032e-01
7.800000e-01  1.575597e-01
7.830000e-01  1.571167e-01
7.860000e-01  1.566744e-01
7.890000e-01  1.562327e-01
7.920000e-01  1.557915e-01
7.950000e-01  1.553508e-01
7.980000e-01  1.549107e-01
8.010000e-01  1.544711e-01
8.040000e-01  1.540320e-01
8.070000e-01  1.535933e-01
8.100000e-01  1.531550e-01
8.130000e-01  1.527172e-01
8.160000e-01  1.522797e-01
8.190000e-01  1.518426e-01
8.220000e-01  1.514059e-01
8.250000e-01  1.509694e-01
8.280000e-01  1.505333e-01
8.310000e-01  1.500974e-01
8.340000e-01  1.496618e-01
8.370000e-01  1.492264e-01
8.400000e-01  1.487912e-01
8.430000e-01  1.483562e-01
8.460000e-01  1.479213e-01
8.490000e-01  1.474866e-01
8.520000e-01  1.470519e-01
8.550000e-01  1.466173e-01
8.580000e-01  1.461828e-01
8.610000e-01  000000
8.640000e-01  000000
8.670000e-01  000000
8.700000e-01  000000
8.730000e-01  000000
8.760000e-01  000000
8.790000e-01  000000
8.820000e-01  000000
8.850000e-01  000000
8.880000e-01  000000
8.910000e-01  000000
8.940000e-01  000000
8.970000e-01  000000
9.000000e-01  000000
9.030000e-01  000000
9.060000e-01  000000
9.090000e-01  000000
9.120000e-01  000000
9.150000e-01  000000
9.180000e-01  000000
9.210000e-01  000000
9.240000e-01  000000
9.270000e-01  000000
9.300000e-01  000000
9.330000e-01  000000
9.360000e-01  000000
9.390000e-01  000000
9.420000e-01  000000
9.450000e-01  000000
9.480000e-01  000000
9.510000e-01  000000
9.540000e-01  000000
9.570000e-01  000000
9.600000e-01  000000
9.630000e-01  000000
9.660000e-01  000000
9.690000e-01  000000
9.720000e-01  000000
9.750000e-01  000000
9.780000e-01  000000
9.810000e-01  000000
9.840000e-01  000000
9.870000e-01  000000
9.900000e-01  000000
9.930000e-01  000000
9.960000e-01  000000
9.990000e-01  000000
