000000  000001
3.000000e-03  8.663352e-01
6.000000e-03  7.938917e-01
9.000000e-03  7.444839e-01
1.200000e-02  7.072436e-01
1.500000e-02  6.775167e-01
1.800000e-02  6.528791e-01
2.100000e-02  6.319091e-01
2.400000e-02  6.137022e-01
2.700000e-02  5.976484e-01
3.000000e-02  5.833170e-01
3.300000e-02  5.703931e-01
3.600000e-02  5.586396e-01
3.900000e-02  5.478738e-01
4.200000e-02  5.379518e-01
4.500000e-02  5.287587e-01
4.800000e-02  5.202008e-01
5.100000e-02  5.122015e-01
5.400000e-02  5.046965e-01
5.700000e-02  4.976321e-01
6.000000e-02  4.909626e-01
6.300000e-02  4.846489e-01
6.600000e-02  4.786574e-01
6.900000e-02  4.729589e-01
7.200000e-02  4.675278e-01
7.500000e-02  4.623417e-01
7.800000e-02  4.573810e-01
8.100000e-02  4.526280e-01
8.400000e-02  4.480672e-01
8.700000e-02  4.436847e-01
9.000000e-02  4.394679e-01
9.300000e-02  4.354055e-01
9.600000e-02  4.314874e-01
9.900000e-02  4.277043e-01
1.020000e-01  4.240478e-01
1.050000e-01  4.205102e-01
1.080000e-01  4.170846e-01
1.110000e-01  4.137645e-01
1.140000e-01  4.105440e-01
1.170000e-01  4.074177e-01
1.200000e-01  4.043805e-01
1.230000e-01  4.014279e-01
1.260000e-01  3.985556e-01
1.290000e-01  3.957596e-01
1.320000e-01  3.930361e-01
1.350000e-01  3.903818e-01
1.380000e-01  3.877933e-01
1.410000e-01  3.852679e-01
1.440000e-01  3.828025e-01
1.470000e-01  3.803946e-01
1.500000e-01  3.780418e-01
1.530000e-01  3.757417e-01
1.560000e-01  3.734921e-01
1.590000e-01  3.712910e-01
1.620000e-01  3.691365e-01
1.650000e-01  3.670268e-01
1.680000e-01  3.649601e-01
1.710000e-01  3.629348e-01
1.740000e-01  3.609494e-01
1.770000e-01  3.590024e-01
1.800000e-01  3.570924e-01
1.830000e-01  3.552182e-01
1.860000e-01  3.533785e-01
1.890000e-01  3.515722e-01
1.920000e-01  3.497980e-01
1.950000e-01  3.480549e-01
1.980000e-01  3.463420e-01
2.010000e-01  3.446582e-01
2.040000e-01  3.430025e-01
2.070000e-01  3.413743e-01
2.100000e-01  3.397725e-01
2.130000e-01  3.381964e-01
2.160000e-01  3.366452e-01
2.190000e-01  3.351182e-01
2.220000e-01  3.336146e-01
2.250000e-01  3.321339e-01
2.280000e-01  3.306752e-01
2.310000e-01  3.292381e-01
2.340000e-01  3.278219e-01
2.370000e-01  3.264261e-01
2.400000e-01  3.250500e-01
2.430000e-01  3.236932e-01
2.460000e-01  3.223551e-01
2.490000e-01  3.210353e-01
2.520000e-01  3.197333e-01
2.550000e-01  3.184487e-01
2.580000e-01  3.171809e-01
2.610000e-01  3.159296e-01
2.640000e-01  3.146944e-01
2.670000e-01  3.134748e-01
2.700000e-01  3.122706e-01
2.730000e-01  3.110812e-01
2.760000e-01  3.099065e-01
2.790000e-01  3.087459e-01
2.820000e-01  3.075993e-01
2.850000e-01  3.064663e-01
2.880000e-01  3.053466e-01
2.910000e-01  3.042398e-01
2.940000e-01  3.031457e-01
2.970000e-01  3.020640e-01
3.000000e-01  3.009945e-01
3.030000e-01  2.999368e-01
3.060000e-01  2.988908e-01
3.090000e-01  2.978562e-01
3.120000e-01  2.968327e-01
3.150000e-01  2.958200e-01
3.180000e-01  2.948181e-01
3.210000e-01  2.938266e-01
3.240000e-01  2.928454e-01
3.270000e-01  2.918743e-01
3.300000e-01  2.909129e-01
3.330000e-01  2.899613e-01
3.360000e-01  2.890190e-01
3.390000e-01  2.880861e-01
3.420000e-01  2.871623e-01
3.450000e-01  2.862474e-01
3.480000e-01  2.853412e-01
3.510000e-01  2.844436e-01
3.540000e-01  2.835545e-01
3.570000e-01  2.826737e-01
3.600000e-01  2.818009e-01
3.630000e-01  2.809362e-01
3.660000e-01  2.800793e-01
3.690000e-01  2.792301e-01
3.720000e-01  2.783884e-01
3.750000e-01  2.775542e-01
3.780000e-01  2.767272e-01
3.810000e-01  2.759074e-01
3.840000e-01  2.750947e-01
3.870000e-01  2.742889e-01
3.900000e-01  2.734899e-01
3.930000e-01  2.726976e-01
3.960000e-01  2.719119e-01
3.990000e-01  2.711327e-01
4.020000e-01  2.703598e-01
4.050000e-01  2.695931e-01
4.080000e-01  2.688327e-01
4.110000e-01  2.680783e-01
4.140000e-01  2.673298e-01
4.170000e-01  2.665873e-01
4.200000e-01  2.658505e-01
4.230000e-01  2.651194e-01
4.260000e-01  2.643938e-01
4.290000e-01  2.636738e-01
4.320000e-01  2.629593e-01
4.350000e-01  2.622500e-01
4.380000e-01  2.615460e-01
4.410000e-01  2.608472e-01
4.440000e-01  2.601535e-01
4.470000e-01  2.594649e-01
4.500000e-01  2.587811e-01
4.530000e-01  2.581023e-01
4.560000e-01  2.574283e-01
4.590000e-01  2.567590e-01
4.620000e-01  2.560943e-01
4.650000e-01  2.554343e-01
4.680000e-01  2.547788e-01
4.710000e-01  2.541278e-01
4.740000e-01  2.534812e-01
4.770000e-01  2.528389e-01
4.800000e-01  2.522009e-01
4.830000e-01  2.515672e-01
4.860000e-01  2.509376e-01
4.890000e-01  2.503121e-01
4.920000e-01  2.496907e-01
4.950000e-01  2.490733e-01
4.980000e-01  2.484598e-01
5.010000e-01  2.478503e-01
5.040000e-01  2.472445e-01
5.070000e-01  2.466426e-01
5.100000e-01  2.460444e-01
5.130000e-01  2.454499e-01
5.160000e-01  2.448590e-01
5.190000e-01  2.442717e-01
5.220000e-01  2.436880e-01
5.250000e-01  2.431077e-01
5.280000e-01  2.425310e-01
5.310000e-01  2.419576e-01
5.340000e-01  2.413876e-01
5.370000e-01  2.408210e-01
5.400000e-01  2.402576e-01
5.430000e-01  2.396975e-01
5.460000e-01  2.391405e-01
5.490000e-01  2.385868e-01
5.520000e-01  2.380362e-01
5.550000e-01  2.374886e-01
5.580000e-01  2.369441e-01
5.610000e-01  2.364026e-01
5.640000e-01  2.358641e-01
5.670000e-01  2.353285e-01
5.700000e-01  2.347959e-01
5.730000e-01  2.342661e-01
5.760000e-01  2.337391e-01
5.790000e-01  2.332150e-01
5.820000e-01  2.326936e-01
5.850000e-01  2.321749e-01
5.880000e-01  2.316590e-01
5.910000e-01  2.311457e-01
5.940000e-01  2.306351e-01
5.970000e-01  2.301271e-01
6.000000e-01  2.296217e-01
6.030000e-01  2.291188e-01
6.060000e-01  2.286184e-01
6.090000e-01  2.281206e-01
6.120000e-01  2.276252e-01
6.150000e-01  2.271322e-01
6.180000e-01  2.266417e-01
6.210000e-01  2.261535e-01
6.240000e-01  2.256677e-01
6.270000e-01  2.251843e-01
6.300000e-01  2.247031e-01
6.330000e-01  2.242242e-01
6.360000e-01  2.237476e-01
6.390000e-01  2.232732e-01
6.420000e-01  2.228010e-01
6.450000e-01  2.223310e-01
6.480000e-01  2.218632e-01
6.510000e-01  2.213975e-01
6.540000e-01  2.209339e-01
6.570000e-01  2.204724e-01
6.600000e-01  2.200129e-01
6.630000e-01  2.195555e-01
6.660000e-01  2.191002e-01
6.690000e-01  2.186468e-01
6.720000e-01  2.181954e-01
6.750000e-01  2.177460e-01
6.780000e-01  2.172985e-01
6.810000e-01  2.168530e-01
6.840000e-01  2.164093e-01
6.870000e-01  2.159675e-01
6.900000e-01  2.155276e-01
6.930000e-01  2.150895e-01
6.960000e-01  2.146533e-01
6.990000e-01  2.142188e-01
7.020000e-01  2.137862e-01
7.050000e-01  2.133553e-01
7.080000e-01  2.129261e-01
7.110000e-01  2.124987e-01
7.140000e-01  2.120730e-01
7.170000e-01  2.116490e-01
7.200000e-01  2.112267e-01
7.230000e-01  2.108060e-01
7.260000e-01  2.103870e-01
7.290000e-01  2.099696e-01
7.320000e-01  2.095539e-01
7.350000e-01  2.091397e-01
7.380000e-01  2.087271e-01
7.410000e-01  2.083161e-01
7.440000e-01  2.079066e-01
7.470000e-01  2.074987e-01
7.500000e-01  2.070923e-01
7.530000e-01  2.066874e-01
7.560000e-01  2.062839e-01
7.590000e-01  2.058820e-01
7.620000e-01  2.054815e-01
7.650000e-01  2.050825e-01
7.680000e-01  2.046849e-01
7.710000e-01  2.042887e-01
7.740000e-01  2.038939e-01
7.770000e-01  2.035005e-01
7.800000e-01  2.031086e-01
7.830000e-01  2.027179e-01
7.860000e-01  2.023286e-01
7.890000e-01  2.019407e-01
7.920000e-01  2.015541e-01
7.950000e-01  2.011688e-01
7.980000e-01  2.007848e-01
8.010000e-01  2.004020e-01
8.040000e-01  2.000206e-01
8.070000e-01  1.996404e-01
8.100000e-01  1.992615e-01
8.130000e-01  1.988838e-01
8.160000e-01  1.985074e-01
8.190000e-01  1.981322e-01
8.220000e-01  1.977581e-01
8.250000e-01  1.973853e-01
8.280000e-01  1.970136e-01
8.310000e-01  1.966432e-01
8.340000e-01  1.962738e-01
8.370000e-01  1.959057e-01
8.400000e-01  1.955386e-01
8.430000e-01  1.951727e-01
8.460000e-01  1.948079e-01
8.490000e-01  1.944443e-01
8.520000e-01  1.940817e-01
8.550000e-01  1.937202e-01
8.580000e-01  1.933597e-01
8.610000e-01  1.930004e-01
8.640000e-01  1.926421e-01
8.670000e-01  1.922848e-01
8.700000e-01  1.919286e-01
8.730000e-01  1.915734e-01
8.760000e-01  1.912192e-01
8.790000e-01  1.908661e-01
8.820000e-01  1.905139e-01
8.850000e-01  1.901627e-01
8.880000e-01  1.898125e-01
8.910000e-01  1.894633e-01
8.940000e-01  1.891150e-01
8.970000e-01  1.887676e-01
9.000000e-01  1.884213e-01
9.030000e-01  1.880758e-01
9.060000e-01  1.877313e-01
9.090000e-01  1.873877e-01
9.120000e-01  1.870450e-01
9.150000e-01  1.867031e-01
9.180000e-01  1.863622e-01
9.210000e-01  1.860222e-01
9.240000e-01  1.856830e-01
9.270000e-01  1.853447e-01
9.300000e-01  1.850073e-01
9.330000e-01  1.846707e-01
9.360000e-01  1.843349e-01
9.390000e-01  1.840000e-01
9.420000e-01  1.836659e-01
9.450000e-01  1.833326e-01
9.480000e-01  1.830001e-01
9.510000e-01  1.826684e-01
9.540000e-01  1.823376e-01
9.570000e-01  1.820074e-01
9.600000e-01  1.816781e-01
9.630000e-01  1.813496e-01
9.660000e-01  1.810218e-01
9.690000e-01  1.806947e-01
9.720000e-01  1.803684e-01
9.750000e-01  1.800429e-01
9.780000e-01  1.797180e-01
9.810000e-01  1.793939e-01
9.840000e-01  1.790706e-01
9.870000e-01  1.787479e-01
9.900000e-01  1.784259e-01
9.930000e-01  1.781046e-01
9.960000e-01  1.777840e-01
9.990000e-01  1.774641e-01
