000000  000001
3.000000e-03  8.320167e-01
6.000000e-03  7.516002e-01
9.000000e-03  6.991279e-01
1.200000e-02  6.605269e-01
1.500000e-02  6.301948e-01
1.800000e-02  6.053349e-01
2.100000e-02  5.843526e-01
2.400000e-02  5.662546e-01
2.700000e-02  5.503811e-01
3.000000e-02  5.362725e-01
3.300000e-02  5.235960e-01
3.600000e-02  5.121035e-01
3.900000e-02  5.016049e-01
4.200000e-02  4.919519e-01
4.500000e-02  4.830261e-01
4.800000e-02  4.747322e-01
5.100000e-02  4.669918e-01
5.400000e-02  4.597402e-01
5.700000e-02  4.529230e-01
6.000000e-02  4.464942e-01
6.300000e-02  4.404147e-01
6.600000e-02  4.346508e-01
6.900000e-02  4.291733e-01
7.200000e-02  4.239568e-01
7.500000e-02  4.189791e-01
7.800000e-02  4.142207e-01
8.100000e-02  4.096641e-01
8.400000e-02  4.052941e-01
8.700000e-02  4.010967e-01
9.000000e-02  3.970599e-01
9.300000e-02  3.931723e-01
9.600000e-02  3.894241e-01
9.900000e-02  3.858061e-01
1.020000e-01  3.823102e-01
1.050000e-01  3.789289e-01
1.080000e-01  3.756553e-01
1.110000e-01  3.724832e-01
1.140000e-01  3.694067e-01
1.170000e-01  3.664207e-01
1.200000e-01  3.635202e-01
1.230000e-01  3.607008e-01
1.260000e-01  3.579583e-01
1.290000e-01  3.552888e-01
1.320000e-01  3.526887e-01
1.350000e-01  3.501548e-01
1.380000e-01  3.476838e-01
1.410000e-01  3.452729e-01
1.440000e-01  3.429195e-01
1.470000e-01  3.406208e-01
1.500000e-01  3.383747e-01
1.530000e-01  3.361788e-01
1.560000e-01  3.340310e-01
1.590000e-01  3.319295e-01
1.620000e-01  3.298722e-01
1.650000e-01  3.278575e-01
1.680000e-01  3.258838e-01
1.710000e-01  3.239494e-01
1.740000e-01  3.220528e-01
1.770000e-01  3.201928e-01
1.800000e-01  3.183679e-01
1.830000e-01  3.165770e-01
1.860000e-01  3.148187e-01
1.890000e-01  3.130921e-01
1.920000e-01  3.113959e-01
1.950000e-01  3.097293e-01
1.980000e-01  3.080911e-01
2.010000e-01  3.064806e-01
2.040000e-01  3.048967e-01
2.070000e-01  3.033387e-01
2.100000e-01  3.018057e-01
2.130000e-01  3.002970e-01
2.160000e-01  2.988118e-01
2.190000e-01  2.973495e-01
2.220000e-01  2.959093e-01
2.250000e-01  2.944907e-01
2.280000e-01  2.930929e-01
2.310000e-01  2.917154e-01
2.340000e-01  2.903576e-01
2.370000e-01  2.890190e-01
2.400000e-01  2.876991e-01
2.430000e-01  2.863973e-01
2.460000e-01  2.851132e-01
2.490000e-01  2.838462e-01
2.520000e-01  2.825960e-01
2.550000e-01  2.813621e-01
2.580000e-01  2.801441e-01
2.610000e-01  2.789416e-01
2.640000e-01  2.777541e-01
2.670000e-01  2.765814e-01
2.700000e-01  2.754231e-01
2.730000e-01  2.742788e-01
2.760000e-01  2.731481e-01
2.790000e-01  2.720308e-01
2.820000e-01  2.709266e-01
2.850000e-01  2.698351e-01
2.880000e-01  2.687560e-01
2.910000e-01  2.676891e-01
2.940000e-01  2.666341e-01
2.970000e-01  2.655907e-01
3.000000e-01  2.645587e-01
3.030000e-01  2.635377e-01
3.060000e-01  2.625277e-01
3.090000e-01  2.615283e-01
3.120000e-01  2.605393e-01
3.150000e-01  2.595604e-01
3.180000e-01  2.585916e-01
3.210000e-01  2.576325e-01
3.240000e-01  2.566830e-01
3.270000e-01  2.557429e-01
3.300000e-01  2.548119e-01
3.330000e-01  2.538899e-01
3.360000e-01  2.529768e-01
3.390000e-01  2.520723e-01
3.420000e-01  2.511762e-01
3.450000e-01  2.502885e-01
3.480000e-01  2.494089e-01
3.510000e-01  2.485373e-01
3.540000e-01  2.476735e-01
3.570000e-01  2.468174e-01
3.600000e-01  2.459689e-01
3.630000e-01  2.451278e-01
3.660000e-01  2.442939e-01
3.690000e-01  2.434672e-01
3.720000e-01  2.426475e-01
3.750000e-01  2.418347e-01
3.780000e-01  2.410286e-01
3.810000e-01  2.402292e-01
3.840000e-01  2.394362e-01
3.870000e-01  2.386497e-01
3.900000e-01  2.378695e-01
3.930000e-01  2.370954e-01
3.960000e-01  2.363275e-01
3.990000e-01  2.355655e-01
4.020000e-01  2.348093e-01
4.050000e-01  2.340590e-01
4.080000e-01  2.333143e-01
4.110000e-01  2.325752e-01
4.140000e-01  2.318416e-01
4.170000e-01  2.311133e-01
4.200000e-01  2.303904e-01
4.230000e-01  2.296727e-01
4.260000e-01  2.289602e-01
4.290000e-01  2.282527e-01
4.320000e-01  2.275502e-01
4.350000e-01  2.268525e-01
4.380000e-01  2.261597e-01
4.410000e-01  2.254716e-01
4.440000e-01  2.247882e-01
4.470000e-01  2.241094e-01
4.500000e-01  2.234351e-01
4.530000e-01  2.227652e-01
4.560000e-01  2.220998e-01
4.590000e-01  2.214386e-01
4.620000e-01  2.207817e-01
4.650000e-01  2.201290e-01
4.680000e-01  2.194805e-01
4.710000e-01  2.188359e-01
4.740000e-01  2.181954e-01
4.770000e-01  2.175588e-01
4.800000e-01  2.169261e-01
4.830000e-01  2.162973e-01
4.860000e-01  2.156722e-01
4.890000e-01  2.150508e-01
4.920000e-01  2.144331e-01
4.950000e-01  2.138190e-01
4.980000e-01  2.132084e-01
5.010000e-01  2.126013e-01
5.040000e-01  2.119977e-01
5.070000e-01  2.113975e-01
5.100000e-01  2.108007e-01
5.130000e-01  2.102072e-01
5.160000e-01  2.096169e-01
5.190000e-01  2.090299e-01
5.220000e-01  2.084460e-01
5.250000e-01  2.078652e-01
5.280000e-01  2.072876e-01
5.310000e-01  2.067129e-01
5.340000e-01  2.061413e-01
5.370000e-01  2.055726e-01
5.400000e-01  2.050069e-01
5.430000e-01  2.044440e-01
5.460000e-01  2.038840e-01
5.490000e-01  2.033267e-01
5.520000e-01  2.027722e-01
5.550000e-01  2.022205e-01
5.580000e-01  2.016714e-01
5.610000e-01  2.011250e-01
5.640000e-01  2.005811e-01
5.670000e-01  2.000399e-01
5.700000e-01  1.995012e-01
5.730000e-01  1.989650e-01
5.760000e-01  1.984313e-01
5.790000e-01  1.979000e-01
5.820000e-01  1.973712e-01
5.850000e-01  1.968447e-01
5.880000e-01  1.963205e-01
5.910000e-01  1.957987e-01
5.940000e-01  1.952791e-01
5.970000e-01  1.947618e-01
6.000000e-01  1.942468e-01
6.030000e-01  1.937339e-01
6.060000e-01  1.932232e-01
6.090000e-01  1.927146e-01
6.120000e-01  1.922081e-01
6.150000e-01  1.917037e-01
6.180000e-01  1.912013e-01
6.210000e-01  1.907010e-01
6.240000e-01  1.902026e-01
6.270000e-01  1.897063e-01
6.300000e-01  1.892119e-01
6.330000e-01  1.887194e-01
6.360000e-01  1.882287e-01
6.390000e-01  1.877400e-01
6.420000e-01  1.872531e-01
6.450000e-01  1.867680e-01
6.480000e-01  1.862847e-01
6.510000e-01  1.858031e-01
6.540000e-01  1.853233e-01
6.570000e-01  1.848453e-01
6.600000e-01  1.843689e-01
6.630000e-01  1.838942e-01
6.660000e-01  1.834211e-01
6.690000e-01  1.829497e-01
6.720000e-01  1.824799e-01
6.750000e-01  1.820116e-01
6.780000e-01  1.815449e-01
6.810000e-01  1.810798e-01
6.840000e-01  1.806162e-01
6.870000e-01  1.801541e-01
6.900000e-01  1.796934e-01
6.930000e-01  1.792342e-01
6.960000e-01  1.787764e-01
6.990000e-01  1.783201e-01
7.020000e-01  1.778651e-01
7.050000e-01  1.774116e-01
7.080000e-01  1.769593e-01
7.110000e-01  1.765084e-01
7.140000e-01  1.760589e-01
7.170000e-01  1.756106e-01
7.200000e-01  1.751636e-01
7.230000e-01  1.747178e-01
7.260000e-01  1.742733e-01
7.290000e-01  1.738300e-01
7.320000e-01  1.733879e-01
7.350000e-01  1.729470e-01
7.380000e-01  1.725072e-01
7.410000e-01  1.720686e-01
7.440000e-01  1.716311e-01
7.470000e-01  1.711947e-01
7.500000e-01  1.707595e-01
7.530000e-01  1.703252e-01
7.560000e-01  1.698921e-01
7.590000e-01  1.694599e-01
7.620000e-01  1.690288e-01
7.650000e-01  1.685987e-01
7.680000e-01  1.681696e-01
7.710000e-01  1.677414e-01
7.740000e-01  1.673142e-01
7.770000e-01  1.668879e-01
7.800000e-01  1.664626e-01
7.830000e-01  1.660381e-01
7.860000e-01  1.656145e-01
7.890000e-01  1.651918e-01
7.920000e-01  1.647699e-01
7.950000e-01  1.643489e-01
7.980000e-01  1.639286e-01
8.010000e-01  1.635092e-01
8.040000e-01  1.630905e-01
8.070000e-01  1.626726e-01
8.100000e-01  1.622555e-01
8.130000e-01  1.618391e-01
8.160000e-01  1.614234e-01
8.190000e-01  1.610083e-01
8.220000e-01  1.605940e-01
8.250000e-01  1.601803e-01
8.280000e-01  1.597673e-01
8.310000e-01  1.593549e-01
8.340000e-01  1.589431e-01
8.370000e-01  1.585319e-01
8.400000e-01  1.581213e-01
8.430000e-01  1.577112e-01
8.460000e-01  1.573017e-01
8.490000e-01  1.568927e-01
8.520000e-01  1.564842e-01
8.550000e-01  1.560762e-01
8.580000e-01  1.556687e-01
8.610000e-01  1.552617e-01
8.640000e-01  1.548550e-01
8.670000e-01  1.544489e-01
8.700000e-01  1.540431e-01
8.730000e-01  1.536377e-01
8.760000e-01  1.532326e-01
8.790000e-01  1.528280e-01
8.820000e-01  1.524236e-01
8.850000e-01  1.520196e-01
8.880000e-01  1.516159e-01
8.910000e-01  1.512125e-01
8.940000e-01  1.508093e-01
8.970000e-01  1.504064e-01
9.000000e-01  1.500037e-01
9.030000e-01  1.496012e-01
9.060000e-01  1.491989e-01
9.090000e-01  1.487967e-01
9.120000e-01  1.483947e-01
9.150000e-01  1.479929e-01
9.180000e-01  1.475911e-01
9.210000e-01  1.471894e-01
9.240000e-01  1.467879e-01
9.270000e-01  1.463863e-01
9.300000e-01  1.459848e-01
9.330000e-01  000000
9.360000e-01  000000
9.390000e-01  000000
9.420000e-01  000000
9.450000e-01  000000
9.480000e-01  000000
9.510000e-01  000000
9.540000e-01  000000
9.570000e-01  000000
9.600000e-01  000000
9.630000e-01  000000
9.660000e-01  000000
9.690000e-01  000000
9.720000e-01  000000
9.750000e-01  000000
9.780000e-01  000000
9.810000e-01  000000
9.840000e-01  000000
9.870000e-01  000000
9.900000e-01  000000
9.930000e-01  000000
9.960000e-01  000000
9.990000e-01  000000
