000000  000001
3.000000e-03  7.979559e-01
6.000000e-03  7.118605e-01
9.000000e-03  6.576384e-01
1.200000e-02  6.184878e-01
1.500000e-02  5.880858e-01
1.800000e-02  5.633739e-01
2.100000e-02  5.426442e-01
2.400000e-02  5.248488e-01
2.700000e-02  5.092996e-01
3.000000e-02  4.955219e-01
3.300000e-02  4.831744e-01
3.600000e-02  4.720041e-01
3.900000e-02  4.618184e-01
4.200000e-02  4.524676e-01
4.500000e-02  4.438330e-01
4.800000e-02  4.358189e-01
5.100000e-02  4.283473e-01
5.400000e-02  4.213536e-01
5.700000e-02  4.147839e-01
6.000000e-02  4.085927e-01
6.300000e-02  4.027413e-01
6.600000e-02  3.971965e-01
6.900000e-02  3.919295e-01
7.200000e-02  3.869155e-01
7.500000e-02  3.821326e-01
7.800000e-02  3.775616e-01
8.100000e-02  3.731856e-01
8.400000e-02  3.689896e-01
8.700000e-02  3.649601e-01
9.000000e-02  3.610850e-01
9.300000e-02  3.573537e-01
9.600000e-02  3.537564e-01
9.900000e-02  3.502842e-01
1.020000e-01  3.469293e-01
1.050000e-01  3.436843e-01
1.080000e-01  3.405425e-01
1.110000e-01  3.374980e-01
1.140000e-01  3.345452e-01
1.170000e-01  3.316788e-01
1.200000e-01  3.288944e-01
1.230000e-01  3.261874e-01
1.260000e-01  3.235539e-01
1.290000e-01  3.209901e-01
1.320000e-01  3.184927e-01
1.350000e-01  3.160583e-01
1.380000e-01  3.136840e-01
1.410000e-01  3.113670e-01
1.440000e-01  3.091046e-01
1.470000e-01  3.068945e-01
1.500000e-01  3.047343e-01
1.530000e-01  3.026220e-01
1.560000e-01  3.005554e-01
1.590000e-01  2.985328e-01
1.620000e-01  2.965522e-01
1.650000e-01  2.946121e-01
1.680000e-01  2.927109e-01
1.710000e-01  2.908470e-01
1.740000e-01  2.890190e-01
1.770000e-01  2.872257e-01
1.800000e-01  2.854657e-01
1.830000e-01  2.837378e-01
1.860000e-01  2.820409e-01
1.890000e-01  2.803739e-01
1.920000e-01  2.787358e-01
1.950000e-01  2.771255e-01
1.980000e-01  2.755423e-01
2.010000e-01  2.739851e-01
2.040000e-01  2.724531e-01
2.070000e-01  2.709455e-01
2.100000e-01  2.694616e-01
2.130000e-01  2.680006e-01
2.160000e-01  2.665618e-01
2.190000e-01  2.651445e-01
2.220000e-01  2.637481e-01
2.250000e-01  2.623719e-01
2.280000e-01  2.610154e-01
2.310000e-01  2.596780e-01
2.340000e-01  2.583592e-01
2.370000e-01  2.570584e-01
2.400000e-01  2.557751e-01
2.430000e-01  2.545089e-01
2.460000e-01  2.532592e-01
2.490000e-01  2.520257e-01
2.520000e-01  2.508079e-01
2.550000e-01  2.496053e-01
2.580000e-01  2.484177e-01
2.610000e-01  2.472445e-01
2.640000e-01  2.460855e-01
2.670000e-01  2.449403e-01
2.700000e-01  2.438085e-01
2.730000e-01  2.426897e-01
2.760000e-01  2.415838e-01
2.790000e-01  2.404903e-01
2.820000e-01  2.394090e-01
2.850000e-01  2.383396e-01
2.880000e-01  2.372817e-01
2.910000e-01  2.362352e-01
2.940000e-01  2.351997e-01
2.970000e-01  2.341750e-01
3.000000e-01  2.331609e-01
3.030000e-01  2.321571e-01
3.060000e-01  2.311634e-01
3.090000e-01  2.301795e-01
3.120000e-01  2.292053e-01
3.150000e-01  2.282405e-01
3.180000e-01  2.272850e-01
3.210000e-01  2.263384e-01
3.240000e-01  2.254007e-01
3.270000e-01  2.244716e-01
3.300000e-01  2.235510e-01
3.330000e-01  2.226387e-01
3.360000e-01  2.217345e-01
3.390000e-01  2.208382e-01
3.420000e-01  2.199497e-01
3.450000e-01  2.190688e-01
3.480000e-01  2.181954e-01
3.510000e-01  2.173293e-01
3.540000e-01  2.164704e-01
3.570000e-01  2.156185e-01
3.600000e-01  2.147734e-01
3.630000e-01  2.139352e-01
3.660000e-01  2.131035e-01
3.690000e-01  2.122783e-01
3.720000e-01  2.114595e-01
3.750000e-01  2.106469e-01
3.780000e-01  2.098404e-01
3.810000e-01  2.090400e-01
3.840000e-01  2.082454e-01
3.870000e-01  2.074566e-01
3.900000e-01  2.066734e-01
3.930000e-01  2.058958e-01
3.960000e-01  2.051237e-01
3.990000e-01  2.043569e-01
4.020000e-01  2.035954e-01
4.050000e-01  2.028390e-01
4.080000e-01  2.020877e-01
4.110000e-01  2.013413e-01
4.140000e-01  2.005998e-01
4.170000e-01  1.998631e-01
4.200000e-01  1.991311e-01
4.230000e-01  1.984037e-01
4.260000e-01  1.976809e-01
4.290000e-01  1.969625e-01
4.320000e-01  1.962484e-01
4.350000e-01  1.955386e-01
4.380000e-01  1.948331e-01
4.410000e-01  1.941316e-01
4.440000e-01  1.934342e-01
4.470000e-01  1.927408e-01
4.500000e-01  1.920513e-01
4.530000e-01  1.913657e-01
4.560000e-01  1.906838e-01
4.590000e-01  1.900056e-01
4.620000e-01  1.893310e-01
4.650000e-01  1.886600e-01
4.680000e-01  1.879925e-01
4.710000e-01  1.873285e-01
4.740000e-01  1.866678e-01
4.770000e-01  1.860105e-01
4.800000e-01  1.853564e-01
4.830000e-01  1.847054e-01
4.860000e-01  1.840577e-01
4.890000e-01  1.834130e-01
4.920000e-01  1.827713e-01
4.950000e-01  1.821326e-01
4.980000e-01  1.814967e-01
5.010000e-01  1.808638e-01
5.040000e-01  1.802336e-01
5.070000e-01  1.796062e-01
5.100000e-01  1.789815e-01
5.130000e-01  1.783594e-01
5.160000e-01  1.777399e-01
5.190000e-01  1.771229e-01
5.220000e-01  1.765084e-01
5.250000e-01  1.758964e-01
5.280000e-01  1.752868e-01
5.310000e-01  1.746794e-01
5.340000e-01  1.740744e-01
5.370000e-01  1.734717e-01
5.400000e-01  1.728711e-01
5.430000e-01  1.722726e-01
5.460000e-01  1.716763e-01
5.490000e-01  1.710821e-01
5.520000e-01  1.704898e-01
5.550000e-01  1.698995e-01
5.580000e-01  1.693112e-01
5.610000e-01  1.687247e-01
5.640000e-01  1.681400e-01
5.670000e-01  1.675572e-01
5.700000e-01  1.669761e-01
5.730000e-01  1.663967e-01
5.760000e-01  1.658189e-01
5.790000e-01  1.652428e-01
5.820000e-01  1.646682e-01
5.850000e-01  1.640952e-01
5.880000e-01  1.635237e-01
5.910000e-01  1.629536e-01
5.940000e-01  1.623849e-01
5.970000e-01  1.618175e-01
6.000000e-01  1.612515e-01
6.030000e-01  1.606868e-01
6.060000e-01  1.601233e-01
6.090000e-01  1.595610e-01
6.120000e-01  1.589998e-01
6.150000e-01  1.584398e-01
6.180000e-01  1.578808e-01
6.210000e-01  1.573229e-01
6.240000e-01  1.567659e-01
6.270000e-01  1.562098e-01
6.300000e-01  1.556547e-01
6.330000e-01  1.551004e-01
6.360000e-01  1.545469e-01
6.390000e-01  1.539941e-01
6.420000e-01  1.534421e-01
6.450000e-01  1.528907e-01
6.480000e-01  1.523400e-01
6.510000e-01  1.517899e-01
6.540000e-01  1.512403e-01
6.570000e-01  1.506912e-01
6.600000e-01  1.501425e-01
6.630000e-01  1.495942e-01
6.660000e-01  1.490463e-01
6.690000e-01  1.484987e-01
6.720000e-01  1.479513e-01
6.750000e-01  1.474041e-01
6.780000e-01  1.468571e-01
6.810000e-01  1.463102e-01
6.840000e-01  000000
6.870000e-01  000000
6.900000e-01  000000
6.930000e-01  000000
6.960000e-01  000000
6.990000e-01  000000
7.020000e-01  000000
7.050000e-01  000000
7.080000e-01  000000
7.110000e-01  000000
7.140000e-01  000000
7.170000e-01  000000
7.200000e-01  000000
7.230000e-01  000000
7.260000e-01  000000
7.290000e-01  000000
7.320000e-01  000000
7.350000e-01  000000
7.380000e-01  000000
7.410000e-01  000000
7.440000e-01  000000
7.470000e-01  000000
7.500000e-01  000000
7.530000e-01  000000
7.560000e-01  000000
7.590000e-01  000000
7.620000e-01  000000
7.650000e-01  000000
7.680000e-01  000000
7.710000e-01  000000
7.740000e-01  000000
7.770000e-01  000000
7.800000e-01  000000
7.830000e-01  000000
7.860000e-01  000000
7.890000e-01  000000
7.920000e-01  000000
7.950000e-01  000000
7.980000e-01  000000
8.010000e-01  000000
8.040000e-01  000000
8.070000e-01  000000
8.100000e-01  000000
8.130000e-01  000000
8.160000e-01  000000
8.190000e-01  000000
8.220000e-01  000000
8.250000e-01  000000
8.280000e-01  000000
8.310000e-01  000000
8.340000e-01  000000
8.370000e-01  000000
8.400000e-01  000000
8.430000e-01  000000
8.460000e-01  000000
8.490000e-01  000000
8.520000e-01  000000
8.550000e-01  000000
8.580000e-01  000000
8.610000e-01  000000
8.640000e-01  000000
8.670000e-01  000000
8.700000e-01  000000
8.730000e-01  000000
8.760000e-01  000000
8.790000e-01  000000
8.820000e-01  000000
8.850000e-01  000000
8.880000e-01  000000
8.910000e-01  000000
8.940000e-01  000000
8.970000e-01  000000
9.000000e-01  000000
9.030000e-01  000000
9.060000e-01  000000
9.090000e-01  000000
9.120000e-01  000000
9.150000e-01  000000
9.180000e-01  000000
9.210000e-01  000000
9.240000e-01  000000
9.270000e-01  000000
9.300000e-01  000000
9.330000e-01  000000
9.360000e-01  000000
9.390000e-01  000000
9.420000e-01  000000
9.450000e-01  000000
9.480000e-01  000000
9.510000e-01  000000
9.540000e-01  000000
9.570000e-01  000000
9.600000e-01  000000
9.630000e-01  000000
9.660000e-01  000000
9.690000e-01  000000
9.720000e-01  000000
9.750000e-01  000000
9.780000e-01  000000
9.810000e-01  000000
9.840000e-01  000000
9.870000e-01  000000
9.900000e-01  000000
9.930000e-01  000000
9.960000e-01  000000
9.990000e-01  000000
