000000  000001
3.000000e-03  7.896407e-01
6.000000e-03  7.024403e-01
9.000000e-03  6.479400e-01
1.200000e-02  6.087432e-01
1.500000e-02  5.783803e-01
1.800000e-02  5.537422e-01
2.100000e-02  5.331004e-01
2.400000e-02  5.153974e-01
2.700000e-02  4.999409e-01
3.000000e-02  4.862536e-01
3.300000e-02  4.739933e-01
3.600000e-02  4.629065e-01
3.900000e-02  4.528005e-01
4.200000e-02  4.435256e-01
4.500000e-02  4.349632e-01
4.800000e-02  4.270178e-01
5.100000e-02  4.196116e-01
5.400000e-02  4.126802e-01
5.700000e-02  4.061698e-01
6.000000e-02  4.000352e-01
6.300000e-02  3.942378e-01
6.600000e-02  3.887445e-01
6.900000e-02  3.835269e-01
7.200000e-02  3.785600e-01
7.500000e-02  3.738222e-01
7.800000e-02  3.692945e-01
8.100000e-02  3.649601e-01
8.400000e-02  3.608038e-01
8.700000e-02  3.568126e-01
9.000000e-02  3.529743e-01
9.300000e-02  3.492783e-01
9.600000e-02  3.457150e-01
9.900000e-02  3.422756e-01
1.020000e-01  3.389521e-01
1.050000e-01  3.357374e-01
1.080000e-01  3.326250e-01
1.110000e-01  3.296087e-01
1.140000e-01  3.266830e-01
1.170000e-01  3.238430e-01
1.200000e-01  3.210839e-01
1.230000e-01  3.184014e-01
1.260000e-01  3.157916e-01
1.290000e-01  3.132507e-01
1.320000e-01  3.107753e-01
1.350000e-01  3.083622e-01
1.380000e-01  3.060085e-01
1.410000e-01  3.037114e-01
1.440000e-01  3.014684e-01
1.470000e-01  2.992769e-01
1.500000e-01  2.971348e-01
1.530000e-01  2.950399e-01
1.560000e-01  2.929901e-01
1.590000e-01  2.909838e-01
1.620000e-01  2.890190e-01
1.650000e-01  2.870942e-01
1.680000e-01  2.852077e-01
1.710000e-01  2.833581e-01
1.740000e-01  2.815439e-01
1.770000e-01  2.797639e-01
1.800000e-01  2.780167e-01
1.830000e-01  2.763013e-01
1.860000e-01  2.746164e-01
1.890000e-01  2.729610e-01
1.920000e-01  2.713341e-01
1.950000e-01  2.697347e-01
1.980000e-01  2.681618e-01
2.010000e-01  2.666147e-01
2.040000e-01  2.650924e-01
2.070000e-01  2.635942e-01
2.100000e-01  2.621192e-01
2.130000e-01  2.606669e-01
2.160000e-01  2.592364e-01
2.190000e-01  2.578271e-01
2.220000e-01  2.564384e-01
2.250000e-01  2.550696e-01
2.280000e-01  2.537202e-01
2.310000e-01  2.523895e-01
2.340000e-01  2.510772e-01
2.370000e-01  2.497825e-01
2.400000e-01  2.485051e-01
2.430000e-01  2.472445e-01
2.460000e-01  2.460002e-01
2.490000e-01  2.447718e-01
2.520000e-01  2.435587e-01
2.550000e-01  2.423607e-01
2.580000e-01  2.411774e-01
2.610000e-01  2.400082e-01
2.640000e-01  2.388530e-01
2.670000e-01  2.377113e-01
2.700000e-01  2.365828e-01
2.730000e-01  2.354671e-01
2.760000e-01  2.343640e-01
2.790000e-01  2.332731e-01
2.820000e-01  2.321941e-01
2.850000e-01  2.311268e-01
2.880000e-01  2.300708e-01
2.910000e-01  2.290259e-01
2.940000e-01  2.279919e-01
2.970000e-01  2.269685e-01
3.000000e-01  2.259553e-01
3.030000e-01  2.249523e-01
3.060000e-01  2.239592e-01
3.090000e-01  2.229756e-01
3.120000e-01  2.220016e-01
3.150000e-01  2.210367e-01
3.180000e-01  2.200809e-01
3.210000e-01  2.191338e-01
3.240000e-01  2.181954e-01
3.270000e-01  2.172654e-01
3.300000e-01  2.163437e-01
3.330000e-01  2.154301e-01
3.360000e-01  2.145244e-01
3.390000e-01  2.136264e-01
3.420000e-01  2.127359e-01
3.450000e-01  2.118529e-01
3.480000e-01  2.109772e-01
3.510000e-01  2.101086e-01
3.540000e-01  2.092469e-01
3.570000e-01  2.083921e-01
3.600000e-01  2.075439e-01
3.630000e-01  2.067023e-01
3.660000e-01  2.058671e-01
3.690000e-01  2.050382e-01
3.720000e-01  2.042155e-01
3.750000e-01  2.033988e-01
3.780000e-01  2.025880e-01
3.810000e-01  2.017830e-01
3.840000e-01  2.009837e-01
3.870000e-01  2.001900e-01
3.900000e-01  1.994017e-01
3.930000e-01  1.986188e-01
3.960000e-01  1.978411e-01
3.990000e-01  1.970686e-01
4.020000e-01  1.963011e-01
4.050000e-01  1.955386e-01
4.080000e-01  1.947810e-01
4.110000e-01  1.940280e-01
4.140000e-01  1.932798e-01
4.170000e-01  1.925361e-01
4.200000e-01  1.917969e-01
4.230000e-01  1.910621e-01
4.260000e-01  1.903317e-01
4.290000e-01  1.896054e-01
4.320000e-01  1.888833e-01
4.350000e-01  1.881653e-01
4.380000e-01  1.874512e-01
4.410000e-01  1.867411e-01
4.440000e-01  1.860348e-01
4.470000e-01  1.853322e-01
4.500000e-01  1.846333e-01
4.530000e-01  1.839381e-01
4.560000e-01  1.832463e-01
4.590000e-01  1.825581e-01
4.620000e-01  1.818732e-01
4.650000e-01  1.811916e-01
4.680000e-01  1.805134e-01
4.710000e-01  1.798383e-01
4.740000e-01  1.791663e-01
4.770000e-01  1.784974e-01
4.800000e-01  1.778315e-01
4.830000e-01  1.771685e-01
4.860000e-01  1.765084e-01
4.890000e-01  1.758512e-01
4.920000e-01  1.751966e-01
4.950000e-01  1.745448e-01
4.980000e-01  1.738956e-01
5.010000e-01  1.732490e-01
5.040000e-01  1.726048e-01
5.070000e-01  1.719632e-01
5.100000e-01  1.713239e-01
5.130000e-01  1.706870e-01
5.160000e-01  1.700524e-01
5.190000e-01  1.694200e-01
5.220000e-01  1.687898e-01
5.250000e-01  1.681617e-01
5.280000e-01  1.675356e-01
5.310000e-01  1.669116e-01
5.340000e-01  1.662895e-01
5.370000e-01  1.656694e-01
5.400000e-01  1.650511e-01
5.430000e-01  1.644346e-01
5.460000e-01  1.638198e-01
5.490000e-01  1.632068e-01
5.520000e-01  1.625953e-01
5.550000e-01  1.619855e-01
5.580000e-01  1.613772e-01
5.610000e-01  1.607704e-01
5.640000e-01  1.601650e-01
5.670000e-01  1.595610e-01
5.700000e-01  1.589583e-01
5.730000e-01  1.583569e-01
5.760000e-01  1.577567e-01
5.790000e-01  1.571577e-01
5.820000e-01  1.565598e-01
5.850000e-01  1.559630e-01
5.880000e-01  1.553671e-01
5.910000e-01  1.547723e-01
5.940000e-01  1.541783e-01
5.970000e-01  1.535851e-01
6.000000e-01  1.529928e-01
6.030000e-01  1.524012e-01
6.060000e-01  1.518103e-01
6.090000e-01  1.512199e-01
6.120000e-01  1.506302e-01
6.150000e-01  1.500409e-01
6.180000e-01  1.494521e-01
6.210000e-01  1.488637e-01
6.240000e-01  1.482756e-01
6.270000e-01  1.476878e-01
6.300000e-01  1.471002e-01
6.330000e-01  1.465127e-01
6.360000e-01  1.459253e-01
6.390000e-01  000000
6.420000e-01  000000
6.450000e-01  000000
6.480000e-01  000000
6.510000e-01  000000
6.540000e-01  000000
6.570000e-01  000000
6.600000e-01  000000
6.630000e-01  000000
6.660000e-01  000000
6.690000e-01  000000
6.720000e-01  000000
6.750000e-01  000000
6.780000e-01  000000
6.810000e-01  000000
6.840000e-01  000000
6.870000e-01  000000
6.900000e-01  000000
6.930000e-01  000000
6.960000e-01  000000
6.990000e-01  000000
7.020000e-01  000000
7.050000e-01  000000
7.080000e-01  000000
7.110000e-01  000000
7.140000e-01  000000
7.170000e-01  000000
7.200000e-01  000000
7.230000e-01  000000
7.260000e-01  000000
7.290000e-01  000000
7.320000e-01  000000
7.350000e-01  000000
7.380000e-01  000000
7.410000e-01  000000
7.440000e-01  000000
7.470000e-01  000000
7.500000e-01  000000
7.530000e-01  000000
7.560000e-01  000000
7.590000e-01  000000
7.620000e-01  000000
7.650000e-01  000000
7.680000e-01  000000
7.710000e-01  000000
7.740000e-01  000000
7.770000e-01  000000
7.800000e-01  000000
7.830000e-01  000000
7.860000e-01  000000
7.890000e-01  000000
7.920000e-01  000000
7.950000e-01  000000
7.980000e-01  000000
8.010000e-01  000000
8.040000e-01  000000
8.070000e-01  000000
8.100000e-01  000000
8.130000e-01  000000
8.160000e-01  000000
8.190000e-01  000000
8.220000e-01  000000
8.250000e-01  000000
8.280000e-01  000000
8.310000e-01  000000
8.340000e-01  000000
8.370000e-01  000000
8.400000e-01  000000
8.430000e-01  000000
8.460000e-01  000000
8.490000e-01  000000
8.520000e-01  000000
8.550000e-01  000000
8.580000e-01  000000
8.610000e-01  000000
8.640000e-01  000000
8.670000e-01  000000
8.700000e-01  000000
8.730000e-01  000000
8.760000e-01  000000
8.790000e-01  000000
8.820000e-01  000000
8.850000e-01  000000
8.880000e-01  000000
8.910000e-01  000000
8.940000e-01  000000
8.970000e-01  000000
9.000000e-01  000000
9.030000e-01  000000
9.060000e-01  000000
9.090000e-01  000000
9.120000e-01  000000
9.150000e-01  000000
9.180000e-01  000000
9.210000e-01  000000
9.240000e-01  000000
9.270000e-01  000000
9.300000e-01  000000
9.330000e-01  000000
9.360000e-01  000000
9.390000e-01  000000
9.420000e-01  000000
9.450000e-01  000000
9.480000e-01  000000
9.510000e-01  000000
9.540000e-01  000000
9.570000e-01  000000
9.600000e-01  000000
9.630000e-01  000000
9.660000e-01  000000
9.690000e-01  000000
9.720000e-01  000000
9.750000e-01  000000
9.780000e-01  000000
9.810000e-01  000000
9.840000e-01  000000
9.870000e-01  000000
9.900000e-01  000000
9.930000e-01  000000
9.960000e-01  000000
9.990000e-01  000000
