000000  000001
3.000000e-03  7.025327e-01
6.000000e-03  6.094347e-01
9.000000e-03  5.550104e-01
1.200000e-02  5.172022e-01
1.500000e-02  4.885592e-01
1.800000e-02  4.656829e-01
2.100000e-02  4.467479e-01
2.400000e-02  4.306647e-01
2.700000e-02  4.167337e-01
3.000000e-02  4.044798e-01
3.300000e-02  3.935668e-01
3.600000e-02  3.837481e-01
3.900000e-02  3.748380e-01
4.200000e-02  3.666934e-01
4.500000e-02  3.592016e-01
4.800000e-02  3.522726e-01
5.100000e-02  3.458332e-01
5.400000e-02  3.398235e-01
5.700000e-02  3.341935e-01
6.000000e-02  3.289012e-01
6.300000e-02  3.239112e-01
6.600000e-02  3.191929e-01
6.900000e-02  3.147204e-01
7.200000e-02  3.104709e-01
7.500000e-02  3.064247e-01
7.800000e-02  3.025645e-01
8.100000e-02  2.988751e-01
8.400000e-02  2.953430e-01
8.700000e-02  2.919561e-01
9.000000e-02  2.887038e-01
9.300000e-02  2.855763e-01
9.600000e-02  2.825651e-01
9.900000e-02  2.796624e-01
1.020000e-01  2.768611e-01
1.050000e-01  2.741547e-01
1.080000e-01  2.715374e-01
1.110000e-01  2.690038e-01
1.140000e-01  2.665492e-01
1.170000e-01  2.641689e-01
1.200000e-01  2.618588e-01
1.230000e-01  2.596152e-01
1.260000e-01  2.574345e-01
1.290000e-01  2.553135e-01
1.320000e-01  2.532492e-01
1.350000e-01  2.512387e-01
1.380000e-01  2.492795e-01
1.410000e-01  2.473691e-01
1.440000e-01  2.455053e-01
1.470000e-01  2.436859e-01
1.500000e-01  2.419090e-01
1.530000e-01  2.401727e-01
1.560000e-01  2.384753e-01
1.590000e-01  2.368151e-01
1.620000e-01  2.351907e-01
1.650000e-01  2.336005e-01
1.680000e-01  2.320432e-01
1.710000e-01  2.305175e-01
1.740000e-01  2.290222e-01
1.770000e-01  2.275561e-01
1.800000e-01  2.261182e-01
1.830000e-01  2.247073e-01
1.860000e-01  2.233227e-01
1.890000e-01  2.219632e-01
1.920000e-01  2.206281e-01
1.950000e-01  2.193165e-01
1.980000e-01  2.180275e-01
2.010000e-01  2.167606e-01
2.040000e-01  2.155148e-01
2.070000e-01  2.142895e-01
2.100000e-01  2.130841e-01
2.130000e-01  2.118980e-01
2.160000e-01  2.107305e-01
2.190000e-01  2.095811e-01
2.220000e-01  2.084491e-01
2.250000e-01  2.073342e-01
2.280000e-01  2.062358e-01
2.310000e-01  2.051534e-01
2.340000e-01  2.040865e-01
2.370000e-01  2.030347e-01
2.400000e-01  2.019976e-01
2.430000e-01  2.009747e-01
2.460000e-01  1.999658e-01
2.490000e-01  1.989703e-01
2.520000e-01  1.979880e-01
2.550000e-01  1.970184e-01
2.580000e-01  1.960613e-01
2.610000e-01  1.951163e-01
2.640000e-01  1.941832e-01
2.670000e-01  1.932615e-01
2.700000e-01  1.923510e-01
2.730000e-01  1.914515e-01
2.760000e-01  1.905627e-01
2.790000e-01  1.896843e-01
2.820000e-01  1.888160e-01
2.850000e-01  1.879576e-01
2.880000e-01  1.871089e-01
2.910000e-01  1.862697e-01
2.940000e-01  1.854396e-01
2.970000e-01  1.846186e-01
3.000000e-01  1.838064e-01
3.030000e-01  1.830028e-01
3.060000e-01  1.822076e-01
3.090000e-01  1.814206e-01
3.120000e-01  1.806417e-01
3.150000e-01  1.798706e-01
3.180000e-01  1.791072e-01
3.210000e-01  1.783514e-01
3.240000e-01  1.776029e-01
3.270000e-01  1.768616e-01
3.300000e-01  1.761274e-01
3.330000e-01  1.754000e-01
3.360000e-01  1.746795e-01
3.390000e-01  1.739656e-01
3.420000e-01  1.732581e-01
3.450000e-01  1.725570e-01
3.480000e-01  1.718622e-01
3.510000e-01  1.711734e-01
3.540000e-01  1.704906e-01
3.570000e-01  1.698137e-01
3.600000e-01  1.691426e-01
3.630000e-01  1.684770e-01
3.660000e-01  1.678170e-01
3.690000e-01  1.671624e-01
3.720000e-01  1.665131e-01
3.750000e-01  1.658691e-01
3.780000e-01  1.652301e-01
3.810000e-01  1.645961e-01
3.840000e-01  1.639671e-01
3.870000e-01  1.633429e-01
3.900000e-01  1.627235e-01
3.930000e-01  1.621087e-01
3.960000e-01  1.614984e-01
3.990000e-01  1.608927e-01
4.020000e-01  1.602913e-01
4.050000e-01  1.596943e-01
4.080000e-01  1.591015e-01
4.110000e-01  1.585129e-01
4.140000e-01  1.579284e-01
4.170000e-01  1.573479e-01
4.200000e-01  1.567713e-01
4.230000e-01  1.561986e-01
4.260000e-01  1.556297e-01
4.290000e-01  1.550646e-01
4.320000e-01  1.545031e-01
4.350000e-01  1.539453e-01
4.380000e-01  1.533910e-01
4.410000e-01  1.528401e-01
4.440000e-01  1.522927e-01
4.470000e-01  1.517487e-01
4.500000e-01  1.512080e-01
4.530000e-01  1.506705e-01
4.560000e-01  1.501363e-01
4.590000e-01  1.496051e-01
4.620000e-01  1.490771e-01
4.650000e-01  1.485521e-01
4.680000e-01  1.480300e-01
4.710000e-01  1.475109e-01
4.740000e-01  1.469947e-01
4.770000e-01  1.464813e-01
4.800000e-01  1.459707e-01
4.830000e-01  1.454628e-01
4.860000e-01  1.449577e-01
4.890000e-01  1.444551e-01
4.920000e-01  1.439552e-01
4.950000e-01  1.434578e-01
4.980000e-01  1.429629e-01
5.010000e-01  1.424705e-01
5.040000e-01  1.419805e-01
5.070000e-01  1.414928e-01
5.100000e-01  1.410076e-01
5.130000e-01  1.405246e-01
5.160000e-01  1.400439e-01
5.190000e-01  1.395654e-01
5.220000e-01  1.390891e-01
5.250000e-01  1.386149e-01
5.280000e-01  1.381428e-01
5.310000e-01  1.376728e-01
5.340000e-01  1.372049e-01
5.370000e-01  1.367389e-01
5.400000e-01  1.362749e-01
5.430000e-01  1.358128e-01
5.460000e-01  1.353526e-01
5.490000e-01  1.348942e-01
5.520000e-01  1.344377e-01
5.550000e-01  1.339830e-01
5.580000e-01  1.335300e-01
5.610000e-01  1.330787e-01
5.640000e-01  1.326291e-01
5.670000e-01  1.321812e-01
5.700000e-01  1.317349e-01
5.730000e-01  1.312902e-01
5.760000e-01  1.308471e-01
5.790000e-01  1.304054e-01
5.820000e-01  1.299653e-01
5.850000e-01  1.295267e-01
5.880000e-01  1.290894e-01
5.910000e-01  1.286536e-01
5.940000e-01  1.282192e-01
5.970000e-01  1.277861e-01
6.000000e-01  1.273543e-01
6.030000e-01  1.269238e-01
6.060000e-01  1.264946e-01
6.090000e-01  1.260666e-01
6.120000e-01  1.256398e-01
6.150000e-01  1.252141e-01
6.180000e-01  1.247896e-01
6.210000e-01  1.243663e-01
6.240000e-01  1.239440e-01
6.270000e-01  1.235227e-01
6.300000e-01  1.231025e-01
6.330000e-01  1.226833e-01
6.360000e-01  1.222651e-01
6.390000e-01  1.218478e-01
6.420000e-01  1.214314e-01
6.450000e-01  1.210159e-01
6.480000e-01  1.206013e-01
6.510000e-01  1.201874e-01
6.540000e-01  1.197744e-01
6.570000e-01  1.193622e-01
6.600000e-01  1.189507e-01
6.630000e-01  1.185399e-01
6.660000e-01  1.181298e-01
6.690000e-01  1.177204e-01
6.720000e-01  1.173116e-01
6.750000e-01  1.169034e-01
6.780000e-01  1.164958e-01
6.810000e-01  1.160887e-01
6.840000e-01  1.156821e-01
6.870000e-01  1.152760e-01
6.900000e-01  1.148703e-01
6.930000e-01  1.144651e-01
6.960000e-01  1.140603e-01
6.990000e-01  1.136558e-01
7.020000e-01  1.132516e-01
7.050000e-01  1.128477e-01
7.080000e-01  1.124441e-01
7.110000e-01  1.120408e-01
7.140000e-01  1.116376e-01
7.170000e-01  1.112346e-01
7.200000e-01  1.108317e-01
7.230000e-01  1.104289e-01
7.260000e-01  1.100262e-01
7.290000e-01  000000
7.320000e-01  000000
7.350000e-01  000000
7.380000e-01  000000
7.410000e-01  000000
7.440000e-01  000000
7.470000e-01  000000
7.500000e-01  000000
7.530000e-01  000000
7.560000e-01  000000
7.590000e-01  000000
7.620000e-01  000000
7.650000e-01  000000
7.680000e-01  000000
7.710000e-01  000000
7.740000e-01  000000
7.770000e-01  000000
7.800000e-01  000000
7.830000e-01  000000
7.860000e-01  000000
7.890000e-01  000000
7.920000e-01  000000
7.950000e-01  000000
7.980000e-01  000000
8.010000e-01  000000
8.040000e-01  000000
8.070000e-01  000000
8.100000e-01  000000
8.130000e-01  000000
8.160000e-01  000000
8.190000e-01  000000
8.220000e-01  000000
8.250000e-01  000000
8.280000e-01  000000
8.310000e-01  000000
8.340000e-01  000000
8.370000e-01  000000
8.400000e-01  000000
8.430000e-01  000000
8.460000e-01  000000
8.490000e-01  000000
8.520000e-01  000000
8.550000e-01  000000
8.580000e-01  000000
8.610000e-01  000000
8.640000e-01  000000
8.670000e-01  000000
8.700000e-01  000000
8.730000e-01  000000
8.760000e-01  000000
8.790000e-01  000000
8.820000e-01  000000
8.850000e-01  000000
8.880000e-01  000000
8.910000e-01  000000
8.940000e-01  000000
8.970000e-01  000000
9.000000e-01  000000
9.030000e-01  000000
9.060000e-01  000000
9.090000e-01  000000
9.120000e-01  000000
9.150000e-01  000000
9.180000e-01  000000
9.210000e-01  000000
9.240000e-01  000000
9.270000e-01  000000
9.300000e-01  000000
9.330000e-01  000000
9.360000e-01  000000
9.390000e-01  000000
9.420000e-01  000000
9.450000e-01  000000
9.480000e-01  000000
9.510000e-01  000000
9.540000e-01  000000
9.570000e-01  000000
9.600000e-01  000000
9.630000e-01  000000
9.660000e-01  000000
9.690000e-01  000000
9.720000e-01  000000
9.750000e-01  000000
9.780000e-01  000000
9.810000e-01  000000
9.840000e-01  000000
9.870000e-01  000000
9.900000e-01  000000
9.930000e-01  000000
9.960000e-01  000000
9.990000e-01  000000
