000000  000001
3.000000e-03  8.314813e-01
6.000000e-03  7.511241e-01
9.000000e-03  6.988163e-01
1.200000e-02  6.604106e-01
1.500000e-02  6.302829e-01
1.800000e-02  6.056284e-01
2.100000e-02  5.848490e-01
2.400000e-02  5.669500e-01
2.700000e-02  5.512711e-01
3.000000e-02  5.373525e-01
3.300000e-02  5.248615e-01
3.600000e-02  5.135501e-01
3.900000e-02  5.032286e-01
4.200000e-02  4.937485e-01
4.500000e-02  4.849921e-01
4.800000e-02  4.768640e-01
5.100000e-02  4.692861e-01
5.400000e-02  4.621939e-01
5.700000e-02  4.555332e-01
6.000000e-02  4.492581e-01
6.300000e-02  4.433297e-01
6.600000e-02  4.377144e-01
6.900000e-02  4.323831e-01
7.200000e-02  4.273107e-01
7.500000e-02  4.224750e-01
7.800000e-02  4.178564e-01
8.100000e-02  4.134379e-01
8.400000e-02  4.092041e-01
8.700000e-02  4.051412e-01
9.000000e-02  4.012372e-01
9.300000e-02  3.974809e-01
9.600000e-02  3.938624e-01
9.900000e-02  3.903728e-01
1.020000e-01  3.870038e-01
1.050000e-01  3.837481e-01
1.080000e-01  3.805988e-01
1.110000e-01  3.775498e-01
1.140000e-01  3.745953e-01
1.170000e-01  3.717301e-01
1.200000e-01  3.689494e-01
1.230000e-01  3.662486e-01
1.260000e-01  3.636238e-01
1.290000e-01  3.610710e-01
1.320000e-01  3.585867e-01
1.350000e-01  3.561677e-01
1.380000e-01  3.538107e-01
1.410000e-01  3.515131e-01
1.440000e-01  3.492720e-01
1.470000e-01  3.470850e-01
1.500000e-01  3.449497e-01
1.530000e-01  3.428639e-01
1.560000e-01  3.408255e-01
1.590000e-01  3.388327e-01
1.620000e-01  3.368835e-01
1.650000e-01  3.349762e-01
1.680000e-01  3.331093e-01
1.710000e-01  3.312811e-01
1.740000e-01  3.294902e-01
1.770000e-01  3.277352e-01
1.800000e-01  3.260148e-01
1.830000e-01  3.243278e-01
1.860000e-01  3.226730e-01
1.890000e-01  3.210494e-01
1.920000e-01  3.194557e-01
1.950000e-01  3.178910e-01
1.980000e-01  3.163544e-01
2.010000e-01  3.148450e-01
2.040000e-01  3.133618e-01
2.070000e-01  3.119040e-01
2.100000e-01  3.104709e-01
2.130000e-01  3.090616e-01
2.160000e-01  3.076755e-01
2.190000e-01  3.063119e-01
2.220000e-01  3.049701e-01
2.250000e-01  3.036494e-01
2.280000e-01  3.023493e-01
2.310000e-01  3.010691e-01
2.340000e-01  2.998083e-01
2.370000e-01  2.985664e-01
2.400000e-01  2.973428e-01
2.430000e-01  2.961371e-01
2.460000e-01  2.949488e-01
2.490000e-01  2.937774e-01
2.520000e-01  2.926224e-01
2.550000e-01  2.914835e-01
2.580000e-01  2.903602e-01
2.610000e-01  2.892522e-01
2.640000e-01  2.881590e-01
2.670000e-01  2.870803e-01
2.700000e-01  2.860158e-01
2.730000e-01  2.849651e-01
2.760000e-01  2.839278e-01
2.790000e-01  2.829036e-01
2.820000e-01  2.818924e-01
2.850000e-01  2.808936e-01
2.880000e-01  2.799071e-01
2.910000e-01  2.789327e-01
2.940000e-01  2.779699e-01
2.970000e-01  2.770185e-01
3.000000e-01  2.760784e-01
3.030000e-01  2.751492e-01
3.060000e-01  2.742307e-01
3.090000e-01  2.733227e-01
3.120000e-01  2.724250e-01
3.150000e-01  2.715374e-01
3.180000e-01  2.706595e-01
3.210000e-01  2.697914e-01
3.240000e-01  2.689326e-01
3.270000e-01  2.680831e-01
3.300000e-01  2.672427e-01
3.330000e-01  2.664112e-01
3.360000e-01  2.655883e-01
3.390000e-01  2.647741e-01
3.420000e-01  2.639682e-01
3.450000e-01  2.631705e-01
3.480000e-01  2.623808e-01
3.510000e-01  2.615991e-01
3.540000e-01  2.608251e-01
3.570000e-01  2.600588e-01
3.600000e-01  2.592999e-01
3.630000e-01  2.585484e-01
3.660000e-01  2.578040e-01
3.690000e-01  2.570668e-01
3.720000e-01  2.563365e-01
3.750000e-01  2.556130e-01
3.780000e-01  2.548962e-01
3.810000e-01  2.541860e-01
3.840000e-01  2.534823e-01
3.870000e-01  2.527850e-01
3.900000e-01  2.520939e-01
3.930000e-01  2.514090e-01
3.960000e-01  2.507301e-01
3.990000e-01  2.500572e-01
4.020000e-01  2.493901e-01
4.050000e-01  2.487288e-01
4.080000e-01  2.480731e-01
4.110000e-01  2.474230e-01
4.140000e-01  2.467784e-01
4.170000e-01  2.461392e-01
4.200000e-01  2.455053e-01
4.230000e-01  2.448766e-01
4.260000e-01  2.442530e-01
4.290000e-01  2.436346e-01
4.320000e-01  2.430211e-01
4.350000e-01  2.424125e-01
4.380000e-01  2.418087e-01
4.410000e-01  2.412097e-01
4.440000e-01  2.406154e-01
4.470000e-01  2.400257e-01
4.500000e-01  2.394406e-01
4.530000e-01  2.388600e-01
4.560000e-01  2.382837e-01
4.590000e-01  2.377118e-01
4.620000e-01  2.371443e-01
4.650000e-01  2.365809e-01
4.680000e-01  2.360218e-01
4.710000e-01  2.354667e-01
4.740000e-01  2.349157e-01
4.770000e-01  2.343687e-01
4.800000e-01  2.338256e-01
4.830000e-01  2.332864e-01
4.860000e-01  2.327511e-01
4.890000e-01  2.322195e-01
4.920000e-01  2.316917e-01
4.950000e-01  2.311676e-01
4.980000e-01  2.306470e-01
5.010000e-01  2.301301e-01
5.040000e-01  2.296167e-01
5.070000e-01  2.291068e-01
5.100000e-01  2.286003e-01
5.130000e-01  2.280973e-01
5.160000e-01  2.275976e-01
5.190000e-01  2.271012e-01
5.220000e-01  2.266080e-01
5.250000e-01  2.261182e-01
5.280000e-01  2.256314e-01
5.310000e-01  2.251479e-01
5.340000e-01  2.246674e-01
5.370000e-01  2.241900e-01
5.400000e-01  2.237157e-01
5.430000e-01  2.232443e-01
5.460000e-01  2.227759e-01
5.490000e-01  2.223104e-01
5.520000e-01  2.218479e-01
5.550000e-01  2.213881e-01
5.580000e-01  2.209312e-01
5.610000e-01  2.204770e-01
5.640000e-01  2.200256e-01
5.670000e-01  2.195770e-01
5.700000e-01  2.191310e-01
5.730000e-01  2.186876e-01
5.760000e-01  2.182469e-01
5.790000e-01  2.178088e-01
5.820000e-01  2.173733e-01
5.850000e-01  2.169402e-01
5.880000e-01  2.165097e-01
5.910000e-01  2.160817e-01
5.940000e-01  2.156561e-01
5.970000e-01  2.152329e-01
6.000000e-01  2.148122e-01
6.030000e-01  2.143938e-01
6.060000e-01  2.139777e-01
6.090000e-01  2.135640e-01
6.120000e-01  2.131525e-01
6.150000e-01  2.127433e-01
6.180000e-01  2.123364e-01
6.210000e-01  2.119316e-01
6.240000e-01  2.115291e-01
6.270000e-01  2.111287e-01
6.300000e-01  2.107305e-01
6.330000e-01  2.103344e-01
6.360000e-01  2.099404e-01
6.390000e-01  2.095485e-01
6.420000e-01  2.091586e-01
6.450000e-01  2.087708e-01
6.480000e-01  2.083850e-01
6.510000e-01  2.080012e-01
6.540000e-01  2.076193e-01
6.570000e-01  2.072394e-01
6.600000e-01  2.068615e-01
6.630000e-01  2.064854e-01
6.660000e-01  2.061113e-01
6.690000e-01  2.057390e-01
6.720000e-01  2.053686e-01
6.750000e-01  2.050000e-01
6.780000e-01  2.046332e-01
6.810000e-01  2.042683e-01
6.840000e-01  2.039051e-01
6.870000e-01  2.035437e-01
6.900000e-01  2.031840e-01
6.930000e-01  2.028261e-01
6.960000e-01  2.024699e-01
6.990000e-01  2.021154e-01
7.020000e-01  2.017626e-01
7.050000e-01  2.014114e-01
7.080000e-01  2.010619e-01
7.110000e-01  2.007140e-01
7.140000e-01  2.003677e-01
7.170000e-01  2.000231e-01
7.200000e-01  1.996800e-01
7.230000e-01  1.993385e-01
7.260000e-01  1.989986e-01
7.290000e-01  1.986602e-01
7.320000e-01  1.983233e-01
7.350000e-01  1.979880e-01
7.380000e-01  1.976541e-01
7.410000e-01  1.973218e-01
7.440000e-01  1.969909e-01
7.470000e-01  1.966615e-01
7.500000e-01  1.963335e-01
7.530000e-01  1.960070e-01
7.560000e-01  1.956819e-01
7.590000e-01  1.953582e-01
7.620000e-01  1.950359e-01
7.650000e-01  1.947150e-01
7.680000e-01  1.943954e-01
7.710000e-01  1.940772e-01
7.740000e-01  1.937604e-01
7.770000e-01  1.934449e-01
7.800000e-01  1.931308e-01
7.830000e-01  1.928179e-01
7.860000e-01  1.925063e-01
7.890000e-01  1.921961e-01
7.920000e-01  1.918871e-01
7.950000e-01  1.915794e-01
7.980000e-01  1.912729e-01
8.010000e-01  1.909677e-01
8.040000e-01  1.906637e-01
8.070000e-01  1.903610e-01
8.100000e-01  1.900595e-01
8.130000e-01  1.897592e-01
8.160000e-01  1.894600e-01
8.190000e-01  1.891621e-01
8.220000e-01  1.888653e-01
8.250000e-01  1.885697e-01
8.280000e-01  1.882753e-01
8.310000e-01  1.879820e-01
8.340000e-01  1.876898e-01
8.370000e-01  1.873988e-01
8.400000e-01  1.871089e-01
8.430000e-01  1.868201e-01
8.460000e-01  1.865324e-01
8.490000e-01  1.862458e-01
8.520000e-01  1.859603e-01
8.550000e-01  1.856758e-01
8.580000e-01  1.853925e-01
8.610000e-01  1.851101e-01
8.640000e-01  1.848289e-01
8.670000e-01  1.845486e-01
8.700000e-01  1.842694e-01
8.730000e-01  1.839913e-01
8.760000e-01  1.837141e-01
8.790000e-01  1.834380e-01
8.820000e-01  1.831628e-01
8.850000e-01  1.828887e-01
8.880000e-01  1.826155e-01
8.910000e-01  1.823433e-01
8.940000e-01  1.820721e-01
8.970000e-01  1.818018e-01
9.000000e-01  1.815325e-01
9.030000e-01  1.812642e-01
9.060000e-01  1.809968e-01
9.090000e-01  1.807303e-01
9.120000e-01  1.804647e-01
9.150000e-01  1.802001e-01
9.180000e-01  1.799364e-01
9.210000e-01  1.796736e-01
9.240000e-01  1.794117e-01
9.270000e-01  1.791506e-01
9.300000e-01  1.788905e-01
9.330000e-01  1.786313e-01
9.360000e-01  1.783729e-01
9.390000e-01  1.781153e-01
9.420000e-01  1.778587e-01
9.450000e-01  1.776029e-01
9.480000e-01  1.773479e-01
9.510000e-01  1.770938e-01
9.540000e-01  1.768405e-01
9.570000e-01  1.765881e-01
9.600000e-01  1.763364e-01
9.630000e-01  1.760856e-01
9.660000e-01  1.758356e-01
9.690000e-01  1.755864e-01
9.720000e-01  1.753380e-01
9.750000e-01  1.750904e-01
9.780000e-01  1.748436e-01
9.810000e-01  1.745976e-01
9.840000e-01  1.743523e-01
9.870000e-01  1.741078e-01
9.900000e-01  1.738641e-01
9.930000e-01  1.736212e-01
9.960000e-01  1.733789e-01
9.990000e-01  1.731375e-01
