000000  000001
3.000000e-03  7.870065e-01
6.000000e-03  6.997562e-01
9.000000e-03  6.454880e-01
1.200000e-02  6.065898e-01
1.500000e-02  5.765408e-01
1.800000e-02  5.522151e-01
2.100000e-02  5.318787e-01
2.400000e-02  5.144719e-01
2.700000e-02  4.993021e-01
3.000000e-02  4.858922e-01
3.300000e-02  4.739006e-01
3.600000e-02  4.630743e-01
3.900000e-02  4.532211e-01
4.200000e-02  4.441921e-01
4.500000e-02  4.358689e-01
4.800000e-02  4.281568e-01
5.100000e-02  4.209782e-01
5.400000e-02  4.142693e-01
5.700000e-02  4.079766e-01
6.000000e-02  4.020551e-01
6.300000e-02  3.964666e-01
6.600000e-02  3.911784e-01
6.900000e-02  3.861621e-01
7.200000e-02  3.813931e-01
7.500000e-02  3.768500e-01
7.800000e-02  3.725139e-01
8.100000e-02  3.683682e-01
8.400000e-02  3.643979e-01
8.700000e-02  3.605901e-01
9.000000e-02  3.569328e-01
9.300000e-02  3.534155e-01
9.600000e-02  3.500287e-01
9.900000e-02  3.467637e-01
1.020000e-01  3.436127e-01
1.050000e-01  3.405686e-01
1.080000e-01  3.376249e-01
1.110000e-01  3.347757e-01
1.140000e-01  3.320155e-01
1.170000e-01  3.293394e-01
1.200000e-01  3.267427e-01
1.230000e-01  3.242213e-01
1.260000e-01  3.217711e-01
1.290000e-01  3.193885e-01
1.320000e-01  3.170702e-01
1.350000e-01  3.148131e-01
1.380000e-01  3.126142e-01
1.410000e-01  3.104709e-01
1.440000e-01  3.083805e-01
1.470000e-01  3.063407e-01
1.500000e-01  3.043493e-01
1.530000e-01  3.024042e-01
1.560000e-01  3.005034e-01
1.590000e-01  2.986451e-01
1.620000e-01  2.968276e-01
1.650000e-01  2.950493e-01
1.680000e-01  2.933085e-01
1.710000e-01  2.916039e-01
1.740000e-01  2.899341e-01
1.770000e-01  2.882977e-01
1.800000e-01  2.866937e-01
1.830000e-01  2.851207e-01
1.860000e-01  2.835777e-01
1.890000e-01  2.820636e-01
1.920000e-01  2.805775e-01
1.950000e-01  2.791183e-01
1.980000e-01  2.776853e-01
2.010000e-01  2.762775e-01
2.040000e-01  2.748941e-01
2.070000e-01  2.735343e-01
2.100000e-01  2.721974e-01
2.130000e-01  2.708827e-01
2.160000e-01  2.695895e-01
2.190000e-01  2.683172e-01
2.220000e-01  2.670651e-01
2.250000e-01  2.658326e-01
2.280000e-01  2.646191e-01
2.310000e-01  2.634242e-01
2.340000e-01  2.622472e-01
2.370000e-01  2.610878e-01
2.400000e-01  2.599453e-01
2.430000e-01  2.588194e-01
2.460000e-01  2.577095e-01
2.490000e-01  2.566154e-01
2.520000e-01  2.555364e-01
2.550000e-01  2.544724e-01
2.580000e-01  2.534227e-01
2.610000e-01  2.523872e-01
2.640000e-01  2.513655e-01
2.670000e-01  2.503571e-01
2.700000e-01  2.493619e-01
2.730000e-01  2.483793e-01
2.760000e-01  2.474093e-01
2.790000e-01  2.464513e-01
2.820000e-01  2.455053e-01
2.850000e-01  2.445708e-01
2.880000e-01  2.436477e-01
2.910000e-01  2.427356e-01
2.940000e-01  2.418343e-01
2.970000e-01  2.409436e-01
3.000000e-01  2.400632e-01
3.030000e-01  2.391930e-01
3.060000e-01  2.383326e-01
3.090000e-01  2.374819e-01
3.120000e-01  2.366407e-01
3.150000e-01  2.358087e-01
3.180000e-01  2.349858e-01
3.210000e-01  2.341718e-01
3.240000e-01  2.333665e-01
3.270000e-01  2.325697e-01
3.300000e-01  2.317813e-01
3.330000e-01  2.310010e-01
3.360000e-01  2.302288e-01
3.390000e-01  2.294645e-01
3.420000e-01  2.287078e-01
3.450000e-01  2.279587e-01
3.480000e-01  2.272171e-01
3.510000e-01  2.264827e-01
3.540000e-01  2.257554e-01
3.570000e-01  2.250352e-01
3.600000e-01  2.243218e-01
3.630000e-01  2.236151e-01
3.660000e-01  2.229151e-01
3.690000e-01  2.222216e-01
3.720000e-01  2.215345e-01
3.750000e-01  2.208537e-01
3.780000e-01  2.201790e-01
3.810000e-01  2.195104e-01
3.840000e-01  2.188477e-01
3.870000e-01  2.181908e-01
3.900000e-01  2.175398e-01
3.930000e-01  2.168943e-01
3.960000e-01  2.162544e-01
3.990000e-01  2.156200e-01
4.020000e-01  2.149909e-01
4.050000e-01  2.143671e-01
4.080000e-01  2.137485e-01
4.110000e-01  2.131350e-01
4.140000e-01  2.125266e-01
4.170000e-01  2.119230e-01
4.200000e-01  2.113244e-01
4.230000e-01  2.107305e-01
4.260000e-01  2.101413e-01
4.290000e-01  2.095568e-01
4.320000e-01  2.089768e-01
4.350000e-01  2.084013e-01
4.380000e-01  2.078303e-01
4.410000e-01  2.072636e-01
4.440000e-01  2.067012e-01
4.470000e-01  2.061430e-01
4.500000e-01  2.055890e-01
4.530000e-01  2.050391e-01
4.560000e-01  2.044932e-01
4.590000e-01  2.039514e-01
4.620000e-01  2.034134e-01
4.650000e-01  2.028793e-01
4.680000e-01  2.023490e-01
4.710000e-01  2.018225e-01
4.740000e-01  2.012996e-01
4.770000e-01  2.007805e-01
4.800000e-01  2.002649e-01
4.830000e-01  1.997529e-01
4.860000e-01  1.992443e-01
4.890000e-01  1.987392e-01
4.920000e-01  1.982376e-01
4.950000e-01  1.977392e-01
4.980000e-01  1.972442e-01
5.010000e-01  1.967525e-01
5.040000e-01  1.962639e-01
5.070000e-01  1.957786e-01
5.100000e-01  1.952964e-01
5.130000e-01  1.948172e-01
5.160000e-01  1.943412e-01
5.190000e-01  1.938681e-01
5.220000e-01  1.933980e-01
5.250000e-01  1.929309e-01
5.280000e-01  1.924667e-01
5.310000e-01  1.920053e-01
5.340000e-01  1.915467e-01
5.370000e-01  1.910909e-01
5.400000e-01  1.906379e-01
5.430000e-01  1.901876e-01
5.460000e-01  1.897400e-01
5.490000e-01  1.892951e-01
5.520000e-01  1.888527e-01
5.550000e-01  1.884130e-01
5.580000e-01  1.879758e-01
5.610000e-01  1.875411e-01
5.640000e-01  1.871089e-01
5.670000e-01  1.866792e-01
5.700000e-01  1.862519e-01
5.730000e-01  1.858270e-01
5.760000e-01  1.854045e-01
5.790000e-01  1.849843e-01
5.820000e-01  1.845665e-01
5.850000e-01  1.841510e-01
5.880000e-01  1.837377e-01
5.910000e-01  1.833266e-01
5.940000e-01  1.829178e-01
5.970000e-01  1.825111e-01
6.000000e-01  1.821067e-01
6.030000e-01  1.817043e-01
6.060000e-01  1.813041e-01
6.090000e-01  1.809059e-01
6.120000e-01  1.805099e-01
6.150000e-01  1.801158e-01
6.180000e-01  1.797238e-01
6.210000e-01  1.793338e-01
6.240000e-01  1.789458e-01
6.270000e-01  1.785597e-01
6.300000e-01  1.781755e-01
6.330000e-01  1.777933e-01
6.360000e-01  1.774129e-01
6.390000e-01  1.770345e-01
6.420000e-01  1.766578e-01
6.450000e-01  1.762830e-01
6.480000e-01  1.759100e-01
6.510000e-01  1.755388e-01
6.540000e-01  1.751694e-01
6.570000e-01  1.748017e-01
6.600000e-01  1.744357e-01
6.630000e-01  1.740715e-01
6.660000e-01  1.737089e-01
6.690000e-01  1.733481e-01
6.720000e-01  1.729889e-01
6.750000e-01  1.726313e-01
6.780000e-01  1.722754e-01
6.810000e-01  1.719211e-01
6.840000e-01  1.715684e-01
6.870000e-01  1.712172e-01
6.900000e-01  1.708676e-01
6.930000e-01  1.705196e-01
6.960000e-01  1.701731e-01
6.990000e-01  1.698281e-01
7.020000e-01  1.694846e-01
7.050000e-01  1.691426e-01
7.080000e-01  1.688020e-01
7.110000e-01  1.684629e-01
7.140000e-01  1.681253e-01
7.170000e-01  1.677890e-01
7.200000e-01  1.674542e-01
7.230000e-01  1.671208e-01
7.260000e-01  1.667888e-01
7.290000e-01  1.664581e-01
7.320000e-01  1.661288e-01
7.350000e-01  1.658008e-01
7.380000e-01  1.654742e-01
7.410000e-01  1.651489e-01
7.440000e-01  1.648249e-01
7.470000e-01  1.645021e-01
7.500000e-01  1.641807e-01
7.530000e-01  1.638606e-01
7.560000e-01  1.635416e-01
7.590000e-01  1.632240e-01
7.620000e-01  1.629075e-01
7.650000e-01  1.625923e-01
7.680000e-01  1.622783e-01
7.710000e-01  1.619655e-01
7.740000e-01  1.616538e-01
7.770000e-01  1.613434e-01
7.800000e-01  1.610341e-01
7.830000e-01  1.607259e-01
7.860000e-01  1.604189e-01
7.890000e-01  1.601131e-01
7.920000e-01  1.598083e-01
7.950000e-01  1.595047e-01
7.980000e-01  1.592021e-01
8.010000e-01  1.589007e-01
8.040000e-01  1.586003e-01
8.070000e-01  1.583010e-01
8.100000e-01  1.580028e-01
8.130000e-01  1.577056e-01
8.160000e-01  1.574094e-01
8.190000e-01  1.571143e-01
8.220000e-01  1.568202e-01
8.250000e-01  1.565271e-01
8.280000e-01  1.562351e-01
8.310000e-01  1.559440e-01
8.340000e-01  1.556539e-01
8.370000e-01  1.553647e-01
8.400000e-01  1.550766e-01
8.430000e-01  1.547894e-01
8.460000e-01  1.545031e-01
8.490000e-01  1.542178e-01
8.520000e-01  1.539334e-01
8.550000e-01  1.536500e-01
8.580000e-01  1.533675e-01
8.610000e-01  1.530858e-01
8.640000e-01  1.528051e-01
8.670000e-01  1.525253e-01
8.700000e-01  1.522463e-01
8.730000e-01  1.519683e-01
8.760000e-01  1.516910e-01
8.790000e-01  1.514147e-01
8.820000e-01  1.511392e-01
8.850000e-01  1.508646e-01
8.880000e-01  1.505908e-01
8.910000e-01  1.503178e-01
8.940000e-01  1.500456e-01
8.970000e-01  1.497743e-01
9.000000e-01  1.495038e-01
9.030000e-01  1.492341e-01
9.060000e-01  1.489651e-01
9.090000e-01  1.486970e-01
9.120000e-01  1.484296e-01
9.150000e-01  1.481630e-01
9.180000e-01  1.478972e-01
9.210000e-01  1.476322e-01
9.240000e-01  1.473679e-01
9.270000e-01  1.471043e-01
9.300000e-01  1.468415e-01
9.330000e-01  1.465794e-01
9.360000e-01  1.463181e-01
9.390000e-01  1.460574e-01
9.420000e-01  1.457975e-01
9.450000e-01  1.455383e-01
9.480000e-01  1.452798e-01
9.510000e-01  1.450220e-01
9.540000e-01  1.447649e-01
9.570000e-01  1.445084e-01
9.600000e-01  1.442527e-01
9.630000e-01  1.439976e-01
9.660000e-01  1.437432e-01
9.690000e-01  1.434894e-01
9.720000e-01  1.432363e-01
9.750000e-01  1.429839e-01
9.780000e-01  1.427321e-01
9.810000e-01  1.424809e-01
9.840000e-01  1.422304e-01
9.870000e-01  1.419805e-01
9.900000e-01  1.417312e-01
9.930000e-01  1.414825e-01
9.960000e-01  1.412344e-01
9.990000e-01  1.409870e-01
