000000  000001
3.000000e-03  8.148859e-01
6.000000e-03  7.315717e-01
9.000000e-03  6.783254e-01
1.200000e-02  6.396125e-01
1.500000e-02  6.094347e-01
1.800000e-02  5.848490e-01
2.100000e-02  5.641970e-01
2.400000e-02  5.464545e-01
2.700000e-02  5.309456e-01
3.000000e-02  5.172022e-01
3.300000e-02  5.048868e-01
3.600000e-02  4.937485e-01
3.900000e-02  4.835961e-01
4.200000e-02  4.742803e-01
4.500000e-02  4.656829e-01
4.800000e-02  4.577085e-01
5.100000e-02  4.502789e-01
5.400000e-02  4.433297e-01
5.700000e-02  4.368068e-01
6.000000e-02  4.306647e-01
6.300000e-02  4.248645e-01
6.600000e-02  4.193729e-01
6.900000e-02  4.141611e-01
7.200000e-02  4.092041e-01
7.500000e-02  4.044798e-01
7.800000e-02  3.999692e-01
8.100000e-02  3.956550e-01
8.400000e-02  3.915222e-01
8.700000e-02  3.875573e-01
9.000000e-02  3.837481e-01
9.300000e-02  3.800839e-01
9.600000e-02  3.765547e-01
9.900000e-02  3.731518e-01
1.020000e-01  3.698672e-01
1.050000e-01  3.666934e-01
1.080000e-01  3.636238e-01
1.110000e-01  3.606523e-01
1.140000e-01  3.577733e-01
1.170000e-01  3.549816e-01
1.200000e-01  3.522726e-01
1.230000e-01  3.496417e-01
1.260000e-01  3.470850e-01
1.290000e-01  3.445986e-01
1.320000e-01  3.421792e-01
1.350000e-01  3.398235e-01
1.380000e-01  3.375285e-01
1.410000e-01  3.352913e-01
1.440000e-01  3.331093e-01
1.470000e-01  3.309800e-01
1.500000e-01  3.289012e-01
1.530000e-01  3.268707e-01
1.560000e-01  3.248865e-01
1.590000e-01  3.229467e-01
1.620000e-01  3.210494e-01
1.650000e-01  3.191929e-01
1.680000e-01  3.173757e-01
1.710000e-01  3.155963e-01
1.740000e-01  3.138533e-01
1.770000e-01  3.121452e-01
1.800000e-01  3.104709e-01
1.830000e-01  3.088290e-01
1.860000e-01  3.072185e-01
1.890000e-01  3.056383e-01
1.920000e-01  3.040873e-01
1.950000e-01  3.025645e-01
1.980000e-01  3.010691e-01
2.010000e-01  2.996000e-01
2.040000e-01  2.981565e-01
2.070000e-01  2.967378e-01
2.100000e-01  2.953430e-01
2.130000e-01  2.939715e-01
2.160000e-01  2.926224e-01
2.190000e-01  2.912952e-01
2.220000e-01  2.899892e-01
2.250000e-01  2.887038e-01
2.280000e-01  2.874383e-01
2.310000e-01  2.861922e-01
2.340000e-01  2.849651e-01
2.370000e-01  2.837562e-01
2.400000e-01  2.825651e-01
2.430000e-01  2.813914e-01
2.460000e-01  2.802346e-01
2.490000e-01  2.790942e-01
2.520000e-01  2.779699e-01
2.550000e-01  2.768611e-01
2.580000e-01  2.757674e-01
2.610000e-01  2.746886e-01
2.640000e-01  2.736243e-01
2.670000e-01  2.725739e-01
2.700000e-01  2.715374e-01
2.730000e-01  2.705142e-01
2.760000e-01  2.695041e-01
2.790000e-01  2.685067e-01
2.820000e-01  2.675219e-01
2.850000e-01  2.665492e-01
2.880000e-01  2.655883e-01
2.910000e-01  2.646392e-01
2.940000e-01  2.637013e-01
2.970000e-01  2.627747e-01
3.000000e-01  2.618588e-01
3.030000e-01  2.609536e-01
3.060000e-01  2.600588e-01
3.090000e-01  2.591742e-01
3.120000e-01  2.582995e-01
3.150000e-01  2.574345e-01
3.180000e-01  2.565791e-01
3.210000e-01  2.557331e-01
3.240000e-01  2.548962e-01
3.270000e-01  2.540683e-01
3.300000e-01  2.532492e-01
3.330000e-01  2.524387e-01
3.360000e-01  2.516366e-01
3.390000e-01  2.508429e-01
3.420000e-01  2.500572e-01
3.450000e-01  2.492795e-01
3.480000e-01  2.485096e-01
3.510000e-01  2.477474e-01
3.540000e-01  2.469927e-01
3.570000e-01  2.462454e-01
3.600000e-01  2.455053e-01
3.630000e-01  2.447723e-01
3.660000e-01  2.440463e-01
3.690000e-01  2.433272e-01
3.720000e-01  2.426148e-01
3.750000e-01  2.419090e-01
3.780000e-01  2.412097e-01
3.810000e-01  2.405168e-01
3.840000e-01  2.398302e-01
3.870000e-01  2.391497e-01
3.900000e-01  2.384753e-01
3.930000e-01  2.378069e-01
3.960000e-01  2.371443e-01
3.990000e-01  2.364874e-01
4.020000e-01  2.358363e-01
4.050000e-01  2.351907e-01
4.080000e-01  2.345506e-01
4.110000e-01  2.339159e-01
4.140000e-01  2.332864e-01
4.170000e-01  2.326622e-01
4.200000e-01  2.320432e-01
4.230000e-01  2.314292e-01
4.260000e-01  2.308201e-01
4.290000e-01  2.302160e-01
4.320000e-01  2.296167e-01
4.350000e-01  2.290222e-01
4.380000e-01  2.284323e-01
4.410000e-01  2.278470e-01
4.440000e-01  2.272663e-01
4.470000e-01  2.266900e-01
4.500000e-01  2.261182e-01
4.530000e-01  2.255506e-01
4.560000e-01  2.249874e-01
4.590000e-01  2.244284e-01
4.620000e-01  2.238735e-01
4.650000e-01  2.233227e-01
4.680000e-01  2.227759e-01
4.710000e-01  2.222331e-01
4.740000e-01  2.216943e-01
4.770000e-01  2.211593e-01
4.800000e-01  2.206281e-01
4.830000e-01  2.201007e-01
4.860000e-01  2.195770e-01
4.890000e-01  2.190569e-01
4.920000e-01  2.185404e-01
4.950000e-01  2.180275e-01
4.980000e-01  2.175182e-01
5.010000e-01  2.170122e-01
5.040000e-01  2.165097e-01
5.070000e-01  2.160106e-01
5.100000e-01  2.155148e-01
5.130000e-01  2.150223e-01
5.160000e-01  2.145330e-01
5.190000e-01  2.140469e-01
5.220000e-01  2.135640e-01
5.250000e-01  2.130841e-01
5.280000e-01  2.126074e-01
5.310000e-01  2.121337e-01
5.340000e-01  2.116630e-01
5.370000e-01  2.111953e-01
5.400000e-01  2.107305e-01
5.430000e-01  2.102686e-01
5.460000e-01  2.098095e-01
5.490000e-01  2.093533e-01
5.520000e-01  2.088998e-01
5.550000e-01  2.084491e-01
5.580000e-01  2.080012e-01
5.610000e-01  2.075559e-01
5.640000e-01  2.071132e-01
5.670000e-01  2.066732e-01
5.700000e-01  2.062358e-01
5.730000e-01  2.058009e-01
5.760000e-01  2.053686e-01
5.790000e-01  2.049388e-01
5.820000e-01  2.045114e-01
5.850000e-01  2.040865e-01
5.880000e-01  2.036640e-01
5.910000e-01  2.032439e-01
5.940000e-01  2.028261e-01
5.970000e-01  2.024107e-01
6.000000e-01  2.019976e-01
6.030000e-01  2.015868e-01
6.060000e-01  2.011782e-01
6.090000e-01  2.007719e-01
6.120000e-01  2.003677e-01
6.150000e-01  1.999658e-01
6.180000e-01  1.995660e-01
6.210000e-01  1.991683e-01
6.240000e-01  1.987728e-01
6.270000e-01  1.983794e-01
6.300000e-01  1.979880e-01
6.330000e-01  1.975986e-01
6.360000e-01  1.972113e-01
6.390000e-01  1.968260e-01
6.420000e-01  1.964427e-01
6.450000e-01  1.960613e-01
6.480000e-01  1.956819e-01
6.510000e-01  1.953044e-01
6.540000e-01  1.949288e-01
6.570000e-01  1.945550e-01
6.600000e-01  1.941832e-01
6.630000e-01  1.938131e-01
6.660000e-01  1.934449e-01
6.690000e-01  1.930785e-01
6.720000e-01  1.927139e-01
6.750000e-01  1.923510e-01
6.780000e-01  1.919899e-01
6.810000e-01  1.916306e-01
6.840000e-01  1.912729e-01
6.870000e-01  1.909170e-01
6.900000e-01  1.905627e-01
6.930000e-01  1.902101e-01
6.960000e-01  1.898591e-01
6.990000e-01  1.895098e-01
7.020000e-01  1.891621e-01
7.050000e-01  1.888160e-01
7.080000e-01  1.884715e-01
7.110000e-01  1.881285e-01
7.140000e-01  1.877871e-01
7.170000e-01  1.874472e-01
7.200000e-01  1.871089e-01
7.230000e-01  1.867721e-01
7.260000e-01  1.864368e-01
7.290000e-01  1.861029e-01
7.320000e-01  1.857705e-01
7.350000e-01  1.854396e-01
7.380000e-01  1.851101e-01
7.410000e-01  1.847821e-01
7.440000e-01  1.844555e-01
7.470000e-01  1.841302e-01
7.500000e-01  1.838064e-01
7.530000e-01  1.834839e-01
7.560000e-01  1.831628e-01
7.590000e-01  1.828431e-01
7.620000e-01  1.825247e-01
7.650000e-01  1.822076e-01
7.680000e-01  1.818918e-01
7.710000e-01  1.815774e-01
7.740000e-01  1.812642e-01
7.770000e-01  1.809523e-01
7.800000e-01  1.806417e-01
7.830000e-01  1.803323e-01
7.860000e-01  1.800242e-01
7.890000e-01  1.797173e-01
7.920000e-01  1.794117e-01
7.950000e-01  1.791072e-01
7.980000e-01  1.788040e-01
8.010000e-01  1.785019e-01
8.040000e-01  1.782011e-01
8.070000e-01  1.779014e-01
8.100000e-01  1.776029e-01
8.130000e-01  1.773055e-01
8.160000e-01  1.770093e-01
8.190000e-01  1.767142e-01
8.220000e-01  1.764202e-01
8.250000e-01  1.761274e-01
8.280000e-01  1.758356e-01
8.310000e-01  1.755450e-01
8.340000e-01  1.752554e-01
8.370000e-01  1.749669e-01
8.400000e-01  1.746795e-01
8.430000e-01  1.743931e-01
8.460000e-01  1.741078e-01
8.490000e-01  1.738236e-01
8.520000e-01  1.735403e-01
8.550000e-01  1.732581e-01
8.580000e-01  1.729769e-01
8.610000e-01  1.726967e-01
8.640000e-01  1.724176e-01
8.670000e-01  1.721394e-01
8.700000e-01  1.718622e-01
8.730000e-01  1.715859e-01
8.760000e-01  1.713107e-01
8.790000e-01  1.710364e-01
8.820000e-01  1.707630e-01
8.850000e-01  1.704906e-01
8.880000e-01  1.702192e-01
8.910000e-01  1.699487e-01
8.940000e-01  1.696790e-01
8.970000e-01  1.694103e-01
9.000000e-01  1.691426e-01
9.030000e-01  1.688757e-01
9.060000e-01  1.686097e-01
9.090000e-01  1.683446e-01
9.120000e-01  1.680804e-01
9.150000e-01  1.678170e-01
9.180000e-01  1.675545e-01
9.210000e-01  1.672929e-01
9.240000e-01  1.670321e-01
9.270000e-01  1.667722e-01
9.300000e-01  1.665131e-01
9.330000e-01  1.662549e-01
9.360000e-01  1.659974e-01
9.390000e-01  1.657409e-01
9.420000e-01  1.654851e-01
9.450000e-01  1.652301e-01
9.480000e-01  1.649759e-01
9.510000e-01  1.647225e-01
9.540000e-01  1.644700e-01
9.570000e-01  1.642182e-01
9.600000e-01  1.639671e-01
9.630000e-01  1.637169e-01
9.660000e-01  1.634674e-01
9.690000e-01  1.632187e-01
9.720000e-01  1.629707e-01
9.750000e-01  1.627235e-01
9.780000e-01  1.624770e-01
9.810000e-01  1.622313e-01
9.840000e-01  1.619863e-01
9.870000e-01  1.617420e-01
9.900000e-01  1.614984e-01
9.930000e-01  1.612556e-01
9.960000e-01  1.610135e-01
9.990000e-01  1.607721e-01
