000000  000001
3.000000e-03  8.071984e-01
6.000000e-03  7.226767e-01
9.000000e-03  6.690845e-01
1.200000e-02  6.302829e-01
1.500000e-02  6.001166e-01
1.800000e-02  5.755866e-01
2.100000e-02  5.550104e-01
2.400000e-02  5.373525e-01
2.700000e-02  5.219313e-01
3.000000e-02  5.082757e-01
3.300000e-02  4.960465e-01
3.600000e-02  4.849921e-01
3.900000e-02  4.749207e-01
4.200000e-02  4.656829e-01
4.500000e-02  4.571606e-01
4.800000e-02  4.492581e-01
5.100000e-02  4.418977e-01
5.400000e-02  4.350149e-01
5.700000e-02  4.285558e-01
6.000000e-02  4.224750e-01
6.300000e-02  4.167337e-01
6.600000e-02  4.112988e-01
6.900000e-02  4.061416e-01
7.200000e-02  4.012372e-01
7.500000e-02  3.965637e-01
7.800000e-02  3.921020e-01
8.100000e-02  3.878352e-01
8.400000e-02  3.837481e-01
8.700000e-02  3.798274e-01
9.000000e-02  3.760611e-01
9.300000e-02  3.724383e-01
9.600000e-02  3.689494e-01
9.900000e-02  3.655855e-01
1.020000e-01  3.623386e-01
1.050000e-01  3.592016e-01
1.080000e-01  3.561677e-01
1.110000e-01  3.532309e-01
1.140000e-01  3.503856e-01
1.170000e-01  3.476268e-01
1.200000e-01  3.449497e-01
1.230000e-01  3.423499e-01
1.260000e-01  3.398235e-01
1.290000e-01  3.373668e-01
1.320000e-01  3.349762e-01
1.350000e-01  3.326486e-01
1.380000e-01  3.303810e-01
1.410000e-01  3.281706e-01
1.440000e-01  3.260148e-01
1.470000e-01  3.239112e-01
1.500000e-01  3.218574e-01
1.530000e-01  3.198513e-01
1.560000e-01  3.178910e-01
1.590000e-01  3.159745e-01
1.620000e-01  3.141001e-01
1.650000e-01  3.122661e-01
1.680000e-01  3.104709e-01
1.710000e-01  3.087130e-01
1.740000e-01  3.069909e-01
1.770000e-01  3.053035e-01
1.800000e-01  3.036494e-01
1.830000e-01  3.020274e-01
1.860000e-01  3.004363e-01
1.890000e-01  2.988751e-01
1.920000e-01  2.973428e-01
1.950000e-01  2.958384e-01
1.980000e-01  2.943610e-01
2.010000e-01  2.929096e-01
2.040000e-01  2.914835e-01
2.070000e-01  2.900818e-01
2.100000e-01  2.887038e-01
2.130000e-01  2.873487e-01
2.160000e-01  2.860158e-01
2.190000e-01  2.847045e-01
2.220000e-01  2.834141e-01
2.250000e-01  2.821440e-01
2.280000e-01  2.808936e-01
2.310000e-01  2.796624e-01
2.340000e-01  2.784498e-01
2.370000e-01  2.772553e-01
2.400000e-01  2.760784e-01
2.430000e-01  2.749186e-01
2.460000e-01  2.737754e-01
2.490000e-01  2.726485e-01
2.520000e-01  2.715374e-01
2.550000e-01  2.704416e-01
2.580000e-01  2.693608e-01
2.610000e-01  2.682946e-01
2.640000e-01  2.672427e-01
2.670000e-01  2.662047e-01
2.700000e-01  2.651802e-01
2.730000e-01  2.641689e-01
2.760000e-01  2.631705e-01
2.790000e-01  2.621847e-01
2.820000e-01  2.612112e-01
2.850000e-01  2.602497e-01
2.880000e-01  2.592999e-01
2.910000e-01  2.583616e-01
2.940000e-01  2.574345e-01
2.970000e-01  2.565184e-01
3.000000e-01  2.556130e-01
3.030000e-01  2.547181e-01
3.060000e-01  2.538334e-01
3.090000e-01  2.529588e-01
3.120000e-01  2.520939e-01
3.150000e-01  2.512387e-01
3.180000e-01  2.503929e-01
3.210000e-01  2.495563e-01
3.240000e-01  2.487288e-01
3.270000e-01  2.479101e-01
3.300000e-01  2.471000e-01
3.330000e-01  2.462985e-01
3.360000e-01  2.455053e-01
3.390000e-01  2.447202e-01
3.420000e-01  2.439432e-01
3.450000e-01  2.431740e-01
3.480000e-01  2.424125e-01
3.510000e-01  2.416585e-01
3.540000e-01  2.409120e-01
3.570000e-01  2.401727e-01
3.600000e-01  2.394406e-01
3.630000e-01  2.387155e-01
3.660000e-01  2.379972e-01
3.690000e-01  2.372858e-01
3.720000e-01  2.365809e-01
3.750000e-01  2.358826e-01
3.780000e-01  2.351907e-01
3.810000e-01  2.345051e-01
3.840000e-01  2.338256e-01
3.870000e-01  2.331522e-01
3.900000e-01  2.324848e-01
3.930000e-01  2.318233e-01
3.960000e-01  2.311676e-01
3.990000e-01  2.305175e-01
4.020000e-01  2.298730e-01
4.050000e-01  2.292340e-01
4.080000e-01  2.286003e-01
4.110000e-01  2.279720e-01
4.140000e-01  2.273490e-01
4.170000e-01  2.267310e-01
4.200000e-01  2.261182e-01
4.230000e-01  2.255103e-01
4.260000e-01  2.249073e-01
4.290000e-01  2.243091e-01
4.320000e-01  2.237157e-01
4.350000e-01  2.231270e-01
4.380000e-01  2.225428e-01
4.410000e-01  2.219632e-01
4.440000e-01  2.213881e-01
4.470000e-01  2.208174e-01
4.500000e-01  2.202510e-01
4.530000e-01  2.196889e-01
4.560000e-01  2.191310e-01
4.590000e-01  2.185772e-01
4.620000e-01  2.180275e-01
4.650000e-01  2.174819e-01
4.680000e-01  2.169402e-01
4.710000e-01  2.164025e-01
4.740000e-01  2.158686e-01
4.770000e-01  2.153385e-01
4.800000e-01  2.148122e-01
4.830000e-01  2.142895e-01
4.860000e-01  2.137705e-01
4.890000e-01  2.132552e-01
4.920000e-01  2.127433e-01
4.950000e-01  2.122350e-01
4.980000e-01  2.117301e-01
5.010000e-01  2.112286e-01
5.040000e-01  2.107305e-01
5.070000e-01  2.102357e-01
5.100000e-01  2.097442e-01
5.130000e-01  2.092559e-01
5.160000e-01  2.087708e-01
5.190000e-01  2.082888e-01
5.220000e-01  2.078100e-01
5.250000e-01  2.073342e-01
5.280000e-01  2.068615e-01
5.310000e-01  2.063917e-01
5.340000e-01  2.059249e-01
5.370000e-01  2.054610e-01
5.400000e-01  2.050000e-01
5.430000e-01  2.045418e-01
5.460000e-01  2.040865e-01
5.490000e-01  2.036339e-01
5.520000e-01  2.031840e-01
5.550000e-01  2.027369e-01
5.580000e-01  2.022924e-01
5.610000e-01  2.018506e-01
5.640000e-01  2.014114e-01
5.670000e-01  2.009747e-01
5.700000e-01  2.005407e-01
5.730000e-01  2.001091e-01
5.760000e-01  1.996800e-01
5.790000e-01  1.992534e-01
5.820000e-01  1.988292e-01
5.850000e-01  1.984074e-01
5.880000e-01  1.979880e-01
5.910000e-01  1.975709e-01
5.940000e-01  1.971562e-01
5.970000e-01  1.967437e-01
6.000000e-01  1.963335e-01
6.030000e-01  1.959256e-01
6.060000e-01  1.955199e-01
6.090000e-01  1.951163e-01
6.120000e-01  1.947150e-01
6.150000e-01  1.943158e-01
6.180000e-01  1.939187e-01
6.210000e-01  1.935237e-01
6.240000e-01  1.931308e-01
6.270000e-01  1.927399e-01
6.300000e-01  1.923510e-01
6.330000e-01  1.919642e-01
6.360000e-01  1.915794e-01
6.390000e-01  1.911965e-01
6.420000e-01  1.908156e-01
6.450000e-01  1.904366e-01
6.480000e-01  1.900595e-01
6.510000e-01  1.896843e-01
6.540000e-01  1.893109e-01
6.570000e-01  1.889394e-01
6.600000e-01  1.885697e-01
6.630000e-01  1.882018e-01
6.660000e-01  1.878358e-01
6.690000e-01  1.874715e-01
6.720000e-01  1.871089e-01
6.750000e-01  1.867481e-01
6.780000e-01  1.863890e-01
6.810000e-01  1.860316e-01
6.840000e-01  1.856758e-01
6.870000e-01  1.853218e-01
6.900000e-01  1.849694e-01
6.930000e-01  1.846186e-01
6.960000e-01  1.842694e-01
6.990000e-01  1.839219e-01
7.020000e-01  1.835759e-01
7.050000e-01  1.832315e-01
7.080000e-01  1.828887e-01
7.110000e-01  1.825474e-01
7.140000e-01  1.822076e-01
7.170000e-01  1.818693e-01
7.200000e-01  1.815325e-01
7.230000e-01  1.811972e-01
7.260000e-01  1.808634e-01
7.290000e-01  1.805310e-01
7.320000e-01  1.802001e-01
7.350000e-01  1.798706e-01
7.380000e-01  1.795425e-01
7.410000e-01  1.792158e-01
7.440000e-01  1.788905e-01
7.470000e-01  1.785666e-01
7.500000e-01  1.782440e-01
7.530000e-01  1.779228e-01
7.560000e-01  1.776029e-01
7.590000e-01  1.772843e-01
7.620000e-01  1.769671e-01
7.650000e-01  1.766511e-01
7.680000e-01  1.763364e-01
7.710000e-01  1.760231e-01
7.740000e-01  1.757109e-01
7.770000e-01  1.754000e-01
7.800000e-01  1.750904e-01
7.830000e-01  1.747820e-01
7.860000e-01  1.744749e-01
7.890000e-01  1.741689e-01
7.920000e-01  1.738641e-01
7.950000e-01  1.735605e-01
7.980000e-01  1.732581e-01
8.010000e-01  1.729569e-01
8.040000e-01  1.726568e-01
8.070000e-01  1.723579e-01
8.100000e-01  1.720601e-01
8.130000e-01  1.717634e-01
8.160000e-01  1.714679e-01
8.190000e-01  1.711734e-01
8.220000e-01  1.708801e-01
8.250000e-01  1.705878e-01
8.280000e-01  1.702966e-01
8.310000e-01  1.700065e-01
8.340000e-01  1.697175e-01
8.370000e-01  1.694295e-01
8.400000e-01  1.691426e-01
8.430000e-01  1.688566e-01
8.460000e-01  1.685718e-01
8.490000e-01  1.682879e-01
8.520000e-01  1.680050e-01
8.550000e-01  1.677232e-01
8.580000e-01  1.674423e-01
8.610000e-01  1.671624e-01
8.640000e-01  1.668835e-01
8.670000e-01  1.666056e-01
8.700000e-01  1.663286e-01
8.730000e-01  1.660526e-01
8.760000e-01  1.657775e-01
8.790000e-01  1.655033e-01
8.820000e-01  1.652301e-01
8.850000e-01  1.649578e-01
8.880000e-01  1.646864e-01
8.910000e-01  1.644159e-01
8.940000e-01  1.641464e-01
8.970000e-01  1.638777e-01
9.000000e-01  1.636099e-01
9.030000e-01  1.633429e-01
9.060000e-01  1.630769e-01
9.090000e-01  1.628117e-01
9.120000e-01  1.625474e-01
9.150000e-01  1.622839e-01
9.180000e-01  1.620212e-01
9.210000e-01  1.617594e-01
9.240000e-01  1.614984e-01
9.270000e-01  1.612383e-01
9.300000e-01  1.609790e-01
9.330000e-01  1.607204e-01
9.360000e-01  1.604627e-01
9.390000e-01  1.602058e-01
9.420000e-01  1.599497e-01
9.450000e-01  1.596943e-01
9.480000e-01  1.594398e-01
9.510000e-01  1.591860e-01
9.540000e-01  1.589329e-01
9.570000e-01  1.586807e-01
9.600000e-01  1.584292e-01
9.630000e-01  1.581784e-01
9.660000e-01  1.579284e-01
9.690000e-01  1.576791e-01
9.720000e-01  1.574306e-01
9.750000e-01  1.571827e-01
9.780000e-01  1.569356e-01
9.810000e-01  1.566892e-01
9.840000e-01  1.564436e-01
9.870000e-01  1.561986e-01
9.900000e-01  1.559543e-01
9.930000e-01  1.557108e-01
9.960000e-01  1.554679e-01
9.990000e-01  1.552257e-01
