000000  000001
3.000000e-03  8.386364e-01
6.000000e-03  7.597130e-01
9.000000e-03  7.079001e-01
1.200000e-02  6.696822e-01
1.500000e-02  6.396125e-01
1.800000e-02  6.149534e-01
2.100000e-02  5.941370e-01
2.400000e-02  5.761837e-01
2.700000e-02  5.604412e-01
3.000000e-02  5.464545e-01
3.300000e-02  5.338934e-01
3.600000e-02  5.225117e-01
3.900000e-02  5.121203e-01
4.200000e-02  5.025718e-01
4.500000e-02  4.937485e-01
4.800000e-02  4.855554e-01
5.100000e-02  4.779144e-01
5.400000e-02  4.707610e-01
5.700000e-02  4.640409e-01
6.000000e-02  4.577085e-01
6.300000e-02  4.517245e-01
6.600000e-02  4.460554e-01
6.900000e-02  4.406721e-01
7.200000e-02  4.355493e-01
7.500000e-02  4.306647e-01
7.800000e-02  4.259989e-01
8.100000e-02  4.215345e-01
8.400000e-02  4.172561e-01
8.700000e-02  4.131501e-01
9.000000e-02  4.092041e-01
9.300000e-02  4.054070e-01
9.600000e-02  4.017490e-01
9.900000e-02  3.982208e-01
1.020000e-01  3.948144e-01
1.050000e-01  3.915222e-01
1.080000e-01  3.883374e-01
1.110000e-01  3.852538e-01
1.140000e-01  3.822656e-01
1.170000e-01  3.793675e-01
1.200000e-01  3.765547e-01
1.230000e-01  3.738227e-01
1.260000e-01  3.711673e-01
1.290000e-01  3.685847e-01
1.320000e-01  3.660713e-01
1.350000e-01  3.636238e-01
1.380000e-01  3.612390e-01
1.410000e-01  3.589141e-01
1.440000e-01  3.566464e-01
1.470000e-01  3.544334e-01
1.500000e-01  3.522726e-01
1.530000e-01  3.501618e-01
1.560000e-01  3.480990e-01
1.590000e-01  3.460822e-01
1.620000e-01  3.441095e-01
1.650000e-01  3.421792e-01
1.680000e-01  3.402897e-01
1.710000e-01  3.384394e-01
1.740000e-01  3.366268e-01
1.770000e-01  3.348505e-01
1.800000e-01  3.331093e-01
1.830000e-01  3.314018e-01
1.860000e-01  3.297268e-01
1.890000e-01  3.280834e-01
1.920000e-01  3.264703e-01
1.950000e-01  3.248865e-01
1.980000e-01  3.233312e-01
2.010000e-01  3.218033e-01
2.040000e-01  3.203019e-01
2.070000e-01  3.188264e-01
2.100000e-01  3.173757e-01
2.130000e-01  3.159493e-01
2.160000e-01  3.145462e-01
2.190000e-01  3.131659e-01
2.220000e-01  3.118077e-01
2.250000e-01  3.104709e-01
2.280000e-01  3.091549e-01
2.310000e-01  3.078590e-01
2.340000e-01  3.065829e-01
2.370000e-01  3.053258e-01
2.400000e-01  3.040873e-01
2.430000e-01  3.028669e-01
2.460000e-01  3.016640e-01
2.490000e-01  3.004783e-01
2.520000e-01  2.993093e-01
2.550000e-01  2.981565e-01
2.580000e-01  2.970196e-01
2.610000e-01  2.958981e-01
2.640000e-01  2.947916e-01
2.670000e-01  2.936999e-01
2.700000e-01  2.926224e-01
2.730000e-01  2.915589e-01
2.760000e-01  2.905091e-01
2.790000e-01  2.894726e-01
2.820000e-01  2.884491e-01
2.850000e-01  2.874383e-01
2.880000e-01  2.864399e-01
2.910000e-01  2.854537e-01
2.940000e-01  2.844793e-01
2.970000e-01  2.835166e-01
3.000000e-01  2.825651e-01
3.030000e-01  2.816248e-01
3.060000e-01  2.806954e-01
3.090000e-01  2.797765e-01
3.120000e-01  2.788681e-01
3.150000e-01  2.779699e-01
3.180000e-01  2.770816e-01
3.210000e-01  2.762031e-01
3.240000e-01  2.753342e-01
3.270000e-01  2.744746e-01
3.300000e-01  2.736243e-01
3.330000e-01  2.727829e-01
3.360000e-01  2.719504e-01
3.390000e-01  2.711265e-01
3.420000e-01  2.703111e-01
3.450000e-01  2.695041e-01
3.480000e-01  2.687052e-01
3.510000e-01  2.679143e-01
3.540000e-01  2.671313e-01
3.570000e-01  2.663561e-01
3.600000e-01  2.655883e-01
3.630000e-01  2.648281e-01
3.660000e-01  2.640751e-01
3.690000e-01  2.633294e-01
3.720000e-01  2.625906e-01
3.750000e-01  2.618588e-01
3.780000e-01  2.611338e-01
3.810000e-01  2.604155e-01
3.840000e-01  2.597037e-01
3.870000e-01  2.589984e-01
3.900000e-01  2.582995e-01
3.930000e-01  2.576067e-01
3.960000e-01  2.569202e-01
3.990000e-01  2.562396e-01
4.020000e-01  2.555650e-01
4.050000e-01  2.548962e-01
4.080000e-01  2.542332e-01
4.110000e-01  2.535758e-01
4.140000e-01  2.529240e-01
4.170000e-01  2.522776e-01
4.200000e-01  2.516366e-01
4.230000e-01  2.510009e-01
4.260000e-01  2.503705e-01
4.290000e-01  2.497452e-01
4.320000e-01  2.491249e-01
4.350000e-01  2.485096e-01
4.380000e-01  2.478992e-01
4.410000e-01  2.472937e-01
4.440000e-01  2.466929e-01
4.470000e-01  2.460968e-01
4.500000e-01  2.455053e-01
4.530000e-01  2.449183e-01
4.560000e-01  2.443359e-01
4.590000e-01  2.437579e-01
4.620000e-01  2.431842e-01
4.650000e-01  2.426148e-01
4.680000e-01  2.420496e-01
4.710000e-01  2.414887e-01
4.740000e-01  2.409318e-01
4.770000e-01  2.403790e-01
4.800000e-01  2.398302e-01
4.830000e-01  2.392853e-01
4.860000e-01  2.387444e-01
4.890000e-01  2.382072e-01
4.920000e-01  2.376739e-01
4.950000e-01  2.371443e-01
4.980000e-01  2.366184e-01
5.010000e-01  2.360961e-01
5.040000e-01  2.355774e-01
5.070000e-01  2.350622e-01
5.100000e-01  2.345506e-01
5.130000e-01  2.340424e-01
5.160000e-01  2.335376e-01
5.190000e-01  2.330361e-01
5.220000e-01  2.325380e-01
5.250000e-01  2.320432e-01
5.280000e-01  2.315516e-01
5.310000e-01  2.310632e-01
5.340000e-01  2.305779e-01
5.370000e-01  2.300958e-01
5.400000e-01  2.296167e-01
5.430000e-01  2.291407e-01
5.460000e-01  2.286677e-01
5.490000e-01  2.281976e-01
5.520000e-01  2.277305e-01
5.550000e-01  2.272663e-01
5.580000e-01  2.268049e-01
5.610000e-01  2.263464e-01
5.640000e-01  2.258906e-01
5.670000e-01  2.254376e-01
5.700000e-01  2.249874e-01
5.730000e-01  2.245398e-01
5.760000e-01  2.240949e-01
5.790000e-01  2.236527e-01
5.820000e-01  2.232130e-01
5.850000e-01  2.227759e-01
5.880000e-01  2.223414e-01
5.910000e-01  2.219094e-01
5.940000e-01  2.214798e-01
5.970000e-01  2.210528e-01
6.000000e-01  2.206281e-01
6.030000e-01  2.202059e-01
6.060000e-01  2.197860e-01
6.090000e-01  2.193685e-01
6.120000e-01  2.189533e-01
6.150000e-01  2.185404e-01
6.180000e-01  2.181298e-01
6.210000e-01  2.177215e-01
6.240000e-01  2.173154e-01
6.270000e-01  2.169115e-01
6.300000e-01  2.165097e-01
6.330000e-01  2.161101e-01
6.360000e-01  2.157127e-01
6.390000e-01  2.153174e-01
6.420000e-01  2.149241e-01
6.450000e-01  2.145330e-01
6.480000e-01  2.141438e-01
6.510000e-01  2.137568e-01
6.540000e-01  2.133717e-01
6.570000e-01  2.129885e-01
6.600000e-01  2.126074e-01
6.630000e-01  2.122282e-01
6.660000e-01  2.118510e-01
6.690000e-01  2.114756e-01
6.720000e-01  2.111021e-01
6.750000e-01  2.107305e-01
6.780000e-01  2.103607e-01
6.810000e-01  2.099928e-01
6.840000e-01  2.096267e-01
6.870000e-01  2.092624e-01
6.900000e-01  2.088998e-01
6.930000e-01  2.085391e-01
6.960000e-01  2.081800e-01
6.990000e-01  2.078227e-01
7.020000e-01  2.074671e-01
7.050000e-01  2.071132e-01
7.080000e-01  2.067610e-01
7.110000e-01  2.064104e-01
7.140000e-01  2.060615e-01
7.170000e-01  2.057142e-01
7.200000e-01  2.053686e-01
7.230000e-01  2.050245e-01
7.260000e-01  2.046820e-01
7.290000e-01  2.043411e-01
7.320000e-01  2.040018e-01
7.350000e-01  2.036640e-01
7.380000e-01  2.033277e-01
7.410000e-01  2.029929e-01
7.440000e-01  2.026597e-01
7.470000e-01  2.023279e-01
7.500000e-01  2.019976e-01
7.530000e-01  2.016687e-01
7.560000e-01  2.013414e-01
7.590000e-01  2.010154e-01
7.620000e-01  2.006908e-01
7.650000e-01  2.003677e-01
7.680000e-01  2.000460e-01
7.710000e-01  1.997256e-01
7.740000e-01  1.994067e-01
7.770000e-01  1.990891e-01
7.800000e-01  1.987728e-01
7.830000e-01  1.984579e-01
7.860000e-01  1.981443e-01
7.890000e-01  1.978320e-01
7.920000e-01  1.975210e-01
7.950000e-01  1.972113e-01
7.980000e-01  1.969029e-01
8.010000e-01  1.965958e-01
8.040000e-01  1.962899e-01
8.070000e-01  1.959853e-01
8.100000e-01  1.956819e-01
8.130000e-01  1.953797e-01
8.160000e-01  1.950788e-01
8.190000e-01  1.947790e-01
8.220000e-01  1.944805e-01
8.250000e-01  1.941832e-01
8.280000e-01  1.938870e-01
8.310000e-01  1.935920e-01
8.340000e-01  1.932981e-01
8.370000e-01  1.930054e-01
8.400000e-01  1.927139e-01
8.430000e-01  1.924235e-01
8.460000e-01  1.921342e-01
8.490000e-01  1.918460e-01
8.520000e-01  1.915589e-01
8.550000e-01  1.912729e-01
8.580000e-01  1.909880e-01
8.610000e-01  1.907042e-01
8.640000e-01  1.904215e-01
8.670000e-01  1.901398e-01
8.700000e-01  1.898591e-01
8.730000e-01  1.895795e-01
8.760000e-01  1.893010e-01
8.790000e-01  1.890234e-01
8.820000e-01  1.887469e-01
8.850000e-01  1.884715e-01
8.880000e-01  1.881970e-01
8.910000e-01  1.879235e-01
8.940000e-01  1.876510e-01
8.970000e-01  1.873794e-01
9.000000e-01  1.871089e-01
9.030000e-01  1.868393e-01
9.060000e-01  1.865707e-01
9.090000e-01  1.863030e-01
9.120000e-01  1.860363e-01
9.150000e-01  1.857705e-01
9.180000e-01  1.855057e-01
9.210000e-01  1.852418e-01
9.240000e-01  1.849788e-01
9.270000e-01  1.847167e-01
9.300000e-01  1.844555e-01
9.330000e-01  1.841952e-01
9.360000e-01  1.839358e-01
9.390000e-01  1.836772e-01
9.420000e-01  1.834196e-01
9.450000e-01  1.831628e-01
9.480000e-01  1.829069e-01
9.510000e-01  1.826519e-01
9.540000e-01  1.823977e-01
9.570000e-01  1.821443e-01
9.600000e-01  1.818918e-01
9.630000e-01  1.816401e-01
9.660000e-01  1.813893e-01
9.690000e-01  1.811393e-01
9.720000e-01  1.808901e-01
9.750000e-01  1.806417e-01
9.780000e-01  1.803941e-01
9.810000e-01  1.801473e-01
9.840000e-01  1.799013e-01
9.870000e-01  1.796561e-01
9.900000e-01  1.794117e-01
9.930000e-01  1.791680e-01
9.960000e-01  1.789251e-01
9.990000e-01  1.786830e-01
