000000  000001
3.000000e-03  8.299674e-01
6.000000e-03  7.493195e-01
9.000000e-03  6.969144e-01
1.200000e-02  6.584735e-01
1.500000e-02  6.283365e-01
1.800000e-02  6.036850e-01
2.100000e-02  5.829150e-01
2.400000e-02  5.650285e-01
2.700000e-02  5.493639e-01
3.000000e-02  5.354604e-01
3.300000e-02  5.229847e-01
3.600000e-02  5.116886e-01
3.900000e-02  5.013821e-01
4.200000e-02  4.919167e-01
4.500000e-02  4.831746e-01
4.800000e-02  4.750603e-01
5.100000e-02  4.674959e-01
5.400000e-02  4.604167e-01
5.700000e-02  4.537686e-01
6.000000e-02  4.475056e-01
6.300000e-02  4.415890e-01
6.600000e-02  4.359850e-01
6.900000e-02  4.306647e-01
7.200000e-02  4.256029e-01
7.500000e-02  4.207774e-01
7.800000e-02  4.161689e-01
8.100000e-02  4.117600e-01
8.400000e-02  4.075355e-01
8.700000e-02  4.034817e-01
9.000000e-02  3.995865e-01
9.300000e-02  3.958387e-01
9.600000e-02  3.922285e-01
9.900000e-02  3.887470e-01
1.020000e-01  3.853858e-01
1.050000e-01  3.821377e-01
1.080000e-01  3.789959e-01
1.110000e-01  3.759541e-01
1.140000e-01  3.730066e-01
1.170000e-01  3.701483e-01
1.200000e-01  3.673742e-01
1.230000e-01  3.646800e-01
1.260000e-01  3.620616e-01
1.290000e-01  3.595150e-01
1.320000e-01  3.570368e-01
1.350000e-01  3.546237e-01
1.380000e-01  3.522726e-01
1.410000e-01  3.499805e-01
1.440000e-01  3.477450e-01
1.470000e-01  3.455634e-01
1.500000e-01  3.434334e-01
1.530000e-01  3.413528e-01
1.560000e-01  3.393195e-01
1.590000e-01  3.373317e-01
1.620000e-01  3.353874e-01
1.650000e-01  3.334849e-01
1.680000e-01  3.316226e-01
1.710000e-01  3.297990e-01
1.740000e-01  3.280126e-01
1.770000e-01  3.262620e-01
1.800000e-01  3.245460e-01
1.830000e-01  3.228633e-01
1.860000e-01  3.212127e-01
1.890000e-01  3.195931e-01
1.920000e-01  3.180034e-01
1.950000e-01  3.164427e-01
1.980000e-01  3.149100e-01
2.010000e-01  3.134044e-01
2.040000e-01  3.119249e-01
2.070000e-01  3.104709e-01
2.100000e-01  3.090414e-01
2.130000e-01  3.076357e-01
2.160000e-01  3.062531e-01
2.190000e-01  3.048929e-01
2.220000e-01  3.035545e-01
2.250000e-01  3.022372e-01
2.280000e-01  3.009403e-01
2.310000e-01  2.996634e-01
2.340000e-01  2.984058e-01
2.370000e-01  2.971670e-01
2.400000e-01  2.959465e-01
2.430000e-01  2.947439e-01
2.460000e-01  2.935585e-01
2.490000e-01  2.923900e-01
2.520000e-01  2.912380e-01
2.550000e-01  2.901019e-01
2.580000e-01  2.889815e-01
2.610000e-01  2.878762e-01
2.640000e-01  2.867858e-01
2.670000e-01  2.857098e-01
2.700000e-01  2.846480e-01
2.730000e-01  2.835998e-01
2.760000e-01  2.825651e-01
2.790000e-01  2.815436e-01
2.820000e-01  2.805348e-01
2.850000e-01  2.795386e-01
2.880000e-01  2.785545e-01
2.910000e-01  2.775824e-01
2.940000e-01  2.766220e-01
2.970000e-01  2.756731e-01
3.000000e-01  2.747352e-01
3.030000e-01  2.738083e-01
3.060000e-01  2.728921e-01
3.090000e-01  2.719864e-01
3.120000e-01  2.710909e-01
3.150000e-01  2.702054e-01
3.180000e-01  2.693297e-01
3.210000e-01  2.684637e-01
3.240000e-01  2.676070e-01
3.270000e-01  2.667596e-01
3.300000e-01  2.659212e-01
3.330000e-01  2.650917e-01
3.360000e-01  2.642709e-01
3.390000e-01  2.634586e-01
3.420000e-01  2.626546e-01
3.450000e-01  2.618588e-01
3.480000e-01  2.610711e-01
3.510000e-01  2.602912e-01
3.540000e-01  2.595191e-01
3.570000e-01  2.587546e-01
3.600000e-01  2.579975e-01
3.630000e-01  2.572478e-01
3.660000e-01  2.565052e-01
3.690000e-01  2.557697e-01
3.720000e-01  2.550411e-01
3.750000e-01  2.543193e-01
3.780000e-01  2.536043e-01
3.810000e-01  2.528957e-01
3.840000e-01  2.521937e-01
3.870000e-01  2.514980e-01
3.900000e-01  2.508085e-01
3.930000e-01  2.501252e-01
3.960000e-01  2.494479e-01
3.990000e-01  2.487765e-01
4.020000e-01  2.481110e-01
4.050000e-01  2.474512e-01
4.080000e-01  2.467970e-01
4.110000e-01  2.461484e-01
4.140000e-01  2.455053e-01
4.170000e-01  2.448675e-01
4.200000e-01  2.442350e-01
4.230000e-01  2.436078e-01
4.260000e-01  2.429856e-01
4.290000e-01  2.423686e-01
4.320000e-01  2.417564e-01
4.350000e-01  2.411492e-01
4.380000e-01  2.405468e-01
4.410000e-01  2.399492e-01
4.440000e-01  2.393562e-01
4.470000e-01  2.387678e-01
4.500000e-01  2.381840e-01
4.530000e-01  2.376046e-01
4.560000e-01  2.370296e-01
4.590000e-01  2.364590e-01
4.620000e-01  2.358927e-01
4.650000e-01  2.353306e-01
4.680000e-01  2.347726e-01
4.710000e-01  2.342187e-01
4.740000e-01  2.336689e-01
4.770000e-01  2.331231e-01
4.800000e-01  2.325812e-01
4.830000e-01  2.320432e-01
4.860000e-01  2.315090e-01
4.890000e-01  2.309785e-01
4.920000e-01  2.304518e-01
4.950000e-01  2.299288e-01
4.980000e-01  2.294094e-01
5.010000e-01  2.288935e-01
5.040000e-01  2.283812e-01
5.070000e-01  2.278724e-01
5.100000e-01  2.273670e-01
5.130000e-01  2.268649e-01
5.160000e-01  2.263663e-01
5.190000e-01  2.258709e-01
5.220000e-01  2.253788e-01
5.250000e-01  2.248899e-01
5.280000e-01  2.244041e-01
5.310000e-01  2.239216e-01
5.340000e-01  2.234421e-01
5.370000e-01  2.229656e-01
5.400000e-01  2.224922e-01
5.430000e-01  2.220218e-01
5.460000e-01  2.215544e-01
5.490000e-01  2.210898e-01
5.520000e-01  2.206281e-01
5.550000e-01  2.201693e-01
5.580000e-01  2.197132e-01
5.610000e-01  2.192600e-01
5.640000e-01  2.188094e-01
5.670000e-01  2.183616e-01
5.700000e-01  2.179165e-01
5.730000e-01  2.174740e-01
5.760000e-01  2.170342e-01
5.790000e-01  2.165969e-01
5.820000e-01  2.161621e-01
5.850000e-01  2.157299e-01
5.880000e-01  2.153002e-01
5.910000e-01  2.148730e-01
5.940000e-01  2.144482e-01
5.970000e-01  2.140258e-01
6.000000e-01  2.136058e-01
6.030000e-01  2.131882e-01
6.060000e-01  2.127729e-01
6.090000e-01  2.123599e-01
6.120000e-01  2.119492e-01
6.150000e-01  2.115407e-01
6.180000e-01  2.111345e-01
6.210000e-01  2.107305e-01
6.240000e-01  2.103287e-01
6.270000e-01  2.099290e-01
6.300000e-01  2.095315e-01
6.330000e-01  2.091361e-01
6.360000e-01  2.087428e-01
6.390000e-01  2.083515e-01
6.420000e-01  2.079623e-01
6.450000e-01  2.075752e-01
6.480000e-01  2.071900e-01
6.510000e-01  2.068068e-01
6.540000e-01  2.064257e-01
6.570000e-01  2.060464e-01
6.600000e-01  2.056691e-01
6.630000e-01  2.052936e-01
6.660000e-01  2.049201e-01
6.690000e-01  2.045485e-01
6.720000e-01  2.041786e-01
6.750000e-01  2.038106e-01
6.780000e-01  2.034445e-01
6.810000e-01  2.030801e-01
6.840000e-01  2.027175e-01
6.870000e-01  2.023567e-01
6.900000e-01  2.019976e-01
6.930000e-01  2.016402e-01
6.960000e-01  2.012846e-01
6.990000e-01  2.009306e-01
7.020000e-01  2.005783e-01
7.050000e-01  2.002277e-01
7.080000e-01  1.998787e-01
7.110000e-01  1.995313e-01
7.140000e-01  1.991856e-01
7.170000e-01  1.988414e-01
7.200000e-01  1.984989e-01
7.230000e-01  1.981579e-01
7.260000e-01  1.978184e-01
7.290000e-01  1.974805e-01
7.320000e-01  1.971442e-01
7.350000e-01  1.968093e-01
7.380000e-01  1.964759e-01
7.410000e-01  1.961441e-01
7.440000e-01  1.958136e-01
7.470000e-01  1.954847e-01
7.500000e-01  1.951572e-01
7.530000e-01  1.948311e-01
7.560000e-01  1.945064e-01
7.590000e-01  1.941832e-01
7.620000e-01  1.938613e-01
7.650000e-01  1.935408e-01
7.680000e-01  1.932217e-01
7.710000e-01  1.929039e-01
7.740000e-01  1.925875e-01
7.770000e-01  1.922724e-01
7.800000e-01  1.919586e-01
7.830000e-01  1.916462e-01
7.860000e-01  1.913350e-01
7.890000e-01  1.910251e-01
7.920000e-01  1.907165e-01
7.950000e-01  1.904092e-01
7.980000e-01  1.901031e-01
8.010000e-01  1.897982e-01
8.040000e-01  1.894946e-01
8.070000e-01  1.891922e-01
8.100000e-01  1.888911e-01
8.130000e-01  1.885911e-01
8.160000e-01  1.882923e-01
8.190000e-01  1.879947e-01
8.220000e-01  1.876983e-01
8.250000e-01  1.874030e-01
8.280000e-01  1.871089e-01
8.310000e-01  1.868159e-01
8.340000e-01  1.865241e-01
8.370000e-01  1.862334e-01
8.400000e-01  1.859438e-01
8.430000e-01  1.856553e-01
8.460000e-01  1.853679e-01
8.490000e-01  1.850816e-01
8.520000e-01  1.847963e-01
8.550000e-01  1.845122e-01
8.580000e-01  1.842291e-01
8.610000e-01  1.839470e-01
8.640000e-01  1.836660e-01
8.670000e-01  1.833861e-01
8.700000e-01  1.831071e-01
8.730000e-01  1.828292e-01
8.760000e-01  1.825523e-01
8.790000e-01  1.822764e-01
8.820000e-01  1.820015e-01
8.850000e-01  1.817276e-01
8.880000e-01  1.814547e-01
8.910000e-01  1.811827e-01
8.940000e-01  1.809117e-01
8.970000e-01  1.806417e-01
9.000000e-01  1.803726e-01
9.030000e-01  1.801044e-01
9.060000e-01  1.798373e-01
9.090000e-01  1.795710e-01
9.120000e-01  1.793056e-01
9.150000e-01  1.790412e-01
9.180000e-01  1.787777e-01
9.210000e-01  1.785151e-01
9.240000e-01  1.782533e-01
9.270000e-01  1.779925e-01
9.300000e-01  1.777325e-01
9.330000e-01  1.774735e-01
9.360000e-01  1.772152e-01
9.390000e-01  1.769579e-01
9.420000e-01  1.767014e-01
9.450000e-01  1.764458e-01
9.480000e-01  1.761909e-01
9.510000e-01  1.759370e-01
9.540000e-01  1.756838e-01
9.570000e-01  1.754315e-01
9.600000e-01  1.751800e-01
9.630000e-01  1.749294e-01
9.660000e-01  1.746795e-01
9.690000e-01  1.744304e-01
9.720000e-01  1.741822e-01
9.750000e-01  1.739347e-01
9.780000e-01  1.736880e-01
9.810000e-01  1.734421e-01
9.840000e-01  1.731969e-01
9.870000e-01  1.729525e-01
9.900000e-01  1.727089e-01
9.930000e-01  1.724661e-01
9.960000e-01  1.722239e-01
9.990000e-01  1.719826e-01
