000000  000001
3.000000e-03  8.379503e-01
6.000000e-03  7.588850e-01
9.000000e-03  7.070221e-01
1.200000e-02  6.687846e-01
1.500000e-02  6.387083e-01
1.800000e-02  6.140489e-01
2.100000e-02  5.932356e-01
2.400000e-02  5.752870e-01
2.700000e-02  5.595504e-01
3.000000e-02  5.455699e-01
3.300000e-02  5.330155e-01
3.600000e-02  5.216403e-01
3.900000e-02  5.112556e-01
4.200000e-02  5.017135e-01
4.500000e-02  4.928966e-01
4.800000e-02  4.847096e-01
5.100000e-02  4.770747e-01
5.400000e-02  4.699271e-01
5.700000e-02  4.632128e-01
6.000000e-02  4.568858e-01
6.300000e-02  4.509072e-01
6.600000e-02  4.452432e-01
6.900000e-02  4.398649e-01
7.200000e-02  4.347469e-01
7.500000e-02  4.298671e-01
7.800000e-02  4.252058e-01
8.100000e-02  4.207458e-01
8.400000e-02  4.164717e-01
8.700000e-02  4.123699e-01
9.000000e-02  4.084279e-01
9.300000e-02  4.046348e-01
9.600000e-02  4.009806e-01
9.900000e-02  3.974562e-01
1.020000e-01  3.940534e-01
1.050000e-01  3.907647e-01
1.080000e-01  3.875833e-01
1.110000e-01  3.845031e-01
1.140000e-01  3.815181e-01
1.170000e-01  3.786232e-01
1.200000e-01  3.758135e-01
1.230000e-01  3.730846e-01
1.260000e-01  3.704321e-01
1.290000e-01  3.678524e-01
1.320000e-01  3.653419e-01
1.350000e-01  3.628971e-01
1.380000e-01  3.605150e-01
1.410000e-01  3.581928e-01
1.440000e-01  3.559276e-01
1.470000e-01  3.537171e-01
1.500000e-01  3.515588e-01
1.530000e-01  3.494504e-01
1.560000e-01  3.473900e-01
1.590000e-01  3.453755e-01
1.620000e-01  3.434051e-01
1.650000e-01  3.414771e-01
1.680000e-01  3.395898e-01
1.710000e-01  3.377416e-01
1.740000e-01  3.359311e-01
1.770000e-01  3.341569e-01
1.800000e-01  3.324177e-01
1.830000e-01  3.307122e-01
1.860000e-01  3.290392e-01
1.890000e-01  3.273977e-01
1.920000e-01  3.257865e-01
1.950000e-01  3.242046e-01
1.980000e-01  3.226511e-01
2.010000e-01  3.211249e-01
2.040000e-01  3.196254e-01
2.070000e-01  3.181516e-01
2.100000e-01  3.167026e-01
2.130000e-01  3.152778e-01
2.160000e-01  3.138765e-01
2.190000e-01  3.124978e-01
2.220000e-01  3.111411e-01
2.250000e-01  3.098059e-01
2.280000e-01  3.084914e-01
2.310000e-01  3.071971e-01
2.340000e-01  3.059225e-01
2.370000e-01  3.046669e-01
2.400000e-01  3.034298e-01
2.430000e-01  3.022108e-01
2.460000e-01  3.010094e-01
2.490000e-01  2.998251e-01
2.520000e-01  2.986575e-01
2.550000e-01  2.975060e-01
2.580000e-01  2.963704e-01
2.610000e-01  2.952502e-01
2.640000e-01  2.941451e-01
2.670000e-01  2.930546e-01
2.700000e-01  2.919784e-01
2.730000e-01  2.909162e-01
2.760000e-01  2.898676e-01
2.790000e-01  2.888323e-01
2.820000e-01  2.878100e-01
2.850000e-01  2.868003e-01
2.880000e-01  2.858031e-01
2.910000e-01  2.848180e-01
2.940000e-01  2.838448e-01
2.970000e-01  2.828832e-01
3.000000e-01  2.819329e-01
3.030000e-01  2.809936e-01
3.060000e-01  2.800652e-01
3.090000e-01  2.791475e-01
3.120000e-01  2.782401e-01
3.150000e-01  2.773429e-01
3.180000e-01  2.764556e-01
3.210000e-01  2.755781e-01
3.240000e-01  2.747102e-01
3.270000e-01  2.738517e-01
3.300000e-01  2.730022e-01
3.330000e-01  2.721619e-01
3.360000e-01  2.713303e-01
3.390000e-01  2.705074e-01
3.420000e-01  2.696929e-01
3.450000e-01  2.688868e-01
3.480000e-01  2.680888e-01
3.510000e-01  2.672988e-01
3.540000e-01  2.665167e-01
3.570000e-01  2.657423e-01
3.600000e-01  2.649755e-01
3.630000e-01  2.642161e-01
3.660000e-01  2.634640e-01
3.690000e-01  2.627190e-01
3.720000e-01  2.619811e-01
3.750000e-01  2.612501e-01
3.780000e-01  2.605259e-01
3.810000e-01  2.598084e-01
3.840000e-01  2.590974e-01
3.870000e-01  2.583929e-01
3.900000e-01  2.576947e-01
3.930000e-01  2.570028e-01
3.960000e-01  2.563170e-01
3.990000e-01  2.556372e-01
4.020000e-01  2.549633e-01
4.050000e-01  2.542952e-01
4.080000e-01  2.536329e-01
4.110000e-01  2.529763e-01
4.140000e-01  2.523251e-01
4.170000e-01  2.516795e-01
4.200000e-01  2.510392e-01
4.230000e-01  2.504042e-01
4.260000e-01  2.497744e-01
4.290000e-01  2.491498e-01
4.320000e-01  2.485302e-01
4.350000e-01  2.479155e-01
4.380000e-01  2.473058e-01
4.410000e-01  2.467009e-01
4.440000e-01  2.461007e-01
4.470000e-01  2.455053e-01
4.500000e-01  2.449144e-01
4.530000e-01  2.443281e-01
4.560000e-01  2.437463e-01
4.590000e-01  2.431688e-01
4.620000e-01  2.425957e-01
4.650000e-01  2.420270e-01
4.680000e-01  2.414624e-01
4.710000e-01  2.409020e-01
4.740000e-01  2.403457e-01
4.770000e-01  2.397935e-01
4.800000e-01  2.392453e-01
4.830000e-01  2.387009e-01
4.860000e-01  2.381605e-01
4.890000e-01  2.376240e-01
4.920000e-01  2.370912e-01
4.950000e-01  2.365621e-01
4.980000e-01  2.360367e-01
5.010000e-01  2.355150e-01
5.040000e-01  2.349968e-01
5.070000e-01  2.344822e-01
5.100000e-01  2.339710e-01
5.130000e-01  2.334633e-01
5.160000e-01  2.329590e-01
5.190000e-01  2.324581e-01
5.220000e-01  2.319605e-01
5.250000e-01  2.314661e-01
5.280000e-01  2.309750e-01
5.310000e-01  2.304871e-01
5.340000e-01  2.300023e-01
5.370000e-01  2.295206e-01
5.400000e-01  2.290420e-01
5.430000e-01  2.285665e-01
5.460000e-01  2.280939e-01
5.490000e-01  2.276243e-01
5.520000e-01  2.271577e-01
5.550000e-01  2.266939e-01
5.580000e-01  2.262329e-01
5.610000e-01  2.257748e-01
5.640000e-01  2.253195e-01
5.670000e-01  2.248670e-01
5.700000e-01  2.244171e-01
5.730000e-01  2.239700e-01
5.760000e-01  2.235255e-01
5.790000e-01  2.230837e-01
5.820000e-01  2.226444e-01
5.850000e-01  2.222077e-01
5.880000e-01  2.217736e-01
5.910000e-01  2.213420e-01
5.940000e-01  2.209128e-01
5.970000e-01  2.204861e-01
6.000000e-01  2.200619e-01
6.030000e-01  2.196400e-01
6.060000e-01  2.192206e-01
6.090000e-01  2.188034e-01
6.120000e-01  2.183886e-01
6.150000e-01  2.179761e-01
6.180000e-01  2.175659e-01
6.210000e-01  2.171579e-01
6.240000e-01  2.167521e-01
6.270000e-01  2.163486e-01
6.300000e-01  2.159472e-01
6.330000e-01  2.155480e-01
6.360000e-01  2.151509e-01
6.390000e-01  2.147559e-01
6.420000e-01  2.143630e-01
6.450000e-01  2.139721e-01
6.480000e-01  2.135833e-01
6.510000e-01  2.131966e-01
6.540000e-01  2.128118e-01
6.570000e-01  2.124290e-01
6.600000e-01  2.120482e-01
6.630000e-01  2.116693e-01
6.660000e-01  2.112924e-01
6.690000e-01  2.109173e-01
6.720000e-01  2.105442e-01
6.750000e-01  2.101728e-01
6.780000e-01  2.098034e-01
6.810000e-01  2.094358e-01
6.840000e-01  2.090699e-01
6.870000e-01  2.087059e-01
6.900000e-01  2.083437e-01
6.930000e-01  2.079832e-01
6.960000e-01  2.076244e-01
6.990000e-01  2.072674e-01
7.020000e-01  2.069121e-01
7.050000e-01  2.065585e-01
7.080000e-01  2.062065e-01
7.110000e-01  2.058562e-01
7.140000e-01  2.055076e-01
7.170000e-01  2.051606e-01
7.200000e-01  2.048152e-01
7.230000e-01  2.044714e-01
7.260000e-01  2.041291e-01
7.290000e-01  2.037885e-01
7.320000e-01  2.034494e-01
7.350000e-01  2.031118e-01
7.380000e-01  2.027758e-01
7.410000e-01  2.024413e-01
7.440000e-01  2.021083e-01
7.470000e-01  2.017767e-01
7.500000e-01  2.014467e-01
7.530000e-01  2.011181e-01
7.560000e-01  2.007909e-01
7.590000e-01  2.004652e-01
7.620000e-01  2.001409e-01
7.650000e-01  1.998180e-01
7.680000e-01  1.994964e-01
7.710000e-01  1.991763e-01
7.740000e-01  1.988576e-01
7.770000e-01  1.985402e-01
7.800000e-01  1.982241e-01
7.830000e-01  1.979094e-01
7.860000e-01  1.975960e-01
7.890000e-01  1.972840e-01
7.920000e-01  1.969732e-01
7.950000e-01  1.966637e-01
7.980000e-01  1.963555e-01
8.010000e-01  1.960486e-01
8.040000e-01  1.957429e-01
8.070000e-01  1.954384e-01
8.100000e-01  1.951352e-01
8.130000e-01  1.948333e-01
8.160000e-01  1.945325e-01
8.190000e-01  1.942330e-01
8.220000e-01  1.939346e-01
8.250000e-01  1.936374e-01
8.280000e-01  1.933415e-01
8.310000e-01  1.930466e-01
8.340000e-01  1.927530e-01
8.370000e-01  1.924604e-01
8.400000e-01  1.921691e-01
8.430000e-01  1.918788e-01
8.460000e-01  1.915897e-01
8.490000e-01  1.913017e-01
8.520000e-01  1.910147e-01
8.550000e-01  1.907289e-01
8.580000e-01  1.904442e-01
8.610000e-01  1.901605e-01
8.640000e-01  1.898779e-01
8.670000e-01  1.895964e-01
8.700000e-01  1.893159e-01
8.730000e-01  1.890365e-01
8.760000e-01  1.887581e-01
8.790000e-01  1.884807e-01
8.820000e-01  1.882043e-01
8.850000e-01  1.879290e-01
8.880000e-01  1.876546e-01
8.910000e-01  1.873813e-01
8.940000e-01  1.871089e-01
8.970000e-01  1.868375e-01
9.000000e-01  1.865671e-01
9.030000e-01  1.862977e-01
9.060000e-01  1.860292e-01
9.090000e-01  1.857616e-01
9.120000e-01  1.854950e-01
9.150000e-01  1.852294e-01
9.180000e-01  1.849647e-01
9.210000e-01  1.847008e-01
9.240000e-01  1.844380e-01
9.270000e-01  1.841760e-01
9.300000e-01  1.839149e-01
9.330000e-01  1.836547e-01
9.360000e-01  1.833954e-01
9.390000e-01  1.831370e-01
9.420000e-01  1.828795e-01
9.450000e-01  1.826228e-01
9.480000e-01  1.823670e-01
9.510000e-01  1.821121e-01
9.540000e-01  1.818580e-01
9.570000e-01  1.816047e-01
9.600000e-01  1.813523e-01
9.630000e-01  1.811007e-01
9.660000e-01  1.808500e-01
9.690000e-01  1.806001e-01
9.720000e-01  1.803510e-01
9.750000e-01  1.801027e-01
9.780000e-01  1.798552e-01
9.810000e-01  1.796085e-01
9.840000e-01  1.793626e-01
9.870000e-01  1.791174e-01
9.900000e-01  1.788731e-01
9.930000e-01  1.786295e-01
9.960000e-01  1.783867e-01
9.990000e-01  1.781447e-01
