000000  000001
3.000000e-03  7.882519e-01
6.000000e-03  7.011524e-01
9.000000e-03  6.469170e-01
1.200000e-02  6.080196e-01
1.500000e-02  5.779600e-01
1.800000e-02  5.536196e-01
2.100000e-02  5.332669e-01
2.400000e-02  5.158436e-01
2.700000e-02  5.006575e-01
3.000000e-02  4.872320e-01
3.300000e-02  4.752253e-01
3.600000e-02  4.643846e-01
3.900000e-02  4.545178e-01
4.200000e-02  4.454758e-01
4.500000e-02  4.371403e-01
4.800000e-02  4.294164e-01
5.100000e-02  4.222266e-01
5.400000e-02  4.155070e-01
5.700000e-02  4.092041e-01
6.000000e-02  4.032729e-01
6.300000e-02  3.976751e-01
6.600000e-02  3.923779e-01
6.900000e-02  3.873530e-01
7.200000e-02  3.825758e-01
7.500000e-02  3.780248e-01
7.800000e-02  3.736811e-01
8.100000e-02  3.695280e-01
8.400000e-02  3.655507e-01
8.700000e-02  3.617360e-01
9.000000e-02  3.580722e-01
9.300000e-02  3.545485e-01
9.600000e-02  3.511555e-01
9.900000e-02  3.478846e-01
1.020000e-01  3.447278e-01
1.050000e-01  3.416781e-01
1.080000e-01  3.387290e-01
1.110000e-01  3.358745e-01
1.140000e-01  3.331093e-01
1.170000e-01  3.304282e-01
1.200000e-01  3.278267e-01
1.230000e-01  3.253005e-01
1.260000e-01  3.228458e-01
1.290000e-01  3.204588e-01
1.320000e-01  3.181362e-01
1.350000e-01  3.158749e-01
1.380000e-01  3.136719e-01
1.410000e-01  3.115245e-01
1.440000e-01  3.094302e-01
1.470000e-01  3.073866e-01
1.500000e-01  3.053915e-01
1.530000e-01  3.034428e-01
1.560000e-01  3.015384e-01
1.590000e-01  2.996767e-01
1.620000e-01  2.978558e-01
1.650000e-01  2.960742e-01
1.680000e-01  2.943302e-01
1.710000e-01  2.926224e-01
1.740000e-01  2.909495e-01
1.770000e-01  2.893101e-01
1.800000e-01  2.877031e-01
1.830000e-01  2.861272e-01
1.860000e-01  2.845813e-01
1.890000e-01  2.830645e-01
1.920000e-01  2.815756e-01
1.950000e-01  2.801138e-01
1.980000e-01  2.786782e-01
2.010000e-01  2.772678e-01
2.040000e-01  2.758819e-01
2.070000e-01  2.745196e-01
2.100000e-01  2.731803e-01
2.130000e-01  2.718632e-01
2.160000e-01  2.705677e-01
2.190000e-01  2.692931e-01
2.220000e-01  2.680387e-01
2.250000e-01  2.668040e-01
2.280000e-01  2.655883e-01
2.310000e-01  2.643913e-01
2.340000e-01  2.632122e-01
2.370000e-01  2.620507e-01
2.400000e-01  2.609062e-01
2.430000e-01  2.597783e-01
2.460000e-01  2.586666e-01
2.490000e-01  2.575705e-01
2.520000e-01  2.564896e-01
2.550000e-01  2.554237e-01
2.580000e-01  2.543723e-01
2.610000e-01  2.533350e-01
2.640000e-01  2.523115e-01
2.670000e-01  2.513014e-01
2.700000e-01  2.503044e-01
2.730000e-01  2.493202e-01
2.760000e-01  2.483485e-01
2.790000e-01  2.473890e-01
2.820000e-01  2.464413e-01
2.850000e-01  2.455053e-01
2.880000e-01  2.445806e-01
2.910000e-01  2.436670e-01
2.940000e-01  2.427642e-01
2.970000e-01  2.418720e-01
3.000000e-01  2.409902e-01
3.030000e-01  2.401185e-01
3.060000e-01  2.392568e-01
3.090000e-01  2.384047e-01
3.120000e-01  2.375621e-01
3.150000e-01  2.367288e-01
3.180000e-01  2.359046e-01
3.210000e-01  2.350893e-01
3.240000e-01  2.342827e-01
3.270000e-01  2.334846e-01
3.300000e-01  2.326950e-01
3.330000e-01  2.319135e-01
3.360000e-01  2.311401e-01
3.390000e-01  2.303745e-01
3.420000e-01  2.296167e-01
3.450000e-01  2.288665e-01
3.480000e-01  2.281237e-01
3.510000e-01  2.273882e-01
3.540000e-01  2.266598e-01
3.570000e-01  2.259385e-01
3.600000e-01  2.252240e-01
3.630000e-01  2.245163e-01
3.660000e-01  2.238153e-01
3.690000e-01  2.231208e-01
3.720000e-01  2.224327e-01
3.750000e-01  2.217508e-01
3.780000e-01  2.210752e-01
3.810000e-01  2.204056e-01
3.840000e-01  2.197420e-01
3.870000e-01  2.190842e-01
3.900000e-01  2.184322e-01
3.930000e-01  2.177858e-01
3.960000e-01  2.171450e-01
3.990000e-01  2.165097e-01
4.020000e-01  2.158798e-01
4.050000e-01  2.152552e-01
4.080000e-01  2.146357e-01
4.110000e-01  2.140214e-01
4.140000e-01  2.134121e-01
4.170000e-01  2.128078e-01
4.200000e-01  2.122083e-01
4.230000e-01  2.116136e-01
4.260000e-01  2.110237e-01
4.290000e-01  2.104384e-01
4.320000e-01  2.098577e-01
4.350000e-01  2.092815e-01
4.380000e-01  2.087097e-01
4.410000e-01  2.081423e-01
4.440000e-01  2.075792e-01
4.470000e-01  2.070204e-01
4.500000e-01  2.064657e-01
4.530000e-01  2.059151e-01
4.560000e-01  2.053686e-01
4.590000e-01  2.048260e-01
4.620000e-01  2.042874e-01
4.650000e-01  2.037527e-01
4.680000e-01  2.032218e-01
4.710000e-01  2.026947e-01
4.740000e-01  2.021712e-01
4.770000e-01  2.016515e-01
4.800000e-01  2.011353e-01
4.830000e-01  2.006227e-01
4.860000e-01  2.001136e-01
4.890000e-01  1.996080e-01
4.920000e-01  1.991057e-01
4.950000e-01  1.986069e-01
4.980000e-01  1.981113e-01
5.010000e-01  1.976191e-01
5.040000e-01  1.971300e-01
5.070000e-01  1.966442e-01
5.100000e-01  1.961615e-01
5.130000e-01  1.956819e-01
5.160000e-01  1.952053e-01
5.190000e-01  1.947318e-01
5.220000e-01  1.942613e-01
5.250000e-01  1.937937e-01
5.280000e-01  1.933290e-01
5.310000e-01  1.928672e-01
5.340000e-01  1.924082e-01
5.370000e-01  1.919520e-01
5.400000e-01  1.914986e-01
5.430000e-01  1.910479e-01
5.460000e-01  1.905999e-01
5.490000e-01  1.901546e-01
5.520000e-01  1.897118e-01
5.550000e-01  1.892717e-01
5.580000e-01  1.888342e-01
5.610000e-01  1.883991e-01
5.640000e-01  1.879666e-01
5.670000e-01  1.875365e-01
5.700000e-01  1.871089e-01
5.730000e-01  1.866837e-01
5.760000e-01  1.862609e-01
5.790000e-01  1.858404e-01
5.820000e-01  1.854222e-01
5.850000e-01  1.850064e-01
5.880000e-01  1.845928e-01
5.910000e-01  1.841815e-01
5.940000e-01  1.837724e-01
5.970000e-01  1.833655e-01
6.000000e-01  1.829607e-01
6.030000e-01  1.825581e-01
6.060000e-01  1.821576e-01
6.090000e-01  1.817593e-01
6.120000e-01  1.813629e-01
6.150000e-01  1.809687e-01
6.180000e-01  1.805764e-01
6.210000e-01  1.801862e-01
6.240000e-01  1.797979e-01
6.270000e-01  1.794117e-01
6.300000e-01  1.790273e-01
6.330000e-01  1.786449e-01
6.360000e-01  1.782643e-01
6.390000e-01  1.778857e-01
6.420000e-01  1.775088e-01
6.450000e-01  1.771339e-01
6.480000e-01  1.767607e-01
6.510000e-01  1.763893e-01
6.540000e-01  1.760198e-01
6.570000e-01  1.756519e-01
6.600000e-01  1.752858e-01
6.630000e-01  1.749215e-01
6.660000e-01  1.745588e-01
6.690000e-01  1.741978e-01
6.720000e-01  1.738385e-01
6.750000e-01  1.734808e-01
6.780000e-01  1.731248e-01
6.810000e-01  1.727704e-01
6.840000e-01  1.724176e-01
6.870000e-01  1.720663e-01
6.900000e-01  1.717167e-01
6.930000e-01  1.713686e-01
6.960000e-01  1.710220e-01
6.990000e-01  1.706769e-01
7.020000e-01  1.703334e-01
7.050000e-01  1.699913e-01
7.080000e-01  1.696507e-01
7.110000e-01  1.693116e-01
7.140000e-01  1.689739e-01
7.170000e-01  1.686376e-01
7.200000e-01  1.683028e-01
7.230000e-01  1.679694e-01
7.260000e-01  1.676373e-01
7.290000e-01  1.673066e-01
7.320000e-01  1.669773e-01
7.350000e-01  1.666494e-01
7.380000e-01  1.663228e-01
7.410000e-01  1.659974e-01
7.440000e-01  1.656735e-01
7.470000e-01  1.653508e-01
7.500000e-01  1.650294e-01
7.530000e-01  1.647092e-01
7.560000e-01  1.643904e-01
7.590000e-01  1.640727e-01
7.620000e-01  1.637563e-01
7.650000e-01  1.634412e-01
7.680000e-01  1.631272e-01
7.710000e-01  1.628145e-01
7.740000e-01  1.625029e-01
7.770000e-01  1.621925e-01
7.800000e-01  1.618833e-01
7.830000e-01  1.615753e-01
7.860000e-01  1.612684e-01
7.890000e-01  1.609626e-01
7.920000e-01  1.606580e-01
7.950000e-01  1.603544e-01
7.980000e-01  1.600520e-01
8.010000e-01  1.597507e-01
8.040000e-01  1.594505e-01
8.070000e-01  1.591513e-01
8.100000e-01  1.588532e-01
8.130000e-01  1.585561e-01
8.160000e-01  1.582601e-01
8.190000e-01  1.579652e-01
8.220000e-01  1.576712e-01
8.250000e-01  1.573783e-01
8.280000e-01  1.570864e-01
8.310000e-01  1.567955e-01
8.340000e-01  1.565056e-01
8.370000e-01  1.562166e-01
8.400000e-01  1.559287e-01
8.430000e-01  1.556417e-01
8.460000e-01  1.553556e-01
8.490000e-01  1.550705e-01
8.520000e-01  1.547864e-01
8.550000e-01  1.545031e-01
8.580000e-01  1.542208e-01
8.610000e-01  1.539394e-01
8.640000e-01  1.536589e-01
8.670000e-01  1.533793e-01
8.700000e-01  1.531006e-01
8.730000e-01  1.528228e-01
8.760000e-01  1.525459e-01
8.790000e-01  1.522698e-01
8.820000e-01  1.519945e-01
8.850000e-01  1.517202e-01
8.880000e-01  1.514467e-01
8.910000e-01  1.511740e-01
8.940000e-01  1.509021e-01
8.970000e-01  1.506311e-01
9.000000e-01  1.503608e-01
9.030000e-01  1.500914e-01
9.060000e-01  1.498228e-01
9.090000e-01  1.495550e-01
9.120000e-01  1.492879e-01
9.150000e-01  1.490217e-01
9.180000e-01  1.487562e-01
9.210000e-01  1.484915e-01
9.240000e-01  1.482275e-01
9.270000e-01  1.479643e-01
9.300000e-01  1.477018e-01
9.330000e-01  1.474401e-01
9.360000e-01  1.471791e-01
9.390000e-01  1.469189e-01
9.420000e-01  1.466593e-01
9.450000e-01  1.464005e-01
9.480000e-01  1.461424e-01
9.510000e-01  1.458850e-01
9.540000e-01  1.456283e-01
9.570000e-01  1.453722e-01
9.600000e-01  1.451169e-01
9.630000e-01  1.448622e-01
9.660000e-01  1.446082e-01
9.690000e-01  1.443549e-01
9.720000e-01  1.441022e-01
9.750000e-01  1.438502e-01
9.780000e-01  1.435989e-01
9.810000e-01  1.433482e-01
9.840000e-01  1.430981e-01
9.870000e-01  1.428486e-01
9.900000e-01  1.425998e-01
9.930000e-01  1.423516e-01
9.960000e-01  1.421040e-01
9.990000e-01  1.418571e-01
