000000  000001
3.000000e-03  7.976601e-01
6.000000e-03  7.117725e-01
9.000000e-03  6.578213e-01
1.200000e-02  6.189510e-01
1.500000e-02  5.888255e-01
1.800000e-02  5.643822e-01
2.100000e-02  5.439125e-01
2.400000e-02  5.263685e-01
2.700000e-02  5.110627e-01
3.000000e-02  4.975207e-01
3.300000e-02  4.854020e-01
3.600000e-02  4.744540e-01
3.900000e-02  4.644849e-01
4.200000e-02  4.553452e-01
4.500000e-02  4.469166e-01
4.800000e-02  4.391039e-01
5.100000e-02  4.318295e-01
5.400000e-02  4.250289e-01
5.700000e-02  4.186487e-01
6.000000e-02  4.126435e-01
6.300000e-02  4.069747e-01
6.600000e-02  4.016096e-01
6.900000e-02  3.965194e-01
7.200000e-02  3.916795e-01
7.500000e-02  3.870681e-01
7.800000e-02  3.826663e-01
8.100000e-02  3.784573e-01
8.400000e-02  3.744260e-01
8.700000e-02  3.705592e-01
9.000000e-02  3.668450e-01
9.300000e-02  3.632727e-01
9.600000e-02  3.598326e-01
9.900000e-02  3.565160e-01
1.020000e-01  3.533151e-01
1.050000e-01  3.502226e-01
1.080000e-01  3.472319e-01
1.110000e-01  3.443371e-01
1.140000e-01  3.415327e-01
1.170000e-01  3.388135e-01
1.200000e-01  3.361750e-01
1.230000e-01  3.336129e-01
1.260000e-01  3.311231e-01
1.290000e-01  3.287020e-01
1.320000e-01  3.263462e-01
1.350000e-01  3.240525e-01
1.380000e-01  3.218180e-01
1.410000e-01  3.196398e-01
1.440000e-01  3.175155e-01
1.470000e-01  3.154426e-01
1.500000e-01  3.134189e-01
1.530000e-01  3.114422e-01
1.560000e-01  3.095106e-01
1.590000e-01  3.076222e-01
1.620000e-01  3.057752e-01
1.650000e-01  3.039680e-01
1.680000e-01  3.021991e-01
1.710000e-01  3.004669e-01
1.740000e-01  2.987701e-01
1.770000e-01  2.971073e-01
1.800000e-01  2.954774e-01
1.830000e-01  2.938791e-01
1.860000e-01  2.923112e-01
1.890000e-01  2.907728e-01
1.920000e-01  2.892629e-01
1.950000e-01  2.877804e-01
1.980000e-01  2.863244e-01
2.010000e-01  2.848941e-01
2.040000e-01  2.834887e-01
2.070000e-01  2.821073e-01
2.100000e-01  2.807492e-01
2.130000e-01  2.794137e-01
2.160000e-01  2.781000e-01
2.190000e-01  2.768076e-01
2.220000e-01  2.755358e-01
2.250000e-01  2.742839e-01
2.280000e-01  2.730515e-01
2.310000e-01  2.718379e-01
2.340000e-01  2.706426e-01
2.370000e-01  2.694651e-01
2.400000e-01  2.683049e-01
2.430000e-01  2.671616e-01
2.460000e-01  2.660346e-01
2.490000e-01  2.649236e-01
2.520000e-01  2.638282e-01
2.550000e-01  2.627478e-01
2.580000e-01  2.616822e-01
2.610000e-01  2.606310e-01
2.640000e-01  2.595937e-01
2.670000e-01  2.585702e-01
2.700000e-01  2.575599e-01
2.730000e-01  2.565626e-01
2.760000e-01  2.555780e-01
2.790000e-01  2.546058e-01
2.820000e-01  2.536457e-01
2.850000e-01  2.526974e-01
2.880000e-01  2.517607e-01
2.910000e-01  2.508352e-01
2.940000e-01  2.499207e-01
2.970000e-01  2.490170e-01
3.000000e-01  2.481238e-01
3.030000e-01  2.472410e-01
3.060000e-01  2.463682e-01
3.090000e-01  2.455053e-01
3.120000e-01  2.446520e-01
3.150000e-01  2.438082e-01
3.180000e-01  2.429736e-01
3.210000e-01  2.421481e-01
3.240000e-01  2.413315e-01
3.270000e-01  2.405235e-01
3.300000e-01  2.397241e-01
3.330000e-01  2.389330e-01
3.360000e-01  2.381501e-01
3.390000e-01  2.373752e-01
3.420000e-01  2.366082e-01
3.450000e-01  2.358489e-01
3.480000e-01  2.350971e-01
3.510000e-01  2.343528e-01
3.540000e-01  2.336158e-01
3.570000e-01  2.328859e-01
3.600000e-01  2.321630e-01
3.630000e-01  2.314470e-01
3.660000e-01  2.307377e-01
3.690000e-01  2.300351e-01
3.720000e-01  2.293391e-01
3.750000e-01  2.286494e-01
3.780000e-01  2.279660e-01
3.810000e-01  2.272887e-01
3.840000e-01  2.266176e-01
3.870000e-01  2.259524e-01
3.900000e-01  2.252931e-01
3.930000e-01  2.246395e-01
3.960000e-01  2.239916e-01
3.990000e-01  2.233493e-01
4.020000e-01  2.227125e-01
4.050000e-01  2.220810e-01
4.080000e-01  2.214549e-01
4.110000e-01  2.208339e-01
4.140000e-01  2.202181e-01
4.170000e-01  2.196074e-01
4.200000e-01  2.190016e-01
4.230000e-01  2.184007e-01
4.260000e-01  2.178046e-01
4.290000e-01  2.172132e-01
4.320000e-01  2.166265e-01
4.350000e-01  2.160444e-01
4.380000e-01  2.154668e-01
4.410000e-01  2.148937e-01
4.440000e-01  2.143249e-01
4.470000e-01  2.137605e-01
4.500000e-01  2.132003e-01
4.530000e-01  2.126443e-01
4.560000e-01  2.120925e-01
4.590000e-01  2.115447e-01
4.620000e-01  2.110009e-01
4.650000e-01  2.104611e-01
4.680000e-01  2.099251e-01
4.710000e-01  2.093930e-01
4.740000e-01  2.088647e-01
4.770000e-01  2.083402e-01
4.800000e-01  2.078193e-01
4.830000e-01  2.073020e-01
4.860000e-01  2.067883e-01
4.890000e-01  2.062781e-01
4.920000e-01  2.057715e-01
4.950000e-01  2.052682e-01
4.980000e-01  2.047683e-01
5.010000e-01  2.042718e-01
5.040000e-01  2.037786e-01
5.070000e-01  2.032886e-01
5.100000e-01  2.028018e-01
5.130000e-01  2.023182e-01
5.160000e-01  2.018378e-01
5.190000e-01  2.013604e-01
5.220000e-01  2.008860e-01
5.250000e-01  2.004147e-01
5.280000e-01  1.999463e-01
5.310000e-01  1.994809e-01
5.340000e-01  1.990183e-01
5.370000e-01  1.985586e-01
5.400000e-01  1.981017e-01
5.430000e-01  1.976477e-01
5.460000e-01  1.971963e-01
5.490000e-01  1.967477e-01
5.520000e-01  1.963017e-01
5.550000e-01  1.958585e-01
5.580000e-01  1.954178e-01
5.610000e-01  1.949797e-01
5.640000e-01  1.945442e-01
5.670000e-01  1.941112e-01
5.700000e-01  1.936806e-01
5.730000e-01  1.932526e-01
5.760000e-01  1.928270e-01
5.790000e-01  1.924038e-01
5.820000e-01  1.919829e-01
5.850000e-01  1.915645e-01
5.880000e-01  1.911483e-01
5.910000e-01  1.907345e-01
5.940000e-01  1.903229e-01
5.970000e-01  1.899135e-01
6.000000e-01  1.895064e-01
6.030000e-01  1.891015e-01
6.060000e-01  1.886987e-01
6.090000e-01  1.882981e-01
6.120000e-01  1.878996e-01
6.150000e-01  1.875032e-01
6.180000e-01  1.871089e-01
6.210000e-01  1.867166e-01
6.240000e-01  1.863264e-01
6.270000e-01  1.859382e-01
6.300000e-01  1.855519e-01
6.330000e-01  1.851676e-01
6.360000e-01  1.847853e-01
6.390000e-01  1.844048e-01
6.420000e-01  1.840263e-01
6.450000e-01  1.836497e-01
6.480000e-01  1.832749e-01
6.510000e-01  1.829019e-01
6.540000e-01  1.825308e-01
6.570000e-01  1.821615e-01
6.600000e-01  1.817940e-01
6.630000e-01  1.814282e-01
6.660000e-01  1.810642e-01
6.690000e-01  1.807019e-01
6.720000e-01  1.803413e-01
6.750000e-01  1.799824e-01
6.780000e-01  1.796252e-01
6.810000e-01  1.792696e-01
6.840000e-01  1.789157e-01
6.870000e-01  1.785634e-01
6.900000e-01  1.782127e-01
6.930000e-01  1.778637e-01
6.960000e-01  1.775162e-01
6.990000e-01  1.771702e-01
7.020000e-01  1.768258e-01
7.050000e-01  1.764829e-01
7.080000e-01  1.761416e-01
7.110000e-01  1.758017e-01
7.140000e-01  1.754633e-01
7.170000e-01  1.751264e-01
7.200000e-01  1.747910e-01
7.230000e-01  1.744570e-01
7.260000e-01  1.741244e-01
7.290000e-01  1.737933e-01
7.320000e-01  1.734635e-01
7.350000e-01  1.731352e-01
7.380000e-01  1.728082e-01
7.410000e-01  1.724825e-01
7.440000e-01  1.721583e-01
7.470000e-01  1.718353e-01
7.500000e-01  1.715137e-01
7.530000e-01  1.711934e-01
7.560000e-01  1.708744e-01
7.590000e-01  1.705567e-01
7.620000e-01  1.702402e-01
7.650000e-01  1.699251e-01
7.680000e-01  1.696111e-01
7.710000e-01  1.692984e-01
7.740000e-01  1.689870e-01
7.770000e-01  1.686767e-01
7.800000e-01  1.683677e-01
7.830000e-01  1.680599e-01
7.860000e-01  1.677532e-01
7.890000e-01  1.674477e-01
7.920000e-01  1.671434e-01
7.950000e-01  1.668403e-01
7.980000e-01  1.665382e-01
8.010000e-01  1.662374e-01
8.040000e-01  1.659376e-01
8.070000e-01  1.656389e-01
8.100000e-01  1.653414e-01
8.130000e-01  1.650449e-01
8.160000e-01  1.647496e-01
8.190000e-01  1.644553e-01
8.220000e-01  1.641620e-01
8.250000e-01  1.638699e-01
8.280000e-01  1.635787e-01
8.310000e-01  1.632886e-01
8.340000e-01  1.629995e-01
8.370000e-01  1.627115e-01
8.400000e-01  1.624245e-01
8.430000e-01  1.621384e-01
8.460000e-01  1.618534e-01
8.490000e-01  1.615693e-01
8.520000e-01  1.612862e-01
8.550000e-01  1.610041e-01
8.580000e-01  1.607229e-01
8.610000e-01  1.604427e-01
8.640000e-01  1.601635e-01
8.670000e-01  1.598851e-01
8.700000e-01  1.596077e-01
8.730000e-01  1.593312e-01
8.760000e-01  1.590557e-01
8.790000e-01  1.587810e-01
8.820000e-01  1.585072e-01
8.850000e-01  1.582343e-01
8.880000e-01  1.579623e-01
8.910000e-01  1.576912e-01
8.940000e-01  1.574209e-01
8.970000e-01  1.571515e-01
9.000000e-01  1.568829e-01
9.030000e-01  1.566152e-01
9.060000e-01  1.563484e-01
9.090000e-01  1.560823e-01
9.120000e-01  1.558171e-01
9.150000e-01  1.555527e-01
9.180000e-01  1.552891e-01
9.210000e-01  1.550263e-01
9.240000e-01  1.547643e-01
9.270000e-01  1.545031e-01
9.300000e-01  1.542427e-01
9.330000e-01  1.539831e-01
9.360000e-01  1.537242e-01
9.390000e-01  1.534661e-01
9.420000e-01  1.532088e-01
9.450000e-01  1.529522e-01
9.480000e-01  1.526963e-01
9.510000e-01  1.524412e-01
9.540000e-01  1.521869e-01
9.570000e-01  1.519332e-01
9.600000e-01  1.516803e-01
9.630000e-01  1.514281e-01
9.660000e-01  1.511766e-01
9.690000e-01  1.509258e-01
9.720000e-01  1.506757e-01
9.750000e-01  1.504264e-01
9.780000e-01  1.501777e-01
9.810000e-01  1.499296e-01
9.840000e-01  1.496823e-01
9.870000e-01  1.494356e-01
9.900000e-01  1.491896e-01
9.930000e-01  1.489443e-01
9.960000e-01  1.486996e-01
9.990000e-01  1.484556e-01
