000000  000001
3.000000e-03  8.920447e-01
6.000000e-03  8.273353e-01
9.000000e-03  7.812693e-01
1.200000e-02  7.456534e-01
1.500000e-02  7.167224e-01
1.800000e-02  6.924298e-01
2.100000e-02  6.715398e-01
2.400000e-02  6.532489e-01
2.700000e-02  6.370057e-01
3.000000e-02  6.224158e-01
3.300000e-02  6.091875e-01
3.600000e-02  5.970991e-01
3.900000e-02  5.859781e-01
4.200000e-02  5.756880e-01
4.500000e-02  5.661189e-01
4.800000e-02  5.571809e-01
5.100000e-02  5.487996e-01
5.400000e-02  5.409129e-01
5.700000e-02  5.334685e-01
6.000000e-02  5.264215e-01
6.300000e-02  5.197336e-01
6.600000e-02  5.133717e-01
6.900000e-02  5.073068e-01
7.200000e-02  5.015138e-01
7.500000e-02  4.959703e-01
7.800000e-02  4.906566e-01
8.100000e-02  4.855554e-01
8.400000e-02  4.806509e-01
8.700000e-02  4.759292e-01
9.000000e-02  4.713778e-01
9.300000e-02  4.669852e-01
9.600000e-02  4.627412e-01
9.900000e-02  4.586364e-01
1.020000e-01  4.546624e-01
1.050000e-01  4.508113e-01
1.080000e-01  4.470761e-01
1.110000e-01  4.434502e-01
1.140000e-01  4.399277e-01
1.170000e-01  4.365030e-01
1.200000e-01  4.331709e-01
1.230000e-01  4.299268e-01
1.260000e-01  4.267663e-01
1.290000e-01  4.236852e-01
1.320000e-01  4.206798e-01
1.350000e-01  4.177466e-01
1.380000e-01  4.148822e-01
1.410000e-01  4.120836e-01
1.440000e-01  4.093478e-01
1.470000e-01  4.066723e-01
1.500000e-01  4.040543e-01
1.530000e-01  4.014916e-01
1.560000e-01  3.989819e-01
1.590000e-01  3.965231e-01
1.620000e-01  3.941131e-01
1.650000e-01  3.917501e-01
1.680000e-01  3.894323e-01
1.710000e-01  3.871581e-01
1.740000e-01  3.849258e-01
1.770000e-01  3.827339e-01
1.800000e-01  3.805810e-01
1.830000e-01  3.784657e-01
1.860000e-01  3.763867e-01
1.890000e-01  3.743428e-01
1.920000e-01  3.723328e-01
1.950000e-01  3.703557e-01
1.980000e-01  3.684102e-01
2.010000e-01  3.664955e-01
2.040000e-01  3.646105e-01
2.070000e-01  3.627544e-01
2.100000e-01  3.609262e-01
2.130000e-01  3.591251e-01
2.160000e-01  3.573503e-01
2.190000e-01  3.556010e-01
2.220000e-01  3.538765e-01
2.250000e-01  3.521760e-01
2.280000e-01  3.504989e-01
2.310000e-01  3.488445e-01
2.340000e-01  3.472121e-01
2.370000e-01  3.456013e-01
2.400000e-01  3.440113e-01
2.430000e-01  3.424417e-01
2.460000e-01  3.408919e-01
2.490000e-01  3.393613e-01
2.520000e-01  3.378495e-01
2.550000e-01  3.363560e-01
2.580000e-01  3.348804e-01
2.610000e-01  3.334221e-01
2.640000e-01  3.319807e-01
2.670000e-01  3.305559e-01
2.700000e-01  3.291472e-01
2.730000e-01  3.277543e-01
2.760000e-01  3.263767e-01
2.790000e-01  3.250141e-01
2.820000e-01  3.236662e-01
2.850000e-01  3.223325e-01
2.880000e-01  3.210129e-01
2.910000e-01  3.197068e-01
2.940000e-01  3.184142e-01
2.970000e-01  3.171346e-01
3.000000e-01  3.158677e-01
3.030000e-01  3.146133e-01
3.060000e-01  3.133711e-01
3.090000e-01  3.121409e-01
3.120000e-01  3.109223e-01
3.150000e-01  3.097152e-01
3.180000e-01  3.085192e-01
3.210000e-01  3.073342e-01
3.240000e-01  3.061600e-01
3.270000e-01  3.049962e-01
3.300000e-01  3.038427e-01
3.330000e-01  3.026993e-01
3.360000e-01  3.015658e-01
3.390000e-01  3.004419e-01
3.420000e-01  2.993275e-01
3.450000e-01  2.982224e-01
3.480000e-01  2.971264e-01
3.510000e-01  2.960393e-01
3.540000e-01  2.949610e-01
3.570000e-01  2.938913e-01
3.600000e-01  2.928300e-01
3.630000e-01  2.917769e-01
3.660000e-01  2.907319e-01
3.690000e-01  2.896949e-01
3.720000e-01  2.886657e-01
3.750000e-01  2.876441e-01
3.780000e-01  2.866301e-01
3.810000e-01  2.856233e-01
3.840000e-01  2.846239e-01
3.870000e-01  2.836315e-01
3.900000e-01  2.826461e-01
3.930000e-01  2.816675e-01
3.960000e-01  2.806956e-01
3.990000e-01  2.797304e-01
4.020000e-01  2.787716e-01
4.050000e-01  2.778192e-01
4.080000e-01  2.768730e-01
4.110000e-01  2.759329e-01
4.140000e-01  2.749989e-01
4.170000e-01  2.740708e-01
4.200000e-01  2.731485e-01
4.230000e-01  2.722319e-01
4.260000e-01  2.713209e-01
4.290000e-01  2.704155e-01
4.320000e-01  2.695154e-01
4.350000e-01  2.686207e-01
4.380000e-01  2.677312e-01
4.410000e-01  2.668468e-01
4.440000e-01  2.659675e-01
4.470000e-01  2.650931e-01
4.500000e-01  2.642236e-01
4.530000e-01  2.633590e-01
4.560000e-01  2.624990e-01
4.590000e-01  2.616436e-01
4.620000e-01  2.607928e-01
4.650000e-01  2.599465e-01
4.680000e-01  2.591045e-01
4.710000e-01  2.582669e-01
4.740000e-01  2.574335e-01
4.770000e-01  2.566042e-01
4.800000e-01  2.557791e-01
4.830000e-01  2.549580e-01
4.860000e-01  2.541408e-01
4.890000e-01  2.533275e-01
4.920000e-01  2.525180e-01
4.950000e-01  2.517123e-01
4.980000e-01  2.509103e-01
5.010000e-01  2.501119e-01
5.040000e-01  2.493170e-01
5.070000e-01  2.485257e-01
5.100000e-01  2.477377e-01
5.130000e-01  2.469532e-01
5.160000e-01  2.461719e-01
5.190000e-01  2.453939e-01
5.220000e-01  2.446191e-01
5.250000e-01  2.438474e-01
5.280000e-01  2.430788e-01
5.310000e-01  2.423132e-01
5.340000e-01  2.415506e-01
5.370000e-01  2.407909e-01
5.400000e-01  2.400340e-01
5.430000e-01  2.392799e-01
5.460000e-01  2.385286e-01
5.490000e-01  2.377799e-01
5.520000e-01  2.370339e-01
5.550000e-01  2.362905e-01
5.580000e-01  2.355496e-01
5.610000e-01  2.348112e-01
5.640000e-01  2.340753e-01
5.670000e-01  2.333417e-01
5.700000e-01  2.326104e-01
5.730000e-01  2.318814e-01
5.760000e-01  2.311547e-01
5.790000e-01  2.304302e-01
5.820000e-01  2.297077e-01
5.850000e-01  2.289874e-01
5.880000e-01  2.282691e-01
5.910000e-01  2.275528e-01
5.940000e-01  2.268385e-01
5.970000e-01  2.261260e-01
6.000000e-01  2.254154e-01
6.030000e-01  2.247067e-01
6.060000e-01  2.239996e-01
6.090000e-01  2.232943e-01
6.120000e-01  2.225907e-01
6.150000e-01  2.218886e-01
6.180000e-01  2.211882e-01
6.210000e-01  2.204892e-01
6.240000e-01  2.197918e-01
6.270000e-01  2.190958e-01
6.300000e-01  2.184011e-01
6.330000e-01  2.177079e-01
6.360000e-01  2.170159e-01
6.390000e-01  2.163252e-01
6.420000e-01  2.156356e-01
6.450000e-01  2.149473e-01
6.480000e-01  2.142600e-01
6.510000e-01  2.135738e-01
6.540000e-01  2.128887e-01
6.570000e-01  2.122045e-01
6.600000e-01  2.115212e-01
6.630000e-01  2.108389e-01
6.660000e-01  2.101573e-01
6.690000e-01  2.094765e-01
6.720000e-01  2.087965e-01
6.750000e-01  2.081171e-01
6.780000e-01  2.074384e-01
6.810000e-01  2.067603e-01
6.840000e-01  2.060827e-01
6.870000e-01  2.054056e-01
6.900000e-01  2.047289e-01
6.930000e-01  2.040527e-01
6.960000e-01  2.033767e-01
6.990000e-01  2.027010e-01
7.020000e-01  2.020256e-01
7.050000e-01  2.013503e-01
7.080000e-01  2.006751e-01
7.110000e-01  2.000000e-01
7.140000e-01  000000
7.170000e-01  000000
7.200000e-01  000000
7.230000e-01  000000
7.260000e-01  000000
7.290000e-01  000000
7.320000e-01  000000
7.350000e-01  000000
7.380000e-01  000000
7.410000e-01  000000
7.440000e-01  000000
7.470000e-01  000000
7.500000e-01  000000
7.530000e-01  000000
7.560000e-01  000000
7.590000e-01  000000
7.620000e-01  000000
7.650000e-01  000000
7.680000e-01  000000
7.710000e-01  000000
7.740000e-01  000000
7.770000e-01  000000
7.800000e-01  000000
7.830000e-01  000000
7.860000e-01  000000
7.890000e-01  000000
7.920000e-01  000000
7.950000e-01  000000
7.980000e-01  000000
8.010000e-01  000000
8.040000e-01  000000
8.070000e-01  000000
8.100000e-01  000000
8.130000e-01  000000
8.160000e-01  000000
8.190000e-01  000000
8.220000e-01  000000
8.250000e-01  000000
8.280000e-01  000000
8.310000e-01  000000
8.340000e-01  000000
8.370000e-01  000000
8.400000e-01  000000
8.430000e-01  000000
8.460000e-01  000000
8.490000e-01  000000
8.520000e-01  000000
8.550000e-01  000000
8.580000e-01  000000
8.610000e-01  000000
8.640000e-01  000000
8.670000e-01  000000
8.700000e-01  000000
8.730000e-01  000000
8.760000e-01  000000
8.790000e-01  000000
8.820000e-01  000000
8.850000e-01  000000
8.880000e-01  000000
8.910000e-01  000000
8.940000e-01  000000
8.970000e-01  000000
9.000000e-01  000000
9.030000e-01  000000
9.060000e-01  000000
9.090000e-01  000000
9.120000e-01  000000
9.150000e-01  000000
9.180000e-01  000000
9.210000e-01  000000
9.240000e-01  000000
9.270000e-01  000000
9.300000e-01  000000
9.330000e-01  000000
9.360000e-01  000000
9.390000e-01  000000
9.420000e-01  000000
9.450000e-01  000000
9.480000e-01  000000
9.510000e-01  000000
9.540000e-01  000000
9.570000e-01  000000
9.600000e-01  000000
9.630000e-01  000000
9.660000e-01  000000
9.690000e-01  000000
9.720000e-01  000000
9.750000e-01  000000
9.780000e-01  000000
9.810000e-01  000000
9.840000e-01  000000
9.870000e-01  000000
9.900000e-01  000000
9.930000e-01  000000
9.960000e-01  000000
9.990000e-01  000000
