000000  000001
3.000000e-03  8.833370e-01
6.000000e-03  8.157345e-01
9.000000e-03  7.683012e-01
1.200000e-02  7.319346e-01
1.500000e-02  7.025580e-01
1.800000e-02  6.779899e-01
2.100000e-02  6.569268e-01
2.400000e-02  6.385281e-01
2.700000e-02  6.222206e-01
3.000000e-02  6.075961e-01
3.300000e-02  5.943539e-01
3.600000e-02  5.822662e-01
3.900000e-02  5.711566e-01
4.200000e-02  5.608856e-01
4.500000e-02  5.513410e-01
4.800000e-02  5.424315e-01
5.100000e-02  5.340816e-01
5.400000e-02  5.262284e-01
5.700000e-02  5.188186e-01
6.000000e-02  5.118071e-01
6.300000e-02  5.051551e-01
6.600000e-02  4.988293e-01
6.900000e-02  4.928004e-01
7.200000e-02  4.870430e-01
7.500000e-02  4.815349e-01
7.800000e-02  4.762560e-01
8.100000e-02  4.711890e-01
8.400000e-02  4.663182e-01
8.700000e-02  4.616294e-01
9.000000e-02  4.571102e-01
9.300000e-02  4.527491e-01
9.600000e-02  4.485357e-01
9.900000e-02  4.444609e-01
1.020000e-01  4.405161e-01
1.050000e-01  4.366934e-01
1.080000e-01  4.329858e-01
1.110000e-01  4.293869e-01
1.140000e-01  4.258905e-01
1.170000e-01  4.224911e-01
1.200000e-01  4.191837e-01
1.230000e-01  4.159635e-01
1.260000e-01  4.128262e-01
1.290000e-01  4.097677e-01
1.320000e-01  4.067841e-01
1.350000e-01  4.038721e-01
1.380000e-01  4.010282e-01
1.410000e-01  3.982494e-01
1.440000e-01  3.955329e-01
1.470000e-01  3.928759e-01
1.500000e-01  3.902760e-01
1.530000e-01  3.877306e-01
1.560000e-01  3.852377e-01
1.590000e-01  3.827951e-01
1.620000e-01  3.804008e-01
1.650000e-01  3.780529e-01
1.680000e-01  3.757497e-01
1.710000e-01  3.734894e-01
1.740000e-01  3.712706e-01
1.770000e-01  3.690917e-01
1.800000e-01  3.669512e-01
1.830000e-01  3.648479e-01
1.860000e-01  3.627804e-01
1.890000e-01  3.607475e-01
1.920000e-01  3.587480e-01
1.950000e-01  3.567809e-01
1.980000e-01  3.548450e-01
2.010000e-01  3.529395e-01
2.040000e-01  3.510632e-01
2.070000e-01  3.492153e-01
2.100000e-01  3.473950e-01
2.130000e-01  3.456013e-01
2.160000e-01  3.438335e-01
2.190000e-01  3.420907e-01
2.220000e-01  3.403724e-01
2.250000e-01  3.386776e-01
2.280000e-01  3.370059e-01
2.310000e-01  3.353565e-01
2.340000e-01  3.337287e-01
2.370000e-01  3.321221e-01
2.400000e-01  3.305360e-01
2.430000e-01  3.289698e-01
2.460000e-01  3.274231e-01
2.490000e-01  3.258952e-01
2.520000e-01  3.243858e-01
2.550000e-01  3.228943e-01
2.580000e-01  3.214203e-01
2.610000e-01  3.199633e-01
2.640000e-01  3.185229e-01
2.670000e-01  3.170987e-01
2.700000e-01  3.156903e-01
2.730000e-01  3.142972e-01
2.760000e-01  3.129192e-01
2.790000e-01  3.115559e-01
2.820000e-01  3.102069e-01
2.850000e-01  3.088718e-01
2.880000e-01  3.075504e-01
2.910000e-01  3.062423e-01
2.940000e-01  3.049472e-01
2.970000e-01  3.036649e-01
3.000000e-01  3.023950e-01
3.030000e-01  3.011372e-01
3.060000e-01  2.998914e-01
3.090000e-01  2.986571e-01
3.120000e-01  2.974342e-01
3.150000e-01  2.962224e-01
3.180000e-01  2.950215e-01
3.210000e-01  2.938313e-01
3.240000e-01  2.926514e-01
3.270000e-01  2.914817e-01
3.300000e-01  2.903220e-01
3.330000e-01  2.891721e-01
3.360000e-01  2.880317e-01
3.390000e-01  2.869007e-01
3.420000e-01  2.857788e-01
3.450000e-01  2.846660e-01
3.480000e-01  2.835619e-01
3.510000e-01  2.824664e-01
3.540000e-01  2.813794e-01
3.570000e-01  2.803006e-01
3.600000e-01  2.792299e-01
3.630000e-01  2.781672e-01
3.660000e-01  2.771123e-01
3.690000e-01  2.760650e-01
3.720000e-01  2.750251e-01
3.750000e-01  2.739926e-01
3.780000e-01  2.729673e-01
3.810000e-01  2.719490e-01
3.840000e-01  2.709377e-01
3.870000e-01  2.699331e-01
3.900000e-01  2.689351e-01
3.930000e-01  2.679437e-01
3.960000e-01  2.669586e-01
3.990000e-01  2.659798e-01
4.020000e-01  2.650072e-01
4.050000e-01  2.640406e-01
4.080000e-01  2.630799e-01
4.110000e-01  2.621249e-01
4.140000e-01  2.611757e-01
4.170000e-01  2.602320e-01
4.200000e-01  2.592938e-01
4.230000e-01  2.583610e-01
4.260000e-01  2.574335e-01
4.290000e-01  2.565110e-01
4.320000e-01  2.555937e-01
4.350000e-01  2.546813e-01
4.380000e-01  2.537738e-01
4.410000e-01  2.528710e-01
4.440000e-01  2.519729e-01
4.470000e-01  2.510794e-01
4.500000e-01  2.501904e-01
4.530000e-01  2.493059e-01
4.560000e-01  2.484256e-01
4.590000e-01  2.475496e-01
4.620000e-01  2.466777e-01
4.650000e-01  2.458099e-01
4.680000e-01  2.449461e-01
4.710000e-01  2.440862e-01
4.740000e-01  2.432301e-01
4.770000e-01  2.423778e-01
4.800000e-01  2.415291e-01
4.830000e-01  2.406841e-01
4.860000e-01  2.398425e-01
4.890000e-01  2.390045e-01
4.920000e-01  2.381697e-01
4.950000e-01  2.373383e-01
4.980000e-01  2.365101e-01
5.010000e-01  2.356851e-01
5.040000e-01  2.348631e-01
5.070000e-01  2.340442e-01
5.100000e-01  2.332282e-01
5.130000e-01  2.324151e-01
5.160000e-01  2.316048e-01
5.190000e-01  2.307973e-01
5.220000e-01  2.299924e-01
5.250000e-01  2.291901e-01
5.280000e-01  2.283904e-01
5.310000e-01  2.275931e-01
5.340000e-01  2.267983e-01
5.370000e-01  2.260058e-01
5.400000e-01  2.252156e-01
5.430000e-01  2.244276e-01
5.460000e-01  2.236418e-01
5.490000e-01  2.228580e-01
5.520000e-01  2.220763e-01
5.550000e-01  2.212966e-01
5.580000e-01  2.205187e-01
5.610000e-01  2.197427e-01
5.640000e-01  2.189685e-01
5.670000e-01  2.181960e-01
5.700000e-01  2.174251e-01
5.730000e-01  2.166558e-01
5.760000e-01  2.158880e-01
5.790000e-01  2.151217e-01
5.820000e-01  2.143568e-01
5.850000e-01  2.135932e-01
5.880000e-01  2.128308e-01
5.910000e-01  2.120697e-01
5.940000e-01  2.113097e-01
5.970000e-01  2.105508e-01
6.000000e-01  2.097929e-01
6.030000e-01  2.090359e-01
6.060000e-01  2.082797e-01
6.090000e-01  2.075244e-01
6.120000e-01  2.067699e-01
6.150000e-01  2.060159e-01
6.180000e-01  2.052626e-01
6.210000e-01  2.045098e-01
6.240000e-01  2.037575e-01
6.270000e-01  2.030055e-01
6.300000e-01  2.022539e-01
6.330000e-01  2.015025e-01
6.360000e-01  2.007512e-01
6.390000e-01  2.000000e-01
6.420000e-01  000000
6.450000e-01  000000
6.480000e-01  000000
6.510000e-01  000000
6.540000e-01  000000
6.570000e-01  000000
6.600000e-01  000000
6.630000e-01  000000
6.660000e-01  000000
6.690000e-01  000000
6.720000e-01  000000
6.750000e-01  000000
6.780000e-01  000000
6.810000e-01  000000
6.840000e-01  000000
6.870000e-01  000000
6.900000e-01  000000
6.930000e-01  000000
6.960000e-01  000000
6.990000e-01  000000
7.020000e-01  000000
7.050000e-01  000000
7.080000e-01  000000
7.110000e-01  000000
7.140000e-01  000000
7.170000e-01  000000
7.200000e-01  000000
7.230000e-01  000000
7.260000e-01  000000
7.290000e-01  000000
7.320000e-01  000000
7.350000e-01  000000
7.380000e-01  000000
7.410000e-01  000000
7.440000e-01  000000
7.470000e-01  000000
7.500000e-01  000000
7.530000e-01  000000
7.560000e-01  000000
7.590000e-01  000000
7.620000e-01  000000
7.650000e-01  000000
7.680000e-01  000000
7.710000e-01  000000
7.740000e-01  000000
7.770000e-01  000000
7.800000e-01  000000
7.830000e-01  000000
7.860000e-01  000000
7.890000e-01  000000
7.920000e-01  000000
7.950000e-01  000000
7.980000e-01  000000
8.010000e-01  000000
8.040000e-01  000000
8.070000e-01  000000
8.100000e-01  000000
8.130000e-01  000000
8.160000e-01  000000
8.190000e-01  000000
8.220000e-01  000000
8.250000e-01  000000
8.280000e-01  000000
8.310000e-01  000000
8.340000e-01  000000
8.370000e-01  000000
8.400000e-01  000000
8.430000e-01  000000
8.460000e-01  000000
8.490000e-01  000000
8.520000e-01  000000
8.550000e-01  000000
8.580000e-01  000000
8.610000e-01  000000
8.640000e-01  000000
8.670000e-01  000000
8.700000e-01  000000
8.730000e-01  000000
8.760000e-01  000000
8.790000e-01  000000
8.820000e-01  000000
8.850000e-01  000000
8.880000e-01  000000
8.910000e-01  000000
8.940000e-01  000000
8.970000e-01  000000
9.000000e-01  000000
9.030000e-01  000000
9.060000e-01  000000
9.090000e-01  000000
9.120000e-01  000000
9.150000e-01  000000
9.180000e-01  000000
9.210000e-01  000000
9.240000e-01  000000
9.270000e-01  000000
9.300000e-01  000000
9.330000e-01  000000
9.360000e-01  000000
9.390000e-01  000000
9.420000e-01  000000
9.450000e-01  000000
9.480000e-01  000000
9.510000e-01  000000
9.540000e-01  000000
9.570000e-01  000000
9.600000e-01  000000
9.630000e-01  000000
9.660000e-01  000000
9.690000e-01  000000
9.720000e-01  000000
9.750000e-01  000000
9.780000e-01  000000
9.810000e-01  000000
9.840000e-01  000000
9.870000e-01  000000
9.900000e-01  000000
9.930000e-01  000000
9.960000e-01  000000
9.990000e-01  000000
