000000  000001
3.000000e-03  9.287537e-01
6.000000e-03  8.790506e-01
9.000000e-03  8.409408e-01
1.200000e-02  8.101039e-01
1.500000e-02  7.842596e-01
1.800000e-02  7.620543e-01
2.100000e-02  7.426179e-01
2.400000e-02  7.253578e-01
2.700000e-02  7.098522e-01
3.000000e-02  6.957902e-01
3.300000e-02  6.829363e-01
3.600000e-02  6.711075e-01
3.900000e-02  6.601593e-01
4.200000e-02  6.499753e-01
4.500000e-02  6.404604e-01
4.800000e-02  6.315361e-01
5.100000e-02  6.231367e-01
5.400000e-02  6.152067e-01
5.700000e-02  6.076990e-01
6.000000e-02  6.005730e-01
6.300000e-02  5.937936e-01
6.600000e-02  5.873302e-01
6.900000e-02  5.811563e-01
7.200000e-02  5.752482e-01
7.500000e-02  5.695850e-01
7.800000e-02  5.641484e-01
8.100000e-02  5.589217e-01
8.400000e-02  5.538902e-01
8.700000e-02  5.490405e-01
9.000000e-02  5.443606e-01
9.300000e-02  5.398396e-01
9.600000e-02  5.354675e-01
9.900000e-02  5.312354e-01
1.020000e-01  5.271350e-01
1.050000e-01  5.231587e-01
1.080000e-01  5.192997e-01
1.110000e-01  5.155515e-01
1.140000e-01  5.119082e-01
1.170000e-01  5.083645e-01
1.200000e-01  5.049152e-01
1.230000e-01  5.015557e-01
1.260000e-01  4.982817e-01
1.290000e-01  4.950891e-01
1.320000e-01  4.919742e-01
1.350000e-01  4.889334e-01
1.380000e-01  4.859635e-01
1.410000e-01  4.830613e-01
1.440000e-01  4.802240e-01
1.470000e-01  4.774489e-01
1.500000e-01  4.747334e-01
1.530000e-01  4.720751e-01
1.560000e-01  4.694718e-01
1.590000e-01  4.669213e-01
1.620000e-01  4.644216e-01
1.650000e-01  4.619708e-01
1.680000e-01  4.595671e-01
1.710000e-01  4.572088e-01
1.740000e-01  4.548944e-01
1.770000e-01  4.526221e-01
1.800000e-01  4.503907e-01
1.830000e-01  4.481986e-01
1.860000e-01  4.460447e-01
1.890000e-01  4.439276e-01
1.920000e-01  4.418461e-01
1.950000e-01  4.397992e-01
1.980000e-01  4.377856e-01
2.010000e-01  4.358044e-01
2.040000e-01  4.338546e-01
2.070000e-01  4.319353e-01
2.100000e-01  4.300454e-01
2.130000e-01  4.281843e-01
2.160000e-01  4.263509e-01
2.190000e-01  4.245446e-01
2.220000e-01  4.227646e-01
2.250000e-01  4.210101e-01
2.280000e-01  4.192804e-01
2.310000e-01  4.175749e-01
2.340000e-01  4.158929e-01
2.370000e-01  4.142338e-01
2.400000e-01  4.125970e-01
2.430000e-01  4.109819e-01
2.460000e-01  4.093879e-01
2.490000e-01  4.078146e-01
2.520000e-01  4.062613e-01
2.550000e-01  4.047276e-01
2.580000e-01  4.032131e-01
2.610000e-01  4.017172e-01
2.640000e-01  4.002396e-01
2.670000e-01  3.987797e-01
2.700000e-01  3.973371e-01
2.730000e-01  3.959116e-01
2.760000e-01  3.945026e-01
2.790000e-01  3.931098e-01
2.820000e-01  3.917328e-01
2.850000e-01  3.903713e-01
2.880000e-01  3.890249e-01
2.910000e-01  3.876933e-01
2.940000e-01  3.863763e-01
2.970000e-01  3.850733e-01
3.000000e-01  3.837843e-01
3.030000e-01  3.825088e-01
3.060000e-01  3.812467e-01
3.090000e-01  3.799975e-01
3.120000e-01  3.787612e-01
3.150000e-01  3.775373e-01
3.180000e-01  3.763256e-01
3.210000e-01  3.751260e-01
3.240000e-01  3.739381e-01
3.270000e-01  3.727618e-01
3.300000e-01  3.715968e-01
3.330000e-01  3.704428e-01
3.360000e-01  3.692998e-01
3.390000e-01  3.681674e-01
3.420000e-01  3.670455e-01
3.450000e-01  3.659339e-01
3.480000e-01  3.648324e-01
3.510000e-01  3.637408e-01
3.540000e-01  3.626589e-01
3.570000e-01  3.615866e-01
3.600000e-01  3.605237e-01
3.630000e-01  3.594699e-01
3.660000e-01  3.584253e-01
3.690000e-01  3.573895e-01
3.720000e-01  3.563624e-01
3.750000e-01  3.553440e-01
3.780000e-01  3.543340e-01
3.810000e-01  3.533323e-01
3.840000e-01  3.523387e-01
3.870000e-01  3.513532e-01
3.900000e-01  3.503755e-01
3.930000e-01  3.494057e-01
3.960000e-01  3.484434e-01
3.990000e-01  3.474887e-01
4.020000e-01  3.465414e-01
4.050000e-01  3.456013e-01
4.080000e-01  3.446684e-01
4.110000e-01  3.437425e-01
4.140000e-01  3.428235e-01
4.170000e-01  3.419114e-01
4.200000e-01  3.410060e-01
4.230000e-01  3.401072e-01
4.260000e-01  3.392149e-01
4.290000e-01  3.383290e-01
4.320000e-01  3.374495e-01
4.350000e-01  3.365761e-01
4.380000e-01  3.357089e-01
4.410000e-01  3.348478e-01
4.440000e-01  3.339925e-01
4.470000e-01  3.331432e-01
4.500000e-01  3.322996e-01
4.530000e-01  3.314617e-01
4.560000e-01  3.306294e-01
4.590000e-01  3.298026e-01
4.620000e-01  3.289813e-01
4.650000e-01  3.281654e-01
4.680000e-01  3.273548e-01
4.710000e-01  3.265493e-01
4.740000e-01  3.257491e-01
4.770000e-01  3.249539e-01
4.800000e-01  3.241637e-01
4.830000e-01  3.233785e-01
4.860000e-01  3.225981e-01
4.890000e-01  3.218226e-01
4.920000e-01  3.210518e-01
4.950000e-01  3.202856e-01
4.980000e-01  3.195241e-01
5.010000e-01  3.187672e-01
5.040000e-01  3.180147e-01
5.070000e-01  3.172667e-01
5.100000e-01  3.165230e-01
5.130000e-01  3.157837e-01
5.160000e-01  3.150486e-01
5.190000e-01  3.143178e-01
5.220000e-01  3.135911e-01
5.250000e-01  3.128685e-01
5.280000e-01  3.121500e-01
5.310000e-01  3.114354e-01
5.340000e-01  3.107248e-01
5.370000e-01  3.100181e-01
5.400000e-01  3.093153e-01
5.430000e-01  3.086163e-01
5.460000e-01  3.079210e-01
5.490000e-01  3.072294e-01
5.520000e-01  3.065415e-01
5.550000e-01  3.058572e-01
5.580000e-01  3.051765e-01
5.610000e-01  3.044994e-01
5.640000e-01  3.038257e-01
5.670000e-01  3.031555e-01
5.700000e-01  3.024886e-01
5.730000e-01  3.018252e-01
5.760000e-01  3.011651e-01
5.790000e-01  3.005082e-01
5.820000e-01  2.998546e-01
5.850000e-01  2.992042e-01
5.880000e-01  2.985570e-01
5.910000e-01  2.979130e-01
5.940000e-01  2.972720e-01
5.970000e-01  2.966341e-01
6.000000e-01  2.959992e-01
6.030000e-01  2.953674e-01
6.060000e-01  2.947384e-01
6.090000e-01  2.941125e-01
6.120000e-01  2.934894e-01
6.150000e-01  2.928691e-01
6.180000e-01  2.922517e-01
6.210000e-01  2.916371e-01
6.240000e-01  2.910253e-01
6.270000e-01  2.904162e-01
6.300000e-01  2.898098e-01
6.330000e-01  2.892060e-01
6.360000e-01  2.886049e-01
6.390000e-01  2.880065e-01
6.420000e-01  2.874106e-01
6.450000e-01  2.868173e-01
6.480000e-01  2.862265e-01
6.510000e-01  2.856382e-01
6.540000e-01  2.850524e-01
6.570000e-01  2.844690e-01
6.600000e-01  2.838881e-01
6.630000e-01  2.833096e-01
6.660000e-01  2.827334e-01
6.690000e-01  2.821596e-01
6.720000e-01  2.815881e-01
6.750000e-01  2.810189e-01
6.780000e-01  2.804519e-01
6.810000e-01  2.798872e-01
6.840000e-01  2.793248e-01
6.870000e-01  2.787645e-01
6.900000e-01  2.782064e-01
6.930000e-01  2.776505e-01
6.960000e-01  2.770967e-01
6.990000e-01  2.765450e-01
7.020000e-01  2.759954e-01
7.050000e-01  2.754479e-01
7.080000e-01  2.749024e-01
7.110000e-01  2.743589e-01
7.140000e-01  2.738174e-01
7.170000e-01  2.732779e-01
7.200000e-01  2.727404e-01
7.230000e-01  2.722048e-01
7.260000e-01  2.716712e-01
7.290000e-01  2.711394e-01
7.320000e-01  2.706095e-01
7.350000e-01  2.700815e-01
7.380000e-01  2.695553e-01
7.410000e-01  2.690309e-01
7.440000e-01  2.685084e-01
7.470000e-01  2.679876e-01
7.500000e-01  2.674686e-01
7.530000e-01  2.669514e-01
7.560000e-01  2.664358e-01
7.590000e-01  2.659220e-01
7.620000e-01  2.654099e-01
7.650000e-01  2.648995e-01
7.680000e-01  2.643907e-01
7.710000e-01  2.638836e-01
7.740000e-01  2.633781e-01
7.770000e-01  2.628742e-01
7.800000e-01  2.623720e-01
7.830000e-01  2.618713e-01
7.860000e-01  2.613721e-01
7.890000e-01  2.608745e-01
7.920000e-01  2.603785e-01
7.950000e-01  2.598839e-01
7.980000e-01  2.593909e-01
8.010000e-01  2.588993e-01
8.040000e-01  2.584093e-01
8.070000e-01  2.579206e-01
8.100000e-01  2.574335e-01
8.130000e-01  2.569477e-01
8.160000e-01  2.564634e-01
8.190000e-01  2.559804e-01
8.220000e-01  2.554988e-01
8.250000e-01  2.550186e-01
8.280000e-01  2.545398e-01
8.310000e-01  2.540623e-01
8.340000e-01  2.535861e-01
8.370000e-01  2.531113e-01
8.400000e-01  2.526377e-01
8.430000e-01  2.521655e-01
8.460000e-01  2.516945e-01
8.490000e-01  2.512247e-01
8.520000e-01  2.507563e-01
8.550000e-01  2.502890e-01
8.580000e-01  2.498230e-01
8.610000e-01  2.493582e-01
8.640000e-01  2.488945e-01
8.670000e-01  2.484321e-01
8.700000e-01  2.479708e-01
8.730000e-01  2.475107e-01
8.760000e-01  2.470518e-01
8.790000e-01  2.465940e-01
8.820000e-01  2.461373e-01
8.850000e-01  2.456817e-01
8.880000e-01  2.452272e-01
8.910000e-01  2.447738e-01
8.940000e-01  2.443215e-01
8.970000e-01  2.438702e-01
9.000000e-01  2.434200e-01
9.030000e-01  2.429709e-01
9.060000e-01  2.425227e-01
9.090000e-01  2.420756e-01
9.120000e-01  2.416295e-01
9.150000e-01  2.411844e-01
9.180000e-01  2.407403e-01
9.210000e-01  2.402972e-01
9.240000e-01  2.398550e-01
9.270000e-01  2.394138e-01
9.300000e-01  2.389735e-01
9.330000e-01  2.385341e-01
9.360000e-01  2.380957e-01
9.390000e-01  2.376582e-01
9.420000e-01  2.372216e-01
9.450000e-01  2.367858e-01
9.480000e-01  2.363510e-01
9.510000e-01  2.359170e-01
9.540000e-01  2.354839e-01
9.570000e-01  2.350516e-01
9.600000e-01  2.346202e-01
9.630000e-01  2.341896e-01
9.660000e-01  2.337598e-01
9.690000e-01  2.333308e-01
9.720000e-01  2.329026e-01
9.750000e-01  2.324753e-01
9.780000e-01  2.320486e-01
9.810000e-01  2.316228e-01
9.840000e-01  2.311977e-01
9.870000e-01  2.307734e-01
9.900000e-01  2.303498e-01
9.930000e-01  2.299269e-01
9.960000e-01  2.295048e-01
9.990000e-01  2.290833e-01
