000000  000001
3.000000e-03  9.216614e-01
6.000000e-03  8.686580e-01
9.000000e-03  8.286753e-01
1.200000e-02  7.966571e-01
1.500000e-02  7.700177e-01
1.800000e-02  7.472534e-01
2.100000e-02  7.274120e-01
2.400000e-02  7.098522e-01
2.700000e-02  6.941216e-01
3.000000e-02  6.798892e-01
3.300000e-02  6.669055e-01
3.600000e-02  6.549782e-01
3.900000e-02  6.439554e-01
4.200000e-02  6.337156e-01
4.500000e-02  6.241599e-01
4.800000e-02  6.152067e-01
5.100000e-02  6.067881e-01
5.400000e-02  5.988469e-01
5.700000e-02  5.913343e-01
6.000000e-02  5.842086e-01
6.300000e-02  5.774339e-01
6.600000e-02  5.709789e-01
6.900000e-02  5.648162e-01
7.200000e-02  5.589217e-01
7.500000e-02  5.532743e-01
7.800000e-02  5.478551e-01
8.100000e-02  5.426472e-01
8.400000e-02  5.376355e-01
8.700000e-02  5.328066e-01
9.000000e-02  5.281482e-01
9.300000e-02  5.236492e-01
9.600000e-02  5.192997e-01
9.900000e-02  5.150905e-01
1.020000e-01  5.110132e-01
1.050000e-01  5.070602e-01
1.080000e-01  5.032245e-01
1.110000e-01  4.994997e-01
1.140000e-01  4.958799e-01
1.170000e-01  4.923595e-01
1.200000e-01  4.889334e-01
1.230000e-01  4.855971e-01
1.260000e-01  4.823460e-01
1.290000e-01  4.791762e-01
1.320000e-01  4.760838e-01
1.350000e-01  4.730654e-01
1.380000e-01  4.701176e-01
1.410000e-01  4.672373e-01
1.440000e-01  4.644216e-01
1.470000e-01  4.616678e-01
1.500000e-01  4.589734e-01
1.530000e-01  4.563359e-01
1.560000e-01  4.537531e-01
1.590000e-01  4.512228e-01
1.620000e-01  4.487430e-01
1.650000e-01  4.463119e-01
1.680000e-01  4.439276e-01
1.710000e-01  4.415884e-01
1.740000e-01  4.392927e-01
1.770000e-01  4.370389e-01
1.800000e-01  4.348257e-01
1.830000e-01  4.326515e-01
1.860000e-01  4.305152e-01
1.890000e-01  4.284154e-01
1.920000e-01  4.263509e-01
1.950000e-01  4.243207e-01
1.980000e-01  4.223236e-01
2.010000e-01  4.203586e-01
2.040000e-01  4.184247e-01
2.070000e-01  4.165210e-01
2.100000e-01  4.146465e-01
2.130000e-01  4.128004e-01
2.160000e-01  4.109819e-01
2.190000e-01  4.091901e-01
2.220000e-01  4.074244e-01
2.250000e-01  4.056839e-01
2.280000e-01  4.039680e-01
2.310000e-01  4.022760e-01
2.340000e-01  4.006073e-01
2.370000e-01  3.989612e-01
2.400000e-01  3.973371e-01
2.430000e-01  3.957345e-01
2.460000e-01  3.941529e-01
2.490000e-01  3.925916e-01
2.520000e-01  3.910501e-01
2.550000e-01  3.895280e-01
2.580000e-01  3.880249e-01
2.610000e-01  3.865401e-01
2.640000e-01  3.850733e-01
2.670000e-01  3.836241e-01
2.700000e-01  3.821921e-01
2.730000e-01  3.807767e-01
2.760000e-01  3.793778e-01
2.790000e-01  3.779948e-01
2.820000e-01  3.766274e-01
2.850000e-01  3.752753e-01
2.880000e-01  3.739381e-01
2.910000e-01  3.726155e-01
2.940000e-01  3.713072e-01
2.970000e-01  3.700129e-01
3.000000e-01  3.687323e-01
3.030000e-01  3.674650e-01
3.060000e-01  3.662109e-01
3.090000e-01  3.649696e-01
3.120000e-01  3.637408e-01
3.150000e-01  3.625244e-01
3.180000e-01  3.613200e-01
3.210000e-01  3.601274e-01
3.240000e-01  3.589465e-01
3.270000e-01  3.577769e-01
3.300000e-01  3.566184e-01
3.330000e-01  3.554708e-01
3.360000e-01  3.543340e-01
3.390000e-01  3.532076e-01
3.420000e-01  3.520916e-01
3.450000e-01  3.509856e-01
3.480000e-01  3.498896e-01
3.510000e-01  3.488034e-01
3.540000e-01  3.477267e-01
3.570000e-01  3.466594e-01
3.600000e-01  3.456013e-01
3.630000e-01  3.445522e-01
3.660000e-01  3.435121e-01
3.690000e-01  3.424807e-01
3.720000e-01  3.414579e-01
3.750000e-01  3.404435e-01
3.780000e-01  3.394374e-01
3.810000e-01  3.384394e-01
3.840000e-01  3.374495e-01
3.870000e-01  3.364674e-01
3.900000e-01  3.354931e-01
3.930000e-01  3.345264e-01
3.960000e-01  3.335671e-01
3.990000e-01  3.326153e-01
4.020000e-01  3.316706e-01
4.050000e-01  3.307331e-01
4.080000e-01  3.298026e-01
4.110000e-01  3.288790e-01
4.140000e-01  3.279622e-01
4.170000e-01  3.270521e-01
4.200000e-01  3.261486e-01
4.230000e-01  3.252515e-01
4.260000e-01  3.243608e-01
4.290000e-01  3.234764e-01
4.320000e-01  3.225981e-01
4.350000e-01  3.217260e-01
4.380000e-01  3.208598e-01
4.410000e-01  3.199995e-01
4.440000e-01  3.191451e-01
4.470000e-01  3.182963e-01
4.500000e-01  3.174533e-01
4.530000e-01  3.166157e-01
4.560000e-01  3.157837e-01
4.590000e-01  3.149570e-01
4.620000e-01  3.141357e-01
4.650000e-01  3.133196e-01
4.680000e-01  3.125087e-01
4.710000e-01  3.117029e-01
4.740000e-01  3.109021e-01
4.770000e-01  3.101063e-01
4.800000e-01  3.093153e-01
4.830000e-01  3.085292e-01
4.860000e-01  3.077478e-01
4.890000e-01  3.069710e-01
4.920000e-01  3.061989e-01
4.950000e-01  3.054314e-01
4.980000e-01  3.046683e-01
5.010000e-01  3.039097e-01
5.040000e-01  3.031555e-01
5.070000e-01  3.024055e-01
5.100000e-01  3.016598e-01
5.130000e-01  3.009184e-01
5.160000e-01  3.001810e-01
5.190000e-01  2.994478e-01
5.220000e-01  2.987186e-01
5.250000e-01  2.979933e-01
5.280000e-01  2.972720e-01
5.310000e-01  2.965546e-01
5.340000e-01  2.958410e-01
5.370000e-01  2.951312e-01
5.400000e-01  2.944251e-01
5.430000e-01  2.937227e-01
5.460000e-01  2.930239e-01
5.490000e-01  2.923287e-01
5.520000e-01  2.916371e-01
5.550000e-01  2.909490e-01
5.580000e-01  2.902643e-01
5.610000e-01  2.895830e-01
5.640000e-01  2.889052e-01
5.670000e-01  2.882306e-01
5.700000e-01  2.875593e-01
5.730000e-01  2.868913e-01
5.760000e-01  2.862265e-01
5.790000e-01  2.855649e-01
5.820000e-01  2.849063e-01
5.850000e-01  2.842509e-01
5.880000e-01  2.835985e-01
5.910000e-01  2.829492e-01
5.940000e-01  2.823028e-01
5.970000e-01  2.816594e-01
6.000000e-01  2.810189e-01
6.030000e-01  2.803812e-01
6.060000e-01  2.797464e-01
6.090000e-01  2.791144e-01
6.120000e-01  2.784852e-01
6.150000e-01  2.778587e-01
6.180000e-01  2.772350e-01
6.210000e-01  2.766139e-01
6.240000e-01  2.759954e-01
6.270000e-01  2.753796e-01
6.300000e-01  2.747663e-01
6.330000e-01  2.741556e-01
6.360000e-01  2.735474e-01
6.390000e-01  2.729418e-01
6.420000e-01  2.723385e-01
6.450000e-01  2.717378e-01
6.480000e-01  2.711394e-01
6.510000e-01  2.705434e-01
6.540000e-01  2.699498e-01
6.570000e-01  2.693584e-01
6.600000e-01  2.687694e-01
6.630000e-01  2.681827e-01
6.660000e-01  2.675982e-01
6.690000e-01  2.670159e-01
6.720000e-01  2.664358e-01
6.750000e-01  2.658579e-01
6.780000e-01  2.652822e-01
6.810000e-01  2.647085e-01
6.840000e-01  2.641370e-01
6.870000e-01  2.635675e-01
6.900000e-01  2.630001e-01
6.930000e-01  2.624347e-01
6.960000e-01  2.618713e-01
6.990000e-01  2.613098e-01
7.020000e-01  2.607504e-01
7.050000e-01  2.601928e-01
7.080000e-01  2.596372e-01
7.110000e-01  2.590835e-01
7.140000e-01  2.585316e-01
7.170000e-01  2.579816e-01
7.200000e-01  2.574335e-01
7.230000e-01  2.568871e-01
7.260000e-01  2.563425e-01
7.290000e-01  2.557996e-01
7.320000e-01  2.552586e-01
7.350000e-01  2.547192e-01
7.380000e-01  2.541816e-01
7.410000e-01  2.536456e-01
7.440000e-01  2.531113e-01
7.470000e-01  2.525786e-01
7.500000e-01  2.520476e-01
7.530000e-01  2.515182e-01
7.560000e-01  2.509903e-01
7.590000e-01  2.504641e-01
7.620000e-01  2.499394e-01
7.650000e-01  2.494162e-01
7.680000e-01  2.488945e-01
7.710000e-01  2.483744e-01
7.740000e-01  2.478557e-01
7.770000e-01  2.473385e-01
7.800000e-01  2.468227e-01
7.830000e-01  2.463084e-01
7.860000e-01  2.457955e-01
7.890000e-01  2.452840e-01
7.920000e-01  2.447738e-01
7.950000e-01  2.442650e-01
7.980000e-01  2.437576e-01
8.010000e-01  2.432515e-01
8.040000e-01  2.427467e-01
8.070000e-01  2.422432e-01
8.100000e-01  2.417410e-01
8.130000e-01  2.412400e-01
8.160000e-01  2.407403e-01
8.190000e-01  2.402418e-01
8.220000e-01  2.397446e-01
8.250000e-01  2.392485e-01
8.280000e-01  2.387537e-01
8.310000e-01  2.382600e-01
8.340000e-01  2.377675e-01
8.370000e-01  2.372761e-01
8.400000e-01  2.367858e-01
8.430000e-01  2.362967e-01
8.460000e-01  2.358086e-01
8.490000e-01  2.353217e-01
8.520000e-01  2.348358e-01
8.550000e-01  2.343510e-01
8.580000e-01  2.338672e-01
8.610000e-01  2.333844e-01
8.640000e-01  2.329026e-01
8.670000e-01  2.324219e-01
8.700000e-01  2.319421e-01
8.730000e-01  2.314633e-01
8.760000e-01  2.309855e-01
8.790000e-01  2.305085e-01
8.820000e-01  2.300326e-01
8.850000e-01  2.295575e-01
8.880000e-01  2.290833e-01
8.910000e-01  2.286101e-01
8.940000e-01  2.281377e-01
8.970000e-01  2.276661e-01
9.000000e-01  2.271954e-01
9.030000e-01  2.267256e-01
9.060000e-01  2.262565e-01
9.090000e-01  2.257883e-01
9.120000e-01  2.253208e-01
9.150000e-01  2.248542e-01
9.180000e-01  2.243883e-01
9.210000e-01  2.239231e-01
9.240000e-01  2.234587e-01
9.270000e-01  2.229951e-01
9.300000e-01  2.225321e-01
9.330000e-01  2.220698e-01
9.360000e-01  2.216082e-01
9.390000e-01  2.211474e-01
9.420000e-01  2.206871e-01
9.450000e-01  2.202275e-01
9.480000e-01  2.197686e-01
9.510000e-01  2.193102e-01
9.540000e-01  2.188525e-01
9.570000e-01  2.183954e-01
9.600000e-01  2.179388e-01
9.630000e-01  2.174828e-01
9.660000e-01  2.170274e-01
9.690000e-01  2.165725e-01
9.720000e-01  2.161182e-01
9.750000e-01  2.156643e-01
9.780000e-01  2.152110e-01
9.810000e-01  2.147582e-01
9.840000e-01  2.143058e-01
9.870000e-01  2.138539e-01
9.900000e-01  2.134025e-01
9.930000e-01  2.129515e-01
9.960000e-01  2.125009e-01
9.990000e-01  2.120507e-01
