000000  000001
3.000000e-03  9.200669e-01
6.000000e-03  8.663506e-01
9.000000e-03  8.259723e-01
1.200000e-02  7.937089e-01
1.500000e-02  7.669067e-01
1.800000e-02  7.440294e-01
2.100000e-02  7.241073e-01
2.400000e-02  7.064886e-01
2.700000e-02  6.907144e-01
3.000000e-02  6.764495e-01
3.300000e-02  6.634417e-01
3.600000e-02  6.514963e-01
3.900000e-02  6.404604e-01
4.200000e-02  6.302112e-01
4.500000e-02  6.206490e-01
4.800000e-02  6.116917e-01
5.100000e-02  6.032709e-01
5.400000e-02  5.953289e-01
5.700000e-02  5.878168e-01
6.000000e-02  5.806927e-01
6.300000e-02  5.739202e-01
6.600000e-02  5.674682e-01
6.900000e-02  5.613089e-01
7.200000e-02  5.554184e-01
7.500000e-02  5.497753e-01
7.800000e-02  5.443606e-01
8.100000e-02  5.391575e-01
8.400000e-02  5.341508e-01
8.700000e-02  5.293270e-01
9.000000e-02  5.246738e-01
9.300000e-02  5.201802e-01
9.600000e-02  5.158360e-01
9.900000e-02  5.116322e-01
1.020000e-01  5.075603e-01
1.050000e-01  5.036127e-01
1.080000e-01  4.997825e-01
1.110000e-01  4.960630e-01
1.140000e-01  4.924485e-01
1.170000e-01  4.889334e-01
1.200000e-01  4.855126e-01
1.230000e-01  4.821815e-01
1.260000e-01  4.789356e-01
1.290000e-01  4.757709e-01
1.320000e-01  4.726836e-01
1.350000e-01  4.696701e-01
1.380000e-01  4.667272e-01
1.410000e-01  4.638517e-01
1.440000e-01  4.610408e-01
1.470000e-01  4.582917e-01
1.500000e-01  4.556019e-01
1.530000e-01  4.529690e-01
1.560000e-01  4.503907e-01
1.590000e-01  4.478648e-01
1.620000e-01  4.453894e-01
1.650000e-01  4.429626e-01
1.680000e-01  4.405824e-01
1.710000e-01  4.382474e-01
1.740000e-01  4.359557e-01
1.770000e-01  4.337059e-01
1.800000e-01  4.314966e-01
1.830000e-01  4.293263e-01
1.860000e-01  4.271937e-01
1.890000e-01  4.250976e-01
1.920000e-01  4.230368e-01
1.950000e-01  4.210101e-01
1.980000e-01  4.190165e-01
2.010000e-01  4.170549e-01
2.040000e-01  4.151244e-01
2.070000e-01  4.132240e-01
2.100000e-01  4.113527e-01
2.130000e-01  4.095098e-01
2.160000e-01  4.076944e-01
2.190000e-01  4.059057e-01
2.220000e-01  4.041429e-01
2.250000e-01  4.024053e-01
2.280000e-01  4.006923e-01
2.310000e-01  3.990031e-01
2.340000e-01  3.973371e-01
2.370000e-01  3.956937e-01
2.400000e-01  3.940723e-01
2.430000e-01  3.924723e-01
2.460000e-01  3.908931e-01
2.490000e-01  3.893343e-01
2.520000e-01  3.877952e-01
2.550000e-01  3.862755e-01
2.580000e-01  3.847746e-01
2.610000e-01  3.832921e-01
2.640000e-01  3.818276e-01
2.670000e-01  3.803805e-01
2.700000e-01  3.789505e-01
2.730000e-01  3.775373e-01
2.760000e-01  3.761403e-01
2.790000e-01  3.747593e-01
2.820000e-01  3.733938e-01
2.850000e-01  3.720435e-01
2.880000e-01  3.707082e-01
2.910000e-01  3.693873e-01
2.940000e-01  3.680808e-01
2.970000e-01  3.667881e-01
3.000000e-01  3.655091e-01
3.030000e-01  3.642434e-01
3.060000e-01  3.629908e-01
3.090000e-01  3.617510e-01
3.120000e-01  3.605237e-01
3.150000e-01  3.593086e-01
3.180000e-01  3.581056e-01
3.210000e-01  3.569144e-01
3.240000e-01  3.557347e-01
3.270000e-01  3.545663e-01
3.300000e-01  3.534090e-01
3.330000e-01  3.522626e-01
3.360000e-01  3.511269e-01
3.390000e-01  3.500016e-01
3.420000e-01  3.488866e-01
3.450000e-01  3.477817e-01
3.480000e-01  3.466866e-01
3.510000e-01  3.456013e-01
3.540000e-01  3.445255e-01
3.570000e-01  3.434590e-01
3.600000e-01  3.424017e-01
3.630000e-01  3.413534e-01
3.660000e-01  3.403140e-01
3.690000e-01  3.392833e-01
3.720000e-01  3.382612e-01
3.750000e-01  3.372474e-01
3.780000e-01  3.362419e-01
3.810000e-01  3.352445e-01
3.840000e-01  3.342551e-01
3.870000e-01  3.332735e-01
3.900000e-01  3.322996e-01
3.930000e-01  3.313333e-01
3.960000e-01  3.303744e-01
3.990000e-01  3.294229e-01
4.020000e-01  3.284786e-01
4.050000e-01  3.275414e-01
4.080000e-01  3.266111e-01
4.110000e-01  3.256877e-01
4.140000e-01  3.247711e-01
4.170000e-01  3.238611e-01
4.200000e-01  3.229577e-01
4.230000e-01  3.220607e-01
4.260000e-01  3.211700e-01
4.290000e-01  3.202856e-01
4.320000e-01  3.194074e-01
4.350000e-01  3.185352e-01
4.380000e-01  3.176689e-01
4.410000e-01  3.168085e-01
4.440000e-01  3.159539e-01
4.470000e-01  3.151050e-01
4.500000e-01  3.142617e-01
4.530000e-01  3.134240e-01
4.560000e-01  3.125917e-01
4.590000e-01  3.117647e-01
4.620000e-01  3.109431e-01
4.650000e-01  3.101266e-01
4.680000e-01  3.093153e-01
4.710000e-01  3.085091e-01
4.740000e-01  3.077078e-01
4.770000e-01  3.069115e-01
4.800000e-01  3.061200e-01
4.830000e-01  3.053333e-01
4.860000e-01  3.045513e-01
4.890000e-01  3.037740e-01
4.920000e-01  3.030013e-01
4.950000e-01  3.022331e-01
4.980000e-01  3.014693e-01
5.010000e-01  3.007100e-01
5.040000e-01  2.999550e-01
5.070000e-01  2.992042e-01
5.100000e-01  2.984578e-01
5.130000e-01  2.977154e-01
5.160000e-01  2.969772e-01
5.190000e-01  2.962431e-01
5.220000e-01  2.955129e-01
5.250000e-01  2.947867e-01
5.280000e-01  2.940644e-01
5.310000e-01  2.933460e-01
5.340000e-01  2.926313e-01
5.370000e-01  2.919204e-01
5.400000e-01  2.912132e-01
5.430000e-01  2.905097e-01
5.460000e-01  2.898098e-01
5.490000e-01  2.891134e-01
5.520000e-01  2.884205e-01
5.550000e-01  2.877311e-01
5.580000e-01  2.870452e-01
5.610000e-01  2.863626e-01
5.640000e-01  2.856834e-01
5.670000e-01  2.850074e-01
5.700000e-01  2.843348e-01
5.730000e-01  2.836653e-01
5.760000e-01  2.829990e-01
5.790000e-01  2.823359e-01
5.820000e-01  2.816758e-01
5.850000e-01  2.810189e-01
5.880000e-01  2.803649e-01
5.910000e-01  2.797139e-01
5.940000e-01  2.790659e-01
5.970000e-01  2.784208e-01
6.000000e-01  2.777786e-01
6.030000e-01  2.771392e-01
6.060000e-01  2.765027e-01
6.090000e-01  2.758689e-01
6.120000e-01  2.752378e-01
6.150000e-01  2.746095e-01
6.180000e-01  2.739838e-01
6.210000e-01  2.733608e-01
6.240000e-01  2.727404e-01
6.270000e-01  2.721226e-01
6.300000e-01  2.715073e-01
6.330000e-01  2.708946e-01
6.360000e-01  2.702843e-01
6.390000e-01  2.696766e-01
6.420000e-01  2.690712e-01
6.450000e-01  2.684683e-01
6.480000e-01  2.678677e-01
6.510000e-01  2.672695e-01
6.540000e-01  2.666736e-01
6.570000e-01  2.660799e-01
6.600000e-01  2.654886e-01
6.630000e-01  2.648995e-01
6.660000e-01  2.643126e-01
6.690000e-01  2.637279e-01
6.720000e-01  2.631454e-01
6.750000e-01  2.625650e-01
6.780000e-01  2.619867e-01
6.810000e-01  2.614105e-01
6.840000e-01  2.608363e-01
6.870000e-01  2.602642e-01
6.900000e-01  2.596941e-01
6.930000e-01  2.591260e-01
6.960000e-01  2.585599e-01
6.990000e-01  2.579957e-01
7.020000e-01  2.574335e-01
7.050000e-01  2.568731e-01
7.080000e-01  2.563146e-01
7.110000e-01  2.557580e-01
7.140000e-01  2.552032e-01
7.170000e-01  2.546502e-01
7.200000e-01  2.540990e-01
7.230000e-01  2.535496e-01
7.260000e-01  2.530019e-01
7.290000e-01  2.524559e-01
7.320000e-01  2.519117e-01
7.350000e-01  2.513691e-01
7.380000e-01  2.508282e-01
7.410000e-01  2.502890e-01
7.440000e-01  2.497514e-01
7.470000e-01  2.492154e-01
7.500000e-01  2.486810e-01
7.530000e-01  2.481481e-01
7.560000e-01  2.476168e-01
7.590000e-01  2.470871e-01
7.620000e-01  2.465588e-01
7.650000e-01  2.460320e-01
7.680000e-01  2.455068e-01
7.710000e-01  2.449829e-01
7.740000e-01  2.444606e-01
7.770000e-01  2.439396e-01
7.800000e-01  2.434200e-01
7.830000e-01  2.429019e-01
7.860000e-01  2.423851e-01
7.890000e-01  2.418696e-01
7.920000e-01  2.413555e-01
7.950000e-01  2.408427e-01
7.980000e-01  2.403312e-01
8.010000e-01  2.398210e-01
8.040000e-01  2.393121e-01
8.070000e-01  2.388044e-01
8.100000e-01  2.382979e-01
8.130000e-01  2.377927e-01
8.160000e-01  2.372887e-01
8.190000e-01  2.367858e-01
8.220000e-01  2.362842e-01
8.250000e-01  2.357837e-01
8.280000e-01  2.352843e-01
8.310000e-01  2.347860e-01
8.340000e-01  2.342889e-01
8.370000e-01  2.337928e-01
8.400000e-01  2.332979e-01
8.430000e-01  2.328039e-01
8.460000e-01  2.323111e-01
8.490000e-01  2.318192e-01
8.520000e-01  2.313284e-01
8.550000e-01  2.308386e-01
8.580000e-01  2.303498e-01
8.610000e-01  2.298619e-01
8.640000e-01  2.293750e-01
8.670000e-01  2.288891e-01
8.700000e-01  2.284040e-01
8.730000e-01  2.279199e-01
8.760000e-01  2.274367e-01
8.790000e-01  2.269544e-01
8.820000e-01  2.264729e-01
8.850000e-01  2.259923e-01
8.880000e-01  2.255125e-01
8.910000e-01  2.250336e-01
8.940000e-01  2.245554e-01
8.970000e-01  2.240781e-01
9.000000e-01  2.236015e-01
9.030000e-01  2.231258e-01
9.060000e-01  2.226507e-01
9.090000e-01  2.221764e-01
9.120000e-01  2.217029e-01
9.150000e-01  2.212300e-01
9.180000e-01  2.207579e-01
9.210000e-01  2.202864e-01
9.240000e-01  2.198156e-01
9.270000e-01  2.193455e-01
9.300000e-01  2.188760e-01
9.330000e-01  2.184071e-01
9.360000e-01  2.179388e-01
9.390000e-01  2.174712e-01
9.420000e-01  2.170041e-01
9.450000e-01  2.165376e-01
9.480000e-01  2.160716e-01
9.510000e-01  2.156062e-01
9.540000e-01  2.151413e-01
9.570000e-01  2.146769e-01
9.600000e-01  2.142131e-01
9.630000e-01  2.137497e-01
9.660000e-01  2.132868e-01
9.690000e-01  2.128243e-01
9.720000e-01  2.123623e-01
9.750000e-01  2.119007e-01
9.780000e-01  2.114395e-01
9.810000e-01  2.109788e-01
9.840000e-01  2.105184e-01
9.870000e-01  2.100583e-01
9.900000e-01  2.095987e-01
9.930000e-01  2.091393e-01
9.960000e-01  2.086803e-01
9.990000e-01  2.082216e-01
