000000  000001
3.000000e-03  8.796829e-01
6.000000e-03  8.109313e-01
9.000000e-03  7.629704e-01
1.200000e-02  7.263210e-01
1.500000e-02  6.967805e-01
1.800000e-02  6.721139e-01
2.100000e-02  6.509913e-01
2.400000e-02  6.325576e-01
2.700000e-02  6.162311e-01
3.000000e-02  6.015984e-01
3.300000e-02  5.883555e-01
3.600000e-02  5.762724e-01
3.900000e-02  5.651710e-01
4.200000e-02  5.549108e-01
4.500000e-02  5.453789e-01
4.800000e-02  5.364833e-01
5.100000e-02  5.281482e-01
5.400000e-02  5.203102e-01
5.700000e-02  5.129160e-01
6.000000e-02  5.059202e-01
6.300000e-02  4.992839e-01
6.600000e-02  4.929737e-01
6.900000e-02  4.869603e-01
7.200000e-02  4.812182e-01
7.500000e-02  4.757249e-01
7.800000e-02  4.704608e-01
8.100000e-02  4.654081e-01
8.400000e-02  4.605513e-01
8.700000e-02  4.558762e-01
9.000000e-02  4.513702e-01
9.300000e-02  4.470220e-01
9.600000e-02  4.428213e-01
9.900000e-02  4.387587e-01
1.020000e-01  4.348257e-01
1.050000e-01  4.310145e-01
1.080000e-01  4.273181e-01
1.110000e-01  4.237299e-01
1.140000e-01  4.202440e-01
1.170000e-01  4.168548e-01
1.200000e-01  4.135572e-01
1.230000e-01  4.103465e-01
1.260000e-01  4.072183e-01
1.290000e-01  4.041686e-01
1.320000e-01  4.011936e-01
1.350000e-01  3.982898e-01
1.380000e-01  3.954539e-01
1.410000e-01  3.926828e-01
1.440000e-01  3.899737e-01
1.470000e-01  3.873239e-01
1.500000e-01  3.847308e-01
1.530000e-01  3.821921e-01
1.560000e-01  3.797055e-01
1.590000e-01  3.772689e-01
1.620000e-01  3.748805e-01
1.650000e-01  3.725382e-01
1.680000e-01  3.702403e-01
1.710000e-01  3.679852e-01
1.740000e-01  3.657713e-01
1.770000e-01  3.635971e-01
1.800000e-01  3.614611e-01
1.830000e-01  3.593620e-01
1.860000e-01  3.572985e-01
1.890000e-01  3.552694e-01
1.920000e-01  3.532736e-01
1.950000e-01  3.513099e-01
1.980000e-01  3.493773e-01
2.010000e-01  3.474747e-01
2.040000e-01  3.456013e-01
2.070000e-01  3.437560e-01
2.100000e-01  3.419381e-01
2.130000e-01  3.401467e-01
2.160000e-01  3.383810e-01
2.190000e-01  3.366402e-01
2.220000e-01  3.349235e-01
2.250000e-01  3.332303e-01
2.280000e-01  3.315600e-01
2.310000e-01  3.299117e-01
2.340000e-01  3.282850e-01
2.370000e-01  3.266793e-01
2.400000e-01  3.250938e-01
2.430000e-01  3.235282e-01
2.460000e-01  3.219819e-01
2.490000e-01  3.204542e-01
2.520000e-01  3.189449e-01
2.550000e-01  3.174533e-01
2.580000e-01  3.159790e-01
2.610000e-01  3.145216e-01
2.640000e-01  3.130806e-01
2.670000e-01  3.116557e-01
2.700000e-01  3.102464e-01
2.730000e-01  3.088523e-01
2.760000e-01  3.074731e-01
2.790000e-01  3.061084e-01
2.820000e-01  3.047579e-01
2.850000e-01  3.034212e-01
2.880000e-01  3.020980e-01
2.910000e-01  3.007879e-01
2.940000e-01  2.994908e-01
2.970000e-01  2.982062e-01
3.000000e-01  2.969339e-01
3.030000e-01  2.956736e-01
3.060000e-01  2.944251e-01
3.090000e-01  2.931880e-01
3.120000e-01  2.919621e-01
3.150000e-01  2.907473e-01
3.180000e-01  2.895431e-01
3.210000e-01  2.883494e-01
3.240000e-01  2.871660e-01
3.270000e-01  2.859926e-01
3.300000e-01  2.848291e-01
3.330000e-01  2.836751e-01
3.360000e-01  2.825306e-01
3.390000e-01  2.813953e-01
3.420000e-01  2.802690e-01
3.450000e-01  2.791515e-01
3.480000e-01  2.780427e-01
3.510000e-01  2.769423e-01
3.540000e-01  2.758503e-01
3.570000e-01  2.747663e-01
3.600000e-01  2.736903e-01
3.630000e-01  2.726221e-01
3.660000e-01  2.715615e-01
3.690000e-01  2.705084e-01
3.720000e-01  2.694626e-01
3.750000e-01  2.684240e-01
3.780000e-01  2.673924e-01
3.810000e-01  2.663677e-01
3.840000e-01  2.653498e-01
3.870000e-01  2.643385e-01
3.900000e-01  2.633336e-01
3.930000e-01  2.623351e-01
3.960000e-01  2.613428e-01
3.990000e-01  2.603566e-01
4.020000e-01  2.593764e-01
4.050000e-01  2.584021e-01
4.080000e-01  2.574335e-01
4.110000e-01  2.564705e-01
4.140000e-01  2.555130e-01
4.170000e-01  2.545609e-01
4.200000e-01  2.536141e-01
4.230000e-01  2.526725e-01
4.260000e-01  2.517360e-01
4.290000e-01  2.508044e-01
4.320000e-01  2.498777e-01
4.350000e-01  2.489558e-01
4.380000e-01  2.480386e-01
4.410000e-01  2.471260e-01
4.440000e-01  2.462178e-01
4.470000e-01  2.453140e-01
4.500000e-01  2.444145e-01
4.530000e-01  2.435193e-01
4.560000e-01  2.426281e-01
4.590000e-01  2.417410e-01
4.620000e-01  2.408578e-01
4.650000e-01  2.399784e-01
4.680000e-01  2.391029e-01
4.710000e-01  2.382310e-01
4.740000e-01  2.373627e-01
4.770000e-01  2.364980e-01
4.800000e-01  2.356367e-01
4.830000e-01  2.347787e-01
4.860000e-01  2.339240e-01
4.890000e-01  2.330726e-01
4.920000e-01  2.322242e-01
4.950000e-01  2.313789e-01
4.980000e-01  2.305366e-01
5.010000e-01  2.296971e-01
5.040000e-01  2.288605e-01
5.070000e-01  2.280266e-01
5.100000e-01  2.271954e-01
5.130000e-01  2.263668e-01
5.160000e-01  2.255407e-01
5.190000e-01  2.247171e-01
5.220000e-01  2.238958e-01
5.250000e-01  2.230768e-01
5.280000e-01  2.222601e-01
5.310000e-01  2.214455e-01
5.340000e-01  2.206330e-01
5.370000e-01  2.198225e-01
5.400000e-01  2.190140e-01
5.430000e-01  2.182073e-01
5.460000e-01  2.174024e-01
5.490000e-01  2.165993e-01
5.520000e-01  2.157978e-01
5.550000e-01  2.149979e-01
5.580000e-01  2.141994e-01
5.610000e-01  2.134025e-01
5.640000e-01  2.126068e-01
5.670000e-01  2.118125e-01
5.700000e-01  2.110194e-01
5.730000e-01  2.102274e-01
5.760000e-01  2.094365e-01
5.790000e-01  2.086466e-01
5.820000e-01  2.078576e-01
5.850000e-01  2.070694e-01
5.880000e-01  2.062820e-01
5.910000e-01  2.054952e-01
5.940000e-01  2.047091e-01
5.970000e-01  2.039234e-01
6.000000e-01  2.031382e-01
6.030000e-01  2.023533e-01
6.060000e-01  2.015687e-01
6.090000e-01  2.007843e-01
6.120000e-01  2.000000e-01
6.150000e-01  000000
6.180000e-01  000000
6.210000e-01  000000
6.240000e-01  000000
6.270000e-01  000000
6.300000e-01  000000
6.330000e-01  000000
6.360000e-01  000000
6.390000e-01  000000
6.420000e-01  000000
6.450000e-01  000000
6.480000e-01  000000
6.510000e-01  000000
6.540000e-01  000000
6.570000e-01  000000
6.600000e-01  000000
6.630000e-01  000000
6.660000e-01  000000
6.690000e-01  000000
6.720000e-01  000000
6.750000e-01  000000
6.780000e-01  000000
6.810000e-01  000000
6.840000e-01  000000
6.870000e-01  000000
6.900000e-01  000000
6.930000e-01  000000
6.960000e-01  000000
6.990000e-01  000000
7.020000e-01  000000
7.050000e-01  000000
7.080000e-01  000000
7.110000e-01  000000
7.140000e-01  000000
7.170000e-01  000000
7.200000e-01  000000
7.230000e-01  000000
7.260000e-01  000000
7.290000e-01  000000
7.320000e-01  000000
7.350000e-01  000000
7.380000e-01  000000
7.410000e-01  000000
7.440000e-01  000000
7.470000e-01  000000
7.500000e-01  000000
7.530000e-01  000000
7.560000e-01  000000
7.590000e-01  000000
7.620000e-01  000000
7.650000e-01  000000
7.680000e-01  000000
7.710000e-01  000000
7.740000e-01  000000
7.770000e-01  000000
7.800000e-01  000000
7.830000e-01  000000
7.860000e-01  000000
7.890000e-01  000000
7.920000e-01  000000
7.950000e-01  000000
7.980000e-01  000000
8.010000e-01  000000
8.040000e-01  000000
8.070000e-01  000000
8.100000e-01  000000
8.130000e-01  000000
8.160000e-01  000000
8.190000e-01  000000
8.220000e-01  000000
8.250000e-01  000000
8.280000e-01  000000
8.310000e-01  000000
8.340000e-01  000000
8.370000e-01  000000
8.400000e-01  000000
8.430000e-01  000000
8.460000e-01  000000
8.490000e-01  000000
8.520000e-01  000000
8.550000e-01  000000
8.580000e-01  000000
8.610000e-01  000000
8.640000e-01  000000
8.670000e-01  000000
8.700000e-01  000000
8.730000e-01  000000
8.760000e-01  000000
8.790000e-01  000000
8.820000e-01  000000
8.850000e-01  000000
8.880000e-01  000000
8.910000e-01  000000
8.940000e-01  000000
8.970000e-01  000000
9.000000e-01  000000
9.030000e-01  000000
9.060000e-01  000000
9.090000e-01  000000
9.120000e-01  000000
9.150000e-01  000000
9.180000e-01  000000
9.210000e-01  000000
9.240000e-01  000000
9.270000e-01  000000
9.300000e-01  000000
9.330000e-01  000000
9.360000e-01  000000
9.390000e-01  000000
9.420000e-01  000000
9.450000e-01  000000
9.480000e-01  000000
9.510000e-01  000000
9.540000e-01  000000
9.570000e-01  000000
9.600000e-01  000000
9.630000e-01  000000
9.660000e-01  000000
9.690000e-01  000000
9.720000e-01  000000
9.750000e-01  000000
9.780000e-01  000000
9.810000e-01  000000
9.840000e-01  000000
9.870000e-01  000000
9.900000e-01  000000
9.930000e-01  000000
9.960000e-01  000000
9.990000e-01  000000
