000000  000001
3.000000e-03  9.878726e-01
6.000000e-03  9.765637e-01
9.000000e-03  9.659663e-01
1.200000e-02  9.559934e-01
1.500000e-02  9.465734e-01
1.800000e-02  9.376465e-01
2.100000e-02  9.291620e-01
2.400000e-02  9.210770e-01
2.700000e-02  9.133546e-01
3.000000e-02  9.059627e-01
3.300000e-02  8.988734e-01
3.600000e-02  8.920623e-01
3.900000e-02  8.855078e-01
4.200000e-02  8.791907e-01
4.500000e-02  8.730939e-01
4.800000e-02  8.672021e-01
5.100000e-02  8.615017e-01
5.400000e-02  8.559803e-01
5.700000e-02  8.506265e-01
6.000000e-02  8.454302e-01
6.300000e-02  8.403822e-01
6.600000e-02  8.354740e-01
6.900000e-02  8.306977e-01
7.200000e-02  8.260462e-01
7.500000e-02  8.215130e-01
7.800000e-02  8.170920e-01
8.100000e-02  8.127775e-01
8.400000e-02  8.085645e-01
8.700000e-02  8.044479e-01
9.000000e-02  8.004234e-01
9.300000e-02  7.964867e-01
9.600000e-02  7.926340e-01
9.900000e-02  7.888616e-01
1.020000e-01  7.851660e-01
1.050000e-01  7.815441e-01
1.080000e-01  7.779929e-01
1.110000e-01  7.745094e-01
1.140000e-01  7.710911e-01
1.170000e-01  7.677355e-01
1.200000e-01  7.644401e-01
1.230000e-01  7.612027e-01
1.260000e-01  7.580212e-01
1.290000e-01  7.548936e-01
1.320000e-01  7.518181e-01
1.350000e-01  7.487927e-01
1.380000e-01  7.458158e-01
1.410000e-01  7.428857e-01
1.440000e-01  7.400010e-01
1.470000e-01  7.371601e-01
1.500000e-01  7.343616e-01
1.530000e-01  7.316042e-01
1.560000e-01  7.288867e-01
1.590000e-01  7.262077e-01
1.620000e-01  7.235662e-01
1.650000e-01  7.209610e-01
1.680000e-01  7.183911e-01
1.710000e-01  7.158554e-01
1.740000e-01  7.133530e-01
1.770000e-01  7.108829e-01
1.800000e-01  7.084442e-01
1.830000e-01  7.060361e-01
1.860000e-01  7.036578e-01
1.890000e-01  7.013083e-01
1.920000e-01  6.989871e-01
1.950000e-01  6.966933e-01
1.980000e-01  6.944262e-01
2.010000e-01  6.921852e-01
2.040000e-01  6.899696e-01
2.070000e-01  6.877787e-01
2.100000e-01  6.856120e-01
2.130000e-01  6.834689e-01
2.160000e-01  6.813488e-01
2.190000e-01  6.792511e-01
2.220000e-01  6.771753e-01
2.250000e-01  6.751209e-01
2.280000e-01  6.730875e-01
2.310000e-01  6.710745e-01
2.340000e-01  6.690814e-01
2.370000e-01  6.671079e-01
2.400000e-01  6.651535e-01
2.430000e-01  6.632177e-01
2.460000e-01  6.613002e-01
2.490000e-01  6.594006e-01
2.520000e-01  6.575184e-01
2.550000e-01  6.556534e-01
2.580000e-01  6.538051e-01
2.610000e-01  6.519733e-01
2.640000e-01  6.501575e-01
2.670000e-01  6.483574e-01
2.700000e-01  6.465728e-01
2.730000e-01  6.448033e-01
2.760000e-01  6.430486e-01
2.790000e-01  6.413084e-01
2.820000e-01  6.395824e-01
2.850000e-01  6.378704e-01
2.880000e-01  6.361721e-01
2.910000e-01  6.344871e-01
2.940000e-01  6.328154e-01
2.970000e-01  6.311566e-01
3.000000e-01  6.295104e-01
3.030000e-01  6.278767e-01
3.060000e-01  6.262552e-01
3.090000e-01  6.246457e-01
3.120000e-01  6.230479e-01
3.150000e-01  6.214617e-01
3.180000e-01  6.198868e-01
3.210000e-01  6.183231e-01
3.240000e-01  6.167703e-01
3.270000e-01  6.152283e-01
3.300000e-01  6.136968e-01
3.330000e-01  6.121757e-01
3.360000e-01  6.106648e-01
3.390000e-01  6.091639e-01
3.420000e-01  6.076729e-01
3.450000e-01  6.061915e-01
3.480000e-01  6.047197e-01
3.510000e-01  6.032572e-01
3.540000e-01  6.018039e-01
3.570000e-01  6.003597e-01
3.600000e-01  5.989243e-01
3.630000e-01  5.974977e-01
3.660000e-01  5.960797e-01
3.690000e-01  5.946702e-01
3.720000e-01  5.932690e-01
3.750000e-01  5.918759e-01
3.780000e-01  5.904910e-01
3.810000e-01  5.891139e-01
3.840000e-01  5.877447e-01
3.870000e-01  5.863831e-01
3.900000e-01  5.850291e-01
3.930000e-01  5.836825e-01
3.960000e-01  5.823433e-01
3.990000e-01  5.810112e-01
4.020000e-01  5.796863e-01
4.050000e-01  5.783683e-01
4.080000e-01  5.770572e-01
4.110000e-01  5.757528e-01
4.140000e-01  5.744551e-01
4.170000e-01  5.731640e-01
4.200000e-01  5.718793e-01
4.230000e-01  5.706010e-01
4.260000e-01  5.693289e-01
4.290000e-01  5.680630e-01
4.320000e-01  5.668032e-01
4.350000e-01  5.655494e-01
4.380000e-01  5.643014e-01
4.410000e-01  5.630593e-01
4.440000e-01  5.618228e-01
4.470000e-01  5.605920e-01
4.500000e-01  5.593668e-01
4.530000e-01  5.581469e-01
4.560000e-01  5.569325e-01
4.590000e-01  5.557234e-01
4.620000e-01  5.545194e-01
4.650000e-01  5.533206e-01
4.680000e-01  5.521269e-01
4.710000e-01  5.509382e-01
4.740000e-01  5.497543e-01
4.770000e-01  5.485754e-01
4.800000e-01  5.474011e-01
4.830000e-01  5.462316e-01
4.860000e-01  5.450667e-01
4.890000e-01  5.439063e-01
4.920000e-01  5.427505e-01
4.950000e-01  5.415990e-01
4.980000e-01  5.404519e-01
5.010000e-01  5.393091e-01
5.040000e-01  5.381705e-01
5.070000e-01  5.370361e-01
5.100000e-01  5.359058e-01
5.130000e-01  5.347795e-01
5.160000e-01  5.336571e-01
5.190000e-01  5.325387e-01
5.220000e-01  5.314242e-01
5.250000e-01  5.303134e-01
5.280000e-01  5.292064e-01
5.310000e-01  5.281030e-01
5.340000e-01  5.270033e-01
5.370000e-01  5.259071e-01
5.400000e-01  5.248145e-01
5.430000e-01  5.237253e-01
5.460000e-01  5.226395e-01
5.490000e-01  5.215570e-01
5.520000e-01  5.204779e-01
5.550000e-01  5.194020e-01
5.580000e-01  5.183292e-01
5.610000e-01  5.172596e-01
5.640000e-01  5.161931e-01
5.670000e-01  5.151297e-01
5.700000e-01  5.140692e-01
5.730000e-01  5.130116e-01
5.760000e-01  5.119570e-01
5.790000e-01  5.109051e-01
5.820000e-01  5.098561e-01
5.850000e-01  5.088098e-01
5.880000e-01  5.077662e-01
5.910000e-01  5.067253e-01
5.940000e-01  5.056869e-01
5.970000e-01  5.046511e-01
6.000000e-01  5.036179e-01
6.030000e-01  5.025870e-01
6.060000e-01  5.015586e-01
6.090000e-01  5.005326e-01
6.120000e-01  4.995089e-01
6.150000e-01  4.984875e-01
6.180000e-01  4.974683e-01
6.210000e-01  4.964513e-01
6.240000e-01  4.954365e-01
6.270000e-01  4.944238e-01
6.300000e-01  4.934132e-01
6.330000e-01  4.924045e-01
6.360000e-01  4.913979e-01
6.390000e-01  4.903932e-01
6.420000e-01  4.893903e-01
6.450000e-01  4.883894e-01
6.480000e-01  4.873902e-01
6.510000e-01  4.863928e-01
6.540000e-01  4.853972e-01
6.570000e-01  4.844032e-01
6.600000e-01  4.834109e-01
6.630000e-01  4.824202e-01
6.660000e-01  4.814310e-01
6.690000e-01  4.804434e-01
6.720000e-01  4.794572e-01
6.750000e-01  4.784725e-01
6.780000e-01  4.774891e-01
6.810000e-01  4.765071e-01
6.840000e-01  4.755265e-01
6.870000e-01  4.745471e-01
6.900000e-01  4.735689e-01
6.930000e-01  4.725920e-01
6.960000e-01  4.716161e-01
6.990000e-01  4.706414e-01
7.020000e-01  4.696678e-01
7.050000e-01  4.686951e-01
7.080000e-01  4.677235e-01
7.110000e-01  4.667528e-01
7.140000e-01  4.657830e-01
7.170000e-01  4.648140e-01
7.200000e-01  4.638459e-01
7.230000e-01  4.628785e-01
7.260000e-01  4.619119e-01
7.290000e-01  4.609460e-01
7.320000e-01  4.599807e-01
7.350000e-01  4.590160e-01
7.380000e-01  4.580518e-01
7.410000e-01  4.570882e-01
7.440000e-01  4.561251e-01
7.470000e-01  4.551624e-01
7.500000e-01  4.542000e-01
7.530000e-01  4.532380e-01
7.560000e-01  4.522763e-01
7.590000e-01  4.513148e-01
7.620000e-01  4.503536e-01
7.650000e-01  4.493925e-01
7.680000e-01  4.484315e-01
7.710000e-01  4.474705e-01
7.740000e-01  000000
7.770000e-01  000000
7.800000e-01  000000
7.830000e-01  000000
7.860000e-01  000000
7.890000e-01  000000
7.920000e-01  000000
7.950000e-01  000000
7.980000e-01  000000
8.010000e-01  000000
8.040000e-01  000000
8.070000e-01  000000
8.100000e-01  000000
8.130000e-01  000000
8.160000e-01  000000
8.190000e-01  000000
8.220000e-01  000000
8.250000e-01  000000
8.280000e-01  000000
8.310000e-01  000000
8.340000e-01  000000
8.370000e-01  000000
8.400000e-01  000000
8.430000e-01  000000
8.460000e-01  000000
8.490000e-01  000000
8.520000e-01  000000
8.550000e-01  000000
8.580000e-01  000000
8.610000e-01  000000
8.640000e-01  000000
8.670000e-01  000000
8.700000e-01  000000
8.730000e-01  000000
8.760000e-01  000000
8.790000e-01  000000
8.820000e-01  000000
8.850000e-01  000000
8.880000e-01  000000
8.910000e-01  000000
8.940000e-01  000000
8.970000e-01  000000
9.000000e-01  000000
9.030000e-01  000000
9.060000e-01  000000
9.090000e-01  000000
9.120000e-01  000000
9.150000e-01  000000
9.180000e-01  000000
9.210000e-01  000000
9.240000e-01  000000
9.270000e-01  000000
9.300000e-01  000000
9.330000e-01  000000
9.360000e-01  000000
9.390000e-01  000000
9.420000e-01  000000
9.450000e-01  000000
9.480000e-01  000000
9.510000e-01  000000
9.540000e-01  000000
9.570000e-01  000000
9.600000e-01  000000
9.630000e-01  000000
9.660000e-01  000000
9.690000e-01  000000
9.720000e-01  000000
9.750000e-01  000000
9.780000e-01  000000
9.810000e-01  000000
9.840000e-01  000000
9.870000e-01  000000
9.900000e-01  000000
9.930000e-01  000000
9.960000e-01  000000
9.990000e-01  000000
