000000  000001
3.000000e-03  9.816299e-01
6.000000e-03  9.650711e-01
9.000000e-03  9.499884e-01
1.200000e-02  9.361331e-01
1.500000e-02  9.233152e-01
1.800000e-02  9.113861e-01
2.100000e-02  9.002275e-01
2.400000e-02  8.897433e-01
2.700000e-02  8.798545e-01
3.000000e-02  8.704954e-01
3.300000e-02  8.616107e-01
3.600000e-02  8.531532e-01
3.900000e-02  8.450826e-01
4.200000e-02  8.373640e-01
4.500000e-02  8.299671e-01
4.800000e-02  8.228653e-01
5.100000e-02  8.160352e-01
5.400000e-02  8.094561e-01
5.700000e-02  8.031095e-01
6.000000e-02  7.969789e-01
6.300000e-02  7.910496e-01
6.600000e-02  7.853082e-01
6.900000e-02  7.797426e-01
7.200000e-02  7.743420e-01
7.500000e-02  7.690964e-01
7.800000e-02  7.639967e-01
8.100000e-02  7.590346e-01
8.400000e-02  7.542024e-01
8.700000e-02  7.494932e-01
9.000000e-02  7.449005e-01
9.300000e-02  7.404183e-01
9.600000e-02  7.360411e-01
9.900000e-02  7.317637e-01
1.020000e-01  7.275815e-01
1.050000e-01  7.234898e-01
1.080000e-01  7.194847e-01
1.110000e-01  7.155622e-01
1.140000e-01  7.117187e-01
1.170000e-01  7.079508e-01
1.200000e-01  7.042554e-01
1.230000e-01  7.006294e-01
1.260000e-01  6.970700e-01
1.290000e-01  6.935747e-01
1.320000e-01  6.901408e-01
1.350000e-01  6.867661e-01
1.380000e-01  6.834482e-01
1.410000e-01  6.801852e-01
1.440000e-01  6.769749e-01
1.470000e-01  6.738156e-01
1.500000e-01  6.707053e-01
1.530000e-01  6.676425e-01
1.560000e-01  6.646254e-01
1.590000e-01  6.616526e-01
1.620000e-01  6.587225e-01
1.650000e-01  6.558337e-01
1.680000e-01  6.529850e-01
1.710000e-01  6.501750e-01
1.740000e-01  6.474026e-01
1.770000e-01  6.446665e-01
1.800000e-01  6.419656e-01
1.830000e-01  6.392989e-01
1.860000e-01  6.366653e-01
1.890000e-01  6.340639e-01
1.920000e-01  6.314937e-01
1.950000e-01  6.289539e-01
1.980000e-01  6.264435e-01
2.010000e-01  6.239617e-01
2.040000e-01  6.215078e-01
2.070000e-01  6.190808e-01
2.100000e-01  6.166802e-01
2.130000e-01  6.143052e-01
2.160000e-01  6.119551e-01
2.190000e-01  6.096292e-01
2.220000e-01  6.073269e-01
2.250000e-01  6.050475e-01
2.280000e-01  6.027906e-01
2.310000e-01  6.005555e-01
2.340000e-01  5.983415e-01
2.370000e-01  5.961483e-01
2.400000e-01  5.939753e-01
2.430000e-01  5.918220e-01
2.460000e-01  5.896878e-01
2.490000e-01  5.875724e-01
2.520000e-01  5.854752e-01
2.550000e-01  5.833959e-01
2.580000e-01  5.813339e-01
2.610000e-01  5.792888e-01
2.640000e-01  5.772604e-01
2.670000e-01  5.752481e-01
2.700000e-01  5.732515e-01
2.730000e-01  5.712704e-01
2.760000e-01  5.693043e-01
2.790000e-01  5.673529e-01
2.820000e-01  5.654158e-01
2.850000e-01  5.634928e-01
2.880000e-01  5.615834e-01
2.910000e-01  5.596874e-01
2.940000e-01  5.578045e-01
2.970000e-01  5.559343e-01
3.000000e-01  5.540766e-01
3.030000e-01  5.522310e-01
3.060000e-01  5.503974e-01
3.090000e-01  5.485754e-01
3.120000e-01  5.467647e-01
3.150000e-01  5.449651e-01
3.180000e-01  5.431764e-01
3.210000e-01  5.413982e-01
3.240000e-01  5.396304e-01
3.270000e-01  5.378728e-01
3.300000e-01  5.361249e-01
3.330000e-01  5.343868e-01
3.360000e-01  5.326580e-01
3.390000e-01  5.309384e-01
3.420000e-01  5.292278e-01
3.450000e-01  5.275260e-01
3.480000e-01  5.258328e-01
3.510000e-01  5.241479e-01
3.540000e-01  5.224711e-01
3.570000e-01  5.208023e-01
3.600000e-01  5.191413e-01
3.630000e-01  5.174878e-01
3.660000e-01  5.158417e-01
3.690000e-01  5.142029e-01
3.720000e-01  5.125710e-01
3.750000e-01  5.109459e-01
3.780000e-01  5.093275e-01
3.810000e-01  5.077156e-01
3.840000e-01  5.061100e-01
3.870000e-01  5.045105e-01
3.900000e-01  5.029170e-01
3.930000e-01  5.013293e-01
3.960000e-01  4.997472e-01
3.990000e-01  4.981706e-01
4.020000e-01  4.965993e-01
4.050000e-01  4.950332e-01
4.080000e-01  4.934720e-01
4.110000e-01  4.919156e-01
4.140000e-01  4.903639e-01
4.170000e-01  4.888168e-01
4.200000e-01  4.872739e-01
4.230000e-01  4.857353e-01
4.260000e-01  4.842008e-01
4.290000e-01  4.826701e-01
4.320000e-01  4.811432e-01
4.350000e-01  4.796199e-01
4.380000e-01  4.781000e-01
4.410000e-01  4.765834e-01
4.440000e-01  4.750699e-01
4.470000e-01  4.735594e-01
4.500000e-01  4.720518e-01
4.530000e-01  4.705468e-01
4.560000e-01  4.690444e-01
4.590000e-01  4.675444e-01
4.620000e-01  4.660465e-01
4.650000e-01  4.645508e-01
4.680000e-01  4.630569e-01
4.710000e-01  4.615648e-01
4.740000e-01  4.600744e-01
4.770000e-01  4.585853e-01
4.800000e-01  4.570976e-01
4.830000e-01  4.556110e-01
4.860000e-01  4.541253e-01
4.890000e-01  4.526404e-01
4.920000e-01  4.511562e-01
4.950000e-01  4.496724e-01
4.980000e-01  4.481889e-01
5.010000e-01  000000
5.040000e-01  000000
5.070000e-01  000000
5.100000e-01  000000
5.130000e-01  000000
5.160000e-01  000000
5.190000e-01  000000
5.220000e-01  000000
5.250000e-01  000000
5.280000e-01  000000
5.310000e-01  000000
5.340000e-01  000000
5.370000e-01  000000
5.400000e-01  000000
5.430000e-01  000000
5.460000e-01  000000
5.490000e-01  000000
5.520000e-01  000000
5.550000e-01  000000
5.580000e-01  000000
5.610000e-01  000000
5.640000e-01  000000
5.670000e-01  000000
5.700000e-01  000000
5.730000e-01  000000
5.760000e-01  000000
5.790000e-01  000000
5.820000e-01  000000
5.850000e-01  000000
5.880000e-01  000000
5.910000e-01  000000
5.940000e-01  000000
5.970000e-01  000000
6.000000e-01  000000
6.030000e-01  000000
6.060000e-01  000000
6.090000e-01  000000
6.120000e-01  000000
6.150000e-01  000000
6.180000e-01  000000
6.210000e-01  000000
6.240000e-01  000000
6.270000e-01  000000
6.300000e-01  000000
6.330000e-01  000000
6.360000e-01  000000
6.390000e-01  000000
6.420000e-01  000000
6.450000e-01  000000
6.480000e-01  000000
6.510000e-01  000000
6.540000e-01  000000
6.570000e-01  000000
6.600000e-01  000000
6.630000e-01  000000
6.660000e-01  000000
6.690000e-01  000000
6.720000e-01  000000
6.750000e-01  000000
6.780000e-01  000000
6.810000e-01  000000
6.840000e-01  000000
6.870000e-01  000000
6.900000e-01  000000
6.930000e-01  000000
6.960000e-01  000000
6.990000e-01  000000
7.020000e-01  000000
7.050000e-01  000000
7.080000e-01  000000
7.110000e-01  000000
7.140000e-01  000000
7.170000e-01  000000
7.200000e-01  000000
7.230000e-01  000000
7.260000e-01  000000
7.290000e-01  000000
7.320000e-01  000000
7.350000e-01  000000
7.380000e-01  000000
7.410000e-01  000000
7.440000e-01  000000
7.470000e-01  000000
7.500000e-01  000000
7.530000e-01  000000
7.560000e-01  000000
7.590000e-01  000000
7.620000e-01  000000
7.650000e-01  000000
7.680000e-01  000000
7.710000e-01  000000
7.740000e-01  000000
7.770000e-01  000000
7.800000e-01  000000
7.830000e-01  000000
7.860000e-01  000000
7.890000e-01  000000
7.920000e-01  000000
7.950000e-01  000000
7.980000e-01  000000
8.010000e-01  000000
8.040000e-01  000000
8.070000e-01  000000
8.100000e-01  000000
8.130000e-01  000000
8.160000e-01  000000
8.190000e-01  000000
8.220000e-01  000000
8.250000e-01  000000
8.280000e-01  000000
8.310000e-01  000000
8.340000e-01  000000
8.370000e-01  000000
8.400000e-01  000000
8.430000e-01  000000
8.460000e-01  000000
8.490000e-01  000000
8.520000e-01  000000
8.550000e-01  000000
8.580000e-01  000000
8.610000e-01  000000
8.640000e-01  000000
8.670000e-01  000000
8.700000e-01  000000
8.730000e-01  000000
8.760000e-01  000000
8.790000e-01  000000
8.820000e-01  000000
8.850000e-01  000000
8.880000e-01  000000
8.910000e-01  000000
8.940000e-01  000000
8.970000e-01  000000
9.000000e-01  000000
9.030000e-01  000000
9.060000e-01  000000
9.090000e-01  000000
9.120000e-01  000000
9.150000e-01  000000
9.180000e-01  000000
9.210000e-01  000000
9.240000e-01  000000
9.270000e-01  000000
9.300000e-01  000000
9.330000e-01  000000
9.360000e-01  000000
9.390000e-01  000000
9.420000e-01  000000
9.450000e-01  000000
9.480000e-01  000000
9.510000e-01  000000
9.540000e-01  000000
9.570000e-01  000000
9.600000e-01  000000
9.630000e-01  000000
9.660000e-01  000000
9.690000e-01  000000
9.720000e-01  000000
9.750000e-01  000000
9.780000e-01  000000
9.810000e-01  000000
9.840000e-01  000000
9.870000e-01  000000
9.900000e-01  000000
9.930000e-01  000000
9.960000e-01  000000
9.990000e-01  000000
