000000  000001
3.000000e-03  9.772319e-01
6.000000e-03  9.571787e-01
9.000000e-03  9.392450e-01
1.200000e-02  9.230142e-01
1.500000e-02  9.081830e-01
1.800000e-02  8.945234e-01
2.100000e-02  8.818591e-01
2.400000e-02  8.700514e-01
2.700000e-02  8.589889e-01
3.000000e-02  8.485805e-01
3.300000e-02  8.387511e-01
3.600000e-02  8.294378e-01
3.900000e-02  8.205874e-01
4.200000e-02  8.121548e-01
4.500000e-02  8.041008e-01
4.800000e-02  7.963918e-01
5.100000e-02  7.889982e-01
5.400000e-02  7.818943e-01
5.700000e-02  7.750573e-01
6.000000e-02  7.684669e-01
6.300000e-02  7.621050e-01
6.600000e-02  7.559557e-01
6.900000e-02  7.500043e-01
7.200000e-02  7.442378e-01
7.500000e-02  7.386444e-01
7.800000e-02  7.332134e-01
8.100000e-02  7.279349e-01
8.400000e-02  7.228000e-01
8.700000e-02  7.178006e-01
9.000000e-02  7.129290e-01
9.300000e-02  7.081785e-01
9.600000e-02  7.035425e-01
9.900000e-02  6.990152e-01
1.020000e-01  6.945912e-01
1.050000e-01  6.902654e-01
1.080000e-01  6.860330e-01
1.110000e-01  6.818896e-01
1.140000e-01  6.778311e-01
1.170000e-01  6.738538e-01
1.200000e-01  6.699540e-01
1.230000e-01  6.661283e-01
1.260000e-01  6.623736e-01
1.290000e-01  6.586870e-01
1.320000e-01  6.550656e-01
1.350000e-01  6.515067e-01
1.380000e-01  6.480080e-01
1.410000e-01  6.445670e-01
1.440000e-01  6.411816e-01
1.470000e-01  6.378496e-01
1.500000e-01  6.345690e-01
1.530000e-01  6.313380e-01
1.560000e-01  6.281548e-01
1.590000e-01  6.250176e-01
1.620000e-01  6.219248e-01
1.650000e-01  6.188749e-01
1.680000e-01  6.158664e-01
1.710000e-01  6.128979e-01
1.740000e-01  6.099681e-01
1.770000e-01  6.070756e-01
1.800000e-01  6.042193e-01
1.830000e-01  6.013979e-01
1.860000e-01  5.986104e-01
1.890000e-01  5.958557e-01
1.920000e-01  5.931327e-01
1.950000e-01  5.904404e-01
1.980000e-01  5.877780e-01
2.010000e-01  5.851444e-01
2.040000e-01  5.825388e-01
2.070000e-01  5.799604e-01
2.100000e-01  5.774082e-01
2.130000e-01  5.748817e-01
2.160000e-01  5.723799e-01
2.190000e-01  5.699021e-01
2.220000e-01  5.674477e-01
2.250000e-01  5.650160e-01
2.280000e-01  5.626063e-01
2.310000e-01  5.602179e-01
2.340000e-01  5.578502e-01
2.370000e-01  5.555027e-01
2.400000e-01  5.531748e-01
2.430000e-01  5.508659e-01
2.460000e-01  5.485754e-01
2.490000e-01  5.463028e-01
2.520000e-01  5.440476e-01
2.550000e-01  5.418093e-01
2.580000e-01  5.395875e-01
2.610000e-01  5.373815e-01
2.640000e-01  5.351911e-01
2.670000e-01  5.330156e-01
2.700000e-01  5.308548e-01
2.730000e-01  5.287081e-01
2.760000e-01  5.265751e-01
2.790000e-01  5.244555e-01
2.820000e-01  5.223487e-01
2.850000e-01  5.202546e-01
2.880000e-01  5.181725e-01
2.910000e-01  5.161022e-01
2.940000e-01  5.140433e-01
2.970000e-01  5.119955e-01
3.000000e-01  5.099583e-01
3.030000e-01  5.079315e-01
3.060000e-01  5.059146e-01
3.090000e-01  5.039074e-01
3.120000e-01  5.019095e-01
3.150000e-01  4.999206e-01
3.180000e-01  4.979404e-01
3.210000e-01  4.959684e-01
3.240000e-01  4.940045e-01
3.270000e-01  4.920483e-01
3.300000e-01  4.900995e-01
3.330000e-01  4.881577e-01
3.360000e-01  4.862227e-01
3.390000e-01  4.842942e-01
3.420000e-01  4.823719e-01
3.450000e-01  4.804554e-01
3.480000e-01  4.785445e-01
3.510000e-01  4.766388e-01
3.540000e-01  4.747381e-01
3.570000e-01  4.728420e-01
3.600000e-01  4.709503e-01
3.630000e-01  4.690627e-01
3.660000e-01  4.671788e-01
3.690000e-01  4.652984e-01
3.720000e-01  4.634211e-01
3.750000e-01  4.615467e-01
3.780000e-01  4.596747e-01
3.810000e-01  4.578050e-01
3.840000e-01  4.559372e-01
3.870000e-01  4.540710e-01
3.900000e-01  4.522060e-01
3.930000e-01  4.503419e-01
3.960000e-01  4.484784e-01
3.990000e-01  000000
4.020000e-01  000000
4.050000e-01  000000
4.080000e-01  000000
4.110000e-01  000000
4.140000e-01  000000
4.170000e-01  000000
4.200000e-01  000000
4.230000e-01  000000
4.260000e-01  000000
4.290000e-01  000000
4.320000e-01  000000
4.350000e-01  000000
4.380000e-01  000000
4.410000e-01  000000
4.440000e-01  000000
4.470000e-01  000000
4.500000e-01  000000
4.530000e-01  000000
4.560000e-01  000000
4.590000e-01  000000
4.620000e-01  000000
4.650000e-01  000000
4.680000e-01  000000
4.710000e-01  000000
4.740000e-01  000000
4.770000e-01  000000
4.800000e-01  000000
4.830000e-01  000000
4.860000e-01  000000
4.890000e-01  000000
4.920000e-01  000000
4.950000e-01  000000
4.980000e-01  000000
5.010000e-01  000000
5.040000e-01  000000
5.070000e-01  000000
5.100000e-01  000000
5.130000e-01  000000
5.160000e-01  000000
5.190000e-01  000000
5.220000e-01  000000
5.250000e-01  000000
5.280000e-01  000000
5.310000e-01  000000
5.340000e-01  000000
5.370000e-01  000000
5.400000e-01  000000
5.430000e-01  000000
5.460000e-01  000000
5.490000e-01  000000
5.520000e-01  000000
5.550000e-01  000000
5.580000e-01  000000
5.610000e-01  000000
5.640000e-01  000000
5.670000e-01  000000
5.700000e-01  000000
5.730000e-01  000000
5.760000e-01  000000
5.790000e-01  000000
5.820000e-01  000000
5.850000e-01  000000
5.880000e-01  000000
5.910000e-01  000000
5.940000e-01  000000
5.970000e-01  000000
6.000000e-01  000000
6.030000e-01  000000
6.060000e-01  000000
6.090000e-01  000000
6.120000e-01  000000
6.150000e-01  000000
6.180000e-01  000000
6.210000e-01  000000
6.240000e-01  000000
6.270000e-01  000000
6.300000e-01  000000
6.330000e-01  000000
6.360000e-01  000000
6.390000e-01  000000
6.420000e-01  000000
6.450000e-01  000000
6.480000e-01  000000
6.510000e-01  000000
6.540000e-01  000000
6.570000e-01  000000
6.600000e-01  000000
6.630000e-01  000000
6.660000e-01  000000
6.690000e-01  000000
6.720000e-01  000000
6.750000e-01  000000
6.780000e-01  000000
6.810000e-01  000000
6.840000e-01  000000
6.870000e-01  000000
6.900000e-01  000000
6.930000e-01  000000
6.960000e-01  000000
6.990000e-01  000000
7.020000e-01  000000
7.050000e-01  000000
7.080000e-01  000000
7.110000e-01  000000
7.140000e-01  000000
7.170000e-01  000000
7.200000e-01  000000
7.230000e-01  000000
7.260000e-01  000000
7.290000e-01  000000
7.320000e-01  000000
7.350000e-01  000000
7.380000e-01  000000
7.410000e-01  000000
7.440000e-01  000000
7.470000e-01  000000
7.500000e-01  000000
7.530000e-01  000000
7.560000e-01  000000
7.590000e-01  000000
7.620000e-01  000000
7.650000e-01  000000
7.680000e-01  000000
7.710000e-01  000000
7.740000e-01  000000
7.770000e-01  000000
7.800000e-01  000000
7.830000e-01  000000
7.860000e-01  000000
7.890000e-01  000000
7.920000e-01  000000
7.950000e-01  000000
7.980000e-01  000000
8.010000e-01  000000
8.040000e-01  000000
8.070000e-01  000000
8.100000e-01  000000
8.130000e-01  000000
8.160000e-01  000000
8.190000e-01  000000
8.220000e-01  000000
8.250000e-01  000000
8.280000e-01  000000
8.310000e-01  000000
8.340000e-01  000000
8.370000e-01  000000
8.400000e-01  000000
8.430000e-01  000000
8.460000e-01  000000
8.490000e-01  000000
8.520000e-01  000000
8.550000e-01  000000
8.580000e-01  000000
8.610000e-01  000000
8.640000e-01  000000
8.670000e-01  000000
8.700000e-01  000000
8.730000e-01  000000
8.760000e-01  000000
8.790000e-01  000000
8.820000e-01  000000
8.850000e-01  000000
8.880000e-01  000000
8.910000e-01  000000
8.940000e-01  000000
8.970000e-01  000000
9.000000e-01  000000
9.030000e-01  000000
9.060000e-01  000000
9.090000e-01  000000
9.120000e-01  000000
9.150000e-01  000000
9.180000e-01  000000
9.210000e-01  000000
9.240000e-01  000000
9.270000e-01  000000
9.300000e-01  000000
9.330000e-01  000000
9.360000e-01  000000
9.390000e-01  000000
9.420000e-01  000000
9.450000e-01  000000
9.480000e-01  000000
9.510000e-01  000000
9.540000e-01  000000
9.570000e-01  000000
9.600000e-01  000000
9.630000e-01  000000
9.660000e-01  000000
9.690000e-01  000000
9.720000e-01  000000
9.750000e-01  000000
9.780000e-01  000000
9.810000e-01  000000
9.840000e-01  000000
9.870000e-01  000000
9.900000e-01  000000
9.930000e-01  000000
9.960000e-01  000000
9.990000e-01  000000
