000000  000001
3.000000e-03  9.814594e-01
6.000000e-03  9.647621e-01
9.000000e-03  9.495645e-01
1.200000e-02  9.356120e-01
1.500000e-02  9.227108e-01
1.800000e-02  9.107095e-01
2.100000e-02  8.994874e-01
2.400000e-02  8.889471e-01
2.700000e-02  8.790083e-01
3.000000e-02  8.696042e-01
3.300000e-02  8.606788e-01
3.600000e-02  8.521843e-01
3.900000e-02  8.440799e-01
4.200000e-02  8.363303e-01
4.500000e-02  8.289048e-01
4.800000e-02  8.217765e-01
5.100000e-02  8.149218e-01
5.400000e-02  8.083197e-01
5.700000e-02  8.019516e-01
6.000000e-02  7.958009e-01
6.300000e-02  7.898526e-01
6.600000e-02  7.840933e-01
6.900000e-02  7.785108e-01
7.200000e-02  7.730942e-01
7.500000e-02  7.678333e-01
7.800000e-02  7.627191e-01
8.100000e-02  7.577431e-01
8.400000e-02  7.528977e-01
8.700000e-02  7.481759e-01
9.000000e-02  7.435710e-01
9.300000e-02  7.390771e-01
9.600000e-02  7.346887e-01
9.900000e-02  7.304005e-01
1.020000e-01  7.262077e-01
1.050000e-01  7.221060e-01
1.080000e-01  7.180910e-01
1.110000e-01  7.141590e-01
1.140000e-01  7.103063e-01
1.170000e-01  7.065295e-01
1.200000e-01  7.028253e-01
1.230000e-01  6.991908e-01
1.260000e-01  6.956232e-01
1.290000e-01  6.921197e-01
1.320000e-01  6.886779e-01
1.350000e-01  6.852954e-01
1.380000e-01  6.819700e-01
1.410000e-01  6.786995e-01
1.440000e-01  6.754819e-01
1.470000e-01  6.723154e-01
1.500000e-01  6.691981e-01
1.530000e-01  6.661283e-01
1.560000e-01  6.631044e-01
1.590000e-01  6.601248e-01
1.620000e-01  6.571881e-01
1.650000e-01  6.542928e-01
1.680000e-01  6.514376e-01
1.710000e-01  6.486212e-01
1.740000e-01  6.458424e-01
1.770000e-01  6.431000e-01
1.800000e-01  6.403929e-01
1.830000e-01  6.377200e-01
1.860000e-01  6.350803e-01
1.890000e-01  6.324728e-01
1.920000e-01  6.298966e-01
1.950000e-01  6.273508e-01
1.980000e-01  6.248344e-01
2.010000e-01  6.223467e-01
2.040000e-01  6.198868e-01
2.070000e-01  6.174541e-01
2.100000e-01  6.150476e-01
2.130000e-01  6.126667e-01
2.160000e-01  6.103108e-01
2.190000e-01  6.079791e-01
2.220000e-01  6.056710e-01
2.250000e-01  6.033859e-01
2.280000e-01  6.011232e-01
2.310000e-01  5.988822e-01
2.340000e-01  5.966626e-01
2.370000e-01  5.944636e-01
2.400000e-01  5.922848e-01
2.430000e-01  5.901257e-01
2.460000e-01  5.879857e-01
2.490000e-01  5.858645e-01
2.520000e-01  5.837615e-01
2.550000e-01  5.816763e-01
2.580000e-01  5.796085e-01
2.610000e-01  5.775577e-01
2.640000e-01  5.755233e-01
2.670000e-01  5.735051e-01
2.700000e-01  5.715027e-01
2.730000e-01  5.695156e-01
2.760000e-01  5.675436e-01
2.790000e-01  5.655862e-01
2.820000e-01  5.636431e-01
2.850000e-01  5.617140e-01
2.880000e-01  5.597986e-01
2.910000e-01  5.578965e-01
2.940000e-01  5.560074e-01
2.970000e-01  5.541310e-01
3.000000e-01  5.522671e-01
3.030000e-01  5.504153e-01
3.060000e-01  5.485754e-01
3.090000e-01  5.467470e-01
3.120000e-01  5.449299e-01
3.150000e-01  5.431239e-01
3.180000e-01  5.413287e-01
3.210000e-01  5.395440e-01
3.240000e-01  5.377697e-01
3.270000e-01  5.360053e-01
3.300000e-01  5.342508e-01
3.330000e-01  5.325059e-01
3.360000e-01  5.307703e-01
3.390000e-01  5.290439e-01
3.420000e-01  5.273264e-01
3.450000e-01  5.256176e-01
3.480000e-01  5.239172e-01
3.510000e-01  5.222252e-01
3.540000e-01  5.205413e-01
3.570000e-01  5.188652e-01
3.600000e-01  5.171968e-01
3.630000e-01  5.155359e-01
3.660000e-01  5.138823e-01
3.690000e-01  5.122359e-01
3.720000e-01  5.105963e-01
3.750000e-01  5.089635e-01
3.780000e-01  5.073373e-01
3.810000e-01  5.057174e-01
3.840000e-01  5.041038e-01
3.870000e-01  5.024962e-01
3.900000e-01  5.008945e-01
3.930000e-01  4.992984e-01
3.960000e-01  4.977079e-01
3.990000e-01  4.961228e-01
4.020000e-01  4.945428e-01
4.050000e-01  4.929679e-01
4.080000e-01  4.913979e-01
4.110000e-01  4.898325e-01
4.140000e-01  4.882717e-01
4.170000e-01  4.867153e-01
4.200000e-01  4.851632e-01
4.230000e-01  4.836151e-01
4.260000e-01  4.820709e-01
4.290000e-01  4.805304e-01
4.320000e-01  4.789936e-01
4.350000e-01  4.774602e-01
4.380000e-01  4.759301e-01
4.410000e-01  4.744032e-01
4.440000e-01  4.728792e-01
4.470000e-01  4.713580e-01
4.500000e-01  4.698395e-01
4.530000e-01  4.683235e-01
4.560000e-01  4.668099e-01
4.590000e-01  4.652984e-01
4.620000e-01  4.637890e-01
4.650000e-01  4.622814e-01
4.680000e-01  4.607756e-01
4.710000e-01  4.592713e-01
4.740000e-01  4.577684e-01
4.770000e-01  4.562667e-01
4.800000e-01  4.547661e-01
4.830000e-01  4.532663e-01
4.860000e-01  4.517673e-01
4.890000e-01  4.502688e-01
4.920000e-01  4.487707e-01
4.950000e-01  000000
4.980000e-01  000000
5.010000e-01  000000
5.040000e-01  000000
5.070000e-01  000000
5.100000e-01  000000
5.130000e-01  000000
5.160000e-01  000000
5.190000e-01  000000
5.220000e-01  000000
5.250000e-01  000000
5.280000e-01  000000
5.310000e-01  000000
5.340000e-01  000000
5.370000e-01  000000
5.400000e-01  000000
5.430000e-01  000000
5.460000e-01  000000
5.490000e-01  000000
5.520000e-01  000000
5.550000e-01  000000
5.580000e-01  000000
5.610000e-01  000000
5.640000e-01  000000
5.670000e-01  000000
5.700000e-01  000000
5.730000e-01  000000
5.760000e-01  000000
5.790000e-01  000000
5.820000e-01  000000
5.850000e-01  000000
5.880000e-01  000000
5.910000e-01  000000
5.940000e-01  000000
5.970000e-01  000000
6.000000e-01  000000
6.030000e-01  000000
6.060000e-01  000000
6.090000e-01  000000
6.120000e-01  000000
6.150000e-01  000000
6.180000e-01  000000
6.210000e-01  000000
6.240000e-01  000000
6.270000e-01  000000
6.300000e-01  000000
6.330000e-01  000000
6.360000e-01  000000
6.390000e-01  000000
6.420000e-01  000000
6.450000e-01  000000
6.480000e-01  000000
6.510000e-01  000000
6.540000e-01  000000
6.570000e-01  000000
6.600000e-01  000000
6.630000e-01  000000
6.660000e-01  000000
6.690000e-01  000000
6.720000e-01  000000
6.750000e-01  000000
6.780000e-01  000000
6.810000e-01  000000
6.840000e-01  000000
6.870000e-01  000000
6.900000e-01  000000
6.930000e-01  000000
6.960000e-01  000000
6.990000e-01  000000
7.020000e-01  000000
7.050000e-01  000000
7.080000e-01  000000
7.110000e-01  000000
7.140000e-01  000000
7.170000e-01  000000
7.200000e-01  000000
7.230000e-01  000000
7.260000e-01  000000
7.290000e-01  000000
7.320000e-01  000000
7.350000e-01  000000
7.380000e-01  000000
7.410000e-01  000000
7.440000e-01  000000
7.470000e-01  000000
7.500000e-01  000000
7.530000e-01  000000
7.560000e-01  000000
7.590000e-01  000000
7.620000e-01  000000
7.650000e-01  000000
7.680000e-01  000000
7.710000e-01  000000
7.740000e-01  000000
7.770000e-01  000000
7.800000e-01  000000
7.830000e-01  000000
7.860000e-01  000000
7.890000e-01  000000
7.920000e-01  000000
7.950000e-01  000000
7.980000e-01  000000
8.010000e-01  000000
8.040000e-01  000000
8.070000e-01  000000
8.100000e-01  000000
8.130000e-01  000000
8.160000e-01  000000
8.190000e-01  000000
8.220000e-01  000000
8.250000e-01  000000
8.280000e-01  000000
8.310000e-01  000000
8.340000e-01  000000
8.370000e-01  000000
8.400000e-01  000000
8.430000e-01  000000
8.460000e-01  000000
8.490000e-01  000000
8.520000e-01  000000
8.550000e-01  000000
8.580000e-01  000000
8.610000e-01  000000
8.640000e-01  000000
8.670000e-01  000000
8.700000e-01  000000
8.730000e-01  000000
8.760000e-01  000000
8.790000e-01  000000
8.820000e-01  000000
8.850000e-01  000000
8.880000e-01  000000
8.910000e-01  000000
8.940000e-01  000000
8.970000e-01  000000
9.000000e-01  000000
9.030000e-01  000000
9.060000e-01  000000
9.090000e-01  000000
9.120000e-01  000000
9.150000e-01  000000
9.180000e-01  000000
9.210000e-01  000000
9.240000e-01  000000
9.270000e-01  000000
9.300000e-01  000000
9.330000e-01  000000
9.360000e-01  000000
9.390000e-01  000000
9.420000e-01  000000
9.450000e-01  000000
9.480000e-01  000000
9.510000e-01  000000
9.540000e-01  000000
9.570000e-01  000000
9.600000e-01  000000
9.630000e-01  000000
9.660000e-01  000000
9.690000e-01  000000
9.720000e-01  000000
9.750000e-01  000000
9.780000e-01  000000
9.810000e-01  000000
9.840000e-01  000000
9.870000e-01  000000
9.900000e-01  000000
9.930000e-01  000000
9.960000e-01  000000
9.990000e-01  000000
