000000  000001
3.000000e-03  9.859058e-01
6.000000e-03  9.729043e-01
9.000000e-03  9.608333e-01
1.200000e-02  9.495645e-01
1.500000e-02  9.389948e-01
1.800000e-02  9.290403e-01
2.100000e-02  9.196313e-01
2.400000e-02  9.107095e-01
2.700000e-02  9.022255e-01
3.000000e-02  8.941374e-01
3.300000e-02  8.864088e-01
3.600000e-02  8.790083e-01
3.900000e-02  8.719083e-01
4.200000e-02  8.650848e-01
4.500000e-02  8.585165e-01
4.800000e-02  8.521843e-01
5.100000e-02  8.460715e-01
5.400000e-02  8.401628e-01
5.700000e-02  8.344447e-01
6.000000e-02  8.289048e-01
6.300000e-02  8.235321e-01
6.600000e-02  8.183163e-01
6.900000e-02  8.132483e-01
7.200000e-02  8.083197e-01
7.500000e-02  8.035226e-01
7.800000e-02  7.988500e-01
8.100000e-02  7.942954e-01
8.400000e-02  7.898526e-01
8.700000e-02  7.855161e-01
9.000000e-02  7.812807e-01
9.300000e-02  7.771415e-01
9.600000e-02  7.730942e-01
9.900000e-02  7.691344e-01
1.020000e-01  7.652584e-01
1.050000e-01  7.614624e-01
1.080000e-01  7.577431e-01
1.110000e-01  7.540972e-01
1.140000e-01  7.505218e-01
1.170000e-01  7.470139e-01
1.200000e-01  7.435710e-01
1.230000e-01  7.401905e-01
1.260000e-01  7.368701e-01
1.290000e-01  7.336074e-01
1.320000e-01  7.304005e-01
1.350000e-01  7.272472e-01
1.380000e-01  7.241457e-01
1.410000e-01  7.210942e-01
1.440000e-01  7.180910e-01
1.470000e-01  7.151345e-01
1.500000e-01  7.122230e-01
1.530000e-01  7.093551e-01
1.560000e-01  7.065295e-01
1.590000e-01  7.037447e-01
1.620000e-01  7.009995e-01
1.650000e-01  6.982927e-01
1.680000e-01  6.956232e-01
1.710000e-01  6.929897e-01
1.740000e-01  6.903912e-01
1.770000e-01  6.878268e-01
1.800000e-01  6.852954e-01
1.830000e-01  6.827961e-01
1.860000e-01  6.803280e-01
1.890000e-01  6.778902e-01
1.920000e-01  6.754819e-01
1.950000e-01  6.731024e-01
1.980000e-01  6.707507e-01
2.010000e-01  6.684263e-01
2.040000e-01  6.661283e-01
2.070000e-01  6.638562e-01
2.100000e-01  6.616092e-01
2.130000e-01  6.593867e-01
2.160000e-01  6.571881e-01
2.190000e-01  6.550128e-01
2.220000e-01  6.528602e-01
2.250000e-01  6.507299e-01
2.280000e-01  6.486212e-01
2.310000e-01  6.465336e-01
2.340000e-01  6.444667e-01
2.370000e-01  6.424199e-01
2.400000e-01  6.403929e-01
2.430000e-01  6.383851e-01
2.460000e-01  6.363961e-01
2.490000e-01  6.344255e-01
2.520000e-01  6.324728e-01
2.550000e-01  6.305378e-01
2.580000e-01  6.286200e-01
2.610000e-01  6.267190e-01
2.640000e-01  6.248344e-01
2.670000e-01  6.229660e-01
2.700000e-01  6.211134e-01
2.730000e-01  6.192761e-01
2.760000e-01  6.174541e-01
2.790000e-01  6.156468e-01
2.820000e-01  6.138540e-01
2.850000e-01  6.120754e-01
2.880000e-01  6.103108e-01
2.910000e-01  6.085598e-01
2.940000e-01  6.068221e-01
2.970000e-01  6.050976e-01
3.000000e-01  6.033859e-01
3.030000e-01  6.016868e-01
3.060000e-01  6.000000e-01
3.090000e-01  5.983253e-01
3.120000e-01  5.966626e-01
3.150000e-01  5.950114e-01
3.180000e-01  5.933717e-01
3.210000e-01  5.917432e-01
3.240000e-01  5.901257e-01
3.270000e-01  5.885190e-01
3.300000e-01  5.869228e-01
3.330000e-01  5.853371e-01
3.360000e-01  5.837615e-01
3.390000e-01  5.821960e-01
3.420000e-01  5.806403e-01
3.450000e-01  5.790942e-01
3.480000e-01  5.775577e-01
3.510000e-01  5.760304e-01
3.540000e-01  5.745122e-01
3.570000e-01  5.730030e-01
3.600000e-01  5.715027e-01
3.630000e-01  5.700110e-01
3.660000e-01  5.685277e-01
3.690000e-01  5.670529e-01
3.720000e-01  5.655862e-01
3.750000e-01  5.641276e-01
3.780000e-01  5.626768e-01
3.810000e-01  5.612339e-01
3.840000e-01  5.597986e-01
3.870000e-01  5.583708e-01
3.900000e-01  5.569503e-01
3.930000e-01  5.555371e-01
3.960000e-01  5.541310e-01
3.990000e-01  5.527319e-01
4.020000e-01  5.513397e-01
4.050000e-01  5.499542e-01
4.080000e-01  5.485754e-01
4.110000e-01  5.472030e-01
4.140000e-01  5.458371e-01
4.170000e-01  5.444774e-01
4.200000e-01  5.431239e-01
4.230000e-01  5.417765e-01
4.260000e-01  5.404351e-01
4.290000e-01  5.390995e-01
4.320000e-01  5.377697e-01
4.350000e-01  5.364455e-01
4.380000e-01  5.351269e-01
4.410000e-01  5.338137e-01
4.440000e-01  5.325059e-01
4.470000e-01  5.312034e-01
4.500000e-01  5.299060e-01
4.530000e-01  5.286137e-01
4.560000e-01  5.273264e-01
4.590000e-01  5.260440e-01
4.620000e-01  5.247664e-01
4.650000e-01  5.234935e-01
4.680000e-01  5.222252e-01
4.710000e-01  5.209615e-01
4.740000e-01  5.197023e-01
4.770000e-01  5.184474e-01
4.800000e-01  5.171968e-01
4.830000e-01  5.159505e-01
4.860000e-01  5.147082e-01
4.890000e-01  5.134701e-01
4.920000e-01  5.122359e-01
4.950000e-01  5.110056e-01
4.980000e-01  5.097791e-01
5.010000e-01  5.085563e-01
5.040000e-01  5.073373e-01
5.070000e-01  5.061218e-01
5.100000e-01  5.049098e-01
5.130000e-01  5.037013e-01
5.160000e-01  5.024962e-01
5.190000e-01  5.012944e-01
5.220000e-01  5.000958e-01
5.250000e-01  4.989003e-01
5.280000e-01  4.977079e-01
5.310000e-01  4.965186e-01
5.340000e-01  4.953322e-01
5.370000e-01  4.941486e-01
5.400000e-01  4.929679e-01
5.430000e-01  4.917899e-01
5.460000e-01  4.906146e-01
5.490000e-01  4.894419e-01
5.520000e-01  4.882717e-01
5.550000e-01  4.871040e-01
5.580000e-01  4.859387e-01
5.610000e-01  4.847758e-01
5.640000e-01  4.836151e-01
5.670000e-01  4.824566e-01
5.700000e-01  4.813002e-01
5.730000e-01  4.801459e-01
5.760000e-01  4.789936e-01
5.790000e-01  4.778433e-01
5.820000e-01  4.766948e-01
5.850000e-01  4.755481e-01
5.880000e-01  4.744032e-01
5.910000e-01  4.732599e-01
5.940000e-01  4.721182e-01
5.970000e-01  4.709781e-01
6.000000e-01  4.698395e-01
6.030000e-01  4.687023e-01
6.060000e-01  4.675664e-01
6.090000e-01  4.664318e-01
6.120000e-01  4.652984e-01
6.150000e-01  4.641661e-01
6.180000e-01  4.630350e-01
6.210000e-01  4.619048e-01
6.240000e-01  4.607756e-01
6.270000e-01  4.596472e-01
6.300000e-01  4.585197e-01
6.330000e-01  4.573928e-01
6.360000e-01  4.562667e-01
6.390000e-01  4.551411e-01
6.420000e-01  4.540161e-01
6.450000e-01  4.528915e-01
6.480000e-01  4.517673e-01
6.510000e-01  4.506434e-01
6.540000e-01  4.495197e-01
6.570000e-01  4.483962e-01
6.600000e-01  000000
6.630000e-01  000000
6.660000e-01  000000
6.690000e-01  000000
6.720000e-01  000000
6.750000e-01  000000
6.780000e-01  000000
6.810000e-01  000000
6.840000e-01  000000
6.870000e-01  000000
6.900000e-01  000000
6.930000e-01  000000
6.960000e-01  000000
6.990000e-01  000000
7.020000e-01  000000
7.050000e-01  000000
7.080000e-01  000000
7.110000e-01  000000
7.140000e-01  000000
7.170000e-01  000000
7.200000e-01  000000
7.230000e-01  000000
7.260000e-01  000000
7.290000e-01  000000
7.320000e-01  000000
7.350000e-01  000000
7.380000e-01  000000
7.410000e-01  000000
7.440000e-01  000000
7.470000e-01  000000
7.500000e-01  000000
7.530000e-01  000000
7.560000e-01  000000
7.590000e-01  000000
7.620000e-01  000000
7.650000e-01  000000
7.680000e-01  000000
7.710000e-01  000000
7.740000e-01  000000
7.770000e-01  000000
7.800000e-01  000000
7.830000e-01  000000
7.860000e-01  000000
7.890000e-01  000000
7.920000e-01  000000
7.950000e-01  000000
7.980000e-01  000000
8.010000e-01  000000
8.040000e-01  000000
8.070000e-01  000000
8.100000e-01  000000
8.130000e-01  000000
8.160000e-01  000000
8.190000e-01  000000
8.220000e-01  000000
8.250000e-01  000000
8.280000e-01  000000
8.310000e-01  000000
8.340000e-01  000000
8.370000e-01  000000
8.400000e-01  000000
8.430000e-01  000000
8.460000e-01  000000
8.490000e-01  000000
8.520000e-01  000000
8.550000e-01  000000
8.580000e-01  000000
8.610000e-01  000000
8.640000e-01  000000
8.670000e-01  000000
8.700000e-01  000000
8.730000e-01  000000
8.760000e-01  000000
8.790000e-01  000000
8.820000e-01  000000
8.850000e-01  000000
8.880000e-01  000000
8.910000e-01  000000
8.940000e-01  000000
8.970000e-01  000000
9.000000e-01  000000
9.030000e-01  000000
9.060000e-01  000000
9.090000e-01  000000
9.120000e-01  000000
9.150000e-01  000000
9.180000e-01  000000
9.210000e-01  000000
9.240000e-01  000000
9.270000e-01  000000
9.300000e-01  000000
9.330000e-01  000000
9.360000e-01  000000
9.390000e-01  000000
9.420000e-01  000000
9.450000e-01  000000
9.480000e-01  000000
9.510000e-01  000000
9.540000e-01  000000
9.570000e-01  000000
9.600000e-01  000000
9.630000e-01  000000
9.660000e-01  000000
9.690000e-01  000000
9.720000e-01  000000
9.750000e-01  000000
9.780000e-01  000000
9.810000e-01  000000
9.840000e-01  000000
9.870000e-01  000000
9.900000e-01  000000
9.930000e-01  000000
9.960000e-01  000000
9.990000e-01  000000
