000000  000001
3.000000e-03  9.144067e-01
6.000000e-03  8.582779e-01
9.000000e-03  8.166248e-01
1.200000e-02  7.836171e-01
1.500000e-02  7.563592e-01
1.800000e-02  7.331990e-01
2.100000e-02  7.131045e-01
2.400000e-02  6.953876e-01
2.700000e-02  6.795670e-01
3.000000e-02  6.652926e-01
3.300000e-02  6.523024e-01
3.600000e-02  6.403949e-01
3.900000e-02  6.294120e-01
4.200000e-02  6.192274e-01
4.500000e-02  6.097387e-01
4.800000e-02  6.008618e-01
5.100000e-02  5.925267e-01
5.400000e-02  5.846745e-01
5.700000e-02  5.772553e-01
6.000000e-02  5.702265e-01
6.300000e-02  5.635513e-01
6.600000e-02  5.571977e-01
6.900000e-02  5.511380e-01
7.200000e-02  5.453477e-01
7.500000e-02  5.398051e-01
7.800000e-02  5.344912e-01
8.100000e-02  5.293889e-01
8.400000e-02  5.244830e-01
8.700000e-02  5.197597e-01
9.000000e-02  5.152067e-01
9.300000e-02  5.108129e-01
9.600000e-02  5.065682e-01
9.900000e-02  5.024633e-01
1.020000e-01  4.984899e-01
1.050000e-01  4.946402e-01
1.080000e-01  4.909073e-01
1.110000e-01  4.872847e-01
1.140000e-01  4.837664e-01
1.170000e-01  4.803468e-01
1.200000e-01  4.770210e-01
1.230000e-01  4.737842e-01
1.260000e-01  4.706321e-01
1.290000e-01  4.675605e-01
1.320000e-01  4.645657e-01
1.350000e-01  4.616442e-01
1.380000e-01  4.587926e-01
1.410000e-01  4.560078e-01
1.440000e-01  4.532871e-01
1.470000e-01  4.506276e-01
1.500000e-01  4.480267e-01
1.530000e-01  4.454822e-01
1.560000e-01  4.429918e-01
1.590000e-01  4.405533e-01
1.620000e-01  4.381647e-01
1.650000e-01  4.358241e-01
1.680000e-01  4.335297e-01
1.710000e-01  4.312799e-01
1.740000e-01  4.290729e-01
1.770000e-01  4.269074e-01
1.800000e-01  4.247818e-01
1.830000e-01  4.226948e-01
1.860000e-01  4.206451e-01
1.890000e-01  4.186314e-01
1.920000e-01  4.166526e-01
1.950000e-01  4.147074e-01
1.980000e-01  4.127949e-01
2.010000e-01  4.109140e-01
2.040000e-01  4.090638e-01
2.070000e-01  4.072432e-01
2.100000e-01  4.054514e-01
2.130000e-01  4.036876e-01
2.160000e-01  4.019509e-01
2.190000e-01  4.002406e-01
2.220000e-01  3.985558e-01
2.250000e-01  3.968959e-01
2.280000e-01  3.952602e-01
2.310000e-01  3.936480e-01
2.340000e-01  3.920586e-01
2.370000e-01  3.904916e-01
2.400000e-01  3.889461e-01
2.430000e-01  3.874218e-01
2.460000e-01  3.859180e-01
2.490000e-01  3.844343e-01
2.520000e-01  3.829701e-01
2.550000e-01  3.815249e-01
2.580000e-01  3.800982e-01
2.610000e-01  3.786897e-01
2.640000e-01  3.772989e-01
2.670000e-01  3.759253e-01
2.700000e-01  3.745685e-01
2.730000e-01  3.732282e-01
2.760000e-01  3.719039e-01
2.790000e-01  3.705953e-01
2.820000e-01  3.693021e-01
2.850000e-01  3.680238e-01
2.880000e-01  3.667603e-01
2.910000e-01  3.655110e-01
2.940000e-01  3.642758e-01
2.970000e-01  3.630543e-01
3.000000e-01  3.618463e-01
3.030000e-01  3.606513e-01
3.060000e-01  3.594693e-01
3.090000e-01  3.582998e-01
3.120000e-01  3.571427e-01
3.150000e-01  3.559977e-01
3.180000e-01  3.548645e-01
3.210000e-01  3.537429e-01
3.240000e-01  3.526327e-01
3.270000e-01  3.515337e-01
3.300000e-01  3.504456e-01
3.330000e-01  3.493682e-01
3.360000e-01  3.483013e-01
3.390000e-01  3.472448e-01
3.420000e-01  3.461983e-01
3.450000e-01  3.451619e-01
3.480000e-01  3.441351e-01
3.510000e-01  3.431179e-01
3.540000e-01  3.421101e-01
3.570000e-01  3.411116e-01
3.600000e-01  3.401221e-01
3.630000e-01  3.391415e-01
3.660000e-01  3.381696e-01
3.690000e-01  3.372064e-01
3.720000e-01  3.362515e-01
3.750000e-01  3.353050e-01
3.780000e-01  3.343666e-01
3.810000e-01  3.334362e-01
3.840000e-01  3.325137e-01
3.870000e-01  3.315990e-01
3.900000e-01  3.306918e-01
3.930000e-01  3.297922e-01
3.960000e-01  3.288999e-01
3.990000e-01  3.280148e-01
4.020000e-01  3.271369e-01
4.050000e-01  3.262660e-01
4.080000e-01  3.254020e-01
4.110000e-01  3.245448e-01
4.140000e-01  3.236943e-01
4.170000e-01  3.228504e-01
4.200000e-01  3.220129e-01
4.230000e-01  3.211819e-01
4.260000e-01  3.203571e-01
4.290000e-01  3.195385e-01
4.320000e-01  3.187260e-01
4.350000e-01  3.179195e-01
4.380000e-01  3.171189e-01
4.410000e-01  3.163241e-01
4.440000e-01  3.155351e-01
4.470000e-01  3.147517e-01
4.500000e-01  3.139739e-01
4.530000e-01  3.132016e-01
4.560000e-01  3.124347e-01
4.590000e-01  3.116731e-01
4.620000e-01  3.109168e-01
4.650000e-01  3.101657e-01
4.680000e-01  3.094197e-01
4.710000e-01  3.086788e-01
4.740000e-01  3.079428e-01
4.770000e-01  3.072117e-01
4.800000e-01  3.064855e-01
4.830000e-01  3.057640e-01
4.860000e-01  3.050473e-01
4.890000e-01  3.043352e-01
4.920000e-01  3.036276e-01
4.950000e-01  3.029246e-01
4.980000e-01  3.022261e-01
5.010000e-01  3.015319e-01
5.040000e-01  3.008421e-01
5.070000e-01  3.001566e-01
5.100000e-01  2.994753e-01
5.130000e-01  2.987982e-01
5.160000e-01  2.981252e-01
5.190000e-01  2.974563e-01
5.220000e-01  2.967914e-01
5.250000e-01  2.961305e-01
5.280000e-01  2.954735e-01
5.310000e-01  2.948203e-01
5.340000e-01  2.941710e-01
5.370000e-01  2.935255e-01
5.400000e-01  2.928837e-01
5.430000e-01  2.922456e-01
5.460000e-01  2.916111e-01
5.490000e-01  2.909802e-01
5.520000e-01  2.903528e-01
5.550000e-01  2.897290e-01
5.580000e-01  2.891086e-01
5.610000e-01  2.884917e-01
5.640000e-01  2.878781e-01
5.670000e-01  2.872679e-01
5.700000e-01  2.866610e-01
5.730000e-01  2.860574e-01
5.760000e-01  2.854570e-01
5.790000e-01  2.848598e-01
5.820000e-01  2.842657e-01
5.850000e-01  2.836747e-01
5.880000e-01  2.830869e-01
5.910000e-01  2.825021e-01
5.940000e-01  2.819203e-01
5.970000e-01  2.813415e-01
6.000000e-01  2.807656e-01
6.030000e-01  2.801926e-01
6.060000e-01  2.796226e-01
6.090000e-01  2.790553e-01
6.120000e-01  2.784909e-01
6.150000e-01  2.779293e-01
6.180000e-01  2.773704e-01
6.210000e-01  2.768143e-01
6.240000e-01  2.762609e-01
6.270000e-01  2.757101e-01
6.300000e-01  2.751620e-01
6.330000e-01  2.746164e-01
6.360000e-01  2.740735e-01
6.390000e-01  2.735331e-01
6.420000e-01  2.729953e-01
6.450000e-01  2.724599e-01
6.480000e-01  2.719270e-01
6.510000e-01  2.713966e-01
6.540000e-01  2.708686e-01
6.570000e-01  2.703430e-01
6.600000e-01  2.698198e-01
6.630000e-01  2.692989e-01
6.660000e-01  2.687804e-01
6.690000e-01  2.682641e-01
6.720000e-01  2.677501e-01
6.750000e-01  2.672384e-01
6.780000e-01  2.667289e-01
6.810000e-01  2.662217e-01
6.840000e-01  2.657166e-01
6.870000e-01  2.652137e-01
6.900000e-01  2.647129e-01
6.930000e-01  2.642142e-01
6.960000e-01  2.637177e-01
6.990000e-01  2.632232e-01
7.020000e-01  2.627308e-01
7.050000e-01  2.622404e-01
7.080000e-01  2.617521e-01
7.110000e-01  2.612657e-01
7.140000e-01  2.607813e-01
7.170000e-01  2.602989e-01
7.200000e-01  2.598185e-01
7.230000e-01  2.593399e-01
7.260000e-01  2.588633e-01
7.290000e-01  2.583885e-01
7.320000e-01  2.579157e-01
7.350000e-01  2.574446e-01
7.380000e-01  2.569754e-01
7.410000e-01  2.565080e-01
7.440000e-01  2.560425e-01
7.470000e-01  2.555787e-01
7.500000e-01  2.551166e-01
7.530000e-01  2.546563e-01
7.560000e-01  2.541978e-01
7.590000e-01  2.537410e-01
7.620000e-01  2.532858e-01
7.650000e-01  2.528324e-01
7.680000e-01  2.523806e-01
7.710000e-01  2.519304e-01
7.740000e-01  2.514819e-01
7.770000e-01  2.510351e-01
7.800000e-01  2.505898e-01
7.830000e-01  2.501461e-01
7.860000e-01  2.497040e-01
7.890000e-01  2.492635e-01
7.920000e-01  2.488245e-01
7.950000e-01  2.483871e-01
7.980000e-01  2.479512e-01
8.010000e-01  2.475168e-01
8.040000e-01  2.470839e-01
8.070000e-01  2.466524e-01
8.100000e-01  2.462225e-01
8.130000e-01  2.457939e-01
8.160000e-01  2.453669e-01
8.190000e-01  2.449412e-01
8.220000e-01  2.445170e-01
8.250000e-01  2.440942e-01
8.280000e-01  2.436728e-01
8.310000e-01  2.432527e-01
8.340000e-01  2.428340e-01
8.370000e-01  2.424167e-01
8.400000e-01  2.420007e-01
8.430000e-01  2.415860e-01
8.460000e-01  2.411727e-01
8.490000e-01  2.407607e-01
8.520000e-01  2.403499e-01
8.550000e-01  2.399405e-01
8.580000e-01  2.395323e-01
8.610000e-01  2.391254e-01
8.640000e-01  2.387197e-01
8.670000e-01  2.383153e-01
8.700000e-01  2.379121e-01
8.730000e-01  2.375102e-01
8.760000e-01  2.371094e-01
8.790000e-01  2.367098e-01
8.820000e-01  2.363114e-01
8.850000e-01  2.359142e-01
8.880000e-01  2.355182e-01
8.910000e-01  2.351233e-01
8.940000e-01  2.347296e-01
8.970000e-01  2.343370e-01
9.000000e-01  2.339455e-01
9.030000e-01  2.335552e-01
9.060000e-01  2.331659e-01
9.090000e-01  2.327778e-01
9.120000e-01  2.323907e-01
9.150000e-01  2.320048e-01
9.180000e-01  2.316199e-01
9.210000e-01  2.312360e-01
9.240000e-01  2.308532e-01
9.270000e-01  2.304715e-01
9.300000e-01  2.300908e-01
9.330000e-01  2.297111e-01
9.360000e-01  2.293324e-01
9.390000e-01  2.289547e-01
9.420000e-01  2.285781e-01
9.450000e-01  2.282024e-01
9.480000e-01  2.278277e-01
9.510000e-01  2.274540e-01
9.540000e-01  2.270812e-01
9.570000e-01  2.267094e-01
9.600000e-01  2.263386e-01
9.630000e-01  2.259687e-01
9.660000e-01  2.255997e-01
9.690000e-01  2.252317e-01
9.720000e-01  2.248646e-01
9.750000e-01  2.244983e-01
9.780000e-01  2.241330e-01
9.810000e-01  2.237686e-01
9.840000e-01  2.234050e-01
9.870000e-01  2.230424e-01
9.900000e-01  2.226806e-01
9.930000e-01  2.223196e-01
9.960000e-01  2.219596e-01
9.990000e-01  2.216003e-01
