000000  000001
3.000000e-03  8.300853e-01
6.000000e-03  7.491248e-01
9.000000e-03  6.963184e-01
1.200000e-02  6.574538e-01
1.500000e-02  6.268914e-01
1.800000e-02  6.018202e-01
2.100000e-02  5.806392e-01
2.400000e-02  5.623513e-01
2.700000e-02  5.462950e-01
3.000000e-02  5.320091e-01
3.300000e-02  5.191601e-01
3.600000e-02  5.074991e-01
3.900000e-02  4.968355e-01
4.200000e-02  4.870206e-01
4.500000e-02  4.779357e-01
4.800000e-02  4.694853e-01
5.100000e-02  4.615907e-01
5.400000e-02  4.541871e-01
5.700000e-02  4.472197e-01
6.000000e-02  4.406427e-01
6.300000e-02  4.344166e-01
6.600000e-02  4.285076e-01
6.900000e-02  4.228865e-01
7.200000e-02  4.175278e-01
7.500000e-02  4.124092e-01
7.800000e-02  4.075111e-01
8.100000e-02  4.028159e-01
8.400000e-02  3.983084e-01
8.700000e-02  3.939745e-01
9.000000e-02  3.898021e-01
9.300000e-02  3.857798e-01
9.600000e-02  3.818977e-01
9.900000e-02  3.781468e-01
1.020000e-01  3.745185e-01
1.050000e-01  3.710056e-01
1.080000e-01  3.676010e-01
1.110000e-01  3.642986e-01
1.140000e-01  3.610924e-01
1.170000e-01  3.579772e-01
1.200000e-01  3.549480e-01
1.230000e-01  3.520004e-01
1.260000e-01  3.491302e-01
1.290000e-01  3.463334e-01
1.320000e-01  3.436065e-01
1.350000e-01  3.409461e-01
1.380000e-01  3.383490e-01
1.410000e-01  3.358123e-01
1.440000e-01  3.333333e-01
1.470000e-01  3.309095e-01
1.500000e-01  3.285384e-01
1.530000e-01  3.262178e-01
1.560000e-01  3.239456e-01
1.590000e-01  3.217198e-01
1.620000e-01  3.195385e-01
1.650000e-01  3.173999e-01
1.680000e-01  3.153024e-01
1.710000e-01  3.132444e-01
1.740000e-01  3.112243e-01
1.770000e-01  3.092409e-01
1.800000e-01  3.072927e-01
1.830000e-01  3.053785e-01
1.860000e-01  3.034971e-01
1.890000e-01  3.016473e-01
1.920000e-01  2.998280e-01
1.950000e-01  2.980383e-01
1.980000e-01  2.962770e-01
2.010000e-01  2.945433e-01
2.040000e-01  2.928363e-01
2.070000e-01  2.911551e-01
2.100000e-01  2.894988e-01
2.130000e-01  2.878668e-01
2.160000e-01  2.862582e-01
2.190000e-01  2.846724e-01
2.220000e-01  2.831086e-01
2.250000e-01  2.815662e-01
2.280000e-01  2.800446e-01
2.310000e-01  2.785431e-01
2.340000e-01  2.770611e-01
2.370000e-01  2.755982e-01
2.400000e-01  2.741538e-01
2.430000e-01  2.727273e-01
2.460000e-01  2.713182e-01
2.490000e-01  2.699262e-01
2.520000e-01  2.685506e-01
2.550000e-01  2.671911e-01
2.580000e-01  2.658473e-01
2.610000e-01  2.645187e-01
2.640000e-01  2.632049e-01
2.670000e-01  2.619056e-01
2.700000e-01  2.606203e-01
2.730000e-01  2.593488e-01
2.760000e-01  2.580906e-01
2.790000e-01  2.568454e-01
2.820000e-01  2.556130e-01
2.850000e-01  2.543929e-01
2.880000e-01  2.531849e-01
2.910000e-01  2.519887e-01
2.940000e-01  2.508040e-01
2.970000e-01  2.496305e-01
3.000000e-01  2.484680e-01
3.030000e-01  2.473162e-01
3.060000e-01  2.461748e-01
3.090000e-01  2.450436e-01
3.120000e-01  2.439223e-01
3.150000e-01  2.428108e-01
3.180000e-01  2.417088e-01
3.210000e-01  2.406160e-01
3.240000e-01  2.395323e-01
3.270000e-01  2.384575e-01
3.300000e-01  2.373913e-01
3.330000e-01  2.363335e-01
3.360000e-01  2.352841e-01
3.390000e-01  2.342427e-01
3.420000e-01  2.332091e-01
3.450000e-01  2.321833e-01
3.480000e-01  2.311651e-01
3.510000e-01  2.301542e-01
3.540000e-01  2.291504e-01
3.570000e-01  2.281538e-01
3.600000e-01  2.271640e-01
3.630000e-01  2.261809e-01
3.660000e-01  2.252045e-01
3.690000e-01  2.242344e-01
3.720000e-01  2.232706e-01
3.750000e-01  2.223130e-01
3.780000e-01  2.213613e-01
3.810000e-01  2.204155e-01
3.840000e-01  2.194755e-01
3.870000e-01  2.185410e-01
3.900000e-01  2.176121e-01
3.930000e-01  2.166884e-01
3.960000e-01  2.157700e-01
3.990000e-01  2.148566e-01
4.020000e-01  2.139483e-01
4.050000e-01  2.130448e-01
4.080000e-01  2.121460e-01
4.110000e-01  2.112519e-01
4.140000e-01  2.103623e-01
4.170000e-01  2.094771e-01
4.200000e-01  2.085961e-01
4.230000e-01  2.077194e-01
4.260000e-01  2.068468e-01
4.290000e-01  2.059781e-01
4.320000e-01  2.051133e-01
4.350000e-01  2.042522e-01
4.380000e-01  2.033948e-01
4.410000e-01  2.025410e-01
4.440000e-01  2.016907e-01
4.470000e-01  2.008437e-01
4.500000e-01  2.000000e-01
4.530000e-01  1.991595e-01
4.560000e-01  1.983220e-01
4.590000e-01  1.974875e-01
4.620000e-01  1.966559e-01
4.650000e-01  1.958271e-01
4.680000e-01  1.950010e-01
4.710000e-01  1.941775e-01
4.740000e-01  1.933565e-01
4.770000e-01  1.925380e-01
4.800000e-01  1.917217e-01
4.830000e-01  1.909077e-01
4.860000e-01  1.900958e-01
4.890000e-01  1.892859e-01
4.920000e-01  1.884780e-01
4.950000e-01  1.876720e-01
4.980000e-01  1.868677e-01
5.010000e-01  1.860651e-01
5.040000e-01  1.852640e-01
5.070000e-01  1.844645e-01
5.100000e-01  1.836663e-01
5.130000e-01  1.828694e-01
5.160000e-01  1.820736e-01
5.190000e-01  1.812790e-01
5.220000e-01  1.804853e-01
5.250000e-01  1.796926e-01
5.280000e-01  1.789006e-01
5.310000e-01  1.781093e-01
5.340000e-01  1.773185e-01
5.370000e-01  1.765283e-01
5.400000e-01  1.757384e-01
5.430000e-01  1.749487e-01
5.460000e-01  1.741591e-01
5.490000e-01  000000
5.520000e-01  000000
5.550000e-01  000000
5.580000e-01  000000
5.610000e-01  000000
5.640000e-01  000000
5.670000e-01  000000
5.700000e-01  000000
5.730000e-01  000000
5.760000e-01  000000
5.790000e-01  000000
5.820000e-01  000000
5.850000e-01  000000
5.880000e-01  000000
5.910000e-01  000000
5.940000e-01  000000
5.970000e-01  000000
6.000000e-01  000000
6.030000e-01  000000
6.060000e-01  000000
6.090000e-01  000000
6.120000e-01  000000
6.150000e-01  000000
6.180000e-01  000000
6.210000e-01  000000
6.240000e-01  000000
6.270000e-01  000000
6.300000e-01  000000
6.330000e-01  000000
6.360000e-01  000000
6.390000e-01  000000
6.420000e-01  000000
6.450000e-01  000000
6.480000e-01  000000
6.510000e-01  000000
6.540000e-01  000000
6.570000e-01  000000
6.600000e-01  000000
6.630000e-01  000000
6.660000e-01  000000
6.690000e-01  000000
6.720000e-01  000000
6.750000e-01  000000
6.780000e-01  000000
6.810000e-01  000000
6.840000e-01  000000
6.870000e-01  000000
6.900000e-01  000000
6.930000e-01  000000
6.960000e-01  000000
6.990000e-01  000000
7.020000e-01  000000
7.050000e-01  000000
7.080000e-01  000000
7.110000e-01  000000
7.140000e-01  000000
7.170000e-01  000000
7.200000e-01  000000
7.230000e-01  000000
7.260000e-01  000000
7.290000e-01  000000
7.320000e-01  000000
7.350000e-01  000000
7.380000e-01  000000
7.410000e-01  000000
7.440000e-01  000000
7.470000e-01  000000
7.500000e-01  000000
7.530000e-01  000000
7.560000e-01  000000
7.590000e-01  000000
7.620000e-01  000000
7.650000e-01  000000
7.680000e-01  000000
7.710000e-01  000000
7.740000e-01  000000
7.770000e-01  000000
7.800000e-01  000000
7.830000e-01  000000
7.860000e-01  000000
7.890000e-01  000000
7.920000e-01  000000
7.950000e-01  000000
7.980000e-01  000000
8.010000e-01  000000
8.040000e-01  000000
8.070000e-01  000000
8.100000e-01  000000
8.130000e-01  000000
8.160000e-01  000000
8.190000e-01  000000
8.220000e-01  000000
8.250000e-01  000000
8.280000e-01  000000
8.310000e-01  000000
8.340000e-01  000000
8.370000e-01  000000
8.400000e-01  000000
8.430000e-01  000000
8.460000e-01  000000
8.490000e-01  000000
8.520000e-01  000000
8.550000e-01  000000
8.580000e-01  000000
8.610000e-01  000000
8.640000e-01  000000
8.670000e-01  000000
8.700000e-01  000000
8.730000e-01  000000
8.760000e-01  000000
8.790000e-01  000000
8.820000e-01  000000
8.850000e-01  000000
8.880000e-01  000000
8.910000e-01  000000
8.940000e-01  000000
8.970000e-01  000000
9.000000e-01  000000
9.030000e-01  000000
9.060000e-01  000000
9.090000e-01  000000
9.120000e-01  000000
9.150000e-01  000000
9.180000e-01  000000
9.210000e-01  000000
9.240000e-01  000000
9.270000e-01  000000
9.300000e-01  000000
9.330000e-01  000000
9.360000e-01  000000
9.390000e-01  000000
9.420000e-01  000000
9.450000e-01  000000
9.480000e-01  000000
9.510000e-01  000000
9.540000e-01  000000
9.570000e-01  000000
9.600000e-01  000000
9.630000e-01  000000
9.660000e-01  000000
9.690000e-01  000000
9.720000e-01  000000
9.750000e-01  000000
9.780000e-01  000000
9.810000e-01  000000
9.840000e-01  000000
9.870000e-01  000000
9.900000e-01  000000
9.930000e-01  000000
9.960000e-01  000000
9.990000e-01  000000
