000000  000001
3.000000e-03  9.014388e-01
6.000000e-03  8.401634e-01
9.000000e-03  7.958439e-01
1.200000e-02  7.612679e-01
1.500000e-02  7.330185e-01
1.800000e-02  7.092037e-01
2.100000e-02  6.886659e-01
2.400000e-02  6.706454e-01
2.700000e-02  6.546171e-01
3.000000e-02  6.402031e-01
3.300000e-02  6.271225e-01
3.600000e-02  6.151610e-01
3.900000e-02  6.041514e-01
4.200000e-02  5.939610e-01
4.500000e-02  5.844823e-01
4.800000e-02  5.756277e-01
5.100000e-02  5.673244e-01
5.400000e-02  5.595113e-01
5.700000e-02  5.521370e-01
6.000000e-02  5.451575e-01
6.300000e-02  5.385349e-01
6.600000e-02  5.322365e-01
6.900000e-02  5.262339e-01
7.200000e-02  5.205021e-01
7.500000e-02  5.150190e-01
7.800000e-02  5.097651e-01
8.100000e-02  5.047232e-01
8.400000e-02  4.998778e-01
8.700000e-02  4.952149e-01
9.000000e-02  4.907221e-01
9.300000e-02  4.863881e-01
9.600000e-02  4.822027e-01
9.900000e-02  4.781566e-01
1.020000e-01  4.742414e-01
1.050000e-01  4.704492e-01
1.080000e-01  4.667731e-01
1.110000e-01  4.632065e-01
1.140000e-01  4.597435e-01
1.170000e-01  4.563785e-01
1.200000e-01  4.531064e-01
1.230000e-01  4.499225e-01
1.260000e-01  4.468225e-01
1.290000e-01  4.438022e-01
1.320000e-01  4.408579e-01
1.350000e-01  4.379860e-01
1.380000e-01  4.351832e-01
1.410000e-01  4.324466e-01
1.440000e-01  4.297731e-01
1.470000e-01  4.271601e-01
1.500000e-01  4.246050e-01
1.530000e-01  4.221055e-01
1.560000e-01  4.196592e-01
1.590000e-01  4.172642e-01
1.620000e-01  4.149183e-01
1.650000e-01  4.126197e-01
1.680000e-01  4.103667e-01
1.710000e-01  4.081575e-01
1.740000e-01  4.059905e-01
1.770000e-01  4.038642e-01
1.800000e-01  4.017773e-01
1.830000e-01  3.997282e-01
1.860000e-01  3.977158e-01
1.890000e-01  3.957388e-01
1.920000e-01  3.937960e-01
1.950000e-01  3.918864e-01
1.980000e-01  3.900087e-01
2.010000e-01  3.881622e-01
2.040000e-01  3.863456e-01
2.070000e-01  3.845582e-01
2.100000e-01  3.827991e-01
2.130000e-01  3.810673e-01
2.160000e-01  3.793622e-01
2.190000e-01  3.776828e-01
2.220000e-01  3.760285e-01
2.250000e-01  3.743986e-01
2.280000e-01  3.727924e-01
2.310000e-01  3.712092e-01
2.340000e-01  3.696484e-01
2.370000e-01  3.681093e-01
2.400000e-01  3.665915e-01
2.430000e-01  3.650943e-01
2.460000e-01  3.636172e-01
2.490000e-01  3.621597e-01
2.520000e-01  3.607213e-01
2.550000e-01  3.593014e-01
2.580000e-01  3.578998e-01
2.610000e-01  3.565158e-01
2.640000e-01  3.551491e-01
2.670000e-01  3.537992e-01
2.700000e-01  3.524658e-01
2.730000e-01  3.511484e-01
2.760000e-01  3.498467e-01
2.790000e-01  3.485604e-01
2.820000e-01  3.472890e-01
2.850000e-01  3.460322e-01
2.880000e-01  3.447897e-01
2.910000e-01  3.435613e-01
2.940000e-01  3.423464e-01
2.970000e-01  3.411450e-01
3.000000e-01  3.399567e-01
3.030000e-01  3.387811e-01
3.060000e-01  3.376182e-01
3.090000e-01  3.364675e-01
3.120000e-01  3.353288e-01
3.150000e-01  3.342018e-01
3.180000e-01  3.330865e-01
3.210000e-01  3.319824e-01
3.240000e-01  3.308894e-01
3.270000e-01  3.298072e-01
3.300000e-01  3.287357e-01
3.330000e-01  3.276746e-01
3.360000e-01  3.266238e-01
3.390000e-01  3.255830e-01
3.420000e-01  3.245520e-01
3.450000e-01  3.235307e-01
3.480000e-01  3.225189e-01
3.510000e-01  3.215163e-01
3.540000e-01  3.205229e-01
3.570000e-01  3.195385e-01
3.600000e-01  3.185628e-01
3.630000e-01  3.175958e-01
3.660000e-01  3.166373e-01
3.690000e-01  3.156871e-01
3.720000e-01  3.147451e-01
3.750000e-01  3.138112e-01
3.780000e-01  3.128852e-01
3.810000e-01  3.119669e-01
3.840000e-01  3.110563e-01
3.870000e-01  3.101532e-01
3.900000e-01  3.092574e-01
3.930000e-01  3.083690e-01
3.960000e-01  3.074876e-01
3.990000e-01  3.066133e-01
4.020000e-01  3.057459e-01
4.050000e-01  3.048853e-01
4.080000e-01  3.040314e-01
4.110000e-01  3.031840e-01
4.140000e-01  3.023432e-01
4.170000e-01  3.015086e-01
4.200000e-01  3.006804e-01
4.230000e-01  2.998584e-01
4.260000e-01  2.990424e-01
4.290000e-01  2.982324e-01
4.320000e-01  2.974283e-01
4.350000e-01  2.966300e-01
4.380000e-01  2.958374e-01
4.410000e-01  2.950504e-01
4.440000e-01  2.942690e-01
4.470000e-01  2.934930e-01
4.500000e-01  2.927225e-01
4.530000e-01  2.919572e-01
4.560000e-01  2.911971e-01
4.590000e-01  2.904422e-01
4.620000e-01  2.896924e-01
4.650000e-01  2.889476e-01
4.680000e-01  2.882077e-01
4.710000e-01  2.874727e-01
4.740000e-01  2.867424e-01
4.770000e-01  2.860169e-01
4.800000e-01  2.852961e-01
4.830000e-01  2.845798e-01
4.860000e-01  2.838681e-01
4.890000e-01  2.831608e-01
4.920000e-01  2.824580e-01
4.950000e-01  2.817595e-01
4.980000e-01  2.810653e-01
5.010000e-01  2.803753e-01
5.040000e-01  2.796895e-01
5.070000e-01  2.790078e-01
5.100000e-01  2.783302e-01
5.130000e-01  2.776566e-01
5.160000e-01  2.769869e-01
5.190000e-01  2.763212e-01
5.220000e-01  2.756593e-01
5.250000e-01  2.750012e-01
5.280000e-01  2.743469e-01
5.310000e-01  2.736963e-01
5.340000e-01  2.730494e-01
5.370000e-01  2.724061e-01
5.400000e-01  2.717663e-01
5.430000e-01  2.711301e-01
5.460000e-01  2.704973e-01
5.490000e-01  2.698681e-01
5.520000e-01  2.692422e-01
5.550000e-01  2.686196e-01
5.580000e-01  2.680004e-01
5.610000e-01  2.673844e-01
5.640000e-01  2.667717e-01
5.670000e-01  2.661621e-01
5.700000e-01  2.655557e-01
5.730000e-01  2.649525e-01
5.760000e-01  2.643523e-01
5.790000e-01  2.637552e-01
5.820000e-01  2.631610e-01
5.850000e-01  2.625699e-01
5.880000e-01  2.619816e-01
5.910000e-01  2.613963e-01
5.940000e-01  2.608138e-01
5.970000e-01  2.602342e-01
6.000000e-01  2.596574e-01
6.030000e-01  2.590833e-01
6.060000e-01  2.585120e-01
6.090000e-01  2.579434e-01
6.120000e-01  2.573775e-01
6.150000e-01  2.568142e-01
6.180000e-01  2.562535e-01
6.210000e-01  2.556954e-01
6.240000e-01  2.551399e-01
6.270000e-01  2.545869e-01
6.300000e-01  2.540364e-01
6.330000e-01  2.534883e-01
6.360000e-01  2.529427e-01
6.390000e-01  2.523995e-01
6.420000e-01  2.518587e-01
6.450000e-01  2.513203e-01
6.480000e-01  2.507842e-01
6.510000e-01  2.502504e-01
6.540000e-01  2.497189e-01
6.570000e-01  2.491896e-01
6.600000e-01  2.486626e-01
6.630000e-01  2.481378e-01
6.660000e-01  2.476152e-01
6.690000e-01  2.470947e-01
6.720000e-01  2.465764e-01
6.750000e-01  2.460602e-01
6.780000e-01  2.455461e-01
6.810000e-01  2.450341e-01
6.840000e-01  2.445241e-01
6.870000e-01  2.440162e-01
6.900000e-01  2.435102e-01
6.930000e-01  2.430063e-01
6.960000e-01  2.425042e-01
6.990000e-01  2.420042e-01
7.020000e-01  2.415061e-01
7.050000e-01  2.410098e-01
7.080000e-01  2.405155e-01
7.110000e-01  2.400230e-01
7.140000e-01  2.395323e-01
7.170000e-01  2.390435e-01
7.200000e-01  2.385565e-01
7.230000e-01  2.380712e-01
7.260000e-01  2.375877e-01
7.290000e-01  2.371060e-01
7.320000e-01  2.366260e-01
7.350000e-01  2.361477e-01
7.380000e-01  2.356712e-01
7.410000e-01  2.351962e-01
7.440000e-01  2.347230e-01
7.470000e-01  2.342514e-01
7.500000e-01  2.337814e-01
7.530000e-01  2.333130e-01
7.560000e-01  2.328462e-01
7.590000e-01  2.323810e-01
7.620000e-01  2.319173e-01
7.650000e-01  2.314552e-01
7.680000e-01  2.309946e-01
7.710000e-01  2.305356e-01
7.740000e-01  2.300780e-01
7.770000e-01  2.296219e-01
7.800000e-01  2.291673e-01
7.830000e-01  2.287141e-01
7.860000e-01  2.282623e-01
7.890000e-01  2.278120e-01
7.920000e-01  2.273631e-01
7.950000e-01  2.269155e-01
7.980000e-01  2.264694e-01
8.010000e-01  2.260246e-01
8.040000e-01  2.255811e-01
8.070000e-01  2.251390e-01
8.100000e-01  2.246982e-01
8.130000e-01  2.242588e-01
8.160000e-01  2.238206e-01
8.190000e-01  2.233837e-01
8.220000e-01  2.229480e-01
8.250000e-01  2.225137e-01
8.280000e-01  2.220805e-01
8.310000e-01  2.216486e-01
8.340000e-01  2.212179e-01
8.370000e-01  2.207884e-01
8.400000e-01  2.203601e-01
8.430000e-01  2.199330e-01
8.460000e-01  2.195070e-01
8.490000e-01  2.190822e-01
8.520000e-01  2.186585e-01
8.550000e-01  2.182360e-01
8.580000e-01  2.178146e-01
8.610000e-01  2.173942e-01
8.640000e-01  2.169750e-01
8.670000e-01  2.165569e-01
8.700000e-01  2.161398e-01
8.730000e-01  2.157238e-01
8.760000e-01  2.153088e-01
8.790000e-01  2.148949e-01
8.820000e-01  2.144820e-01
8.850000e-01  2.140701e-01
8.880000e-01  2.136593e-01
8.910000e-01  2.132494e-01
8.940000e-01  2.128405e-01
8.970000e-01  2.124325e-01
9.000000e-01  2.120255e-01
9.030000e-01  2.116195e-01
9.060000e-01  2.112144e-01
9.090000e-01  2.108103e-01
9.120000e-01  2.104070e-01
9.150000e-01  2.100047e-01
9.180000e-01  2.096033e-01
9.210000e-01  2.092027e-01
9.240000e-01  2.088030e-01
9.270000e-01  2.084042e-01
9.300000e-01  2.080063e-01
9.330000e-01  2.076092e-01
9.360000e-01  2.072129e-01
9.390000e-01  2.068175e-01
9.420000e-01  2.064229e-01
9.450000e-01  2.060291e-01
9.480000e-01  2.056361e-01
9.510000e-01  2.052438e-01
9.540000e-01  2.048524e-01
9.570000e-01  2.044617e-01
9.600000e-01  2.040718e-01
9.630000e-01  2.036826e-01
9.660000e-01  2.032942e-01
9.690000e-01  2.029065e-01
9.720000e-01  2.025196e-01
9.750000e-01  2.021333e-01
9.780000e-01  2.017478e-01
9.810000e-01  2.013629e-01
9.840000e-01  2.009787e-01
9.870000e-01  2.005952e-01
9.900000e-01  2.002124e-01
9.930000e-01  1.998302e-01
9.960000e-01  1.994487e-01
9.990000e-01  1.990678e-01
