000000  000001
3.000000e-03  8.051056e-01
6.000000e-03  7.198143e-01
9.000000e-03  6.656091e-01
1.200000e-02  6.262538e-01
1.500000e-02  5.955688e-01
1.800000e-02  5.705453e-01
2.100000e-02  5.494960e-01
2.400000e-02  5.313818e-01
2.700000e-02  5.155191e-01
3.000000e-02  5.014347e-01
3.300000e-02  4.887881e-01
3.600000e-02  4.773266e-01
3.900000e-02  4.668573e-01
4.200000e-02  4.572302e-01
4.500000e-02  4.483262e-01
4.800000e-02  4.400493e-01
5.100000e-02  4.323209e-01
5.400000e-02  4.250761e-01
5.700000e-02  4.182607e-01
6.000000e-02  4.118287e-01
6.300000e-02  4.057412e-01
6.600000e-02  3.999646e-01
6.900000e-02  3.944700e-01
7.200000e-02  3.892320e-01
7.500000e-02  3.842288e-01
7.800000e-02  3.794409e-01
8.100000e-02  3.748511e-01
8.400000e-02  3.704442e-01
8.700000e-02  3.662065e-01
9.000000e-02  3.621260e-01
9.300000e-02  3.581917e-01
9.600000e-02  3.543936e-01
9.900000e-02  3.507229e-01
1.020000e-01  3.471714e-01
1.050000e-01  3.437318e-01
1.080000e-01  3.403973e-01
1.110000e-01  3.371618e-01
1.140000e-01  3.340195e-01
1.170000e-01  3.309653e-01
1.200000e-01  3.279943e-01
1.230000e-01  3.251022e-01
1.260000e-01  3.222849e-01
1.290000e-01  3.195385e-01
1.320000e-01  3.168595e-01
1.350000e-01  3.142446e-01
1.380000e-01  3.116908e-01
1.410000e-01  3.091952e-01
1.440000e-01  3.067552e-01
1.470000e-01  3.043682e-01
1.500000e-01  3.020319e-01
1.530000e-01  2.997441e-01
1.560000e-01  2.975028e-01
1.590000e-01  2.953060e-01
1.620000e-01  2.931519e-01
1.650000e-01  2.910387e-01
1.680000e-01  2.889649e-01
1.710000e-01  2.869288e-01
1.740000e-01  2.849290e-01
1.770000e-01  2.829642e-01
1.800000e-01  2.810331e-01
1.830000e-01  2.791343e-01
1.860000e-01  2.772668e-01
1.890000e-01  2.754293e-01
1.920000e-01  2.736209e-01
1.950000e-01  2.718405e-01
1.980000e-01  2.700872e-01
2.010000e-01  2.683600e-01
2.040000e-01  2.666580e-01
2.070000e-01  2.649805e-01
2.100000e-01  2.633265e-01
2.130000e-01  2.616954e-01
2.160000e-01  2.600864e-01
2.190000e-01  2.584988e-01
2.220000e-01  2.569319e-01
2.250000e-01  2.553850e-01
2.280000e-01  2.538577e-01
2.310000e-01  2.523491e-01
2.340000e-01  2.508589e-01
2.370000e-01  2.493863e-01
2.400000e-01  2.479309e-01
2.430000e-01  2.464923e-01
2.460000e-01  2.450698e-01
2.490000e-01  2.436630e-01
2.520000e-01  2.422714e-01
2.550000e-01  2.408947e-01
2.580000e-01  2.395323e-01
2.610000e-01  2.381839e-01
2.640000e-01  2.368491e-01
2.670000e-01  2.355274e-01
2.700000e-01  2.342185e-01
2.730000e-01  2.329221e-01
2.760000e-01  2.316377e-01
2.790000e-01  2.303651e-01
2.820000e-01  2.291039e-01
2.850000e-01  2.278538e-01
2.880000e-01  2.266145e-01
2.910000e-01  2.253856e-01
2.940000e-01  2.241670e-01
2.970000e-01  2.229582e-01
3.000000e-01  2.217590e-01
3.030000e-01  2.205691e-01
3.060000e-01  2.193883e-01
3.090000e-01  2.182164e-01
3.120000e-01  2.170529e-01
3.150000e-01  2.158978e-01
3.180000e-01  2.147508e-01
3.210000e-01  2.136115e-01
3.240000e-01  2.124799e-01
3.270000e-01  2.113556e-01
3.300000e-01  2.102385e-01
3.330000e-01  2.091283e-01
3.360000e-01  2.080248e-01
3.390000e-01  2.069278e-01
3.420000e-01  2.058370e-01
3.450000e-01  2.047524e-01
3.480000e-01  2.036736e-01
3.510000e-01  2.026005e-01
3.540000e-01  2.015329e-01
3.570000e-01  2.004705e-01
3.600000e-01  1.994133e-01
3.630000e-01  1.983609e-01
3.660000e-01  1.973132e-01
3.690000e-01  1.962701e-01
3.720000e-01  1.952313e-01
3.750000e-01  1.941966e-01
3.780000e-01  1.931660e-01
3.810000e-01  1.921390e-01
3.840000e-01  1.911157e-01
3.870000e-01  1.900958e-01
3.900000e-01  1.890791e-01
3.930000e-01  1.880654e-01
3.960000e-01  1.870546e-01
3.990000e-01  1.860464e-01
4.020000e-01  1.850407e-01
4.050000e-01  1.840374e-01
4.080000e-01  1.830361e-01
4.110000e-01  1.820367e-01
4.140000e-01  1.810390e-01
4.170000e-01  1.800428e-01
4.200000e-01  1.790479e-01
4.230000e-01  1.780541e-01
4.260000e-01  1.770612e-01
4.290000e-01  1.760690e-01
4.320000e-01  1.750772e-01
4.350000e-01  000000
4.380000e-01  000000
4.410000e-01  000000
4.440000e-01  000000
4.470000e-01  000000
4.500000e-01  000000
4.530000e-01  000000
4.560000e-01  000000
4.590000e-01  000000
4.620000e-01  000000
4.650000e-01  000000
4.680000e-01  000000
4.710000e-01  000000
4.740000e-01  000000
4.770000e-01  000000
4.800000e-01  000000
4.830000e-01  000000
4.860000e-01  000000
4.890000e-01  000000
4.920000e-01  000000
4.950000e-01  000000
4.980000e-01  000000
5.010000e-01  000000
5.040000e-01  000000
5.070000e-01  000000
5.100000e-01  000000
5.130000e-01  000000
5.160000e-01  000000
5.190000e-01  000000
5.220000e-01  000000
5.250000e-01  000000
5.280000e-01  000000
5.310000e-01  000000
5.340000e-01  000000
5.370000e-01  000000
5.400000e-01  000000
5.430000e-01  000000
5.460000e-01  000000
5.490000e-01  000000
5.520000e-01  000000
5.550000e-01  000000
5.580000e-01  000000
5.610000e-01  000000
5.640000e-01  000000
5.670000e-01  000000
5.700000e-01  000000
5.730000e-01  000000
5.760000e-01  000000
5.790000e-01  000000
5.820000e-01  000000
5.850000e-01  000000
5.880000e-01  000000
5.910000e-01  000000
5.940000e-01  000000
5.970000e-01  000000
6.000000e-01  000000
6.030000e-01  000000
6.060000e-01  000000
6.090000e-01  000000
6.120000e-01  000000
6.150000e-01  000000
6.180000e-01  000000
6.210000e-01  000000
6.240000e-01  000000
6.270000e-01  000000
6.300000e-01  000000
6.330000e-01  000000
6.360000e-01  000000
6.390000e-01  000000
6.420000e-01  000000
6.450000e-01  000000
6.480000e-01  000000
6.510000e-01  000000
6.540000e-01  000000
6.570000e-01  000000
6.600000e-01  000000
6.630000e-01  000000
6.660000e-01  000000
6.690000e-01  000000
6.720000e-01  000000
6.750000e-01  000000
6.780000e-01  000000
6.810000e-01  000000
6.840000e-01  000000
6.870000e-01  000000
6.900000e-01  000000
6.930000e-01  000000
6.960000e-01  000000
6.990000e-01  000000
7.020000e-01  000000
7.050000e-01  000000
7.080000e-01  000000
7.110000e-01  000000
7.140000e-01  000000
7.170000e-01  000000
7.200000e-01  000000
7.230000e-01  000000
7.260000e-01  000000
7.290000e-01  000000
7.320000e-01  000000
7.350000e-01  000000
7.380000e-01  000000
7.410000e-01  000000
7.440000e-01  000000
7.470000e-01  000000
7.500000e-01  000000
7.530000e-01  000000
7.560000e-01  000000
7.590000e-01  000000
7.620000e-01  000000
7.650000e-01  000000
7.680000e-01  000000
7.710000e-01  000000
7.740000e-01  000000
7.770000e-01  000000
7.800000e-01  000000
7.830000e-01  000000
7.860000e-01  000000
7.890000e-01  000000
7.920000e-01  000000
7.950000e-01  000000
7.980000e-01  000000
8.010000e-01  000000
8.040000e-01  000000
8.070000e-01  000000
8.100000e-01  000000
8.130000e-01  000000
8.160000e-01  000000
8.190000e-01  000000
8.220000e-01  000000
8.250000e-01  000000
8.280000e-01  000000
8.310000e-01  000000
8.340000e-01  000000
8.370000e-01  000000
8.400000e-01  000000
8.430000e-01  000000
8.460000e-01  000000
8.490000e-01  000000
8.520000e-01  000000
8.550000e-01  000000
8.580000e-01  000000
8.610000e-01  000000
8.640000e-01  000000
8.670000e-01  000000
8.700000e-01  000000
8.730000e-01  000000
8.760000e-01  000000
8.790000e-01  000000
8.820000e-01  000000
8.850000e-01  000000
8.880000e-01  000000
8.910000e-01  000000
8.940000e-01  000000
8.970000e-01  000000
9.000000e-01  000000
9.030000e-01  000000
9.060000e-01  000000
9.090000e-01  000000
9.120000e-01  000000
9.150000e-01  000000
9.180000e-01  000000
9.210000e-01  000000
9.240000e-01  000000
9.270000e-01  000000
9.300000e-01  000000
9.330000e-01  000000
9.360000e-01  000000
9.390000e-01  000000
9.420000e-01  000000
9.450000e-01  000000
9.480000e-01  000000
9.510000e-01  000000
9.540000e-01  000000
9.570000e-01  000000
9.600000e-01  000000
9.630000e-01  000000
9.660000e-01  000000
9.690000e-01  000000
9.720000e-01  000000
9.750000e-01  000000
9.780000e-01  000000
9.810000e-01  000000
9.840000e-01  000000
9.870000e-01  000000
9.900000e-01  000000
9.930000e-01  000000
9.960000e-01  000000
9.990000e-01  000000
