000000  000001
3.000000e-03  9.056196e-01
6.000000e-03  8.459382e-01
9.000000e-03  8.024260e-01
1.200000e-02  7.683167e-01
1.500000e-02  7.403575e-01
1.800000e-02  7.167311e-01
2.100000e-02  6.963184e-01
2.400000e-02  6.783815e-01
2.700000e-02  6.624086e-01
3.000000e-02  6.480301e-01
3.300000e-02  6.349708e-01
3.600000e-02  6.230200e-01
3.900000e-02  6.120135e-01
4.200000e-02  6.018202e-01
4.500000e-02  5.923343e-01
4.800000e-02  5.834691e-01
5.100000e-02  5.751526e-01
5.400000e-02  5.673244e-01
5.700000e-02  5.599334e-01
6.000000e-02  5.529361e-01
6.300000e-02  5.462950e-01
6.600000e-02  5.399775e-01
6.900000e-02  5.339553e-01
7.200000e-02  5.282035e-01
7.500000e-02  5.227004e-01
7.800000e-02  5.174265e-01
8.100000e-02  5.123645e-01
8.400000e-02  5.074991e-01
8.700000e-02  5.028163e-01
9.000000e-02  4.983038e-01
9.300000e-02  4.939503e-01
9.600000e-02  4.897456e-01
9.900000e-02  4.856805e-01
1.020000e-01  4.817464e-01
1.050000e-01  4.779357e-01
1.080000e-01  4.742414e-01
1.110000e-01  4.706568e-01
1.140000e-01  4.671760e-01
1.170000e-01  4.637936e-01
1.200000e-01  4.605044e-01
1.230000e-01  4.573037e-01
1.260000e-01  4.541871e-01
1.290000e-01  4.511505e-01
1.320000e-01  4.481902e-01
1.350000e-01  4.453026e-01
1.380000e-01  4.424844e-01
1.410000e-01  4.397326e-01
1.440000e-01  4.370442e-01
1.470000e-01  4.344166e-01
1.500000e-01  4.318471e-01
1.530000e-01  4.293335e-01
1.560000e-01  4.268734e-01
1.590000e-01  4.244647e-01
1.620000e-01  4.221055e-01
1.650000e-01  4.197938e-01
1.680000e-01  4.175278e-01
1.710000e-01  4.153059e-01
1.740000e-01  4.131265e-01
1.770000e-01  4.109881e-01
1.800000e-01  4.088891e-01
1.830000e-01  4.068283e-01
1.860000e-01  4.048043e-01
1.890000e-01  4.028159e-01
1.920000e-01  4.008620e-01
1.950000e-01  3.989414e-01
1.980000e-01  3.970530e-01
2.010000e-01  3.951958e-01
2.040000e-01  3.933689e-01
2.070000e-01  3.915712e-01
2.100000e-01  3.898021e-01
2.130000e-01  3.880605e-01
2.160000e-01  3.863456e-01
2.190000e-01  3.846568e-01
2.220000e-01  3.829932e-01
2.250000e-01  3.813541e-01
2.280000e-01  3.797388e-01
2.310000e-01  3.781468e-01
2.340000e-01  3.765772e-01
2.370000e-01  3.750296e-01
2.400000e-01  3.735034e-01
2.430000e-01  3.719979e-01
2.460000e-01  3.705128e-01
2.490000e-01  3.690473e-01
2.520000e-01  3.676010e-01
2.550000e-01  3.661735e-01
2.580000e-01  3.647643e-01
2.610000e-01  3.633729e-01
2.640000e-01  3.619989e-01
2.670000e-01  3.606419e-01
2.700000e-01  3.593014e-01
2.730000e-01  3.579772e-01
2.760000e-01  3.566687e-01
2.790000e-01  3.553757e-01
2.820000e-01  3.540977e-01
2.850000e-01  3.528346e-01
2.880000e-01  3.515858e-01
2.910000e-01  3.503511e-01
2.940000e-01  3.491302e-01
2.970000e-01  3.479228e-01
3.000000e-01  3.467286e-01
3.030000e-01  3.455473e-01
3.060000e-01  3.443787e-01
3.090000e-01  3.432224e-01
3.120000e-01  3.420783e-01
3.150000e-01  3.409461e-01
3.180000e-01  3.398254e-01
3.210000e-01  3.387162e-01
3.240000e-01  3.376182e-01
3.270000e-01  3.365311e-01
3.300000e-01  3.354547e-01
3.330000e-01  3.343889e-01
3.360000e-01  3.333333e-01
3.390000e-01  3.322879e-01
3.420000e-01  3.312525e-01
3.450000e-01  3.302268e-01
3.480000e-01  3.292106e-01
3.510000e-01  3.282039e-01
3.540000e-01  3.272063e-01
3.570000e-01  3.262178e-01
3.600000e-01  3.252382e-01
3.630000e-01  3.242673e-01
3.660000e-01  3.233050e-01
3.690000e-01  3.223511e-01
3.720000e-01  3.214055e-01
3.750000e-01  3.204680e-01
3.780000e-01  3.195385e-01
3.810000e-01  3.186168e-01
3.840000e-01  3.177028e-01
3.870000e-01  3.167965e-01
3.900000e-01  3.158976e-01
3.930000e-01  3.150060e-01
3.960000e-01  3.141216e-01
3.990000e-01  3.132444e-01
4.020000e-01  3.123741e-01
4.050000e-01  3.115106e-01
4.080000e-01  3.106540e-01
4.110000e-01  3.098039e-01
4.140000e-01  3.089605e-01
4.170000e-01  3.081234e-01
4.200000e-01  3.072927e-01
4.230000e-01  3.064683e-01
4.260000e-01  3.056500e-01
4.290000e-01  3.048377e-01
4.320000e-01  3.040314e-01
4.350000e-01  3.032309e-01
4.380000e-01  3.024363e-01
4.410000e-01  3.016473e-01
4.440000e-01  3.008639e-01
4.470000e-01  3.000861e-01
4.500000e-01  2.993137e-01
4.530000e-01  2.985467e-01
4.560000e-01  2.977849e-01
4.590000e-01  2.970284e-01
4.620000e-01  2.962770e-01
4.650000e-01  2.955307e-01
4.680000e-01  2.947893e-01
4.710000e-01  2.940529e-01
4.740000e-01  2.933213e-01
4.770000e-01  2.925945e-01
4.800000e-01  2.918725e-01
4.830000e-01  2.911551e-01
4.860000e-01  2.904422e-01
4.890000e-01  2.897339e-01
4.920000e-01  2.890301e-01
4.950000e-01  2.883307e-01
4.980000e-01  2.876356e-01
5.010000e-01  2.869448e-01
5.040000e-01  2.862582e-01
5.070000e-01  2.855758e-01
5.100000e-01  2.848976e-01
5.130000e-01  2.842234e-01
5.160000e-01  2.835532e-01
5.190000e-01  2.828870e-01
5.220000e-01  2.822247e-01
5.250000e-01  2.815662e-01
5.280000e-01  2.809116e-01
5.310000e-01  2.802607e-01
5.340000e-01  2.796135e-01
5.370000e-01  2.789700e-01
5.400000e-01  2.783302e-01
5.430000e-01  2.776939e-01
5.460000e-01  2.770611e-01
5.490000e-01  2.764319e-01
5.520000e-01  2.758061e-01
5.550000e-01  2.751837e-01
5.580000e-01  2.745646e-01
5.610000e-01  2.739489e-01
5.640000e-01  2.733365e-01
5.670000e-01  2.727273e-01
5.700000e-01  2.721213e-01
5.730000e-01  2.715185e-01
5.760000e-01  2.709188e-01
5.790000e-01  2.703222e-01
5.820000e-01  2.697287e-01
5.850000e-01  2.691382e-01
5.880000e-01  2.685506e-01
5.910000e-01  2.679661e-01
5.940000e-01  2.673844e-01
5.970000e-01  2.668056e-01
6.000000e-01  2.662297e-01
6.030000e-01  2.656566e-01
6.060000e-01  2.650863e-01
6.090000e-01  2.645187e-01
6.120000e-01  2.639539e-01
6.150000e-01  2.633917e-01
6.180000e-01  2.628322e-01
6.210000e-01  2.622754e-01
6.240000e-01  2.617211e-01
6.270000e-01  2.611695e-01
6.300000e-01  2.606203e-01
6.330000e-01  2.600737e-01
6.360000e-01  2.595296e-01
6.390000e-01  2.589879e-01
6.420000e-01  2.584487e-01
6.450000e-01  2.579119e-01
6.480000e-01  2.573775e-01
6.510000e-01  2.568454e-01
6.540000e-01  2.563157e-01
6.570000e-01  2.557883e-01
6.600000e-01  2.552631e-01
6.630000e-01  2.547402e-01
6.660000e-01  2.542196e-01
6.690000e-01  2.537011e-01
6.720000e-01  2.531849e-01
6.750000e-01  2.526708e-01
6.780000e-01  2.521589e-01
6.810000e-01  2.516491e-01
6.840000e-01  2.511413e-01
6.870000e-01  2.506357e-01
6.900000e-01  2.501321e-01
6.930000e-01  2.496305e-01
6.960000e-01  2.491310e-01
6.990000e-01  2.486334e-01
7.020000e-01  2.481378e-01
7.050000e-01  2.476442e-01
7.080000e-01  2.471525e-01
7.110000e-01  2.466627e-01
7.140000e-01  2.461748e-01
7.170000e-01  2.456887e-01
7.200000e-01  2.452046e-01
7.230000e-01  2.447222e-01
7.260000e-01  2.442417e-01
7.290000e-01  2.437630e-01
7.320000e-01  2.432860e-01
7.350000e-01  2.428108e-01
7.380000e-01  2.423374e-01
7.410000e-01  2.418656e-01
7.440000e-01  2.413956e-01
7.470000e-01  2.409273e-01
7.500000e-01  2.404607e-01
7.530000e-01  2.399957e-01
7.560000e-01  2.395323e-01
7.590000e-01  2.390706e-01
7.620000e-01  2.386105e-01
7.650000e-01  2.381520e-01
7.680000e-01  2.376950e-01
7.710000e-01  2.372397e-01
7.740000e-01  2.367858e-01
7.770000e-01  2.363335e-01
7.800000e-01  2.358828e-01
7.830000e-01  2.354335e-01
7.860000e-01  2.349857e-01
7.890000e-01  2.345394e-01
7.920000e-01  2.340945e-01
7.950000e-01  2.336511e-01
7.980000e-01  2.332091e-01
8.010000e-01  2.327686e-01
8.040000e-01  2.323294e-01
8.070000e-01  2.318916e-01
8.100000e-01  2.314552e-01
8.130000e-01  2.310202e-01
8.160000e-01  2.305865e-01
8.190000e-01  2.301542e-01
8.220000e-01  2.297231e-01
8.250000e-01  2.292934e-01
8.280000e-01  2.288650e-01
8.310000e-01  2.284378e-01
8.340000e-01  2.280120e-01
8.370000e-01  2.275874e-01
8.400000e-01  2.271640e-01
8.430000e-01  2.267419e-01
8.460000e-01  2.263210e-01
8.490000e-01  2.259013e-01
8.520000e-01  2.254828e-01
8.550000e-01  2.250655e-01
8.580000e-01  2.246494e-01
8.610000e-01  2.242344e-01
8.640000e-01  2.238206e-01
8.670000e-01  2.234079e-01
8.700000e-01  2.229964e-01
8.730000e-01  2.225860e-01
8.760000e-01  2.221767e-01
8.790000e-01  2.217685e-01
8.820000e-01  2.213613e-01
8.850000e-01  2.209553e-01
8.880000e-01  2.205503e-01
8.910000e-01  2.201464e-01
8.940000e-01  2.197435e-01
8.970000e-01  2.193417e-01
9.000000e-01  2.189408e-01
9.030000e-01  2.185410e-01
9.060000e-01  2.181422e-01
9.090000e-01  2.177444e-01
9.120000e-01  2.173476e-01
9.150000e-01  2.169518e-01
9.180000e-01  2.165569e-01
9.210000e-01  2.161630e-01
9.240000e-01  2.157700e-01
9.270000e-01  2.153779e-01
9.300000e-01  2.149868e-01
9.330000e-01  2.145966e-01
9.360000e-01  2.142073e-01
9.390000e-01  2.138189e-01
9.420000e-01  2.134314e-01
9.450000e-01  2.130448e-01
9.480000e-01  2.126590e-01
9.510000e-01  2.122741e-01
9.540000e-01  2.118901e-01
9.570000e-01  2.115069e-01
9.600000e-01  2.111245e-01
9.630000e-01  2.107430e-01
9.660000e-01  2.103623e-01
9.690000e-01  2.099824e-01
9.720000e-01  2.096033e-01
9.750000e-01  2.092249e-01
9.780000e-01  2.088474e-01
9.810000e-01  2.084706e-01
9.840000e-01  2.080946e-01
9.870000e-01  2.077194e-01
9.900000e-01  2.073449e-01
9.930000e-01  2.069712e-01
9.960000e-01  2.065982e-01
9.990000e-01  2.062259e-01
