000000  000001
3.000000e-03  8.800295e-01
6.000000e-03  8.114676e-01
9.000000e-03  7.636718e-01
1.200000e-02  7.271799e-01
1.500000e-02  6.977929e-01
1.800000e-02  6.732770e-01
2.100000e-02  6.523024e-01
2.400000e-02  6.340144e-01
2.700000e-02  6.178314e-01
3.000000e-02  6.033400e-01
3.300000e-02  5.902363e-01
3.600000e-02  5.782904e-01
3.900000e-02  5.673244e-01
4.200000e-02  5.571977e-01
4.500000e-02  5.477977e-01
4.800000e-02  5.390324e-01
5.100000e-02  5.308260e-01
5.400000e-02  5.231154e-01
5.700000e-02  5.158471e-01
6.000000e-02  5.089761e-01
6.300000e-02  5.024633e-01
6.600000e-02  4.962754e-01
6.900000e-02  4.903832e-01
7.200000e-02  4.847613e-01
7.500000e-02  4.793872e-01
7.800000e-02  4.742414e-01
8.100000e-02  4.693061e-01
8.400000e-02  4.645657e-01
8.700000e-02  4.600063e-01
9.000000e-02  4.556153e-01
9.300000e-02  4.513813e-01
9.600000e-02  4.472941e-01
9.900000e-02  4.433443e-01
1.020000e-01  4.395236e-01
1.050000e-01  4.358241e-01
1.080000e-01  4.322387e-01
1.110000e-01  4.287611e-01
1.140000e-01  4.253852e-01
1.170000e-01  4.221055e-01
1.200000e-01  4.189169e-01
1.230000e-01  4.158149e-01
1.260000e-01  4.127949e-01
1.290000e-01  4.098530e-01
1.320000e-01  4.069855e-01
1.350000e-01  4.041888e-01
1.380000e-01  4.014596e-01
1.410000e-01  3.987950e-01
1.440000e-01  3.961920e-01
1.470000e-01  3.936480e-01
1.500000e-01  3.911605e-01
1.530000e-01  3.887271e-01
1.560000e-01  3.863456e-01
1.590000e-01  3.840140e-01
1.620000e-01  3.817302e-01
1.650000e-01  3.794924e-01
1.680000e-01  3.772989e-01
1.710000e-01  3.751479e-01
1.740000e-01  3.730380e-01
1.770000e-01  3.709676e-01
1.800000e-01  3.689354e-01
1.830000e-01  3.669399e-01
1.860000e-01  3.649800e-01
1.890000e-01  3.630543e-01
1.920000e-01  3.611619e-01
1.950000e-01  3.593014e-01
1.980000e-01  3.574721e-01
2.010000e-01  3.556727e-01
2.040000e-01  3.539024e-01
2.070000e-01  3.521604e-01
2.100000e-01  3.504456e-01
2.130000e-01  3.487573e-01
2.160000e-01  3.470947e-01
2.190000e-01  3.454570e-01
2.220000e-01  3.438435e-01
2.250000e-01  3.422536e-01
2.280000e-01  3.406864e-01
2.310000e-01  3.391415e-01
2.340000e-01  3.376182e-01
2.370000e-01  3.361158e-01
2.400000e-01  3.346339e-01
2.430000e-01  3.331719e-01
2.460000e-01  3.317292e-01
2.490000e-01  3.303053e-01
2.520000e-01  3.288999e-01
2.550000e-01  3.275123e-01
2.580000e-01  3.261422e-01
2.610000e-01  3.247891e-01
2.640000e-01  3.234525e-01
2.670000e-01  3.221322e-01
2.700000e-01  3.208276e-01
2.730000e-01  3.195385e-01
2.760000e-01  3.182644e-01
2.790000e-01  3.170050e-01
2.820000e-01  3.157599e-01
2.850000e-01  3.145289e-01
2.880000e-01  3.133116e-01
2.910000e-01  3.121077e-01
2.940000e-01  3.109168e-01
2.970000e-01  3.097388e-01
3.000000e-01  3.085733e-01
3.030000e-01  3.074201e-01
3.060000e-01  3.062789e-01
3.090000e-01  3.051494e-01
3.120000e-01  3.040314e-01
3.150000e-01  3.029246e-01
3.180000e-01  3.018289e-01
3.210000e-01  3.007439e-01
3.240000e-01  2.996695e-01
3.270000e-01  2.986055e-01
3.300000e-01  2.975516e-01
3.330000e-01  2.965077e-01
3.360000e-01  2.954735e-01
3.390000e-01  2.944488e-01
3.420000e-01  2.934336e-01
3.450000e-01  2.924275e-01
3.480000e-01  2.914304e-01
3.510000e-01  2.904422e-01
3.540000e-01  2.894627e-01
3.570000e-01  2.884917e-01
3.600000e-01  2.875290e-01
3.630000e-01  2.865746e-01
3.660000e-01  2.856282e-01
3.690000e-01  2.846897e-01
3.720000e-01  2.837590e-01
3.750000e-01  2.828359e-01
3.780000e-01  2.819203e-01
3.810000e-01  2.810120e-01
3.840000e-01  2.801110e-01
3.870000e-01  2.792171e-01
3.900000e-01  2.783302e-01
3.930000e-01  2.774501e-01
3.960000e-01  2.765768e-01
3.990000e-01  2.757101e-01
4.020000e-01  2.748499e-01
4.050000e-01  2.739961e-01
4.080000e-01  2.731487e-01
4.110000e-01  2.723074e-01
4.140000e-01  2.714722e-01
4.170000e-01  2.706431e-01
4.200000e-01  2.698198e-01
4.230000e-01  2.690023e-01
4.260000e-01  2.681905e-01
4.290000e-01  2.673844e-01
4.320000e-01  2.665838e-01
4.350000e-01  2.657886e-01
4.380000e-01  2.649988e-01
4.410000e-01  2.642142e-01
4.440000e-01  2.634349e-01
4.470000e-01  2.626606e-01
4.500000e-01  2.618914e-01
4.530000e-01  2.611271e-01
4.560000e-01  2.603677e-01
4.590000e-01  2.596131e-01
4.620000e-01  2.588633e-01
4.650000e-01  2.581181e-01
4.680000e-01  2.573775e-01
4.710000e-01  2.566414e-01
4.740000e-01  2.559098e-01
4.770000e-01  2.551825e-01
4.800000e-01  2.544596e-01
4.830000e-01  2.537410e-01
4.860000e-01  2.530265e-01
4.890000e-01  2.523162e-01
4.920000e-01  2.516099e-01
4.950000e-01  2.509077e-01
4.980000e-01  2.502094e-01
5.010000e-01  2.495151e-01
5.040000e-01  2.488245e-01
5.070000e-01  2.481378e-01
5.100000e-01  2.474548e-01
5.130000e-01  2.467755e-01
5.160000e-01  2.460999e-01
5.190000e-01  2.454278e-01
5.220000e-01  2.447593e-01
5.250000e-01  2.440942e-01
5.280000e-01  2.434326e-01
5.310000e-01  2.427743e-01
5.340000e-01  2.421194e-01
5.370000e-01  2.414678e-01
5.400000e-01  2.408195e-01
5.430000e-01  2.401743e-01
5.460000e-01  2.395323e-01
5.490000e-01  2.388934e-01
5.520000e-01  2.382576e-01
5.550000e-01  2.376249e-01
5.580000e-01  2.369951e-01
5.610000e-01  2.363683e-01
5.640000e-01  2.357444e-01
5.670000e-01  2.351233e-01
5.700000e-01  2.345051e-01
5.730000e-01  2.338897e-01
5.760000e-01  2.332770e-01
5.790000e-01  2.326671e-01
5.820000e-01  2.320598e-01
5.850000e-01  2.314552e-01
5.880000e-01  2.308532e-01
5.910000e-01  2.302538e-01
5.940000e-01  2.296569e-01
5.970000e-01  2.290626e-01
6.000000e-01  2.284706e-01
6.030000e-01  2.278812e-01
6.060000e-01  2.272941e-01
6.090000e-01  2.267094e-01
6.120000e-01  2.261271e-01
6.150000e-01  2.255471e-01
6.180000e-01  2.249694e-01
6.210000e-01  2.243939e-01
6.240000e-01  2.238206e-01
6.270000e-01  2.232495e-01
6.300000e-01  2.226806e-01
6.330000e-01  2.221138e-01
6.360000e-01  2.215491e-01
6.390000e-01  2.209865e-01
6.420000e-01  2.204259e-01
6.450000e-01  2.198674e-01
6.480000e-01  2.193108e-01
6.510000e-01  2.187562e-01
6.540000e-01  2.182035e-01
6.570000e-01  2.176528e-01
6.600000e-01  2.171039e-01
6.630000e-01  2.165569e-01
6.660000e-01  2.160117e-01
6.690000e-01  2.154683e-01
6.720000e-01  2.149267e-01
6.750000e-01  2.143869e-01
6.780000e-01  2.138488e-01
6.810000e-01  2.133124e-01
6.840000e-01  2.127776e-01
6.870000e-01  2.122446e-01
6.900000e-01  2.117131e-01
6.930000e-01  2.111833e-01
6.960000e-01  2.106551e-01
6.990000e-01  2.101284e-01
7.020000e-01  2.096033e-01
7.050000e-01  2.090796e-01
7.080000e-01  2.085575e-01
7.110000e-01  2.080369e-01
7.140000e-01  2.075177e-01
7.170000e-01  2.069999e-01
7.200000e-01  2.064835e-01
7.230000e-01  2.059686e-01
7.260000e-01  2.054549e-01
7.290000e-01  2.049427e-01
7.320000e-01  2.044317e-01
7.350000e-01  2.039220e-01
7.380000e-01  2.034136e-01
7.410000e-01  2.029065e-01
7.440000e-01  2.024006e-01
7.470000e-01  2.018960e-01
7.500000e-01  2.013925e-01
7.530000e-01  2.008902e-01
7.560000e-01  2.003890e-01
7.590000e-01  1.998890e-01
7.620000e-01  1.993901e-01
7.650000e-01  1.988923e-01
7.680000e-01  1.983955e-01
7.710000e-01  1.978998e-01
7.740000e-01  1.974052e-01
7.770000e-01  1.969115e-01
7.800000e-01  1.964189e-01
7.830000e-01  1.959272e-01
7.860000e-01  1.954364e-01
7.890000e-01  1.949467e-01
7.920000e-01  1.944578e-01
7.950000e-01  1.939698e-01
7.980000e-01  1.934827e-01
8.010000e-01  1.929964e-01
8.040000e-01  1.925110e-01
8.070000e-01  1.920264e-01
8.100000e-01  1.915426e-01
8.130000e-01  1.910596e-01
8.160000e-01  1.905773e-01
8.190000e-01  1.900958e-01
8.220000e-01  1.896150e-01
8.250000e-01  1.891349e-01
8.280000e-01  1.886554e-01
8.310000e-01  1.881767e-01
8.340000e-01  1.876985e-01
8.370000e-01  1.872210e-01
8.400000e-01  1.867441e-01
8.430000e-01  1.862678e-01
8.460000e-01  1.857920e-01
8.490000e-01  1.853168e-01
8.520000e-01  1.848421e-01
8.550000e-01  1.843679e-01
8.580000e-01  1.838942e-01
8.610000e-01  1.834209e-01
8.640000e-01  1.829481e-01
8.670000e-01  1.824757e-01
8.700000e-01  1.820037e-01
8.730000e-01  1.815321e-01
8.760000e-01  1.810609e-01
8.790000e-01  1.805900e-01
8.820000e-01  1.801194e-01
8.850000e-01  1.796490e-01
8.880000e-01  1.791790e-01
8.910000e-01  1.787092e-01
8.940000e-01  1.782397e-01
8.970000e-01  1.777703e-01
9.000000e-01  1.773012e-01
9.030000e-01  1.768322e-01
9.060000e-01  1.763633e-01
9.090000e-01  1.758946e-01
9.120000e-01  1.754259e-01
9.150000e-01  1.749574e-01
9.180000e-01  1.744888e-01
9.210000e-01  000000
9.240000e-01  000000
9.270000e-01  000000
9.300000e-01  000000
9.330000e-01  000000
9.360000e-01  000000
9.390000e-01  000000
9.420000e-01  000000
9.450000e-01  000000
9.480000e-01  000000
9.510000e-01  000000
9.540000e-01  000000
9.570000e-01  000000
9.600000e-01  000000
9.630000e-01  000000
9.660000e-01  000000
9.690000e-01  000000
9.720000e-01  000000
9.750000e-01  000000
9.780000e-01  000000
9.810000e-01  000000
9.840000e-01  000000
9.870000e-01  000000
9.900000e-01  000000
9.930000e-01  000000
9.960000e-01  000000
9.990000e-01  000000
