000000  000001
3.000000e-03  9.067482e-01
6.000000e-03  8.475074e-01
9.000000e-03  8.042214e-01
1.200000e-02  7.702440e-01
1.500000e-02  7.423677e-01
1.800000e-02  7.187957e-01
2.100000e-02  6.984194e-01
2.400000e-02  6.805073e-01
2.700000e-02  6.645511e-01
3.000000e-02  6.501837e-01
3.300000e-02  6.371312e-01
3.600000e-02  6.251844e-01
3.900000e-02  6.141796e-01
4.200000e-02  6.039862e-01
4.500000e-02  5.944990e-01
4.800000e-02  5.856314e-01
5.100000e-02  5.773117e-01
5.400000e-02  5.694798e-01
5.700000e-02  5.620847e-01
6.000000e-02  5.550829e-01
6.300000e-02  5.484369e-01
6.600000e-02  5.421144e-01
6.900000e-02  5.360871e-01
7.200000e-02  5.303302e-01
7.500000e-02  5.248218e-01
7.800000e-02  5.195425e-01
8.100000e-02  5.144752e-01
8.400000e-02  5.096044e-01
8.700000e-02  5.049164e-01
9.000000e-02  5.003986e-01
9.300000e-02  4.960399e-01
9.600000e-02  4.918300e-01
9.900000e-02  4.877597e-01
1.020000e-01  4.838206e-01
1.050000e-01  4.800049e-01
1.080000e-01  4.763055e-01
1.110000e-01  4.727161e-01
1.140000e-01  4.692305e-01
1.170000e-01  4.658434e-01
1.200000e-01  4.625495e-01
1.230000e-01  4.593442e-01
1.260000e-01  4.562231e-01
1.290000e-01  4.531820e-01
1.320000e-01  4.502174e-01
1.350000e-01  4.473255e-01
1.380000e-01  4.445031e-01
1.410000e-01  4.417471e-01
1.440000e-01  4.390547e-01
1.470000e-01  4.364230e-01
1.500000e-01  4.338496e-01
1.530000e-01  4.313321e-01
1.560000e-01  4.288682e-01
1.590000e-01  4.264558e-01
1.620000e-01  4.240929e-01
1.650000e-01  4.217776e-01
1.680000e-01  4.195081e-01
1.710000e-01  4.172827e-01
1.740000e-01  4.150998e-01
1.770000e-01  4.129580e-01
1.800000e-01  4.108557e-01
1.830000e-01  4.087917e-01
1.860000e-01  4.067645e-01
1.890000e-01  4.047730e-01
1.920000e-01  4.028159e-01
1.950000e-01  4.008923e-01
1.980000e-01  3.990009e-01
2.010000e-01  3.971408e-01
2.040000e-01  3.953110e-01
2.070000e-01  3.935105e-01
2.100000e-01  3.917386e-01
2.130000e-01  3.899942e-01
2.160000e-01  3.882767e-01
2.190000e-01  3.865852e-01
2.220000e-01  3.849190e-01
2.250000e-01  3.832773e-01
2.280000e-01  3.816596e-01
2.310000e-01  3.800650e-01
2.340000e-01  3.784931e-01
2.370000e-01  3.769431e-01
2.400000e-01  3.754145e-01
2.430000e-01  3.739068e-01
2.460000e-01  3.724193e-01
2.490000e-01  3.709516e-01
2.520000e-01  3.695032e-01
2.550000e-01  3.680735e-01
2.580000e-01  3.666622e-01
2.610000e-01  3.652687e-01
2.640000e-01  3.638926e-01
2.670000e-01  3.625336e-01
2.700000e-01  3.611912e-01
2.730000e-01  3.598650e-01
2.760000e-01  3.585546e-01
2.790000e-01  3.572597e-01
2.820000e-01  3.559799e-01
2.850000e-01  3.547149e-01
2.880000e-01  3.534643e-01
2.910000e-01  3.522279e-01
2.940000e-01  3.510053e-01
2.970000e-01  3.497962e-01
3.000000e-01  3.486003e-01
3.030000e-01  3.474174e-01
3.060000e-01  3.462472e-01
3.090000e-01  3.450893e-01
3.120000e-01  3.439437e-01
3.150000e-01  3.428099e-01
3.180000e-01  3.416878e-01
3.210000e-01  3.405771e-01
3.240000e-01  3.394776e-01
3.270000e-01  3.383891e-01
3.300000e-01  3.373113e-01
3.330000e-01  3.362441e-01
3.360000e-01  3.351873e-01
3.390000e-01  3.341406e-01
3.420000e-01  3.331038e-01
3.450000e-01  3.320768e-01
3.480000e-01  3.310594e-01
3.510000e-01  3.300515e-01
3.540000e-01  3.290527e-01
3.570000e-01  3.280631e-01
3.600000e-01  3.270823e-01
3.630000e-01  3.261103e-01
3.660000e-01  3.251468e-01
3.690000e-01  3.241919e-01
3.720000e-01  3.232452e-01
3.750000e-01  3.223066e-01
3.780000e-01  3.213761e-01
3.810000e-01  3.204534e-01
3.840000e-01  3.195385e-01
3.870000e-01  3.186311e-01
3.900000e-01  3.177313e-01
3.930000e-01  3.168388e-01
3.960000e-01  3.159535e-01
3.990000e-01  3.150754e-01
4.020000e-01  3.142042e-01
4.050000e-01  3.133400e-01
4.080000e-01  3.124825e-01
4.110000e-01  3.116316e-01
4.140000e-01  3.107874e-01
4.170000e-01  3.099496e-01
4.200000e-01  3.091181e-01
4.230000e-01  3.082929e-01
4.260000e-01  3.074739e-01
4.290000e-01  3.066609e-01
4.320000e-01  3.058540e-01
4.350000e-01  3.050529e-01
4.380000e-01  3.042576e-01
4.410000e-01  3.034680e-01
4.440000e-01  3.026840e-01
4.470000e-01  3.019056e-01
4.500000e-01  3.011326e-01
4.530000e-01  3.003650e-01
4.560000e-01  2.996027e-01
4.590000e-01  2.988457e-01
4.620000e-01  2.980938e-01
4.650000e-01  2.973469e-01
4.680000e-01  2.966051e-01
4.710000e-01  2.958682e-01
4.740000e-01  2.951362e-01
4.770000e-01  2.944090e-01
4.800000e-01  2.936865e-01
4.830000e-01  2.929687e-01
4.860000e-01  2.922555e-01
4.890000e-01  2.915468e-01
4.920000e-01  2.908426e-01
4.950000e-01  2.901429e-01
4.980000e-01  2.894475e-01
5.010000e-01  2.887564e-01
5.040000e-01  2.880695e-01
5.070000e-01  2.873868e-01
5.100000e-01  2.867083e-01
5.130000e-01  2.860339e-01
5.160000e-01  2.853634e-01
5.190000e-01  2.846970e-01
5.220000e-01  2.840345e-01
5.250000e-01  2.833758e-01
5.280000e-01  2.827210e-01
5.310000e-01  2.820700e-01
5.340000e-01  2.814227e-01
5.370000e-01  2.807791e-01
5.400000e-01  2.801391e-01
5.430000e-01  2.795027e-01
5.460000e-01  2.788698e-01
5.490000e-01  2.782405e-01
5.520000e-01  2.776146e-01
5.550000e-01  2.769921e-01
5.580000e-01  2.763731e-01
5.610000e-01  2.757573e-01
5.640000e-01  2.751449e-01
5.670000e-01  2.745357e-01
5.700000e-01  2.739297e-01
5.730000e-01  2.733269e-01
5.760000e-01  2.727273e-01
5.790000e-01  2.721307e-01
5.820000e-01  2.715373e-01
5.850000e-01  2.709468e-01
5.880000e-01  2.703594e-01
5.910000e-01  2.697749e-01
5.940000e-01  2.691934e-01
5.970000e-01  2.686147e-01
6.000000e-01  2.680390e-01
6.030000e-01  2.674660e-01
6.060000e-01  2.668959e-01
6.090000e-01  2.663285e-01
6.120000e-01  2.657638e-01
6.150000e-01  2.652019e-01
6.180000e-01  2.646426e-01
6.210000e-01  2.640860e-01
6.240000e-01  2.635320e-01
6.270000e-01  2.629806e-01
6.300000e-01  2.624317e-01
6.330000e-01  2.618854e-01
6.360000e-01  2.613416e-01
6.390000e-01  2.608002e-01
6.420000e-01  2.602613e-01
6.450000e-01  2.597249e-01
6.480000e-01  2.591908e-01
6.510000e-01  2.586591e-01
6.540000e-01  2.581297e-01
6.570000e-01  2.576027e-01
6.600000e-01  2.570779e-01
6.630000e-01  2.565554e-01
6.660000e-01  2.560352e-01
6.690000e-01  2.555172e-01
6.720000e-01  2.550014e-01
6.750000e-01  2.544878e-01
6.780000e-01  2.539763e-01
6.810000e-01  2.534670e-01
6.840000e-01  2.529597e-01
6.870000e-01  2.524546e-01
6.900000e-01  2.519515e-01
6.930000e-01  2.514505e-01
6.960000e-01  2.509515e-01
6.990000e-01  2.504545e-01
7.020000e-01  2.499594e-01
7.050000e-01  2.494664e-01
7.080000e-01  2.489753e-01
7.110000e-01  2.484861e-01
7.140000e-01  2.479988e-01
7.170000e-01  2.475134e-01
7.200000e-01  2.470299e-01
7.230000e-01  2.465482e-01
7.260000e-01  2.460683e-01
7.290000e-01  2.455902e-01
7.320000e-01  2.451140e-01
7.350000e-01  2.446395e-01
7.380000e-01  2.441668e-01
7.410000e-01  2.436958e-01
7.440000e-01  2.432265e-01
7.470000e-01  2.427589e-01
7.500000e-01  2.422931e-01
7.530000e-01  2.418289e-01
7.560000e-01  2.413663e-01
7.590000e-01  2.409054e-01
7.620000e-01  2.404461e-01
7.650000e-01  2.399884e-01
7.680000e-01  2.395323e-01
7.710000e-01  2.390778e-01
7.740000e-01  2.386248e-01
7.770000e-01  2.381734e-01
7.800000e-01  2.377236e-01
7.830000e-01  2.372752e-01
7.860000e-01  2.368283e-01
7.890000e-01  2.363829e-01
7.920000e-01  2.359390e-01
7.950000e-01  2.354966e-01
7.980000e-01  2.350556e-01
8.010000e-01  2.346160e-01
8.040000e-01  2.341778e-01
8.070000e-01  2.337411e-01
8.100000e-01  2.333057e-01
8.130000e-01  2.328717e-01
8.160000e-01  2.324391e-01
8.190000e-01  2.320078e-01
8.220000e-01  2.315778e-01
8.250000e-01  2.311492e-01
8.280000e-01  2.307219e-01
8.310000e-01  2.302959e-01
8.340000e-01  2.298711e-01
8.370000e-01  2.294477e-01
8.400000e-01  2.290255e-01
8.430000e-01  2.286045e-01
8.460000e-01  2.281848e-01
8.490000e-01  2.277663e-01
8.520000e-01  2.273491e-01
8.550000e-01  2.269330e-01
8.580000e-01  2.265181e-01
8.610000e-01  2.261044e-01
8.640000e-01  2.256919e-01
8.670000e-01  2.252805e-01
8.700000e-01  2.248703e-01
8.730000e-01  2.244612e-01
8.760000e-01  2.240532e-01
8.790000e-01  2.236464e-01
8.820000e-01  2.232406e-01
8.850000e-01  2.228359e-01
8.880000e-01  2.224323e-01
8.910000e-01  2.220298e-01
8.940000e-01  2.216284e-01
8.970000e-01  2.212280e-01
9.000000e-01  2.208286e-01
9.030000e-01  2.204303e-01
9.060000e-01  2.200330e-01
9.090000e-01  2.196367e-01
9.120000e-01  2.192414e-01
9.150000e-01  2.188471e-01
9.180000e-01  2.184537e-01
9.210000e-01  2.180614e-01
9.240000e-01  2.176700e-01
9.270000e-01  2.172795e-01
9.300000e-01  2.168900e-01
9.330000e-01  2.165014e-01
9.360000e-01  2.161138e-01
9.390000e-01  2.157271e-01
9.420000e-01  2.153412e-01
9.450000e-01  2.149563e-01
9.480000e-01  2.145723e-01
9.510000e-01  2.141891e-01
9.540000e-01  2.138068e-01
9.570000e-01  2.134254e-01
9.600000e-01  2.130448e-01
9.630000e-01  2.126651e-01
9.660000e-01  2.122862e-01
9.690000e-01  2.119081e-01
9.720000e-01  2.115308e-01
9.750000e-01  2.111544e-01
9.780000e-01  2.107787e-01
9.810000e-01  2.104039e-01
9.840000e-01  2.100298e-01
9.870000e-01  2.096565e-01
9.900000e-01  2.092840e-01
9.930000e-01  2.089122e-01
9.960000e-01  2.085412e-01
9.990000e-01  2.081710e-01
