000000  000001
3.000000e-03  8.720070e-01
6.000000e-03  8.010554e-01
9.000000e-03  7.521992e-01
1.200000e-02  7.151583e-01
1.500000e-02  6.854665e-01
1.800000e-02  6.607780e-01
2.100000e-02  6.397085e-01
2.400000e-02  6.213738e-01
2.700000e-02  6.051750e-01
3.000000e-02  5.906885e-01
3.300000e-02  5.776036e-01
3.600000e-02  5.656860e-01
3.900000e-02  5.547547e-01
4.200000e-02  5.446672e-01
4.500000e-02  5.353091e-01
4.800000e-02  5.265876e-01
5.100000e-02  5.184262e-01
5.400000e-02  5.107609e-01
5.700000e-02  5.035382e-01
6.000000e-02  4.967125e-01
6.300000e-02  4.902447e-01
6.600000e-02  4.841011e-01
6.900000e-02  4.782525e-01
7.200000e-02  4.726735e-01
7.500000e-02  4.673415e-01
7.800000e-02  4.622368e-01
8.100000e-02  4.573417e-01
8.400000e-02  4.526407e-01
8.700000e-02  4.481198e-01
9.000000e-02  4.437663e-01
9.300000e-02  4.395689e-01
9.600000e-02  4.355174e-01
9.900000e-02  4.316024e-01
1.020000e-01  4.278156e-01
1.050000e-01  4.241492e-01
1.080000e-01  4.205962e-01
1.110000e-01  4.171500e-01
1.140000e-01  4.138048e-01
1.170000e-01  4.105550e-01
1.200000e-01  4.073956e-01
1.230000e-01  4.043220e-01
1.260000e-01  4.013297e-01
1.290000e-01  3.984149e-01
1.320000e-01  3.955737e-01
1.350000e-01  3.928026e-01
1.380000e-01  3.900985e-01
1.410000e-01  3.874583e-01
1.440000e-01  3.848791e-01
1.470000e-01  3.823584e-01
1.500000e-01  3.798935e-01
1.530000e-01  3.774822e-01
1.560000e-01  3.751223e-01
1.590000e-01  3.728116e-01
1.620000e-01  3.705483e-01
1.650000e-01  3.683305e-01
1.680000e-01  3.661565e-01
1.710000e-01  3.640245e-01
1.740000e-01  3.619331e-01
1.770000e-01  3.598808e-01
1.800000e-01  3.578662e-01
1.830000e-01  3.558879e-01
1.860000e-01  3.539448e-01
1.890000e-01  3.520355e-01
1.920000e-01  3.501590e-01
1.950000e-01  3.483141e-01
1.980000e-01  3.464999e-01
2.010000e-01  3.447153e-01
2.040000e-01  3.429595e-01
2.070000e-01  3.412314e-01
2.100000e-01  3.395303e-01
2.130000e-01  3.378554e-01
2.160000e-01  3.362057e-01
2.190000e-01  3.345807e-01
2.220000e-01  3.329796e-01
2.250000e-01  3.314016e-01
2.280000e-01  3.298462e-01
2.310000e-01  3.283126e-01
2.340000e-01  3.268003e-01
2.370000e-01  3.253087e-01
2.400000e-01  3.238373e-01
2.430000e-01  3.223855e-01
2.460000e-01  3.209527e-01
2.490000e-01  3.195385e-01
2.520000e-01  3.181423e-01
2.550000e-01  3.167639e-01
2.580000e-01  3.154025e-01
2.610000e-01  3.140580e-01
2.640000e-01  3.127297e-01
2.670000e-01  3.114174e-01
2.700000e-01  3.101207e-01
2.730000e-01  3.088391e-01
2.760000e-01  3.075723e-01
2.790000e-01  3.063199e-01
2.820000e-01  3.050817e-01
2.850000e-01  3.038573e-01
2.880000e-01  3.026463e-01
2.910000e-01  3.014486e-01
2.940000e-01  3.002637e-01
2.970000e-01  2.990914e-01
3.000000e-01  2.979314e-01
3.030000e-01  2.967834e-01
3.060000e-01  2.956472e-01
3.090000e-01  2.945226e-01
3.120000e-01  2.934092e-01
3.150000e-01  2.923069e-01
3.180000e-01  2.912154e-01
3.210000e-01  2.901345e-01
3.240000e-01  2.890639e-01
3.270000e-01  2.880035e-01
3.300000e-01  2.869531e-01
3.330000e-01  2.859124e-01
3.360000e-01  2.848813e-01
3.390000e-01  2.838595e-01
3.420000e-01  2.828470e-01
3.450000e-01  2.818434e-01
3.480000e-01  2.808487e-01
3.510000e-01  2.798626e-01
3.540000e-01  2.788850e-01
3.570000e-01  2.779158e-01
3.600000e-01  2.769548e-01
3.630000e-01  2.760017e-01
3.660000e-01  2.750566e-01
3.690000e-01  2.741192e-01
3.720000e-01  2.731894e-01
3.750000e-01  2.722670e-01
3.780000e-01  2.713520e-01
3.810000e-01  2.704442e-01
3.840000e-01  2.695434e-01
3.870000e-01  2.686495e-01
3.900000e-01  2.677625e-01
3.930000e-01  2.668822e-01
3.960000e-01  2.660084e-01
3.990000e-01  2.651411e-01
4.020000e-01  2.642802e-01
4.050000e-01  2.634255e-01
4.080000e-01  2.625770e-01
4.110000e-01  2.617345e-01
4.140000e-01  2.608979e-01
4.170000e-01  2.600671e-01
4.200000e-01  2.592422e-01
4.230000e-01  2.584228e-01
4.260000e-01  2.576090e-01
4.290000e-01  2.568006e-01
4.320000e-01  2.559977e-01
4.350000e-01  2.552000e-01
4.380000e-01  2.544075e-01
4.410000e-01  2.536201e-01
4.440000e-01  2.528378e-01
4.470000e-01  2.520604e-01
4.500000e-01  2.512879e-01
4.530000e-01  2.505202e-01
4.560000e-01  2.497572e-01
4.590000e-01  2.489989e-01
4.620000e-01  2.482451e-01
4.650000e-01  2.474959e-01
4.680000e-01  2.467511e-01
4.710000e-01  2.460106e-01
4.740000e-01  2.452744e-01
4.770000e-01  2.445425e-01
4.800000e-01  2.438148e-01
4.830000e-01  2.430911e-01
4.860000e-01  2.423715e-01
4.890000e-01  2.416559e-01
4.920000e-01  2.409442e-01
4.950000e-01  2.402364e-01
4.980000e-01  2.395323e-01
5.010000e-01  2.388320e-01
5.040000e-01  2.381354e-01
5.070000e-01  2.374425e-01
5.100000e-01  2.367531e-01
5.130000e-01  2.360672e-01
5.160000e-01  2.353849e-01
5.190000e-01  2.347059e-01
5.220000e-01  2.340303e-01
5.250000e-01  2.333581e-01
5.280000e-01  2.326891e-01
5.310000e-01  2.320233e-01
5.340000e-01  2.313608e-01
5.370000e-01  2.307013e-01
5.400000e-01  2.300450e-01
5.430000e-01  2.293917e-01
5.460000e-01  2.287413e-01
5.490000e-01  2.280940e-01
5.520000e-01  2.274495e-01
5.550000e-01  2.268079e-01
5.580000e-01  2.261691e-01
5.610000e-01  2.255331e-01
5.640000e-01  2.248999e-01
5.670000e-01  2.242693e-01
5.700000e-01  2.236415e-01
5.730000e-01  2.230162e-01
5.760000e-01  2.223935e-01
5.790000e-01  2.217734e-01
5.820000e-01  2.211557e-01
5.850000e-01  2.205406e-01
5.880000e-01  2.199278e-01
5.910000e-01  2.193175e-01
5.940000e-01  2.187095e-01
5.970000e-01  2.181039e-01
6.000000e-01  2.175005e-01
6.030000e-01  2.168994e-01
6.060000e-01  2.163005e-01
6.090000e-01  2.157038e-01
6.120000e-01  2.151092e-01
6.150000e-01  2.145168e-01
6.180000e-01  2.139265e-01
6.210000e-01  2.133382e-01
6.240000e-01  2.127519e-01
6.270000e-01  2.121676e-01
6.300000e-01  2.115853e-01
6.330000e-01  2.110049e-01
6.360000e-01  2.104264e-01
6.390000e-01  2.098498e-01
6.420000e-01  2.092750e-01
6.450000e-01  2.087021e-01
6.480000e-01  2.081309e-01
6.510000e-01  2.075614e-01
6.540000e-01  2.069937e-01
6.570000e-01  2.064276e-01
6.600000e-01  2.058632e-01
6.630000e-01  2.053005e-01
6.660000e-01  2.047393e-01
6.690000e-01  2.041798e-01
6.720000e-01  2.036217e-01
6.750000e-01  2.030652e-01
6.780000e-01  2.025102e-01
6.810000e-01  2.019567e-01
6.840000e-01  2.014046e-01
6.870000e-01  2.008539e-01
6.900000e-01  2.003046e-01
6.930000e-01  1.997566e-01
6.960000e-01  1.992100e-01
6.990000e-01  1.986647e-01
7.020000e-01  1.981207e-01
7.050000e-01  1.975779e-01
7.080000e-01  1.970363e-01
7.110000e-01  1.964960e-01
7.140000e-01  1.959568e-01
7.170000e-01  1.954187e-01
7.200000e-01  1.948818e-01
7.230000e-01  1.943460e-01
7.260000e-01  1.938112e-01
7.290000e-01  1.932775e-01
7.320000e-01  1.927448e-01
7.350000e-01  1.922131e-01
7.380000e-01  1.916824e-01
7.410000e-01  1.911526e-01
7.440000e-01  1.906238e-01
7.470000e-01  1.900958e-01
7.500000e-01  1.895687e-01
7.530000e-01  1.890424e-01
7.560000e-01  1.885169e-01
7.590000e-01  1.879922e-01
7.620000e-01  1.874683e-01
7.650000e-01  1.869451e-01
7.680000e-01  1.864227e-01
7.710000e-01  1.859009e-01
7.740000e-01  1.853797e-01
7.770000e-01  1.848592e-01
7.800000e-01  1.843394e-01
7.830000e-01  1.838200e-01
7.860000e-01  1.833013e-01
7.890000e-01  1.827830e-01
7.920000e-01  1.822653e-01
7.950000e-01  1.817480e-01
7.980000e-01  1.812312e-01
8.010000e-01  1.807147e-01
8.040000e-01  1.801987e-01
8.070000e-01  1.796830e-01
8.100000e-01  1.791677e-01
8.130000e-01  1.786526e-01
8.160000e-01  1.781379e-01
8.190000e-01  1.776234e-01
8.220000e-01  1.771090e-01
8.250000e-01  1.765949e-01
8.280000e-01  1.760809e-01
8.310000e-01  1.755671e-01
8.340000e-01  1.750533e-01
8.370000e-01  1.745396e-01
8.400000e-01  000000
8.430000e-01  000000
8.460000e-01  000000
8.490000e-01  000000
8.520000e-01  000000
8.550000e-01  000000
8.580000e-01  000000
8.610000e-01  000000
8.640000e-01  000000
8.670000e-01  000000
8.700000e-01  000000
8.730000e-01  000000
8.760000e-01  000000
8.790000e-01  000000
8.820000e-01  000000
8.850000e-01  000000
8.880000e-01  000000
8.910000e-01  000000
8.940000e-01  000000
8.970000e-01  000000
9.000000e-01  000000
9.030000e-01  000000
9.060000e-01  000000
9.090000e-01  000000
9.120000e-01  000000
9.150000e-01  000000
9.180000e-01  000000
9.210000e-01  000000
9.240000e-01  000000
9.270000e-01  000000
9.300000e-01  000000
9.330000e-01  000000
9.360000e-01  000000
9.390000e-01  000000
9.420000e-01  000000
9.450000e-01  000000
9.480000e-01  000000
9.510000e-01  000000
9.540000e-01  000000
9.570000e-01  000000
9.600000e-01  000000
9.630000e-01  000000
9.660000e-01  000000
9.690000e-01  000000
9.720000e-01  000000
9.750000e-01  000000
9.780000e-01  000000
9.810000e-01  000000
9.840000e-01  000000
9.870000e-01  000000
9.900000e-01  000000
9.930000e-01  000000
9.960000e-01  000000
9.990000e-01  000000
