000000  000001
3.000000e-03  7.996636e-01
6.000000e-03  7.135640e-01
9.000000e-03  6.591265e-01
1.200000e-02  6.197073e-01
1.500000e-02  5.890230e-01
1.800000e-02  5.640285e-01
2.100000e-02  5.430206e-01
2.400000e-02  5.249533e-01
2.700000e-02  5.091392e-01
3.000000e-02  4.951033e-01
3.300000e-02  4.825041e-01
3.600000e-02  4.710883e-01
3.900000e-02  4.606628e-01
4.200000e-02  4.510774e-01
4.500000e-02  4.422131e-01
4.800000e-02  4.339738e-01
5.100000e-02  4.262812e-01
5.400000e-02  4.190704e-01
5.700000e-02  4.122872e-01
6.000000e-02  4.058858e-01
6.300000e-02  3.998273e-01
6.600000e-02  3.940783e-01
6.900000e-02  3.886097e-01
7.200000e-02  3.833966e-01
7.500000e-02  3.784170e-01
7.800000e-02  3.736514e-01
8.100000e-02  3.690828e-01
8.400000e-02  3.646960e-01
8.700000e-02  3.604776e-01
9.000000e-02  3.564152e-01
9.300000e-02  3.524981e-01
9.600000e-02  3.487164e-01
9.900000e-02  3.450613e-01
1.020000e-01  3.415245e-01
1.050000e-01  3.380989e-01
1.080000e-01  3.347776e-01
1.110000e-01  3.315545e-01
1.140000e-01  3.284241e-01
1.170000e-01  3.253810e-01
1.200000e-01  3.224206e-01
1.230000e-01  3.195385e-01
1.260000e-01  3.167304e-01
1.290000e-01  3.139928e-01
1.320000e-01  3.113220e-01
1.350000e-01  3.087148e-01
1.380000e-01  3.061682e-01
1.410000e-01  3.036792e-01
1.440000e-01  3.012454e-01
1.470000e-01  2.988641e-01
1.500000e-01  2.965330e-01
1.530000e-01  2.942500e-01
1.560000e-01  2.920130e-01
1.590000e-01  2.898201e-01
1.620000e-01  2.876694e-01
1.650000e-01  2.855593e-01
1.680000e-01  2.834880e-01
1.710000e-01  2.814542e-01
1.740000e-01  2.794562e-01
1.770000e-01  2.774929e-01
1.800000e-01  2.755628e-01
1.830000e-01  2.736647e-01
1.860000e-01  2.717974e-01
1.890000e-01  2.699599e-01
1.920000e-01  2.681511e-01
1.950000e-01  2.663699e-01
1.980000e-01  2.646154e-01
2.010000e-01  2.628867e-01
2.040000e-01  2.611829e-01
2.070000e-01  2.595031e-01
2.100000e-01  2.578466e-01
2.130000e-01  2.562126e-01
2.160000e-01  2.546003e-01
2.190000e-01  2.530091e-01
2.220000e-01  2.514383e-01
2.250000e-01  2.498872e-01
2.280000e-01  2.483552e-01
2.310000e-01  2.468417e-01
2.340000e-01  2.453461e-01
2.370000e-01  2.438679e-01
2.400000e-01  2.424065e-01
2.430000e-01  2.409615e-01
2.460000e-01  2.395323e-01
2.490000e-01  2.381185e-01
2.520000e-01  2.367196e-01
2.550000e-01  2.353351e-01
2.580000e-01  2.339646e-01
2.610000e-01  2.326077e-01
2.640000e-01  2.312641e-01
2.670000e-01  2.299332e-01
2.700000e-01  2.286148e-01
2.730000e-01  2.273084e-01
2.760000e-01  2.260138e-01
2.790000e-01  2.247305e-01
2.820000e-01  2.234582e-01
2.850000e-01  2.221966e-01
2.880000e-01  2.209454e-01
2.910000e-01  2.197043e-01
2.940000e-01  2.184729e-01
2.970000e-01  2.172510e-01
3.000000e-01  2.160383e-01
3.030000e-01  2.148344e-01
3.060000e-01  2.136392e-01
3.090000e-01  2.124524e-01
3.120000e-01  2.112737e-01
3.150000e-01  2.101027e-01
3.180000e-01  2.089394e-01
3.210000e-01  2.077834e-01
3.240000e-01  2.066345e-01
3.270000e-01  2.054925e-01
3.300000e-01  2.043570e-01
3.330000e-01  2.032280e-01
3.360000e-01  2.021051e-01
3.390000e-01  2.009881e-01
3.420000e-01  1.998768e-01
3.450000e-01  1.987710e-01
3.480000e-01  1.976705e-01
3.510000e-01  1.965750e-01
3.540000e-01  1.954843e-01
3.570000e-01  1.943982e-01
3.600000e-01  1.933165e-01
3.630000e-01  1.922391e-01
3.660000e-01  1.911655e-01
3.690000e-01  1.900958e-01
3.720000e-01  1.890296e-01
3.750000e-01  1.879667e-01
3.780000e-01  1.869069e-01
3.810000e-01  1.858500e-01
3.840000e-01  1.847958e-01
3.870000e-01  1.837441e-01
3.900000e-01  1.826946e-01
3.930000e-01  1.816471e-01
3.960000e-01  1.806014e-01
3.990000e-01  1.795573e-01
4.020000e-01  1.785145e-01
4.050000e-01  1.774728e-01
4.080000e-01  1.764319e-01
4.110000e-01  1.753916e-01
4.140000e-01  1.743517e-01
4.170000e-01  000000
4.200000e-01  000000
4.230000e-01  000000
4.260000e-01  000000
4.290000e-01  000000
4.320000e-01  000000
4.350000e-01  000000
4.380000e-01  000000
4.410000e-01  000000
4.440000e-01  000000
4.470000e-01  000000
4.500000e-01  000000
4.530000e-01  000000
4.560000e-01  000000
4.590000e-01  000000
4.620000e-01  000000
4.650000e-01  000000
4.680000e-01  000000
4.710000e-01  000000
4.740000e-01  000000
4.770000e-01  000000
4.800000e-01  000000
4.830000e-01  000000
4.860000e-01  000000
4.890000e-01  000000
4.920000e-01  000000
4.950000e-01  000000
4.980000e-01  000000
5.010000e-01  000000
5.040000e-01  000000
5.070000e-01  000000
5.100000e-01  000000
5.130000e-01  000000
5.160000e-01  000000
5.190000e-01  000000
5.220000e-01  000000
5.250000e-01  000000
5.280000e-01  000000
5.310000e-01  000000
5.340000e-01  000000
5.370000e-01  000000
5.400000e-01  000000
5.430000e-01  000000
5.460000e-01  000000
5.490000e-01  000000
5.520000e-01  000000
5.550000e-01  000000
5.580000e-01  000000
5.610000e-01  000000
5.640000e-01  000000
5.670000e-01  000000
5.700000e-01  000000
5.730000e-01  000000
5.760000e-01  000000
5.790000e-01  000000
5.820000e-01  000000
5.850000e-01  000000
5.880000e-01  000000
5.910000e-01  000000
5.940000e-01  000000
5.970000e-01  000000
6.000000e-01  000000
6.030000e-01  000000
6.060000e-01  000000
6.090000e-01  000000
6.120000e-01  000000
6.150000e-01  000000
6.180000e-01  000000
6.210000e-01  000000
6.240000e-01  000000
6.270000e-01  000000
6.300000e-01  000000
6.330000e-01  000000
6.360000e-01  000000
6.390000e-01  000000
6.420000e-01  000000
6.450000e-01  000000
6.480000e-01  000000
6.510000e-01  000000
6.540000e-01  000000
6.570000e-01  000000
6.600000e-01  000000
6.630000e-01  000000
6.660000e-01  000000
6.690000e-01  000000
6.720000e-01  000000
6.750000e-01  000000
6.780000e-01  000000
6.810000e-01  000000
6.840000e-01  000000
6.870000e-01  000000
6.900000e-01  000000
6.930000e-01  000000
6.960000e-01  000000
6.990000e-01  000000
7.020000e-01  000000
7.050000e-01  000000
7.080000e-01  000000
7.110000e-01  000000
7.140000e-01  000000
7.170000e-01  000000
7.200000e-01  000000
7.230000e-01  000000
7.260000e-01  000000
7.290000e-01  000000
7.320000e-01  000000
7.350000e-01  000000
7.380000e-01  000000
7.410000e-01  000000
7.440000e-01  000000
7.470000e-01  000000
7.500000e-01  000000
7.530000e-01  000000
7.560000e-01  000000
7.590000e-01  000000
7.620000e-01  000000
7.650000e-01  000000
7.680000e-01  000000
7.710000e-01  000000
7.740000e-01  000000
7.770000e-01  000000
7.800000e-01  000000
7.830000e-01  000000
7.860000e-01  000000
7.890000e-01  000000
7.920000e-01  000000
7.950000e-01  000000
7.980000e-01  000000
8.010000e-01  000000
8.040000e-01  000000
8.070000e-01  000000
8.100000e-01  000000
8.130000e-01  000000
8.160000e-01  000000
8.190000e-01  000000
8.220000e-01  000000
8.250000e-01  000000
8.280000e-01  000000
8.310000e-01  000000
8.340000e-01  000000
8.370000e-01  000000
8.400000e-01  000000
8.430000e-01  000000
8.460000e-01  000000
8.490000e-01  000000
8.520000e-01  000000
8.550000e-01  000000
8.580000e-01  000000
8.610000e-01  000000
8.640000e-01  000000
8.670000e-01  000000
8.700000e-01  000000
8.730000e-01  000000
8.760000e-01  000000
8.790000e-01  000000
8.820000e-01  000000
8.850000e-01  000000
8.880000e-01  000000
8.910000e-01  000000
8.940000e-01  000000
8.970000e-01  000000
9.000000e-01  000000
9.030000e-01  000000
9.060000e-01  000000
9.090000e-01  000000
9.120000e-01  000000
9.150000e-01  000000
9.180000e-01  000000
9.210000e-01  000000
9.240000e-01  000000
9.270000e-01  000000
9.300000e-01  000000
9.330000e-01  000000
9.360000e-01  000000
9.390000e-01  000000
9.420000e-01  000000
9.450000e-01  000000
9.480000e-01  000000
9.510000e-01  000000
9.540000e-01  000000
9.570000e-01  000000
9.600000e-01  000000
9.630000e-01  000000
9.660000e-01  000000
9.690000e-01  000000
9.720000e-01  000000
9.750000e-01  000000
9.780000e-01  000000
9.810000e-01  000000
9.840000e-01  000000
9.870000e-01  000000
9.900000e-01  000000
9.930000e-01  000000
9.960000e-01  000000
9.990000e-01  000000
