000000  000001
3.000000e-03  8.443341e-01
6.000000e-03  7.663519e-01
9.000000e-03  7.146292e-01
1.200000e-02  6.762191e-01
1.500000e-02  6.458407e-01
1.800000e-02  6.208205e-01
2.100000e-02  5.996198e-01
2.400000e-02  5.812730e-01
2.700000e-02  5.651356e-01
3.000000e-02  5.507566e-01
3.300000e-02  5.378081e-01
3.600000e-02  5.260449e-01
3.900000e-02  5.152789e-01
4.200000e-02  5.053624e-01
4.500000e-02  4.961781e-01
4.800000e-02  4.876306e-01
5.100000e-02  4.796419e-01
5.400000e-02  4.721470e-01
5.700000e-02  4.650916e-01
6.000000e-02  4.584296e-01
6.300000e-02  4.521215e-01
6.600000e-02  4.461336e-01
6.900000e-02  4.404366e-01
7.200000e-02  4.350047e-01
7.500000e-02  4.298157e-01
7.800000e-02  4.248498e-01
8.100000e-02  4.200894e-01
8.400000e-02  4.155191e-01
8.700000e-02  4.111248e-01
9.000000e-02  4.068942e-01
9.300000e-02  4.028159e-01
9.600000e-02  3.988799e-01
9.900000e-02  3.950770e-01
1.020000e-01  3.913988e-01
1.050000e-01  3.878377e-01
1.080000e-01  3.843868e-01
1.110000e-01  3.810396e-01
1.140000e-01  3.777904e-01
1.170000e-01  3.746337e-01
1.200000e-01  3.715647e-01
1.230000e-01  3.685787e-01
1.260000e-01  3.656714e-01
1.290000e-01  3.628390e-01
1.320000e-01  3.600778e-01
1.350000e-01  3.573843e-01
1.380000e-01  3.547555e-01
1.410000e-01  3.521882e-01
1.440000e-01  3.496799e-01
1.470000e-01  3.472278e-01
1.500000e-01  3.448296e-01
1.530000e-01  3.424829e-01
1.560000e-01  3.401857e-01
1.590000e-01  3.379358e-01
1.620000e-01  3.357315e-01
1.650000e-01  3.335708e-01
1.680000e-01  3.314521e-01
1.710000e-01  3.293739e-01
1.740000e-01  3.273345e-01
1.770000e-01  3.253327e-01
1.800000e-01  3.233669e-01
1.830000e-01  3.214359e-01
1.860000e-01  3.195385e-01
1.890000e-01  3.176735e-01
1.920000e-01  3.158398e-01
1.950000e-01  3.140364e-01
1.980000e-01  3.122623e-01
2.010000e-01  3.105164e-01
2.040000e-01  3.087980e-01
2.070000e-01  3.071060e-01
2.100000e-01  3.054398e-01
2.130000e-01  3.037984e-01
2.160000e-01  3.021811e-01
2.190000e-01  3.005873e-01
2.220000e-01  2.990162e-01
2.250000e-01  2.974670e-01
2.280000e-01  2.959393e-01
2.310000e-01  2.944324e-01
2.340000e-01  2.929456e-01
2.370000e-01  2.914785e-01
2.400000e-01  2.900304e-01
2.430000e-01  2.886009e-01
2.460000e-01  2.871894e-01
2.490000e-01  2.857955e-01
2.520000e-01  2.844187e-01
2.550000e-01  2.830585e-01
2.580000e-01  2.817145e-01
2.610000e-01  2.803864e-01
2.640000e-01  2.790736e-01
2.670000e-01  2.777758e-01
2.700000e-01  2.764926e-01
2.730000e-01  2.752237e-01
2.760000e-01  2.739687e-01
2.790000e-01  2.727273e-01
2.820000e-01  2.714991e-01
2.850000e-01  2.702838e-01
2.880000e-01  2.690812e-01
2.910000e-01  2.678908e-01
2.940000e-01  2.667125e-01
2.970000e-01  2.655460e-01
3.000000e-01  2.643909e-01
3.030000e-01  2.632471e-01
3.060000e-01  2.621142e-01
3.090000e-01  2.609920e-01
3.120000e-01  2.598804e-01
3.150000e-01  2.587789e-01
3.180000e-01  2.576875e-01
3.210000e-01  2.566059e-01
3.240000e-01  2.555339e-01
3.270000e-01  2.544712e-01
3.300000e-01  2.534178e-01
3.330000e-01  2.523733e-01
3.360000e-01  2.513376e-01
3.390000e-01  2.503105e-01
3.420000e-01  2.492919e-01
3.450000e-01  2.482815e-01
3.480000e-01  2.472792e-01
3.510000e-01  2.462848e-01
3.540000e-01  2.452981e-01
3.570000e-01  2.443191e-01
3.600000e-01  2.433474e-01
3.630000e-01  2.423831e-01
3.660000e-01  2.414259e-01
3.690000e-01  2.404757e-01
3.720000e-01  2.395323e-01
3.750000e-01  2.385957e-01
3.780000e-01  2.376656e-01
3.810000e-01  2.367420e-01
3.840000e-01  2.358247e-01
3.870000e-01  2.349136e-01
3.900000e-01  2.340086e-01
3.930000e-01  2.331095e-01
3.960000e-01  2.322163e-01
3.990000e-01  2.313288e-01
4.020000e-01  2.304469e-01
4.050000e-01  2.295705e-01
4.080000e-01  2.286995e-01
4.110000e-01  2.278338e-01
4.140000e-01  2.269732e-01
4.170000e-01  2.261177e-01
4.200000e-01  2.252673e-01
4.230000e-01  2.244217e-01
4.260000e-01  2.235808e-01
4.290000e-01  2.227447e-01
4.320000e-01  2.219132e-01
4.350000e-01  2.210861e-01
4.380000e-01  2.202635e-01
4.410000e-01  2.194453e-01
4.440000e-01  2.186312e-01
4.470000e-01  2.178214e-01
4.500000e-01  2.170155e-01
4.530000e-01  2.162137e-01
4.560000e-01  2.154158e-01
4.590000e-01  2.146218e-01
4.620000e-01  2.138314e-01
4.650000e-01  2.130448e-01
4.680000e-01  2.122617e-01
4.710000e-01  2.114822e-01
4.740000e-01  2.107061e-01
4.770000e-01  2.099334e-01
4.800000e-01  2.091640e-01
4.830000e-01  2.083978e-01
4.860000e-01  2.076348e-01
4.890000e-01  2.068748e-01
4.920000e-01  2.061179e-01
4.950000e-01  2.053639e-01
4.980000e-01  2.046128e-01
5.010000e-01  2.038646e-01
5.040000e-01  2.031190e-01
5.070000e-01  2.023762e-01
5.100000e-01  2.016359e-01
5.130000e-01  2.008983e-01
5.160000e-01  2.001631e-01
5.190000e-01  1.994303e-01
5.220000e-01  1.986998e-01
5.250000e-01  1.979717e-01
5.280000e-01  1.972458e-01
5.310000e-01  1.965221e-01
5.340000e-01  1.958004e-01
5.370000e-01  1.950809e-01
5.400000e-01  1.943633e-01
5.430000e-01  1.936476e-01
5.460000e-01  1.929337e-01
5.490000e-01  1.922217e-01
5.520000e-01  1.915114e-01
5.550000e-01  1.908028e-01
5.580000e-01  1.900958e-01
5.610000e-01  1.893903e-01
5.640000e-01  1.886863e-01
5.670000e-01  1.879838e-01
5.700000e-01  1.872826e-01
5.730000e-01  1.865827e-01
5.760000e-01  1.858841e-01
5.790000e-01  1.851866e-01
5.820000e-01  1.844902e-01
5.850000e-01  1.837949e-01
5.880000e-01  1.831006e-01
5.910000e-01  1.824072e-01
5.940000e-01  1.817146e-01
5.970000e-01  1.810229e-01
6.000000e-01  1.803318e-01
6.030000e-01  1.796415e-01
6.060000e-01  1.789517e-01
6.090000e-01  1.782624e-01
6.120000e-01  1.775736e-01
6.150000e-01  1.768851e-01
6.180000e-01  1.761970e-01
6.210000e-01  1.755091e-01
6.240000e-01  1.748213e-01
6.270000e-01  1.741337e-01
6.300000e-01  000000
6.330000e-01  000000
6.360000e-01  000000
6.390000e-01  000000
6.420000e-01  000000
6.450000e-01  000000
6.480000e-01  000000
6.510000e-01  000000
6.540000e-01  000000
6.570000e-01  000000
6.600000e-01  000000
6.630000e-01  000000
6.660000e-01  000000
6.690000e-01  000000
6.720000e-01  000000
6.750000e-01  000000
6.780000e-01  000000
6.810000e-01  000000
6.840000e-01  000000
6.870000e-01  000000
6.900000e-01  000000
6.930000e-01  000000
6.960000e-01  000000
6.990000e-01  000000
7.020000e-01  000000
7.050000e-01  000000
7.080000e-01  000000
7.110000e-01  000000
7.140000e-01  000000
7.170000e-01  000000
7.200000e-01  000000
7.230000e-01  000000
7.260000e-01  000000
7.290000e-01  000000
7.320000e-01  000000
7.350000e-01  000000
7.380000e-01  000000
7.410000e-01  000000
7.440000e-01  000000
7.470000e-01  000000
7.500000e-01  000000
7.530000e-01  000000
7.560000e-01  000000
7.590000e-01  000000
7.620000e-01  000000
7.650000e-01  000000
7.680000e-01  000000
7.710000e-01  000000
7.740000e-01  000000
7.770000e-01  000000
7.800000e-01  000000
7.830000e-01  000000
7.860000e-01  000000
7.890000e-01  000000
7.920000e-01  000000
7.950000e-01  000000
7.980000e-01  000000
8.010000e-01  000000
8.040000e-01  000000
8.070000e-01  000000
8.100000e-01  000000
8.130000e-01  000000
8.160000e-01  000000
8.190000e-01  000000
8.220000e-01  000000
8.250000e-01  000000
8.280000e-01  000000
8.310000e-01  000000
8.340000e-01  000000
8.370000e-01  000000
8.400000e-01  000000
8.430000e-01  000000
8.460000e-01  000000
8.490000e-01  000000
8.520000e-01  000000
8.550000e-01  000000
8.580000e-01  000000
8.610000e-01  000000
8.640000e-01  000000
8.670000e-01  000000
8.700000e-01  000000
8.730000e-01  000000
8.760000e-01  000000
8.790000e-01  000000
8.820000e-01  000000
8.850000e-01  000000
8.880000e-01  000000
8.910000e-01  000000
8.940000e-01  000000
8.970000e-01  000000
9.000000e-01  000000
9.030000e-01  000000
9.060000e-01  000000
9.090000e-01  000000
9.120000e-01  000000
9.150000e-01  000000
9.180000e-01  000000
9.210000e-01  000000
9.240000e-01  000000
9.270000e-01  000000
9.300000e-01  000000
9.330000e-01  000000
9.360000e-01  000000
9.390000e-01  000000
9.420000e-01  000000
9.450000e-01  000000
9.480000e-01  000000
9.510000e-01  000000
9.540000e-01  000000
9.570000e-01  000000
9.600000e-01  000000
9.630000e-01  000000
9.660000e-01  000000
9.690000e-01  000000
9.720000e-01  000000
9.750000e-01  000000
9.780000e-01  000000
9.810000e-01  000000
9.840000e-01  000000
9.870000e-01  000000
9.900000e-01  000000
9.930000e-01  000000
9.960000e-01  000000
9.990000e-01  000000
