000000  000001
3.000000e-03  8.397553e-01
6.000000e-03  7.609969e-01
9.000000e-03  7.091813e-01
1.200000e-02  6.709061e-01
1.500000e-02  6.407574e-01
1.800000e-02  6.160101e-01
2.100000e-02  5.951018e-01
2.400000e-02  5.770556e-01
2.700000e-02  5.612208e-01
3.000000e-02  5.471428e-01
3.300000e-02  5.344922e-01
3.600000e-02  5.230226e-01
3.900000e-02  5.125452e-01
4.200000e-02  5.029125e-01
4.500000e-02  4.940068e-01
4.800000e-02  4.857330e-01
5.100000e-02  4.780131e-01
5.400000e-02  4.707823e-01
5.700000e-02  4.639864e-01
6.000000e-02  4.575796e-01
6.300000e-02  4.515226e-01
6.600000e-02  4.457819e-01
6.900000e-02  4.403282e-01
7.200000e-02  4.351362e-01
7.500000e-02  4.301836e-01
7.800000e-02  4.254508e-01
8.100000e-02  4.209205e-01
8.400000e-02  4.165772e-01
8.700000e-02  4.124072e-01
9.000000e-02  4.083982e-01
9.300000e-02  4.045390e-01
9.600000e-02  4.008196e-01
9.900000e-02  3.972309e-01
1.020000e-01  3.937647e-01
1.050000e-01  3.904135e-01
1.080000e-01  3.871704e-01
1.110000e-01  3.840292e-01
1.140000e-01  3.809840e-01
1.170000e-01  3.780296e-01
1.200000e-01  3.751611e-01
1.230000e-01  3.723739e-01
1.260000e-01  3.696640e-01
1.290000e-01  3.670273e-01
1.320000e-01  3.644604e-01
1.350000e-01  3.619599e-01
1.380000e-01  3.595226e-01
1.410000e-01  3.571457e-01
1.440000e-01  3.548264e-01
1.470000e-01  3.525623e-01
1.500000e-01  3.503508e-01
1.530000e-01  3.481898e-01
1.560000e-01  3.460771e-01
1.590000e-01  3.440108e-01
1.620000e-01  3.419891e-01
1.650000e-01  3.400101e-01
1.680000e-01  3.380723e-01
1.710000e-01  3.361740e-01
1.740000e-01  3.343137e-01
1.770000e-01  3.324901e-01
1.800000e-01  3.307019e-01
1.830000e-01  3.289477e-01
1.860000e-01  3.272264e-01
1.890000e-01  3.255369e-01
1.920000e-01  3.238780e-01
1.950000e-01  3.222487e-01
1.980000e-01  3.206482e-01
2.010000e-01  3.190753e-01
2.040000e-01  3.175293e-01
2.070000e-01  3.160093e-01
2.100000e-01  3.145144e-01
2.130000e-01  3.130440e-01
2.160000e-01  3.115973e-01
2.190000e-01  3.101735e-01
2.220000e-01  3.087720e-01
2.250000e-01  3.073921e-01
2.280000e-01  3.060333e-01
2.310000e-01  3.046948e-01
2.340000e-01  3.033762e-01
2.370000e-01  3.020770e-01
2.400000e-01  3.007964e-01
2.430000e-01  2.995342e-01
2.460000e-01  2.982897e-01
2.490000e-01  2.970626e-01
2.520000e-01  2.958523e-01
2.550000e-01  2.946584e-01
2.580000e-01  2.934805e-01
2.610000e-01  2.923182e-01
2.640000e-01  2.911712e-01
2.670000e-01  2.900390e-01
2.700000e-01  2.889212e-01
2.730000e-01  2.878176e-01
2.760000e-01  2.867278e-01
2.790000e-01  2.856514e-01
2.820000e-01  2.845882e-01
2.850000e-01  2.835379e-01
2.880000e-01  2.825001e-01
2.910000e-01  2.814746e-01
2.940000e-01  2.804611e-01
2.970000e-01  2.794593e-01
3.000000e-01  2.784690e-01
3.030000e-01  2.774898e-01
3.060000e-01  2.765217e-01
3.090000e-01  2.755644e-01
3.120000e-01  2.746175e-01
3.150000e-01  2.736810e-01
3.180000e-01  2.727545e-01
3.210000e-01  2.718379e-01
3.240000e-01  2.709310e-01
3.270000e-01  2.700336e-01
3.300000e-01  2.691455e-01
3.330000e-01  2.682665e-01
3.360000e-01  2.673963e-01
3.390000e-01  2.665350e-01
3.420000e-01  2.656823e-01
3.450000e-01  2.648379e-01
3.480000e-01  2.640018e-01
3.510000e-01  2.631739e-01
3.540000e-01  2.623539e-01
3.570000e-01  2.615416e-01
3.600000e-01  2.607371e-01
3.630000e-01  2.599401e-01
3.660000e-01  2.591504e-01
3.690000e-01  2.583680e-01
3.720000e-01  2.575928e-01
3.750000e-01  2.568245e-01
3.780000e-01  2.560631e-01
3.810000e-01  2.553085e-01
3.840000e-01  2.545605e-01
3.870000e-01  2.538190e-01
3.900000e-01  2.530839e-01
3.930000e-01  2.523552e-01
3.960000e-01  2.516326e-01
3.990000e-01  2.509162e-01
4.020000e-01  2.502057e-01
4.050000e-01  2.495012e-01
4.080000e-01  2.488024e-01
4.110000e-01  2.481093e-01
4.140000e-01  2.474219e-01
4.170000e-01  2.467400e-01
4.200000e-01  2.460635e-01
4.230000e-01  2.453924e-01
4.260000e-01  2.447266e-01
4.290000e-01  2.440659e-01
4.320000e-01  2.434103e-01
4.350000e-01  2.427598e-01
4.380000e-01  2.421142e-01
4.410000e-01  2.414735e-01
4.440000e-01  2.408376e-01
4.470000e-01  2.402065e-01
4.500000e-01  2.395800e-01
4.530000e-01  2.389581e-01
4.560000e-01  2.383407e-01
4.590000e-01  2.377278e-01
4.620000e-01  2.371192e-01
4.650000e-01  2.365151e-01
4.680000e-01  2.359151e-01
4.710000e-01  2.353194e-01
4.740000e-01  2.347279e-01
4.770000e-01  2.341404e-01
4.800000e-01  2.335570e-01
4.830000e-01  2.329775e-01
4.860000e-01  2.324020e-01
4.890000e-01  2.318303e-01
4.920000e-01  2.312625e-01
4.950000e-01  2.306984e-01
4.980000e-01  2.301380e-01
5.010000e-01  2.295813e-01
5.040000e-01  2.290282e-01
5.070000e-01  2.284787e-01
5.100000e-01  2.279327e-01
5.130000e-01  2.273902e-01
5.160000e-01  2.268511e-01
5.190000e-01  2.263154e-01
5.220000e-01  2.257831e-01
5.250000e-01  2.252540e-01
5.280000e-01  2.247282e-01
5.310000e-01  2.242056e-01
5.340000e-01  2.236862e-01
5.370000e-01  2.231699e-01
5.400000e-01  2.226567e-01
5.430000e-01  2.221466e-01
5.460000e-01  2.216394e-01
5.490000e-01  2.211353e-01
5.520000e-01  2.206341e-01
5.550000e-01  2.201358e-01
5.580000e-01  2.196404e-01
5.610000e-01  2.191479e-01
5.640000e-01  2.186581e-01
5.670000e-01  2.181711e-01
5.700000e-01  2.176869e-01
5.730000e-01  2.172053e-01
5.760000e-01  2.167265e-01
5.790000e-01  2.162502e-01
5.820000e-01  2.157766e-01
5.850000e-01  2.153056e-01
5.880000e-01  2.148371e-01
5.910000e-01  2.143711e-01
5.940000e-01  2.139076e-01
5.970000e-01  2.134466e-01
6.000000e-01  2.129881e-01
6.030000e-01  2.125319e-01
6.060000e-01  2.120781e-01
6.090000e-01  2.116267e-01
6.120000e-01  2.111776e-01
6.150000e-01  2.107308e-01
6.180000e-01  2.102863e-01
6.210000e-01  2.098440e-01
6.240000e-01  2.094040e-01
6.270000e-01  2.089662e-01
6.300000e-01  2.085305e-01
6.330000e-01  2.080970e-01
6.360000e-01  2.076656e-01
6.390000e-01  2.072364e-01
6.420000e-01  2.068092e-01
6.450000e-01  2.063841e-01
6.480000e-01  2.059610e-01
6.510000e-01  2.055400e-01
6.540000e-01  2.051209e-01
6.570000e-01  2.047038e-01
6.600000e-01  2.042887e-01
6.630000e-01  2.038756e-01
6.660000e-01  2.034643e-01
6.690000e-01  2.030549e-01
6.720000e-01  2.026474e-01
6.750000e-01  2.022418e-01
6.780000e-01  2.018380e-01
6.810000e-01  2.014360e-01
6.840000e-01  2.010359e-01
6.870000e-01  2.006375e-01
6.900000e-01  2.002409e-01
6.930000e-01  1.998460e-01
6.960000e-01  1.994528e-01
6.990000e-01  1.990614e-01
7.020000e-01  1.986717e-01
7.050000e-01  1.982836e-01
7.080000e-01  1.978972e-01
7.110000e-01  1.975125e-01
7.140000e-01  1.971293e-01
7.170000e-01  1.967478e-01
7.200000e-01  1.963679e-01
7.230000e-01  1.959896e-01
7.260000e-01  1.956128e-01
7.290000e-01  1.952376e-01
7.320000e-01  1.948639e-01
7.350000e-01  1.944918e-01
7.380000e-01  1.941211e-01
7.410000e-01  1.937520e-01
7.440000e-01  1.933843e-01
7.470000e-01  1.930181e-01
7.500000e-01  1.926533e-01
7.530000e-01  1.922900e-01
7.560000e-01  1.919281e-01
7.590000e-01  1.915676e-01
7.620000e-01  1.912085e-01
7.650000e-01  1.908508e-01
7.680000e-01  1.904944e-01
7.710000e-01  1.901394e-01
7.740000e-01  1.897858e-01
7.770000e-01  1.894335e-01
7.800000e-01  1.890825e-01
7.830000e-01  1.887328e-01
7.860000e-01  1.883844e-01
7.890000e-01  1.880373e-01
7.920000e-01  1.876915e-01
7.950000e-01  1.873469e-01
7.980000e-01  1.870036e-01
8.010000e-01  1.866615e-01
8.040000e-01  1.863206e-01
8.070000e-01  1.859810e-01
8.100000e-01  1.856426e-01
8.130000e-01  1.853053e-01
8.160000e-01  1.849693e-01
8.190000e-01  1.846344e-01
8.220000e-01  1.843006e-01
8.250000e-01  1.839681e-01
8.280000e-01  1.836366e-01
8.310000e-01  1.833063e-01
8.340000e-01  1.829771e-01
8.370000e-01  1.826491e-01
8.400000e-01  1.823221e-01
8.430000e-01  1.819962e-01
8.460000e-01  1.816714e-01
8.490000e-01  1.813477e-01
8.520000e-01  1.810250e-01
8.550000e-01  1.807034e-01
8.580000e-01  1.803829e-01
8.610000e-01  1.800633e-01
8.640000e-01  1.797448e-01
8.670000e-01  1.794274e-01
8.700000e-01  1.791109e-01
8.730000e-01  1.787954e-01
8.760000e-01  1.784809e-01
8.790000e-01  1.781674e-01
8.820000e-01  1.778549e-01
8.850000e-01  1.775433e-01
8.880000e-01  1.772327e-01
8.910000e-01  1.769230e-01
8.940000e-01  1.766143e-01
8.970000e-01  1.763065e-01
9.000000e-01  1.759997e-01
9.030000e-01  1.756937e-01
9.060000e-01  1.753887e-01
9.090000e-01  1.750846e-01
9.120000e-01  1.747813e-01
9.150000e-01  1.744790e-01
9.180000e-01  1.741775e-01
9.210000e-01  1.738769e-01
9.240000e-01  1.735771e-01
9.270000e-01  1.732782e-01
9.300000e-01  1.729802e-01
9.330000e-01  1.726830e-01
9.360000e-01  1.723866e-01
9.390000e-01  1.720911e-01
9.420000e-01  1.717964e-01
9.450000e-01  1.715025e-01
9.480000e-01  1.712094e-01
9.510000e-01  1.709171e-01
9.540000e-01  1.706255e-01
9.570000e-01  1.703348e-01
9.600000e-01  1.700449e-01
9.630000e-01  1.697557e-01
9.660000e-01  1.694673e-01
9.690000e-01  1.691796e-01
9.720000e-01  1.688927e-01
9.750000e-01  1.686066e-01
9.780000e-01  1.683212e-01
9.810000e-01  1.680365e-01
9.840000e-01  1.677526e-01
9.870000e-01  1.674693e-01
9.900000e-01  1.671868e-01
9.930000e-01  1.669050e-01
9.960000e-01  1.666239e-01
9.990000e-01  1.663435e-01
