000000  000001
3.000000e-03  8.617591e-01
6.000000e-03  7.881554e-01
9.000000e-03  7.383177e-01
1.200000e-02  7.009151e-01
1.500000e-02  6.711482e-01
1.800000e-02  6.465339e-01
2.100000e-02  6.256224e-01
2.400000e-02  6.074945e-01
2.700000e-02  5.915317e-01
3.000000e-02  5.772983e-01
3.300000e-02  5.644764e-01
3.600000e-02  5.528269e-01
3.900000e-02  5.421657e-01
4.200000e-02  5.323483e-01
4.500000e-02  5.232590e-01
4.800000e-02  5.148040e-01
5.100000e-02  5.069062e-01
5.400000e-02  4.995013e-01
5.700000e-02  4.925355e-01
6.000000e-02  4.859630e-01
6.300000e-02  4.797448e-01
6.600000e-02  4.738472e-01
6.900000e-02  4.682409e-01
7.200000e-02  4.629006e-01
7.500000e-02  4.578038e-01
7.800000e-02  4.529308e-01
8.100000e-02  4.482642e-01
8.400000e-02  4.437885e-01
8.700000e-02  4.394896e-01
9.000000e-02  4.353552e-01
9.300000e-02  4.313740e-01
9.600000e-02  4.275358e-01
9.900000e-02  4.238315e-01
1.020000e-01  4.202527e-01
1.050000e-01  4.167917e-01
1.080000e-01  4.134416e-01
1.110000e-01  4.101960e-01
1.140000e-01  4.070491e-01
1.170000e-01  4.039954e-01
1.200000e-01  4.010300e-01
1.230000e-01  3.981483e-01
1.260000e-01  3.953460e-01
1.290000e-01  3.926191e-01
1.320000e-01  3.899640e-01
1.350000e-01  3.873773e-01
1.380000e-01  3.848557e-01
1.410000e-01  3.823964e-01
1.440000e-01  3.799965e-01
1.470000e-01  3.776534e-01
1.500000e-01  3.753647e-01
1.530000e-01  3.731280e-01
1.560000e-01  3.709413e-01
1.590000e-01  3.688025e-01
1.620000e-01  3.667097e-01
1.650000e-01  3.646611e-01
1.680000e-01  3.626550e-01
1.710000e-01  3.606897e-01
1.740000e-01  3.587638e-01
1.770000e-01  3.568759e-01
1.800000e-01  3.550245e-01
1.830000e-01  3.532083e-01
1.860000e-01  3.514262e-01
1.890000e-01  3.496770e-01
1.920000e-01  3.479595e-01
1.950000e-01  3.462727e-01
1.980000e-01  3.446156e-01
2.010000e-01  3.429873e-01
2.040000e-01  3.413867e-01
2.070000e-01  3.398131e-01
2.100000e-01  3.382657e-01
2.130000e-01  3.367435e-01
2.160000e-01  3.352459e-01
2.190000e-01  3.337721e-01
2.220000e-01  3.323214e-01
2.250000e-01  3.308932e-01
2.280000e-01  3.294868e-01
2.310000e-01  3.281016e-01
2.340000e-01  3.267370e-01
2.370000e-01  3.253925e-01
2.400000e-01  3.240674e-01
2.430000e-01  3.227613e-01
2.460000e-01  3.214737e-01
2.490000e-01  3.202041e-01
2.520000e-01  3.189520e-01
2.550000e-01  3.177170e-01
2.580000e-01  3.164986e-01
2.610000e-01  3.152964e-01
2.640000e-01  3.141101e-01
2.670000e-01  3.129392e-01
2.700000e-01  3.117833e-01
2.730000e-01  3.106422e-01
2.760000e-01  3.095154e-01
2.790000e-01  3.084026e-01
2.820000e-01  3.073035e-01
2.850000e-01  3.062178e-01
2.880000e-01  3.051451e-01
2.910000e-01  3.040853e-01
2.940000e-01  3.030379e-01
2.970000e-01  3.020028e-01
3.000000e-01  3.009796e-01
3.030000e-01  2.999681e-01
3.060000e-01  2.989680e-01
3.090000e-01  2.979791e-01
3.120000e-01  2.970012e-01
3.150000e-01  2.960341e-01
3.180000e-01  2.950774e-01
3.210000e-01  2.941310e-01
3.240000e-01  2.931948e-01
3.270000e-01  2.922684e-01
3.300000e-01  2.913517e-01
3.330000e-01  2.904445e-01
3.360000e-01  2.895467e-01
3.390000e-01  2.886579e-01
3.420000e-01  2.877782e-01
3.450000e-01  2.869072e-01
3.480000e-01  2.860448e-01
3.510000e-01  2.851909e-01
3.540000e-01  2.843453e-01
3.570000e-01  2.835078e-01
3.600000e-01  2.826784e-01
3.630000e-01  2.818568e-01
3.660000e-01  2.810429e-01
3.690000e-01  2.802366e-01
3.720000e-01  2.794378e-01
3.750000e-01  2.786462e-01
3.780000e-01  2.778619e-01
3.810000e-01  2.770846e-01
3.840000e-01  2.763142e-01
3.870000e-01  2.755507e-01
3.900000e-01  2.747938e-01
3.930000e-01  2.740436e-01
3.960000e-01  2.732998e-01
3.990000e-01  2.725625e-01
4.020000e-01  2.718314e-01
4.050000e-01  2.711064e-01
4.080000e-01  2.703876e-01
4.110000e-01  2.696747e-01
4.140000e-01  2.689677e-01
4.170000e-01  2.682665e-01
4.200000e-01  2.675709e-01
4.230000e-01  2.668810e-01
4.260000e-01  2.661966e-01
4.290000e-01  2.655176e-01
4.320000e-01  2.648440e-01
4.350000e-01  2.641756e-01
4.380000e-01  2.635124e-01
4.410000e-01  2.628544e-01
4.440000e-01  2.622013e-01
4.470000e-01  2.615533e-01
4.500000e-01  2.609101e-01
4.530000e-01  2.602717e-01
4.560000e-01  2.596381e-01
4.590000e-01  2.590092e-01
4.620000e-01  2.583848e-01
4.650000e-01  2.577651e-01
4.680000e-01  2.571497e-01
4.710000e-01  2.565389e-01
4.740000e-01  2.559323e-01
4.770000e-01  2.553301e-01
4.800000e-01  2.547321e-01
4.830000e-01  2.541383e-01
4.860000e-01  2.535486e-01
4.890000e-01  2.529629e-01
4.920000e-01  2.523813e-01
4.950000e-01  2.518036e-01
4.980000e-01  2.512299e-01
5.010000e-01  2.506599e-01
5.040000e-01  2.500938e-01
5.070000e-01  2.495315e-01
5.100000e-01  2.489728e-01
5.130000e-01  2.484178e-01
5.160000e-01  2.478664e-01
5.190000e-01  2.473185e-01
5.220000e-01  2.467742e-01
5.250000e-01  2.462334e-01
5.280000e-01  2.456959e-01
5.310000e-01  2.451619e-01
5.340000e-01  2.446312e-01
5.370000e-01  2.441038e-01
5.400000e-01  2.435796e-01
5.430000e-01  2.430587e-01
5.460000e-01  2.425410e-01
5.490000e-01  2.420264e-01
5.520000e-01  2.415149e-01
5.550000e-01  2.410064e-01
5.580000e-01  2.405010e-01
5.610000e-01  2.399986e-01
5.640000e-01  2.394992e-01
5.670000e-01  2.390027e-01
5.700000e-01  2.385090e-01
5.730000e-01  2.380182e-01
5.760000e-01  2.375303e-01
5.790000e-01  2.370451e-01
5.820000e-01  2.365627e-01
5.850000e-01  2.360830e-01
5.880000e-01  2.356060e-01
5.910000e-01  2.351317e-01
5.940000e-01  2.346600e-01
5.970000e-01  2.341909e-01
6.000000e-01  2.337244e-01
6.030000e-01  2.332605e-01
6.060000e-01  2.327990e-01
6.090000e-01  2.323401e-01
6.120000e-01  2.318836e-01
6.150000e-01  2.314296e-01
6.180000e-01  2.309779e-01
6.210000e-01  2.305287e-01
6.240000e-01  2.300818e-01
6.270000e-01  2.296372e-01
6.300000e-01  2.291950e-01
6.330000e-01  2.287550e-01
6.360000e-01  2.283173e-01
6.390000e-01  2.278818e-01
6.420000e-01  2.274486e-01
6.450000e-01  2.270175e-01
6.480000e-01  2.265886e-01
6.510000e-01  2.261619e-01
6.540000e-01  2.257373e-01
6.570000e-01  2.253147e-01
6.600000e-01  2.248943e-01
6.630000e-01  2.244759e-01
6.660000e-01  2.240595e-01
6.690000e-01  2.236452e-01
6.720000e-01  2.232329e-01
6.750000e-01  2.228225e-01
6.780000e-01  2.224141e-01
6.810000e-01  2.220076e-01
6.840000e-01  2.216031e-01
6.870000e-01  2.212004e-01
6.900000e-01  2.207996e-01
6.930000e-01  2.204007e-01
6.960000e-01  2.200037e-01
6.990000e-01  2.196085e-01
7.020000e-01  2.192150e-01
7.050000e-01  2.188234e-01
7.080000e-01  2.184335e-01
7.110000e-01  2.180454e-01
7.140000e-01  2.176591e-01
7.170000e-01  2.172744e-01
7.200000e-01  2.168915e-01
7.230000e-01  2.165103e-01
7.260000e-01  2.161307e-01
7.290000e-01  2.157528e-01
7.320000e-01  2.153766e-01
7.350000e-01  2.150019e-01
7.380000e-01  2.146289e-01
7.410000e-01  2.142575e-01
7.440000e-01  2.138877e-01
7.470000e-01  2.135194e-01
7.500000e-01  2.131527e-01
7.530000e-01  2.127876e-01
7.560000e-01  2.124240e-01
7.590000e-01  2.120618e-01
7.620000e-01  2.117012e-01
7.650000e-01  2.113421e-01
7.680000e-01  2.109845e-01
7.710000e-01  2.106283e-01
7.740000e-01  2.102735e-01
7.770000e-01  2.099202e-01
7.800000e-01  2.095684e-01
7.830000e-01  2.092179e-01
7.860000e-01  2.088688e-01
7.890000e-01  2.085211e-01
7.920000e-01  2.081748e-01
7.950000e-01  2.078299e-01
7.980000e-01  2.074863e-01
8.010000e-01  2.071440e-01
8.040000e-01  2.068031e-01
8.070000e-01  2.064634e-01
8.100000e-01  2.061251e-01
8.130000e-01  2.057881e-01
8.160000e-01  2.054524e-01
8.190000e-01  2.051179e-01
8.220000e-01  2.047847e-01
8.250000e-01  2.044528e-01
8.280000e-01  2.041220e-01
8.310000e-01  2.037925e-01
8.340000e-01  2.034643e-01
8.370000e-01  2.031372e-01
8.400000e-01  2.028114e-01
8.430000e-01  2.024867e-01
8.460000e-01  2.021632e-01
8.490000e-01  2.018409e-01
8.520000e-01  2.015198e-01
8.550000e-01  2.011997e-01
8.580000e-01  2.008809e-01
8.610000e-01  2.005632e-01
8.640000e-01  2.002466e-01
8.670000e-01  1.999311e-01
8.700000e-01  1.996167e-01
8.730000e-01  1.993034e-01
8.760000e-01  1.989912e-01
8.790000e-01  1.986801e-01
8.820000e-01  1.983700e-01
8.850000e-01  1.980610e-01
8.880000e-01  1.977531e-01
8.910000e-01  1.974462e-01
8.940000e-01  1.971403e-01
8.970000e-01  1.968355e-01
9.000000e-01  1.965317e-01
9.030000e-01  1.962289e-01
9.060000e-01  1.959271e-01
9.090000e-01  1.956263e-01
9.120000e-01  1.953265e-01
9.150000e-01  1.950277e-01
9.180000e-01  1.947299e-01
9.210000e-01  1.944330e-01
9.240000e-01  1.941371e-01
9.270000e-01  1.938421e-01
9.300000e-01  1.935481e-01
9.330000e-01  1.932550e-01
9.360000e-01  1.929629e-01
9.390000e-01  1.926716e-01
9.420000e-01  1.923813e-01
9.450000e-01  1.920919e-01
9.480000e-01  1.918034e-01
9.510000e-01  1.915158e-01
9.540000e-01  1.912291e-01
9.570000e-01  1.909433e-01
9.600000e-01  1.906583e-01
9.630000e-01  1.903742e-01
9.660000e-01  1.900910e-01
9.690000e-01  1.898086e-01
9.720000e-01  1.895271e-01
9.750000e-01  1.892465e-01
9.780000e-01  1.889666e-01
9.810000e-01  1.886876e-01
9.840000e-01  1.884094e-01
9.870000e-01  1.881321e-01
9.900000e-01  1.878555e-01
9.930000e-01  1.875798e-01
9.960000e-01  1.873048e-01
9.990000e-01  1.870307e-01
