000000  000001
3.000000e-03  8.442174e-01
6.000000e-03  7.664195e-01
9.000000e-03  7.149534e-01
1.200000e-02  6.768222e-01
1.500000e-02  6.467287e-01
1.800000e-02  6.219925e-01
2.100000e-02  6.010721e-01
2.400000e-02  5.830007e-01
2.700000e-02  5.671334e-01
3.000000e-02  5.530189e-01
3.300000e-02  5.403296e-01
3.600000e-02  5.288204e-01
3.900000e-02  5.183034e-01
4.200000e-02  5.086314e-01
4.500000e-02  4.996871e-01
4.800000e-02  4.913754e-01
5.100000e-02  4.836186e-01
5.400000e-02  4.763519e-01
5.700000e-02  4.695212e-01
6.000000e-02  4.630805e-01
6.300000e-02  4.569908e-01
6.600000e-02  4.512182e-01
6.900000e-02  4.457337e-01
7.200000e-02  4.405118e-01
7.500000e-02  4.355302e-01
7.800000e-02  4.307693e-01
8.100000e-02  4.262117e-01
8.400000e-02  4.218420e-01
8.700000e-02  4.176463e-01
9.000000e-02  4.136123e-01
9.300000e-02  4.097288e-01
9.600000e-02  4.059858e-01
9.900000e-02  4.023743e-01
1.020000e-01  3.988858e-01
1.050000e-01  3.955129e-01
1.080000e-01  3.922487e-01
1.110000e-01  3.890868e-01
1.140000e-01  3.860216e-01
1.170000e-01  3.830477e-01
1.200000e-01  3.801601e-01
1.230000e-01  3.773544e-01
1.260000e-01  3.746263e-01
1.290000e-01  3.719720e-01
1.320000e-01  3.693879e-01
1.350000e-01  3.668705e-01
1.380000e-01  3.644167e-01
1.410000e-01  3.620237e-01
1.440000e-01  3.596887e-01
1.470000e-01  3.574092e-01
1.500000e-01  3.551827e-01
1.530000e-01  3.530069e-01
1.560000e-01  3.508799e-01
1.590000e-01  3.487995e-01
1.620000e-01  3.467640e-01
1.650000e-01  3.447715e-01
1.680000e-01  3.428204e-01
1.710000e-01  3.409091e-01
1.740000e-01  3.390362e-01
1.770000e-01  3.372001e-01
1.800000e-01  3.353997e-01
1.830000e-01  3.336335e-01
1.860000e-01  3.319005e-01
1.890000e-01  3.301994e-01
1.920000e-01  3.285293e-01
1.950000e-01  3.268889e-01
1.980000e-01  3.252775e-01
2.010000e-01  3.236939e-01
2.040000e-01  3.221374e-01
2.070000e-01  3.206071e-01
2.100000e-01  3.191022e-01
2.130000e-01  3.176218e-01
2.160000e-01  3.161653e-01
2.190000e-01  3.147320e-01
2.220000e-01  3.133211e-01
2.250000e-01  3.119319e-01
2.280000e-01  3.105640e-01
2.310000e-01  3.092166e-01
2.340000e-01  3.078893e-01
2.370000e-01  3.065813e-01
2.400000e-01  3.052923e-01
2.430000e-01  3.040217e-01
2.460000e-01  3.027690e-01
2.490000e-01  3.015338e-01
2.520000e-01  3.003155e-01
2.550000e-01  2.991138e-01
2.580000e-01  2.979283e-01
2.610000e-01  2.967584e-01
2.640000e-01  2.956039e-01
2.670000e-01  2.944644e-01
2.700000e-01  2.933394e-01
2.730000e-01  2.922287e-01
2.760000e-01  2.911319e-01
2.790000e-01  2.900487e-01
2.820000e-01  2.889787e-01
2.850000e-01  2.879217e-01
2.880000e-01  2.868773e-01
2.910000e-01  2.858453e-01
2.940000e-01  2.848254e-01
2.970000e-01  2.838173e-01
3.000000e-01  2.828208e-01
3.030000e-01  2.818357e-01
3.060000e-01  2.808616e-01
3.090000e-01  2.798983e-01
3.120000e-01  2.789456e-01
3.150000e-01  2.780033e-01
3.180000e-01  2.770712e-01
3.210000e-01  2.761491e-01
3.240000e-01  2.752367e-01
3.270000e-01  2.743339e-01
3.300000e-01  2.734404e-01
3.330000e-01  2.725562e-01
3.360000e-01  2.716809e-01
3.390000e-01  2.708144e-01
3.420000e-01  2.699567e-01
3.450000e-01  2.691074e-01
3.480000e-01  2.682665e-01
3.510000e-01  2.674337e-01
3.540000e-01  2.666089e-01
3.570000e-01  2.657920e-01
3.600000e-01  2.649829e-01
3.630000e-01  2.641813e-01
3.660000e-01  2.633872e-01
3.690000e-01  2.626004e-01
3.720000e-01  2.618208e-01
3.750000e-01  2.610483e-01
3.780000e-01  2.602827e-01
3.810000e-01  2.595239e-01
3.840000e-01  2.587718e-01
3.870000e-01  2.580263e-01
3.900000e-01  2.572873e-01
3.930000e-01  2.565546e-01
3.960000e-01  2.558282e-01
3.990000e-01  2.551079e-01
4.020000e-01  2.543937e-01
4.050000e-01  2.536855e-01
4.080000e-01  2.529830e-01
4.110000e-01  2.522864e-01
4.140000e-01  2.515954e-01
4.170000e-01  2.509100e-01
4.200000e-01  2.502301e-01
4.230000e-01  2.495556e-01
4.260000e-01  2.488864e-01
4.290000e-01  2.482225e-01
4.320000e-01  2.475637e-01
4.350000e-01  2.469100e-01
4.380000e-01  2.462612e-01
4.410000e-01  2.456174e-01
4.440000e-01  2.449785e-01
4.470000e-01  2.443443e-01
4.500000e-01  2.437149e-01
4.530000e-01  2.430900e-01
4.560000e-01  2.424698e-01
4.590000e-01  2.418541e-01
4.620000e-01  2.412427e-01
4.650000e-01  2.406358e-01
4.680000e-01  2.400332e-01
4.710000e-01  2.394348e-01
4.740000e-01  2.388406e-01
4.770000e-01  2.382506e-01
4.800000e-01  2.376646e-01
4.830000e-01  2.370827e-01
4.860000e-01  2.365047e-01
4.890000e-01  2.359306e-01
4.920000e-01  2.353604e-01
4.950000e-01  2.347939e-01
4.980000e-01  2.342313e-01
5.010000e-01  2.336723e-01
5.040000e-01  2.331170e-01
5.070000e-01  2.325653e-01
5.100000e-01  2.320172e-01
5.130000e-01  2.314725e-01
5.160000e-01  2.309313e-01
5.190000e-01  2.303936e-01
5.220000e-01  2.298592e-01
5.250000e-01  2.293282e-01
5.280000e-01  2.288004e-01
5.310000e-01  2.282759e-01
5.340000e-01  2.277546e-01
5.370000e-01  2.272365e-01
5.400000e-01  2.267215e-01
5.430000e-01  2.262096e-01
5.460000e-01  2.257007e-01
5.490000e-01  2.251949e-01
5.520000e-01  2.246920e-01
5.550000e-01  2.241921e-01
5.580000e-01  2.236951e-01
5.610000e-01  2.232009e-01
5.640000e-01  2.227096e-01
5.670000e-01  2.222211e-01
5.700000e-01  2.217354e-01
5.730000e-01  2.212524e-01
5.760000e-01  2.207721e-01
5.790000e-01  2.202945e-01
5.820000e-01  2.198195e-01
5.850000e-01  2.193471e-01
5.880000e-01  2.188773e-01
5.910000e-01  2.184101e-01
5.940000e-01  2.179454e-01
5.970000e-01  2.174831e-01
6.000000e-01  2.170234e-01
6.030000e-01  2.165660e-01
6.060000e-01  2.161111e-01
6.090000e-01  2.156586e-01
6.120000e-01  2.152084e-01
6.150000e-01  2.147606e-01
6.180000e-01  2.143150e-01
6.210000e-01  2.138718e-01
6.240000e-01  2.134308e-01
6.270000e-01  2.129920e-01
6.300000e-01  2.125554e-01
6.330000e-01  2.121211e-01
6.360000e-01  2.116888e-01
6.390000e-01  2.112587e-01
6.420000e-01  2.108308e-01
6.450000e-01  2.104049e-01
6.480000e-01  2.099810e-01
6.510000e-01  2.095593e-01
6.540000e-01  2.091395e-01
6.570000e-01  2.087218e-01
6.600000e-01  2.083060e-01
6.630000e-01  2.078922e-01
6.660000e-01  2.074803e-01
6.690000e-01  2.070704e-01
6.720000e-01  2.066624e-01
6.750000e-01  2.062562e-01
6.780000e-01  2.058519e-01
6.810000e-01  2.054495e-01
6.840000e-01  2.050489e-01
6.870000e-01  2.046501e-01
6.900000e-01  2.042530e-01
6.930000e-01  2.038578e-01
6.960000e-01  2.034643e-01
6.990000e-01  2.030725e-01
7.020000e-01  2.026825e-01
7.050000e-01  2.022941e-01
7.080000e-01  2.019075e-01
7.110000e-01  2.015225e-01
7.140000e-01  2.011392e-01
7.170000e-01  2.007575e-01
7.200000e-01  2.003774e-01
7.230000e-01  1.999990e-01
7.260000e-01  1.996221e-01
7.290000e-01  1.992468e-01
7.320000e-01  1.988730e-01
7.350000e-01  1.985008e-01
7.380000e-01  1.981302e-01
7.410000e-01  1.977610e-01
7.440000e-01  1.973934e-01
7.470000e-01  1.970272e-01
7.500000e-01  1.966625e-01
7.530000e-01  1.962993e-01
7.560000e-01  1.959375e-01
7.590000e-01  1.955772e-01
7.620000e-01  1.952182e-01
7.650000e-01  1.948607e-01
7.680000e-01  1.945046e-01
7.710000e-01  1.941498e-01
7.740000e-01  1.937964e-01
7.770000e-01  1.934444e-01
7.800000e-01  1.930937e-01
7.830000e-01  1.927444e-01
7.860000e-01  1.923963e-01
7.890000e-01  1.920496e-01
7.920000e-01  1.917041e-01
7.950000e-01  1.913600e-01
7.980000e-01  1.910171e-01
8.010000e-01  1.906755e-01
8.040000e-01  1.903351e-01
8.070000e-01  1.899960e-01
8.100000e-01  1.896581e-01
8.130000e-01  1.893214e-01
8.160000e-01  1.889859e-01
8.190000e-01  1.886516e-01
8.220000e-01  1.883185e-01
8.250000e-01  1.879865e-01
8.280000e-01  1.876558e-01
8.310000e-01  1.873262e-01
8.340000e-01  1.869977e-01
8.370000e-01  1.866703e-01
8.400000e-01  1.863441e-01
8.430000e-01  1.860190e-01
8.460000e-01  1.856950e-01
8.490000e-01  1.853721e-01
8.520000e-01  1.850503e-01
8.550000e-01  1.847295e-01
8.580000e-01  1.844098e-01
8.610000e-01  1.840912e-01
8.640000e-01  1.837736e-01
8.670000e-01  1.834571e-01
8.700000e-01  1.831416e-01
8.730000e-01  1.828271e-01
8.760000e-01  1.825136e-01
8.790000e-01  1.822012e-01
8.820000e-01  1.818897e-01
8.850000e-01  1.815792e-01
8.880000e-01  1.812697e-01
8.910000e-01  1.809612e-01
8.940000e-01  1.806536e-01
8.970000e-01  1.803470e-01
9.000000e-01  1.800413e-01
9.030000e-01  1.797366e-01
9.060000e-01  1.794328e-01
9.090000e-01  1.791299e-01
9.120000e-01  1.788280e-01
9.150000e-01  1.785269e-01
9.180000e-01  1.782268e-01
9.210000e-01  1.779275e-01
9.240000e-01  1.776292e-01
9.270000e-01  1.773317e-01
9.300000e-01  1.770351e-01
9.330000e-01  1.767393e-01
9.360000e-01  1.764444e-01
9.390000e-01  1.761503e-01
9.420000e-01  1.758571e-01
9.450000e-01  1.755648e-01
9.480000e-01  1.752732e-01
9.510000e-01  1.749825e-01
9.540000e-01  1.746926e-01
9.570000e-01  1.744035e-01
9.600000e-01  1.741152e-01
9.630000e-01  1.738277e-01
9.660000e-01  1.735410e-01
9.690000e-01  1.732551e-01
9.720000e-01  1.729699e-01
9.750000e-01  1.726855e-01
9.780000e-01  1.724019e-01
9.810000e-01  1.721191e-01
9.840000e-01  1.718370e-01
9.870000e-01  1.715556e-01
9.900000e-01  1.712750e-01
9.930000e-01  1.709951e-01
9.960000e-01  1.707159e-01
9.990000e-01  1.704375e-01
