000000  000001
3.000000e-03  7.091813e-01
6.000000e-03  6.160101e-01
9.000000e-03  5.612208e-01
1.200000e-02  5.230226e-01
1.500000e-02  4.940068e-01
1.800000e-02  4.707823e-01
2.100000e-02  4.515226e-01
2.400000e-02  4.351362e-01
2.700000e-02  4.209205e-01
3.000000e-02  4.083982e-01
3.300000e-02  3.972309e-01
3.600000e-02  3.871704e-01
3.900000e-02  3.780296e-01
4.200000e-02  3.696640e-01
4.500000e-02  3.619599e-01
4.800000e-02  3.548264e-01
5.100000e-02  3.481898e-01
5.400000e-02  3.419891e-01
5.700000e-02  3.361740e-01
6.000000e-02  3.307019e-01
6.300000e-02  3.255369e-01
6.600000e-02  3.206482e-01
6.900000e-02  3.160093e-01
7.200000e-02  3.115973e-01
7.500000e-02  3.073921e-01
7.800000e-02  3.033762e-01
8.100000e-02  2.995342e-01
8.400000e-02  2.958523e-01
8.700000e-02  2.923182e-01
9.000000e-02  2.889212e-01
9.300000e-02  2.856514e-01
9.600000e-02  2.825001e-01
9.900000e-02  2.794593e-01
1.020000e-01  2.765217e-01
1.050000e-01  2.736810e-01
1.080000e-01  2.709310e-01
1.110000e-01  2.682665e-01
1.140000e-01  2.656823e-01
1.170000e-01  2.631739e-01
1.200000e-01  2.607371e-01
1.230000e-01  2.583680e-01
1.260000e-01  2.560631e-01
1.290000e-01  2.538190e-01
1.320000e-01  2.516326e-01
1.350000e-01  2.495012e-01
1.380000e-01  2.474219e-01
1.410000e-01  2.453924e-01
1.440000e-01  2.434103e-01
1.470000e-01  2.414735e-01
1.500000e-01  2.395800e-01
1.530000e-01  2.377278e-01
1.560000e-01  2.359151e-01
1.590000e-01  2.341404e-01
1.620000e-01  2.324020e-01
1.650000e-01  2.306984e-01
1.680000e-01  2.290282e-01
1.710000e-01  2.273902e-01
1.740000e-01  2.257831e-01
1.770000e-01  2.242056e-01
1.800000e-01  2.226567e-01
1.830000e-01  2.211353e-01
1.860000e-01  2.196404e-01
1.890000e-01  2.181711e-01
1.920000e-01  2.167265e-01
1.950000e-01  2.153056e-01
1.980000e-01  2.139076e-01
2.010000e-01  2.125319e-01
2.040000e-01  2.111776e-01
2.070000e-01  2.098440e-01
2.100000e-01  2.085305e-01
2.130000e-01  2.072364e-01
2.160000e-01  2.059610e-01
2.190000e-01  2.047038e-01
2.220000e-01  2.034643e-01
2.250000e-01  2.022418e-01
2.280000e-01  2.010359e-01
2.310000e-01  1.998460e-01
2.340000e-01  1.986717e-01
2.370000e-01  1.975125e-01
2.400000e-01  1.963679e-01
2.430000e-01  1.952376e-01
2.460000e-01  1.941211e-01
2.490000e-01  1.930181e-01
2.520000e-01  1.919281e-01
2.550000e-01  1.908508e-01
2.580000e-01  1.897858e-01
2.610000e-01  1.887328e-01
2.640000e-01  1.876915e-01
2.670000e-01  1.866615e-01
2.700000e-01  1.856426e-01
2.730000e-01  1.846344e-01
2.760000e-01  1.836366e-01
2.790000e-01  1.826491e-01
2.820000e-01  1.816714e-01
2.850000e-01  1.807034e-01
2.880000e-01  1.797448e-01
2.910000e-01  1.787954e-01
2.940000e-01  1.778549e-01
2.970000e-01  1.769230e-01
3.000000e-01  1.759997e-01
3.030000e-01  1.750846e-01
3.060000e-01  1.741775e-01
3.090000e-01  1.732782e-01
3.120000e-01  1.723866e-01
3.150000e-01  1.715025e-01
3.180000e-01  1.706255e-01
3.210000e-01  1.697557e-01
3.240000e-01  1.688927e-01
3.270000e-01  1.680365e-01
3.300000e-01  1.671868e-01
3.330000e-01  1.663435e-01
3.360000e-01  1.655064e-01
3.390000e-01  1.646754e-01
3.420000e-01  1.638503e-01
3.450000e-01  1.630309e-01
3.480000e-01  1.622172e-01
3.510000e-01  1.614089e-01
3.540000e-01  1.606059e-01
3.570000e-01  1.598081e-01
3.600000e-01  1.590153e-01
3.630000e-01  1.582275e-01
3.660000e-01  1.574444e-01
3.690000e-01  1.566660e-01
3.720000e-01  1.558921e-01
3.750000e-01  1.551227e-01
3.780000e-01  1.543574e-01
3.810000e-01  1.535964e-01
3.840000e-01  1.528394e-01
3.870000e-01  1.520863e-01
3.900000e-01  1.513370e-01
3.930000e-01  1.505914e-01
3.960000e-01  1.498493e-01
3.990000e-01  1.491108e-01
4.020000e-01  1.483755e-01
4.050000e-01  1.476436e-01
4.080000e-01  1.469147e-01
4.110000e-01  1.461889e-01
4.140000e-01  1.454660e-01
4.170000e-01  1.447459e-01
4.200000e-01  1.440285e-01
4.230000e-01  1.433137e-01
4.260000e-01  1.426014e-01
4.290000e-01  1.418915e-01
4.320000e-01  1.411839e-01
4.350000e-01  1.404785e-01
4.380000e-01  1.397751e-01
4.410000e-01  1.390737e-01
4.440000e-01  1.383742e-01
4.470000e-01  1.376764e-01
4.500000e-01  1.369802e-01
4.530000e-01  1.362857e-01
4.560000e-01  1.355925e-01
4.590000e-01  1.349006e-01
4.620000e-01  1.342100e-01
4.650000e-01  1.335205e-01
4.680000e-01  1.328319e-01
4.710000e-01  1.321443e-01
4.740000e-01  1.314573e-01
4.770000e-01  1.307711e-01
4.800000e-01  1.300853e-01
4.830000e-01  1.293999e-01
4.860000e-01  1.287148e-01
4.890000e-01  000000
4.920000e-01  000000
4.950000e-01  000000
4.980000e-01  000000
5.010000e-01  000000
5.040000e-01  000000
5.070000e-01  000000
5.100000e-01  000000
5.130000e-01  000000
5.160000e-01  000000
5.190000e-01  000000
5.220000e-01  000000
5.250000e-01  000000
5.280000e-01  000000
5.310000e-01  000000
5.340000e-01  000000
5.370000e-01  000000
5.400000e-01  000000
5.430000e-01  000000
5.460000e-01  000000
5.490000e-01  000000
5.520000e-01  000000
5.550000e-01  000000
5.580000e-01  000000
5.610000e-01  000000
5.640000e-01  000000
5.670000e-01  000000
5.700000e-01  000000
5.730000e-01  000000
5.760000e-01  000000
5.790000e-01  000000
5.820000e-01  000000
5.850000e-01  000000
5.880000e-01  000000
5.910000e-01  000000
5.940000e-01  000000
5.970000e-01  000000
6.000000e-01  000000
6.030000e-01  000000
6.060000e-01  000000
6.090000e-01  000000
6.120000e-01  000000
6.150000e-01  000000
6.180000e-01  000000
6.210000e-01  000000
6.240000e-01  000000
6.270000e-01  000000
6.300000e-01  000000
6.330000e-01  000000
6.360000e-01  000000
6.390000e-01  000000
6.420000e-01  000000
6.450000e-01  000000
6.480000e-01  000000
6.510000e-01  000000
6.540000e-01  000000
6.570000e-01  000000
6.600000e-01  000000
6.630000e-01  000000
6.660000e-01  000000
6.690000e-01  000000
6.720000e-01  000000
6.750000e-01  000000
6.780000e-01  000000
6.810000e-01  000000
6.840000e-01  000000
6.870000e-01  000000
6.900000e-01  000000
6.930000e-01  000000
6.960000e-01  000000
6.990000e-01  000000
7.020000e-01  000000
7.050000e-01  000000
7.080000e-01  000000
7.110000e-01  000000
7.140000e-01  000000
7.170000e-01  000000
7.200000e-01  000000
7.230000e-01  000000
7.260000e-01  000000
7.290000e-01  000000
7.320000e-01  000000
7.350000e-01  000000
7.380000e-01  000000
7.410000e-01  000000
7.440000e-01  000000
7.470000e-01  000000
7.500000e-01  000000
7.530000e-01  000000
7.560000e-01  000000
7.590000e-01  000000
7.620000e-01  000000
7.650000e-01  000000
7.680000e-01  000000
7.710000e-01  000000
7.740000e-01  000000
7.770000e-01  000000
7.800000e-01  000000
7.830000e-01  000000
7.860000e-01  000000
7.890000e-01  000000
7.920000e-01  000000
7.950000e-01  000000
7.980000e-01  000000
8.010000e-01  000000
8.040000e-01  000000
8.070000e-01  000000
8.100000e-01  000000
8.130000e-01  000000
8.160000e-01  000000
8.190000e-01  000000
8.220000e-01  000000
8.250000e-01  000000
8.280000e-01  000000
8.310000e-01  000000
8.340000e-01  000000
8.370000e-01  000000
8.400000e-01  000000
8.430000e-01  000000
8.460000e-01  000000
8.490000e-01  000000
8.520000e-01  000000
8.550000e-01  000000
8.580000e-01  000000
8.610000e-01  000000
8.640000e-01  000000
8.670000e-01  000000
8.700000e-01  000000
8.730000e-01  000000
8.760000e-01  000000
8.790000e-01  000000
8.820000e-01  000000
8.850000e-01  000000
8.880000e-01  000000
8.910000e-01  000000
8.940000e-01  000000
8.970000e-01  000000
9.000000e-01  000000
9.030000e-01  000000
9.060000e-01  000000
9.090000e-01  000000
9.120000e-01  000000
9.150000e-01  000000
9.180000e-01  000000
9.210000e-01  000000
9.240000e-01  000000
9.270000e-01  000000
9.300000e-01  000000
9.330000e-01  000000
9.360000e-01  000000
9.390000e-01  000000
9.420000e-01  000000
9.450000e-01  000000
9.480000e-01  000000
9.510000e-01  000000
9.540000e-01  000000
9.570000e-01  000000
9.600000e-01  000000
9.630000e-01  000000
9.660000e-01  000000
9.690000e-01  000000
9.720000e-01  000000
9.750000e-01  000000
9.780000e-01  000000
9.810000e-01  000000
9.840000e-01  000000
9.870000e-01  000000
9.900000e-01  000000
9.930000e-01  000000
9.960000e-01  000000
9.990000e-01  000000
