000000  000001
3.000000e-03  5.782649e-01
6.000000e-03  4.868794e-01
9.000000e-03  4.362279e-01
1.200000e-02  4.018686e-01
1.500000e-02  3.761760e-01
1.800000e-02  3.558135e-01
2.100000e-02  3.390362e-01
2.400000e-02  3.248222e-01
2.700000e-02  3.125246e-01
3.000000e-02  3.017092e-01
3.300000e-02  2.920712e-01
3.600000e-02  2.833889e-01
3.900000e-02  2.754964e-01
4.200000e-02  2.682665e-01
4.500000e-02  2.615994e-01
4.800000e-02  2.554159e-01
5.100000e-02  2.496517e-01
5.400000e-02  2.442541e-01
5.700000e-02  2.391797e-01
6.000000e-02  2.343917e-01
6.300000e-02  2.298592e-01
6.600000e-02  2.255559e-01
6.900000e-02  2.214591e-01
7.200000e-02  2.175490e-01
7.500000e-02  2.138086e-01
7.800000e-02  2.102230e-01
8.100000e-02  2.067788e-01
8.400000e-02  2.034643e-01
8.700000e-02  2.002691e-01
9.000000e-02  1.971840e-01
9.300000e-02  1.942004e-01
9.600000e-02  1.913109e-01
9.900000e-02  1.885087e-01
1.020000e-01  1.857875e-01
1.050000e-01  1.831416e-01
1.080000e-01  1.805659e-01
1.110000e-01  1.780557e-01
1.140000e-01  1.756065e-01
1.170000e-01  1.732143e-01
1.200000e-01  1.708754e-01
1.230000e-01  1.685862e-01
1.260000e-01  1.663435e-01
1.290000e-01  1.641443e-01
1.320000e-01  1.619857e-01
1.350000e-01  1.598649e-01
1.380000e-01  1.577795e-01
1.410000e-01  1.557269e-01
1.440000e-01  1.537049e-01
1.470000e-01  1.517112e-01
1.500000e-01  1.497436e-01
1.530000e-01  1.478001e-01
1.560000e-01  1.458787e-01
1.590000e-01  1.439774e-01
1.620000e-01  1.420941e-01
1.650000e-01  1.402270e-01
1.680000e-01  1.383742e-01
1.710000e-01  1.365336e-01
1.740000e-01  1.347032e-01
1.770000e-01  1.328811e-01
1.800000e-01  1.310651e-01
1.830000e-01  1.292531e-01
1.860000e-01  000000
1.890000e-01  000000
1.920000e-01  000000
1.950000e-01  000000
1.980000e-01  000000
2.010000e-01  000000
2.040000e-01  000000
2.070000e-01  000000
2.100000e-01  000000
2.130000e-01  000000
2.160000e-01  000000
2.190000e-01  000000
2.220000e-01  000000
2.250000e-01  000000
2.280000e-01  000000
2.310000e-01  000000
2.340000e-01  000000
2.370000e-01  000000
2.400000e-01  000000
2.430000e-01  000000
2.460000e-01  000000
2.490000e-01  000000
2.520000e-01  000000
2.550000e-01  000000
2.580000e-01  000000
2.610000e-01  000000
2.640000e-01  000000
2.670000e-01  000000
2.700000e-01  000000
2.730000e-01  000000
2.760000e-01  000000
2.790000e-01  000000
2.820000e-01  000000
2.850000e-01  000000
2.880000e-01  000000
2.910000e-01  000000
2.940000e-01  000000
2.970000e-01  000000
3.000000e-01  000000
3.030000e-01  000000
3.060000e-01  000000
3.090000e-01  000000
3.120000e-01  000000
3.150000e-01  000000
3.180000e-01  000000
3.210000e-01  000000
3.240000e-01  000000
3.270000e-01  000000
3.300000e-01  000000
3.330000e-01  000000
3.360000e-01  000000
3.390000e-01  000000
3.420000e-01  000000
3.450000e-01  000000
3.480000e-01  000000
3.510000e-01  000000
3.540000e-01  000000
3.570000e-01  000000
3.600000e-01  000000
3.630000e-01  000000
3.660000e-01  000000
3.690000e-01  000000
3.720000e-01  000000
3.750000e-01  000000
3.780000e-01  000000
3.810000e-01  000000
3.840000e-01  000000
3.870000e-01  000000
3.900000e-01  000000
3.930000e-01  000000
3.960000e-01  000000
3.990000e-01  000000
4.020000e-01  000000
4.050000e-01  000000
4.080000e-01  000000
4.110000e-01  000000
4.140000e-01  000000
4.170000e-01  000000
4.200000e-01  000000
4.230000e-01  000000
4.260000e-01  000000
4.290000e-01  000000
4.320000e-01  000000
4.350000e-01  000000
4.380000e-01  000000
4.410000e-01  000000
4.440000e-01  000000
4.470000e-01  000000
4.500000e-01  000000
4.530000e-01  000000
4.560000e-01  000000
4.590000e-01  000000
4.620000e-01  000000
4.650000e-01  000000
4.680000e-01  000000
4.710000e-01  000000
4.740000e-01  000000
4.770000e-01  000000
4.800000e-01  000000
4.830000e-01  000000
4.860000e-01  000000
4.890000e-01  000000
4.920000e-01  000000
4.950000e-01  000000
4.980000e-01  000000
5.010000e-01  000000
5.040000e-01  000000
5.070000e-01  000000
5.100000e-01  000000
5.130000e-01  000000
5.160000e-01  000000
5.190000e-01  000000
5.220000e-01  000000
5.250000e-01  000000
5.280000e-01  000000
5.310000e-01  000000
5.340000e-01  000000
5.370000e-01  000000
5.400000e-01  000000
5.430000e-01  000000
5.460000e-01  000000
5.490000e-01  000000
5.520000e-01  000000
5.550000e-01  000000
5.580000e-01  000000
5.610000e-01  000000
5.640000e-01  000000
5.670000e-01  000000
5.700000e-01  000000
5.730000e-01  000000
5.760000e-01  000000
5.790000e-01  000000
5.820000e-01  000000
5.850000e-01  000000
5.880000e-01  000000
5.910000e-01  000000
5.940000e-01  000000
5.970000e-01  000000
6.000000e-01  000000
6.030000e-01  000000
6.060000e-01  000000
6.090000e-01  000000
6.120000e-01  000000
6.150000e-01  000000
6.180000e-01  000000
6.210000e-01  000000
6.240000e-01  000000
6.270000e-01  000000
6.300000e-01  000000
6.330000e-01  000000
6.360000e-01  000000
6.390000e-01  000000
6.420000e-01  000000
6.450000e-01  000000
6.480000e-01  000000
6.510000e-01  000000
6.540000e-01  000000
6.570000e-01  000000
6.600000e-01  000000
6.630000e-01  000000
6.660000e-01  000000
6.690000e-01  000000
6.720000e-01  000000
6.750000e-01  000000
6.780000e-01  000000
6.810000e-01  000000
6.840000e-01  000000
6.870000e-01  000000
6.900000e-01  000000
6.930000e-01  000000
6.960000e-01  000000
6.990000e-01  000000
7.020000e-01  000000
7.050000e-01  000000
7.080000e-01  000000
7.110000e-01  000000
7.140000e-01  000000
7.170000e-01  000000
7.200000e-01  000000
7.230000e-01  000000
7.260000e-01  000000
7.290000e-01  000000
7.320000e-01  000000
7.350000e-01  000000
7.380000e-01  000000
7.410000e-01  000000
7.440000e-01  000000
7.470000e-01  000000
7.500000e-01  000000
7.530000e-01  000000
7.560000e-01  000000
7.590000e-01  000000
7.620000e-01  000000
7.650000e-01  000000
7.680000e-01  000000
7.710000e-01  000000
7.740000e-01  000000
7.770000e-01  000000
7.800000e-01  000000
7.830000e-01  000000
7.860000e-01  000000
7.890000e-01  000000
7.920000e-01  000000
7.950000e-01  000000
7.980000e-01  000000
8.010000e-01  000000
8.040000e-01  000000
8.070000e-01  000000
8.100000e-01  000000
8.130000e-01  000000
8.160000e-01  000000
8.190000e-01  000000
8.220000e-01  000000
8.250000e-01  000000
8.280000e-01  000000
8.310000e-01  000000
8.340000e-01  000000
8.370000e-01  000000
8.400000e-01  000000
8.430000e-01  000000
8.460000e-01  000000
8.490000e-01  000000
8.520000e-01  000000
8.550000e-01  000000
8.580000e-01  000000
8.610000e-01  000000
8.640000e-01  000000
8.670000e-01  000000
8.700000e-01  000000
8.730000e-01  000000
8.760000e-01  000000
8.790000e-01  000000
8.820000e-01  000000
8.850000e-01  000000
8.880000e-01  000000
8.910000e-01  000000
8.940000e-01  000000
8.970000e-01  000000
9.000000e-01  000000
9.030000e-01  000000
9.060000e-01  000000
9.090000e-01  000000
9.120000e-01  000000
9.150000e-01  000000
9.180000e-01  000000
9.210000e-01  000000
9.240000e-01  000000
9.270000e-01  000000
9.300000e-01  000000
9.330000e-01  000000
9.360000e-01  000000
9.390000e-01  000000
9.420000e-01  000000
9.450000e-01  000000
9.480000e-01  000000
9.510000e-01  000000
9.540000e-01  000000
9.570000e-01  000000
9.600000e-01  000000
9.630000e-01  000000
9.660000e-01  000000
9.690000e-01  000000
9.720000e-01  000000
9.750000e-01  000000
9.780000e-01  000000
9.810000e-01  000000
9.840000e-01  000000
9.870000e-01  000000
9.900000e-01  000000
9.930000e-01  000000
9.960000e-01  000000
9.990000e-01  000000
