000000  000001
3.000000e-03  7.705592e-01
6.000000e-03  6.813631e-01
9.000000e-03  6.265957e-01
1.200000e-02  5.875818e-01
1.500000e-02  5.575512e-01
1.800000e-02  5.332956e-01
2.100000e-02  5.130479e-01
2.400000e-02  4.957347e-01
2.700000e-02  4.806563e-01
3.000000e-02  4.673330e-01
3.300000e-02  4.554217e-01
3.600000e-02  4.446691e-01
3.900000e-02  4.348830e-01
4.200000e-02  4.259147e-01
4.500000e-02  4.176463e-01
4.800000e-02  4.099832e-01
5.100000e-02  4.028485e-01
5.400000e-02  3.961786e-01
5.700000e-02  3.899203e-01
6.000000e-02  3.840292e-01
6.300000e-02  3.784672e-01
6.600000e-02  3.732018e-01
6.900000e-02  3.682050e-01
7.200000e-02  3.634524e-01
7.500000e-02  3.589228e-01
7.800000e-02  3.545976e-01
8.100000e-02  3.504601e-01
8.400000e-02  3.464959e-01
8.700000e-02  3.426918e-01
9.000000e-02  3.390362e-01
9.300000e-02  3.355186e-01
9.600000e-02  3.321297e-01
9.900000e-02  3.288609e-01
1.020000e-01  3.257044e-01
1.050000e-01  3.226533e-01
1.080000e-01  3.197012e-01
1.110000e-01  3.168421e-01
1.140000e-01  3.140708e-01
1.170000e-01  3.113823e-01
1.200000e-01  3.087720e-01
1.230000e-01  3.062358e-01
1.260000e-01  3.037698e-01
1.290000e-01  3.013704e-01
1.320000e-01  2.990343e-01
1.350000e-01  2.967584e-01
1.380000e-01  2.945399e-01
1.410000e-01  2.923760e-01
1.440000e-01  2.902642e-01
1.470000e-01  2.882023e-01
1.500000e-01  2.861879e-01
1.530000e-01  2.842192e-01
1.560000e-01  2.822940e-01
1.590000e-01  2.804107e-01
1.620000e-01  2.785675e-01
1.650000e-01  2.767628e-01
1.680000e-01  2.749950e-01
1.710000e-01  2.732628e-01
1.740000e-01  2.715649e-01
1.770000e-01  2.698998e-01
1.800000e-01  2.682665e-01
1.830000e-01  2.666637e-01
1.860000e-01  2.650903e-01
1.890000e-01  2.635455e-01
1.920000e-01  2.620280e-01
1.950000e-01  2.605371e-01
1.980000e-01  2.590719e-01
2.010000e-01  2.576314e-01
2.040000e-01  2.562148e-01
2.070000e-01  2.548215e-01
2.100000e-01  2.534507e-01
2.130000e-01  2.521016e-01
2.160000e-01  2.507736e-01
2.190000e-01  2.494661e-01
2.220000e-01  2.481784e-01
2.250000e-01  2.469100e-01
2.280000e-01  2.456602e-01
2.310000e-01  2.444286e-01
2.340000e-01  2.432146e-01
2.370000e-01  2.420178e-01
2.400000e-01  2.408376e-01
2.430000e-01  2.396737e-01
2.460000e-01  2.385254e-01
2.490000e-01  2.373925e-01
2.520000e-01  2.362746e-01
2.550000e-01  2.351711e-01
2.580000e-01  2.340819e-01
2.610000e-01  2.330064e-01
2.640000e-01  2.319443e-01
2.670000e-01  2.308954e-01
2.700000e-01  2.298592e-01
2.730000e-01  2.288355e-01
2.760000e-01  2.278240e-01
2.790000e-01  2.268243e-01
2.820000e-01  2.258361e-01
2.850000e-01  2.248593e-01
2.880000e-01  2.238936e-01
2.910000e-01  2.229386e-01
2.940000e-01  2.219941e-01
2.970000e-01  2.210599e-01
3.000000e-01  2.201358e-01
3.030000e-01  2.192216e-01
3.060000e-01  2.183169e-01
3.090000e-01  2.174217e-01
3.120000e-01  2.165356e-01
3.150000e-01  2.156586e-01
3.180000e-01  2.147904e-01
3.210000e-01  2.139308e-01
3.240000e-01  2.130796e-01
3.270000e-01  2.122367e-01
3.300000e-01  2.114019e-01
3.330000e-01  2.105750e-01
3.360000e-01  2.097558e-01
3.390000e-01  2.089443e-01
3.420000e-01  2.081403e-01
3.450000e-01  2.073435e-01
3.480000e-01  2.065539e-01
3.510000e-01  2.057713e-01
3.540000e-01  2.049956e-01
3.570000e-01  2.042266e-01
3.600000e-01  2.034643e-01
3.630000e-01  2.027084e-01
3.660000e-01  2.019590e-01
3.690000e-01  2.012157e-01
3.720000e-01  2.004786e-01
3.750000e-01  1.997475e-01
3.780000e-01  1.990224e-01
3.810000e-01  1.983030e-01
3.840000e-01  1.975893e-01
3.870000e-01  1.968812e-01
3.900000e-01  1.961785e-01
3.930000e-01  1.954813e-01
3.960000e-01  1.947894e-01
3.990000e-01  1.941026e-01
4.020000e-01  1.934210e-01
4.050000e-01  1.927444e-01
4.080000e-01  1.920727e-01
4.110000e-01  1.914058e-01
4.140000e-01  1.907437e-01
4.170000e-01  1.900863e-01
4.200000e-01  1.894335e-01
4.230000e-01  1.887852e-01
4.260000e-01  1.881413e-01
4.290000e-01  1.875018e-01
4.320000e-01  1.868666e-01
4.350000e-01  1.862356e-01
4.380000e-01  1.856088e-01
4.410000e-01  1.849860e-01
4.440000e-01  1.843673e-01
4.470000e-01  1.837525e-01
4.500000e-01  1.831416e-01
4.530000e-01  1.825345e-01
4.560000e-01  1.819312e-01
4.590000e-01  1.813315e-01
4.620000e-01  1.807356e-01
4.650000e-01  1.801431e-01
4.680000e-01  1.795542e-01
4.710000e-01  1.789688e-01
4.740000e-01  1.783868e-01
4.770000e-01  1.778081e-01
4.800000e-01  1.772327e-01
4.830000e-01  1.766606e-01
4.860000e-01  1.760916e-01
4.890000e-01  1.755258e-01
4.920000e-01  1.749632e-01
4.950000e-01  1.744035e-01
4.980000e-01  1.738469e-01
5.010000e-01  1.732932e-01
5.040000e-01  1.727424e-01
5.070000e-01  1.721944e-01
5.100000e-01  1.716493e-01
5.130000e-01  1.711070e-01
5.160000e-01  1.705673e-01
5.190000e-01  1.700304e-01
5.220000e-01  1.694961e-01
5.250000e-01  1.689644e-01
5.280000e-01  1.684353e-01
5.310000e-01  1.679086e-01
5.340000e-01  1.673845e-01
5.370000e-01  1.668628e-01
5.400000e-01  1.663435e-01
5.430000e-01  1.658266e-01
5.460000e-01  1.653120e-01
5.490000e-01  1.647997e-01
5.520000e-01  1.642896e-01
5.550000e-01  1.637818e-01
5.580000e-01  1.632761e-01
5.610000e-01  1.627726e-01
5.640000e-01  1.622712e-01
5.670000e-01  1.617719e-01
5.700000e-01  1.612747e-01
5.730000e-01  1.607794e-01
5.760000e-01  1.602862e-01
5.790000e-01  1.597948e-01
5.820000e-01  1.593054e-01
5.850000e-01  1.588179e-01
5.880000e-01  1.583323e-01
5.910000e-01  1.578484e-01
5.940000e-01  1.573664e-01
5.970000e-01  1.568861e-01
6.000000e-01  1.564076e-01
6.030000e-01  1.559307e-01
6.060000e-01  1.554556e-01
6.090000e-01  1.549821e-01
6.120000e-01  1.545101e-01
6.150000e-01  1.540398e-01
6.180000e-01  1.535711e-01
6.210000e-01  1.531039e-01
6.240000e-01  1.526382e-01
6.270000e-01  1.521739e-01
6.300000e-01  1.517112e-01
6.330000e-01  1.512498e-01
6.360000e-01  1.507898e-01
6.390000e-01  1.503313e-01
6.420000e-01  1.498740e-01
6.450000e-01  1.494181e-01
6.480000e-01  1.489635e-01
6.510000e-01  1.485101e-01
6.540000e-01  1.480580e-01
6.570000e-01  1.476070e-01
6.600000e-01  1.471573e-01
6.630000e-01  1.467088e-01
6.660000e-01  1.462614e-01
6.690000e-01  1.458150e-01
6.720000e-01  1.453698e-01
6.750000e-01  1.449257e-01
6.780000e-01  1.444826e-01
6.810000e-01  1.440405e-01
6.840000e-01  1.435993e-01
6.870000e-01  1.431592e-01
6.900000e-01  1.427200e-01
6.930000e-01  1.422817e-01
6.960000e-01  1.418443e-01
6.990000e-01  1.414078e-01
7.020000e-01  1.409721e-01
7.050000e-01  1.405372e-01
7.080000e-01  1.401031e-01
7.110000e-01  1.396698e-01
7.140000e-01  1.392372e-01
7.170000e-01  1.388053e-01
7.200000e-01  1.383742e-01
7.230000e-01  1.379437e-01
7.260000e-01  1.375138e-01
7.290000e-01  1.370846e-01
7.320000e-01  1.366559e-01
7.350000e-01  1.362278e-01
7.380000e-01  1.358003e-01
7.410000e-01  1.353733e-01
7.440000e-01  1.349467e-01
7.470000e-01  1.345207e-01
7.500000e-01  1.340950e-01
7.530000e-01  1.336698e-01
7.560000e-01  1.332450e-01
7.590000e-01  1.328205e-01
7.620000e-01  1.323963e-01
7.650000e-01  1.319725e-01
7.680000e-01  1.315489e-01
7.710000e-01  1.311256e-01
7.740000e-01  1.307025e-01
7.770000e-01  1.302795e-01
7.800000e-01  1.298568e-01
7.830000e-01  1.294342e-01
7.860000e-01  1.290116e-01
7.890000e-01  1.285892e-01
7.920000e-01  1.281668e-01
7.950000e-01  000000
7.980000e-01  000000
8.010000e-01  000000
8.040000e-01  000000
8.070000e-01  000000
8.100000e-01  000000
8.130000e-01  000000
8.160000e-01  000000
8.190000e-01  000000
8.220000e-01  000000
8.250000e-01  000000
8.280000e-01  000000
8.310000e-01  000000
8.340000e-01  000000
8.370000e-01  000000
8.400000e-01  000000
8.430000e-01  000000
8.460000e-01  000000
8.490000e-01  000000
8.520000e-01  000000
8.550000e-01  000000
8.580000e-01  000000
8.610000e-01  000000
8.640000e-01  000000
8.670000e-01  000000
8.700000e-01  000000
8.730000e-01  000000
8.760000e-01  000000
8.790000e-01  000000
8.820000e-01  000000
8.850000e-01  000000
8.880000e-01  000000
8.910000e-01  000000
8.940000e-01  000000
8.970000e-01  000000
9.000000e-01  000000
9.030000e-01  000000
9.060000e-01  000000
9.090000e-01  000000
9.120000e-01  000000
9.150000e-01  000000
9.180000e-01  000000
9.210000e-01  000000
9.240000e-01  000000
9.270000e-01  000000
9.300000e-01  000000
9.330000e-01  000000
9.360000e-01  000000
9.390000e-01  000000
9.420000e-01  000000
9.450000e-01  000000
9.480000e-01  000000
9.510000e-01  000000
9.540000e-01  000000
9.570000e-01  000000
9.600000e-01  000000
9.630000e-01  000000
9.660000e-01  000000
9.690000e-01  000000
9.720000e-01  000000
9.750000e-01  000000
9.780000e-01  000000
9.810000e-01  000000
9.840000e-01  000000
9.870000e-01  000000
9.900000e-01  000000
9.930000e-01  000000
9.960000e-01  000000
9.990000e-01  000000
