000000  000001
3.000000e-03  8.643945e-01
6.000000e-03  7.914823e-01
9.000000e-03  7.419278e-01
1.200000e-02  7.046597e-01
1.500000e-02  6.749590e-01
1.800000e-02  6.503753e-01
2.100000e-02  6.294742e-01
2.400000e-02  6.113446e-01
2.700000e-02  5.953727e-01
3.000000e-02  5.811255e-01
3.300000e-02  5.682869e-01
3.600000e-02  5.566188e-01
3.900000e-02  5.459380e-01
4.200000e-02  5.361003e-01
4.500000e-02  5.269905e-01
4.800000e-02  5.185149e-01
5.100000e-02  5.105967e-01
5.400000e-02  5.031716e-01
5.700000e-02  4.961859e-01
6.000000e-02  4.895939e-01
6.300000e-02  4.833566e-01
6.600000e-02  4.774402e-01
6.900000e-02  4.718157e-01
7.200000e-02  4.664575e-01
7.500000e-02  4.613433e-01
7.800000e-02  4.564534e-01
8.100000e-02  4.517702e-01
8.400000e-02  4.472783e-01
8.700000e-02  4.429637e-01
9.000000e-02  4.388139e-01
9.300000e-02  4.348176e-01
9.600000e-02  4.309648e-01
9.900000e-02  4.272462e-01
1.020000e-01  4.236535e-01
1.050000e-01  4.201789e-01
1.080000e-01  4.168155e-01
1.110000e-01  4.135570e-01
1.140000e-01  4.103973e-01
1.170000e-01  4.073313e-01
1.200000e-01  4.043537e-01
1.230000e-01  4.014602e-01
1.260000e-01  3.986462e-01
1.290000e-01  3.959080e-01
1.320000e-01  3.932419e-01
1.350000e-01  3.906443e-01
1.380000e-01  3.881121e-01
1.410000e-01  3.856424e-01
1.440000e-01  3.832323e-01
1.470000e-01  3.808792e-01
1.500000e-01  3.785807e-01
1.530000e-01  3.763345e-01
1.560000e-01  3.741384e-01
1.590000e-01  3.719903e-01
1.620000e-01  3.698885e-01
1.650000e-01  3.678310e-01
1.680000e-01  3.658162e-01
1.710000e-01  3.638424e-01
1.740000e-01  3.619081e-01
1.770000e-01  3.600119e-01
1.800000e-01  3.581524e-01
1.830000e-01  3.563284e-01
1.860000e-01  3.545385e-01
1.890000e-01  3.527816e-01
1.920000e-01  3.510566e-01
1.950000e-01  3.493624e-01
1.980000e-01  3.476980e-01
2.010000e-01  3.460625e-01
2.040000e-01  3.444549e-01
2.070000e-01  3.428744e-01
2.100000e-01  3.413202e-01
2.130000e-01  3.397913e-01
2.160000e-01  3.382871e-01
2.190000e-01  3.368068e-01
2.220000e-01  3.353498e-01
2.250000e-01  3.339153e-01
2.280000e-01  3.325028e-01
2.310000e-01  3.311115e-01
2.340000e-01  3.297409e-01
2.370000e-01  3.283905e-01
2.400000e-01  3.270596e-01
2.430000e-01  3.257478e-01
2.460000e-01  3.244546e-01
2.490000e-01  3.231794e-01
2.520000e-01  3.219219e-01
2.550000e-01  3.206814e-01
2.580000e-01  3.194578e-01
2.610000e-01  3.182504e-01
2.640000e-01  3.170589e-01
2.670000e-01  3.158829e-01
2.700000e-01  3.147220e-01
2.730000e-01  3.135759e-01
2.760000e-01  3.124443e-01
2.790000e-01  3.113267e-01
2.820000e-01  3.102229e-01
2.850000e-01  3.091325e-01
2.880000e-01  3.080553e-01
2.910000e-01  3.069909e-01
2.940000e-01  3.059390e-01
2.970000e-01  3.048994e-01
3.000000e-01  3.038719e-01
3.030000e-01  3.028561e-01
3.060000e-01  3.018518e-01
3.090000e-01  3.008587e-01
3.120000e-01  2.998767e-01
3.150000e-01  2.989054e-01
3.180000e-01  2.979447e-01
3.210000e-01  2.969944e-01
3.240000e-01  2.960542e-01
3.270000e-01  2.951240e-01
3.300000e-01  2.942035e-01
3.330000e-01  2.932925e-01
3.360000e-01  2.923909e-01
3.390000e-01  2.914985e-01
3.420000e-01  2.906151e-01
3.450000e-01  2.897405e-01
3.480000e-01  2.888746e-01
3.510000e-01  2.880172e-01
3.540000e-01  2.871682e-01
3.570000e-01  2.863273e-01
3.600000e-01  2.854945e-01
3.630000e-01  2.846696e-01
3.660000e-01  2.838524e-01
3.690000e-01  2.830429e-01
3.720000e-01  2.822408e-01
3.750000e-01  2.814461e-01
3.780000e-01  2.806586e-01
3.810000e-01  2.798782e-01
3.840000e-01  2.791048e-01
3.870000e-01  2.783382e-01
3.900000e-01  2.775784e-01
3.930000e-01  2.768252e-01
3.960000e-01  2.760786e-01
3.990000e-01  2.753383e-01
4.020000e-01  2.746043e-01
4.050000e-01  2.738766e-01
4.080000e-01  2.731550e-01
4.110000e-01  2.724393e-01
4.140000e-01  2.717296e-01
4.170000e-01  2.710257e-01
4.200000e-01  2.703275e-01
4.230000e-01  2.696350e-01
4.260000e-01  2.689480e-01
4.290000e-01  2.682665e-01
4.320000e-01  2.675903e-01
4.350000e-01  2.669194e-01
4.380000e-01  2.662538e-01
4.410000e-01  2.655933e-01
4.440000e-01  2.649379e-01
4.470000e-01  2.642874e-01
4.500000e-01  2.636419e-01
4.530000e-01  2.630012e-01
4.560000e-01  2.623653e-01
4.590000e-01  2.617341e-01
4.620000e-01  2.611075e-01
4.650000e-01  2.604855e-01
4.680000e-01  2.598680e-01
4.710000e-01  2.592549e-01
4.740000e-01  2.586462e-01
4.770000e-01  2.580419e-01
4.800000e-01  2.574418e-01
4.830000e-01  2.568459e-01
4.860000e-01  2.562541e-01
4.890000e-01  2.556665e-01
4.920000e-01  2.550828e-01
4.950000e-01  2.545032e-01
4.980000e-01  2.539275e-01
5.010000e-01  2.533556e-01
5.040000e-01  2.527876e-01
5.070000e-01  2.522234e-01
5.100000e-01  2.516628e-01
5.130000e-01  2.511060e-01
5.160000e-01  2.505528e-01
5.190000e-01  2.500031e-01
5.220000e-01  2.494570e-01
5.250000e-01  2.489144e-01
5.280000e-01  2.483752e-01
5.310000e-01  2.478395e-01
5.340000e-01  2.473071e-01
5.370000e-01  2.467780e-01
5.400000e-01  2.462522e-01
5.430000e-01  2.457296e-01
5.460000e-01  2.452103e-01
5.490000e-01  2.446941e-01
5.520000e-01  2.441810e-01
5.550000e-01  2.436710e-01
5.580000e-01  2.431641e-01
5.610000e-01  2.426602e-01
5.640000e-01  2.421592e-01
5.670000e-01  2.416612e-01
5.700000e-01  2.411661e-01
5.730000e-01  2.406739e-01
5.760000e-01  2.401845e-01
5.790000e-01  2.396979e-01
5.820000e-01  2.392141e-01
5.850000e-01  2.387331e-01
5.880000e-01  2.382547e-01
5.910000e-01  2.377790e-01
5.940000e-01  2.373060e-01
5.970000e-01  2.368356e-01
6.000000e-01  2.363678e-01
6.030000e-01  2.359026e-01
6.060000e-01  2.354399e-01
6.090000e-01  2.349797e-01
6.120000e-01  2.345220e-01
6.150000e-01  2.340667e-01
6.180000e-01  2.336139e-01
6.210000e-01  2.331635e-01
6.240000e-01  2.327154e-01
6.270000e-01  2.322697e-01
6.300000e-01  2.318263e-01
6.330000e-01  2.313852e-01
6.360000e-01  2.309464e-01
6.390000e-01  2.305099e-01
6.420000e-01  2.300756e-01
6.450000e-01  2.296434e-01
6.480000e-01  2.292135e-01
6.510000e-01  2.287857e-01
6.540000e-01  2.283601e-01
6.570000e-01  2.279365e-01
6.600000e-01  2.275151e-01
6.630000e-01  2.270957e-01
6.660000e-01  2.266784e-01
6.690000e-01  2.262632e-01
6.720000e-01  2.258499e-01
6.750000e-01  2.254386e-01
6.780000e-01  2.250293e-01
6.810000e-01  2.246219e-01
6.840000e-01  2.242165e-01
6.870000e-01  2.238130e-01
6.900000e-01  2.234114e-01
6.930000e-01  2.230116e-01
6.960000e-01  2.226138e-01
6.990000e-01  2.222177e-01
7.020000e-01  2.218235e-01
7.050000e-01  2.214311e-01
7.080000e-01  2.210405e-01
7.110000e-01  2.206516e-01
7.140000e-01  2.202645e-01
7.170000e-01  2.198791e-01
7.200000e-01  2.194955e-01
7.230000e-01  2.191135e-01
7.260000e-01  2.187333e-01
7.290000e-01  2.183547e-01
7.320000e-01  2.179778e-01
7.350000e-01  2.176025e-01
7.380000e-01  2.172288e-01
7.410000e-01  2.168568e-01
7.440000e-01  2.164863e-01
7.470000e-01  2.161175e-01
7.500000e-01  2.157502e-01
7.530000e-01  2.153844e-01
7.560000e-01  2.150202e-01
7.590000e-01  2.146576e-01
7.620000e-01  2.142964e-01
7.650000e-01  2.139367e-01
7.680000e-01  2.135786e-01
7.710000e-01  2.132219e-01
7.740000e-01  2.128666e-01
7.770000e-01  2.125128e-01
7.800000e-01  2.121605e-01
7.830000e-01  2.118095e-01
7.860000e-01  2.114600e-01
7.890000e-01  2.111118e-01
7.920000e-01  2.107651e-01
7.950000e-01  2.104197e-01
7.980000e-01  2.100757e-01
8.010000e-01  2.097330e-01
8.040000e-01  2.093917e-01
8.070000e-01  2.090517e-01
8.100000e-01  2.087130e-01
8.130000e-01  2.083756e-01
8.160000e-01  2.080396e-01
8.190000e-01  2.077047e-01
8.220000e-01  2.073712e-01
8.250000e-01  2.070390e-01
8.280000e-01  2.067079e-01
8.310000e-01  2.063782e-01
8.340000e-01  2.060496e-01
8.370000e-01  2.057223e-01
8.400000e-01  2.053961e-01
8.430000e-01  2.050712e-01
8.460000e-01  2.047475e-01
8.490000e-01  2.044250e-01
8.520000e-01  2.041036e-01
8.550000e-01  2.037834e-01
8.580000e-01  2.034643e-01
8.610000e-01  2.031464e-01
8.640000e-01  2.028296e-01
8.670000e-01  2.025139e-01
8.700000e-01  2.021994e-01
8.730000e-01  2.018859e-01
8.760000e-01  2.015736e-01
8.790000e-01  2.012623e-01
8.820000e-01  2.009522e-01
8.850000e-01  2.006430e-01
8.880000e-01  2.003350e-01
8.910000e-01  2.000280e-01
8.940000e-01  1.997221e-01
8.970000e-01  1.994172e-01
9.000000e-01  1.991133e-01
9.030000e-01  1.988105e-01
9.060000e-01  1.985086e-01
9.090000e-01  1.982078e-01
9.120000e-01  1.979080e-01
9.150000e-01  1.976092e-01
9.180000e-01  1.973113e-01
9.210000e-01  1.970144e-01
9.240000e-01  1.967185e-01
9.270000e-01  1.964236e-01
9.300000e-01  1.961296e-01
9.330000e-01  1.958366e-01
9.360000e-01  1.955445e-01
9.390000e-01  1.952533e-01
9.420000e-01  1.949631e-01
9.450000e-01  1.946738e-01
9.480000e-01  1.943853e-01
9.510000e-01  1.940978e-01
9.540000e-01  1.938112e-01
9.570000e-01  1.935255e-01
9.600000e-01  1.932407e-01
9.630000e-01  1.929568e-01
9.660000e-01  1.926737e-01
9.690000e-01  1.923915e-01
9.720000e-01  1.921101e-01
9.750000e-01  1.918296e-01
9.780000e-01  1.915500e-01
9.810000e-01  1.912712e-01
9.840000e-01  1.909932e-01
9.870000e-01  1.907160e-01
9.900000e-01  1.904397e-01
9.930000e-01  1.901642e-01
9.960000e-01  1.898895e-01
9.990000e-01  1.896156e-01
