000000  000001
3.000000e-03  8.125352e-01
6.000000e-03  7.287435e-01
9.000000e-03  6.752715e-01
1.200000e-02  6.364118e-01
1.500000e-02  6.061211e-01
1.800000e-02  5.814398e-01
2.100000e-02  5.607023e-01
2.400000e-02  5.428806e-01
2.700000e-02  5.272971e-01
3.000000e-02  5.134822e-01
3.300000e-02  5.010977e-01
3.600000e-02  4.898924e-01
3.900000e-02  4.796745e-01
4.200000e-02  4.702946e-01
4.500000e-02  4.616343e-01
4.800000e-02  4.535980e-01
5.100000e-02  4.461075e-01
5.400000e-02  4.390983e-01
5.700000e-02  4.325161e-01
6.000000e-02  4.263155e-01
6.300000e-02  4.204574e-01
6.600000e-02  4.149086e-01
6.900000e-02  4.096402e-01
7.200000e-02  4.046271e-01
7.500000e-02  3.998474e-01
7.800000e-02  3.952817e-01
8.100000e-02  3.909130e-01
8.400000e-02  3.867261e-01
8.700000e-02  3.827076e-01
9.000000e-02  3.788452e-01
9.300000e-02  3.751282e-01
9.600000e-02  3.715467e-01
9.900000e-02  3.680917e-01
1.020000e-01  3.647554e-01
1.050000e-01  3.615303e-01
1.080000e-01  3.584097e-01
1.110000e-01  3.553876e-01
1.140000e-01  3.524582e-01
1.170000e-01  3.496165e-01
1.200000e-01  3.468577e-01
1.230000e-01  3.441773e-01
1.260000e-01  3.415714e-01
1.290000e-01  3.390362e-01
1.320000e-01  3.365681e-01
1.350000e-01  3.341639e-01
1.380000e-01  3.318207e-01
1.410000e-01  3.295355e-01
1.440000e-01  3.273058e-01
1.470000e-01  3.251290e-01
1.500000e-01  3.230029e-01
1.530000e-01  3.209253e-01
1.560000e-01  3.188942e-01
1.590000e-01  3.169076e-01
1.620000e-01  3.149638e-01
1.650000e-01  3.130610e-01
1.680000e-01  3.111976e-01
1.710000e-01  3.093723e-01
1.740000e-01  3.075834e-01
1.770000e-01  3.058296e-01
1.800000e-01  3.041098e-01
1.830000e-01  3.024226e-01
1.860000e-01  3.007669e-01
1.890000e-01  2.991416e-01
1.920000e-01  2.975457e-01
1.950000e-01  2.959781e-01
1.980000e-01  2.944380e-01
2.010000e-01  2.929245e-01
2.040000e-01  2.914366e-01
2.070000e-01  2.899736e-01
2.100000e-01  2.885347e-01
2.130000e-01  2.871191e-01
2.160000e-01  2.857261e-01
2.190000e-01  2.843551e-01
2.220000e-01  2.830054e-01
2.250000e-01  2.816763e-01
2.280000e-01  2.803674e-01
2.310000e-01  2.790779e-01
2.340000e-01  2.778074e-01
2.370000e-01  2.765553e-01
2.400000e-01  2.753212e-01
2.430000e-01  2.741044e-01
2.460000e-01  2.729047e-01
2.490000e-01  2.717214e-01
2.520000e-01  2.705542e-01
2.550000e-01  2.694027e-01
2.580000e-01  2.682665e-01
2.610000e-01  2.671451e-01
2.640000e-01  2.660382e-01
2.670000e-01  2.649455e-01
2.700000e-01  2.638665e-01
2.730000e-01  2.628010e-01
2.760000e-01  2.617487e-01
2.790000e-01  2.607092e-01
2.820000e-01  2.596822e-01
2.850000e-01  2.586674e-01
2.880000e-01  2.576646e-01
2.910000e-01  2.566734e-01
2.940000e-01  2.556937e-01
2.970000e-01  2.547252e-01
3.000000e-01  2.537675e-01
3.030000e-01  2.528205e-01
3.060000e-01  2.518840e-01
3.090000e-01  2.509577e-01
3.120000e-01  2.500414e-01
3.150000e-01  2.491348e-01
3.180000e-01  2.482379e-01
3.210000e-01  2.473503e-01
3.240000e-01  2.464719e-01
3.270000e-01  2.456025e-01
3.300000e-01  2.447420e-01
3.330000e-01  2.438901e-01
3.360000e-01  2.430466e-01
3.390000e-01  2.422115e-01
3.420000e-01  2.413845e-01
3.450000e-01  2.405655e-01
3.480000e-01  2.397544e-01
3.510000e-01  2.389509e-01
3.540000e-01  2.381549e-01
3.570000e-01  2.373664e-01
3.600000e-01  2.365851e-01
3.630000e-01  2.358109e-01
3.660000e-01  2.350438e-01
3.690000e-01  2.342835e-01
3.720000e-01  2.335299e-01
3.750000e-01  2.327830e-01
3.780000e-01  2.320426e-01
3.810000e-01  2.313085e-01
3.840000e-01  2.305808e-01
3.870000e-01  2.298592e-01
3.900000e-01  2.291437e-01
3.930000e-01  2.284342e-01
3.960000e-01  2.277305e-01
3.990000e-01  2.270325e-01
4.020000e-01  2.263403e-01
4.050000e-01  2.256536e-01
4.080000e-01  2.249723e-01
4.110000e-01  2.242965e-01
4.140000e-01  2.236260e-01
4.170000e-01  2.229607e-01
4.200000e-01  2.223005e-01
4.230000e-01  2.216453e-01
4.260000e-01  2.209951e-01
4.290000e-01  2.203499e-01
4.320000e-01  2.197094e-01
4.350000e-01  2.190737e-01
4.380000e-01  2.184426e-01
4.410000e-01  2.178161e-01
4.440000e-01  2.171941e-01
4.470000e-01  2.165767e-01
4.500000e-01  2.159635e-01
4.530000e-01  2.153547e-01
4.560000e-01  2.147502e-01
4.590000e-01  2.141499e-01
4.620000e-01  2.135536e-01
4.650000e-01  2.129615e-01
4.680000e-01  2.123733e-01
4.710000e-01  2.117891e-01
4.740000e-01  2.112089e-01
4.770000e-01  2.106324e-01
4.800000e-01  2.100597e-01
4.830000e-01  2.094908e-01
4.860000e-01  2.089255e-01
4.890000e-01  2.083639e-01
4.920000e-01  2.078058e-01
4.950000e-01  2.072513e-01
4.980000e-01  2.067002e-01
5.010000e-01  2.061526e-01
5.040000e-01  2.056084e-01
5.070000e-01  2.050675e-01
5.100000e-01  2.045298e-01
5.130000e-01  2.039955e-01
5.160000e-01  2.034643e-01
5.190000e-01  2.029363e-01
5.220000e-01  2.024114e-01
5.250000e-01  2.018896e-01
5.280000e-01  2.013708e-01
5.310000e-01  2.008550e-01
5.340000e-01  2.003422e-01
5.370000e-01  1.998322e-01
5.400000e-01  1.993252e-01
5.430000e-01  1.988210e-01
5.460000e-01  1.983196e-01
5.490000e-01  1.978210e-01
5.520000e-01  1.973251e-01
5.550000e-01  1.968320e-01
5.580000e-01  1.963415e-01
5.610000e-01  1.958536e-01
5.640000e-01  1.953683e-01
5.670000e-01  1.948856e-01
5.700000e-01  1.944054e-01
5.730000e-01  1.939278e-01
5.760000e-01  1.934526e-01
5.790000e-01  1.929798e-01
5.820000e-01  1.925095e-01
5.850000e-01  1.920415e-01
5.880000e-01  1.915759e-01
5.910000e-01  1.911127e-01
5.940000e-01  1.906517e-01
5.970000e-01  1.901930e-01
6.000000e-01  1.897365e-01
6.030000e-01  1.892823e-01
6.060000e-01  1.888303e-01
6.090000e-01  1.883804e-01
6.120000e-01  1.879326e-01
6.150000e-01  1.874870e-01
6.180000e-01  1.870434e-01
6.210000e-01  1.866020e-01
6.240000e-01  1.861625e-01
6.270000e-01  1.857251e-01
6.300000e-01  1.852897e-01
6.330000e-01  1.848562e-01
6.360000e-01  1.844247e-01
6.390000e-01  1.839951e-01
6.420000e-01  1.835674e-01
6.450000e-01  1.831416e-01
6.480000e-01  1.827176e-01
6.510000e-01  1.822955e-01
6.540000e-01  1.818752e-01
6.570000e-01  1.814568e-01
6.600000e-01  1.810400e-01
6.630000e-01  1.806251e-01
6.660000e-01  1.802118e-01
6.690000e-01  1.798003e-01
6.720000e-01  1.793905e-01
6.750000e-01  1.789824e-01
6.780000e-01  1.785759e-01
6.810000e-01  1.781710e-01
6.840000e-01  1.777678e-01
6.870000e-01  1.773662e-01
6.900000e-01  1.769662e-01
6.930000e-01  1.765677e-01
6.960000e-01  1.761708e-01
6.990000e-01  1.757755e-01
7.020000e-01  1.753816e-01
7.050000e-01  1.749893e-01
7.080000e-01  1.745984e-01
7.110000e-01  1.742090e-01
7.140000e-01  1.738210e-01
7.170000e-01  1.734345e-01
7.200000e-01  1.730494e-01
7.230000e-01  1.726657e-01
7.260000e-01  1.722834e-01
7.290000e-01  1.719025e-01
7.320000e-01  1.715229e-01
7.350000e-01  1.711447e-01
7.380000e-01  1.707678e-01
7.410000e-01  1.703922e-01
7.440000e-01  1.700179e-01
7.470000e-01  1.696449e-01
7.500000e-01  1.692732e-01
7.530000e-01  1.689027e-01
7.560000e-01  1.685335e-01
7.590000e-01  1.681655e-01
7.620000e-01  1.677987e-01
7.650000e-01  1.674332e-01
7.680000e-01  1.670688e-01
7.710000e-01  1.667056e-01
7.740000e-01  1.663435e-01
7.770000e-01  1.659826e-01
7.800000e-01  1.656229e-01
7.830000e-01  1.652642e-01
7.860000e-01  1.649067e-01
7.890000e-01  1.645503e-01
7.920000e-01  1.641950e-01
7.950000e-01  1.638407e-01
7.980000e-01  1.634875e-01
8.010000e-01  1.631354e-01
8.040000e-01  1.627843e-01
8.070000e-01  1.624343e-01
8.100000e-01  1.620852e-01
8.130000e-01  1.617372e-01
8.160000e-01  1.613901e-01
8.190000e-01  1.610441e-01
8.220000e-01  1.606990e-01
8.250000e-01  1.603549e-01
8.280000e-01  1.600117e-01
8.310000e-01  1.596695e-01
8.340000e-01  1.593282e-01
8.370000e-01  1.589878e-01
8.400000e-01  1.586483e-01
8.430000e-01  1.583097e-01
8.460000e-01  1.579720e-01
8.490000e-01  1.576352e-01
8.520000e-01  1.572993e-01
8.550000e-01  1.569642e-01
8.580000e-01  1.566299e-01
8.610000e-01  1.562965e-01
8.640000e-01  1.559639e-01
8.670000e-01  1.556322e-01
8.700000e-01  1.553012e-01
8.730000e-01  1.549711e-01
8.760000e-01  1.546417e-01
8.790000e-01  1.543131e-01
8.820000e-01  1.539853e-01
8.850000e-01  1.536582e-01
8.880000e-01  1.533319e-01
8.910000e-01  1.530063e-01
8.940000e-01  1.526814e-01
8.970000e-01  1.523573e-01
9.000000e-01  1.520339e-01
9.030000e-01  1.517112e-01
9.060000e-01  1.513891e-01
9.090000e-01  1.510678e-01
9.120000e-01  1.507471e-01
9.150000e-01  1.504271e-01
9.180000e-01  1.501078e-01
9.210000e-01  1.497891e-01
9.240000e-01  1.494710e-01
9.270000e-01  1.491536e-01
9.300000e-01  1.488368e-01
9.330000e-01  1.485206e-01
9.360000e-01  1.482050e-01
9.390000e-01  1.478900e-01
9.420000e-01  1.475756e-01
9.450000e-01  1.472618e-01
9.480000e-01  1.469486e-01
9.510000e-01  1.466359e-01
9.540000e-01  1.463237e-01
9.570000e-01  1.460121e-01
9.600000e-01  1.457010e-01
9.630000e-01  1.453905e-01
9.660000e-01  1.450805e-01
9.690000e-01  1.447710e-01
9.720000e-01  1.444620e-01
9.750000e-01  1.441535e-01
9.780000e-01  1.438454e-01
9.810000e-01  1.435379e-01
9.840000e-01  1.432308e-01
9.870000e-01  1.429242e-01
9.900000e-01  1.426180e-01
9.930000e-01  1.423122e-01
9.960000e-01  1.420069e-01
9.990000e-01  1.417021e-01
