000000  000001
3.000000e-03  7.552747e-01
6.000000e-03  6.647016e-01
9.000000e-03  6.097535e-01
1.200000e-02  5.708483e-01
1.500000e-02  5.410143e-01
1.800000e-02  5.169804e-01
2.100000e-02  4.969562e-01
2.400000e-02  4.798591e-01
2.700000e-02  4.649862e-01
3.000000e-02  4.518568e-01
3.300000e-02  4.401277e-01
3.600000e-02  4.295463e-01
3.900000e-02  4.199212e-01
4.200000e-02  4.111043e-01
4.500000e-02  4.029787e-01
4.800000e-02  3.954503e-01
5.100000e-02  3.884429e-01
5.400000e-02  3.818935e-01
5.700000e-02  3.757496e-01
6.000000e-02  3.699670e-01
6.300000e-02  3.645082e-01
6.600000e-02  3.593412e-01
6.900000e-02  3.544381e-01
7.200000e-02  3.497751e-01
7.500000e-02  3.453311e-01
7.800000e-02  3.410878e-01
8.100000e-02  3.370288e-01
8.400000e-02  3.331397e-01
8.700000e-02  3.294078e-01
9.000000e-02  3.258216e-01
9.300000e-02  3.223707e-01
9.600000e-02  3.190459e-01
9.900000e-02  3.158388e-01
1.020000e-01  3.127418e-01
1.050000e-01  3.097481e-01
1.080000e-01  3.068512e-01
1.110000e-01  3.040455e-01
1.140000e-01  3.013257e-01
1.170000e-01  2.986870e-01
1.200000e-01  2.961248e-01
1.230000e-01  2.936352e-01
1.260000e-01  2.912142e-01
1.290000e-01  2.888584e-01
1.320000e-01  2.865645e-01
1.350000e-01  2.843294e-01
1.380000e-01  2.821505e-01
1.410000e-01  2.800249e-01
1.440000e-01  2.779503e-01
1.470000e-01  2.759244e-01
1.500000e-01  2.739450e-01
1.530000e-01  2.720101e-01
1.560000e-01  2.701179e-01
1.590000e-01  2.682665e-01
1.620000e-01  2.664542e-01
1.650000e-01  2.646795e-01
1.680000e-01  2.629410e-01
1.710000e-01  2.612371e-01
1.740000e-01  2.595667e-01
1.770000e-01  2.579283e-01
1.800000e-01  2.563209e-01
1.830000e-01  2.547433e-01
1.860000e-01  2.531945e-01
1.890000e-01  2.516734e-01
1.920000e-01  2.501790e-01
1.950000e-01  2.487105e-01
1.980000e-01  2.472670e-01
2.010000e-01  2.458477e-01
2.040000e-01  2.444517e-01
2.070000e-01  2.430783e-01
2.100000e-01  2.417268e-01
2.130000e-01  2.403965e-01
2.160000e-01  2.390868e-01
2.190000e-01  2.377969e-01
2.220000e-01  2.365264e-01
2.250000e-01  2.352746e-01
2.280000e-01  2.340410e-01
2.310000e-01  2.328251e-01
2.340000e-01  2.316263e-01
2.370000e-01  2.304442e-01
2.400000e-01  2.292782e-01
2.430000e-01  2.281281e-01
2.460000e-01  2.269932e-01
2.490000e-01  2.258732e-01
2.520000e-01  2.247678e-01
2.550000e-01  2.236764e-01
2.580000e-01  2.225988e-01
2.610000e-01  2.215346e-01
2.640000e-01  2.204834e-01
2.670000e-01  2.194449e-01
2.700000e-01  2.184189e-01
2.730000e-01  2.174049e-01
2.760000e-01  2.164027e-01
2.790000e-01  2.154120e-01
2.820000e-01  2.144325e-01
2.850000e-01  2.134640e-01
2.880000e-01  2.125061e-01
2.910000e-01  2.115588e-01
2.940000e-01  2.106216e-01
2.970000e-01  2.096943e-01
3.000000e-01  2.087768e-01
3.030000e-01  2.078688e-01
3.060000e-01  2.069701e-01
3.090000e-01  2.060805e-01
3.120000e-01  2.051998e-01
3.150000e-01  2.043278e-01
3.180000e-01  2.034643e-01
3.210000e-01  2.026091e-01
3.240000e-01  2.017620e-01
3.270000e-01  2.009229e-01
3.300000e-01  2.000916e-01
3.330000e-01  1.992680e-01
3.360000e-01  1.984518e-01
3.390000e-01  1.976429e-01
3.420000e-01  1.968413e-01
3.450000e-01  1.960466e-01
3.480000e-01  1.952588e-01
3.510000e-01  1.944778e-01
3.540000e-01  1.937033e-01
3.570000e-01  1.929354e-01
3.600000e-01  1.921737e-01
3.630000e-01  1.914183e-01
3.660000e-01  1.906691e-01
3.690000e-01  1.899257e-01
3.720000e-01  1.891883e-01
3.750000e-01  1.884566e-01
3.780000e-01  1.877306e-01
3.810000e-01  1.870100e-01
3.840000e-01  1.862950e-01
3.870000e-01  1.855852e-01
3.900000e-01  1.848807e-01
3.930000e-01  1.841813e-01
3.960000e-01  1.834869e-01
3.990000e-01  1.827975e-01
4.020000e-01  1.821129e-01
4.050000e-01  1.814331e-01
4.080000e-01  1.807580e-01
4.110000e-01  1.800874e-01
4.140000e-01  1.794214e-01
4.170000e-01  1.787597e-01
4.200000e-01  1.781025e-01
4.230000e-01  1.774494e-01
4.260000e-01  1.768006e-01
4.290000e-01  1.761559e-01
4.320000e-01  1.755152e-01
4.350000e-01  1.748785e-01
4.380000e-01  1.742457e-01
4.410000e-01  1.736167e-01
4.440000e-01  1.729914e-01
4.470000e-01  1.723699e-01
4.500000e-01  1.717520e-01
4.530000e-01  1.711376e-01
4.560000e-01  1.705267e-01
4.590000e-01  1.699193e-01
4.620000e-01  1.693152e-01
4.650000e-01  1.687145e-01
4.680000e-01  1.681170e-01
4.710000e-01  1.675227e-01
4.740000e-01  1.669316e-01
4.770000e-01  1.663435e-01
4.800000e-01  1.657585e-01
4.830000e-01  1.651764e-01
4.860000e-01  1.645973e-01
4.890000e-01  1.640211e-01
4.920000e-01  1.634476e-01
4.950000e-01  1.628770e-01
4.980000e-01  1.623090e-01
5.010000e-01  1.617437e-01
5.040000e-01  1.611811e-01
5.070000e-01  1.606210e-01
5.100000e-01  1.600634e-01
5.130000e-01  1.595083e-01
5.160000e-01  1.589557e-01
5.190000e-01  1.584054e-01
5.220000e-01  1.578575e-01
5.250000e-01  1.573119e-01
5.280000e-01  1.567686e-01
5.310000e-01  1.562274e-01
5.340000e-01  1.556885e-01
5.370000e-01  1.551516e-01
5.400000e-01  1.546169e-01
5.430000e-01  1.540841e-01
5.460000e-01  1.535534e-01
5.490000e-01  1.530247e-01
5.520000e-01  1.524979e-01
5.550000e-01  1.519729e-01
5.580000e-01  1.514498e-01
5.610000e-01  1.509286e-01
5.640000e-01  1.504090e-01
5.670000e-01  1.498912e-01
5.700000e-01  1.493751e-01
5.730000e-01  1.488607e-01
5.760000e-01  1.483479e-01
5.790000e-01  1.478366e-01
5.820000e-01  1.473269e-01
5.850000e-01  1.468187e-01
5.880000e-01  1.463119e-01
5.910000e-01  1.458066e-01
5.940000e-01  1.453027e-01
5.970000e-01  1.448002e-01
6.000000e-01  1.442989e-01
6.030000e-01  1.437990e-01
6.060000e-01  1.433003e-01
6.090000e-01  1.428028e-01
6.120000e-01  1.423065e-01
6.150000e-01  1.418113e-01
6.180000e-01  1.413173e-01
6.210000e-01  1.408243e-01
6.240000e-01  1.403323e-01
6.270000e-01  1.398414e-01
6.300000e-01  1.393514e-01
6.330000e-01  1.388623e-01
6.360000e-01  1.383742e-01
6.390000e-01  1.378869e-01
6.420000e-01  1.374004e-01
6.450000e-01  1.369147e-01
6.480000e-01  1.364297e-01
6.510000e-01  1.359454e-01
6.540000e-01  1.354619e-01
6.570000e-01  1.349789e-01
6.600000e-01  1.344966e-01
6.630000e-01  1.340148e-01
6.660000e-01  1.335335e-01
6.690000e-01  1.330527e-01
6.720000e-01  1.325723e-01
6.750000e-01  1.320924e-01
6.780000e-01  1.316128e-01
6.810000e-01  1.311335e-01
6.840000e-01  1.306546e-01
6.870000e-01  1.301758e-01
6.900000e-01  1.296973e-01
6.930000e-01  1.292189e-01
6.960000e-01  1.287406e-01
6.990000e-01  1.282624e-01
7.020000e-01  000000
7.050000e-01  000000
7.080000e-01  000000
7.110000e-01  000000
7.140000e-01  000000
7.170000e-01  000000
7.200000e-01  000000
7.230000e-01  000000
7.260000e-01  000000
7.290000e-01  000000
7.320000e-01  000000
7.350000e-01  000000
7.380000e-01  000000
7.410000e-01  000000
7.440000e-01  000000
7.470000e-01  000000
7.500000e-01  000000
7.530000e-01  000000
7.560000e-01  000000
7.590000e-01  000000
7.620000e-01  000000
7.650000e-01  000000
7.680000e-01  000000
7.710000e-01  000000
7.740000e-01  000000
7.770000e-01  000000
7.800000e-01  000000
7.830000e-01  000000
7.860000e-01  000000
7.890000e-01  000000
7.920000e-01  000000
7.950000e-01  000000
7.980000e-01  000000
8.010000e-01  000000
8.040000e-01  000000
8.070000e-01  000000
8.100000e-01  000000
8.130000e-01  000000
8.160000e-01  000000
8.190000e-01  000000
8.220000e-01  000000
8.250000e-01  000000
8.280000e-01  000000
8.310000e-01  000000
8.340000e-01  000000
8.370000e-01  000000
8.400000e-01  000000
8.430000e-01  000000
8.460000e-01  000000
8.490000e-01  000000
8.520000e-01  000000
8.550000e-01  000000
8.580000e-01  000000
8.610000e-01  000000
8.640000e-01  000000
8.670000e-01  000000
8.700000e-01  000000
8.730000e-01  000000
8.760000e-01  000000
8.790000e-01  000000
8.820000e-01  000000
8.850000e-01  000000
8.880000e-01  000000
8.910000e-01  000000
8.940000e-01  000000
8.970000e-01  000000
9.000000e-01  000000
9.030000e-01  000000
9.060000e-01  000000
9.090000e-01  000000
9.120000e-01  000000
9.150000e-01  000000
9.180000e-01  000000
9.210000e-01  000000
9.240000e-01  000000
9.270000e-01  000000
9.300000e-01  000000
9.330000e-01  000000
9.360000e-01  000000
9.390000e-01  000000
9.420000e-01  000000
9.450000e-01  000000
9.480000e-01  000000
9.510000e-01  000000
9.540000e-01  000000
9.570000e-01  000000
9.600000e-01  000000
9.630000e-01  000000
9.660000e-01  000000
9.690000e-01  000000
9.720000e-01  000000
9.750000e-01  000000
9.780000e-01  000000
9.810000e-01  000000
9.840000e-01  000000
9.870000e-01  000000
9.900000e-01  000000
9.930000e-01  000000
9.960000e-01  000000
9.990000e-01  000000
