000000  000001
3.000000e-03  7.454227e-01
6.000000e-03  6.541075e-01
9.000000e-03  5.991104e-01
1.200000e-02  5.603122e-01
1.500000e-02  5.306273e-01
1.800000e-02  5.067503e-01
2.100000e-02  4.868794e-01
2.400000e-02  4.699278e-01
2.700000e-02  4.551914e-01
3.000000e-02  4.421894e-01
3.300000e-02  4.305794e-01
3.600000e-02  4.201091e-01
3.900000e-02  4.105880e-01
4.200000e-02  4.018686e-01
4.500000e-02  3.938343e-01
4.800000e-02  3.863920e-01
5.100000e-02  3.794656e-01
5.400000e-02  3.729927e-01
5.700000e-02  3.669212e-01
6.000000e-02  3.612072e-01
6.300000e-02  3.558135e-01
6.600000e-02  3.507083e-01
6.900000e-02  3.458642e-01
7.200000e-02  3.412573e-01
7.500000e-02  3.368668e-01
7.800000e-02  3.326746e-01
8.100000e-02  3.286645e-01
8.400000e-02  3.248222e-01
8.700000e-02  3.211351e-01
9.000000e-02  3.175919e-01
9.300000e-02  3.141822e-01
9.600000e-02  3.108971e-01
9.900000e-02  3.077281e-01
1.020000e-01  3.046677e-01
1.050000e-01  3.017092e-01
1.080000e-01  2.988463e-01
1.110000e-01  2.960733e-01
1.140000e-01  2.933850e-01
1.170000e-01  2.907767e-01
1.200000e-01  2.882439e-01
1.230000e-01  2.857825e-01
1.260000e-01  2.833889e-01
1.290000e-01  2.810595e-01
1.320000e-01  2.787911e-01
1.350000e-01  2.765807e-01
1.380000e-01  2.744256e-01
1.410000e-01  2.723231e-01
1.440000e-01  2.702708e-01
1.470000e-01  2.682665e-01
1.500000e-01  2.663079e-01
1.530000e-01  2.643933e-01
1.560000e-01  2.625206e-01
1.590000e-01  2.606881e-01
1.620000e-01  2.588941e-01
1.650000e-01  2.571372e-01
1.680000e-01  2.554159e-01
1.710000e-01  2.537287e-01
1.740000e-01  2.520743e-01
1.770000e-01  2.504515e-01
1.800000e-01  2.488592e-01
1.830000e-01  2.472962e-01
1.860000e-01  2.457616e-01
1.890000e-01  2.442541e-01
1.920000e-01  2.427730e-01
1.950000e-01  2.413174e-01
1.980000e-01  2.398863e-01
2.010000e-01  2.384789e-01
2.040000e-01  2.370945e-01
2.070000e-01  2.357323e-01
2.100000e-01  2.343917e-01
2.130000e-01  2.330718e-01
2.160000e-01  2.317722e-01
2.190000e-01  2.304921e-01
2.220000e-01  2.292310e-01
2.250000e-01  2.279883e-01
2.280000e-01  2.267634e-01
2.310000e-01  2.255559e-01
2.340000e-01  2.243652e-01
2.370000e-01  2.231909e-01
2.400000e-01  2.220325e-01
2.430000e-01  2.208895e-01
2.460000e-01  2.197615e-01
2.490000e-01  2.186481e-01
2.520000e-01  2.175490e-01
2.550000e-01  2.164637e-01
2.580000e-01  2.153919e-01
2.610000e-01  2.143332e-01
2.640000e-01  2.132873e-01
2.670000e-01  2.122538e-01
2.700000e-01  2.112325e-01
2.730000e-01  2.102230e-01
2.760000e-01  2.092250e-01
2.790000e-01  2.082383e-01
2.820000e-01  2.072626e-01
2.850000e-01  2.062976e-01
2.880000e-01  2.053430e-01
2.910000e-01  2.043987e-01
2.940000e-01  2.034643e-01
2.970000e-01  2.025396e-01
3.000000e-01  2.016245e-01
3.030000e-01  2.007186e-01
3.060000e-01  1.998219e-01
3.090000e-01  1.989340e-01
3.120000e-01  1.980547e-01
3.150000e-01  1.971840e-01
3.180000e-01  1.963215e-01
3.210000e-01  1.954671e-01
3.240000e-01  1.946207e-01
3.270000e-01  1.937820e-01
3.300000e-01  1.929510e-01
3.330000e-01  1.921273e-01
3.360000e-01  1.913109e-01
3.390000e-01  1.905017e-01
3.420000e-01  1.896994e-01
3.450000e-01  1.889039e-01
3.480000e-01  1.881151e-01
3.510000e-01  1.873329e-01
3.540000e-01  1.865570e-01
3.570000e-01  1.857875e-01
3.600000e-01  1.850240e-01
3.630000e-01  1.842667e-01
3.660000e-01  1.835152e-01
3.690000e-01  1.827695e-01
3.720000e-01  1.820294e-01
3.750000e-01  1.812949e-01
3.780000e-01  1.805659e-01
3.810000e-01  1.798422e-01
3.840000e-01  1.791238e-01
3.870000e-01  1.784104e-01
3.900000e-01  1.777021e-01
3.930000e-01  1.769988e-01
3.960000e-01  1.763003e-01
3.990000e-01  1.756065e-01
4.020000e-01  1.749174e-01
4.050000e-01  1.742328e-01
4.080000e-01  1.735527e-01
4.110000e-01  1.728770e-01
4.140000e-01  1.722056e-01
4.170000e-01  1.715384e-01
4.200000e-01  1.708754e-01
4.230000e-01  1.702164e-01
4.260000e-01  1.695614e-01
4.290000e-01  1.689103e-01
4.320000e-01  1.682630e-01
4.350000e-01  1.676195e-01
4.380000e-01  1.669797e-01
4.410000e-01  1.663435e-01
4.440000e-01  1.657109e-01
4.470000e-01  1.650817e-01
4.500000e-01  1.644559e-01
4.530000e-01  1.638335e-01
4.560000e-01  1.632144e-01
4.590000e-01  1.625984e-01
4.620000e-01  1.619857e-01
4.650000e-01  1.613760e-01
4.680000e-01  1.607693e-01
4.710000e-01  1.601657e-01
4.740000e-01  1.595649e-01
4.770000e-01  1.589670e-01
4.800000e-01  1.583718e-01
4.830000e-01  1.577795e-01
4.860000e-01  1.571898e-01
4.890000e-01  1.566027e-01
4.920000e-01  1.560182e-01
4.950000e-01  1.554362e-01
4.980000e-01  1.548567e-01
5.010000e-01  1.542796e-01
5.040000e-01  1.537049e-01
5.070000e-01  1.531324e-01
5.100000e-01  1.525623e-01
5.130000e-01  1.519943e-01
5.160000e-01  1.514285e-01
5.190000e-01  1.508648e-01
5.220000e-01  1.503032e-01
5.250000e-01  1.497436e-01
5.280000e-01  1.491860e-01
5.310000e-01  1.486302e-01
5.340000e-01  1.480764e-01
5.370000e-01  1.475244e-01
5.400000e-01  1.469741e-01
5.430000e-01  1.464256e-01
5.460000e-01  1.458787e-01
5.490000e-01  1.453335e-01
5.520000e-01  1.447899e-01
5.550000e-01  1.442479e-01
5.580000e-01  1.437073e-01
5.610000e-01  1.431682e-01
5.640000e-01  1.426305e-01
5.670000e-01  1.420941e-01
5.700000e-01  1.415591e-01
5.730000e-01  1.410254e-01
5.760000e-01  1.404929e-01
5.790000e-01  1.399615e-01
5.820000e-01  1.394313e-01
5.850000e-01  1.389022e-01
5.880000e-01  1.383742e-01
5.910000e-01  1.378471e-01
5.940000e-01  1.373210e-01
5.970000e-01  1.367958e-01
6.000000e-01  1.362715e-01
6.030000e-01  1.357480e-01
6.060000e-01  1.352252e-01
6.090000e-01  1.347032e-01
6.120000e-01  1.341819e-01
6.150000e-01  1.336611e-01
6.180000e-01  1.331410e-01
6.210000e-01  1.326213e-01
6.240000e-01  1.321022e-01
6.270000e-01  1.315835e-01
6.300000e-01  1.310651e-01
6.330000e-01  1.305471e-01
6.360000e-01  1.300293e-01
6.390000e-01  1.295118e-01
6.420000e-01  1.289944e-01
6.450000e-01  1.284771e-01
6.480000e-01  000000
6.510000e-01  000000
6.540000e-01  000000
6.570000e-01  000000
6.600000e-01  000000
6.630000e-01  000000
6.660000e-01  000000
6.690000e-01  000000
6.720000e-01  000000
6.750000e-01  000000
6.780000e-01  000000
6.810000e-01  000000
6.840000e-01  000000
6.870000e-01  000000
6.900000e-01  000000
6.930000e-01  000000
6.960000e-01  000000
6.990000e-01  000000
7.020000e-01  000000
7.050000e-01  000000
7.080000e-01  000000
7.110000e-01  000000
7.140000e-01  000000
7.170000e-01  000000
7.200000e-01  000000
7.230000e-01  000000
7.260000e-01  000000
7.290000e-01  000000
7.320000e-01  000000
7.350000e-01  000000
7.380000e-01  000000
7.410000e-01  000000
7.440000e-01  000000
7.470000e-01  000000
7.500000e-01  000000
7.530000e-01  000000
7.560000e-01  000000
7.590000e-01  000000
7.620000e-01  000000
7.650000e-01  000000
7.680000e-01  000000
7.710000e-01  000000
7.740000e-01  000000
7.770000e-01  000000
7.800000e-01  000000
7.830000e-01  000000
7.860000e-01  000000
7.890000e-01  000000
7.920000e-01  000000
7.950000e-01  000000
7.980000e-01  000000
8.010000e-01  000000
8.040000e-01  000000
8.070000e-01  000000
8.100000e-01  000000
8.130000e-01  000000
8.160000e-01  000000
8.190000e-01  000000
8.220000e-01  000000
8.250000e-01  000000
8.280000e-01  000000
8.310000e-01  000000
8.340000e-01  000000
8.370000e-01  000000
8.400000e-01  000000
8.430000e-01  000000
8.460000e-01  000000
8.490000e-01  000000
8.520000e-01  000000
8.550000e-01  000000
8.580000e-01  000000
8.610000e-01  000000
8.640000e-01  000000
8.670000e-01  000000
8.700000e-01  000000
8.730000e-01  000000
8.760000e-01  000000
8.790000e-01  000000
8.820000e-01  000000
8.850000e-01  000000
8.880000e-01  000000
8.910000e-01  000000
8.940000e-01  000000
8.970000e-01  000000
9.000000e-01  000000
9.030000e-01  000000
9.060000e-01  000000
9.090000e-01  000000
9.120000e-01  000000
9.150000e-01  000000
9.180000e-01  000000
9.210000e-01  000000
9.240000e-01  000000
9.270000e-01  000000
9.300000e-01  000000
9.330000e-01  000000
9.360000e-01  000000
9.390000e-01  000000
9.420000e-01  000000
9.450000e-01  000000
9.480000e-01  000000
9.510000e-01  000000
9.540000e-01  000000
9.570000e-01  000000
9.600000e-01  000000
9.630000e-01  000000
9.660000e-01  000000
9.690000e-01  000000
9.720000e-01  000000
9.750000e-01  000000
9.780000e-01  000000
9.810000e-01  000000
9.840000e-01  000000
9.870000e-01  000000
9.900000e-01  000000
9.930000e-01  000000
9.960000e-01  000000
9.990000e-01  000000
