000000  000001
3.000000e-03  8.616754e-01
6.000000e-03  7.880298e-01
9.000000e-03  7.381565e-01
1.200000e-02  7.007204e-01
1.500000e-02  6.709214e-01
1.800000e-02  6.462761e-01
2.100000e-02  6.253344e-01
2.400000e-02  6.071772e-01
2.700000e-02  5.911858e-01
3.000000e-02  5.769245e-01
3.300000e-02  5.640753e-01
3.600000e-02  5.523991e-01
3.900000e-02  5.417118e-01
4.200000e-02  5.318688e-01
4.500000e-02  5.227544e-01
4.800000e-02  5.142747e-01
5.100000e-02  5.063526e-01
5.400000e-02  4.989239e-01
5.700000e-02  4.919347e-01
6.000000e-02  4.853391e-01
6.300000e-02  4.790982e-01
6.600000e-02  4.731781e-01
6.900000e-02  4.675498e-01
7.200000e-02  4.621876e-01
7.500000e-02  4.570694e-01
7.800000e-02  4.521752e-01
8.100000e-02  4.474876e-01
8.400000e-02  4.429911e-01
8.700000e-02  4.386718e-01
9.000000e-02  4.345171e-01
9.300000e-02  4.305158e-01
9.600000e-02  4.266578e-01
9.900000e-02  4.229339e-01
1.020000e-01  4.193356e-01
1.050000e-01  4.158554e-01
1.080000e-01  4.124862e-01
1.110000e-01  4.092217e-01
1.140000e-01  4.060561e-01
1.170000e-01  4.029838e-01
1.200000e-01  4.000000e-01
1.230000e-01  3.971000e-01
1.260000e-01  3.942796e-01
1.290000e-01  3.915347e-01
1.320000e-01  3.888618e-01
1.350000e-01  3.862573e-01
1.380000e-01  3.837182e-01
1.410000e-01  3.812414e-01
1.440000e-01  3.788242e-01
1.470000e-01  3.764639e-01
1.500000e-01  3.741580e-01
1.530000e-01  3.719044e-01
1.560000e-01  3.697008e-01
1.590000e-01  3.675452e-01
1.620000e-01  3.654357e-01
1.650000e-01  3.633705e-01
1.680000e-01  3.613479e-01
1.710000e-01  3.593662e-01
1.740000e-01  3.574240e-01
1.770000e-01  3.555199e-01
1.800000e-01  3.536523e-01
1.830000e-01  3.518201e-01
1.860000e-01  3.500220e-01
1.890000e-01  3.482569e-01
1.920000e-01  3.465236e-01
1.950000e-01  3.448211e-01
1.980000e-01  3.431483e-01
2.010000e-01  3.415044e-01
2.040000e-01  3.398883e-01
2.070000e-01  3.382993e-01
2.100000e-01  3.367364e-01
2.130000e-01  3.351989e-01
2.160000e-01  3.336860e-01
2.190000e-01  3.321970e-01
2.220000e-01  3.307312e-01
2.250000e-01  3.292879e-01
2.280000e-01  3.278665e-01
2.310000e-01  3.264663e-01
2.340000e-01  3.250868e-01
2.370000e-01  3.237274e-01
2.400000e-01  3.223875e-01
2.430000e-01  3.210667e-01
2.460000e-01  3.197644e-01
2.490000e-01  3.184801e-01
2.520000e-01  3.172134e-01
2.550000e-01  3.159638e-01
2.580000e-01  3.147309e-01
2.610000e-01  3.135142e-01
2.640000e-01  3.123135e-01
2.670000e-01  3.111282e-01
2.700000e-01  3.099580e-01
2.730000e-01  3.088025e-01
2.760000e-01  3.076615e-01
2.790000e-01  3.065344e-01
2.820000e-01  3.054212e-01
2.850000e-01  3.043213e-01
2.880000e-01  3.032345e-01
2.910000e-01  3.021606e-01
2.940000e-01  3.010992e-01
2.970000e-01  3.000500e-01
3.000000e-01  2.990128e-01
3.030000e-01  2.979874e-01
3.060000e-01  2.969734e-01
3.090000e-01  2.959706e-01
3.120000e-01  2.949789e-01
3.150000e-01  2.939979e-01
3.180000e-01  2.930275e-01
3.210000e-01  2.920673e-01
3.240000e-01  2.911173e-01
3.270000e-01  2.901772e-01
3.300000e-01  2.892469e-01
3.330000e-01  2.883260e-01
3.360000e-01  2.874145e-01
3.390000e-01  2.865122e-01
3.420000e-01  2.856188e-01
3.450000e-01  2.847343e-01
3.480000e-01  2.838584e-01
3.510000e-01  2.829910e-01
3.540000e-01  2.821319e-01
3.570000e-01  2.812809e-01
3.600000e-01  2.804381e-01
3.630000e-01  2.796030e-01
3.660000e-01  2.787757e-01
3.690000e-01  2.779561e-01
3.720000e-01  2.771438e-01
3.750000e-01  2.763389e-01
3.780000e-01  2.755412e-01
3.810000e-01  2.747506e-01
3.840000e-01  2.739670e-01
3.870000e-01  2.731901e-01
3.900000e-01  2.724200e-01
3.930000e-01  2.716566e-01
3.960000e-01  2.708996e-01
3.990000e-01  2.701490e-01
4.020000e-01  2.694047e-01
4.050000e-01  2.686666e-01
4.080000e-01  2.679345e-01
4.110000e-01  2.672085e-01
4.140000e-01  2.664883e-01
4.170000e-01  2.657739e-01
4.200000e-01  2.650653e-01
4.230000e-01  2.643622e-01
4.260000e-01  2.636647e-01
4.290000e-01  2.629727e-01
4.320000e-01  2.622860e-01
4.350000e-01  2.616045e-01
4.380000e-01  2.609283e-01
4.410000e-01  2.602572e-01
4.440000e-01  2.595911e-01
4.470000e-01  2.589300e-01
4.500000e-01  2.582738e-01
4.530000e-01  2.576225e-01
4.560000e-01  2.569758e-01
4.590000e-01  2.563339e-01
4.620000e-01  2.556966e-01
4.650000e-01  2.550638e-01
4.680000e-01  2.544356e-01
4.710000e-01  2.538117e-01
4.740000e-01  2.531922e-01
4.770000e-01  2.525770e-01
4.800000e-01  2.519661e-01
4.830000e-01  2.513593e-01
4.860000e-01  2.507567e-01
4.890000e-01  2.501581e-01
4.920000e-01  2.495636e-01
4.950000e-01  2.489730e-01
4.980000e-01  2.483863e-01
5.010000e-01  2.478035e-01
5.040000e-01  2.472245e-01
5.070000e-01  2.466492e-01
5.100000e-01  2.460776e-01
5.130000e-01  2.455097e-01
5.160000e-01  2.449454e-01
5.190000e-01  2.443847e-01
5.220000e-01  2.438275e-01
5.250000e-01  2.432737e-01
5.280000e-01  2.427234e-01
5.310000e-01  2.421765e-01
5.340000e-01  2.416329e-01
5.370000e-01  2.410926e-01
5.400000e-01  2.405556e-01
5.430000e-01  2.400218e-01
5.460000e-01  2.394912e-01
5.490000e-01  2.389637e-01
5.520000e-01  2.384393e-01
5.550000e-01  2.379180e-01
5.580000e-01  2.373997e-01
5.610000e-01  2.368844e-01
5.640000e-01  2.363721e-01
5.670000e-01  2.358627e-01
5.700000e-01  2.353562e-01
5.730000e-01  2.348525e-01
5.760000e-01  2.343516e-01
5.790000e-01  2.338536e-01
5.820000e-01  2.333583e-01
5.850000e-01  2.328657e-01
5.880000e-01  2.323758e-01
5.910000e-01  2.318886e-01
5.940000e-01  2.314040e-01
5.970000e-01  2.309220e-01
6.000000e-01  2.304425e-01
6.030000e-01  2.299657e-01
6.060000e-01  2.294913e-01
6.090000e-01  2.290194e-01
6.120000e-01  2.285500e-01
6.150000e-01  2.280830e-01
6.180000e-01  2.276184e-01
6.210000e-01  2.271562e-01
6.240000e-01  2.266964e-01
6.270000e-01  2.262389e-01
6.300000e-01  2.257836e-01
6.330000e-01  2.253307e-01
6.360000e-01  2.248800e-01
6.390000e-01  2.244316e-01
6.420000e-01  2.239853e-01
6.450000e-01  2.235413e-01
6.480000e-01  2.230993e-01
6.510000e-01  2.226596e-01
6.540000e-01  2.222219e-01
6.570000e-01  2.217864e-01
6.600000e-01  2.213529e-01
6.630000e-01  2.209214e-01
6.660000e-01  2.204920e-01
6.690000e-01  2.200646e-01
6.720000e-01  2.196392e-01
6.750000e-01  2.192158e-01
6.780000e-01  2.187943e-01
6.810000e-01  2.183747e-01
6.840000e-01  2.179570e-01
6.870000e-01  2.175413e-01
6.900000e-01  2.171274e-01
6.930000e-01  2.167153e-01
6.960000e-01  2.163051e-01
6.990000e-01  2.158967e-01
7.020000e-01  2.154901e-01
7.050000e-01  2.150853e-01
7.080000e-01  2.146822e-01
7.110000e-01  2.142809e-01
7.140000e-01  2.138813e-01
7.170000e-01  2.134835e-01
7.200000e-01  2.130873e-01
7.230000e-01  2.126928e-01
7.260000e-01  2.123000e-01
7.290000e-01  2.119088e-01
7.320000e-01  2.115193e-01
7.350000e-01  2.111313e-01
7.380000e-01  2.107450e-01
7.410000e-01  2.103603e-01
7.440000e-01  2.099771e-01
7.470000e-01  2.095955e-01
7.500000e-01  2.092154e-01
7.530000e-01  2.088369e-01
7.560000e-01  2.084598e-01
7.590000e-01  2.080843e-01
7.620000e-01  2.077102e-01
7.650000e-01  2.073377e-01
7.680000e-01  2.069666e-01
7.710000e-01  2.065969e-01
7.740000e-01  2.062287e-01
7.770000e-01  2.058619e-01
7.800000e-01  2.054964e-01
7.830000e-01  2.051324e-01
7.860000e-01  2.047698e-01
7.890000e-01  2.044085e-01
7.920000e-01  2.040487e-01
7.950000e-01  2.036901e-01
7.980000e-01  2.033329e-01
8.010000e-01  2.029770e-01
8.040000e-01  2.026224e-01
8.070000e-01  2.022691e-01
8.100000e-01  2.019171e-01
8.130000e-01  2.015663e-01
8.160000e-01  2.012169e-01
8.190000e-01  2.008687e-01
8.220000e-01  2.005217e-01
8.250000e-01  2.001759e-01
8.280000e-01  1.998314e-01
8.310000e-01  1.994881e-01
8.340000e-01  1.991460e-01
8.370000e-01  1.988051e-01
8.400000e-01  1.984653e-01
8.430000e-01  1.981268e-01
8.460000e-01  1.977894e-01
8.490000e-01  1.974531e-01
8.520000e-01  1.971180e-01
8.550000e-01  1.967840e-01
8.580000e-01  1.964511e-01
8.610000e-01  1.961193e-01
8.640000e-01  1.957887e-01
8.670000e-01  1.954591e-01
8.700000e-01  1.951306e-01
8.730000e-01  1.948032e-01
8.760000e-01  1.944769e-01
8.790000e-01  1.941516e-01
8.820000e-01  1.938274e-01
8.850000e-01  1.935042e-01
8.880000e-01  1.931820e-01
8.910000e-01  1.928608e-01
8.940000e-01  1.925407e-01
8.970000e-01  1.922216e-01
9.000000e-01  1.919034e-01
9.030000e-01  1.915863e-01
9.060000e-01  1.912701e-01
9.090000e-01  1.909550e-01
9.120000e-01  1.906407e-01
9.150000e-01  1.903275e-01
9.180000e-01  1.900151e-01
9.210000e-01  1.897037e-01
9.240000e-01  1.893933e-01
9.270000e-01  1.890838e-01
9.300000e-01  1.887752e-01
9.330000e-01  1.884675e-01
9.360000e-01  1.881607e-01
9.390000e-01  1.878548e-01
9.420000e-01  1.875498e-01
9.450000e-01  1.872457e-01
9.480000e-01  1.869424e-01
9.510000e-01  1.866400e-01
9.540000e-01  1.863385e-01
9.570000e-01  1.860379e-01
9.600000e-01  1.857380e-01
9.630000e-01  1.854391e-01
9.660000e-01  1.851409e-01
9.690000e-01  1.848436e-01
9.720000e-01  1.845471e-01
9.750000e-01  1.842514e-01
9.780000e-01  1.839566e-01
9.810000e-01  1.836625e-01
9.840000e-01  1.833692e-01
9.870000e-01  1.830767e-01
9.900000e-01  1.827850e-01
9.930000e-01  1.824941e-01
9.960000e-01  1.822039e-01
9.990000e-01  1.819145e-01
