000000  000001
3.000000e-03  8.835352e-01
6.000000e-03  8.161662e-01
9.000000e-03  7.690050e-01
1.200000e-02  7.329302e-01
1.500000e-02  7.038545e-01
1.800000e-02  6.795906e-01
2.100000e-02  6.588319e-01
2.400000e-02  6.407361e-01
2.700000e-02  6.247287e-01
3.000000e-02  6.104010e-01
3.300000e-02  5.974522e-01
3.600000e-02  5.856542e-01
3.900000e-02  5.748306e-01
4.200000e-02  5.648418e-01
4.500000e-02  5.555760e-01
4.800000e-02  5.469417e-01
5.100000e-02  5.388636e-01
5.400000e-02  5.312789e-01
5.700000e-02  5.241345e-01
6.000000e-02  5.173854e-01
6.300000e-02  5.109930e-01
6.600000e-02  5.049239e-01
6.900000e-02  4.991492e-01
7.200000e-02  4.936434e-01
7.500000e-02  4.883844e-01
7.800000e-02  4.833524e-01
8.100000e-02  4.785300e-01
8.400000e-02  4.739016e-01
8.700000e-02  4.694533e-01
9.000000e-02  4.651725e-01
9.300000e-02  4.610479e-01
9.600000e-02  4.570694e-01
9.900000e-02  4.532275e-01
1.020000e-01  4.495140e-01
1.050000e-01  4.459211e-01
1.080000e-01  4.424418e-01
1.110000e-01  4.390695e-01
1.140000e-01  4.357984e-01
1.170000e-01  4.326230e-01
1.200000e-01  4.295383e-01
1.230000e-01  4.265395e-01
1.260000e-01  4.236223e-01
1.290000e-01  4.207827e-01
1.320000e-01  4.180171e-01
1.350000e-01  4.153218e-01
1.380000e-01  4.126936e-01
1.410000e-01  4.101296e-01
1.440000e-01  4.076269e-01
1.470000e-01  4.051828e-01
1.500000e-01  4.027948e-01
1.530000e-01  4.004606e-01
1.560000e-01  3.981780e-01
1.590000e-01  3.959448e-01
1.620000e-01  3.937593e-01
1.650000e-01  3.916194e-01
1.680000e-01  3.895235e-01
1.710000e-01  3.874698e-01
1.740000e-01  3.854570e-01
1.770000e-01  3.834834e-01
1.800000e-01  3.815477e-01
1.830000e-01  3.796486e-01
1.860000e-01  3.777847e-01
1.890000e-01  3.759549e-01
1.920000e-01  3.741580e-01
1.950000e-01  3.723930e-01
1.980000e-01  3.706589e-01
2.010000e-01  3.689545e-01
2.040000e-01  3.672790e-01
2.070000e-01  3.656316e-01
2.100000e-01  3.640112e-01
2.130000e-01  3.624172e-01
2.160000e-01  3.608487e-01
2.190000e-01  3.593050e-01
2.220000e-01  3.577853e-01
2.250000e-01  3.562889e-01
2.280000e-01  3.548153e-01
2.310000e-01  3.533637e-01
2.340000e-01  3.519336e-01
2.370000e-01  3.505244e-01
2.400000e-01  3.491354e-01
2.430000e-01  3.477663e-01
2.460000e-01  3.464163e-01
2.490000e-01  3.450851e-01
2.520000e-01  3.437722e-01
2.550000e-01  3.424771e-01
2.580000e-01  3.411993e-01
2.610000e-01  3.399384e-01
2.640000e-01  3.386940e-01
2.670000e-01  3.374658e-01
2.700000e-01  3.362532e-01
2.730000e-01  3.350560e-01
2.760000e-01  3.338738e-01
2.790000e-01  3.327062e-01
2.820000e-01  3.315529e-01
2.850000e-01  3.304136e-01
2.880000e-01  3.292879e-01
2.910000e-01  3.281756e-01
2.940000e-01  3.270763e-01
2.970000e-01  3.259898e-01
3.000000e-01  3.249158e-01
3.030000e-01  3.238540e-01
3.060000e-01  3.228042e-01
3.090000e-01  3.217661e-01
3.120000e-01  3.207394e-01
3.150000e-01  3.197240e-01
3.180000e-01  3.187196e-01
3.210000e-01  3.177259e-01
3.240000e-01  3.167428e-01
3.270000e-01  3.157701e-01
3.300000e-01  3.148075e-01
3.330000e-01  3.138548e-01
3.360000e-01  3.129119e-01
3.390000e-01  3.119786e-01
3.420000e-01  3.110546e-01
3.450000e-01  3.101398e-01
3.480000e-01  3.092341e-01
3.510000e-01  3.083372e-01
3.540000e-01  3.074491e-01
3.570000e-01  3.065695e-01
3.600000e-01  3.056982e-01
3.630000e-01  3.048352e-01
3.660000e-01  3.039803e-01
3.690000e-01  3.031333e-01
3.720000e-01  3.022941e-01
3.750000e-01  3.014626e-01
3.780000e-01  3.006387e-01
3.810000e-01  2.998221e-01
3.840000e-01  2.990128e-01
3.870000e-01  2.982107e-01
3.900000e-01  2.974156e-01
3.930000e-01  2.966274e-01
3.960000e-01  2.958461e-01
3.990000e-01  2.950714e-01
4.020000e-01  2.943033e-01
4.050000e-01  2.935417e-01
4.080000e-01  2.927865e-01
4.110000e-01  2.920375e-01
4.140000e-01  2.912947e-01
4.170000e-01  2.905580e-01
4.200000e-01  2.898272e-01
4.230000e-01  2.891024e-01
4.260000e-01  2.883833e-01
4.290000e-01  2.876700e-01
4.320000e-01  2.869622e-01
4.350000e-01  2.862600e-01
4.380000e-01  2.855633e-01
4.410000e-01  2.848719e-01
4.440000e-01  2.841858e-01
4.470000e-01  2.835050e-01
4.500000e-01  2.828293e-01
4.530000e-01  2.821586e-01
4.560000e-01  2.814929e-01
4.590000e-01  2.808322e-01
4.620000e-01  2.801763e-01
4.650000e-01  2.795251e-01
4.680000e-01  2.788787e-01
4.710000e-01  2.782370e-01
4.740000e-01  2.775998e-01
4.770000e-01  2.769671e-01
4.800000e-01  2.763389e-01
4.830000e-01  2.757151e-01
4.860000e-01  2.750956e-01
4.890000e-01  2.744805e-01
4.920000e-01  2.738695e-01
4.950000e-01  2.732627e-01
4.980000e-01  2.726600e-01
5.010000e-01  2.720613e-01
5.040000e-01  2.714667e-01
5.070000e-01  2.708760e-01
5.100000e-01  2.702892e-01
5.130000e-01  2.697063e-01
5.160000e-01  2.691272e-01
5.190000e-01  2.685518e-01
5.220000e-01  2.679801e-01
5.250000e-01  2.674121e-01
5.280000e-01  2.668477e-01
5.310000e-01  2.662868e-01
5.340000e-01  2.657295e-01
5.370000e-01  2.651756e-01
5.400000e-01  2.646252e-01
5.430000e-01  2.640782e-01
5.460000e-01  2.635346e-01
5.490000e-01  2.629942e-01
5.520000e-01  2.624571e-01
5.550000e-01  2.619233e-01
5.580000e-01  2.613926e-01
5.610000e-01  2.608652e-01
5.640000e-01  2.603408e-01
5.670000e-01  2.598195e-01
5.700000e-01  2.593013e-01
5.730000e-01  2.587861e-01
5.760000e-01  2.582738e-01
5.790000e-01  2.577645e-01
5.820000e-01  2.572582e-01
5.850000e-01  2.567547e-01
5.880000e-01  2.562540e-01
5.910000e-01  2.557562e-01
5.940000e-01  2.552611e-01
5.970000e-01  2.547688e-01
6.000000e-01  2.542792e-01
6.030000e-01  2.537923e-01
6.060000e-01  2.533080e-01
6.090000e-01  2.528264e-01
6.120000e-01  2.523474e-01
6.150000e-01  2.518710e-01
6.180000e-01  2.513971e-01
6.210000e-01  2.509258e-01
6.240000e-01  2.504569e-01
6.270000e-01  2.499905e-01
6.300000e-01  2.495266e-01
6.330000e-01  2.490650e-01
6.360000e-01  2.486059e-01
6.390000e-01  2.481491e-01
6.420000e-01  2.476946e-01
6.450000e-01  2.472425e-01
6.480000e-01  2.467927e-01
6.510000e-01  2.463451e-01
6.540000e-01  2.458998e-01
6.570000e-01  2.454567e-01
6.600000e-01  2.450158e-01
6.630000e-01  2.445770e-01
6.660000e-01  2.441405e-01
6.690000e-01  2.437060e-01
6.720000e-01  2.432737e-01
6.750000e-01  2.428435e-01
6.780000e-01  2.424154e-01
6.810000e-01  2.419893e-01
6.840000e-01  2.415652e-01
6.870000e-01  2.411431e-01
6.900000e-01  2.407231e-01
6.930000e-01  2.403050e-01
6.960000e-01  2.398888e-01
6.990000e-01  2.394746e-01
7.020000e-01  2.390624e-01
7.050000e-01  2.386520e-01
7.080000e-01  2.382435e-01
7.110000e-01  2.378368e-01
7.140000e-01  2.374320e-01
7.170000e-01  2.370290e-01
7.200000e-01  2.366279e-01
7.230000e-01  2.362285e-01
7.260000e-01  2.358309e-01
7.290000e-01  2.354351e-01
7.320000e-01  2.350410e-01
7.350000e-01  2.346487e-01
7.380000e-01  2.342580e-01
7.410000e-01  2.338691e-01
7.440000e-01  2.334818e-01
7.470000e-01  2.330962e-01
7.500000e-01  2.327123e-01
7.530000e-01  2.323300e-01
7.560000e-01  2.319493e-01
7.590000e-01  2.315703e-01
7.620000e-01  2.311928e-01
7.650000e-01  2.308169e-01
7.680000e-01  2.304425e-01
7.710000e-01  2.300698e-01
7.740000e-01  2.296985e-01
7.770000e-01  2.293288e-01
7.800000e-01  2.289606e-01
7.830000e-01  2.285939e-01
7.860000e-01  2.282287e-01
7.890000e-01  2.278649e-01
7.920000e-01  2.275026e-01
7.950000e-01  2.271418e-01
7.980000e-01  2.267824e-01
8.010000e-01  2.264244e-01
8.040000e-01  2.260679e-01
8.070000e-01  2.257127e-01
8.100000e-01  2.253589e-01
8.130000e-01  2.250065e-01
8.160000e-01  2.246555e-01
8.190000e-01  2.243058e-01
8.220000e-01  2.239575e-01
8.250000e-01  2.236105e-01
8.280000e-01  2.232648e-01
8.310000e-01  2.229204e-01
8.340000e-01  2.225774e-01
8.370000e-01  2.222356e-01
8.400000e-01  2.218950e-01
8.430000e-01  2.215558e-01
8.460000e-01  2.212178e-01
8.490000e-01  2.208811e-01
8.520000e-01  2.205456e-01
8.550000e-01  2.202113e-01
8.580000e-01  2.198783e-01
8.610000e-01  2.195464e-01
8.640000e-01  2.192158e-01
8.670000e-01  2.188863e-01
8.700000e-01  2.185580e-01
8.730000e-01  2.182309e-01
8.760000e-01  2.179050e-01
8.790000e-01  2.175802e-01
8.820000e-01  2.172565e-01
8.850000e-01  2.169340e-01
8.880000e-01  2.166126e-01
8.910000e-01  2.162923e-01
8.940000e-01  2.159731e-01
8.970000e-01  2.156551e-01
9.000000e-01  2.153381e-01
9.030000e-01  2.150222e-01
9.060000e-01  2.147074e-01
9.090000e-01  2.143936e-01
9.120000e-01  2.140809e-01
9.150000e-01  2.137693e-01
9.180000e-01  2.134587e-01
9.210000e-01  2.131491e-01
9.240000e-01  2.128406e-01
9.270000e-01  2.125330e-01
9.300000e-01  2.122265e-01
9.330000e-01  2.119210e-01
9.360000e-01  2.116165e-01
9.390000e-01  2.113130e-01
9.420000e-01  2.110104e-01
9.450000e-01  2.107089e-01
9.480000e-01  2.104083e-01
9.510000e-01  2.101086e-01
9.540000e-01  2.098099e-01
9.570000e-01  2.095122e-01
9.600000e-01  2.092154e-01
9.630000e-01  2.089195e-01
9.660000e-01  2.086246e-01
9.690000e-01  2.083306e-01
9.720000e-01  2.080375e-01
9.750000e-01  2.077453e-01
9.780000e-01  2.074540e-01
9.810000e-01  2.071635e-01
9.840000e-01  2.068740e-01
9.870000e-01  2.065854e-01
9.900000e-01  2.062976e-01
9.930000e-01  2.060107e-01
9.960000e-01  2.057247e-01
9.990000e-01  2.054395e-01
