000000  000001
3.000000e-03  8.438188e-01
6.000000e-03  7.659066e-01
9.000000e-03  7.143745e-01
1.200000e-02  6.761940e-01
1.500000e-02  6.460589e-01
1.800000e-02  6.212856e-01
2.100000e-02  6.003309e-01
2.400000e-02  5.822272e-01
2.700000e-02  5.663290e-01
3.000000e-02  5.521848e-01
3.300000e-02  5.394667e-01
3.600000e-02  5.279296e-01
3.900000e-02  5.173854e-01
4.200000e-02  5.076868e-01
4.500000e-02  4.987164e-01
4.800000e-02  4.903792e-01
5.100000e-02  4.825973e-01
5.400000e-02  4.753059e-01
5.700000e-02  4.684510e-01
6.000000e-02  4.619864e-01
6.300000e-02  4.558731e-01
6.600000e-02  4.500773e-01
6.900000e-02  4.445698e-01
7.200000e-02  4.393253e-01
7.500000e-02  4.343213e-01
7.800000e-02  4.295383e-01
8.100000e-02  4.249588e-01
8.400000e-02  4.205674e-01
8.700000e-02  4.163503e-01
9.000000e-02  4.122951e-01
9.300000e-02  4.083906e-01
9.600000e-02  4.046268e-01
9.900000e-02  4.009946e-01
1.020000e-01  3.974857e-01
1.050000e-01  3.940925e-01
1.080000e-01  3.908081e-01
1.110000e-01  3.876263e-01
1.140000e-01  3.845413e-01
1.170000e-01  3.815477e-01
1.200000e-01  3.786406e-01
1.230000e-01  3.758155e-01
1.260000e-01  3.730682e-01
1.290000e-01  3.703947e-01
1.320000e-01  3.677915e-01
1.350000e-01  3.652553e-01
1.380000e-01  3.627828e-01
1.410000e-01  3.603711e-01
1.440000e-01  3.580175e-01
1.470000e-01  3.557195e-01
1.500000e-01  3.534746e-01
1.530000e-01  3.512806e-01
1.560000e-01  3.491354e-01
1.590000e-01  3.470370e-01
1.620000e-01  3.449835e-01
1.650000e-01  3.429731e-01
1.680000e-01  3.410042e-01
1.710000e-01  3.390752e-01
1.740000e-01  3.371846e-01
1.770000e-01  3.353310e-01
1.800000e-01  3.335130e-01
1.830000e-01  3.317294e-01
1.860000e-01  3.299790e-01
1.890000e-01  3.282607e-01
1.920000e-01  3.265733e-01
1.950000e-01  3.249158e-01
1.980000e-01  3.232873e-01
2.010000e-01  3.216867e-01
2.040000e-01  3.201132e-01
2.070000e-01  3.185660e-01
2.100000e-01  3.170442e-01
2.130000e-01  3.155470e-01
2.160000e-01  3.140738e-01
2.190000e-01  3.126237e-01
2.220000e-01  3.111961e-01
2.250000e-01  3.097904e-01
2.280000e-01  3.084059e-01
2.310000e-01  3.070421e-01
2.340000e-01  3.056982e-01
2.370000e-01  3.043739e-01
2.400000e-01  3.030685e-01
2.430000e-01  3.017816e-01
2.460000e-01  3.005126e-01
2.490000e-01  2.992611e-01
2.520000e-01  2.980266e-01
2.550000e-01  2.968087e-01
2.580000e-01  2.956070e-01
2.610000e-01  2.944211e-01
2.640000e-01  2.932505e-01
2.670000e-01  2.920949e-01
2.700000e-01  2.909539e-01
2.730000e-01  2.898272e-01
2.760000e-01  2.887145e-01
2.790000e-01  2.876153e-01
2.820000e-01  2.865295e-01
2.850000e-01  2.854566e-01
2.880000e-01  2.843964e-01
2.910000e-01  2.833486e-01
2.940000e-01  2.823129e-01
2.970000e-01  2.812891e-01
3.000000e-01  2.802769e-01
3.030000e-01  2.792760e-01
3.060000e-01  2.782862e-01
3.090000e-01  2.773072e-01
3.120000e-01  2.763389e-01
3.150000e-01  2.753810e-01
3.180000e-01  2.744333e-01
3.210000e-01  2.734956e-01
3.240000e-01  2.725676e-01
3.270000e-01  2.716493e-01
3.300000e-01  2.707403e-01
3.330000e-01  2.698405e-01
3.360000e-01  2.689497e-01
3.390000e-01  2.680678e-01
3.420000e-01  2.671945e-01
3.450000e-01  2.663298e-01
3.480000e-01  2.654734e-01
3.510000e-01  2.646252e-01
3.540000e-01  2.637851e-01
3.570000e-01  2.629528e-01
3.600000e-01  2.621282e-01
3.630000e-01  2.613113e-01
3.660000e-01  2.605018e-01
3.690000e-01  2.596997e-01
3.720000e-01  2.589047e-01
3.750000e-01  2.581168e-01
3.780000e-01  2.573359e-01
3.810000e-01  2.565618e-01
3.840000e-01  2.557943e-01
3.870000e-01  2.550335e-01
3.900000e-01  2.542792e-01
3.930000e-01  2.535312e-01
3.960000e-01  2.527895e-01
3.990000e-01  2.520540e-01
4.020000e-01  2.513245e-01
4.050000e-01  2.506009e-01
4.080000e-01  2.498832e-01
4.110000e-01  2.491713e-01
4.140000e-01  2.484651e-01
4.170000e-01  2.477644e-01
4.200000e-01  2.470692e-01
4.230000e-01  2.463794e-01
4.260000e-01  2.456950e-01
4.290000e-01  2.450158e-01
4.320000e-01  2.443417e-01
4.350000e-01  2.436727e-01
4.380000e-01  2.430087e-01
4.410000e-01  2.423497e-01
4.440000e-01  2.416954e-01
4.470000e-01  2.410460e-01
4.500000e-01  2.404013e-01
4.530000e-01  2.397612e-01
4.560000e-01  2.391257e-01
4.590000e-01  2.384946e-01
4.620000e-01  2.378680e-01
4.650000e-01  2.372458e-01
4.680000e-01  2.366279e-01
4.710000e-01  2.360142e-01
4.740000e-01  2.354047e-01
4.770000e-01  2.347994e-01
4.800000e-01  2.341981e-01
4.830000e-01  2.336008e-01
4.860000e-01  2.330075e-01
4.890000e-01  2.324181e-01
4.920000e-01  2.318325e-01
4.950000e-01  2.312507e-01
4.980000e-01  2.306727e-01
5.010000e-01  2.300984e-01
5.040000e-01  2.295277e-01
5.070000e-01  2.289606e-01
5.100000e-01  2.283971e-01
5.130000e-01  2.278370e-01
5.160000e-01  2.272804e-01
5.190000e-01  2.267273e-01
5.220000e-01  2.261774e-01
5.250000e-01  2.256310e-01
5.280000e-01  2.250877e-01
5.310000e-01  2.245478e-01
5.340000e-01  2.240110e-01
5.370000e-01  2.234774e-01
5.400000e-01  2.229469e-01
5.430000e-01  2.224194e-01
5.460000e-01  2.218950e-01
5.490000e-01  2.213737e-01
5.520000e-01  2.208552e-01
5.550000e-01  2.203397e-01
5.580000e-01  2.198271e-01
5.610000e-01  2.193174e-01
5.640000e-01  2.188104e-01
5.670000e-01  2.183063e-01
5.700000e-01  2.178049e-01
5.730000e-01  2.173062e-01
5.760000e-01  2.168102e-01
5.790000e-01  2.163169e-01
5.820000e-01  2.158262e-01
5.850000e-01  2.153381e-01
5.880000e-01  2.148526e-01
5.910000e-01  2.143695e-01
5.940000e-01  2.138890e-01
5.970000e-01  2.134110e-01
6.000000e-01  2.129354e-01
6.030000e-01  2.124622e-01
6.060000e-01  2.119914e-01
6.090000e-01  2.115230e-01
6.120000e-01  2.110569e-01
6.150000e-01  2.105931e-01
6.180000e-01  2.101316e-01
6.210000e-01  2.096724e-01
6.240000e-01  2.092154e-01
6.270000e-01  2.087606e-01
6.300000e-01  2.083080e-01
6.330000e-01  2.078575e-01
6.360000e-01  2.074092e-01
6.390000e-01  2.069630e-01
6.420000e-01  2.065189e-01
6.450000e-01  2.060768e-01
6.480000e-01  2.056368e-01
6.510000e-01  2.051988e-01
6.540000e-01  2.047629e-01
6.570000e-01  2.043288e-01
6.600000e-01  2.038968e-01
6.630000e-01  2.034667e-01
6.660000e-01  2.030385e-01
6.690000e-01  2.026122e-01
6.720000e-01  2.021877e-01
6.750000e-01  2.017652e-01
6.780000e-01  2.013444e-01
6.810000e-01  2.009255e-01
6.840000e-01  2.005084e-01
6.870000e-01  2.000930e-01
6.900000e-01  1.996794e-01
6.930000e-01  1.992676e-01
6.960000e-01  1.988575e-01
6.990000e-01  1.984490e-01
7.020000e-01  1.980423e-01
7.050000e-01  1.976373e-01
7.080000e-01  1.972338e-01
7.110000e-01  1.968321e-01
7.140000e-01  1.964319e-01
7.170000e-01  1.960334e-01
7.200000e-01  1.956364e-01
7.230000e-01  1.952411e-01
7.260000e-01  1.948472e-01
7.290000e-01  1.944550e-01
7.320000e-01  1.940642e-01
7.350000e-01  1.936750e-01
7.380000e-01  1.932872e-01
7.410000e-01  1.929009e-01
7.440000e-01  1.925161e-01
7.470000e-01  1.921328e-01
7.500000e-01  1.917509e-01
7.530000e-01  1.913704e-01
7.560000e-01  1.909913e-01
7.590000e-01  1.906136e-01
7.620000e-01  1.902373e-01
7.650000e-01  1.898623e-01
7.680000e-01  1.894887e-01
7.710000e-01  1.891165e-01
7.740000e-01  1.887456e-01
7.770000e-01  1.883759e-01
7.800000e-01  1.880076e-01
7.830000e-01  1.876406e-01
7.860000e-01  1.872749e-01
7.890000e-01  1.869104e-01
7.920000e-01  1.865472e-01
7.950000e-01  1.861852e-01
7.980000e-01  1.858244e-01
8.010000e-01  1.854649e-01
8.040000e-01  1.851066e-01
8.070000e-01  1.847494e-01
8.100000e-01  1.843935e-01
8.130000e-01  1.840387e-01
8.160000e-01  1.836851e-01
8.190000e-01  1.833326e-01
8.220000e-01  1.829812e-01
8.250000e-01  1.826310e-01
8.280000e-01  1.822819e-01
8.310000e-01  1.819339e-01
8.340000e-01  1.815870e-01
8.370000e-01  1.812412e-01
8.400000e-01  1.808965e-01
8.430000e-01  1.805528e-01
8.460000e-01  1.802102e-01
8.490000e-01  1.798686e-01
8.520000e-01  1.795281e-01
8.550000e-01  1.791885e-01
8.580000e-01  1.788500e-01
8.610000e-01  1.785125e-01
8.640000e-01  1.781760e-01
8.670000e-01  1.778405e-01
8.700000e-01  1.775060e-01
8.730000e-01  1.771724e-01
8.760000e-01  1.768398e-01
8.790000e-01  1.765081e-01
8.820000e-01  1.761774e-01
8.850000e-01  1.758476e-01
8.880000e-01  1.755187e-01
8.910000e-01  1.751907e-01
8.940000e-01  1.748637e-01
8.970000e-01  1.745375e-01
9.000000e-01  1.742122e-01
9.030000e-01  1.738878e-01
9.060000e-01  1.735643e-01
9.090000e-01  1.732416e-01
9.120000e-01  1.729198e-01
9.150000e-01  1.725989e-01
9.180000e-01  1.722787e-01
9.210000e-01  1.719594e-01
9.240000e-01  1.716410e-01
9.270000e-01  1.713233e-01
9.300000e-01  1.710064e-01
9.330000e-01  1.706904e-01
9.360000e-01  1.703751e-01
9.390000e-01  1.700606e-01
9.420000e-01  1.697469e-01
9.450000e-01  1.694340e-01
9.480000e-01  1.691218e-01
9.510000e-01  1.688104e-01
9.540000e-01  1.684997e-01
9.570000e-01  1.681897e-01
9.600000e-01  1.678805e-01
9.630000e-01  1.675720e-01
9.660000e-01  1.672642e-01
9.690000e-01  1.669572e-01
9.720000e-01  1.666508e-01
9.750000e-01  1.663451e-01
9.780000e-01  1.660401e-01
9.810000e-01  1.657358e-01
9.840000e-01  1.654322e-01
9.870000e-01  1.651292e-01
9.900000e-01  1.648269e-01
9.930000e-01  1.645253e-01
9.960000e-01  1.642243e-01
9.990000e-01  1.639239e-01
