000000  000001
3.000000e-03  8.502923e-01
6.000000e-03  7.738452e-01
9.000000e-03  7.228640e-01
1.200000e-02  6.849210e-01
1.500000e-02  6.548857e-01
1.800000e-02  6.301433e-01
2.100000e-02  6.091818e-01
2.400000e-02  5.910501e-01
2.700000e-02  5.751116e-01
3.000000e-02  5.609198e-01
3.300000e-02  5.481503e-01
3.600000e-02  5.365597e-01
3.900000e-02  5.259612e-01
4.200000e-02  5.162083e-01
4.500000e-02  5.071842e-01
4.800000e-02  4.987943e-01
5.100000e-02  4.909607e-01
5.400000e-02  4.836189e-01
5.700000e-02  4.767148e-01
6.000000e-02  4.702025e-01
6.300000e-02  4.640428e-01
6.600000e-02  4.582019e-01
6.900000e-02  4.526507e-01
7.200000e-02  4.473636e-01
7.500000e-02  4.423184e-01
7.800000e-02  4.374954e-01
8.100000e-02  4.328771e-01
8.400000e-02  4.284479e-01
8.700000e-02  4.241942e-01
9.000000e-02  4.201033e-01
9.300000e-02  4.161642e-01
9.600000e-02  4.123668e-01
9.900000e-02  4.087018e-01
1.020000e-01  4.051610e-01
1.050000e-01  4.017368e-01
1.080000e-01  3.984223e-01
1.110000e-01  3.952111e-01
1.140000e-01  3.920974e-01
1.170000e-01  3.890759e-01
1.200000e-01  3.861416e-01
1.230000e-01  3.832899e-01
1.260000e-01  3.805167e-01
1.290000e-01  3.778179e-01
1.320000e-01  3.751901e-01
1.350000e-01  3.726297e-01
1.380000e-01  3.701337e-01
1.410000e-01  3.676990e-01
1.440000e-01  3.653230e-01
1.470000e-01  3.630030e-01
1.500000e-01  3.607366e-01
1.530000e-01  3.585216e-01
1.560000e-01  3.563559e-01
1.590000e-01  3.542373e-01
1.620000e-01  3.521641e-01
1.650000e-01  3.501345e-01
1.680000e-01  3.481467e-01
1.710000e-01  3.461992e-01
1.740000e-01  3.442905e-01
1.770000e-01  3.424191e-01
1.800000e-01  3.405838e-01
1.830000e-01  3.387832e-01
1.860000e-01  3.370161e-01
1.890000e-01  3.352814e-01
1.920000e-01  3.335779e-01
1.950000e-01  3.319047e-01
1.980000e-01  3.302607e-01
2.010000e-01  3.286450e-01
2.040000e-01  3.270566e-01
2.070000e-01  3.254948e-01
2.100000e-01  3.239587e-01
2.130000e-01  3.224475e-01
2.160000e-01  3.209604e-01
2.190000e-01  3.194968e-01
2.220000e-01  3.180559e-01
2.250000e-01  3.166372e-01
2.280000e-01  3.152398e-01
2.310000e-01  3.138633e-01
2.340000e-01  3.125071e-01
2.370000e-01  3.111706e-01
2.400000e-01  3.098533e-01
2.430000e-01  3.085546e-01
2.460000e-01  3.072741e-01
2.490000e-01  3.060112e-01
2.520000e-01  3.047656e-01
2.550000e-01  3.035368e-01
2.580000e-01  3.023243e-01
2.610000e-01  3.011277e-01
2.640000e-01  2.999467e-01
2.670000e-01  2.987809e-01
2.700000e-01  2.976298e-01
2.730000e-01  2.964932e-01
2.760000e-01  2.953707e-01
2.790000e-01  2.942620e-01
2.820000e-01  2.931667e-01
2.850000e-01  2.920845e-01
2.880000e-01  2.910152e-01
2.910000e-01  2.899585e-01
2.940000e-01  2.889140e-01
2.970000e-01  2.878814e-01
3.000000e-01  2.868607e-01
3.030000e-01  2.858514e-01
3.060000e-01  2.848533e-01
3.090000e-01  2.838662e-01
3.120000e-01  2.828899e-01
3.150000e-01  2.819241e-01
3.180000e-01  2.809687e-01
3.210000e-01  2.800233e-01
3.240000e-01  2.790879e-01
3.270000e-01  2.781621e-01
3.300000e-01  2.772459e-01
3.330000e-01  2.763389e-01
3.360000e-01  2.754411e-01
3.390000e-01  2.745523e-01
3.420000e-01  2.736722e-01
3.450000e-01  2.728008e-01
3.480000e-01  2.719378e-01
3.510000e-01  2.710831e-01
3.540000e-01  2.702366e-01
3.570000e-01  2.693980e-01
3.600000e-01  2.685673e-01
3.630000e-01  2.677443e-01
3.660000e-01  2.669288e-01
3.690000e-01  2.661207e-01
3.720000e-01  2.653200e-01
3.750000e-01  2.645264e-01
3.780000e-01  2.637399e-01
3.810000e-01  2.629602e-01
3.840000e-01  2.621874e-01
3.870000e-01  2.614213e-01
3.900000e-01  2.606617e-01
3.930000e-01  2.599085e-01
3.960000e-01  2.591618e-01
3.990000e-01  2.584212e-01
4.020000e-01  2.576868e-01
4.050000e-01  2.569584e-01
4.080000e-01  2.562360e-01
4.110000e-01  2.555194e-01
4.140000e-01  2.548086e-01
4.170000e-01  2.541034e-01
4.200000e-01  2.534038e-01
4.230000e-01  2.527097e-01
4.260000e-01  2.520210e-01
4.290000e-01  2.513376e-01
4.320000e-01  2.506594e-01
4.350000e-01  2.499863e-01
4.380000e-01  2.493184e-01
4.410000e-01  2.486554e-01
4.440000e-01  2.479973e-01
4.470000e-01  2.473441e-01
4.500000e-01  2.466957e-01
4.530000e-01  2.460520e-01
4.560000e-01  2.454129e-01
4.590000e-01  2.447784e-01
4.620000e-01  2.441483e-01
4.650000e-01  2.435227e-01
4.680000e-01  2.429015e-01
4.710000e-01  2.422846e-01
4.740000e-01  2.416720e-01
4.770000e-01  2.410635e-01
4.800000e-01  2.404592e-01
4.830000e-01  2.398589e-01
4.860000e-01  2.392627e-01
4.890000e-01  2.386704e-01
4.920000e-01  2.380820e-01
4.950000e-01  2.374975e-01
4.980000e-01  2.369168e-01
5.010000e-01  2.363399e-01
5.040000e-01  2.357666e-01
5.070000e-01  2.351970e-01
5.100000e-01  2.346310e-01
5.130000e-01  2.340686e-01
5.160000e-01  2.335097e-01
5.190000e-01  2.329542e-01
5.220000e-01  2.324022e-01
5.250000e-01  2.318536e-01
5.280000e-01  2.313082e-01
5.310000e-01  2.307662e-01
5.340000e-01  2.302274e-01
5.370000e-01  2.296918e-01
5.400000e-01  2.291595e-01
5.430000e-01  2.286302e-01
5.460000e-01  2.281040e-01
5.490000e-01  2.275809e-01
5.520000e-01  2.270608e-01
5.550000e-01  2.265436e-01
5.580000e-01  2.260294e-01
5.610000e-01  2.255181e-01
5.640000e-01  2.250097e-01
5.670000e-01  2.245041e-01
5.700000e-01  2.240013e-01
5.730000e-01  2.235013e-01
5.760000e-01  2.230041e-01
5.790000e-01  2.225095e-01
5.820000e-01  2.220176e-01
5.850000e-01  2.215284e-01
5.880000e-01  2.210417e-01
5.910000e-01  2.205577e-01
5.940000e-01  2.200761e-01
5.970000e-01  2.195972e-01
6.000000e-01  2.191207e-01
6.030000e-01  2.186466e-01
6.060000e-01  2.181750e-01
6.090000e-01  2.177058e-01
6.120000e-01  2.172391e-01
6.150000e-01  2.167746e-01
6.180000e-01  2.163125e-01
6.210000e-01  2.158527e-01
6.240000e-01  2.153951e-01
6.270000e-01  2.149398e-01
6.300000e-01  2.144868e-01
6.330000e-01  2.140359e-01
6.360000e-01  2.135873e-01
6.390000e-01  2.131407e-01
6.420000e-01  2.126964e-01
6.450000e-01  2.122541e-01
6.480000e-01  2.118139e-01
6.510000e-01  2.113758e-01
6.540000e-01  2.109397e-01
6.570000e-01  2.105056e-01
6.600000e-01  2.100736e-01
6.630000e-01  2.096435e-01
6.660000e-01  2.092154e-01
6.690000e-01  2.087892e-01
6.720000e-01  2.083650e-01
6.750000e-01  2.079426e-01
6.780000e-01  2.075221e-01
6.810000e-01  2.071035e-01
6.840000e-01  2.066867e-01
6.870000e-01  2.062717e-01
6.900000e-01  2.058586e-01
6.930000e-01  2.054472e-01
6.960000e-01  2.050376e-01
6.990000e-01  2.046297e-01
7.020000e-01  2.042236e-01
7.050000e-01  2.038191e-01
7.080000e-01  2.034164e-01
7.110000e-01  2.030154e-01
7.140000e-01  2.026160e-01
7.170000e-01  2.022183e-01
7.200000e-01  2.018221e-01
7.230000e-01  2.014277e-01
7.260000e-01  2.010348e-01
7.290000e-01  2.006434e-01
7.320000e-01  2.002537e-01
7.350000e-01  1.998655e-01
7.380000e-01  1.994788e-01
7.410000e-01  1.990937e-01
7.440000e-01  1.987101e-01
7.470000e-01  1.983279e-01
7.500000e-01  1.979473e-01
7.530000e-01  1.975681e-01
7.560000e-01  1.971903e-01
7.590000e-01  1.968140e-01
7.620000e-01  1.964391e-01
7.650000e-01  1.960657e-01
7.680000e-01  1.956936e-01
7.710000e-01  1.953229e-01
7.740000e-01  1.949535e-01
7.770000e-01  1.945855e-01
7.800000e-01  1.942189e-01
7.830000e-01  1.938536e-01
7.860000e-01  1.934896e-01
7.890000e-01  1.931270e-01
7.920000e-01  1.927656e-01
7.950000e-01  1.924055e-01
7.980000e-01  1.920466e-01
8.010000e-01  1.916890e-01
8.040000e-01  1.913327e-01
8.070000e-01  1.909776e-01
8.100000e-01  1.906238e-01
8.130000e-01  1.902711e-01
8.160000e-01  1.899196e-01
8.190000e-01  1.895694e-01
8.220000e-01  1.892203e-01
8.250000e-01  1.888724e-01
8.280000e-01  1.885256e-01
8.310000e-01  1.881800e-01
8.340000e-01  1.878355e-01
8.370000e-01  1.874922e-01
8.400000e-01  1.871500e-01
8.430000e-01  1.868088e-01
8.460000e-01  1.864688e-01
8.490000e-01  1.861299e-01
8.520000e-01  1.857920e-01
8.550000e-01  1.854552e-01
8.580000e-01  1.851195e-01
8.610000e-01  1.847848e-01
8.640000e-01  1.844511e-01
8.670000e-01  1.841185e-01
8.700000e-01  1.837869e-01
8.730000e-01  1.834563e-01
8.760000e-01  1.831267e-01
8.790000e-01  1.827981e-01
8.820000e-01  1.824705e-01
8.850000e-01  1.821439e-01
8.880000e-01  1.818182e-01
8.910000e-01  1.814935e-01
8.940000e-01  1.811697e-01
8.970000e-01  1.808469e-01
9.000000e-01  1.805250e-01
9.030000e-01  1.802040e-01
9.060000e-01  1.798840e-01
9.090000e-01  1.795648e-01
9.120000e-01  1.792466e-01
9.150000e-01  1.789292e-01
9.180000e-01  1.786128e-01
9.210000e-01  1.782972e-01
9.240000e-01  1.779825e-01
9.270000e-01  1.776686e-01
9.300000e-01  1.773556e-01
9.330000e-01  1.770434e-01
9.360000e-01  1.767321e-01
9.390000e-01  1.764216e-01
9.420000e-01  1.761119e-01
9.450000e-01  1.758031e-01
9.480000e-01  1.754950e-01
9.510000e-01  1.751878e-01
9.540000e-01  1.748813e-01
9.570000e-01  1.745757e-01
9.600000e-01  1.742708e-01
9.630000e-01  1.739667e-01
9.660000e-01  1.736633e-01
9.690000e-01  1.733607e-01
9.720000e-01  1.730589e-01
9.750000e-01  1.727578e-01
9.780000e-01  1.724574e-01
9.810000e-01  1.721578e-01
9.840000e-01  1.718589e-01
9.870000e-01  1.715608e-01
9.900000e-01  1.712633e-01
9.930000e-01  1.709665e-01
9.960000e-01  1.706705e-01
9.990000e-01  1.703751e-01
