000000  000001
3.000000e-03  7.038545e-01
6.000000e-03  6.104010e-01
9.000000e-03  5.555760e-01
1.200000e-02  5.173854e-01
1.500000e-02  4.883844e-01
1.800000e-02  4.651725e-01
2.100000e-02  4.459211e-01
2.400000e-02  4.295383e-01
2.700000e-02  4.153218e-01
3.000000e-02  4.027948e-01
3.300000e-02  3.916194e-01
3.600000e-02  3.815477e-01
3.900000e-02  3.723930e-01
4.200000e-02  3.640112e-01
4.500000e-02  3.562889e-01
4.800000e-02  3.491354e-01
5.100000e-02  3.424771e-01
5.400000e-02  3.362532e-01
5.700000e-02  3.304136e-01
6.000000e-02  3.249158e-01
6.300000e-02  3.197240e-01
6.600000e-02  3.148075e-01
6.900000e-02  3.101398e-01
7.200000e-02  3.056982e-01
7.500000e-02  3.014626e-01
7.800000e-02  2.974156e-01
8.100000e-02  2.935417e-01
8.400000e-02  2.898272e-01
8.700000e-02  2.862600e-01
9.000000e-02  2.828293e-01
9.300000e-02  2.795251e-01
9.600000e-02  2.763389e-01
9.900000e-02  2.732627e-01
1.020000e-01  2.702892e-01
1.050000e-01  2.674121e-01
1.080000e-01  2.646252e-01
1.110000e-01  2.619233e-01
1.140000e-01  2.593013e-01
1.170000e-01  2.567547e-01
1.200000e-01  2.542792e-01
1.230000e-01  2.518710e-01
1.260000e-01  2.495266e-01
1.290000e-01  2.472425e-01
1.320000e-01  2.450158e-01
1.350000e-01  2.428435e-01
1.380000e-01  2.407231e-01
1.410000e-01  2.386520e-01
1.440000e-01  2.366279e-01
1.470000e-01  2.346487e-01
1.500000e-01  2.327123e-01
1.530000e-01  2.308169e-01
1.560000e-01  2.289606e-01
1.590000e-01  2.271418e-01
1.620000e-01  2.253589e-01
1.650000e-01  2.236105e-01
1.680000e-01  2.218950e-01
1.710000e-01  2.202113e-01
1.740000e-01  2.185580e-01
1.770000e-01  2.169340e-01
1.800000e-01  2.153381e-01
1.830000e-01  2.137693e-01
1.860000e-01  2.122265e-01
1.890000e-01  2.107089e-01
1.920000e-01  2.092154e-01
1.950000e-01  2.077453e-01
1.980000e-01  2.062976e-01
2.010000e-01  2.048717e-01
2.040000e-01  2.034667e-01
2.070000e-01  2.020819e-01
2.100000e-01  2.007167e-01
2.130000e-01  1.993704e-01
2.160000e-01  1.980423e-01
2.190000e-01  1.967319e-01
2.220000e-01  1.954386e-01
2.250000e-01  1.941618e-01
2.280000e-01  1.929009e-01
2.310000e-01  1.916556e-01
2.340000e-01  1.904252e-01
2.370000e-01  1.892094e-01
2.400000e-01  1.880076e-01
2.430000e-01  1.868195e-01
2.460000e-01  1.856445e-01
2.490000e-01  1.844824e-01
2.520000e-01  1.833326e-01
2.550000e-01  1.821948e-01
2.580000e-01  1.810687e-01
2.610000e-01  1.799539e-01
2.640000e-01  1.788500e-01
2.670000e-01  1.777568e-01
2.700000e-01  1.766738e-01
2.730000e-01  1.756008e-01
2.760000e-01  1.745375e-01
2.790000e-01  1.734836e-01
2.820000e-01  1.724387e-01
2.850000e-01  1.714026e-01
2.880000e-01  1.703751e-01
2.910000e-01  1.693559e-01
2.940000e-01  1.683446e-01
2.970000e-01  1.673411e-01
3.000000e-01  1.663451e-01
3.030000e-01  1.653564e-01
3.060000e-01  1.643747e-01
3.090000e-01  1.633998e-01
3.120000e-01  1.624314e-01
3.150000e-01  1.614694e-01
3.180000e-01  1.605135e-01
3.210000e-01  1.595636e-01
3.240000e-01  1.586193e-01
3.270000e-01  1.576805e-01
3.300000e-01  1.567470e-01
3.330000e-01  1.558186e-01
3.360000e-01  1.548950e-01
3.390000e-01  1.539761e-01
3.420000e-01  1.530617e-01
3.450000e-01  1.521516e-01
3.480000e-01  1.512456e-01
3.510000e-01  1.503434e-01
3.540000e-01  1.494449e-01
3.570000e-01  1.485500e-01
3.600000e-01  1.476583e-01
3.630000e-01  1.467698e-01
3.660000e-01  1.458841e-01
3.690000e-01  1.450012e-01
3.720000e-01  1.441209e-01
3.750000e-01  1.432428e-01
3.780000e-01  1.423669e-01
3.810000e-01  1.414929e-01
3.840000e-01  1.406206e-01
3.870000e-01  1.397498e-01
3.900000e-01  1.388804e-01
3.930000e-01  1.380120e-01
3.960000e-01  1.371444e-01
3.990000e-01  1.362775e-01
4.020000e-01  1.354110e-01
4.050000e-01  000000
4.080000e-01  000000
4.110000e-01  000000
4.140000e-01  000000
4.170000e-01  000000
4.200000e-01  000000
4.230000e-01  000000
4.260000e-01  000000
4.290000e-01  000000
4.320000e-01  000000
4.350000e-01  000000
4.380000e-01  000000
4.410000e-01  000000
4.440000e-01  000000
4.470000e-01  000000
4.500000e-01  000000
4.530000e-01  000000
4.560000e-01  000000
4.590000e-01  000000
4.620000e-01  000000
4.650000e-01  000000
4.680000e-01  000000
4.710000e-01  000000
4.740000e-01  000000
4.770000e-01  000000
4.800000e-01  000000
4.830000e-01  000000
4.860000e-01  000000
4.890000e-01  000000
4.920000e-01  000000
4.950000e-01  000000
4.980000e-01  000000
5.010000e-01  000000
5.040000e-01  000000
5.070000e-01  000000
5.100000e-01  000000
5.130000e-01  000000
5.160000e-01  000000
5.190000e-01  000000
5.220000e-01  000000
5.250000e-01  000000
5.280000e-01  000000
5.310000e-01  000000
5.340000e-01  000000
5.370000e-01  000000
5.400000e-01  000000
5.430000e-01  000000
5.460000e-01  000000
5.490000e-01  000000
5.520000e-01  000000
5.550000e-01  000000
5.580000e-01  000000
5.610000e-01  000000
5.640000e-01  000000
5.670000e-01  000000
5.700000e-01  000000
5.730000e-01  000000
5.760000e-01  000000
5.790000e-01  000000
5.820000e-01  000000
5.850000e-01  000000
5.880000e-01  000000
5.910000e-01  000000
5.940000e-01  000000
5.970000e-01  000000
6.000000e-01  000000
6.030000e-01  000000
6.060000e-01  000000
6.090000e-01  000000
6.120000e-01  000000
6.150000e-01  000000
6.180000e-01  000000
6.210000e-01  000000
6.240000e-01  000000
6.270000e-01  000000
6.300000e-01  000000
6.330000e-01  000000
6.360000e-01  000000
6.390000e-01  000000
6.420000e-01  000000
6.450000e-01  000000
6.480000e-01  000000
6.510000e-01  000000
6.540000e-01  000000
6.570000e-01  000000
6.600000e-01  000000
6.630000e-01  000000
6.660000e-01  000000
6.690000e-01  000000
6.720000e-01  000000
6.750000e-01  000000
6.780000e-01  000000
6.810000e-01  000000
6.840000e-01  000000
6.870000e-01  000000
6.900000e-01  000000
6.930000e-01  000000
6.960000e-01  000000
6.990000e-01  000000
7.020000e-01  000000
7.050000e-01  000000
7.080000e-01  000000
7.110000e-01  000000
7.140000e-01  000000
7.170000e-01  000000
7.200000e-01  000000
7.230000e-01  000000
7.260000e-01  000000
7.290000e-01  000000
7.320000e-01  000000
7.350000e-01  000000
7.380000e-01  000000
7.410000e-01  000000
7.440000e-01  000000
7.470000e-01  000000
7.500000e-01  000000
7.530000e-01  000000
7.560000e-01  000000
7.590000e-01  000000
7.620000e-01  000000
7.650000e-01  000000
7.680000e-01  000000
7.710000e-01  000000
7.740000e-01  000000
7.770000e-01  000000
7.800000e-01  000000
7.830000e-01  000000
7.860000e-01  000000
7.890000e-01  000000
7.920000e-01  000000
7.950000e-01  000000
7.980000e-01  000000
8.010000e-01  000000
8.040000e-01  000000
8.070000e-01  000000
8.100000e-01  000000
8.130000e-01  000000
8.160000e-01  000000
8.190000e-01  000000
8.220000e-01  000000
8.250000e-01  000000
8.280000e-01  000000
8.310000e-01  000000
8.340000e-01  000000
8.370000e-01  000000
8.400000e-01  000000
8.430000e-01  000000
8.460000e-01  000000
8.490000e-01  000000
8.520000e-01  000000
8.550000e-01  000000
8.580000e-01  000000
8.610000e-01  000000
8.640000e-01  000000
8.670000e-01  000000
8.700000e-01  000000
8.730000e-01  000000
8.760000e-01  000000
8.790000e-01  000000
8.820000e-01  000000
8.850000e-01  000000
8.880000e-01  000000
8.910000e-01  000000
8.940000e-01  000000
8.970000e-01  000000
9.000000e-01  000000
9.030000e-01  000000
9.060000e-01  000000
9.090000e-01  000000
9.120000e-01  000000
9.150000e-01  000000
9.180000e-01  000000
9.210000e-01  000000
9.240000e-01  000000
9.270000e-01  000000
9.300000e-01  000000
9.330000e-01  000000
9.360000e-01  000000
9.390000e-01  000000
9.420000e-01  000000
9.450000e-01  000000
9.480000e-01  000000
9.510000e-01  000000
9.540000e-01  000000
9.570000e-01  000000
9.600000e-01  000000
9.630000e-01  000000
9.660000e-01  000000
9.690000e-01  000000
9.720000e-01  000000
9.750000e-01  000000
9.780000e-01  000000
9.810000e-01  000000
9.840000e-01  000000
9.870000e-01  000000
9.900000e-01  000000
9.930000e-01  000000
9.960000e-01  000000
9.990000e-01  000000
