000000  000001
3.000000e-03  8.334567e-01
6.000000e-03  7.533795e-01
9.000000e-03  7.010727e-01
1.200000e-02  6.625795e-01
1.500000e-02  6.323299e-01
1.800000e-02  6.075392e-01
2.100000e-02  5.866181e-01
2.400000e-02  5.685763e-01
2.700000e-02  5.527556e-01
3.000000e-02  5.386973e-01
3.300000e-02  5.260693e-01
3.600000e-02  5.146237e-01
3.900000e-02  5.041709e-01
4.200000e-02  4.945626e-01
4.500000e-02  4.856807e-01
4.800000e-02  4.774299e-01
5.100000e-02  4.697321e-01
5.400000e-02  4.625224e-01
5.700000e-02  4.557466e-01
6.000000e-02  4.493587e-01
6.300000e-02  4.433197e-01
6.600000e-02  4.375958e-01
6.900000e-02  4.321580e-01
7.200000e-02  4.269808e-01
7.500000e-02  4.220421e-01
7.800000e-02  4.173223e-01
8.100000e-02  4.128042e-01
8.400000e-02  4.084722e-01
8.700000e-02  4.043127e-01
9.000000e-02  4.003134e-01
9.300000e-02  3.964631e-01
9.600000e-02  3.927520e-01
9.900000e-02  3.891710e-01
1.020000e-01  3.857117e-01
1.050000e-01  3.823669e-01
1.080000e-01  3.791295e-01
1.110000e-01  3.759935e-01
1.140000e-01  3.729529e-01
1.170000e-01  3.700026e-01
1.200000e-01  3.671378e-01
1.230000e-01  3.643538e-01
1.260000e-01  3.616465e-01
1.290000e-01  3.590121e-01
1.320000e-01  3.564470e-01
1.350000e-01  3.539479e-01
1.380000e-01  3.515117e-01
1.410000e-01  3.491354e-01
1.440000e-01  3.468164e-01
1.470000e-01  3.445522e-01
1.500000e-01  3.423403e-01
1.530000e-01  3.401786e-01
1.560000e-01  3.380649e-01
1.590000e-01  3.359972e-01
1.620000e-01  3.339739e-01
1.650000e-01  3.319929e-01
1.680000e-01  3.300529e-01
1.710000e-01  3.281521e-01
1.740000e-01  3.262891e-01
1.770000e-01  3.244625e-01
1.800000e-01  3.226710e-01
1.830000e-01  3.209134e-01
1.860000e-01  3.191884e-01
1.890000e-01  3.174949e-01
1.920000e-01  3.158319e-01
1.950000e-01  3.141982e-01
1.980000e-01  3.125931e-01
2.010000e-01  3.110155e-01
2.040000e-01  3.094645e-01
2.070000e-01  3.079393e-01
2.100000e-01  3.064392e-01
2.130000e-01  3.049632e-01
2.160000e-01  3.035108e-01
2.190000e-01  3.020811e-01
2.220000e-01  3.006736e-01
2.250000e-01  2.992875e-01
2.280000e-01  2.979223e-01
2.310000e-01  2.965774e-01
2.340000e-01  2.952521e-01
2.370000e-01  2.939460e-01
2.400000e-01  2.926585e-01
2.430000e-01  2.913892e-01
2.460000e-01  2.901375e-01
2.490000e-01  2.889029e-01
2.520000e-01  2.876851e-01
2.550000e-01  2.864835e-01
2.580000e-01  2.852979e-01
2.610000e-01  2.841277e-01
2.640000e-01  2.829726e-01
2.670000e-01  2.818322e-01
2.700000e-01  2.807062e-01
2.730000e-01  2.795942e-01
2.760000e-01  2.784958e-01
2.790000e-01  2.774109e-01
2.820000e-01  2.763389e-01
2.850000e-01  2.752797e-01
2.880000e-01  2.742330e-01
2.910000e-01  2.731984e-01
2.940000e-01  2.721757e-01
2.970000e-01  2.711646e-01
3.000000e-01  2.701649e-01
3.030000e-01  2.691763e-01
3.060000e-01  2.681986e-01
3.090000e-01  2.672315e-01
3.120000e-01  2.662749e-01
3.150000e-01  2.653285e-01
3.180000e-01  2.643920e-01
3.210000e-01  2.634654e-01
3.240000e-01  2.625483e-01
3.270000e-01  2.616406e-01
3.300000e-01  2.607422e-01
3.330000e-01  2.598527e-01
3.360000e-01  2.589721e-01
3.390000e-01  2.581001e-01
3.420000e-01  2.572367e-01
3.450000e-01  2.563816e-01
3.480000e-01  2.555346e-01
3.510000e-01  2.546957e-01
3.540000e-01  2.538646e-01
3.570000e-01  2.530413e-01
3.600000e-01  2.522256e-01
3.630000e-01  2.514173e-01
3.660000e-01  2.506162e-01
3.690000e-01  2.498224e-01
3.720000e-01  2.490356e-01
3.750000e-01  2.482558e-01
3.780000e-01  2.474827e-01
3.810000e-01  2.467163e-01
3.840000e-01  2.459565e-01
3.870000e-01  2.452031e-01
3.900000e-01  2.444561e-01
3.930000e-01  2.437153e-01
3.960000e-01  2.429806e-01
3.990000e-01  2.422519e-01
4.020000e-01  2.415292e-01
4.050000e-01  2.408123e-01
4.080000e-01  2.401011e-01
4.110000e-01  2.393955e-01
4.140000e-01  2.386955e-01
4.170000e-01  2.380010e-01
4.200000e-01  2.373118e-01
4.230000e-01  2.366279e-01
4.260000e-01  2.359492e-01
4.290000e-01  2.352756e-01
4.320000e-01  2.346070e-01
4.350000e-01  2.339434e-01
4.380000e-01  2.332847e-01
4.410000e-01  2.326308e-01
4.440000e-01  2.319817e-01
4.470000e-01  2.313372e-01
4.500000e-01  2.306972e-01
4.530000e-01  2.300619e-01
4.560000e-01  2.294309e-01
4.590000e-01  2.288044e-01
4.620000e-01  2.281822e-01
4.650000e-01  2.275642e-01
4.680000e-01  2.269505e-01
4.710000e-01  2.263409e-01
4.740000e-01  2.257354e-01
4.770000e-01  2.251339e-01
4.800000e-01  2.245363e-01
4.830000e-01  2.239427e-01
4.860000e-01  2.233529e-01
4.890000e-01  2.227670e-01
4.920000e-01  2.221848e-01
4.950000e-01  2.216063e-01
4.980000e-01  2.210314e-01
5.010000e-01  2.204601e-01
5.040000e-01  2.198924e-01
5.070000e-01  2.193282e-01
5.100000e-01  2.187674e-01
5.130000e-01  2.182101e-01
5.160000e-01  2.176561e-01
5.190000e-01  2.171054e-01
5.220000e-01  2.165580e-01
5.250000e-01  2.160138e-01
5.280000e-01  2.154728e-01
5.310000e-01  2.149350e-01
5.340000e-01  2.144003e-01
5.370000e-01  2.138686e-01
5.400000e-01  2.133400e-01
5.430000e-01  2.128143e-01
5.460000e-01  2.122916e-01
5.490000e-01  2.117719e-01
5.520000e-01  2.112550e-01
5.550000e-01  2.107409e-01
5.580000e-01  2.102296e-01
5.610000e-01  2.097211e-01
5.640000e-01  2.092154e-01
5.670000e-01  2.087123e-01
5.700000e-01  2.082120e-01
5.730000e-01  2.077142e-01
5.760000e-01  2.072191e-01
5.790000e-01  2.067265e-01
5.820000e-01  2.062365e-01
5.850000e-01  2.057490e-01
5.880000e-01  2.052639e-01
5.910000e-01  2.047814e-01
5.940000e-01  2.043012e-01
5.970000e-01  2.038234e-01
6.000000e-01  2.033480e-01
6.030000e-01  2.028750e-01
6.060000e-01  2.024042e-01
6.090000e-01  2.019358e-01
6.120000e-01  2.014695e-01
6.150000e-01  2.010056e-01
6.180000e-01  2.005438e-01
6.210000e-01  2.000842e-01
6.240000e-01  1.996267e-01
6.270000e-01  1.991714e-01
6.300000e-01  1.987182e-01
6.330000e-01  1.982671e-01
6.360000e-01  1.978180e-01
6.390000e-01  1.973710e-01
6.420000e-01  1.969260e-01
6.450000e-01  1.964829e-01
6.480000e-01  1.960419e-01
6.510000e-01  1.956027e-01
6.540000e-01  1.951655e-01
6.570000e-01  1.947302e-01
6.600000e-01  1.942968e-01
6.630000e-01  1.938653e-01
6.660000e-01  1.934355e-01
6.690000e-01  1.930076e-01
6.720000e-01  1.925815e-01
6.750000e-01  1.921572e-01
6.780000e-01  1.917346e-01
6.810000e-01  1.913138e-01
6.840000e-01  1.908947e-01
6.870000e-01  1.904773e-01
6.900000e-01  1.900616e-01
6.930000e-01  1.896475e-01
6.960000e-01  1.892351e-01
6.990000e-01  1.888244e-01
7.020000e-01  1.884152e-01
7.050000e-01  1.880076e-01
7.080000e-01  1.876016e-01
7.110000e-01  1.871972e-01
7.140000e-01  1.867943e-01
7.170000e-01  1.863930e-01
7.200000e-01  1.859932e-01
7.230000e-01  1.855948e-01
7.260000e-01  1.851979e-01
7.290000e-01  1.848025e-01
7.320000e-01  1.844086e-01
7.350000e-01  1.840161e-01
7.380000e-01  1.836250e-01
7.410000e-01  1.832353e-01
7.440000e-01  1.828470e-01
7.470000e-01  1.824601e-01
7.500000e-01  1.820745e-01
7.530000e-01  1.816903e-01
7.560000e-01  1.813074e-01
7.590000e-01  1.809258e-01
7.620000e-01  1.805455e-01
7.650000e-01  1.801665e-01
7.680000e-01  1.797888e-01
7.710000e-01  1.794124e-01
7.740000e-01  1.790372e-01
7.770000e-01  1.786632e-01
7.800000e-01  1.782905e-01
7.830000e-01  1.779190e-01
7.860000e-01  1.775486e-01
7.890000e-01  1.771795e-01
7.920000e-01  1.768115e-01
7.950000e-01  1.764447e-01
7.980000e-01  1.760790e-01
8.010000e-01  1.757145e-01
8.040000e-01  1.753511e-01
8.070000e-01  1.749888e-01
8.100000e-01  1.746276e-01
8.130000e-01  1.742675e-01
8.160000e-01  1.739085e-01
8.190000e-01  1.735506e-01
8.220000e-01  1.731937e-01
8.250000e-01  1.728378e-01
8.280000e-01  1.724830e-01
8.310000e-01  1.721292e-01
8.340000e-01  1.717764e-01
8.370000e-01  1.714246e-01
8.400000e-01  1.710738e-01
8.430000e-01  1.707240e-01
8.460000e-01  1.703751e-01
8.490000e-01  1.700272e-01
8.520000e-01  1.696803e-01
8.550000e-01  1.693343e-01
8.580000e-01  1.689892e-01
8.610000e-01  1.686450e-01
8.640000e-01  1.683017e-01
8.670000e-01  1.679594e-01
8.700000e-01  1.676179e-01
8.730000e-01  1.672773e-01
8.760000e-01  1.669376e-01
8.790000e-01  1.665987e-01
8.820000e-01  1.662607e-01
8.850000e-01  1.659235e-01
8.880000e-01  1.655871e-01
8.910000e-01  1.652516e-01
8.940000e-01  1.649169e-01
8.970000e-01  1.645830e-01
9.000000e-01  1.642498e-01
9.030000e-01  1.639175e-01
9.060000e-01  1.635859e-01
9.090000e-01  1.632551e-01
9.120000e-01  1.629251e-01
9.150000e-01  1.625958e-01
9.180000e-01  1.622672e-01
9.210000e-01  1.619394e-01
9.240000e-01  1.616123e-01
9.270000e-01  1.612859e-01
9.300000e-01  1.609602e-01
9.330000e-01  1.606352e-01
9.360000e-01  1.603109e-01
9.390000e-01  1.599873e-01
9.420000e-01  1.596644e-01
9.450000e-01  1.593421e-01
9.480000e-01  1.590204e-01
9.510000e-01  1.586995e-01
9.540000e-01  1.583791e-01
9.570000e-01  1.580594e-01
9.600000e-01  1.577403e-01
9.630000e-01  1.574218e-01
9.660000e-01  1.571039e-01
9.690000e-01  1.567866e-01
9.720000e-01  1.564699e-01
9.750000e-01  1.561538e-01
9.780000e-01  1.558383e-01
9.810000e-01  1.555233e-01
9.840000e-01  1.552089e-01
9.870000e-01  1.548950e-01
9.900000e-01  1.545817e-01
9.930000e-01  1.542689e-01
9.960000e-01  1.539566e-01
9.990000e-01  1.536449e-01
