000000  000001
3.000000e-03  7.961455e-01
6.000000e-03  7.098865e-01
9.000000e-03  6.556961e-01
1.200000e-02  6.166300e-01
1.500000e-02  5.863297e-01
1.800000e-02  5.617244e-01
2.100000e-02  5.411017e-01
2.400000e-02  5.234116e-01
2.700000e-02  5.079653e-01
3.000000e-02  4.942874e-01
3.300000e-02  4.820369e-01
3.600000e-02  4.709608e-01
3.900000e-02  4.608667e-01
4.200000e-02  4.516049e-01
4.500000e-02  4.430569e-01
4.800000e-02  4.351272e-01
5.100000e-02  4.277379e-01
5.400000e-02  4.208246e-01
5.700000e-02  4.143335e-01
6.000000e-02  4.082192e-01
6.300000e-02  4.024431e-01
6.600000e-02  3.969720e-01
6.900000e-02  3.917775e-01
7.200000e-02  3.868346e-01
7.500000e-02  3.821216e-01
7.800000e-02  3.776194e-01
8.100000e-02  3.733111e-01
8.400000e-02  3.691817e-01
8.700000e-02  3.652179e-01
9.000000e-02  3.614077e-01
9.300000e-02  3.577403e-01
9.600000e-02  3.542060e-01
9.900000e-02  3.507962e-01
1.020000e-01  3.475028e-01
1.050000e-01  3.443187e-01
1.080000e-01  3.412372e-01
1.110000e-01  3.382522e-01
1.140000e-01  3.353584e-01
1.170000e-01  3.325505e-01
1.200000e-01  3.298239e-01
1.230000e-01  3.271742e-01
1.260000e-01  3.245976e-01
1.290000e-01  3.220902e-01
1.320000e-01  3.196487e-01
1.350000e-01  3.172697e-01
1.380000e-01  3.149505e-01
1.410000e-01  3.126881e-01
1.440000e-01  3.104801e-01
1.470000e-01  3.083239e-01
1.500000e-01  3.062174e-01
1.530000e-01  3.041583e-01
1.560000e-01  3.021447e-01
1.590000e-01  3.001747e-01
1.620000e-01  2.982465e-01
1.650000e-01  2.963585e-01
1.680000e-01  2.945090e-01
1.710000e-01  2.926967e-01
1.740000e-01  2.909201e-01
1.770000e-01  2.891778e-01
1.800000e-01  2.874687e-01
1.830000e-01  2.857915e-01
1.860000e-01  2.841451e-01
1.890000e-01  2.825283e-01
1.920000e-01  2.809403e-01
1.950000e-01  2.793800e-01
1.980000e-01  2.778465e-01
2.010000e-01  2.763389e-01
2.040000e-01  2.748564e-01
2.070000e-01  2.733982e-01
2.100000e-01  2.719634e-01
2.130000e-01  2.705515e-01
2.160000e-01  2.691616e-01
2.190000e-01  2.677932e-01
2.220000e-01  2.664455e-01
2.250000e-01  2.651180e-01
2.280000e-01  2.638100e-01
2.310000e-01  2.625211e-01
2.340000e-01  2.612506e-01
2.370000e-01  2.599981e-01
2.400000e-01  2.587631e-01
2.430000e-01  2.575450e-01
2.460000e-01  2.563435e-01
2.490000e-01  2.551580e-01
2.520000e-01  2.539882e-01
2.550000e-01  2.528336e-01
2.580000e-01  2.516939e-01
2.610000e-01  2.505687e-01
2.640000e-01  2.494575e-01
2.670000e-01  2.483601e-01
2.700000e-01  2.472762e-01
2.730000e-01  2.462053e-01
2.760000e-01  2.451472e-01
2.790000e-01  2.441015e-01
2.820000e-01  2.430680e-01
2.850000e-01  2.420464e-01
2.880000e-01  2.410364e-01
2.910000e-01  2.400377e-01
2.940000e-01  2.390501e-01
2.970000e-01  2.380733e-01
3.000000e-01  2.371071e-01
3.030000e-01  2.361512e-01
3.060000e-01  2.352055e-01
3.090000e-01  2.342697e-01
3.120000e-01  2.333435e-01
3.150000e-01  2.324269e-01
3.180000e-01  2.315195e-01
3.210000e-01  2.306211e-01
3.240000e-01  2.297317e-01
3.270000e-01  2.288510e-01
3.300000e-01  2.279788e-01
3.330000e-01  2.271149e-01
3.360000e-01  2.262593e-01
3.390000e-01  2.254117e-01
3.420000e-01  2.245719e-01
3.450000e-01  2.237398e-01
3.480000e-01  2.229153e-01
3.510000e-01  2.220982e-01
3.540000e-01  2.212883e-01
3.570000e-01  2.204856e-01
3.600000e-01  2.196899e-01
3.630000e-01  2.189010e-01
3.660000e-01  2.181189e-01
3.690000e-01  2.173434e-01
3.720000e-01  2.165743e-01
3.750000e-01  2.158116e-01
3.780000e-01  2.150552e-01
3.810000e-01  2.143048e-01
3.840000e-01  2.135605e-01
3.870000e-01  2.128222e-01
3.900000e-01  2.120896e-01
3.930000e-01  2.113627e-01
3.960000e-01  2.106415e-01
3.990000e-01  2.099257e-01
4.020000e-01  2.092154e-01
4.050000e-01  2.085104e-01
4.080000e-01  2.078106e-01
4.110000e-01  2.071159e-01
4.140000e-01  2.064264e-01
4.170000e-01  2.057417e-01
4.200000e-01  2.050620e-01
4.230000e-01  2.043870e-01
4.260000e-01  2.037168e-01
4.290000e-01  2.030512e-01
4.320000e-01  2.023902e-01
4.350000e-01  2.017337e-01
4.380000e-01  2.010816e-01
4.410000e-01  2.004338e-01
4.440000e-01  1.997904e-01
4.470000e-01  1.991511e-01
4.500000e-01  1.985160e-01
4.530000e-01  1.978849e-01
4.560000e-01  1.972579e-01
4.590000e-01  1.966348e-01
4.620000e-01  1.960156e-01
4.650000e-01  1.954002e-01
4.680000e-01  1.947886e-01
4.710000e-01  1.941807e-01
4.740000e-01  1.935764e-01
4.770000e-01  1.929758e-01
4.800000e-01  1.923786e-01
4.830000e-01  1.917850e-01
4.860000e-01  1.911948e-01
4.890000e-01  1.906079e-01
4.920000e-01  1.900244e-01
4.950000e-01  1.894442e-01
4.980000e-01  1.888672e-01
5.010000e-01  1.882934e-01
5.040000e-01  1.877227e-01
5.070000e-01  1.871551e-01
5.100000e-01  1.865905e-01
5.130000e-01  1.860289e-01
5.160000e-01  1.854703e-01
5.190000e-01  1.849145e-01
5.220000e-01  1.843617e-01
5.250000e-01  1.838116e-01
5.280000e-01  1.832643e-01
5.310000e-01  1.827198e-01
5.340000e-01  1.821779e-01
5.370000e-01  1.816388e-01
5.400000e-01  1.811022e-01
5.430000e-01  1.805682e-01
5.460000e-01  1.800367e-01
5.490000e-01  1.795078e-01
5.520000e-01  1.789813e-01
5.550000e-01  1.784572e-01
5.580000e-01  1.779356e-01
5.610000e-01  1.774163e-01
5.640000e-01  1.768993e-01
5.670000e-01  1.763846e-01
5.700000e-01  1.758722e-01
5.730000e-01  1.753619e-01
5.760000e-01  1.748539e-01
5.790000e-01  1.743481e-01
5.820000e-01  1.738443e-01
5.850000e-01  1.733427e-01
5.880000e-01  1.728431e-01
5.910000e-01  1.723456e-01
5.940000e-01  1.718500e-01
5.970000e-01  1.713565e-01
6.000000e-01  1.708648e-01
6.030000e-01  1.703751e-01
6.060000e-01  1.698873e-01
6.090000e-01  1.694013e-01
6.120000e-01  1.689172e-01
6.150000e-01  1.684348e-01
6.180000e-01  1.679543e-01
6.210000e-01  1.674755e-01
6.240000e-01  1.669984e-01
6.270000e-01  1.665230e-01
6.300000e-01  1.660492e-01
6.330000e-01  1.655771e-01
6.360000e-01  1.651066e-01
6.390000e-01  1.646377e-01
6.420000e-01  1.641704e-01
6.450000e-01  1.637046e-01
6.480000e-01  1.632403e-01
6.510000e-01  1.627776e-01
6.540000e-01  1.623162e-01
6.570000e-01  1.618564e-01
6.600000e-01  1.613979e-01
6.630000e-01  1.609408e-01
6.660000e-01  1.604851e-01
6.690000e-01  1.600308e-01
6.720000e-01  1.595777e-01
6.750000e-01  1.591260e-01
6.780000e-01  1.586755e-01
6.810000e-01  1.582263e-01
6.840000e-01  1.577784e-01
6.870000e-01  1.573316e-01
6.900000e-01  1.568860e-01
6.930000e-01  1.564416e-01
6.960000e-01  1.559983e-01
6.990000e-01  1.555562e-01
7.020000e-01  1.551151e-01
7.050000e-01  1.546752e-01
7.080000e-01  1.542363e-01
7.110000e-01  1.537984e-01
7.140000e-01  1.533615e-01
7.170000e-01  1.529256e-01
7.200000e-01  1.524907e-01
7.230000e-01  1.520568e-01
7.260000e-01  1.516237e-01
7.290000e-01  1.511916e-01
7.320000e-01  1.507603e-01
7.350000e-01  1.503300e-01
7.380000e-01  1.499004e-01
7.410000e-01  1.494717e-01
7.440000e-01  1.490438e-01
7.470000e-01  1.486166e-01
7.500000e-01  1.481903e-01
7.530000e-01  1.477646e-01
7.560000e-01  1.473397e-01
7.590000e-01  1.469154e-01
7.620000e-01  1.464919e-01
7.650000e-01  1.460690e-01
7.680000e-01  1.456467e-01
7.710000e-01  1.452250e-01
7.740000e-01  1.448039e-01
7.770000e-01  1.443834e-01
7.800000e-01  1.439634e-01
7.830000e-01  1.435440e-01
7.860000e-01  1.431250e-01
7.890000e-01  1.427065e-01
7.920000e-01  1.422885e-01
7.950000e-01  1.418710e-01
7.980000e-01  1.414538e-01
8.010000e-01  1.410370e-01
8.040000e-01  1.406206e-01
8.070000e-01  1.402045e-01
8.100000e-01  1.397888e-01
8.130000e-01  1.393733e-01
8.160000e-01  1.389582e-01
8.190000e-01  1.385433e-01
8.220000e-01  1.381286e-01
8.250000e-01  1.377141e-01
8.280000e-01  1.372998e-01
8.310000e-01  1.368856e-01
8.340000e-01  1.364716e-01
8.370000e-01  1.360577e-01
8.400000e-01  1.356438e-01
8.430000e-01  1.352300e-01
8.460000e-01  000000
8.490000e-01  000000
8.520000e-01  000000
8.550000e-01  000000
8.580000e-01  000000
8.610000e-01  000000
8.640000e-01  000000
8.670000e-01  000000
8.700000e-01  000000
8.730000e-01  000000
8.760000e-01  000000
8.790000e-01  000000
8.820000e-01  000000
8.850000e-01  000000
8.880000e-01  000000
8.910000e-01  000000
8.940000e-01  000000
8.970000e-01  000000
9.000000e-01  000000
9.030000e-01  000000
9.060000e-01  000000
9.090000e-01  000000
9.120000e-01  000000
9.150000e-01  000000
9.180000e-01  000000
9.210000e-01  000000
9.240000e-01  000000
9.270000e-01  000000
9.300000e-01  000000
9.330000e-01  000000
9.360000e-01  000000
9.390000e-01  000000
9.420000e-01  000000
9.450000e-01  000000
9.480000e-01  000000
9.510000e-01  000000
9.540000e-01  000000
9.570000e-01  000000
9.600000e-01  000000
9.630000e-01  000000
9.660000e-01  000000
9.690000e-01  000000
9.720000e-01  000000
9.750000e-01  000000
9.780000e-01  000000
9.810000e-01  000000
9.840000e-01  000000
9.870000e-01  000000
9.900000e-01  000000
9.930000e-01  000000
9.960000e-01  000000
9.990000e-01  000000
