000000  000001
3.000000e-03  7.263194e-01
6.000000e-03  6.337682e-01
9.000000e-03  5.787144e-01
1.200000e-02  5.401048e-01
1.500000e-02  5.106658e-01
1.800000e-02  4.870389e-01
2.100000e-02  4.674054e-01
2.400000e-02  4.506733e-01
2.700000e-02  4.361382e-01
3.000000e-02  4.233198e-01
3.300000e-02  4.118772e-01
3.600000e-02  4.015597e-01
3.900000e-02  3.921782e-01
4.200000e-02  3.835863e-01
4.500000e-02  3.756690e-01
4.800000e-02  3.683339e-01
5.100000e-02  3.615061e-01
5.400000e-02  3.551237e-01
5.700000e-02  3.491354e-01
6.000000e-02  3.434981e-01
6.300000e-02  3.381749e-01
6.600000e-02  3.331347e-01
6.900000e-02  3.283504e-01
7.200000e-02  3.237985e-01
7.500000e-02  3.194586e-01
7.800000e-02  3.153128e-01
8.100000e-02  3.113454e-01
8.400000e-02  3.075422e-01
8.700000e-02  3.038908e-01
9.000000e-02  3.003800e-01
9.300000e-02  2.969999e-01
9.600000e-02  2.937415e-01
9.900000e-02  2.905966e-01
1.020000e-01  2.875578e-01
1.050000e-01  2.846185e-01
1.080000e-01  2.817726e-01
1.110000e-01  2.790144e-01
1.140000e-01  2.763389e-01
1.170000e-01  2.737414e-01
1.200000e-01  2.712175e-01
1.230000e-01  2.687633e-01
1.260000e-01  2.663751e-01
1.290000e-01  2.640495e-01
1.320000e-01  2.617833e-01
1.350000e-01  2.595737e-01
1.380000e-01  2.574178e-01
1.410000e-01  2.553131e-01
1.440000e-01  2.532572e-01
1.470000e-01  2.512480e-01
1.500000e-01  2.492833e-01
1.530000e-01  2.473613e-01
1.560000e-01  2.454799e-01
1.590000e-01  2.436377e-01
1.620000e-01  2.418328e-01
1.650000e-01  2.400638e-01
1.680000e-01  2.383293e-01
1.710000e-01  2.366279e-01
1.740000e-01  2.349583e-01
1.770000e-01  2.333193e-01
1.800000e-01  2.317097e-01
1.830000e-01  2.301285e-01
1.860000e-01  2.285746e-01
1.890000e-01  2.270471e-01
1.920000e-01  2.255450e-01
1.950000e-01  2.240674e-01
1.980000e-01  2.226134e-01
2.010000e-01  2.211823e-01
2.040000e-01  2.197733e-01
2.070000e-01  2.183857e-01
2.100000e-01  2.170188e-01
2.130000e-01  2.156718e-01
2.160000e-01  2.143442e-01
2.190000e-01  2.130353e-01
2.220000e-01  2.117446e-01
2.250000e-01  2.104715e-01
2.280000e-01  2.092154e-01
2.310000e-01  2.079759e-01
2.340000e-01  2.067524e-01
2.370000e-01  2.055445e-01
2.400000e-01  2.043516e-01
2.430000e-01  2.031735e-01
2.460000e-01  2.020096e-01
2.490000e-01  2.008595e-01
2.520000e-01  1.997229e-01
2.550000e-01  1.985993e-01
2.580000e-01  1.974884e-01
2.610000e-01  1.963899e-01
2.640000e-01  1.953034e-01
2.670000e-01  1.942285e-01
2.700000e-01  1.931651e-01
2.730000e-01  1.921126e-01
2.760000e-01  1.910710e-01
2.790000e-01  1.900398e-01
2.820000e-01  1.890187e-01
2.850000e-01  1.880076e-01
2.880000e-01  1.870062e-01
2.910000e-01  1.860142e-01
2.940000e-01  1.850313e-01
2.970000e-01  1.840573e-01
3.000000e-01  1.830921e-01
3.030000e-01  1.821353e-01
3.060000e-01  1.811867e-01
3.090000e-01  1.802462e-01
3.120000e-01  1.793135e-01
3.150000e-01  1.783884e-01
3.180000e-01  1.774708e-01
3.210000e-01  1.765604e-01
3.240000e-01  1.756571e-01
3.270000e-01  1.747606e-01
3.300000e-01  1.738708e-01
3.330000e-01  1.729875e-01
3.360000e-01  1.721106e-01
3.390000e-01  1.712398e-01
3.420000e-01  1.703751e-01
3.450000e-01  1.695163e-01
3.480000e-01  1.686631e-01
3.510000e-01  1.678155e-01
3.540000e-01  1.669733e-01
3.570000e-01  1.661364e-01
3.600000e-01  1.653045e-01
3.630000e-01  1.644777e-01
3.660000e-01  1.636557e-01
3.690000e-01  1.628384e-01
3.720000e-01  1.620256e-01
3.750000e-01  1.612173e-01
3.780000e-01  1.604133e-01
3.810000e-01  1.596134e-01
3.840000e-01  1.588176e-01
3.870000e-01  1.580258e-01
3.900000e-01  1.572377e-01
3.930000e-01  1.564533e-01
3.960000e-01  1.556724e-01
3.990000e-01  1.548950e-01
4.020000e-01  1.541209e-01
4.050000e-01  1.533500e-01
4.080000e-01  1.525822e-01
4.110000e-01  1.518173e-01
4.140000e-01  1.510553e-01
4.170000e-01  1.502960e-01
4.200000e-01  1.495393e-01
4.230000e-01  1.487852e-01
4.260000e-01  1.480334e-01
4.290000e-01  1.472838e-01
4.320000e-01  1.465364e-01
4.350000e-01  1.457911e-01
4.380000e-01  1.450476e-01
4.410000e-01  1.443060e-01
4.440000e-01  1.435660e-01
4.470000e-01  1.428276e-01
4.500000e-01  1.420907e-01
4.530000e-01  1.413550e-01
4.560000e-01  1.406206e-01
4.590000e-01  1.398872e-01
4.620000e-01  1.391548e-01
4.650000e-01  1.384232e-01
4.680000e-01  1.376923e-01
4.710000e-01  1.369619e-01
4.740000e-01  1.362319e-01
4.770000e-01  1.355022e-01
4.800000e-01  000000
4.830000e-01  000000
4.860000e-01  000000
4.890000e-01  000000
4.920000e-01  000000
4.950000e-01  000000
4.980000e-01  000000
5.010000e-01  000000
5.040000e-01  000000
5.070000e-01  000000
5.100000e-01  000000
5.130000e-01  000000
5.160000e-01  000000
5.190000e-01  000000
5.220000e-01  000000
5.250000e-01  000000
5.280000e-01  000000
5.310000e-01  000000
5.340000e-01  000000
5.370000e-01  000000
5.400000e-01  000000
5.430000e-01  000000
5.460000e-01  000000
5.490000e-01  000000
5.520000e-01  000000
5.550000e-01  000000
5.580000e-01  000000
5.610000e-01  000000
5.640000e-01  000000
5.670000e-01  000000
5.700000e-01  000000
5.730000e-01  000000
5.760000e-01  000000
5.790000e-01  000000
5.820000e-01  000000
5.850000e-01  000000
5.880000e-01  000000
5.910000e-01  000000
5.940000e-01  000000
5.970000e-01  000000
6.000000e-01  000000
6.030000e-01  000000
6.060000e-01  000000
6.090000e-01  000000
6.120000e-01  000000
6.150000e-01  000000
6.180000e-01  000000
6.210000e-01  000000
6.240000e-01  000000
6.270000e-01  000000
6.300000e-01  000000
6.330000e-01  000000
6.360000e-01  000000
6.390000e-01  000000
6.420000e-01  000000
6.450000e-01  000000
6.480000e-01  000000
6.510000e-01  000000
6.540000e-01  000000
6.570000e-01  000000
6.600000e-01  000000
6.630000e-01  000000
6.660000e-01  000000
6.690000e-01  000000
6.720000e-01  000000
6.750000e-01  000000
6.780000e-01  000000
6.810000e-01  000000
6.840000e-01  000000
6.870000e-01  000000
6.900000e-01  000000
6.930000e-01  000000
6.960000e-01  000000
6.990000e-01  000000
7.020000e-01  000000
7.050000e-01  000000
7.080000e-01  000000
7.110000e-01  000000
7.140000e-01  000000
7.170000e-01  000000
7.200000e-01  000000
7.230000e-01  000000
7.260000e-01  000000
7.290000e-01  000000
7.320000e-01  000000
7.350000e-01  000000
7.380000e-01  000000
7.410000e-01  000000
7.440000e-01  000000
7.470000e-01  000000
7.500000e-01  000000
7.530000e-01  000000
7.560000e-01  000000
7.590000e-01  000000
7.620000e-01  000000
7.650000e-01  000000
7.680000e-01  000000
7.710000e-01  000000
7.740000e-01  000000
7.770000e-01  000000
7.800000e-01  000000
7.830000e-01  000000
7.860000e-01  000000
7.890000e-01  000000
7.920000e-01  000000
7.950000e-01  000000
7.980000e-01  000000
8.010000e-01  000000
8.040000e-01  000000
8.070000e-01  000000
8.100000e-01  000000
8.130000e-01  000000
8.160000e-01  000000
8.190000e-01  000000
8.220000e-01  000000
8.250000e-01  000000
8.280000e-01  000000
8.310000e-01  000000
8.340000e-01  000000
8.370000e-01  000000
8.400000e-01  000000
8.430000e-01  000000
8.460000e-01  000000
8.490000e-01  000000
8.520000e-01  000000
8.550000e-01  000000
8.580000e-01  000000
8.610000e-01  000000
8.640000e-01  000000
8.670000e-01  000000
8.700000e-01  000000
8.730000e-01  000000
8.760000e-01  000000
8.790000e-01  000000
8.820000e-01  000000
8.850000e-01  000000
8.880000e-01  000000
8.910000e-01  000000
8.940000e-01  000000
8.970000e-01  000000
9.000000e-01  000000
9.030000e-01  000000
9.060000e-01  000000
9.090000e-01  000000
9.120000e-01  000000
9.150000e-01  000000
9.180000e-01  000000
9.210000e-01  000000
9.240000e-01  000000
9.270000e-01  000000
9.300000e-01  000000
9.330000e-01  000000
9.360000e-01  000000
9.390000e-01  000000
9.420000e-01  000000
9.450000e-01  000000
9.480000e-01  000000
9.510000e-01  000000
9.540000e-01  000000
9.570000e-01  000000
9.600000e-01  000000
9.630000e-01  000000
9.660000e-01  000000
9.690000e-01  000000
9.720000e-01  000000
9.750000e-01  000000
9.780000e-01  000000
9.810000e-01  000000
9.840000e-01  000000
9.870000e-01  000000
9.900000e-01  000000
9.930000e-01  000000
9.960000e-01  000000
9.990000e-01  000000
