000000  000001
3.000000e-03  8.786299e-01
6.000000e-03  8.097416e-01
9.000000e-03  7.618966e-01
1.200000e-02  7.254653e-01
1.500000e-02  6.961913e-01
1.800000e-02  6.718155e-01
2.100000e-02  6.509960e-01
2.400000e-02  6.328711e-01
2.700000e-02  6.168553e-01
3.000000e-02  6.025331e-01
3.300000e-02  5.895990e-01
3.600000e-02  5.778223e-01
3.900000e-02  5.670243e-01
4.200000e-02  5.570642e-01
4.500000e-02  5.478290e-01
4.800000e-02  5.392267e-01
5.100000e-02  5.311815e-01
5.400000e-02  5.236300e-01
5.700000e-02  5.165190e-01
6.000000e-02  5.098033e-01
6.300000e-02  5.034440e-01
6.600000e-02  4.974077e-01
6.900000e-02  4.916654e-01
7.200000e-02  4.861916e-01
7.500000e-02  4.809640e-01
7.800000e-02  4.759629e-01
8.100000e-02  4.711708e-01
8.400000e-02  4.665721e-01
8.700000e-02  4.621530e-01
9.000000e-02  4.579008e-01
9.300000e-02  4.538042e-01
9.600000e-02  4.498531e-01
9.900000e-02  4.460382e-01
1.020000e-01  4.423511e-01
1.050000e-01  4.387840e-01
1.080000e-01  4.353300e-01
1.110000e-01  4.319825e-01
1.140000e-01  4.287357e-01
1.170000e-01  4.255841e-01
1.200000e-01  4.225226e-01
1.230000e-01  4.195467e-01
1.260000e-01  4.166519e-01
1.290000e-01  4.138343e-01
1.320000e-01  4.110902e-01
1.350000e-01  4.084160e-01
1.380000e-01  4.058086e-01
1.410000e-01  4.032649e-01
1.440000e-01  4.007821e-01
1.470000e-01  3.983575e-01
1.500000e-01  3.959887e-01
1.530000e-01  3.936734e-01
1.560000e-01  3.914092e-01
1.590000e-01  3.891943e-01
1.620000e-01  3.870265e-01
1.650000e-01  3.849042e-01
1.680000e-01  3.828255e-01
1.710000e-01  3.807888e-01
1.740000e-01  3.787925e-01
1.770000e-01  3.768353e-01
1.800000e-01  3.749157e-01
1.830000e-01  3.730323e-01
1.860000e-01  3.711839e-01
1.890000e-01  3.693694e-01
1.920000e-01  3.675876e-01
1.950000e-01  3.658374e-01
1.980000e-01  3.641177e-01
2.010000e-01  3.624277e-01
2.040000e-01  3.607663e-01
2.070000e-01  3.591327e-01
2.100000e-01  3.575260e-01
2.130000e-01  3.559454e-01
2.160000e-01  3.543901e-01
2.190000e-01  3.528594e-01
2.220000e-01  3.513525e-01
2.250000e-01  3.498688e-01
2.280000e-01  3.484076e-01
2.310000e-01  3.469683e-01
2.340000e-01  3.455503e-01
2.370000e-01  3.441529e-01
2.400000e-01  3.427757e-01
2.430000e-01  3.414181e-01
2.460000e-01  3.400795e-01
2.490000e-01  3.387596e-01
2.520000e-01  3.374577e-01
2.550000e-01  3.361735e-01
2.580000e-01  3.349065e-01
2.610000e-01  3.336562e-01
2.640000e-01  3.324223e-01
2.670000e-01  3.312044e-01
2.700000e-01  3.300020e-01
2.730000e-01  3.288149e-01
2.760000e-01  3.276426e-01
2.790000e-01  3.264847e-01
2.820000e-01  3.253411e-01
2.850000e-01  3.242113e-01
2.880000e-01  3.230950e-01
2.910000e-01  3.219919e-01
2.940000e-01  3.209018e-01
2.970000e-01  3.198244e-01
3.000000e-01  3.187593e-01
3.030000e-01  3.177063e-01
3.060000e-01  3.166651e-01
3.090000e-01  3.156356e-01
3.120000e-01  3.146174e-01
3.150000e-01  3.136103e-01
3.180000e-01  3.126142e-01
3.210000e-01  3.116287e-01
3.240000e-01  3.106536e-01
3.270000e-01  3.096888e-01
3.300000e-01  3.087341e-01
3.330000e-01  3.077892e-01
3.360000e-01  3.068540e-01
3.390000e-01  3.059282e-01
3.420000e-01  3.050117e-01
3.450000e-01  3.041043e-01
3.480000e-01  3.032059e-01
3.510000e-01  3.023163e-01
3.540000e-01  3.014352e-01
3.570000e-01  3.005627e-01
3.600000e-01  2.996984e-01
3.630000e-01  2.988423e-01
3.660000e-01  2.979941e-01
3.690000e-01  2.971539e-01
3.720000e-01  2.963213e-01
3.750000e-01  2.954964e-01
3.780000e-01  2.946789e-01
3.810000e-01  2.938688e-01
3.840000e-01  2.930658e-01
3.870000e-01  2.922700e-01
3.900000e-01  2.914810e-01
3.930000e-01  2.906990e-01
3.960000e-01  2.899237e-01
3.990000e-01  2.891550e-01
4.020000e-01  2.883928e-01
4.050000e-01  2.876370e-01
4.080000e-01  2.868876e-01
4.110000e-01  2.861443e-01
4.140000e-01  2.854071e-01
4.170000e-01  2.846760e-01
4.200000e-01  2.839508e-01
4.230000e-01  2.832314e-01
4.260000e-01  2.825177e-01
4.290000e-01  2.818097e-01
4.320000e-01  2.811072e-01
4.350000e-01  2.804103e-01
4.380000e-01  2.797187e-01
4.410000e-01  2.790324e-01
4.440000e-01  2.783514e-01
4.470000e-01  2.776755e-01
4.500000e-01  2.770047e-01
4.530000e-01  2.763389e-01
4.560000e-01  2.756781e-01
4.590000e-01  2.750221e-01
4.620000e-01  2.743709e-01
4.650000e-01  2.737244e-01
4.680000e-01  2.730826e-01
4.710000e-01  2.724454e-01
4.740000e-01  2.718128e-01
4.770000e-01  2.711846e-01
4.800000e-01  2.705608e-01
4.830000e-01  2.699413e-01
4.860000e-01  2.693262e-01
4.890000e-01  2.687152e-01
4.920000e-01  2.681085e-01
4.950000e-01  2.675058e-01
4.980000e-01  2.669073e-01
5.010000e-01  2.663127e-01
5.040000e-01  2.657221e-01
5.070000e-01  2.651354e-01
5.100000e-01  2.645526e-01
5.130000e-01  2.639735e-01
5.160000e-01  2.633983e-01
5.190000e-01  2.628267e-01
5.220000e-01  2.622588e-01
5.250000e-01  2.616945e-01
5.280000e-01  2.611338e-01
5.310000e-01  2.605766e-01
5.340000e-01  2.600228e-01
5.370000e-01  2.594726e-01
5.400000e-01  2.589257e-01
5.430000e-01  2.583821e-01
5.460000e-01  2.578419e-01
5.490000e-01  2.573050e-01
5.520000e-01  2.567713e-01
5.550000e-01  2.562408e-01
5.580000e-01  2.557134e-01
5.610000e-01  2.551892e-01
5.640000e-01  2.546681e-01
5.670000e-01  2.541500e-01
5.700000e-01  2.536349e-01
5.730000e-01  2.531228e-01
5.760000e-01  2.526136e-01
5.790000e-01  2.521073e-01
5.820000e-01  2.516039e-01
5.850000e-01  2.511034e-01
5.880000e-01  2.506057e-01
5.910000e-01  2.501107e-01
5.940000e-01  2.496185e-01
5.970000e-01  2.491291e-01
6.000000e-01  2.486423e-01
6.030000e-01  2.481581e-01
6.060000e-01  2.476766e-01
6.090000e-01  2.471977e-01
6.120000e-01  2.467214e-01
6.150000e-01  2.462476e-01
6.180000e-01  2.457763e-01
6.210000e-01  2.453075e-01
6.240000e-01  2.448412e-01
6.270000e-01  2.443773e-01
6.300000e-01  2.439158e-01
6.330000e-01  2.434567e-01
6.360000e-01  2.430000e-01
6.390000e-01  2.425456e-01
6.420000e-01  2.420935e-01
6.450000e-01  2.416437e-01
6.480000e-01  2.411961e-01
6.510000e-01  2.407508e-01
6.540000e-01  2.403077e-01
6.570000e-01  2.398668e-01
6.600000e-01  2.394281e-01
6.630000e-01  2.389915e-01
6.660000e-01  2.385571e-01
6.690000e-01  2.381248e-01
6.720000e-01  2.376945e-01
6.750000e-01  2.372663e-01
6.780000e-01  2.368402e-01
6.810000e-01  2.364161e-01
6.840000e-01  2.359940e-01
6.870000e-01  2.355738e-01
6.900000e-01  2.351557e-01
6.930000e-01  2.347395e-01
6.960000e-01  2.343252e-01
6.990000e-01  2.339128e-01
7.020000e-01  2.335023e-01
7.050000e-01  2.330937e-01
7.080000e-01  2.326869e-01
7.110000e-01  2.322820e-01
7.140000e-01  2.318789e-01
7.170000e-01  2.314776e-01
7.200000e-01  2.310781e-01
7.230000e-01  2.306803e-01
7.260000e-01  2.302844e-01
7.290000e-01  2.298901e-01
7.320000e-01  2.294976e-01
7.350000e-01  2.291067e-01
7.380000e-01  2.287176e-01
7.410000e-01  2.283301e-01
7.440000e-01  2.279443e-01
7.470000e-01  2.275601e-01
7.500000e-01  2.271776e-01
7.530000e-01  2.267967e-01
7.560000e-01  2.264173e-01
7.590000e-01  2.260396e-01
7.620000e-01  2.256634e-01
7.650000e-01  2.252888e-01
7.680000e-01  2.249157e-01
7.710000e-01  2.245442e-01
7.740000e-01  2.241742e-01
7.770000e-01  2.238057e-01
7.800000e-01  2.234386e-01
7.830000e-01  2.230731e-01
7.860000e-01  2.227090e-01
7.890000e-01  2.223463e-01
7.920000e-01  2.219851e-01
7.950000e-01  2.216254e-01
7.980000e-01  2.212670e-01
8.010000e-01  2.209100e-01
8.040000e-01  2.205545e-01
8.070000e-01  2.202003e-01
8.100000e-01  2.198474e-01
8.130000e-01  2.194960e-01
8.160000e-01  2.191459e-01
8.190000e-01  2.187970e-01
8.220000e-01  2.184496e-01
8.250000e-01  2.181034e-01
8.280000e-01  2.177586e-01
8.310000e-01  2.174150e-01
8.340000e-01  2.170727e-01
8.370000e-01  2.167317e-01
8.400000e-01  2.163919e-01
8.430000e-01  2.160534e-01
8.460000e-01  2.157161e-01
8.490000e-01  2.153800e-01
8.520000e-01  2.150452e-01
8.550000e-01  2.147115e-01
8.580000e-01  2.143791e-01
8.610000e-01  2.140479e-01
8.640000e-01  2.137178e-01
8.670000e-01  2.133889e-01
8.700000e-01  2.130611e-01
8.730000e-01  2.127345e-01
8.760000e-01  2.124091e-01
8.790000e-01  2.120848e-01
8.820000e-01  2.117616e-01
8.850000e-01  2.114395e-01
8.880000e-01  2.111185e-01
8.910000e-01  2.107986e-01
8.940000e-01  2.104798e-01
8.970000e-01  2.101621e-01
9.000000e-01  2.098455e-01
9.030000e-01  2.095299e-01
9.060000e-01  2.092154e-01
9.090000e-01  2.089019e-01
9.120000e-01  2.085895e-01
9.150000e-01  2.082781e-01
9.180000e-01  2.079677e-01
9.210000e-01  2.076584e-01
9.240000e-01  2.073500e-01
9.270000e-01  2.070426e-01
9.300000e-01  2.067363e-01
9.330000e-01  2.064309e-01
9.360000e-01  2.061265e-01
9.390000e-01  2.058231e-01
9.420000e-01  2.055206e-01
9.450000e-01  2.052191e-01
9.480000e-01  2.049185e-01
9.510000e-01  2.046189e-01
9.540000e-01  2.043202e-01
9.570000e-01  2.040225e-01
9.600000e-01  2.037257e-01
9.630000e-01  2.034297e-01
9.660000e-01  2.031347e-01
9.690000e-01  2.028406e-01
9.720000e-01  2.025474e-01
9.750000e-01  2.022551e-01
9.780000e-01  2.019636e-01
9.810000e-01  2.016730e-01
9.840000e-01  2.013833e-01
9.870000e-01  2.010945e-01
9.900000e-01  2.008065e-01
9.930000e-01  2.005194e-01
9.960000e-01  2.002331e-01
9.990000e-01  1.999476e-01
