000000  000001
3.000000e-03  8.791961e-01
6.000000e-03  8.104797e-01
9.000000e-03  7.627112e-01
1.200000e-02  7.263194e-01
1.500000e-02  6.970671e-01
1.800000e-02  6.727034e-01
2.100000e-02  6.518902e-01
2.400000e-02  6.337682e-01
2.700000e-02  6.177530e-01
3.000000e-02  6.034298e-01
3.300000e-02  5.904938e-01
3.600000e-02  5.787144e-01
3.900000e-02  5.679132e-01
4.200000e-02  5.579497e-01
4.500000e-02  5.487109e-01
4.800000e-02  5.401048e-01
5.100000e-02  5.320557e-01
5.400000e-02  5.245003e-01
5.700000e-02  5.173854e-01
6.000000e-02  5.106658e-01
6.300000e-02  5.043027e-01
6.600000e-02  4.982626e-01
6.900000e-02  4.925165e-01
7.200000e-02  4.870389e-01
7.500000e-02  4.818077e-01
7.800000e-02  4.768030e-01
8.100000e-02  4.720074e-01
8.400000e-02  4.674054e-01
8.700000e-02  4.629828e-01
9.000000e-02  4.587274e-01
9.300000e-02  4.546276e-01
9.600000e-02  4.506733e-01
9.900000e-02  4.468553e-01
1.020000e-01  4.431652e-01
1.050000e-01  4.395951e-01
1.080000e-01  4.361382e-01
1.110000e-01  4.327879e-01
1.140000e-01  4.295383e-01
1.170000e-01  4.263839e-01
1.200000e-01  4.233198e-01
1.230000e-01  4.203412e-01
1.260000e-01  4.174439e-01
1.290000e-01  4.146238e-01
1.320000e-01  4.118772e-01
1.350000e-01  4.092006e-01
1.380000e-01  4.065908e-01
1.410000e-01  4.040448e-01
1.440000e-01  4.015597e-01
1.470000e-01  3.991329e-01
1.500000e-01  3.967619e-01
1.530000e-01  3.944444e-01
1.560000e-01  3.921782e-01
1.590000e-01  3.899611e-01
1.620000e-01  3.877913e-01
1.650000e-01  3.856670e-01
1.680000e-01  3.835863e-01
1.710000e-01  3.815477e-01
1.740000e-01  3.795496e-01
1.770000e-01  3.775905e-01
1.800000e-01  3.756690e-01
1.830000e-01  3.737838e-01
1.860000e-01  3.719337e-01
1.890000e-01  3.701175e-01
1.920000e-01  3.683339e-01
1.950000e-01  3.665820e-01
1.980000e-01  3.648607e-01
2.010000e-01  3.631690e-01
2.040000e-01  3.615061e-01
2.070000e-01  3.598709e-01
2.100000e-01  3.582626e-01
2.130000e-01  3.566805e-01
2.160000e-01  3.551237e-01
2.190000e-01  3.535915e-01
2.220000e-01  3.520832e-01
2.250000e-01  3.505980e-01
2.280000e-01  3.491354e-01
2.310000e-01  3.476947e-01
2.340000e-01  3.462753e-01
2.370000e-01  3.448766e-01
2.400000e-01  3.434981e-01
2.430000e-01  3.421391e-01
2.460000e-01  3.407993e-01
2.490000e-01  3.394781e-01
2.520000e-01  3.381749e-01
2.550000e-01  3.368895e-01
2.580000e-01  3.356212e-01
2.610000e-01  3.343698e-01
2.640000e-01  3.331347e-01
2.670000e-01  3.319156e-01
2.700000e-01  3.307121e-01
2.730000e-01  3.295238e-01
2.760000e-01  3.283504e-01
2.790000e-01  3.271914e-01
2.820000e-01  3.260467e-01
2.850000e-01  3.249158e-01
2.880000e-01  3.237985e-01
2.910000e-01  3.226944e-01
2.940000e-01  3.216032e-01
2.970000e-01  3.205247e-01
3.000000e-01  3.194586e-01
3.030000e-01  3.184046e-01
3.060000e-01  3.173625e-01
3.090000e-01  3.163320e-01
3.120000e-01  3.153128e-01
3.150000e-01  3.143048e-01
3.180000e-01  3.133077e-01
3.210000e-01  3.123213e-01
3.240000e-01  3.113454e-01
3.270000e-01  3.103797e-01
3.300000e-01  3.094240e-01
3.330000e-01  3.084783e-01
3.360000e-01  3.075422e-01
3.390000e-01  3.066155e-01
3.420000e-01  3.056982e-01
3.450000e-01  3.047900e-01
3.480000e-01  3.038908e-01
3.510000e-01  3.030003e-01
3.540000e-01  3.021185e-01
3.570000e-01  3.012451e-01
3.600000e-01  3.003800e-01
3.630000e-01  2.995231e-01
3.660000e-01  2.986742e-01
3.690000e-01  2.978332e-01
3.720000e-01  2.969999e-01
3.750000e-01  2.961743e-01
3.780000e-01  2.953560e-01
3.810000e-01  2.945452e-01
3.840000e-01  2.937415e-01
3.870000e-01  2.929449e-01
3.900000e-01  2.921553e-01
3.930000e-01  2.913726e-01
3.960000e-01  2.905966e-01
3.990000e-01  2.898272e-01
4.020000e-01  2.890644e-01
4.050000e-01  2.883080e-01
4.080000e-01  2.875578e-01
4.110000e-01  2.868139e-01
4.140000e-01  2.860762e-01
4.170000e-01  2.853444e-01
4.200000e-01  2.846185e-01
4.230000e-01  2.838985e-01
4.260000e-01  2.831843e-01
4.290000e-01  2.824756e-01
4.320000e-01  2.817726e-01
4.350000e-01  2.810750e-01
4.380000e-01  2.803829e-01
4.410000e-01  2.796960e-01
4.440000e-01  2.790144e-01
4.470000e-01  2.783380e-01
4.500000e-01  2.776666e-01
4.530000e-01  2.770003e-01
4.560000e-01  2.763389e-01
4.590000e-01  2.756824e-01
4.620000e-01  2.750307e-01
4.650000e-01  2.743837e-01
4.680000e-01  2.737414e-01
4.710000e-01  2.731037e-01
4.740000e-01  2.724705e-01
4.770000e-01  2.718418e-01
4.800000e-01  2.712175e-01
4.830000e-01  2.705976e-01
4.860000e-01  2.699819e-01
4.890000e-01  2.693705e-01
4.920000e-01  2.687633e-01
4.950000e-01  2.681602e-01
4.980000e-01  2.675612e-01
5.010000e-01  2.669662e-01
5.040000e-01  2.663751e-01
5.070000e-01  2.657880e-01
5.100000e-01  2.652047e-01
5.130000e-01  2.646252e-01
5.160000e-01  2.640495e-01
5.190000e-01  2.634775e-01
5.220000e-01  2.629092e-01
5.250000e-01  2.623445e-01
5.280000e-01  2.617833e-01
5.310000e-01  2.612257e-01
5.340000e-01  2.606716e-01
5.370000e-01  2.601209e-01
5.400000e-01  2.595737e-01
5.430000e-01  2.590298e-01
5.460000e-01  2.584892e-01
5.490000e-01  2.579518e-01
5.520000e-01  2.574178e-01
5.550000e-01  2.568869e-01
5.580000e-01  2.563592e-01
5.610000e-01  2.558346e-01
5.640000e-01  2.553131e-01
5.670000e-01  2.547946e-01
5.700000e-01  2.542792e-01
5.730000e-01  2.537667e-01
5.760000e-01  2.532572e-01
5.790000e-01  2.527506e-01
5.820000e-01  2.522469e-01
5.850000e-01  2.517461e-01
5.880000e-01  2.512480e-01
5.910000e-01  2.507528e-01
5.940000e-01  2.502602e-01
5.970000e-01  2.497704e-01
6.000000e-01  2.492833e-01
6.030000e-01  2.487989e-01
6.060000e-01  2.483171e-01
6.090000e-01  2.478379e-01
6.120000e-01  2.473613e-01
6.150000e-01  2.468872e-01
6.180000e-01  2.464156e-01
6.210000e-01  2.459465e-01
6.240000e-01  2.454799e-01
6.270000e-01  2.450158e-01
6.300000e-01  2.445540e-01
6.330000e-01  2.440946e-01
6.360000e-01  2.436377e-01
6.390000e-01  2.431830e-01
6.420000e-01  2.427306e-01
6.450000e-01  2.422806e-01
6.480000e-01  2.418328e-01
6.510000e-01  2.413872e-01
6.540000e-01  2.409439e-01
6.570000e-01  2.405028e-01
6.600000e-01  2.400638e-01
6.630000e-01  2.396270e-01
6.660000e-01  2.391923e-01
6.690000e-01  2.387598e-01
6.720000e-01  2.383293e-01
6.750000e-01  2.379009e-01
6.780000e-01  2.374745e-01
6.810000e-01  2.370502e-01
6.840000e-01  2.366279e-01
6.870000e-01  2.362075e-01
6.900000e-01  2.357892e-01
6.930000e-01  2.353728e-01
6.960000e-01  2.349583e-01
6.990000e-01  2.345457e-01
7.020000e-01  2.341350e-01
7.050000e-01  2.337262e-01
7.080000e-01  2.333193e-01
7.110000e-01  2.329142e-01
7.140000e-01  2.325109e-01
7.170000e-01  2.321094e-01
7.200000e-01  2.317097e-01
7.230000e-01  2.313118e-01
7.260000e-01  2.309156e-01
7.290000e-01  2.305212e-01
7.320000e-01  2.301285e-01
7.350000e-01  2.297375e-01
7.380000e-01  2.293482e-01
7.410000e-01  2.289606e-01
7.440000e-01  2.285746e-01
7.470000e-01  2.281903e-01
7.500000e-01  2.278076e-01
7.530000e-01  2.274266e-01
7.560000e-01  2.270471e-01
7.590000e-01  2.266692e-01
7.620000e-01  2.262929e-01
7.650000e-01  2.259182e-01
7.680000e-01  2.255450e-01
7.710000e-01  2.251733e-01
7.740000e-01  2.248031e-01
7.770000e-01  2.244345e-01
7.800000e-01  2.240674e-01
7.830000e-01  2.237017e-01
7.860000e-01  2.233375e-01
7.890000e-01  2.229747e-01
7.920000e-01  2.226134e-01
7.950000e-01  2.222535e-01
7.980000e-01  2.218950e-01
8.010000e-01  2.215380e-01
8.040000e-01  2.211823e-01
8.070000e-01  2.208280e-01
8.100000e-01  2.204751e-01
8.130000e-01  2.201236e-01
8.160000e-01  2.197733e-01
8.190000e-01  2.194245e-01
8.220000e-01  2.190769e-01
8.250000e-01  2.187307e-01
8.280000e-01  2.183857e-01
8.310000e-01  2.180421e-01
8.340000e-01  2.176997e-01
8.370000e-01  2.173586e-01
8.400000e-01  2.170188e-01
8.430000e-01  2.166802e-01
8.460000e-01  2.163428e-01
8.490000e-01  2.160067e-01
8.520000e-01  2.156718e-01
8.550000e-01  2.153381e-01
8.580000e-01  2.150056e-01
8.610000e-01  2.146743e-01
8.640000e-01  2.143442e-01
8.670000e-01  2.140152e-01
8.700000e-01  2.136874e-01
8.730000e-01  2.133608e-01
8.760000e-01  2.130353e-01
8.790000e-01  2.127109e-01
8.820000e-01  2.123877e-01
8.850000e-01  2.120656e-01
8.880000e-01  2.117446e-01
8.910000e-01  2.114247e-01
8.940000e-01  2.111059e-01
8.970000e-01  2.107881e-01
9.000000e-01  2.104715e-01
9.030000e-01  2.101559e-01
9.060000e-01  2.098413e-01
9.090000e-01  2.095278e-01
9.120000e-01  2.092154e-01
9.150000e-01  2.089040e-01
9.180000e-01  2.085936e-01
9.210000e-01  2.082842e-01
9.240000e-01  2.079759e-01
9.270000e-01  2.076685e-01
9.300000e-01  2.073621e-01
9.330000e-01  2.070568e-01
9.360000e-01  2.067524e-01
9.390000e-01  2.064490e-01
9.420000e-01  2.061465e-01
9.450000e-01  2.058450e-01
9.480000e-01  2.055445e-01
9.510000e-01  2.052449e-01
9.540000e-01  2.049462e-01
9.570000e-01  2.046485e-01
9.600000e-01  2.043516e-01
9.630000e-01  2.040557e-01
9.660000e-01  2.037608e-01
9.690000e-01  2.034667e-01
9.720000e-01  2.031735e-01
9.750000e-01  2.028812e-01
9.780000e-01  2.025898e-01
9.810000e-01  2.022992e-01
9.840000e-01  2.020096e-01
9.870000e-01  2.017208e-01
9.900000e-01  2.014328e-01
9.930000e-01  2.011458e-01
9.960000e-01  2.008595e-01
9.990000e-01  2.005741e-01
