000000  000001
3.000000e-03  8.638818e-01
6.000000e-03  7.908143e-01
9.000000e-03  7.411778e-01
1.200000e-02  7.038545e-01
1.500000e-02  6.741112e-01
1.800000e-02  6.494918e-01
2.100000e-02  6.285593e-01
2.400000e-02  6.104010e-01
2.700000e-02  5.944024e-01
3.000000e-02  5.801300e-01
3.300000e-02  5.672673e-01
3.600000e-02  5.555760e-01
3.900000e-02  5.448726e-01
4.200000e-02  5.350131e-01
4.500000e-02  5.258819e-01
4.800000e-02  5.173854e-01
5.100000e-02  5.094466e-01
5.400000e-02  5.020014e-01
5.700000e-02  4.949959e-01
6.000000e-02  4.883844e-01
6.300000e-02  4.821278e-01
6.600000e-02  4.761925e-01
6.900000e-02  4.705492e-01
7.200000e-02  4.651725e-01
7.500000e-02  4.600400e-01
7.800000e-02  4.551319e-01
8.100000e-02  4.504308e-01
8.400000e-02  4.459211e-01
8.700000e-02  4.415889e-01
9.000000e-02  4.374217e-01
9.300000e-02  4.334082e-01
9.600000e-02  4.295383e-01
9.900000e-02  4.258027e-01
1.020000e-01  4.221930e-01
1.050000e-01  4.187017e-01
1.080000e-01  4.153218e-01
1.110000e-01  4.120468e-01
1.140000e-01  4.088708e-01
1.170000e-01  4.057885e-01
1.200000e-01  4.027948e-01
1.230000e-01  3.998852e-01
1.260000e-01  3.970553e-01
1.290000e-01  3.943013e-01
1.320000e-01  3.916194e-01
1.350000e-01  3.890061e-01
1.380000e-01  3.864584e-01
1.410000e-01  3.839732e-01
1.440000e-01  3.815477e-01
1.470000e-01  3.791793e-01
1.500000e-01  3.768656e-01
1.530000e-01  3.746042e-01
1.560000e-01  3.723930e-01
1.590000e-01  3.702300e-01
1.620000e-01  3.681132e-01
1.650000e-01  3.660409e-01
1.680000e-01  3.640112e-01
1.710000e-01  3.620227e-01
1.740000e-01  3.600738e-01
1.770000e-01  3.581630e-01
1.800000e-01  3.562889e-01
1.830000e-01  3.544504e-01
1.860000e-01  3.526460e-01
1.890000e-01  3.508748e-01
1.920000e-01  3.491354e-01
1.950000e-01  3.474270e-01
1.980000e-01  3.457484e-01
2.010000e-01  3.440987e-01
2.040000e-01  3.424771e-01
2.070000e-01  3.408825e-01
2.100000e-01  3.393142e-01
2.130000e-01  3.377714e-01
2.160000e-01  3.362532e-01
2.190000e-01  3.347591e-01
2.220000e-01  3.332882e-01
2.250000e-01  3.318399e-01
2.280000e-01  3.304136e-01
2.310000e-01  3.290086e-01
2.340000e-01  3.276244e-01
2.370000e-01  3.262603e-01
2.400000e-01  3.249158e-01
2.430000e-01  3.235904e-01
2.460000e-01  3.222837e-01
2.490000e-01  3.209950e-01
2.520000e-01  3.197240e-01
2.550000e-01  3.184701e-01
2.580000e-01  3.172331e-01
2.610000e-01  3.160123e-01
2.640000e-01  3.148075e-01
2.670000e-01  3.136182e-01
2.700000e-01  3.124440e-01
2.730000e-01  3.112847e-01
2.760000e-01  3.101398e-01
2.790000e-01  3.090091e-01
2.820000e-01  3.078921e-01
2.850000e-01  3.067886e-01
2.880000e-01  3.056982e-01
2.910000e-01  3.046207e-01
2.940000e-01  3.035558e-01
2.970000e-01  3.025032e-01
3.000000e-01  3.014626e-01
3.030000e-01  3.004339e-01
3.060000e-01  2.994166e-01
3.090000e-01  2.984106e-01
3.120000e-01  2.974156e-01
3.150000e-01  2.964315e-01
3.180000e-01  2.954579e-01
3.210000e-01  2.944947e-01
3.240000e-01  2.935417e-01
3.270000e-01  2.925986e-01
3.300000e-01  2.916653e-01
3.330000e-01  2.907416e-01
3.360000e-01  2.898272e-01
3.390000e-01  2.889221e-01
3.420000e-01  2.880259e-01
3.450000e-01  2.871386e-01
3.480000e-01  2.862600e-01
3.510000e-01  2.853899e-01
3.540000e-01  2.845282e-01
3.570000e-01  2.836747e-01
3.600000e-01  2.828293e-01
3.630000e-01  2.819917e-01
3.660000e-01  2.811619e-01
3.690000e-01  2.803398e-01
3.720000e-01  2.795251e-01
3.750000e-01  2.787179e-01
3.780000e-01  2.779178e-01
3.810000e-01  2.771249e-01
3.840000e-01  2.763389e-01
3.870000e-01  2.755598e-01
3.900000e-01  2.747875e-01
3.930000e-01  2.740218e-01
3.960000e-01  2.732627e-01
3.990000e-01  2.725099e-01
4.020000e-01  2.717635e-01
4.050000e-01  2.710233e-01
4.080000e-01  2.702892e-01
4.110000e-01  2.695612e-01
4.140000e-01  2.688390e-01
4.170000e-01  2.681227e-01
4.200000e-01  2.674121e-01
4.230000e-01  2.667071e-01
4.260000e-01  2.660077e-01
4.290000e-01  2.653138e-01
4.320000e-01  2.646252e-01
4.350000e-01  2.639420e-01
4.380000e-01  2.632640e-01
4.410000e-01  2.625911e-01
4.440000e-01  2.619233e-01
4.470000e-01  2.612605e-01
4.500000e-01  2.606026e-01
4.530000e-01  2.599496e-01
4.560000e-01  2.593013e-01
4.590000e-01  2.586577e-01
4.620000e-01  2.580188e-01
4.650000e-01  2.573845e-01
4.680000e-01  2.567547e-01
4.710000e-01  2.561293e-01
4.740000e-01  2.555083e-01
4.770000e-01  2.548916e-01
4.800000e-01  2.542792e-01
4.830000e-01  2.536710e-01
4.860000e-01  2.530669e-01
4.890000e-01  2.524670e-01
4.920000e-01  2.518710e-01
4.950000e-01  2.512791e-01
4.980000e-01  2.506910e-01
5.010000e-01  2.501069e-01
5.040000e-01  2.495266e-01
5.070000e-01  2.489500e-01
5.100000e-01  2.483772e-01
5.130000e-01  2.478080e-01
5.160000e-01  2.472425e-01
5.190000e-01  2.466806e-01
5.220000e-01  2.461222e-01
5.250000e-01  2.455672e-01
5.280000e-01  2.450158e-01
5.310000e-01  2.444677e-01
5.340000e-01  2.439230e-01
5.370000e-01  2.433816e-01
5.400000e-01  2.428435e-01
5.430000e-01  2.423086e-01
5.460000e-01  2.417770e-01
5.490000e-01  2.412485e-01
5.520000e-01  2.407231e-01
5.550000e-01  2.402008e-01
5.580000e-01  2.396815e-01
5.610000e-01  2.391652e-01
5.640000e-01  2.386520e-01
5.670000e-01  2.381416e-01
5.700000e-01  2.376342e-01
5.730000e-01  2.371296e-01
5.760000e-01  2.366279e-01
5.790000e-01  2.361290e-01
5.820000e-01  2.356328e-01
5.850000e-01  2.351394e-01
5.880000e-01  2.346487e-01
5.910000e-01  2.341606e-01
5.940000e-01  2.336753e-01
5.970000e-01  2.331925e-01
6.000000e-01  2.327123e-01
6.030000e-01  2.322347e-01
6.060000e-01  2.317596e-01
6.090000e-01  2.312870e-01
6.120000e-01  2.308169e-01
6.150000e-01  2.303492e-01
6.180000e-01  2.298840e-01
6.210000e-01  2.294211e-01
6.240000e-01  2.289606e-01
6.270000e-01  2.285025e-01
6.300000e-01  2.280466e-01
6.330000e-01  2.275931e-01
6.360000e-01  2.271418e-01
6.390000e-01  2.266928e-01
6.420000e-01  2.262460e-01
6.450000e-01  2.258014e-01
6.480000e-01  2.253589e-01
6.510000e-01  2.249187e-01
6.540000e-01  2.244805e-01
6.570000e-01  2.240445e-01
6.600000e-01  2.236105e-01
6.630000e-01  2.231786e-01
6.660000e-01  2.227487e-01
6.690000e-01  2.223209e-01
6.720000e-01  2.218950e-01
6.750000e-01  2.214712e-01
6.780000e-01  2.210493e-01
6.810000e-01  2.206294e-01
6.840000e-01  2.202113e-01
6.870000e-01  2.197952e-01
6.900000e-01  2.193809e-01
6.930000e-01  2.189686e-01
6.960000e-01  2.185580e-01
6.990000e-01  2.181493e-01
7.020000e-01  2.177424e-01
7.050000e-01  2.173373e-01
7.080000e-01  2.169340e-01
7.110000e-01  2.165324e-01
7.140000e-01  2.161326e-01
7.170000e-01  2.157345e-01
7.200000e-01  2.153381e-01
7.230000e-01  2.149434e-01
7.260000e-01  2.145504e-01
7.290000e-01  2.141590e-01
7.320000e-01  2.137693e-01
7.350000e-01  2.133812e-01
7.380000e-01  2.129947e-01
7.410000e-01  2.126098e-01
7.440000e-01  2.122265e-01
7.470000e-01  2.118448e-01
7.500000e-01  2.114646e-01
7.530000e-01  2.110860e-01
7.560000e-01  2.107089e-01
7.590000e-01  2.103333e-01
7.620000e-01  2.099592e-01
7.650000e-01  2.095865e-01
7.680000e-01  2.092154e-01
7.710000e-01  2.088457e-01
7.740000e-01  2.084775e-01
7.770000e-01  2.081106e-01
7.800000e-01  2.077453e-01
7.830000e-01  2.073813e-01
7.860000e-01  2.070187e-01
7.890000e-01  2.066575e-01
7.920000e-01  2.062976e-01
7.950000e-01  2.059391e-01
7.980000e-01  2.055820e-01
8.010000e-01  2.052262e-01
8.040000e-01  2.048717e-01
8.070000e-01  2.045185e-01
8.100000e-01  2.041666e-01
8.130000e-01  2.038160e-01
8.160000e-01  2.034667e-01
8.190000e-01  2.031186e-01
8.220000e-01  2.027718e-01
8.250000e-01  2.024262e-01
8.280000e-01  2.020819e-01
8.310000e-01  2.017388e-01
8.340000e-01  2.013969e-01
8.370000e-01  2.010562e-01
8.400000e-01  2.007167e-01
8.430000e-01  2.003784e-01
8.460000e-01  2.000412e-01
8.490000e-01  1.997052e-01
8.520000e-01  1.993704e-01
8.550000e-01  1.990367e-01
8.580000e-01  1.987041e-01
8.610000e-01  1.983726e-01
8.640000e-01  1.980423e-01
8.670000e-01  1.977131e-01
8.700000e-01  1.973849e-01
8.730000e-01  1.970579e-01
8.760000e-01  1.967319e-01
8.790000e-01  1.964070e-01
8.820000e-01  1.960831e-01
8.850000e-01  1.957603e-01
8.880000e-01  1.954386e-01
8.910000e-01  1.951178e-01
8.940000e-01  1.947981e-01
8.970000e-01  1.944794e-01
9.000000e-01  1.941618e-01
9.030000e-01  1.938451e-01
9.060000e-01  1.935294e-01
9.090000e-01  1.932147e-01
9.120000e-01  1.929009e-01
9.150000e-01  1.925882e-01
9.180000e-01  1.922764e-01
9.210000e-01  1.919655e-01
9.240000e-01  1.916556e-01
9.270000e-01  1.913466e-01
9.300000e-01  1.910386e-01
9.330000e-01  1.907315e-01
9.360000e-01  1.904252e-01
9.390000e-01  1.901199e-01
9.420000e-01  1.898155e-01
9.450000e-01  1.895120e-01
9.480000e-01  1.892094e-01
9.510000e-01  1.889077e-01
9.540000e-01  1.886068e-01
9.570000e-01  1.883068e-01
9.600000e-01  1.880076e-01
9.630000e-01  1.877093e-01
9.660000e-01  1.874119e-01
9.690000e-01  1.871153e-01
9.720000e-01  1.868195e-01
9.750000e-01  1.865245e-01
9.780000e-01  1.862304e-01
9.810000e-01  1.859371e-01
9.840000e-01  1.856445e-01
9.870000e-01  1.853528e-01
9.900000e-01  1.850619e-01
9.930000e-01  1.847717e-01
9.960000e-01  1.844824e-01
9.990000e-01  1.841938e-01
