000000  000001
3.000000e-03  8.312041e-01
6.000000e-03  7.506841e-01
9.000000e-03  6.982251e-01
1.200000e-02  6.596742e-01
1.500000e-02  6.294064e-01
1.800000e-02  6.046165e-01
2.100000e-02  5.837062e-01
2.400000e-02  5.656803e-01
2.700000e-02  5.498783e-01
3.000000e-02  5.358400e-01
3.300000e-02  5.232327e-01
3.600000e-02  5.118078e-01
3.900000e-02  5.013755e-01
4.200000e-02  4.917873e-01
4.500000e-02  4.829250e-01
4.800000e-02  4.746933e-01
5.100000e-02  4.670139e-01
5.400000e-02  4.598220e-01
5.700000e-02  4.530635e-01
6.000000e-02  4.466923e-01
6.300000e-02  4.406694e-01
6.600000e-02  4.349611e-01
6.900000e-02  4.295383e-01
7.200000e-02  4.243757e-01
7.500000e-02  4.194510e-01
7.800000e-02  4.147448e-01
8.100000e-02  4.102398e-01
8.400000e-02  4.059206e-01
8.700000e-02  4.017735e-01
9.000000e-02  3.977861e-01
9.300000e-02  3.939475e-01
9.600000e-02  3.902476e-01
9.900000e-02  3.866774e-01
1.020000e-01  3.832288e-01
1.050000e-01  3.798942e-01
1.080000e-01  3.766669e-01
1.110000e-01  3.735406e-01
1.140000e-01  3.705095e-01
1.170000e-01  3.675684e-01
1.200000e-01  3.647124e-01
1.230000e-01  3.619372e-01
1.260000e-01  3.592384e-01
1.290000e-01  3.566123e-01
1.320000e-01  3.540553e-01
1.350000e-01  3.515640e-01
1.380000e-01  3.491354e-01
1.410000e-01  3.467667e-01
1.440000e-01  3.444550e-01
1.470000e-01  3.421978e-01
1.500000e-01  3.399929e-01
1.530000e-01  3.378379e-01
1.560000e-01  3.357309e-01
1.590000e-01  3.336697e-01
1.620000e-01  3.316527e-01
1.650000e-01  3.296779e-01
1.680000e-01  3.277439e-01
1.710000e-01  3.258490e-01
1.740000e-01  3.239918e-01
1.770000e-01  3.221709e-01
1.800000e-01  3.203850e-01
1.830000e-01  3.186327e-01
1.860000e-01  3.169130e-01
1.890000e-01  3.152248e-01
1.920000e-01  3.135668e-01
1.950000e-01  3.119382e-01
1.980000e-01  3.103379e-01
2.010000e-01  3.087651e-01
2.040000e-01  3.072188e-01
2.070000e-01  3.056982e-01
2.100000e-01  3.042025e-01
2.130000e-01  3.027310e-01
2.160000e-01  3.012829e-01
2.190000e-01  2.998575e-01
2.220000e-01  2.984541e-01
2.250000e-01  2.970721e-01
2.280000e-01  2.957109e-01
2.310000e-01  2.943699e-01
2.340000e-01  2.930484e-01
2.370000e-01  2.917461e-01
2.400000e-01  2.904623e-01
2.430000e-01  2.891966e-01
2.460000e-01  2.879484e-01
2.490000e-01  2.867174e-01
2.520000e-01  2.855030e-01
2.550000e-01  2.843048e-01
2.580000e-01  2.831224e-01
2.610000e-01  2.819555e-01
2.640000e-01  2.808035e-01
2.670000e-01  2.796663e-01
2.700000e-01  2.785433e-01
2.730000e-01  2.774343e-01
2.760000e-01  2.763389e-01
2.790000e-01  2.752568e-01
2.820000e-01  2.741877e-01
2.850000e-01  2.731313e-01
2.880000e-01  2.720873e-01
2.910000e-01  2.710554e-01
2.940000e-01  2.700353e-01
2.970000e-01  2.690268e-01
3.000000e-01  2.680297e-01
3.030000e-01  2.670436e-01
3.060000e-01  2.660683e-01
3.090000e-01  2.651036e-01
3.120000e-01  2.641494e-01
3.150000e-01  2.632052e-01
3.180000e-01  2.622711e-01
3.210000e-01  2.613467e-01
3.240000e-01  2.604318e-01
3.270000e-01  2.595262e-01
3.300000e-01  2.586299e-01
3.330000e-01  2.577425e-01
3.360000e-01  2.568639e-01
3.390000e-01  2.559939e-01
3.420000e-01  2.551324e-01
3.450000e-01  2.542792e-01
3.480000e-01  2.534341e-01
3.510000e-01  2.525970e-01
3.540000e-01  2.517678e-01
3.570000e-01  2.509462e-01
3.600000e-01  2.501322e-01
3.630000e-01  2.493256e-01
3.660000e-01  2.485263e-01
3.690000e-01  2.477341e-01
3.720000e-01  2.469489e-01
3.750000e-01  2.461706e-01
3.780000e-01  2.453990e-01
3.810000e-01  2.446342e-01
3.840000e-01  2.438758e-01
3.870000e-01  2.431239e-01
3.900000e-01  2.423782e-01
3.930000e-01  2.416388e-01
3.960000e-01  2.409055e-01
3.990000e-01  2.401781e-01
4.020000e-01  2.394567e-01
4.050000e-01  2.387410e-01
4.080000e-01  2.380311e-01
4.110000e-01  2.373267e-01
4.140000e-01  2.366279e-01
4.170000e-01  2.359345e-01
4.200000e-01  2.352464e-01
4.230000e-01  2.345636e-01
4.260000e-01  2.338860e-01
4.290000e-01  2.332134e-01
4.320000e-01  2.325459e-01
4.350000e-01  2.318833e-01
4.380000e-01  2.312255e-01
4.410000e-01  2.305726e-01
4.440000e-01  2.299243e-01
4.470000e-01  2.292807e-01
4.500000e-01  2.286417e-01
4.530000e-01  2.280071e-01
4.560000e-01  2.273770e-01
4.590000e-01  2.267512e-01
4.620000e-01  2.261298e-01
4.650000e-01  2.255126e-01
4.680000e-01  2.248996e-01
4.710000e-01  2.242907e-01
4.740000e-01  2.236858e-01
4.770000e-01  2.230850e-01
4.800000e-01  2.224881e-01
4.830000e-01  2.218950e-01
4.860000e-01  2.213059e-01
4.890000e-01  2.207205e-01
4.920000e-01  2.201388e-01
4.950000e-01  2.195608e-01
4.980000e-01  2.189864e-01
5.010000e-01  2.184157e-01
5.040000e-01  2.178484e-01
5.070000e-01  2.172846e-01
5.100000e-01  2.167243e-01
5.130000e-01  2.161673e-01
5.160000e-01  2.156137e-01
5.190000e-01  2.150633e-01
5.220000e-01  2.145163e-01
5.250000e-01  2.139724e-01
5.280000e-01  2.134317e-01
5.310000e-01  2.128941e-01
5.340000e-01  2.123597e-01
5.370000e-01  2.118282e-01
5.400000e-01  2.112998e-01
5.430000e-01  2.107743e-01
5.460000e-01  2.102518e-01
5.490000e-01  2.097322e-01
5.520000e-01  2.092154e-01
5.550000e-01  2.087014e-01
5.580000e-01  2.081903e-01
5.610000e-01  2.076818e-01
5.640000e-01  2.071761e-01
5.670000e-01  2.066731e-01
5.700000e-01  2.061728e-01
5.730000e-01  2.056750e-01
5.760000e-01  2.051798e-01
5.790000e-01  2.046872e-01
5.820000e-01  2.041971e-01
5.850000e-01  2.037095e-01
5.880000e-01  2.032244e-01
5.910000e-01  2.027417e-01
5.940000e-01  2.022614e-01
5.970000e-01  2.017835e-01
6.000000e-01  2.013079e-01
6.030000e-01  2.008347e-01
6.060000e-01  2.003637e-01
6.090000e-01  1.998950e-01
6.120000e-01  1.994285e-01
6.150000e-01  1.989643e-01
6.180000e-01  1.985022e-01
6.210000e-01  1.980423e-01
6.240000e-01  1.975845e-01
6.270000e-01  1.971289e-01
6.300000e-01  1.966753e-01
6.330000e-01  1.962238e-01
6.360000e-01  1.957743e-01
6.390000e-01  1.953269e-01
6.420000e-01  1.948814e-01
6.450000e-01  1.944379e-01
6.480000e-01  1.939964e-01
6.510000e-01  1.935568e-01
6.540000e-01  1.931191e-01
6.570000e-01  1.926833e-01
6.600000e-01  1.922493e-01
6.630000e-01  1.918172e-01
6.660000e-01  1.913869e-01
6.690000e-01  1.909584e-01
6.720000e-01  1.905317e-01
6.750000e-01  1.901067e-01
6.780000e-01  1.896835e-01
6.810000e-01  1.892620e-01
6.840000e-01  1.888422e-01
6.870000e-01  1.884241e-01
6.900000e-01  1.880076e-01
6.930000e-01  1.875928e-01
6.960000e-01  1.871797e-01
6.990000e-01  1.867681e-01
7.020000e-01  1.863582e-01
7.050000e-01  1.859498e-01
7.080000e-01  1.855430e-01
7.110000e-01  1.851377e-01
7.140000e-01  1.847339e-01
7.170000e-01  1.843317e-01
7.200000e-01  1.839309e-01
7.230000e-01  1.835317e-01
7.260000e-01  1.831339e-01
7.290000e-01  1.827375e-01
7.320000e-01  1.823426e-01
7.350000e-01  1.819491e-01
7.380000e-01  1.815569e-01
7.410000e-01  1.811662e-01
7.440000e-01  1.807768e-01
7.470000e-01  1.803888e-01
7.500000e-01  1.800021e-01
7.530000e-01  1.796168e-01
7.560000e-01  1.792328e-01
7.590000e-01  1.788500e-01
7.620000e-01  1.784686e-01
7.650000e-01  1.780884e-01
7.680000e-01  1.777095e-01
7.710000e-01  1.773318e-01
7.740000e-01  1.769554e-01
7.770000e-01  1.765801e-01
7.800000e-01  1.762061e-01
7.830000e-01  1.758333e-01
7.860000e-01  1.754616e-01
7.890000e-01  1.750911e-01
7.920000e-01  1.747218e-01
7.950000e-01  1.743536e-01
7.980000e-01  1.739865e-01
8.010000e-01  1.736205e-01
8.040000e-01  1.732557e-01
8.070000e-01  1.728919e-01
8.100000e-01  1.725292e-01
8.130000e-01  1.721676e-01
8.160000e-01  1.718070e-01
8.190000e-01  1.714475e-01
8.220000e-01  1.710890e-01
8.250000e-01  1.707316e-01
8.280000e-01  1.703751e-01
8.310000e-01  1.700197e-01
8.340000e-01  1.696652e-01
8.370000e-01  1.693117e-01
8.400000e-01  1.689592e-01
8.430000e-01  1.686076e-01
8.460000e-01  1.682570e-01
8.490000e-01  1.679074e-01
8.520000e-01  1.675586e-01
8.550000e-01  1.672108e-01
8.580000e-01  1.668638e-01
8.610000e-01  1.665178e-01
8.640000e-01  1.661726e-01
8.670000e-01  1.658284e-01
8.700000e-01  1.654849e-01
8.730000e-01  1.651424e-01
8.760000e-01  1.648006e-01
8.790000e-01  1.644598e-01
8.820000e-01  1.641197e-01
8.850000e-01  1.637805e-01
8.880000e-01  1.634420e-01
8.910000e-01  1.631044e-01
8.940000e-01  1.627675e-01
8.970000e-01  1.624314e-01
9.000000e-01  1.620961e-01
9.030000e-01  1.617616e-01
9.060000e-01  1.614277e-01
9.090000e-01  1.610947e-01
9.120000e-01  1.607623e-01
9.150000e-01  1.604307e-01
9.180000e-01  1.600998e-01
9.210000e-01  1.597696e-01
9.240000e-01  1.594401e-01
9.270000e-01  1.591113e-01
9.300000e-01  1.587831e-01
9.330000e-01  1.584557e-01
9.360000e-01  1.581288e-01
9.390000e-01  1.578027e-01
9.420000e-01  1.574771e-01
9.450000e-01  1.571523e-01
9.480000e-01  1.568280e-01
9.510000e-01  1.565043e-01
9.540000e-01  1.561813e-01
9.570000e-01  1.558589e-01
9.600000e-01  1.555370e-01
9.630000e-01  1.552157e-01
9.660000e-01  1.548950e-01
9.690000e-01  1.545749e-01
9.720000e-01  1.542553e-01
9.750000e-01  1.539363e-01
9.780000e-01  1.536178e-01
9.810000e-01  1.532999e-01
9.840000e-01  1.529824e-01
9.870000e-01  1.526655e-01
9.900000e-01  1.523491e-01
9.930000e-01  1.520332e-01
9.960000e-01  1.517178e-01
9.990000e-01  1.514028e-01
