000000  000001
3.000000e-03  7.450810e-01
6.000000e-03  6.536606e-01
9.000000e-03  5.985788e-01
1.200000e-02  5.597044e-01
1.500000e-02  5.299486e-01
1.800000e-02  5.060047e-01
2.100000e-02  4.860701e-01
2.400000e-02  4.690574e-01
2.700000e-02  4.542622e-01
3.000000e-02  4.412034e-01
3.300000e-02  4.295383e-01
3.600000e-02  4.190144e-01
3.900000e-02  4.094411e-01
4.200000e-02  4.006706e-01
4.500000e-02  3.925865e-01
4.800000e-02  3.850953e-01
5.100000e-02  3.781210e-01
5.400000e-02  3.716010e-01
5.700000e-02  3.654832e-01
6.000000e-02  3.597236e-01
6.300000e-02  3.542849e-01
6.600000e-02  3.491354e-01
6.900000e-02  3.442475e-01
7.200000e-02  3.395974e-01
7.500000e-02  3.351643e-01
7.800000e-02  3.309298e-01
8.100000e-02  3.268778e-01
8.400000e-02  3.229942e-01
8.700000e-02  3.192661e-01
9.000000e-02  3.156821e-01
9.300000e-02  3.122322e-01
9.600000e-02  3.089070e-01
9.900000e-02  3.056982e-01
1.020000e-01  3.025984e-01
1.050000e-01  2.996007e-01
1.080000e-01  2.966988e-01
1.110000e-01  2.938871e-01
1.140000e-01  2.911603e-01
1.170000e-01  2.885136e-01
1.200000e-01  2.859427e-01
1.230000e-01  2.834433e-01
1.260000e-01  2.810119e-01
1.290000e-01  2.786448e-01
1.320000e-01  2.763389e-01
1.350000e-01  2.740912e-01
1.380000e-01  2.718988e-01
1.410000e-01  2.697591e-01
1.440000e-01  2.676698e-01
1.470000e-01  2.656285e-01
1.500000e-01  2.636332e-01
1.530000e-01  2.616817e-01
1.560000e-01  2.597723e-01
1.590000e-01  2.579031e-01
1.620000e-01  2.560726e-01
1.650000e-01  2.542792e-01
1.680000e-01  2.525213e-01
1.710000e-01  2.507977e-01
1.740000e-01  2.491069e-01
1.770000e-01  2.474477e-01
1.800000e-01  2.458190e-01
1.830000e-01  2.442197e-01
1.860000e-01  2.426486e-01
1.890000e-01  2.411049e-01
1.920000e-01  2.395874e-01
1.950000e-01  2.380954e-01
1.980000e-01  2.366279e-01
2.010000e-01  2.351841e-01
2.040000e-01  2.337633e-01
2.070000e-01  2.323647e-01
2.100000e-01  2.309875e-01
2.130000e-01  2.296312e-01
2.160000e-01  2.282950e-01
2.190000e-01  2.269783e-01
2.220000e-01  2.256805e-01
2.250000e-01  2.244011e-01
2.280000e-01  2.231394e-01
2.310000e-01  2.218950e-01
2.340000e-01  2.206675e-01
2.370000e-01  2.194561e-01
2.400000e-01  2.182606e-01
2.430000e-01  2.170805e-01
2.460000e-01  2.159152e-01
2.490000e-01  2.147645e-01
2.520000e-01  2.136280e-01
2.550000e-01  2.125051e-01
2.580000e-01  2.113956e-01
2.610000e-01  2.102992e-01
2.640000e-01  2.092154e-01
2.670000e-01  2.081439e-01
2.700000e-01  2.070845e-01
2.730000e-01  2.060368e-01
2.760000e-01  2.050004e-01
2.790000e-01  2.039752e-01
2.820000e-01  2.029608e-01
2.850000e-01  2.019570e-01
2.880000e-01  2.009635e-01
2.910000e-01  1.999800e-01
2.940000e-01  1.990064e-01
2.970000e-01  1.980423e-01
3.000000e-01  1.970876e-01
3.030000e-01  1.961419e-01
3.060000e-01  1.952052e-01
3.090000e-01  1.942772e-01
3.120000e-01  1.933576e-01
3.150000e-01  1.924463e-01
3.180000e-01  1.915431e-01
3.210000e-01  1.906479e-01
3.240000e-01  1.897603e-01
3.270000e-01  1.888803e-01
3.300000e-01  1.880076e-01
3.330000e-01  1.871422e-01
3.360000e-01  1.862838e-01
3.390000e-01  1.854323e-01
3.420000e-01  1.845875e-01
3.450000e-01  1.837493e-01
3.480000e-01  1.829175e-01
3.510000e-01  1.820920e-01
3.540000e-01  1.812726e-01
3.570000e-01  1.804593e-01
3.600000e-01  1.796518e-01
3.630000e-01  1.788500e-01
3.660000e-01  1.780539e-01
3.690000e-01  1.772633e-01
3.720000e-01  1.764780e-01
3.750000e-01  1.756980e-01
3.780000e-01  1.749231e-01
3.810000e-01  1.741532e-01
3.840000e-01  1.733882e-01
3.870000e-01  1.726280e-01
3.900000e-01  1.718725e-01
3.930000e-01  1.711216e-01
3.960000e-01  1.703751e-01
3.990000e-01  1.696330e-01
4.020000e-01  1.688952e-01
4.050000e-01  1.681616e-01
4.080000e-01  1.674320e-01
4.110000e-01  1.667064e-01
4.140000e-01  1.659847e-01
4.170000e-01  1.652668e-01
4.200000e-01  1.645527e-01
4.230000e-01  1.638421e-01
4.260000e-01  1.631350e-01
4.290000e-01  1.624314e-01
4.320000e-01  1.617312e-01
4.350000e-01  1.610342e-01
4.380000e-01  1.603404e-01
4.410000e-01  1.596497e-01
4.440000e-01  1.589620e-01
4.470000e-01  1.582773e-01
4.500000e-01  1.575954e-01
4.530000e-01  1.569164e-01
4.560000e-01  1.562400e-01
4.590000e-01  1.555662e-01
4.620000e-01  1.548950e-01
4.650000e-01  1.542263e-01
4.680000e-01  1.535600e-01
4.710000e-01  1.528959e-01
4.740000e-01  1.522342e-01
4.770000e-01  1.515746e-01
4.800000e-01  1.509171e-01
4.830000e-01  1.502616e-01
4.860000e-01  1.496080e-01
4.890000e-01  1.489564e-01
4.920000e-01  1.483065e-01
4.950000e-01  1.476583e-01
4.980000e-01  1.470118e-01
5.010000e-01  1.463669e-01
5.040000e-01  1.457234e-01
5.070000e-01  1.450814e-01
5.100000e-01  1.444407e-01
5.130000e-01  1.438013e-01
5.160000e-01  1.431631e-01
5.190000e-01  1.425260e-01
5.220000e-01  1.418899e-01
5.250000e-01  1.412548e-01
5.280000e-01  1.406206e-01
5.310000e-01  1.399872e-01
5.340000e-01  1.393545e-01
5.370000e-01  1.387224e-01
5.400000e-01  1.380909e-01
5.430000e-01  1.374598e-01
5.460000e-01  1.368291e-01
5.490000e-01  1.361988e-01
5.520000e-01  1.355686e-01
5.550000e-01  1.349385e-01
5.580000e-01  000000
5.610000e-01  000000
5.640000e-01  000000
5.670000e-01  000000
5.700000e-01  000000
5.730000e-01  000000
5.760000e-01  000000
5.790000e-01  000000
5.820000e-01  000000
5.850000e-01  000000
5.880000e-01  000000
5.910000e-01  000000
5.940000e-01  000000
5.970000e-01  000000
6.000000e-01  000000
6.030000e-01  000000
6.060000e-01  000000
6.090000e-01  000000
6.120000e-01  000000
6.150000e-01  000000
6.180000e-01  000000
6.210000e-01  000000
6.240000e-01  000000
6.270000e-01  000000
6.300000e-01  000000
6.330000e-01  000000
6.360000e-01  000000
6.390000e-01  000000
6.420000e-01  000000
6.450000e-01  000000
6.480000e-01  000000
6.510000e-01  000000
6.540000e-01  000000
6.570000e-01  000000
6.600000e-01  000000
6.630000e-01  000000
6.660000e-01  000000
6.690000e-01  000000
6.720000e-01  000000
6.750000e-01  000000
6.780000e-01  000000
6.810000e-01  000000
6.840000e-01  000000
6.870000e-01  000000
6.900000e-01  000000
6.930000e-01  000000
6.960000e-01  000000
6.990000e-01  000000
7.020000e-01  000000
7.050000e-01  000000
7.080000e-01  000000
7.110000e-01  000000
7.140000e-01  000000
7.170000e-01  000000
7.200000e-01  000000
7.230000e-01  000000
7.260000e-01  000000
7.290000e-01  000000
7.320000e-01  000000
7.350000e-01  000000
7.380000e-01  000000
7.410000e-01  000000
7.440000e-01  000000
7.470000e-01  000000
7.500000e-01  000000
7.530000e-01  000000
7.560000e-01  000000
7.590000e-01  000000
7.620000e-01  000000
7.650000e-01  000000
7.680000e-01  000000
7.710000e-01  000000
7.740000e-01  000000
7.770000e-01  000000
7.800000e-01  000000
7.830000e-01  000000
7.860000e-01  000000
7.890000e-01  000000
7.920000e-01  000000
7.950000e-01  000000
7.980000e-01  000000
8.010000e-01  000000
8.040000e-01  000000
8.070000e-01  000000
8.100000e-01  000000
8.130000e-01  000000
8.160000e-01  000000
8.190000e-01  000000
8.220000e-01  000000
8.250000e-01  000000
8.280000e-01  000000
8.310000e-01  000000
8.340000e-01  000000
8.370000e-01  000000
8.400000e-01  000000
8.430000e-01  000000
8.460000e-01  000000
8.490000e-01  000000
8.520000e-01  000000
8.550000e-01  000000
8.580000e-01  000000
8.610000e-01  000000
8.640000e-01  000000
8.670000e-01  000000
8.700000e-01  000000
8.730000e-01  000000
8.760000e-01  000000
8.790000e-01  000000
8.820000e-01  000000
8.850000e-01  000000
8.880000e-01  000000
8.910000e-01  000000
8.940000e-01  000000
8.970000e-01  000000
9.000000e-01  000000
9.030000e-01  000000
9.060000e-01  000000
9.090000e-01  000000
9.120000e-01  000000
9.150000e-01  000000
9.180000e-01  000000
9.210000e-01  000000
9.240000e-01  000000
9.270000e-01  000000
9.300000e-01  000000
9.330000e-01  000000
9.360000e-01  000000
9.390000e-01  000000
9.420000e-01  000000
9.450000e-01  000000
9.480000e-01  000000
9.510000e-01  000000
9.540000e-01  000000
9.570000e-01  000000
9.600000e-01  000000
9.630000e-01  000000
9.660000e-01  000000
9.690000e-01  000000
9.720000e-01  000000
9.750000e-01  000000
9.780000e-01  000000
9.810000e-01  000000
9.840000e-01  000000
9.870000e-01  000000
9.900000e-01  000000
9.930000e-01  000000
9.960000e-01  000000
9.990000e-01  000000
