000000  000001
3.000000e-03  8.537424e-01
6.000000e-03  7.781133e-01
9.000000e-03  7.274484e-01
1.200000e-02  6.896464e-01
1.500000e-02  6.596742e-01
1.800000e-02  6.349550e-01
2.100000e-02  6.139951e-01
2.400000e-02  5.958523e-01
2.700000e-02  5.798951e-01
3.000000e-02  5.656803e-01
3.300000e-02  5.528850e-01
3.600000e-02  5.412672e-01
3.900000e-02  5.306408e-01
4.200000e-02  5.208599e-01
4.500000e-02  5.118078e-01
4.800000e-02  5.033902e-01
5.100000e-02  4.955294e-01
5.400000e-02  4.881610e-01
5.700000e-02  4.812309e-01
6.000000e-02  4.746933e-01
6.300000e-02  4.685088e-01
6.600000e-02  4.626439e-01
6.900000e-02  4.570694e-01
7.200000e-02  4.517596e-01
7.500000e-02  4.466923e-01
7.800000e-02  4.418478e-01
8.100000e-02  4.372086e-01
8.400000e-02  4.327592e-01
8.700000e-02  4.284857e-01
9.000000e-02  4.243757e-01
9.300000e-02  4.204179e-01
9.600000e-02  4.166022e-01
9.900000e-02  4.129196e-01
1.020000e-01  4.093616e-01
1.050000e-01  4.059206e-01
1.080000e-01  4.025897e-01
1.110000e-01  3.993626e-01
1.140000e-01  3.962334e-01
1.170000e-01  3.931967e-01
1.200000e-01  3.902476e-01
1.230000e-01  3.873815e-01
1.260000e-01  3.845942e-01
1.290000e-01  3.818817e-01
1.320000e-01  3.792404e-01
1.350000e-01  3.766669e-01
1.380000e-01  3.741580e-01
1.410000e-01  3.717108e-01
1.440000e-01  3.693225e-01
1.470000e-01  3.669905e-01
1.500000e-01  3.647124e-01
1.530000e-01  3.624860e-01
1.560000e-01  3.603090e-01
1.590000e-01  3.581794e-01
1.620000e-01  3.560954e-01
1.650000e-01  3.540553e-01
1.680000e-01  3.520572e-01
1.710000e-01  3.500995e-01
1.740000e-01  3.481809e-01
1.770000e-01  3.462998e-01
1.800000e-01  3.444550e-01
1.830000e-01  3.426450e-01
1.860000e-01  3.408687e-01
1.890000e-01  3.391250e-01
1.920000e-01  3.374127e-01
1.950000e-01  3.357309e-01
1.980000e-01  3.340784e-01
2.010000e-01  3.324543e-01
2.040000e-01  3.308578e-01
2.070000e-01  3.292879e-01
2.100000e-01  3.277439e-01
2.130000e-01  3.262249e-01
2.160000e-01  3.247303e-01
2.190000e-01  3.232592e-01
2.220000e-01  3.218110e-01
2.250000e-01  3.203850e-01
2.280000e-01  3.189805e-01
2.310000e-01  3.175971e-01
2.340000e-01  3.162340e-01
2.370000e-01  3.148908e-01
2.400000e-01  3.135668e-01
2.430000e-01  3.122616e-01
2.460000e-01  3.109747e-01
2.490000e-01  3.097055e-01
2.520000e-01  3.084537e-01
2.550000e-01  3.072188e-01
2.580000e-01  3.060003e-01
2.610000e-01  3.047979e-01
2.640000e-01  3.036111e-01
2.670000e-01  3.024395e-01
2.700000e-01  3.012829e-01
2.730000e-01  3.001408e-01
2.760000e-01  2.990128e-01
2.790000e-01  2.978987e-01
2.820000e-01  2.967982e-01
2.850000e-01  2.957109e-01
2.880000e-01  2.946365e-01
2.910000e-01  2.935747e-01
2.940000e-01  2.925252e-01
2.970000e-01  2.914879e-01
3.000000e-01  2.904623e-01
3.030000e-01  2.894483e-01
3.060000e-01  2.884456e-01
3.090000e-01  2.874540e-01
3.120000e-01  2.864732e-01
3.150000e-01  2.855030e-01
3.180000e-01  2.845431e-01
3.210000e-01  2.835935e-01
3.240000e-01  2.826538e-01
3.270000e-01  2.817239e-01
3.300000e-01  2.808035e-01
3.330000e-01  2.798926e-01
3.360000e-01  2.789908e-01
3.390000e-01  2.780981e-01
3.420000e-01  2.772142e-01
3.450000e-01  2.763389e-01
3.480000e-01  2.754722e-01
3.510000e-01  2.746138e-01
3.540000e-01  2.737637e-01
3.570000e-01  2.729215e-01
3.600000e-01  2.720873e-01
3.630000e-01  2.712608e-01
3.660000e-01  2.704419e-01
3.690000e-01  2.696305e-01
3.720000e-01  2.688265e-01
3.750000e-01  2.680297e-01
3.780000e-01  2.672399e-01
3.810000e-01  2.664571e-01
3.840000e-01  2.656812e-01
3.870000e-01  2.649120e-01
3.900000e-01  2.641494e-01
3.930000e-01  2.633933e-01
3.960000e-01  2.626436e-01
3.990000e-01  2.619001e-01
4.020000e-01  2.611629e-01
4.050000e-01  2.604318e-01
4.080000e-01  2.597066e-01
4.110000e-01  2.589873e-01
4.140000e-01  2.582738e-01
4.170000e-01  2.575661e-01
4.200000e-01  2.568639e-01
4.230000e-01  2.561672e-01
4.260000e-01  2.554760e-01
4.290000e-01  2.547901e-01
4.320000e-01  2.541095e-01
4.350000e-01  2.534341e-01
4.380000e-01  2.527638e-01
4.410000e-01  2.520985e-01
4.440000e-01  2.514382e-01
4.470000e-01  2.507828e-01
4.500000e-01  2.501322e-01
4.530000e-01  2.494863e-01
4.560000e-01  2.488451e-01
4.590000e-01  2.482085e-01
4.620000e-01  2.475765e-01
4.650000e-01  2.469489e-01
4.680000e-01  2.463257e-01
4.710000e-01  2.457068e-01
4.740000e-01  2.450923e-01
4.770000e-01  2.444820e-01
4.800000e-01  2.438758e-01
4.830000e-01  2.432737e-01
4.860000e-01  2.426757e-01
4.890000e-01  2.420817e-01
4.920000e-01  2.414916e-01
4.950000e-01  2.409055e-01
4.980000e-01  2.403231e-01
5.010000e-01  2.397446e-01
5.040000e-01  2.391697e-01
5.070000e-01  2.385986e-01
5.100000e-01  2.380311e-01
5.130000e-01  2.374671e-01
5.160000e-01  2.369068e-01
5.190000e-01  2.363499e-01
5.220000e-01  2.357964e-01
5.250000e-01  2.352464e-01
5.280000e-01  2.346997e-01
5.310000e-01  2.341564e-01
5.340000e-01  2.336163e-01
5.370000e-01  2.330795e-01
5.400000e-01  2.325459e-01
5.430000e-01  2.320154e-01
5.460000e-01  2.314881e-01
5.490000e-01  2.309638e-01
5.520000e-01  2.304425e-01
5.550000e-01  2.299243e-01
5.580000e-01  2.294090e-01
5.610000e-01  2.288967e-01
5.640000e-01  2.283873e-01
5.670000e-01  2.278807e-01
5.700000e-01  2.273770e-01
5.730000e-01  2.268760e-01
5.760000e-01  2.263779e-01
5.790000e-01  2.258824e-01
5.820000e-01  2.253896e-01
5.850000e-01  2.248996e-01
5.880000e-01  2.244121e-01
5.910000e-01  2.239273e-01
5.940000e-01  2.234450e-01
5.970000e-01  2.229653e-01
6.000000e-01  2.224881e-01
6.030000e-01  2.220133e-01
6.060000e-01  2.215411e-01
6.090000e-01  2.210713e-01
6.120000e-01  2.206038e-01
6.150000e-01  2.201388e-01
6.180000e-01  2.196761e-01
6.210000e-01  2.192158e-01
6.240000e-01  2.187577e-01
6.270000e-01  2.183019e-01
6.300000e-01  2.178484e-01
6.330000e-01  2.173971e-01
6.360000e-01  2.169480e-01
6.390000e-01  2.165011e-01
6.420000e-01  2.160563e-01
6.450000e-01  2.156137e-01
6.480000e-01  2.151731e-01
6.510000e-01  2.147347e-01
6.540000e-01  2.142983e-01
6.570000e-01  2.138640e-01
6.600000e-01  2.134317e-01
6.630000e-01  2.130014e-01
6.660000e-01  2.125731e-01
6.690000e-01  2.121467e-01
6.720000e-01  2.117223e-01
6.750000e-01  2.112998e-01
6.780000e-01  2.108792e-01
6.810000e-01  2.104605e-01
6.840000e-01  2.100436e-01
6.870000e-01  2.096286e-01
6.900000e-01  2.092154e-01
6.930000e-01  2.088040e-01
6.960000e-01  2.083944e-01
6.990000e-01  2.079866e-01
7.020000e-01  2.075805e-01
7.050000e-01  2.071761e-01
7.080000e-01  2.067735e-01
7.110000e-01  2.063726e-01
7.140000e-01  2.059733e-01
7.170000e-01  2.055758e-01
7.200000e-01  2.051798e-01
7.230000e-01  2.047855e-01
7.260000e-01  2.043929e-01
7.290000e-01  2.040018e-01
7.320000e-01  2.036123e-01
7.350000e-01  2.032244e-01
7.380000e-01  2.028381e-01
7.410000e-01  2.024532e-01
7.440000e-01  2.020700e-01
7.470000e-01  2.016882e-01
7.500000e-01  2.013079e-01
7.530000e-01  2.009291e-01
7.560000e-01  2.005518e-01
7.590000e-01  2.001759e-01
7.620000e-01  1.998015e-01
7.650000e-01  1.994285e-01
7.680000e-01  1.990570e-01
7.710000e-01  1.986868e-01
7.740000e-01  1.983180e-01
7.770000e-01  1.979506e-01
7.800000e-01  1.975845e-01
7.830000e-01  1.972198e-01
7.860000e-01  1.968565e-01
7.890000e-01  1.964945e-01
7.920000e-01  1.961338e-01
7.950000e-01  1.957743e-01
7.980000e-01  1.954162e-01
8.010000e-01  1.950594e-01
8.040000e-01  1.947038e-01
8.070000e-01  1.943495e-01
8.100000e-01  1.939964e-01
8.130000e-01  1.936446e-01
8.160000e-01  1.932939e-01
8.190000e-01  1.929445e-01
8.220000e-01  1.925963e-01
8.250000e-01  1.922493e-01
8.280000e-01  1.919034e-01
8.310000e-01  1.915588e-01
8.340000e-01  1.912153e-01
8.370000e-01  1.908729e-01
8.400000e-01  1.905317e-01
8.430000e-01  1.901915e-01
8.460000e-01  1.898526e-01
8.490000e-01  1.895147e-01
8.520000e-01  1.891779e-01
8.550000e-01  1.888422e-01
8.580000e-01  1.885076e-01
8.610000e-01  1.881740e-01
8.640000e-01  1.878415e-01
8.670000e-01  1.875101e-01
8.700000e-01  1.871797e-01
8.730000e-01  1.868503e-01
8.760000e-01  1.865220e-01
8.790000e-01  1.861946e-01
8.820000e-01  1.858683e-01
8.850000e-01  1.855430e-01
8.880000e-01  1.852186e-01
8.910000e-01  1.848952e-01
8.940000e-01  1.845729e-01
8.970000e-01  1.842514e-01
9.000000e-01  1.839309e-01
9.030000e-01  1.836114e-01
9.060000e-01  1.832928e-01
9.090000e-01  1.829751e-01
9.120000e-01  1.826584e-01
9.150000e-01  1.823426e-01
9.180000e-01  1.820276e-01
9.210000e-01  1.817136e-01
9.240000e-01  1.814005e-01
9.270000e-01  1.810882e-01
9.300000e-01  1.807768e-01
9.330000e-01  1.804663e-01
9.360000e-01  1.801567e-01
9.390000e-01  1.798479e-01
9.420000e-01  1.795399e-01
9.450000e-01  1.792328e-01
9.480000e-01  1.789265e-01
9.510000e-01  1.786210e-01
9.540000e-01  1.783164e-01
9.570000e-01  1.780125e-01
9.600000e-01  1.777095e-01
9.630000e-01  1.774072e-01
9.660000e-01  1.771058e-01
9.690000e-01  1.768051e-01
9.720000e-01  1.765052e-01
9.750000e-01  1.762061e-01
9.780000e-01  1.759077e-01
9.810000e-01  1.756101e-01
9.840000e-01  1.753133e-01
9.870000e-01  1.750171e-01
9.900000e-01  1.747218e-01
9.930000e-01  1.744271e-01
9.960000e-01  1.741332e-01
9.990000e-01  1.738400e-01
