000000  000001
3.000000e-03  8.728974e-01
6.000000e-03  8.022697e-01
9.000000e-03  7.536179e-01
1.200000e-02  7.167369e-01
1.500000e-02  6.871835e-01
1.800000e-02  6.626209e-01
2.100000e-02  6.416694e-01
2.400000e-02  6.234468e-01
2.700000e-02  6.073558e-01
3.000000e-02  5.929736e-01
3.300000e-02  5.799902e-01
3.600000e-02  5.681716e-01
3.900000e-02  5.573372e-01
4.200000e-02  5.473447e-01
4.500000e-02  5.380799e-01
4.800000e-02  5.294502e-01
5.100000e-02  5.213791e-01
5.400000e-02  5.138029e-01
5.700000e-02  5.066681e-01
6.000000e-02  4.999291e-01
6.300000e-02  4.935469e-01
6.600000e-02  4.874881e-01
6.900000e-02  4.817233e-01
7.200000e-02  4.762271e-01
7.500000e-02  4.709772e-01
7.800000e-02  4.659537e-01
8.100000e-02  4.611392e-01
8.400000e-02  4.565181e-01
8.700000e-02  4.520763e-01
9.000000e-02  4.478013e-01
9.300000e-02  4.436818e-01
9.600000e-02  4.397076e-01
9.900000e-02  4.358695e-01
1.020000e-01  4.321589e-01
1.050000e-01  4.285683e-01
1.080000e-01  4.250904e-01
1.110000e-01  4.217190e-01
1.140000e-01  4.184481e-01
1.170000e-01  4.152722e-01
1.200000e-01  4.121864e-01
1.230000e-01  4.091858e-01
1.260000e-01  4.062663e-01
1.290000e-01  4.034238e-01
1.320000e-01  4.006545e-01
1.350000e-01  3.979552e-01
1.380000e-01  3.953224e-01
1.410000e-01  3.927532e-01
1.440000e-01  3.902447e-01
1.470000e-01  3.877944e-01
1.500000e-01  3.853996e-01
1.530000e-01  3.830582e-01
1.560000e-01  3.807679e-01
1.590000e-01  3.785267e-01
1.620000e-01  3.763325e-01
1.650000e-01  3.741836e-01
1.680000e-01  3.720783e-01
1.710000e-01  3.700148e-01
1.740000e-01  3.679918e-01
1.770000e-01  3.660075e-01
1.800000e-01  3.640608e-01
1.830000e-01  3.621503e-01
1.860000e-01  3.602747e-01
1.890000e-01  3.584328e-01
1.920000e-01  3.566235e-01
1.950000e-01  3.548457e-01
1.980000e-01  3.530985e-01
2.010000e-01  3.513807e-01
2.040000e-01  3.496915e-01
2.070000e-01  3.480300e-01
2.100000e-01  3.463953e-01
2.130000e-01  3.447866e-01
2.160000e-01  3.432032e-01
2.190000e-01  3.416443e-01
2.220000e-01  3.401091e-01
2.250000e-01  3.385971e-01
2.280000e-01  3.371074e-01
2.310000e-01  3.356396e-01
2.340000e-01  3.341930e-01
2.370000e-01  3.327670e-01
2.400000e-01  3.313611e-01
2.430000e-01  3.299746e-01
2.460000e-01  3.286072e-01
2.490000e-01  3.272584e-01
2.520000e-01  3.259275e-01
2.550000e-01  3.246142e-01
2.580000e-01  3.233181e-01
2.610000e-01  3.220387e-01
2.640000e-01  3.207755e-01
2.670000e-01  3.195283e-01
2.700000e-01  3.182965e-01
2.730000e-01  3.170800e-01
2.760000e-01  3.158782e-01
2.790000e-01  3.146908e-01
2.820000e-01  3.135176e-01
2.850000e-01  3.123581e-01
2.880000e-01  3.112121e-01
2.910000e-01  3.100793e-01
2.940000e-01  3.089593e-01
2.970000e-01  3.078520e-01
3.000000e-01  3.067569e-01
3.030000e-01  3.056739e-01
3.060000e-01  3.046027e-01
3.090000e-01  3.035431e-01
3.120000e-01  3.024947e-01
3.150000e-01  3.014574e-01
3.180000e-01  3.004310e-01
3.210000e-01  2.994152e-01
3.240000e-01  2.984097e-01
3.270000e-01  2.974145e-01
3.300000e-01  2.964293e-01
3.330000e-01  2.954538e-01
3.360000e-01  2.944880e-01
3.390000e-01  2.935316e-01
3.420000e-01  2.925844e-01
3.450000e-01  2.916463e-01
3.480000e-01  2.907170e-01
3.510000e-01  2.897965e-01
3.540000e-01  2.888845e-01
3.570000e-01  2.879810e-01
3.600000e-01  2.870857e-01
3.630000e-01  2.861985e-01
3.660000e-01  2.853192e-01
3.690000e-01  2.844478e-01
3.720000e-01  2.835840e-01
3.750000e-01  2.827278e-01
3.780000e-01  2.818790e-01
3.810000e-01  2.810374e-01
3.840000e-01  2.802030e-01
3.870000e-01  2.793756e-01
3.900000e-01  2.785552e-01
3.930000e-01  2.777415e-01
3.960000e-01  2.769345e-01
3.990000e-01  2.761341e-01
4.020000e-01  2.753402e-01
4.050000e-01  2.745526e-01
4.080000e-01  2.737712e-01
4.110000e-01  2.729960e-01
4.140000e-01  2.722269e-01
4.170000e-01  2.714637e-01
4.200000e-01  2.707064e-01
4.230000e-01  2.699548e-01
4.260000e-01  2.692090e-01
4.290000e-01  2.684687e-01
4.320000e-01  2.677339e-01
4.350000e-01  2.670045e-01
4.380000e-01  2.662805e-01
4.410000e-01  2.655618e-01
4.440000e-01  2.648482e-01
4.470000e-01  2.641397e-01
4.500000e-01  2.634363e-01
4.530000e-01  2.627378e-01
4.560000e-01  2.620442e-01
4.590000e-01  2.613553e-01
4.620000e-01  2.606713e-01
4.650000e-01  2.599918e-01
4.680000e-01  2.593170e-01
4.710000e-01  2.586468e-01
4.740000e-01  2.579810e-01
4.770000e-01  2.573196e-01
4.800000e-01  2.566626e-01
4.830000e-01  2.560098e-01
4.860000e-01  2.553613e-01
4.890000e-01  2.547170e-01
4.920000e-01  2.540767e-01
4.950000e-01  2.534405e-01
4.980000e-01  2.528084e-01
5.010000e-01  2.521801e-01
5.040000e-01  2.515558e-01
5.070000e-01  2.509353e-01
5.100000e-01  2.503186e-01
5.130000e-01  2.497057e-01
5.160000e-01  2.490964e-01
5.190000e-01  2.484908e-01
5.220000e-01  2.478888e-01
5.250000e-01  2.472903e-01
5.280000e-01  2.466953e-01
5.310000e-01  2.461038e-01
5.340000e-01  2.455157e-01
5.370000e-01  2.449310e-01
5.400000e-01  2.443496e-01
5.430000e-01  2.437715e-01
5.460000e-01  2.431967e-01
5.490000e-01  2.426250e-01
5.520000e-01  2.420566e-01
5.550000e-01  2.414912e-01
5.580000e-01  2.409289e-01
5.610000e-01  2.403697e-01
5.640000e-01  2.398135e-01
5.670000e-01  2.392603e-01
5.700000e-01  2.387100e-01
5.730000e-01  2.381627e-01
5.760000e-01  2.376182e-01
5.790000e-01  2.370765e-01
5.820000e-01  2.365377e-01
5.850000e-01  2.360016e-01
5.880000e-01  2.354682e-01
5.910000e-01  2.349376e-01
5.940000e-01  2.344096e-01
5.970000e-01  2.338843e-01
6.000000e-01  2.333616e-01
6.030000e-01  2.328414e-01
6.060000e-01  2.323238e-01
6.090000e-01  2.318088e-01
6.120000e-01  2.312962e-01
6.150000e-01  2.307861e-01
6.180000e-01  2.302785e-01
6.210000e-01  2.297732e-01
6.240000e-01  2.292703e-01
6.270000e-01  2.287698e-01
6.300000e-01  2.282716e-01
6.330000e-01  2.277758e-01
6.360000e-01  2.272822e-01
6.390000e-01  2.267908e-01
6.420000e-01  2.263017e-01
6.450000e-01  2.258148e-01
6.480000e-01  2.253301e-01
6.510000e-01  2.248475e-01
6.540000e-01  2.243670e-01
6.570000e-01  2.238887e-01
6.600000e-01  2.234124e-01
6.630000e-01  2.229383e-01
6.660000e-01  2.224661e-01
6.690000e-01  2.219960e-01
6.720000e-01  2.215279e-01
6.750000e-01  2.210617e-01
6.780000e-01  2.205975e-01
6.810000e-01  2.201352e-01
6.840000e-01  2.196749e-01
6.870000e-01  2.192164e-01
6.900000e-01  2.187599e-01
6.930000e-01  2.183051e-01
6.960000e-01  2.178522e-01
6.990000e-01  2.174012e-01
7.020000e-01  2.169519e-01
7.050000e-01  2.165044e-01
7.080000e-01  2.160586e-01
7.110000e-01  2.156146e-01
7.140000e-01  2.151724e-01
7.170000e-01  2.147318e-01
7.200000e-01  2.142929e-01
7.230000e-01  2.138557e-01
7.260000e-01  2.134201e-01
7.290000e-01  2.129862e-01
7.320000e-01  2.125539e-01
7.350000e-01  2.121232e-01
7.380000e-01  2.116941e-01
7.410000e-01  2.112665e-01
7.440000e-01  2.108405e-01
7.470000e-01  2.104161e-01
7.500000e-01  2.099932e-01
7.530000e-01  2.095717e-01
7.560000e-01  2.091518e-01
7.590000e-01  2.087334e-01
7.620000e-01  2.083164e-01
7.650000e-01  2.079008e-01
7.680000e-01  2.074867e-01
7.710000e-01  2.070740e-01
7.740000e-01  2.066628e-01
7.770000e-01  2.062529e-01
7.800000e-01  2.058444e-01
7.830000e-01  2.054372e-01
7.860000e-01  2.050314e-01
7.890000e-01  2.046269e-01
7.920000e-01  2.042238e-01
7.950000e-01  2.038219e-01
7.980000e-01  2.034214e-01
8.010000e-01  2.030222e-01
8.040000e-01  2.026242e-01
8.070000e-01  2.022274e-01
8.100000e-01  2.018320e-01
8.130000e-01  2.014377e-01
8.160000e-01  2.010447e-01
8.190000e-01  2.006529e-01
8.220000e-01  2.002622e-01
8.250000e-01  1.998728e-01
8.280000e-01  1.994845e-01
8.310000e-01  1.990974e-01
8.340000e-01  1.987115e-01
8.370000e-01  1.983266e-01
8.400000e-01  1.979430e-01
8.430000e-01  1.975604e-01
8.460000e-01  1.971789e-01
8.490000e-01  1.967985e-01
8.520000e-01  1.964192e-01
8.550000e-01  1.960410e-01
8.580000e-01  1.956638e-01
8.610000e-01  1.952877e-01
8.640000e-01  1.949126e-01
8.670000e-01  1.945386e-01
8.700000e-01  1.941656e-01
8.730000e-01  1.937935e-01
8.760000e-01  1.934225e-01
8.790000e-01  1.930525e-01
8.820000e-01  1.926834e-01
8.850000e-01  1.923154e-01
8.880000e-01  1.919482e-01
8.910000e-01  1.915820e-01
8.940000e-01  1.912168e-01
8.970000e-01  1.908525e-01
9.000000e-01  1.904891e-01
9.030000e-01  1.901266e-01
9.060000e-01  1.897650e-01
9.090000e-01  1.894043e-01
9.120000e-01  1.890445e-01
9.150000e-01  1.886856e-01
9.180000e-01  1.883275e-01
9.210000e-01  1.879703e-01
9.240000e-01  1.876139e-01
9.270000e-01  1.872584e-01
9.300000e-01  1.869037e-01
9.330000e-01  1.865498e-01
9.360000e-01  1.861967e-01
9.390000e-01  1.858444e-01
9.420000e-01  1.854929e-01
9.450000e-01  1.851422e-01
9.480000e-01  1.847923e-01
9.510000e-01  1.844431e-01
9.540000e-01  1.840947e-01
9.570000e-01  1.837471e-01
9.600000e-01  1.834002e-01
9.630000e-01  1.830540e-01
9.660000e-01  1.827086e-01
9.690000e-01  1.823638e-01
9.720000e-01  1.820198e-01
9.750000e-01  1.816765e-01
9.780000e-01  1.813339e-01
9.810000e-01  1.809919e-01
9.840000e-01  1.806507e-01
9.870000e-01  1.803101e-01
9.900000e-01  1.799701e-01
9.930000e-01  1.796308e-01
9.960000e-01  1.792922e-01
9.990000e-01  1.789542e-01
