000000  000001
3.000000e-03  7.580764e-01
6.000000e-03  6.674551e-01
9.000000e-03  6.122352e-01
1.200000e-02  5.730185e-01
1.500000e-02  5.428715e-01
1.800000e-02  5.185334e-01
2.100000e-02  4.982164e-01
2.400000e-02  4.808382e-01
2.700000e-02  4.656953e-01
3.000000e-02  4.523058e-01
3.300000e-02  4.403259e-01
3.600000e-02  4.295019e-01
3.900000e-02  4.196419e-01
4.200000e-02  4.105968e-01
4.500000e-02  4.022490e-01
4.800000e-02  3.945043e-01
5.100000e-02  3.872857e-01
5.400000e-02  3.805297e-01
5.700000e-02  3.741836e-01
6.000000e-02  3.682029e-01
6.300000e-02  3.625496e-01
6.600000e-02  3.571914e-01
6.900000e-02  3.521004e-01
7.200000e-02  3.472524e-01
7.500000e-02  3.426261e-01
7.800000e-02  3.382029e-01
8.100000e-02  3.339665e-01
8.400000e-02  3.299022e-01
8.700000e-02  3.259971e-01
9.000000e-02  3.222396e-01
9.300000e-02  3.186192e-01
9.600000e-02  3.151266e-01
9.900000e-02  3.117533e-01
1.020000e-01  3.084915e-01
1.050000e-01  3.053344e-01
1.080000e-01  3.022754e-01
1.110000e-01  2.993088e-01
1.140000e-01  2.964293e-01
1.170000e-01  2.936318e-01
1.200000e-01  2.909119e-01
1.230000e-01  2.882654e-01
1.260000e-01  2.856885e-01
1.290000e-01  2.831775e-01
1.320000e-01  2.807292e-01
1.350000e-01  2.783404e-01
1.380000e-01  2.760083e-01
1.410000e-01  2.737303e-01
1.440000e-01  2.715037e-01
1.470000e-01  2.693264e-01
1.500000e-01  2.671960e-01
1.530000e-01  2.651105e-01
1.560000e-01  2.630680e-01
1.590000e-01  2.610667e-01
1.620000e-01  2.591049e-01
1.650000e-01  2.571809e-01
1.680000e-01  2.552933e-01
1.710000e-01  2.534405e-01
1.740000e-01  2.516213e-01
1.770000e-01  2.498344e-01
1.800000e-01  2.480785e-01
1.830000e-01  2.463525e-01
1.860000e-01  2.446552e-01
1.890000e-01  2.429857e-01
1.920000e-01  2.413429e-01
1.950000e-01  2.397260e-01
1.980000e-01  2.381339e-01
2.010000e-01  2.365659e-01
2.040000e-01  2.350212e-01
2.070000e-01  2.334989e-01
2.100000e-01  2.319982e-01
2.130000e-01  2.305186e-01
2.160000e-01  2.290593e-01
2.190000e-01  2.276196e-01
2.220000e-01  2.261990e-01
2.250000e-01  2.247968e-01
2.280000e-01  2.234124e-01
2.310000e-01  2.220454e-01
2.340000e-01  2.206951e-01
2.370000e-01  2.193610e-01
2.400000e-01  2.180427e-01
2.430000e-01  2.167397e-01
2.460000e-01  2.154515e-01
2.490000e-01  2.141777e-01
2.520000e-01  2.129178e-01
2.550000e-01  2.116715e-01
2.580000e-01  2.104384e-01
2.610000e-01  2.092180e-01
2.640000e-01  2.080100e-01
2.670000e-01  2.068141e-01
2.700000e-01  2.056299e-01
2.730000e-01  2.044570e-01
2.760000e-01  2.032952e-01
2.790000e-01  2.021441e-01
2.820000e-01  2.010034e-01
2.850000e-01  1.998728e-01
2.880000e-01  1.987520e-01
2.910000e-01  1.976408e-01
2.940000e-01  1.965389e-01
2.970000e-01  1.954460e-01
3.000000e-01  1.943618e-01
3.030000e-01  1.932861e-01
3.060000e-01  1.922186e-01
3.090000e-01  1.911592e-01
3.120000e-01  1.901076e-01
3.150000e-01  1.890634e-01
3.180000e-01  1.880266e-01
3.210000e-01  1.869969e-01
3.240000e-01  1.859741e-01
3.270000e-01  1.849580e-01
3.300000e-01  1.839483e-01
3.330000e-01  1.829448e-01
3.360000e-01  1.819475e-01
3.390000e-01  1.809560e-01
3.420000e-01  1.799701e-01
3.450000e-01  1.789898e-01
3.480000e-01  1.780147e-01
3.510000e-01  1.770447e-01
3.540000e-01  1.760796e-01
3.570000e-01  1.751193e-01
3.600000e-01  1.741635e-01
3.630000e-01  1.732121e-01
3.660000e-01  1.722649e-01
3.690000e-01  1.713218e-01
3.720000e-01  1.703824e-01
3.750000e-01  1.694468e-01
3.780000e-01  1.685146e-01
3.810000e-01  1.675858e-01
3.840000e-01  1.666601e-01
3.870000e-01  1.657374e-01
3.900000e-01  1.648174e-01
3.930000e-01  1.639001e-01
3.960000e-01  1.629853e-01
3.990000e-01  1.620727e-01
4.020000e-01  1.611622e-01
4.050000e-01  1.602536e-01
4.080000e-01  1.593467e-01
4.110000e-01  1.584414e-01
4.140000e-01  1.575374e-01
4.170000e-01  1.566346e-01
4.200000e-01  1.557327e-01
4.230000e-01  1.548316e-01
4.260000e-01  1.539310e-01
4.290000e-01  1.530308e-01
4.320000e-01  000000
4.350000e-01  000000
4.380000e-01  000000
4.410000e-01  000000
4.440000e-01  000000
4.470000e-01  000000
4.500000e-01  000000
4.530000e-01  000000
4.560000e-01  000000
4.590000e-01  000000
4.620000e-01  000000
4.650000e-01  000000
4.680000e-01  000000
4.710000e-01  000000
4.740000e-01  000000
4.770000e-01  000000
4.800000e-01  000000
4.830000e-01  000000
4.860000e-01  000000
4.890000e-01  000000
4.920000e-01  000000
4.950000e-01  000000
4.980000e-01  000000
5.010000e-01  000000
5.040000e-01  000000
5.070000e-01  000000
5.100000e-01  000000
5.130000e-01  000000
5.160000e-01  000000
5.190000e-01  000000
5.220000e-01  000000
5.250000e-01  000000
5.280000e-01  000000
5.310000e-01  000000
5.340000e-01  000000
5.370000e-01  000000
5.400000e-01  000000
5.430000e-01  000000
5.460000e-01  000000
5.490000e-01  000000
5.520000e-01  000000
5.550000e-01  000000
5.580000e-01  000000
5.610000e-01  000000
5.640000e-01  000000
5.670000e-01  000000
5.700000e-01  000000
5.730000e-01  000000
5.760000e-01  000000
5.790000e-01  000000
5.820000e-01  000000
5.850000e-01  000000
5.880000e-01  000000
5.910000e-01  000000
5.940000e-01  000000
5.970000e-01  000000
6.000000e-01  000000
6.030000e-01  000000
6.060000e-01  000000
6.090000e-01  000000
6.120000e-01  000000
6.150000e-01  000000
6.180000e-01  000000
6.210000e-01  000000
6.240000e-01  000000
6.270000e-01  000000
6.300000e-01  000000
6.330000e-01  000000
6.360000e-01  000000
6.390000e-01  000000
6.420000e-01  000000
6.450000e-01  000000
6.480000e-01  000000
6.510000e-01  000000
6.540000e-01  000000
6.570000e-01  000000
6.600000e-01  000000
6.630000e-01  000000
6.660000e-01  000000
6.690000e-01  000000
6.720000e-01  000000
6.750000e-01  000000
6.780000e-01  000000
6.810000e-01  000000
6.840000e-01  000000
6.870000e-01  000000
6.900000e-01  000000
6.930000e-01  000000
6.960000e-01  000000
6.990000e-01  000000
7.020000e-01  000000
7.050000e-01  000000
7.080000e-01  000000
7.110000e-01  000000
7.140000e-01  000000
7.170000e-01  000000
7.200000e-01  000000
7.230000e-01  000000
7.260000e-01  000000
7.290000e-01  000000
7.320000e-01  000000
7.350000e-01  000000
7.380000e-01  000000
7.410000e-01  000000
7.440000e-01  000000
7.470000e-01  000000
7.500000e-01  000000
7.530000e-01  000000
7.560000e-01  000000
7.590000e-01  000000
7.620000e-01  000000
7.650000e-01  000000
7.680000e-01  000000
7.710000e-01  000000
7.740000e-01  000000
7.770000e-01  000000
7.800000e-01  000000
7.830000e-01  000000
7.860000e-01  000000
7.890000e-01  000000
7.920000e-01  000000
7.950000e-01  000000
7.980000e-01  000000
8.010000e-01  000000
8.040000e-01  000000
8.070000e-01  000000
8.100000e-01  000000
8.130000e-01  000000
8.160000e-01  000000
8.190000e-01  000000
8.220000e-01  000000
8.250000e-01  000000
8.280000e-01  000000
8.310000e-01  000000
8.340000e-01  000000
8.370000e-01  000000
8.400000e-01  000000
8.430000e-01  000000
8.460000e-01  000000
8.490000e-01  000000
8.520000e-01  000000
8.550000e-01  000000
8.580000e-01  000000
8.610000e-01  000000
8.640000e-01  000000
8.670000e-01  000000
8.700000e-01  000000
8.730000e-01  000000
8.760000e-01  000000
8.790000e-01  000000
8.820000e-01  000000
8.850000e-01  000000
8.880000e-01  000000
8.910000e-01  000000
8.940000e-01  000000
8.970000e-01  000000
9.000000e-01  000000
9.030000e-01  000000
9.060000e-01  000000
9.090000e-01  000000
9.120000e-01  000000
9.150000e-01  000000
9.180000e-01  000000
9.210000e-01  000000
9.240000e-01  000000
9.270000e-01  000000
9.300000e-01  000000
9.330000e-01  000000
9.360000e-01  000000
9.390000e-01  000000
9.420000e-01  000000
9.450000e-01  000000
9.480000e-01  000000
9.510000e-01  000000
9.540000e-01  000000
9.570000e-01  000000
9.600000e-01  000000
9.630000e-01  000000
9.660000e-01  000000
9.690000e-01  000000
9.720000e-01  000000
9.750000e-01  000000
9.780000e-01  000000
9.810000e-01  000000
9.840000e-01  000000
9.870000e-01  000000
9.900000e-01  000000
9.930000e-01  000000
9.960000e-01  000000
9.990000e-01  000000
