000000  000001
3.000000e-03  8.889865e-01
6.000000e-03  8.233528e-01
9.000000e-03  7.769587e-01
1.200000e-02  7.412624e-01
1.500000e-02  7.123745e-01
1.800000e-02  6.881934e-01
2.100000e-02  6.674551e-01
2.400000e-02  6.493406e-01
2.700000e-02  6.332893e-01
3.000000e-02  6.189011e-01
3.300000e-02  6.058804e-01
3.600000e-02  5.940030e-01
3.900000e-02  5.830950e-01
4.200000e-02  5.730185e-01
4.500000e-02  5.636628e-01
4.800000e-02  5.549375e-01
5.100000e-02  5.467679e-01
5.400000e-02  5.390915e-01
5.700000e-02  5.318558e-01
6.000000e-02  5.250159e-01
6.300000e-02  5.185334e-01
6.600000e-02  5.123750e-01
6.900000e-02  5.065119e-01
7.200000e-02  5.009188e-01
7.500000e-02  4.955735e-01
7.800000e-02  4.904562e-01
8.100000e-02  4.855497e-01
8.400000e-02  4.808382e-01
8.700000e-02  4.763079e-01
9.000000e-02  4.719462e-01
9.300000e-02  4.677418e-01
9.600000e-02  4.636844e-01
9.900000e-02  4.597648e-01
1.020000e-01  4.559745e-01
1.050000e-01  4.523058e-01
1.080000e-01  4.487516e-01
1.110000e-01  4.453054e-01
1.140000e-01  4.419614e-01
1.170000e-01  4.387139e-01
1.200000e-01  4.355579e-01
1.230000e-01  4.324887e-01
1.260000e-01  4.295019e-01
1.290000e-01  4.265936e-01
1.320000e-01  4.237600e-01
1.350000e-01  4.209975e-01
1.380000e-01  4.183028e-01
1.410000e-01  4.156731e-01
1.440000e-01  4.131053e-01
1.470000e-01  4.105968e-01
1.500000e-01  4.081450e-01
1.530000e-01  4.057478e-01
1.560000e-01  4.034027e-01
1.590000e-01  4.011077e-01
1.620000e-01  3.988609e-01
1.650000e-01  3.966603e-01
1.680000e-01  3.945043e-01
1.710000e-01  3.923912e-01
1.740000e-01  3.903193e-01
1.770000e-01  3.882872e-01
1.800000e-01  3.862935e-01
1.830000e-01  3.843369e-01
1.860000e-01  3.824160e-01
1.890000e-01  3.805297e-01
1.920000e-01  3.786768e-01
1.950000e-01  3.768562e-01
1.980000e-01  3.750669e-01
2.010000e-01  3.733078e-01
2.040000e-01  3.715781e-01
2.070000e-01  3.698767e-01
2.100000e-01  3.682029e-01
2.130000e-01  3.665557e-01
2.160000e-01  3.649345e-01
2.190000e-01  3.633384e-01
2.220000e-01  3.617668e-01
2.250000e-01  3.602188e-01
2.280000e-01  3.586939e-01
2.310000e-01  3.571914e-01
2.340000e-01  3.557107e-01
2.370000e-01  3.542512e-01
2.400000e-01  3.528123e-01
2.430000e-01  3.513935e-01
2.460000e-01  3.499942e-01
2.490000e-01  3.486140e-01
2.520000e-01  3.472524e-01
2.550000e-01  3.459088e-01
2.580000e-01  3.445829e-01
2.610000e-01  3.432741e-01
2.640000e-01  3.419822e-01
2.670000e-01  3.407066e-01
2.700000e-01  3.394469e-01
2.730000e-01  3.382029e-01
2.760000e-01  3.369741e-01
2.790000e-01  3.357602e-01
2.820000e-01  3.345608e-01
2.850000e-01  3.333757e-01
2.880000e-01  3.322044e-01
2.910000e-01  3.310466e-01
2.940000e-01  3.299022e-01
2.970000e-01  3.287708e-01
3.000000e-01  3.276520e-01
3.030000e-01  3.265457e-01
3.060000e-01  3.254515e-01
3.090000e-01  3.243693e-01
3.120000e-01  3.232987e-01
3.150000e-01  3.222396e-01
3.180000e-01  3.211916e-01
3.210000e-01  3.201546e-01
3.240000e-01  3.191284e-01
3.270000e-01  3.181126e-01
3.300000e-01  3.171072e-01
3.330000e-01  3.161120e-01
3.360000e-01  3.151266e-01
3.390000e-01  3.141510e-01
3.420000e-01  3.131849e-01
3.450000e-01  3.122282e-01
3.480000e-01  3.112807e-01
3.510000e-01  3.103422e-01
3.540000e-01  3.094125e-01
3.570000e-01  3.084915e-01
3.600000e-01  3.075791e-01
3.630000e-01  3.066751e-01
3.660000e-01  3.057793e-01
3.690000e-01  3.048915e-01
3.720000e-01  3.040117e-01
3.750000e-01  3.031398e-01
3.780000e-01  3.022754e-01
3.810000e-01  3.014187e-01
3.840000e-01  3.005693e-01
3.870000e-01  2.997272e-01
3.900000e-01  2.988923e-01
3.930000e-01  2.980644e-01
3.960000e-01  2.972434e-01
3.990000e-01  2.964293e-01
4.020000e-01  2.956218e-01
4.050000e-01  2.948210e-01
4.080000e-01  2.940266e-01
4.110000e-01  2.932386e-01
4.140000e-01  2.924569e-01
4.170000e-01  2.916814e-01
4.200000e-01  2.909119e-01
4.230000e-01  2.901485e-01
4.260000e-01  2.893909e-01
4.290000e-01  2.886392e-01
4.320000e-01  2.878931e-01
4.350000e-01  2.871527e-01
4.380000e-01  2.864179e-01
4.410000e-01  2.856885e-01
4.440000e-01  2.849645e-01
4.470000e-01  2.842458e-01
4.500000e-01  2.835323e-01
4.530000e-01  2.828240e-01
4.560000e-01  2.821207e-01
4.590000e-01  2.814225e-01
4.620000e-01  2.807292e-01
4.650000e-01  2.800407e-01
4.680000e-01  2.793571e-01
4.710000e-01  2.786781e-01
4.740000e-01  2.780038e-01
4.770000e-01  2.773342e-01
4.800000e-01  2.766690e-01
4.830000e-01  2.760083e-01
4.860000e-01  2.753521e-01
4.890000e-01  2.747001e-01
4.920000e-01  2.740525e-01
4.950000e-01  2.734091e-01
4.980000e-01  2.727699e-01
5.010000e-01  2.721348e-01
5.040000e-01  2.715037e-01
5.070000e-01  2.708767e-01
5.100000e-01  2.702536e-01
5.130000e-01  2.696345e-01
5.160000e-01  2.690192e-01
5.190000e-01  2.684077e-01
5.220000e-01  2.678000e-01
5.250000e-01  2.671960e-01
5.280000e-01  2.665956e-01
5.310000e-01  2.659989e-01
5.340000e-01  2.654057e-01
5.370000e-01  2.648161e-01
5.400000e-01  2.642300e-01
5.430000e-01  2.636473e-01
5.460000e-01  2.630680e-01
5.490000e-01  2.624921e-01
5.520000e-01  2.619195e-01
5.550000e-01  2.613502e-01
5.580000e-01  2.607841e-01
5.610000e-01  2.602212e-01
5.640000e-01  2.596615e-01
5.670000e-01  2.591049e-01
5.700000e-01  2.585514e-01
5.730000e-01  2.580009e-01
5.760000e-01  2.574535e-01
5.790000e-01  2.569091e-01
5.820000e-01  2.563676e-01
5.850000e-01  2.558290e-01
5.880000e-01  2.552933e-01
5.910000e-01  2.547604e-01
5.940000e-01  2.542304e-01
5.970000e-01  2.537031e-01
6.000000e-01  2.531786e-01
6.030000e-01  2.526569e-01
6.060000e-01  2.521378e-01
6.090000e-01  2.516213e-01
6.120000e-01  2.511075e-01
6.150000e-01  2.505964e-01
6.180000e-01  2.500877e-01
6.210000e-01  2.495817e-01
6.240000e-01  2.490781e-01
6.270000e-01  2.485771e-01
6.300000e-01  2.480785e-01
6.330000e-01  2.475823e-01
6.360000e-01  2.470886e-01
6.390000e-01  2.465972e-01
6.420000e-01  2.461082e-01
6.450000e-01  2.456216e-01
6.480000e-01  2.451373e-01
6.510000e-01  2.446552e-01
6.540000e-01  2.441754e-01
6.570000e-01  2.436979e-01
6.600000e-01  2.432225e-01
6.630000e-01  2.427494e-01
6.660000e-01  2.422784e-01
6.690000e-01  2.418096e-01
6.720000e-01  2.413429e-01
6.750000e-01  2.408784e-01
6.780000e-01  2.404159e-01
6.810000e-01  2.399554e-01
6.840000e-01  2.394970e-01
6.870000e-01  2.390407e-01
6.900000e-01  2.385863e-01
6.930000e-01  2.381339e-01
6.960000e-01  2.376835e-01
6.990000e-01  2.372351e-01
7.020000e-01  2.367885e-01
7.050000e-01  2.363439e-01
7.080000e-01  2.359011e-01
7.110000e-01  2.354602e-01
7.140000e-01  2.350212e-01
7.170000e-01  2.345840e-01
7.200000e-01  2.341486e-01
7.230000e-01  2.337150e-01
7.260000e-01  2.332832e-01
7.290000e-01  2.328531e-01
7.320000e-01  2.324248e-01
7.350000e-01  2.319982e-01
7.380000e-01  2.315734e-01
7.410000e-01  2.311502e-01
7.440000e-01  2.307287e-01
7.470000e-01  2.303089e-01
7.500000e-01  2.298908e-01
7.530000e-01  2.294742e-01
7.560000e-01  2.290593e-01
7.590000e-01  2.286460e-01
7.620000e-01  2.282343e-01
7.650000e-01  2.278241e-01
7.680000e-01  2.274155e-01
7.710000e-01  2.270085e-01
7.740000e-01  2.266030e-01
7.770000e-01  2.261990e-01
7.800000e-01  2.257965e-01
7.830000e-01  2.253955e-01
7.860000e-01  2.249960e-01
7.890000e-01  2.245980e-01
7.920000e-01  2.242013e-01
7.950000e-01  2.238062e-01
7.980000e-01  2.234124e-01
8.010000e-01  2.230201e-01
8.040000e-01  2.226292e-01
8.070000e-01  2.222396e-01
8.100000e-01  2.218515e-01
8.130000e-01  2.214646e-01
8.160000e-01  2.210792e-01
8.190000e-01  2.206951e-01
8.220000e-01  2.203123e-01
8.250000e-01  2.199308e-01
8.280000e-01  2.195506e-01
8.310000e-01  2.191717e-01
8.340000e-01  2.187941e-01
8.370000e-01  2.184178e-01
8.400000e-01  2.180427e-01
8.430000e-01  2.176689e-01
8.460000e-01  2.172963e-01
8.490000e-01  2.169249e-01
8.520000e-01  2.165548e-01
8.550000e-01  2.161858e-01
8.580000e-01  2.158181e-01
8.610000e-01  2.154515e-01
8.640000e-01  2.150861e-01
8.670000e-01  2.147219e-01
8.700000e-01  2.143588e-01
8.730000e-01  2.139969e-01
8.760000e-01  2.136361e-01
8.790000e-01  2.132764e-01
8.820000e-01  2.129178e-01
8.850000e-01  2.125604e-01
8.880000e-01  2.122040e-01
8.910000e-01  2.118488e-01
8.940000e-01  2.114946e-01
8.970000e-01  2.111415e-01
9.000000e-01  2.107894e-01
9.030000e-01  2.104384e-01
9.060000e-01  2.100884e-01
9.090000e-01  2.097395e-01
9.120000e-01  2.093916e-01
9.150000e-01  2.090447e-01
9.180000e-01  2.086988e-01
9.210000e-01  2.083539e-01
9.240000e-01  2.080100e-01
9.270000e-01  2.076671e-01
9.300000e-01  2.073252e-01
9.330000e-01  2.069842e-01
9.360000e-01  2.066442e-01
9.390000e-01  2.063052e-01
9.420000e-01  2.059671e-01
9.450000e-01  2.056299e-01
9.480000e-01  2.052936e-01
9.510000e-01  2.049583e-01
9.540000e-01  2.046239e-01
9.570000e-01  2.042904e-01
9.600000e-01  2.039578e-01
9.630000e-01  2.036260e-01
9.660000e-01  2.032952e-01
9.690000e-01  2.029652e-01
9.720000e-01  2.026361e-01
9.750000e-01  2.023079e-01
9.780000e-01  2.019805e-01
9.810000e-01  2.016539e-01
9.840000e-01  2.013282e-01
9.870000e-01  2.010034e-01
9.900000e-01  2.006793e-01
9.930000e-01  2.003561e-01
9.960000e-01  2.000337e-01
9.990000e-01  1.997121e-01
