000000  000001
3.000000e-03  7.980200e-01
6.000000e-03  7.118796e-01
9.000000e-03  6.575984e-01
1.200000e-02  6.183865e-01
1.500000e-02  5.879239e-01
1.800000e-02  5.631528e-01
2.100000e-02  5.423657e-01
2.400000e-02  5.245146e-01
2.700000e-02  5.089115e-01
3.000000e-02  4.950812e-01
3.300000e-02  4.826826e-01
3.600000e-02  4.714625e-01
3.900000e-02  4.612282e-01
4.200000e-02  4.518300e-01
4.500000e-02  4.431488e-01
4.800000e-02  4.350891e-01
5.100000e-02  4.275728e-01
5.400000e-02  4.205352e-01
5.700000e-02  4.139223e-01
6.000000e-02  4.076886e-01
6.300000e-02  4.017954e-01
6.600000e-02  3.962092e-01
6.900000e-02  3.909016e-01
7.200000e-02  3.858473e-01
7.500000e-02  3.810247e-01
7.800000e-02  3.764145e-01
8.100000e-02  3.719997e-01
8.400000e-02  3.677652e-01
8.700000e-02  3.636976e-01
9.000000e-02  3.597849e-01
9.300000e-02  3.560163e-01
9.600000e-02  3.523819e-01
9.900000e-02  3.488730e-01
1.020000e-01  3.454816e-01
1.050000e-01  3.422004e-01
1.080000e-01  3.390227e-01
1.110000e-01  3.359425e-01
1.140000e-01  3.329542e-01
1.170000e-01  3.300526e-01
1.200000e-01  3.272331e-01
1.230000e-01  3.244912e-01
1.260000e-01  3.218230e-01
1.290000e-01  3.192247e-01
1.320000e-01  3.166929e-01
1.350000e-01  3.142243e-01
1.380000e-01  3.118159e-01
1.410000e-01  3.094649e-01
1.440000e-01  3.071687e-01
1.470000e-01  3.049249e-01
1.500000e-01  3.027311e-01
1.530000e-01  3.005852e-01
1.560000e-01  2.984853e-01
1.590000e-01  2.964293e-01
1.620000e-01  2.944155e-01
1.650000e-01  2.924422e-01
1.680000e-01  2.905078e-01
1.710000e-01  2.886109e-01
1.740000e-01  2.867500e-01
1.770000e-01  2.849237e-01
1.800000e-01  2.831307e-01
1.830000e-01  2.813700e-01
1.860000e-01  2.796403e-01
1.890000e-01  2.779405e-01
1.920000e-01  2.762696e-01
1.950000e-01  2.746266e-01
1.980000e-01  2.730106e-01
2.010000e-01  2.714207e-01
2.040000e-01  2.698560e-01
2.070000e-01  2.683157e-01
2.100000e-01  2.667991e-01
2.130000e-01  2.653054e-01
2.160000e-01  2.638338e-01
2.190000e-01  2.623838e-01
2.220000e-01  2.609546e-01
2.250000e-01  2.595457e-01
2.280000e-01  2.581564e-01
2.310000e-01  2.567862e-01
2.340000e-01  2.554345e-01
2.370000e-01  2.541008e-01
2.400000e-01  2.527846e-01
2.430000e-01  2.514854e-01
2.460000e-01  2.502027e-01
2.490000e-01  2.489361e-01
2.520000e-01  2.476851e-01
2.550000e-01  2.464494e-01
2.580000e-01  2.452285e-01
2.610000e-01  2.440220e-01
2.640000e-01  2.428296e-01
2.670000e-01  2.416509e-01
2.700000e-01  2.404855e-01
2.730000e-01  2.393332e-01
2.760000e-01  2.381936e-01
2.790000e-01  2.370663e-01
2.820000e-01  2.359511e-01
2.850000e-01  2.348477e-01
2.880000e-01  2.337558e-01
2.910000e-01  2.326751e-01
2.940000e-01  2.316054e-01
2.970000e-01  2.305464e-01
3.000000e-01  2.294978e-01
3.030000e-01  2.284594e-01
3.060000e-01  2.274309e-01
3.090000e-01  2.264123e-01
3.120000e-01  2.254031e-01
3.150000e-01  2.244032e-01
3.180000e-01  2.234124e-01
3.210000e-01  2.224306e-01
3.240000e-01  2.214574e-01
3.270000e-01  2.204927e-01
3.300000e-01  2.195363e-01
3.330000e-01  2.185880e-01
3.360000e-01  2.176478e-01
3.390000e-01  2.167152e-01
3.420000e-01  2.157903e-01
3.450000e-01  2.148729e-01
3.480000e-01  2.139628e-01
3.510000e-01  2.130598e-01
3.540000e-01  2.121638e-01
3.570000e-01  2.112746e-01
3.600000e-01  2.103921e-01
3.630000e-01  2.095162e-01
3.660000e-01  2.086467e-01
3.690000e-01  2.077835e-01
3.720000e-01  2.069264e-01
3.750000e-01  2.060754e-01
3.780000e-01  2.052303e-01
3.810000e-01  2.043910e-01
3.840000e-01  2.035573e-01
3.870000e-01  2.027292e-01
3.900000e-01  2.019065e-01
3.930000e-01  2.010891e-01
3.960000e-01  2.002770e-01
3.990000e-01  1.994699e-01
4.020000e-01  1.986678e-01
4.050000e-01  1.978707e-01
4.080000e-01  1.970783e-01
4.110000e-01  1.962907e-01
4.140000e-01  1.955076e-01
4.170000e-01  1.947290e-01
4.200000e-01  1.939549e-01
4.230000e-01  1.931850e-01
4.260000e-01  1.924194e-01
4.290000e-01  1.916580e-01
4.320000e-01  1.909005e-01
4.350000e-01  1.901471e-01
4.380000e-01  1.893975e-01
4.410000e-01  1.886518e-01
4.440000e-01  1.879097e-01
4.470000e-01  1.871713e-01
4.500000e-01  1.864364e-01
4.530000e-01  1.857051e-01
4.560000e-01  1.849771e-01
4.590000e-01  1.842524e-01
4.620000e-01  1.835310e-01
4.650000e-01  1.828128e-01
4.680000e-01  1.820976e-01
4.710000e-01  1.813855e-01
4.740000e-01  1.806764e-01
4.770000e-01  1.799701e-01
4.800000e-01  1.792667e-01
4.830000e-01  1.785660e-01
4.860000e-01  1.778679e-01
4.890000e-01  1.771725e-01
4.920000e-01  1.764796e-01
4.950000e-01  1.757892e-01
4.980000e-01  1.751012e-01
5.010000e-01  1.744156e-01
5.040000e-01  1.737322e-01
5.070000e-01  1.730510e-01
5.100000e-01  1.723720e-01
5.130000e-01  1.716950e-01
5.160000e-01  1.710201e-01
5.190000e-01  1.703471e-01
5.220000e-01  1.696760e-01
5.250000e-01  1.690067e-01
5.280000e-01  1.683391e-01
5.310000e-01  1.676733e-01
5.340000e-01  1.670090e-01
5.370000e-01  1.663464e-01
5.400000e-01  1.656852e-01
5.430000e-01  1.650255e-01
5.460000e-01  1.643671e-01
5.490000e-01  1.637101e-01
5.520000e-01  1.630542e-01
5.550000e-01  1.623996e-01
5.580000e-01  1.617461e-01
5.610000e-01  1.610936e-01
5.640000e-01  1.604420e-01
5.670000e-01  1.597914e-01
5.700000e-01  1.591416e-01
5.730000e-01  1.584926e-01
5.760000e-01  1.578443e-01
5.790000e-01  1.571966e-01
5.820000e-01  1.565495e-01
5.850000e-01  1.559028e-01
5.880000e-01  1.552566e-01
5.910000e-01  1.546107e-01
5.940000e-01  1.539650e-01
5.970000e-01  1.533195e-01
6.000000e-01  1.526742e-01
6.030000e-01  000000
6.060000e-01  000000
6.090000e-01  000000
6.120000e-01  000000
6.150000e-01  000000
6.180000e-01  000000
6.210000e-01  000000
6.240000e-01  000000
6.270000e-01  000000
6.300000e-01  000000
6.330000e-01  000000
6.360000e-01  000000
6.390000e-01  000000
6.420000e-01  000000
6.450000e-01  000000
6.480000e-01  000000
6.510000e-01  000000
6.540000e-01  000000
6.570000e-01  000000
6.600000e-01  000000
6.630000e-01  000000
6.660000e-01  000000
6.690000e-01  000000
6.720000e-01  000000
6.750000e-01  000000
6.780000e-01  000000
6.810000e-01  000000
6.840000e-01  000000
6.870000e-01  000000
6.900000e-01  000000
6.930000e-01  000000
6.960000e-01  000000
6.990000e-01  000000
7.020000e-01  000000
7.050000e-01  000000
7.080000e-01  000000
7.110000e-01  000000
7.140000e-01  000000
7.170000e-01  000000
7.200000e-01  000000
7.230000e-01  000000
7.260000e-01  000000
7.290000e-01  000000
7.320000e-01  000000
7.350000e-01  000000
7.380000e-01  000000
7.410000e-01  000000
7.440000e-01  000000
7.470000e-01  000000
7.500000e-01  000000
7.530000e-01  000000
7.560000e-01  000000
7.590000e-01  000000
7.620000e-01  000000
7.650000e-01  000000
7.680000e-01  000000
7.710000e-01  000000
7.740000e-01  000000
7.770000e-01  000000
7.800000e-01  000000
7.830000e-01  000000
7.860000e-01  000000
7.890000e-01  000000
7.920000e-01  000000
7.950000e-01  000000
7.980000e-01  000000
8.010000e-01  000000
8.040000e-01  000000
8.070000e-01  000000
8.100000e-01  000000
8.130000e-01  000000
8.160000e-01  000000
8.190000e-01  000000
8.220000e-01  000000
8.250000e-01  000000
8.280000e-01  000000
8.310000e-01  000000
8.340000e-01  000000
8.370000e-01  000000
8.400000e-01  000000
8.430000e-01  000000
8.460000e-01  000000
8.490000e-01  000000
8.520000e-01  000000
8.550000e-01  000000
8.580000e-01  000000
8.610000e-01  000000
8.640000e-01  000000
8.670000e-01  000000
8.700000e-01  000000
8.730000e-01  000000
8.760000e-01  000000
8.790000e-01  000000
8.820000e-01  000000
8.850000e-01  000000
8.880000e-01  000000
8.910000e-01  000000
8.940000e-01  000000
8.970000e-01  000000
9.000000e-01  000000
9.030000e-01  000000
9.060000e-01  000000
9.090000e-01  000000
9.120000e-01  000000
9.150000e-01  000000
9.180000e-01  000000
9.210000e-01  000000
9.240000e-01  000000
9.270000e-01  000000
9.300000e-01  000000
9.330000e-01  000000
9.360000e-01  000000
9.390000e-01  000000
9.420000e-01  000000
9.450000e-01  000000
9.480000e-01  000000
9.510000e-01  000000
9.540000e-01  000000
9.570000e-01  000000
9.600000e-01  000000
9.630000e-01  000000
9.660000e-01  000000
9.690000e-01  000000
9.720000e-01  000000
9.750000e-01  000000
9.780000e-01  000000
9.810000e-01  000000
9.840000e-01  000000
9.870000e-01  000000
9.900000e-01  000000
9.930000e-01  000000
9.960000e-01  000000
9.990000e-01  000000
