000000  000001
3.000000e-03  7.644260e-01
6.000000e-03  6.743799e-01
9.000000e-03  6.192431e-01
1.200000e-02  5.799902e-01
1.500000e-02  5.497705e-01
1.800000e-02  5.253491e-01
2.100000e-02  5.049479e-01
2.400000e-02  4.874881e-01
2.700000e-02  4.722677e-01
3.000000e-02  4.588054e-01
3.300000e-02  4.467573e-01
3.600000e-02  4.358695e-01
3.900000e-02  4.259497e-01
4.200000e-02  4.168486e-01
4.500000e-02  4.084485e-01
4.800000e-02  4.006545e-01
5.100000e-02  3.933897e-01
5.400000e-02  3.865902e-01
5.700000e-02  3.802031e-01
6.000000e-02  3.741836e-01
6.300000e-02  3.684938e-01
6.600000e-02  3.631011e-01
6.900000e-02  3.579775e-01
7.200000e-02  3.530985e-01
7.500000e-02  3.484428e-01
7.800000e-02  3.439918e-01
8.100000e-02  3.397290e-01
8.400000e-02  3.356396e-01
8.700000e-02  3.317107e-01
9.000000e-02  3.279305e-01
9.300000e-02  3.242886e-01
9.600000e-02  3.207755e-01
9.900000e-02  3.173827e-01
1.020000e-01  3.141024e-01
1.050000e-01  3.109277e-01
1.080000e-01  3.078520e-01
1.110000e-01  3.048694e-01
1.140000e-01  3.019747e-01
1.170000e-01  2.991628e-01
1.200000e-01  2.964293e-01
1.230000e-01  2.937698e-01
1.260000e-01  2.911805e-01
1.290000e-01  2.886579e-01
1.320000e-01  2.861985e-01
1.350000e-01  2.837992e-01
1.380000e-01  2.814573e-01
1.410000e-01  2.791699e-01
1.440000e-01  2.769345e-01
1.470000e-01  2.747489e-01
1.500000e-01  2.726107e-01
1.530000e-01  2.705180e-01
1.560000e-01  2.684687e-01
1.590000e-01  2.664611e-01
1.620000e-01  2.644933e-01
1.650000e-01  2.625639e-01
1.680000e-01  2.606713e-01
1.710000e-01  2.588139e-01
1.740000e-01  2.569905e-01
1.770000e-01  2.551998e-01
1.800000e-01  2.534405e-01
1.830000e-01  2.517115e-01
1.860000e-01  2.500117e-01
1.890000e-01  2.483399e-01
1.920000e-01  2.466953e-01
1.950000e-01  2.450769e-01
1.980000e-01  2.434837e-01
2.010000e-01  2.419149e-01
2.040000e-01  2.403697e-01
2.070000e-01  2.388473e-01
2.100000e-01  2.373470e-01
2.130000e-01  2.358680e-01
2.160000e-01  2.344096e-01
2.190000e-01  2.329712e-01
2.220000e-01  2.315522e-01
2.250000e-01  2.301519e-01
2.280000e-01  2.287698e-01
2.310000e-01  2.274054e-01
2.340000e-01  2.260580e-01
2.370000e-01  2.247272e-01
2.400000e-01  2.234124e-01
2.430000e-01  2.221133e-01
2.460000e-01  2.208294e-01
2.490000e-01  2.195601e-01
2.520000e-01  2.183051e-01
2.550000e-01  2.170640e-01
2.580000e-01  2.158364e-01
2.610000e-01  2.146219e-01
2.640000e-01  2.134201e-01
2.670000e-01  2.122307e-01
2.700000e-01  2.110533e-01
2.730000e-01  2.098877e-01
2.760000e-01  2.087334e-01
2.790000e-01  2.075901e-01
2.820000e-01  2.064576e-01
2.850000e-01  2.053356e-01
2.880000e-01  2.042238e-01
2.910000e-01  2.031218e-01
2.940000e-01  2.020295e-01
2.970000e-01  2.009466e-01
3.000000e-01  1.998728e-01
3.030000e-01  1.988078e-01
3.060000e-01  1.977515e-01
3.090000e-01  1.967036e-01
3.120000e-01  1.956638e-01
3.150000e-01  1.946320e-01
3.180000e-01  1.936079e-01
3.210000e-01  1.925913e-01
3.240000e-01  1.915820e-01
3.270000e-01  1.905799e-01
3.300000e-01  1.895846e-01
3.330000e-01  1.885960e-01
3.360000e-01  1.876139e-01
3.390000e-01  1.866382e-01
3.420000e-01  1.856686e-01
3.450000e-01  1.847049e-01
3.480000e-01  1.837471e-01
3.510000e-01  1.827949e-01
3.540000e-01  1.818481e-01
3.570000e-01  1.809065e-01
3.600000e-01  1.799701e-01
3.630000e-01  1.790386e-01
3.660000e-01  1.781119e-01
3.690000e-01  1.771899e-01
3.720000e-01  1.762723e-01
3.750000e-01  1.753590e-01
3.780000e-01  1.744498e-01
3.810000e-01  1.735446e-01
3.840000e-01  1.726433e-01
3.870000e-01  1.717457e-01
3.900000e-01  1.708516e-01
3.930000e-01  1.699610e-01
3.960000e-01  1.690735e-01
3.990000e-01  1.681892e-01
4.020000e-01  1.673077e-01
4.050000e-01  1.664291e-01
4.080000e-01  1.655532e-01
4.110000e-01  1.646797e-01
4.140000e-01  1.638085e-01
4.170000e-01  1.629396e-01
4.200000e-01  1.620727e-01
4.230000e-01  1.612077e-01
4.260000e-01  1.603444e-01
4.290000e-01  1.594827e-01
4.320000e-01  1.586223e-01
4.350000e-01  1.577633e-01
4.380000e-01  1.569053e-01
4.410000e-01  1.560483e-01
4.440000e-01  1.551920e-01
4.470000e-01  1.543362e-01
4.500000e-01  1.534809e-01
4.530000e-01  1.526258e-01
4.560000e-01  000000
4.590000e-01  000000
4.620000e-01  000000
4.650000e-01  000000
4.680000e-01  000000
4.710000e-01  000000
4.740000e-01  000000
4.770000e-01  000000
4.800000e-01  000000
4.830000e-01  000000
4.860000e-01  000000
4.890000e-01  000000
4.920000e-01  000000
4.950000e-01  000000
4.980000e-01  000000
5.010000e-01  000000
5.040000e-01  000000
5.070000e-01  000000
5.100000e-01  000000
5.130000e-01  000000
5.160000e-01  000000
5.190000e-01  000000
5.220000e-01  000000
5.250000e-01  000000
5.280000e-01  000000
5.310000e-01  000000
5.340000e-01  000000
5.370000e-01  000000
5.400000e-01  000000
5.430000e-01  000000
5.460000e-01  000000
5.490000e-01  000000
5.520000e-01  000000
5.550000e-01  000000
5.580000e-01  000000
5.610000e-01  000000
5.640000e-01  000000
5.670000e-01  000000
5.700000e-01  000000
5.730000e-01  000000
5.760000e-01  000000
5.790000e-01  000000
5.820000e-01  000000
5.850000e-01  000000
5.880000e-01  000000
5.910000e-01  000000
5.940000e-01  000000
5.970000e-01  000000
6.000000e-01  000000
6.030000e-01  000000
6.060000e-01  000000
6.090000e-01  000000
6.120000e-01  000000
6.150000e-01  000000
6.180000e-01  000000
6.210000e-01  000000
6.240000e-01  000000
6.270000e-01  000000
6.300000e-01  000000
6.330000e-01  000000
6.360000e-01  000000
6.390000e-01  000000
6.420000e-01  000000
6.450000e-01  000000
6.480000e-01  000000
6.510000e-01  000000
6.540000e-01  000000
6.570000e-01  000000
6.600000e-01  000000
6.630000e-01  000000
6.660000e-01  000000
6.690000e-01  000000
6.720000e-01  000000
6.750000e-01  000000
6.780000e-01  000000
6.810000e-01  000000
6.840000e-01  000000
6.870000e-01  000000
6.900000e-01  000000
6.930000e-01  000000
6.960000e-01  000000
6.990000e-01  000000
7.020000e-01  000000
7.050000e-01  000000
7.080000e-01  000000
7.110000e-01  000000
7.140000e-01  000000
7.170000e-01  000000
7.200000e-01  000000
7.230000e-01  000000
7.260000e-01  000000
7.290000e-01  000000
7.320000e-01  000000
7.350000e-01  000000
7.380000e-01  000000
7.410000e-01  000000
7.440000e-01  000000
7.470000e-01  000000
7.500000e-01  000000
7.530000e-01  000000
7.560000e-01  000000
7.590000e-01  000000
7.620000e-01  000000
7.650000e-01  000000
7.680000e-01  000000
7.710000e-01  000000
7.740000e-01  000000
7.770000e-01  000000
7.800000e-01  000000
7.830000e-01  000000
7.860000e-01  000000
7.890000e-01  000000
7.920000e-01  000000
7.950000e-01  000000
7.980000e-01  000000
8.010000e-01  000000
8.040000e-01  000000
8.070000e-01  000000
8.100000e-01  000000
8.130000e-01  000000
8.160000e-01  000000
8.190000e-01  000000
8.220000e-01  000000
8.250000e-01  000000
8.280000e-01  000000
8.310000e-01  000000
8.340000e-01  000000
8.370000e-01  000000
8.400000e-01  000000
8.430000e-01  000000
8.460000e-01  000000
8.490000e-01  000000
8.520000e-01  000000
8.550000e-01  000000
8.580000e-01  000000
8.610000e-01  000000
8.640000e-01  000000
8.670000e-01  000000
8.700000e-01  000000
8.730000e-01  000000
8.760000e-01  000000
8.790000e-01  000000
8.820000e-01  000000
8.850000e-01  000000
8.880000e-01  000000
8.910000e-01  000000
8.940000e-01  000000
8.970000e-01  000000
9.000000e-01  000000
9.030000e-01  000000
9.060000e-01  000000
9.090000e-01  000000
9.120000e-01  000000
9.150000e-01  000000
9.180000e-01  000000
9.210000e-01  000000
9.240000e-01  000000
9.270000e-01  000000
9.300000e-01  000000
9.330000e-01  000000
9.360000e-01  000000
9.390000e-01  000000
9.420000e-01  000000
9.450000e-01  000000
9.480000e-01  000000
9.510000e-01  000000
9.540000e-01  000000
9.570000e-01  000000
9.600000e-01  000000
9.630000e-01  000000
9.660000e-01  000000
9.690000e-01  000000
9.720000e-01  000000
9.750000e-01  000000
9.780000e-01  000000
9.810000e-01  000000
9.840000e-01  000000
9.870000e-01  000000
9.900000e-01  000000
9.930000e-01  000000
9.960000e-01  000000
9.990000e-01  000000
