000000  000001
3.000000e-03  8.901888e-01
6.000000e-03  8.249582e-01
9.000000e-03  7.787540e-01
1.200000e-02  7.431610e-01
1.500000e-02  7.143334e-01
1.800000e-02  6.901887e-01
2.100000e-02  6.694723e-01
2.400000e-02  6.513706e-01
2.700000e-02  6.353259e-01
3.000000e-02  6.209402e-01
3.300000e-02  6.079191e-01
3.600000e-02  5.960393e-01
3.900000e-02  5.851273e-01
4.200000e-02  5.750459e-01
4.500000e-02  5.656844e-01
4.800000e-02  5.569529e-01
5.100000e-02  5.487767e-01
5.400000e-02  5.410934e-01
5.700000e-02  5.338507e-01
6.000000e-02  5.270036e-01
6.300000e-02  5.205139e-01
6.600000e-02  5.143484e-01
6.900000e-02  5.084782e-01
7.200000e-02  5.028780e-01
7.500000e-02  4.975256e-01
7.800000e-02  4.924015e-01
8.100000e-02  4.874881e-01
8.400000e-02  4.827699e-01
8.700000e-02  4.782329e-01
9.000000e-02  4.738647e-01
9.300000e-02  4.696538e-01
9.600000e-02  4.655901e-01
9.900000e-02  4.616644e-01
1.020000e-01  4.578680e-01
1.050000e-01  4.541933e-01
1.080000e-01  4.506333e-01
1.110000e-01  4.471814e-01
1.140000e-01  4.438317e-01
1.170000e-01  4.405787e-01
1.200000e-01  4.374173e-01
1.230000e-01  4.343428e-01
1.260000e-01  4.313509e-01
1.290000e-01  4.284375e-01
1.320000e-01  4.255988e-01
1.350000e-01  4.228314e-01
1.380000e-01  4.201320e-01
1.410000e-01  4.174974e-01
1.440000e-01  4.149250e-01
1.470000e-01  4.124120e-01
1.500000e-01  4.099558e-01
1.530000e-01  4.075541e-01
1.560000e-01  4.052047e-01
1.590000e-01  4.029055e-01
1.620000e-01  4.006545e-01
1.650000e-01  3.984499e-01
1.680000e-01  3.962899e-01
1.710000e-01  3.941728e-01
1.740000e-01  3.920971e-01
1.770000e-01  3.900612e-01
1.800000e-01  3.880638e-01
1.830000e-01  3.861035e-01
1.860000e-01  3.841791e-01
1.890000e-01  3.822892e-01
1.920000e-01  3.804329e-01
1.950000e-01  3.786088e-01
1.980000e-01  3.768161e-01
2.010000e-01  3.750538e-01
2.040000e-01  3.733207e-01
2.070000e-01  3.716162e-01
2.100000e-01  3.699392e-01
2.130000e-01  3.682890e-01
2.160000e-01  3.666647e-01
2.190000e-01  3.650657e-01
2.220000e-01  3.634910e-01
2.250000e-01  3.619402e-01
2.280000e-01  3.604124e-01
2.310000e-01  3.589071e-01
2.340000e-01  3.574237e-01
2.370000e-01  3.559615e-01
2.400000e-01  3.545199e-01
2.430000e-01  3.530985e-01
2.460000e-01  3.516966e-01
2.490000e-01  3.503138e-01
2.520000e-01  3.489497e-01
2.550000e-01  3.476036e-01
2.580000e-01  3.462753e-01
2.610000e-01  3.449641e-01
2.640000e-01  3.436698e-01
2.670000e-01  3.423919e-01
2.700000e-01  3.411300e-01
2.730000e-01  3.398837e-01
2.760000e-01  3.386527e-01
2.790000e-01  3.374366e-01
2.820000e-01  3.362350e-01
2.850000e-01  3.350477e-01
2.880000e-01  3.338743e-01
2.910000e-01  3.327146e-01
2.940000e-01  3.315681e-01
2.970000e-01  3.304346e-01
3.000000e-01  3.293139e-01
3.030000e-01  3.282057e-01
3.060000e-01  3.271096e-01
3.090000e-01  3.260255e-01
3.120000e-01  3.249530e-01
3.150000e-01  3.238921e-01
3.180000e-01  3.228423e-01
3.210000e-01  3.218035e-01
3.240000e-01  3.207755e-01
3.270000e-01  3.197581e-01
3.300000e-01  3.187510e-01
3.330000e-01  3.177540e-01
3.360000e-01  3.167670e-01
3.390000e-01  3.157897e-01
3.420000e-01  3.148220e-01
3.450000e-01  3.138637e-01
3.480000e-01  3.129147e-01
3.510000e-01  3.119746e-01
3.540000e-01  3.110435e-01
3.570000e-01  3.101210e-01
3.600000e-01  3.092071e-01
3.630000e-01  3.083016e-01
3.660000e-01  3.074043e-01
3.690000e-01  3.065152e-01
3.720000e-01  3.056340e-01
3.750000e-01  3.047607e-01
3.780000e-01  3.038950e-01
3.810000e-01  3.030369e-01
3.840000e-01  3.021862e-01
3.870000e-01  3.013429e-01
3.900000e-01  3.005067e-01
3.930000e-01  2.996775e-01
3.960000e-01  2.988553e-01
3.990000e-01  2.980400e-01
4.020000e-01  2.972313e-01
4.050000e-01  2.964293e-01
4.080000e-01  2.956337e-01
4.110000e-01  2.948446e-01
4.140000e-01  2.940618e-01
4.170000e-01  2.932851e-01
4.200000e-01  2.925146e-01
4.230000e-01  2.917501e-01
4.260000e-01  2.909914e-01
4.290000e-01  2.902386e-01
4.320000e-01  2.894916e-01
4.350000e-01  2.887502e-01
4.380000e-01  2.880143e-01
4.410000e-01  2.872839e-01
4.440000e-01  2.865590e-01
4.470000e-01  2.858393e-01
4.500000e-01  2.851249e-01
4.530000e-01  2.844157e-01
4.560000e-01  2.837115e-01
4.590000e-01  2.830124e-01
4.620000e-01  2.823182e-01
4.650000e-01  2.816289e-01
4.680000e-01  2.809444e-01
4.710000e-01  2.802646e-01
4.740000e-01  2.795895e-01
4.770000e-01  2.789190e-01
4.800000e-01  2.782530e-01
4.830000e-01  2.775916e-01
4.860000e-01  2.769345e-01
4.890000e-01  2.762819e-01
4.920000e-01  2.756335e-01
4.950000e-01  2.749893e-01
4.980000e-01  2.743494e-01
5.010000e-01  2.737136e-01
5.040000e-01  2.730819e-01
5.070000e-01  2.724542e-01
5.100000e-01  2.718304e-01
5.130000e-01  2.712106e-01
5.160000e-01  2.705947e-01
5.190000e-01  2.699826e-01
5.220000e-01  2.693742e-01
5.250000e-01  2.687696e-01
5.280000e-01  2.681687e-01
5.310000e-01  2.675714e-01
5.340000e-01  2.669776e-01
5.370000e-01  2.663875e-01
5.400000e-01  2.658008e-01
5.430000e-01  2.652176e-01
5.460000e-01  2.646378e-01
5.490000e-01  2.640613e-01
5.520000e-01  2.634882e-01
5.550000e-01  2.629184e-01
5.580000e-01  2.623518e-01
5.610000e-01  2.617885e-01
5.640000e-01  2.612283e-01
5.670000e-01  2.606713e-01
5.700000e-01  2.601173e-01
5.730000e-01  2.595664e-01
5.760000e-01  2.590186e-01
5.790000e-01  2.584737e-01
5.820000e-01  2.579318e-01
5.850000e-01  2.573929e-01
5.880000e-01  2.568568e-01
5.910000e-01  2.563236e-01
5.940000e-01  2.557932e-01
5.970000e-01  2.552656e-01
6.000000e-01  2.547407e-01
6.030000e-01  2.542186e-01
6.060000e-01  2.536992e-01
6.090000e-01  2.531825e-01
6.120000e-01  2.526684e-01
6.150000e-01  2.521569e-01
6.180000e-01  2.516481e-01
6.210000e-01  2.511417e-01
6.240000e-01  2.506379e-01
6.270000e-01  2.501366e-01
6.300000e-01  2.496378e-01
6.330000e-01  2.491414e-01
6.360000e-01  2.486474e-01
6.390000e-01  2.481559e-01
6.420000e-01  2.476667e-01
6.450000e-01  2.471798e-01
6.480000e-01  2.466953e-01
6.510000e-01  2.462131e-01
6.540000e-01  2.457331e-01
6.570000e-01  2.452554e-01
6.600000e-01  2.447800e-01
6.630000e-01  2.443067e-01
6.660000e-01  2.438356e-01
6.690000e-01  2.433667e-01
6.720000e-01  2.428999e-01
6.750000e-01  2.424352e-01
6.780000e-01  2.419726e-01
6.810000e-01  2.415121e-01
6.840000e-01  2.410536e-01
6.870000e-01  2.405972e-01
6.900000e-01  2.401428e-01
6.930000e-01  2.396903e-01
6.960000e-01  2.392399e-01
6.990000e-01  2.387914e-01
7.020000e-01  2.383448e-01
7.050000e-01  2.379001e-01
7.080000e-01  2.374574e-01
7.110000e-01  2.370165e-01
7.140000e-01  2.365775e-01
7.170000e-01  2.361403e-01
7.200000e-01  2.357049e-01
7.230000e-01  2.352714e-01
7.260000e-01  2.348396e-01
7.290000e-01  2.344096e-01
7.320000e-01  2.339814e-01
7.350000e-01  2.335549e-01
7.380000e-01  2.331301e-01
7.410000e-01  2.327070e-01
7.440000e-01  2.322856e-01
7.470000e-01  2.318659e-01
7.500000e-01  2.314478e-01
7.530000e-01  2.310314e-01
7.560000e-01  2.306166e-01
7.590000e-01  2.302034e-01
7.620000e-01  2.297919e-01
7.650000e-01  2.293819e-01
7.680000e-01  2.289735e-01
7.710000e-01  2.285666e-01
7.740000e-01  2.281613e-01
7.770000e-01  2.277575e-01
7.800000e-01  2.273552e-01
7.830000e-01  2.269544e-01
7.860000e-01  2.265550e-01
7.890000e-01  2.261572e-01
7.920000e-01  2.257608e-01
7.950000e-01  2.253659e-01
7.980000e-01  2.249724e-01
8.010000e-01  2.245803e-01
8.040000e-01  2.241896e-01
8.070000e-01  2.238003e-01
8.100000e-01  2.234124e-01
8.130000e-01  2.230259e-01
8.160000e-01  2.226407e-01
8.190000e-01  2.222569e-01
8.220000e-01  2.218744e-01
8.250000e-01  2.214932e-01
8.280000e-01  2.211134e-01
8.310000e-01  2.207348e-01
8.340000e-01  2.203576e-01
8.370000e-01  2.199816e-01
8.400000e-01  2.196068e-01
8.430000e-01  2.192334e-01
8.460000e-01  2.188612e-01
8.490000e-01  2.184902e-01
8.520000e-01  2.181204e-01
8.550000e-01  2.177518e-01
8.580000e-01  2.173845e-01
8.610000e-01  2.170183e-01
8.640000e-01  2.166534e-01
8.670000e-01  2.162895e-01
8.700000e-01  2.159269e-01
8.730000e-01  2.155654e-01
8.760000e-01  2.152051e-01
8.790000e-01  2.148458e-01
8.820000e-01  2.144877e-01
8.850000e-01  2.141308e-01
8.880000e-01  2.137749e-01
8.910000e-01  2.134201e-01
8.940000e-01  2.130664e-01
8.970000e-01  2.127138e-01
9.000000e-01  2.123623e-01
9.030000e-01  2.120118e-01
9.060000e-01  2.116624e-01
9.090000e-01  2.113140e-01
9.120000e-01  2.109666e-01
9.150000e-01  2.106203e-01
9.180000e-01  2.102749e-01
9.210000e-01  2.099306e-01
9.240000e-01  2.095873e-01
9.270000e-01  2.092450e-01
9.300000e-01  2.089037e-01
9.330000e-01  2.085633e-01
9.360000e-01  2.082239e-01
9.390000e-01  2.078855e-01
9.420000e-01  2.075480e-01
9.450000e-01  2.072114e-01
9.480000e-01  2.068758e-01
9.510000e-01  2.065412e-01
9.540000e-01  2.062074e-01
9.570000e-01  2.058746e-01
9.600000e-01  2.055426e-01
9.630000e-01  2.052116e-01
9.660000e-01  2.048814e-01
9.690000e-01  2.045522e-01
9.720000e-01  2.042238e-01
9.750000e-01  2.038963e-01
9.780000e-01  2.035696e-01
9.810000e-01  2.032438e-01
9.840000e-01  2.029188e-01
9.870000e-01  2.025947e-01
9.900000e-01  2.022715e-01
9.930000e-01  2.019490e-01
9.960000e-01  2.016274e-01
9.990000e-01  2.013066e-01
