000000  000001
3.000000e-03  7.513161e-01
6.000000e-03  6.601341e-01
9.000000e-03  6.048496e-01
1.200000e-02  5.656844e-01
1.500000e-02  5.356226e-01
1.800000e-02  5.113780e-01
2.100000e-02  4.911540e-01
2.400000e-02  4.738647e-01
2.700000e-02  4.588054e-01
3.000000e-02  4.454942e-01
3.300000e-02  4.335873e-01
3.600000e-02  4.228314e-01
3.900000e-02  4.130348e-01
4.200000e-02  4.040490e-01
4.500000e-02  3.957567e-01
4.800000e-02  3.880638e-01
5.100000e-02  3.808939e-01
5.400000e-02  3.741836e-01
5.700000e-02  3.678805e-01
6.000000e-02  3.619402e-01
6.300000e-02  3.563251e-01
6.600000e-02  3.510029e-01
6.900000e-02  3.459459e-01
7.200000e-02  3.411300e-01
7.500000e-02  3.365341e-01
7.800000e-02  3.321397e-01
8.100000e-02  3.279305e-01
8.400000e-02  3.238921e-01
8.700000e-02  3.200115e-01
9.000000e-02  3.162772e-01
9.300000e-02  3.126788e-01
9.600000e-02  3.092071e-01
9.900000e-02  3.058536e-01
1.020000e-01  3.026106e-01
1.050000e-01  2.994713e-01
1.080000e-01  2.964293e-01
1.110000e-01  2.934787e-01
1.140000e-01  2.906143e-01
1.170000e-01  2.878312e-01
1.200000e-01  2.851249e-01
1.230000e-01  2.824913e-01
1.260000e-01  2.799264e-01
1.290000e-01  2.774269e-01
1.320000e-01  2.749893e-01
1.350000e-01  2.726107e-01
1.380000e-01  2.702882e-01
1.410000e-01  2.680190e-01
1.440000e-01  2.658008e-01
1.470000e-01  2.636312e-01
1.500000e-01  2.615080e-01
1.530000e-01  2.594292e-01
1.560000e-01  2.573929e-01
1.590000e-01  2.553972e-01
1.620000e-01  2.534405e-01
1.650000e-01  2.515212e-01
1.680000e-01  2.496378e-01
1.710000e-01  2.477888e-01
1.740000e-01  2.459728e-01
1.770000e-01  2.441887e-01
1.800000e-01  2.424352e-01
1.830000e-01  2.407111e-01
1.860000e-01  2.390154e-01
1.890000e-01  2.373470e-01
1.920000e-01  2.357049e-01
1.950000e-01  2.340883e-01
1.980000e-01  2.324961e-01
2.010000e-01  2.309276e-01
2.040000e-01  2.293819e-01
2.070000e-01  2.278583e-01
2.100000e-01  2.263559e-01
2.130000e-01  2.248742e-01
2.160000e-01  2.234124e-01
2.190000e-01  2.219699e-01
2.220000e-01  2.205460e-01
2.250000e-01  2.191402e-01
2.280000e-01  2.177518e-01
2.310000e-01  2.163804e-01
2.340000e-01  2.150253e-01
2.370000e-01  2.136861e-01
2.400000e-01  2.123623e-01
2.430000e-01  2.110533e-01
2.460000e-01  2.097589e-01
2.490000e-01  2.084784e-01
2.520000e-01  2.072114e-01
2.550000e-01  2.059577e-01
2.580000e-01  2.047167e-01
2.610000e-01  2.034881e-01
2.640000e-01  2.022715e-01
2.670000e-01  2.010665e-01
2.700000e-01  1.998728e-01
2.730000e-01  1.986901e-01
2.760000e-01  1.975179e-01
2.790000e-01  1.963561e-01
2.820000e-01  1.952043e-01
2.850000e-01  1.940621e-01
2.880000e-01  1.929294e-01
2.910000e-01  1.918057e-01
2.940000e-01  1.906909e-01
2.970000e-01  1.895846e-01
3.000000e-01  1.884865e-01
3.030000e-01  1.873965e-01
3.060000e-01  1.863143e-01
3.090000e-01  1.852396e-01
3.120000e-01  1.841721e-01
3.150000e-01  1.831117e-01
3.180000e-01  1.820580e-01
3.210000e-01  1.810109e-01
3.240000e-01  1.799701e-01
3.270000e-01  1.789354e-01
3.300000e-01  1.779066e-01
3.330000e-01  1.768835e-01
3.360000e-01  1.758658e-01
3.390000e-01  1.748534e-01
3.420000e-01  1.738459e-01
3.450000e-01  1.728433e-01
3.480000e-01  1.718453e-01
3.510000e-01  1.708516e-01
3.540000e-01  1.698622e-01
3.570000e-01  1.688767e-01
3.600000e-01  1.678950e-01
3.630000e-01  1.669169e-01
3.660000e-01  1.659422e-01
3.690000e-01  1.649706e-01
3.720000e-01  1.640019e-01
3.750000e-01  1.630360e-01
3.780000e-01  1.620727e-01
3.810000e-01  1.611117e-01
3.840000e-01  1.601528e-01
3.870000e-01  1.591957e-01
3.900000e-01  1.582404e-01
3.930000e-01  1.572865e-01
3.960000e-01  1.563339e-01
3.990000e-01  1.553822e-01
4.020000e-01  1.544313e-01
4.050000e-01  1.534809e-01
4.080000e-01  1.525308e-01
4.110000e-01  000000
4.140000e-01  000000
4.170000e-01  000000
4.200000e-01  000000
4.230000e-01  000000
4.260000e-01  000000
4.290000e-01  000000
4.320000e-01  000000
4.350000e-01  000000
4.380000e-01  000000
4.410000e-01  000000
4.440000e-01  000000
4.470000e-01  000000
4.500000e-01  000000
4.530000e-01  000000
4.560000e-01  000000
4.590000e-01  000000
4.620000e-01  000000
4.650000e-01  000000
4.680000e-01  000000
4.710000e-01  000000
4.740000e-01  000000
4.770000e-01  000000
4.800000e-01  000000
4.830000e-01  000000
4.860000e-01  000000
4.890000e-01  000000
4.920000e-01  000000
4.950000e-01  000000
4.980000e-01  000000
5.010000e-01  000000
5.040000e-01  000000
5.070000e-01  000000
5.100000e-01  000000
5.130000e-01  000000
5.160000e-01  000000
5.190000e-01  000000
5.220000e-01  000000
5.250000e-01  000000
5.280000e-01  000000
5.310000e-01  000000
5.340000e-01  000000
5.370000e-01  000000
5.400000e-01  000000
5.430000e-01  000000
5.460000e-01  000000
5.490000e-01  000000
5.520000e-01  000000
5.550000e-01  000000
5.580000e-01  000000
5.610000e-01  000000
5.640000e-01  000000
5.670000e-01  000000
5.700000e-01  000000
5.730000e-01  000000
5.760000e-01  000000
5.790000e-01  000000
5.820000e-01  000000
5.850000e-01  000000
5.880000e-01  000000
5.910000e-01  000000
5.940000e-01  000000
5.970000e-01  000000
6.000000e-01  000000
6.030000e-01  000000
6.060000e-01  000000
6.090000e-01  000000
6.120000e-01  000000
6.150000e-01  000000
6.180000e-01  000000
6.210000e-01  000000
6.240000e-01  000000
6.270000e-01  000000
6.300000e-01  000000
6.330000e-01  000000
6.360000e-01  000000
6.390000e-01  000000
6.420000e-01  000000
6.450000e-01  000000
6.480000e-01  000000
6.510000e-01  000000
6.540000e-01  000000
6.570000e-01  000000
6.600000e-01  000000
6.630000e-01  000000
6.660000e-01  000000
6.690000e-01  000000
6.720000e-01  000000
6.750000e-01  000000
6.780000e-01  000000
6.810000e-01  000000
6.840000e-01  000000
6.870000e-01  000000
6.900000e-01  000000
6.930000e-01  000000
6.960000e-01  000000
6.990000e-01  000000
7.020000e-01  000000
7.050000e-01  000000
7.080000e-01  000000
7.110000e-01  000000
7.140000e-01  000000
7.170000e-01  000000
7.200000e-01  000000
7.230000e-01  000000
7.260000e-01  000000
7.290000e-01  000000
7.320000e-01  000000
7.350000e-01  000000
7.380000e-01  000000
7.410000e-01  000000
7.440000e-01  000000
7.470000e-01  000000
7.500000e-01  000000
7.530000e-01  000000
7.560000e-01  000000
7.590000e-01  000000
7.620000e-01  000000
7.650000e-01  000000
7.680000e-01  000000
7.710000e-01  000000
7.740000e-01  000000
7.770000e-01  000000
7.800000e-01  000000
7.830000e-01  000000
7.860000e-01  000000
7.890000e-01  000000
7.920000e-01  000000
7.950000e-01  000000
7.980000e-01  000000
8.010000e-01  000000
8.040000e-01  000000
8.070000e-01  000000
8.100000e-01  000000
8.130000e-01  000000
8.160000e-01  000000
8.190000e-01  000000
8.220000e-01  000000
8.250000e-01  000000
8.280000e-01  000000
8.310000e-01  000000
8.340000e-01  000000
8.370000e-01  000000
8.400000e-01  000000
8.430000e-01  000000
8.460000e-01  000000
8.490000e-01  000000
8.520000e-01  000000
8.550000e-01  000000
8.580000e-01  000000
8.610000e-01  000000
8.640000e-01  000000
8.670000e-01  000000
8.700000e-01  000000
8.730000e-01  000000
8.760000e-01  000000
8.790000e-01  000000
8.820000e-01  000000
8.850000e-01  000000
8.880000e-01  000000
8.910000e-01  000000
8.940000e-01  000000
8.970000e-01  000000
9.000000e-01  000000
9.030000e-01  000000
9.060000e-01  000000
9.090000e-01  000000
9.120000e-01  000000
9.150000e-01  000000
9.180000e-01  000000
9.210000e-01  000000
9.240000e-01  000000
9.270000e-01  000000
9.300000e-01  000000
9.330000e-01  000000
9.360000e-01  000000
9.390000e-01  000000
9.420000e-01  000000
9.450000e-01  000000
9.480000e-01  000000
9.510000e-01  000000
9.540000e-01  000000
9.570000e-01  000000
9.600000e-01  000000
9.630000e-01  000000
9.660000e-01  000000
9.690000e-01  000000
9.720000e-01  000000
9.750000e-01  000000
9.780000e-01  000000
9.810000e-01  000000
9.840000e-01  000000
9.870000e-01  000000
9.900000e-01  000000
9.930000e-01  000000
9.960000e-01  000000
9.990000e-01  000000
