000000  000001
3.000000e-03  8.584743e-01
6.000000e-03  7.839496e-01
9.000000e-03  7.336653e-01
1.200000e-02  6.959871e-01
1.500000e-02  6.660239e-01
1.800000e-02  6.412557e-01
2.100000e-02  6.202154e-01
2.400000e-02  6.019747e-01
2.700000e-02  5.859097e-01
3.000000e-02  5.715818e-01
3.300000e-02  5.586708e-01
3.600000e-02  5.469363e-01
3.900000e-02  5.361935e-01
4.200000e-02  5.262969e-01
4.500000e-02  5.171305e-01
4.800000e-02  5.086002e-01
5.100000e-02  5.006284e-01
5.400000e-02  4.931509e-01
5.700000e-02  4.861135e-01
6.000000e-02  4.794704e-01
6.300000e-02  4.731824e-01
6.600000e-02  4.672158e-01
6.900000e-02  4.615413e-01
7.200000e-02  4.561333e-01
7.500000e-02  4.509694e-01
7.800000e-02  4.460299e-01
8.100000e-02  4.412973e-01
8.400000e-02  4.367561e-01
8.700000e-02  4.323921e-01
9.000000e-02  4.281930e-01
9.300000e-02  4.241475e-01
9.600000e-02  4.202455e-01
9.900000e-02  4.164776e-01
1.020000e-01  4.128356e-01
1.050000e-01  4.093118e-01
1.080000e-01  4.058992e-01
1.110000e-01  4.025914e-01
1.140000e-01  3.993825e-01
1.170000e-01  3.962672e-01
1.200000e-01  3.932404e-01
1.230000e-01  3.902975e-01
1.260000e-01  3.874342e-01
1.290000e-01  3.846467e-01
1.320000e-01  3.819312e-01
1.350000e-01  3.792843e-01
1.380000e-01  3.767027e-01
1.410000e-01  3.741836e-01
1.440000e-01  3.717242e-01
1.470000e-01  3.693217e-01
1.500000e-01  3.669738e-01
1.530000e-01  3.646781e-01
1.560000e-01  3.624326e-01
1.590000e-01  3.602352e-01
1.620000e-01  3.580838e-01
1.650000e-01  3.559769e-01
1.680000e-01  3.539126e-01
1.710000e-01  3.518893e-01
1.740000e-01  3.499056e-01
1.770000e-01  3.479599e-01
1.800000e-01  3.460509e-01
1.830000e-01  3.441773e-01
1.860000e-01  3.423379e-01
1.890000e-01  3.405314e-01
1.920000e-01  3.387569e-01
1.950000e-01  3.370131e-01
1.980000e-01  3.352992e-01
2.010000e-01  3.336141e-01
2.040000e-01  3.319569e-01
2.070000e-01  3.303268e-01
2.100000e-01  3.287229e-01
2.130000e-01  3.271444e-01
2.160000e-01  3.255905e-01
2.190000e-01  3.240606e-01
2.220000e-01  3.225539e-01
2.250000e-01  3.210697e-01
2.280000e-01  3.196074e-01
2.310000e-01  3.181664e-01
2.340000e-01  3.167461e-01
2.370000e-01  3.153459e-01
2.400000e-01  3.139653e-01
2.430000e-01  3.126036e-01
2.460000e-01  3.112606e-01
2.490000e-01  3.099356e-01
2.520000e-01  3.086282e-01
2.550000e-01  3.073379e-01
2.580000e-01  3.060643e-01
2.610000e-01  3.048069e-01
2.640000e-01  3.035655e-01
2.670000e-01  3.023395e-01
2.700000e-01  3.011287e-01
2.730000e-01  2.999326e-01
2.760000e-01  2.987509e-01
2.790000e-01  2.975832e-01
2.820000e-01  2.964293e-01
2.850000e-01  2.952888e-01
2.880000e-01  2.941614e-01
2.910000e-01  2.930468e-01
2.940000e-01  2.919447e-01
2.970000e-01  2.908549e-01
3.000000e-01  2.897770e-01
3.030000e-01  2.887109e-01
3.060000e-01  2.876562e-01
3.090000e-01  2.866128e-01
3.120000e-01  2.855803e-01
3.150000e-01  2.845586e-01
3.180000e-01  2.835474e-01
3.210000e-01  2.825466e-01
3.240000e-01  2.815558e-01
3.270000e-01  2.805750e-01
3.300000e-01  2.796038e-01
3.330000e-01  2.786421e-01
3.360000e-01  2.776898e-01
3.390000e-01  2.767466e-01
3.420000e-01  2.758124e-01
3.450000e-01  2.748870e-01
3.480000e-01  2.739701e-01
3.510000e-01  2.730618e-01
3.540000e-01  2.721617e-01
3.570000e-01  2.712698e-01
3.600000e-01  2.703859e-01
3.630000e-01  2.695098e-01
3.660000e-01  2.686414e-01
3.690000e-01  2.677806e-01
3.720000e-01  2.669273e-01
3.750000e-01  2.660812e-01
3.780000e-01  2.652423e-01
3.810000e-01  2.644105e-01
3.840000e-01  2.635855e-01
3.870000e-01  2.627674e-01
3.900000e-01  2.619560e-01
3.930000e-01  2.611511e-01
3.960000e-01  2.603527e-01
3.990000e-01  2.595606e-01
4.020000e-01  2.587748e-01
4.050000e-01  2.579951e-01
4.080000e-01  2.572215e-01
4.110000e-01  2.564538e-01
4.140000e-01  2.556919e-01
4.170000e-01  2.549358e-01
4.200000e-01  2.541854e-01
4.230000e-01  2.534405e-01
4.260000e-01  2.527011e-01
4.290000e-01  2.519672e-01
4.320000e-01  2.512385e-01
4.350000e-01  2.505150e-01
4.380000e-01  2.497967e-01
4.410000e-01  2.490835e-01
4.440000e-01  2.483752e-01
4.470000e-01  2.476719e-01
4.500000e-01  2.469734e-01
4.530000e-01  2.462797e-01
4.560000e-01  2.455906e-01
4.590000e-01  2.449062e-01
4.620000e-01  2.442264e-01
4.650000e-01  2.435510e-01
4.680000e-01  2.428801e-01
4.710000e-01  2.422135e-01
4.740000e-01  2.415512e-01
4.770000e-01  2.408932e-01
4.800000e-01  2.402393e-01
4.830000e-01  2.395895e-01
4.860000e-01  2.389438e-01
4.890000e-01  2.383021e-01
4.920000e-01  2.376644e-01
4.950000e-01  2.370305e-01
4.980000e-01  2.364005e-01
5.010000e-01  2.357743e-01
5.040000e-01  2.351518e-01
5.070000e-01  2.345329e-01
5.100000e-01  2.339177e-01
5.130000e-01  2.333061e-01
5.160000e-01  2.326980e-01
5.190000e-01  2.320934e-01
5.220000e-01  2.314922e-01
5.250000e-01  2.308944e-01
5.280000e-01  2.303000e-01
5.310000e-01  2.297089e-01
5.340000e-01  2.291210e-01
5.370000e-01  2.285364e-01
5.400000e-01  2.279549e-01
5.430000e-01  2.273765e-01
5.460000e-01  2.268012e-01
5.490000e-01  2.262290e-01
5.520000e-01  2.256599e-01
5.550000e-01  2.250936e-01
5.580000e-01  2.245304e-01
5.610000e-01  2.239700e-01
5.640000e-01  2.234124e-01
5.670000e-01  2.228577e-01
5.700000e-01  2.223058e-01
5.730000e-01  2.217567e-01
5.760000e-01  2.212103e-01
5.790000e-01  2.206665e-01
5.820000e-01  2.201254e-01
5.850000e-01  2.195869e-01
5.880000e-01  2.190511e-01
5.910000e-01  2.185177e-01
5.940000e-01  2.179869e-01
5.970000e-01  2.174586e-01
6.000000e-01  2.169328e-01
6.030000e-01  2.164094e-01
6.060000e-01  2.158884e-01
6.090000e-01  2.153698e-01
6.120000e-01  2.148535e-01
6.150000e-01  2.143395e-01
6.180000e-01  2.138278e-01
6.210000e-01  2.133184e-01
6.240000e-01  2.128112e-01
6.270000e-01  2.123063e-01
6.300000e-01  2.118035e-01
6.330000e-01  2.113029e-01
6.360000e-01  2.108044e-01
6.390000e-01  2.103080e-01
6.420000e-01  2.098136e-01
6.450000e-01  2.093214e-01
6.480000e-01  2.088312e-01
6.510000e-01  2.083430e-01
6.540000e-01  2.078567e-01
6.570000e-01  2.073724e-01
6.600000e-01  2.068901e-01
6.630000e-01  2.064097e-01
6.660000e-01  2.059312e-01
6.690000e-01  2.054545e-01
6.720000e-01  2.049797e-01
6.750000e-01  2.045067e-01
6.780000e-01  2.040355e-01
6.810000e-01  2.035661e-01
6.840000e-01  2.030985e-01
6.870000e-01  2.026326e-01
6.900000e-01  2.021685e-01
6.930000e-01  2.017060e-01
6.960000e-01  2.012452e-01
6.990000e-01  2.007861e-01
7.020000e-01  2.003286e-01
7.050000e-01  1.998728e-01
7.080000e-01  1.994186e-01
7.110000e-01  1.989659e-01
7.140000e-01  1.985148e-01
7.170000e-01  1.980653e-01
7.200000e-01  1.976173e-01
7.230000e-01  1.971708e-01
7.260000e-01  1.967258e-01
7.290000e-01  1.962823e-01
7.320000e-01  1.958403e-01
7.350000e-01  1.953996e-01
7.380000e-01  1.949605e-01
7.410000e-01  1.945227e-01
7.440000e-01  1.940863e-01
7.470000e-01  1.936513e-01
7.500000e-01  1.932177e-01
7.530000e-01  1.927854e-01
7.560000e-01  1.923545e-01
7.590000e-01  1.919248e-01
7.620000e-01  1.914965e-01
7.650000e-01  1.910694e-01
7.680000e-01  1.906436e-01
7.710000e-01  1.902191e-01
7.740000e-01  1.897958e-01
7.770000e-01  1.893737e-01
7.800000e-01  1.889528e-01
7.830000e-01  1.885331e-01
7.860000e-01  1.881146e-01
7.890000e-01  1.876972e-01
7.920000e-01  1.872810e-01
7.950000e-01  1.868660e-01
7.980000e-01  1.864520e-01
8.010000e-01  1.860392e-01
8.040000e-01  1.856275e-01
8.070000e-01  1.852168e-01
8.100000e-01  1.848072e-01
8.130000e-01  1.843986e-01
8.160000e-01  1.839911e-01
8.190000e-01  1.835846e-01
8.220000e-01  1.831791e-01
8.250000e-01  1.827747e-01
8.280000e-01  1.823712e-01
8.310000e-01  1.819686e-01
8.340000e-01  1.815671e-01
8.370000e-01  1.811664e-01
8.400000e-01  1.807668e-01
8.430000e-01  1.803680e-01
8.460000e-01  1.799701e-01
8.490000e-01  1.795732e-01
8.520000e-01  1.791771e-01
8.550000e-01  1.787819e-01
8.580000e-01  1.783875e-01
8.610000e-01  1.779940e-01
8.640000e-01  1.776013e-01
8.670000e-01  1.772094e-01
8.700000e-01  1.768184e-01
8.730000e-01  1.764281e-01
8.760000e-01  1.760387e-01
8.790000e-01  1.756500e-01
8.820000e-01  1.752620e-01
8.850000e-01  1.748749e-01
8.880000e-01  1.744884e-01
8.910000e-01  1.741027e-01
8.940000e-01  1.737177e-01
8.970000e-01  1.733334e-01
9.000000e-01  1.729497e-01
9.030000e-01  1.725668e-01
9.060000e-01  1.721845e-01
9.090000e-01  1.718029e-01
9.120000e-01  1.714219e-01
9.150000e-01  1.710416e-01
9.180000e-01  1.706619e-01
9.210000e-01  1.702827e-01
9.240000e-01  1.699042e-01
9.270000e-01  1.695263e-01
9.300000e-01  1.691489e-01
9.330000e-01  1.687721e-01
9.360000e-01  1.683959e-01
9.390000e-01  1.680202e-01
9.420000e-01  1.676450e-01
9.450000e-01  1.672703e-01
9.480000e-01  1.668961e-01
9.510000e-01  1.665225e-01
9.540000e-01  1.661493e-01
9.570000e-01  1.657766e-01
9.600000e-01  1.654043e-01
9.630000e-01  1.650325e-01
9.660000e-01  1.646611e-01
9.690000e-01  1.642902e-01
9.720000e-01  1.639196e-01
9.750000e-01  1.635495e-01
9.780000e-01  1.631797e-01
9.810000e-01  1.628104e-01
9.840000e-01  1.624414e-01
9.870000e-01  1.620727e-01
9.900000e-01  1.617044e-01
9.930000e-01  1.613364e-01
9.960000e-01  1.609687e-01
9.990000e-01  1.606014e-01
