000000  000001
3.000000e-03  8.208838e-01
6.000000e-03  7.383514e-01
9.000000e-03  6.851387e-01
1.200000e-02  6.462357e-01
1.500000e-02  6.157841e-01
1.800000e-02  5.908917e-01
2.100000e-02  5.699218e-01
2.400000e-02  5.518599e-01
2.700000e-02  5.360351e-01
3.000000e-02  5.219817e-01
3.300000e-02  5.093631e-01
3.600000e-02  4.979290e-01
3.900000e-02  4.874881e-01
4.200000e-02  4.778910e-01
4.500000e-02  4.690193e-01
4.800000e-02  4.607771e-01
5.100000e-02  4.530861e-01
5.400000e-02  4.458813e-01
5.700000e-02  4.391085e-01
6.000000e-02  4.327218e-01
6.300000e-02  4.266820e-01
6.600000e-02  4.209555e-01
6.900000e-02  4.155133e-01
7.200000e-02  4.103300e-01
7.500000e-02  4.053836e-01
7.800000e-02  4.006545e-01
8.100000e-02  3.961256e-01
8.400000e-02  3.917813e-01
8.700000e-02  3.876082e-01
9.000000e-02  3.835940e-01
9.300000e-02  3.797275e-01
9.600000e-02  3.759990e-01
9.900000e-02  3.723994e-01
1.020000e-01  3.689206e-01
1.050000e-01  3.655550e-01
1.080000e-01  3.622960e-01
1.110000e-01  3.591373e-01
1.140000e-01  3.560732e-01
1.170000e-01  3.530985e-01
1.200000e-01  3.502083e-01
1.230000e-01  3.473981e-01
1.260000e-01  3.446640e-01
1.290000e-01  3.420019e-01
1.320000e-01  3.394084e-01
1.350000e-01  3.368802e-01
1.380000e-01  3.344142e-01
1.410000e-01  3.320075e-01
1.440000e-01  3.296574e-01
1.470000e-01  3.273615e-01
1.500000e-01  3.251173e-01
1.530000e-01  3.229227e-01
1.560000e-01  3.207755e-01
1.590000e-01  3.186739e-01
1.620000e-01  3.166160e-01
1.650000e-01  3.146001e-01
1.680000e-01  3.126245e-01
1.710000e-01  3.106876e-01
1.740000e-01  3.087881e-01
1.770000e-01  3.069246e-01
1.800000e-01  3.050957e-01
1.830000e-01  3.033001e-01
1.860000e-01  3.015368e-01
1.890000e-01  2.998046e-01
1.920000e-01  2.981024e-01
1.950000e-01  2.964293e-01
1.980000e-01  2.947842e-01
2.010000e-01  2.931662e-01
2.040000e-01  2.915745e-01
2.070000e-01  2.900082e-01
2.100000e-01  2.884665e-01
2.130000e-01  2.869487e-01
2.160000e-01  2.854540e-01
2.190000e-01  2.839817e-01
2.220000e-01  2.825313e-01
2.250000e-01  2.811019e-01
2.280000e-01  2.796930e-01
2.310000e-01  2.783041e-01
2.340000e-01  2.769345e-01
2.370000e-01  2.755838e-01
2.400000e-01  2.742513e-01
2.430000e-01  2.729367e-01
2.460000e-01  2.716393e-01
2.490000e-01  2.703588e-01
2.520000e-01  2.690947e-01
2.550000e-01  2.678466e-01
2.580000e-01  2.666140e-01
2.610000e-01  2.653966e-01
2.640000e-01  2.641940e-01
2.670000e-01  2.630058e-01
2.700000e-01  2.618317e-01
2.730000e-01  2.606713e-01
2.760000e-01  2.595242e-01
2.790000e-01  2.583902e-01
2.820000e-01  2.572689e-01
2.850000e-01  2.561601e-01
2.880000e-01  2.550634e-01
2.910000e-01  2.539786e-01
2.940000e-01  2.529054e-01
2.970000e-01  2.518435e-01
3.000000e-01  2.507927e-01
3.030000e-01  2.497527e-01
3.060000e-01  2.487233e-01
3.090000e-01  2.477042e-01
3.120000e-01  2.466953e-01
3.150000e-01  2.456963e-01
3.180000e-01  2.447070e-01
3.210000e-01  2.437272e-01
3.240000e-01  2.427567e-01
3.270000e-01  2.417952e-01
3.300000e-01  2.408427e-01
3.330000e-01  2.398989e-01
3.360000e-01  2.389637e-01
3.390000e-01  2.380368e-01
3.420000e-01  2.371181e-01
3.450000e-01  2.362074e-01
3.480000e-01  2.353046e-01
3.510000e-01  2.344096e-01
3.540000e-01  2.335221e-01
3.570000e-01  2.326421e-01
3.600000e-01  2.317693e-01
3.630000e-01  2.309036e-01
3.660000e-01  2.300450e-01
3.690000e-01  2.291932e-01
3.720000e-01  2.283481e-01
3.750000e-01  2.275097e-01
3.780000e-01  2.266778e-01
3.810000e-01  2.258522e-01
3.840000e-01  2.250328e-01
3.870000e-01  2.242196e-01
3.900000e-01  2.234124e-01
3.930000e-01  2.226112e-01
3.960000e-01  2.218157e-01
3.990000e-01  2.210259e-01
4.020000e-01  2.202417e-01
4.050000e-01  2.194631e-01
4.080000e-01  2.186898e-01
4.110000e-01  2.179218e-01
4.140000e-01  2.171590e-01
4.170000e-01  2.164014e-01
4.200000e-01  2.156487e-01
4.230000e-01  2.149010e-01
4.260000e-01  2.141582e-01
4.290000e-01  2.134201e-01
4.320000e-01  2.126867e-01
4.350000e-01  2.119580e-01
4.380000e-01  2.112337e-01
4.410000e-01  2.105139e-01
4.440000e-01  2.097985e-01
4.470000e-01  2.090873e-01
4.500000e-01  2.083804e-01
4.530000e-01  2.076777e-01
4.560000e-01  2.069790e-01
4.590000e-01  2.062843e-01
4.620000e-01  2.055936e-01
4.650000e-01  2.049068e-01
4.680000e-01  2.042238e-01
4.710000e-01  2.035445e-01
4.740000e-01  2.028689e-01
4.770000e-01  2.021970e-01
4.800000e-01  2.015286e-01
4.830000e-01  2.008637e-01
4.860000e-01  2.002022e-01
4.890000e-01  1.995442e-01
4.920000e-01  1.988895e-01
4.950000e-01  1.982380e-01
4.980000e-01  1.975898e-01
5.010000e-01  1.969447e-01
5.040000e-01  1.963027e-01
5.070000e-01  1.956638e-01
5.100000e-01  1.950279e-01
5.130000e-01  1.943950e-01
5.160000e-01  1.937650e-01
5.190000e-01  1.931378e-01
5.220000e-01  1.925134e-01
5.250000e-01  1.918918e-01
5.280000e-01  1.912729e-01
5.310000e-01  1.906567e-01
5.340000e-01  1.900431e-01
5.370000e-01  1.894320e-01
5.400000e-01  1.888235e-01
5.430000e-01  1.882175e-01
5.460000e-01  1.876139e-01
5.490000e-01  1.870127e-01
5.520000e-01  1.864139e-01
5.550000e-01  1.858174e-01
5.580000e-01  1.852231e-01
5.610000e-01  1.846311e-01
5.640000e-01  1.840412e-01
5.670000e-01  1.834535e-01
5.700000e-01  1.828679e-01
5.730000e-01  1.822844e-01
5.760000e-01  1.817029e-01
5.790000e-01  1.811234e-01
5.820000e-01  1.805458e-01
5.850000e-01  1.799701e-01
5.880000e-01  1.793963e-01
5.910000e-01  1.788244e-01
5.940000e-01  1.782542e-01
5.970000e-01  1.776858e-01
6.000000e-01  1.771191e-01
6.030000e-01  1.765541e-01
6.060000e-01  1.759908e-01
6.090000e-01  1.754291e-01
6.120000e-01  1.748689e-01
6.150000e-01  1.743103e-01
6.180000e-01  1.737532e-01
6.210000e-01  1.731975e-01
6.240000e-01  1.726433e-01
6.270000e-01  1.720905e-01
6.300000e-01  1.715391e-01
6.330000e-01  1.709890e-01
6.360000e-01  1.704401e-01
6.390000e-01  1.698926e-01
6.420000e-01  1.693462e-01
6.450000e-01  1.688011e-01
6.480000e-01  1.682571e-01
6.510000e-01  1.677142e-01
6.540000e-01  1.671724e-01
6.570000e-01  1.666316e-01
6.600000e-01  1.660919e-01
6.630000e-01  1.655532e-01
6.660000e-01  1.650153e-01
6.690000e-01  1.644784e-01
6.720000e-01  1.639424e-01
6.750000e-01  1.634072e-01
6.780000e-01  1.628728e-01
6.810000e-01  1.623392e-01
6.840000e-01  1.618063e-01
6.870000e-01  1.612741e-01
6.900000e-01  1.607426e-01
6.930000e-01  1.602117e-01
6.960000e-01  1.596814e-01
6.990000e-01  1.591516e-01
7.020000e-01  1.586223e-01
7.050000e-01  1.580936e-01
7.080000e-01  1.575652e-01
7.110000e-01  1.570372e-01
7.140000e-01  1.565096e-01
7.170000e-01  1.559824e-01
7.200000e-01  1.554554e-01
7.230000e-01  1.549286e-01
7.260000e-01  1.544020e-01
7.290000e-01  1.538756e-01
7.320000e-01  1.533493e-01
7.350000e-01  1.528231e-01
7.380000e-01  000000
7.410000e-01  000000
7.440000e-01  000000
7.470000e-01  000000
7.500000e-01  000000
7.530000e-01  000000
7.560000e-01  000000
7.590000e-01  000000
7.620000e-01  000000
7.650000e-01  000000
7.680000e-01  000000
7.710000e-01  000000
7.740000e-01  000000
7.770000e-01  000000
7.800000e-01  000000
7.830000e-01  000000
7.860000e-01  000000
7.890000e-01  000000
7.920000e-01  000000
7.950000e-01  000000
7.980000e-01  000000
8.010000e-01  000000
8.040000e-01  000000
8.070000e-01  000000
8.100000e-01  000000
8.130000e-01  000000
8.160000e-01  000000
8.190000e-01  000000
8.220000e-01  000000
8.250000e-01  000000
8.280000e-01  000000
8.310000e-01  000000
8.340000e-01  000000
8.370000e-01  000000
8.400000e-01  000000
8.430000e-01  000000
8.460000e-01  000000
8.490000e-01  000000
8.520000e-01  000000
8.550000e-01  000000
8.580000e-01  000000
8.610000e-01  000000
8.640000e-01  000000
8.670000e-01  000000
8.700000e-01  000000
8.730000e-01  000000
8.760000e-01  000000
8.790000e-01  000000
8.820000e-01  000000
8.850000e-01  000000
8.880000e-01  000000
8.910000e-01  000000
8.940000e-01  000000
8.970000e-01  000000
9.000000e-01  000000
9.030000e-01  000000
9.060000e-01  000000
9.090000e-01  000000
9.120000e-01  000000
9.150000e-01  000000
9.180000e-01  000000
9.210000e-01  000000
9.240000e-01  000000
9.270000e-01  000000
9.300000e-01  000000
9.330000e-01  000000
9.360000e-01  000000
9.390000e-01  000000
9.420000e-01  000000
9.450000e-01  000000
9.480000e-01  000000
9.510000e-01  000000
9.540000e-01  000000
9.570000e-01  000000
9.600000e-01  000000
9.630000e-01  000000
9.660000e-01  000000
9.690000e-01  000000
9.720000e-01  000000
9.750000e-01  000000
9.780000e-01  000000
9.810000e-01  000000
9.840000e-01  000000
9.870000e-01  000000
9.900000e-01  000000
9.930000e-01  000000
9.960000e-01  000000
9.990000e-01  000000
