000000  000001
3.000000e-03  8.413927e-01
6.000000e-03  7.628748e-01
9.000000e-03  7.110501e-01
1.200000e-02  6.726837e-01
1.500000e-02  6.424106e-01
1.800000e-02  6.175245e-01
2.100000e-02  5.964718e-01
2.400000e-02  5.782794e-01
2.700000e-02  5.622988e-01
3.000000e-02  5.480768e-01
3.300000e-02  5.352843e-01
3.600000e-02  5.236753e-01
3.900000e-02  5.130612e-01
4.200000e-02  5.032943e-01
4.500000e-02  4.942571e-01
4.800000e-02  4.858543e-01
5.100000e-02  4.780078e-01
5.400000e-02  4.706527e-01
5.700000e-02  4.637349e-01
6.000000e-02  4.572081e-01
6.300000e-02  4.510333e-01
6.600000e-02  4.451766e-01
6.900000e-02  4.396088e-01
7.200000e-02  4.343044e-01
7.500000e-02  4.292411e-01
7.800000e-02  4.243992e-01
8.100000e-02  4.197613e-01
8.400000e-02  4.153119e-01
8.700000e-02  4.110371e-01
9.000000e-02  4.069246e-01
9.300000e-02  4.029631e-01
9.600000e-02  3.991427e-01
9.900000e-02  3.954541e-01
1.020000e-01  3.918891e-01
1.050000e-01  3.884402e-01
1.080000e-01  3.851004e-01
1.110000e-01  3.818634e-01
1.140000e-01  3.787233e-01
1.170000e-01  3.756750e-01
1.200000e-01  3.727134e-01
1.230000e-01  3.698340e-01
1.260000e-01  3.670326e-01
1.290000e-01  3.643052e-01
1.320000e-01  3.616484e-01
1.350000e-01  3.590586e-01
1.380000e-01  3.565328e-01
1.410000e-01  3.540679e-01
1.440000e-01  3.516614e-01
1.470000e-01  3.493105e-01
1.500000e-01  3.470130e-01
1.530000e-01  3.447665e-01
1.560000e-01  3.425689e-01
1.590000e-01  3.404182e-01
1.620000e-01  3.383125e-01
1.650000e-01  3.362502e-01
1.680000e-01  3.342294e-01
1.710000e-01  3.322486e-01
1.740000e-01  3.303063e-01
1.770000e-01  3.284012e-01
1.800000e-01  3.265318e-01
1.830000e-01  3.246968e-01
1.860000e-01  3.228952e-01
1.890000e-01  3.211257e-01
1.920000e-01  3.193872e-01
1.950000e-01  3.176787e-01
1.980000e-01  3.159992e-01
2.010000e-01  3.143478e-01
2.040000e-01  3.127235e-01
2.070000e-01  3.111256e-01
2.100000e-01  3.095532e-01
2.130000e-01  3.080054e-01
2.160000e-01  3.064816e-01
2.190000e-01  3.049811e-01
2.220000e-01  3.035030e-01
2.250000e-01  3.020470e-01
2.280000e-01  3.006121e-01
2.310000e-01  2.991979e-01
2.340000e-01  2.978038e-01
2.370000e-01  2.964293e-01
2.400000e-01  2.950737e-01
2.430000e-01  2.937366e-01
2.460000e-01  2.924175e-01
2.490000e-01  2.911159e-01
2.520000e-01  2.898313e-01
2.550000e-01  2.885633e-01
2.580000e-01  2.873116e-01
2.610000e-01  2.860756e-01
2.640000e-01  2.848550e-01
2.670000e-01  2.836494e-01
2.700000e-01  2.824584e-01
2.730000e-01  2.812817e-01
2.760000e-01  2.801189e-01
2.790000e-01  2.789698e-01
2.820000e-01  2.778339e-01
2.850000e-01  2.767110e-01
2.880000e-01  2.756008e-01
2.910000e-01  2.745029e-01
2.940000e-01  2.734172e-01
2.970000e-01  2.723433e-01
3.000000e-01  2.712810e-01
3.030000e-01  2.702301e-01
3.060000e-01  2.691902e-01
3.090000e-01  2.681611e-01
3.120000e-01  2.671426e-01
3.150000e-01  2.661345e-01
3.180000e-01  2.651366e-01
3.210000e-01  2.641487e-01
3.240000e-01  2.631704e-01
3.270000e-01  2.622018e-01
3.300000e-01  2.612424e-01
3.330000e-01  2.602923e-01
3.360000e-01  2.593511e-01
3.390000e-01  2.584187e-01
3.420000e-01  2.574950e-01
3.450000e-01  2.565797e-01
3.480000e-01  2.556727e-01
3.510000e-01  2.547739e-01
3.540000e-01  2.538830e-01
3.570000e-01  2.530000e-01
3.600000e-01  2.521247e-01
3.630000e-01  2.512569e-01
3.660000e-01  2.503965e-01
3.690000e-01  2.495433e-01
3.720000e-01  2.486973e-01
3.750000e-01  2.478584e-01
3.780000e-01  2.470263e-01
3.810000e-01  2.462009e-01
3.840000e-01  2.453822e-01
3.870000e-01  2.445700e-01
3.900000e-01  2.437642e-01
3.930000e-01  2.429647e-01
3.960000e-01  2.421714e-01
3.990000e-01  2.413842e-01
4.020000e-01  2.406030e-01
4.050000e-01  2.398276e-01
4.080000e-01  2.390580e-01
4.110000e-01  2.382940e-01
4.140000e-01  2.375357e-01
4.170000e-01  2.367829e-01
4.200000e-01  2.360354e-01
4.230000e-01  2.352933e-01
4.260000e-01  2.345564e-01
4.290000e-01  2.338246e-01
4.320000e-01  2.330979e-01
4.350000e-01  2.323761e-01
4.380000e-01  2.316593e-01
4.410000e-01  2.309473e-01
4.440000e-01  2.302400e-01
4.470000e-01  2.295374e-01
4.500000e-01  2.288394e-01
4.530000e-01  2.281459e-01
4.560000e-01  2.274569e-01
4.590000e-01  2.267722e-01
4.620000e-01  2.260919e-01
4.650000e-01  2.254158e-01
4.680000e-01  2.247439e-01
4.710000e-01  2.240761e-01
4.740000e-01  2.234124e-01
4.770000e-01  2.227527e-01
4.800000e-01  2.220970e-01
4.830000e-01  2.214451e-01
4.860000e-01  2.207970e-01
4.890000e-01  2.201528e-01
4.920000e-01  2.195122e-01
4.950000e-01  2.188753e-01
4.980000e-01  2.182420e-01
5.010000e-01  2.176122e-01
5.040000e-01  2.169859e-01
5.070000e-01  2.163631e-01
5.100000e-01  2.157437e-01
5.130000e-01  2.151277e-01
5.160000e-01  2.145149e-01
5.190000e-01  2.139054e-01
5.220000e-01  2.132991e-01
5.250000e-01  2.126960e-01
5.280000e-01  2.120960e-01
5.310000e-01  2.114990e-01
5.340000e-01  2.109051e-01
5.370000e-01  2.103142e-01
5.400000e-01  2.097263e-01
5.430000e-01  2.091412e-01
5.460000e-01  2.085590e-01
5.490000e-01  2.079796e-01
5.520000e-01  2.074030e-01
5.550000e-01  2.068292e-01
5.580000e-01  2.062580e-01
5.610000e-01  2.056896e-01
5.640000e-01  2.051237e-01
5.670000e-01  2.045605e-01
5.700000e-01  2.039998e-01
5.730000e-01  2.034417e-01
5.760000e-01  2.028860e-01
5.790000e-01  2.023328e-01
5.820000e-01  2.017820e-01
5.850000e-01  2.012336e-01
5.880000e-01  2.006875e-01
5.910000e-01  2.001438e-01
5.940000e-01  1.996024e-01
5.970000e-01  1.990632e-01
6.000000e-01  1.985262e-01
6.030000e-01  1.979915e-01
6.060000e-01  1.974589e-01
6.090000e-01  1.969284e-01
6.120000e-01  1.964000e-01
6.150000e-01  1.958738e-01
6.180000e-01  1.953495e-01
6.210000e-01  1.948273e-01
6.240000e-01  1.943071e-01
6.270000e-01  1.937888e-01
6.300000e-01  1.932725e-01
6.330000e-01  1.927581e-01
6.360000e-01  1.922456e-01
6.390000e-01  1.917349e-01
6.420000e-01  1.912260e-01
6.450000e-01  1.907190e-01
6.480000e-01  1.902137e-01
6.510000e-01  1.897102e-01
6.540000e-01  1.892084e-01
6.570000e-01  1.887083e-01
6.600000e-01  1.882098e-01
6.630000e-01  1.877131e-01
6.660000e-01  1.872179e-01
6.690000e-01  1.867244e-01
6.720000e-01  1.862324e-01
6.750000e-01  1.857420e-01
6.780000e-01  1.852531e-01
6.810000e-01  1.847658e-01
6.840000e-01  1.842799e-01
6.870000e-01  1.837955e-01
6.900000e-01  1.833125e-01
6.930000e-01  1.828309e-01
6.960000e-01  1.823508e-01
6.990000e-01  1.818720e-01
7.020000e-01  1.813945e-01
7.050000e-01  1.809184e-01
7.080000e-01  1.804436e-01
7.110000e-01  1.799701e-01
7.140000e-01  1.794979e-01
7.170000e-01  1.790269e-01
7.200000e-01  1.785571e-01
7.230000e-01  1.780885e-01
7.260000e-01  1.776212e-01
7.290000e-01  1.771550e-01
7.320000e-01  1.766899e-01
7.350000e-01  1.762259e-01
7.380000e-01  1.757631e-01
7.410000e-01  1.753013e-01
7.440000e-01  1.748406e-01
7.470000e-01  1.743809e-01
7.500000e-01  1.739223e-01
7.530000e-01  1.734646e-01
7.560000e-01  1.730080e-01
7.590000e-01  1.725523e-01
7.620000e-01  1.720975e-01
7.650000e-01  1.716437e-01
7.680000e-01  1.711908e-01
7.710000e-01  1.707387e-01
7.740000e-01  1.702875e-01
7.770000e-01  1.698372e-01
7.800000e-01  1.693877e-01
7.830000e-01  1.689390e-01
7.860000e-01  1.684911e-01
7.890000e-01  1.680439e-01
7.920000e-01  1.675975e-01
7.950000e-01  1.671518e-01
7.980000e-01  1.667069e-01
8.010000e-01  1.662626e-01
8.040000e-01  1.658190e-01
8.070000e-01  1.653761e-01
8.100000e-01  1.649337e-01
8.130000e-01  1.644920e-01
8.160000e-01  1.640509e-01
8.190000e-01  1.636104e-01
8.220000e-01  1.631704e-01
8.250000e-01  1.627309e-01
8.280000e-01  1.622920e-01
8.310000e-01  1.618535e-01
8.340000e-01  1.614156e-01
8.370000e-01  1.609780e-01
8.400000e-01  1.605409e-01
8.430000e-01  1.601043e-01
8.460000e-01  1.596680e-01
8.490000e-01  1.592320e-01
8.520000e-01  1.587965e-01
8.550000e-01  1.583612e-01
8.580000e-01  1.579263e-01
8.610000e-01  1.574917e-01
8.640000e-01  1.570573e-01
8.670000e-01  1.566232e-01
8.700000e-01  1.561892e-01
8.730000e-01  1.557555e-01
8.760000e-01  1.553220e-01
8.790000e-01  1.548886e-01
8.820000e-01  1.544554e-01
8.850000e-01  1.540222e-01
8.880000e-01  1.535892e-01
8.910000e-01  1.531562e-01
8.940000e-01  1.527232e-01
8.970000e-01  000000
9.000000e-01  000000
9.030000e-01  000000
9.060000e-01  000000
9.090000e-01  000000
9.120000e-01  000000
9.150000e-01  000000
9.180000e-01  000000
9.210000e-01  000000
9.240000e-01  000000
9.270000e-01  000000
9.300000e-01  000000
9.330000e-01  000000
9.360000e-01  000000
9.390000e-01  000000
9.420000e-01  000000
9.450000e-01  000000
9.480000e-01  000000
9.510000e-01  000000
9.540000e-01  000000
9.570000e-01  000000
9.600000e-01  000000
9.630000e-01  000000
9.660000e-01  000000
9.690000e-01  000000
9.720000e-01  000000
9.750000e-01  000000
9.780000e-01  000000
9.810000e-01  000000
9.840000e-01  000000
9.870000e-01  000000
9.900000e-01  000000
9.930000e-01  000000
9.960000e-01  000000
9.990000e-01  000000
