000000  000001
3.000000e-03  8.895911e-01
6.000000e-03  8.241594e-01
9.000000e-03  7.778605e-01
1.200000e-02  7.422158e-01
1.500000e-02  7.133580e-01
1.800000e-02  6.891951e-01
2.100000e-02  6.684677e-01
2.400000e-02  6.503595e-01
2.700000e-02  6.343115e-01
3.000000e-02  6.199245e-01
3.300000e-02  6.069035e-01
3.600000e-02  5.950249e-01
3.900000e-02  5.841148e-01
4.200000e-02  5.740358e-01
4.500000e-02  5.646772e-01
4.800000e-02  5.559488e-01
5.100000e-02  5.477758e-01
5.400000e-02  5.400960e-01
5.700000e-02  5.328567e-01
6.000000e-02  5.260132e-01
6.300000e-02  5.195271e-01
6.600000e-02  5.133651e-01
6.900000e-02  5.074984e-01
7.200000e-02  5.019017e-01
7.500000e-02  4.965529e-01
7.800000e-02  4.914321e-01
8.100000e-02  4.865222e-01
8.400000e-02  4.818073e-01
8.700000e-02  4.772736e-01
9.000000e-02  4.729086e-01
9.300000e-02  4.687010e-01
9.600000e-02  4.646405e-01
9.900000e-02  4.607177e-01
1.020000e-01  4.569244e-01
1.050000e-01  4.532527e-01
1.080000e-01  4.496956e-01
1.110000e-01  4.462466e-01
1.140000e-01  4.428996e-01
1.170000e-01  4.396494e-01
1.200000e-01  4.364907e-01
1.230000e-01  4.334188e-01
1.260000e-01  4.304295e-01
1.290000e-01  4.275186e-01
1.320000e-01  4.246824e-01
1.350000e-01  4.219174e-01
1.380000e-01  4.192204e-01
1.410000e-01  4.165883e-01
1.440000e-01  4.140181e-01
1.470000e-01  4.115073e-01
1.500000e-01  4.090534e-01
1.530000e-01  4.066539e-01
1.560000e-01  4.043066e-01
1.590000e-01  4.020095e-01
1.620000e-01  3.997606e-01
1.650000e-01  3.975581e-01
1.680000e-01  3.954000e-01
1.710000e-01  3.932849e-01
1.740000e-01  3.912111e-01
1.770000e-01  3.891771e-01
1.800000e-01  3.871816e-01
1.830000e-01  3.852231e-01
1.860000e-01  3.833004e-01
1.890000e-01  3.814124e-01
1.920000e-01  3.795577e-01
1.950000e-01  3.777354e-01
1.980000e-01  3.759444e-01
2.010000e-01  3.741836e-01
2.040000e-01  3.724523e-01
2.070000e-01  3.707493e-01
2.100000e-01  3.690739e-01
2.130000e-01  3.674252e-01
2.160000e-01  3.658024e-01
2.190000e-01  3.642048e-01
2.220000e-01  3.626317e-01
2.250000e-01  3.610823e-01
2.280000e-01  3.595560e-01
2.310000e-01  3.580521e-01
2.340000e-01  3.565700e-01
2.370000e-01  3.551091e-01
2.400000e-01  3.536689e-01
2.430000e-01  3.522488e-01
2.460000e-01  3.508482e-01
2.490000e-01  3.494667e-01
2.520000e-01  3.481038e-01
2.550000e-01  3.467590e-01
2.580000e-01  3.454318e-01
2.610000e-01  3.441219e-01
2.640000e-01  3.428287e-01
2.670000e-01  3.415520e-01
2.700000e-01  3.402912e-01
2.730000e-01  3.390461e-01
2.760000e-01  3.378161e-01
2.790000e-01  3.366011e-01
2.820000e-01  3.354007e-01
2.850000e-01  3.342144e-01
2.880000e-01  3.330421e-01
2.910000e-01  3.318833e-01
2.940000e-01  3.307379e-01
2.970000e-01  3.296054e-01
3.000000e-01  3.284857e-01
3.030000e-01  3.273784e-01
3.060000e-01  3.262833e-01
3.090000e-01  3.252001e-01
3.120000e-01  3.241286e-01
3.150000e-01  3.230686e-01
3.180000e-01  3.220197e-01
3.210000e-01  3.209818e-01
3.240000e-01  3.199547e-01
3.270000e-01  3.189381e-01
3.300000e-01  3.179318e-01
3.330000e-01  3.169357e-01
3.360000e-01  3.159495e-01
3.390000e-01  3.149731e-01
3.420000e-01  3.140062e-01
3.450000e-01  3.130487e-01
3.480000e-01  3.121004e-01
3.510000e-01  3.111611e-01
3.540000e-01  3.102307e-01
3.570000e-01  3.093090e-01
3.600000e-01  3.083958e-01
3.630000e-01  3.074910e-01
3.660000e-01  3.065945e-01
3.690000e-01  3.057061e-01
3.720000e-01  3.048256e-01
3.750000e-01  3.039529e-01
3.780000e-01  3.030879e-01
3.810000e-01  3.022305e-01
3.840000e-01  3.013805e-01
3.870000e-01  3.005377e-01
3.900000e-01  2.997022e-01
3.930000e-01  2.988737e-01
3.960000e-01  2.980521e-01
3.990000e-01  2.972373e-01
4.020000e-01  2.964293e-01
4.050000e-01  2.956278e-01
4.080000e-01  2.948329e-01
4.110000e-01  2.940443e-01
4.140000e-01  2.932620e-01
4.170000e-01  2.924859e-01
4.200000e-01  2.917160e-01
4.230000e-01  2.909520e-01
4.260000e-01  2.901939e-01
4.290000e-01  2.894416e-01
4.320000e-01  2.886950e-01
4.350000e-01  2.879542e-01
4.380000e-01  2.872188e-01
4.410000e-01  2.864889e-01
4.440000e-01  2.857644e-01
4.470000e-01  2.850453e-01
4.500000e-01  2.843313e-01
4.530000e-01  2.836225e-01
4.560000e-01  2.829188e-01
4.590000e-01  2.822201e-01
4.620000e-01  2.815264e-01
4.650000e-01  2.808375e-01
4.680000e-01  2.801534e-01
4.710000e-01  2.794741e-01
4.740000e-01  2.787994e-01
4.770000e-01  2.781293e-01
4.800000e-01  2.774638e-01
4.830000e-01  2.768027e-01
4.860000e-01  2.761460e-01
4.890000e-01  2.754937e-01
4.920000e-01  2.748457e-01
4.950000e-01  2.742019e-01
4.980000e-01  2.735624e-01
5.010000e-01  2.729269e-01
5.040000e-01  2.722955e-01
5.070000e-01  2.716682e-01
5.100000e-01  2.710448e-01
5.130000e-01  2.704253e-01
5.160000e-01  2.698097e-01
5.190000e-01  2.691979e-01
5.220000e-01  2.685898e-01
5.250000e-01  2.679855e-01
5.280000e-01  2.673849e-01
5.310000e-01  2.667879e-01
5.340000e-01  2.661944e-01
5.370000e-01  2.656045e-01
5.400000e-01  2.650181e-01
5.430000e-01  2.644352e-01
5.460000e-01  2.638556e-01
5.490000e-01  2.632795e-01
5.520000e-01  2.627066e-01
5.550000e-01  2.621370e-01
5.580000e-01  2.615707e-01
5.610000e-01  2.610076e-01
5.640000e-01  2.604477e-01
5.670000e-01  2.598908e-01
5.700000e-01  2.593371e-01
5.730000e-01  2.587865e-01
5.760000e-01  2.582388e-01
5.790000e-01  2.576942e-01
5.820000e-01  2.571525e-01
5.850000e-01  2.566137e-01
5.880000e-01  2.560778e-01
5.910000e-01  2.555448e-01
5.940000e-01  2.550146e-01
5.970000e-01  2.544871e-01
6.000000e-01  2.539625e-01
6.030000e-01  2.534405e-01
6.060000e-01  2.529213e-01
6.090000e-01  2.524047e-01
6.120000e-01  2.518908e-01
6.150000e-01  2.513795e-01
6.180000e-01  2.508707e-01
6.210000e-01  2.503645e-01
6.240000e-01  2.498608e-01
6.270000e-01  2.493597e-01
6.300000e-01  2.488610e-01
6.330000e-01  2.483647e-01
6.360000e-01  2.478708e-01
6.390000e-01  2.473794e-01
6.420000e-01  2.468903e-01
6.450000e-01  2.464035e-01
6.480000e-01  2.459191e-01
6.510000e-01  2.454370e-01
6.540000e-01  2.449571e-01
6.570000e-01  2.444795e-01
6.600000e-01  2.440041e-01
6.630000e-01  2.435309e-01
6.660000e-01  2.430599e-01
6.690000e-01  2.425910e-01
6.720000e-01  2.421243e-01
6.750000e-01  2.416596e-01
6.780000e-01  2.411971e-01
6.810000e-01  2.407366e-01
6.840000e-01  2.402782e-01
6.870000e-01  2.398218e-01
6.900000e-01  2.393674e-01
6.930000e-01  2.389150e-01
6.960000e-01  2.384646e-01
6.990000e-01  2.380161e-01
7.020000e-01  2.375696e-01
7.050000e-01  2.371249e-01
7.080000e-01  2.366821e-01
7.110000e-01  2.362413e-01
7.140000e-01  2.358022e-01
7.170000e-01  2.353650e-01
7.200000e-01  2.349297e-01
7.230000e-01  2.344961e-01
7.260000e-01  2.340643e-01
7.290000e-01  2.336343e-01
7.320000e-01  2.332060e-01
7.350000e-01  2.327795e-01
7.380000e-01  2.323547e-01
7.410000e-01  2.319316e-01
7.440000e-01  2.315101e-01
7.470000e-01  2.310904e-01
7.500000e-01  2.306723e-01
7.530000e-01  2.302558e-01
7.560000e-01  2.298409e-01
7.590000e-01  2.294277e-01
7.620000e-01  2.290161e-01
7.650000e-01  2.286060e-01
7.680000e-01  2.281975e-01
7.710000e-01  2.277905e-01
7.740000e-01  2.273851e-01
7.770000e-01  2.269812e-01
7.800000e-01  2.265788e-01
7.830000e-01  2.261780e-01
7.860000e-01  2.257785e-01
7.890000e-01  2.253806e-01
7.920000e-01  2.249841e-01
7.950000e-01  2.245891e-01
7.980000e-01  2.241954e-01
8.010000e-01  2.238032e-01
8.040000e-01  2.234124e-01
8.070000e-01  2.230230e-01
8.100000e-01  2.226350e-01
8.130000e-01  2.222483e-01
8.160000e-01  2.218630e-01
8.190000e-01  2.214791e-01
8.220000e-01  2.210964e-01
8.250000e-01  2.207151e-01
8.280000e-01  2.203351e-01
8.310000e-01  2.199564e-01
8.340000e-01  2.195789e-01
8.370000e-01  2.192028e-01
8.400000e-01  2.188279e-01
8.430000e-01  2.184542e-01
8.460000e-01  2.180818e-01
8.490000e-01  2.177107e-01
8.520000e-01  2.173407e-01
8.550000e-01  2.169720e-01
8.580000e-01  2.166044e-01
8.610000e-01  2.162381e-01
8.640000e-01  2.158729e-01
8.670000e-01  2.155089e-01
8.700000e-01  2.151460e-01
8.730000e-01  2.147843e-01
8.760000e-01  2.144237e-01
8.790000e-01  2.140643e-01
8.820000e-01  2.137060e-01
8.850000e-01  2.133488e-01
8.880000e-01  2.129927e-01
8.910000e-01  2.126377e-01
8.940000e-01  2.122837e-01
8.970000e-01  2.119309e-01
9.000000e-01  2.115791e-01
9.030000e-01  2.112283e-01
9.060000e-01  2.108786e-01
9.090000e-01  2.105300e-01
9.120000e-01  2.101823e-01
9.150000e-01  2.098357e-01
9.180000e-01  2.094901e-01
9.210000e-01  2.091456e-01
9.240000e-01  2.088020e-01
9.270000e-01  2.084594e-01
9.300000e-01  2.081177e-01
9.330000e-01  2.077771e-01
9.360000e-01  2.074374e-01
9.390000e-01  2.070986e-01
9.420000e-01  2.067609e-01
9.450000e-01  2.064240e-01
9.480000e-01  2.060881e-01
9.510000e-01  2.057531e-01
9.540000e-01  2.054190e-01
9.570000e-01  2.050858e-01
9.600000e-01  2.047536e-01
9.630000e-01  2.044222e-01
9.660000e-01  2.040917e-01
9.690000e-01  2.037621e-01
9.720000e-01  2.034333e-01
9.750000e-01  2.031055e-01
9.780000e-01  2.027785e-01
9.810000e-01  2.024523e-01
9.840000e-01  2.021270e-01
9.870000e-01  2.018025e-01
9.900000e-01  2.014788e-01
9.930000e-01  2.011560e-01
9.960000e-01  2.008340e-01
9.990000e-01  2.005128e-01
