000000  000001
3.000000e-03  9.489466e-01
6.000000e-03  9.098461e-01
9.000000e-03  8.781350e-01
1.200000e-02  8.514617e-01
1.500000e-02  8.284484e-01
1.800000e-02  8.082164e-01
2.100000e-02  7.901700e-01
2.400000e-02  7.738865e-01
2.700000e-02  7.590547e-01
3.000000e-02  7.454391e-01
3.300000e-02  7.328569e-01
3.600000e-02  7.211636e-01
3.900000e-02  7.102427e-01
4.200000e-02  6.999991e-01
4.500000e-02  6.903542e-01
4.800000e-02  6.812421e-01
5.100000e-02  6.726072e-01
5.400000e-02  6.644020e-01
5.700000e-02  6.565858e-01
6.000000e-02  6.491233e-01
6.300000e-02  6.419837e-01
6.600000e-02  6.351400e-01
6.900000e-02  6.285685e-01
7.200000e-02  6.222481e-01
7.500000e-02  6.161600e-01
7.800000e-02  6.102876e-01
8.100000e-02  6.046157e-01
8.400000e-02  5.991309e-01
8.700000e-02  5.938208e-01
9.000000e-02  5.886744e-01
9.300000e-02  5.836815e-01
9.600000e-02  5.788330e-01
9.900000e-02  5.741205e-01
1.020000e-01  5.695361e-01
1.050000e-01  5.650728e-01
1.080000e-01  5.607240e-01
1.110000e-01  5.564837e-01
1.140000e-01  5.523463e-01
1.170000e-01  5.483066e-01
1.200000e-01  5.443598e-01
1.230000e-01  5.405014e-01
1.260000e-01  5.367273e-01
1.290000e-01  5.330334e-01
1.320000e-01  5.294163e-01
1.350000e-01  5.258724e-01
1.380000e-01  5.223986e-01
1.410000e-01  5.189919e-01
1.440000e-01  5.156494e-01
1.470000e-01  5.123685e-01
1.500000e-01  5.091467e-01
1.530000e-01  5.059816e-01
1.560000e-01  5.028710e-01
1.590000e-01  4.998127e-01
1.620000e-01  4.968048e-01
1.650000e-01  4.938453e-01
1.680000e-01  4.909326e-01
1.710000e-01  4.880647e-01
1.740000e-01  4.852402e-01
1.770000e-01  4.824575e-01
1.800000e-01  4.797151e-01
1.830000e-01  4.770116e-01
1.860000e-01  4.743457e-01
1.890000e-01  4.717161e-01
1.920000e-01  4.691216e-01
1.950000e-01  4.665609e-01
1.980000e-01  4.640331e-01
2.010000e-01  4.615370e-01
2.040000e-01  4.590716e-01
2.070000e-01  4.566359e-01
2.100000e-01  4.542290e-01
2.130000e-01  4.518500e-01
2.160000e-01  4.494979e-01
2.190000e-01  4.471721e-01
2.220000e-01  4.448716e-01
2.250000e-01  4.425956e-01
2.280000e-01  4.403435e-01
2.310000e-01  4.381145e-01
2.340000e-01  4.359080e-01
2.370000e-01  4.337231e-01
2.400000e-01  4.315594e-01
2.430000e-01  4.294161e-01
2.460000e-01  4.272927e-01
2.490000e-01  4.251886e-01
2.520000e-01  4.231031e-01
2.550000e-01  4.210358e-01
2.580000e-01  4.189862e-01
2.610000e-01  4.169536e-01
2.640000e-01  4.149376e-01
2.670000e-01  4.129377e-01
2.700000e-01  4.109534e-01
2.730000e-01  4.089843e-01
2.760000e-01  4.070298e-01
2.790000e-01  4.050896e-01
2.820000e-01  4.031633e-01
2.850000e-01  4.012504e-01
2.880000e-01  3.993504e-01
2.910000e-01  3.974631e-01
2.940000e-01  3.955879e-01
2.970000e-01  3.937246e-01
3.000000e-01  3.918727e-01
3.030000e-01  3.900319e-01
3.060000e-01  3.882018e-01
3.090000e-01  3.863820e-01
3.120000e-01  3.845723e-01
3.150000e-01  3.827722e-01
3.180000e-01  3.809814e-01
3.210000e-01  3.791996e-01
3.240000e-01  3.774265e-01
3.270000e-01  3.756617e-01
3.300000e-01  3.739049e-01
3.330000e-01  3.721558e-01
3.360000e-01  3.704141e-01
3.390000e-01  3.686794e-01
3.420000e-01  3.669514e-01
3.450000e-01  3.652299e-01
3.480000e-01  3.635146e-01
3.510000e-01  3.618050e-01
3.540000e-01  3.601010e-01
3.570000e-01  3.584022e-01
3.600000e-01  3.567083e-01
3.630000e-01  3.550189e-01
3.660000e-01  3.533339e-01
3.690000e-01  3.516529e-01
3.720000e-01  3.499755e-01
3.750000e-01  3.483015e-01
3.780000e-01  3.466305e-01
3.810000e-01  3.449623e-01
3.840000e-01  3.432964e-01
3.870000e-01  3.416327e-01
3.900000e-01  3.399707e-01
3.930000e-01  3.383101e-01
3.960000e-01  3.366506e-01
3.990000e-01  3.349918e-01
4.020000e-01  000000
4.050000e-01  000000
4.080000e-01  000000
4.110000e-01  000000
4.140000e-01  000000
4.170000e-01  000000
4.200000e-01  000000
4.230000e-01  000000
4.260000e-01  000000
4.290000e-01  000000
4.320000e-01  000000
4.350000e-01  000000
4.380000e-01  000000
4.410000e-01  000000
4.440000e-01  000000
4.470000e-01  000000
4.500000e-01  000000
4.530000e-01  000000
4.560000e-01  000000
4.590000e-01  000000
4.620000e-01  000000
4.650000e-01  000000
4.680000e-01  000000
4.710000e-01  000000
4.740000e-01  000000
4.770000e-01  000000
4.800000e-01  000000
4.830000e-01  000000
4.860000e-01  000000
4.890000e-01  000000
4.920000e-01  000000
4.950000e-01  000000
4.980000e-01  000000
5.010000e-01  000000
5.040000e-01  000000
5.070000e-01  000000
5.100000e-01  000000
5.130000e-01  000000
5.160000e-01  000000
5.190000e-01  000000
5.220000e-01  000000
5.250000e-01  000000
5.280000e-01  000000
5.310000e-01  000000
5.340000e-01  000000
5.370000e-01  000000
5.400000e-01  000000
5.430000e-01  000000
5.460000e-01  000000
5.490000e-01  000000
5.520000e-01  000000
5.550000e-01  000000
5.580000e-01  000000
5.610000e-01  000000
5.640000e-01  000000
5.670000e-01  000000
5.700000e-01  000000
5.730000e-01  000000
5.760000e-01  000000
5.790000e-01  000000
5.820000e-01  000000
5.850000e-01  000000
5.880000e-01  000000
5.910000e-01  000000
5.940000e-01  000000
5.970000e-01  000000
6.000000e-01  000000
6.030000e-01  000000
6.060000e-01  000000
6.090000e-01  000000
6.120000e-01  000000
6.150000e-01  000000
6.180000e-01  000000
6.210000e-01  000000
6.240000e-01  000000
6.270000e-01  000000
6.300000e-01  000000
6.330000e-01  000000
6.360000e-01  000000
6.390000e-01  000000
6.420000e-01  000000
6.450000e-01  000000
6.480000e-01  000000
6.510000e-01  000000
6.540000e-01  000000
6.570000e-01  000000
6.600000e-01  000000
6.630000e-01  000000
6.660000e-01  000000
6.690000e-01  000000
6.720000e-01  000000
6.750000e-01  000000
6.780000e-01  000000
6.810000e-01  000000
6.840000e-01  000000
6.870000e-01  000000
6.900000e-01  000000
6.930000e-01  000000
6.960000e-01  000000
6.990000e-01  000000
7.020000e-01  000000
7.050000e-01  000000
7.080000e-01  000000
7.110000e-01  000000
7.140000e-01  000000
7.170000e-01  000000
7.200000e-01  000000
7.230000e-01  000000
7.260000e-01  000000
7.290000e-01  000000
7.320000e-01  000000
7.350000e-01  000000
7.380000e-01  000000
7.410000e-01  000000
7.440000e-01  000000
7.470000e-01  000000
7.500000e-01  000000
7.530000e-01  000000
7.560000e-01  000000
7.590000e-01  000000
7.620000e-01  000000
7.650000e-01  000000
7.680000e-01  000000
7.710000e-01  000000
7.740000e-01  000000
7.770000e-01  000000
7.800000e-01  000000
7.830000e-01  000000
7.860000e-01  000000
7.890000e-01  000000
7.920000e-01  000000
7.950000e-01  000000
7.980000e-01  000000
8.010000e-01  000000
8.040000e-01  000000
8.070000e-01  000000
8.100000e-01  000000
8.130000e-01  000000
8.160000e-01  000000
8.190000e-01  000000
8.220000e-01  000000
8.250000e-01  000000
8.280000e-01  000000
8.310000e-01  000000
8.340000e-01  000000
8.370000e-01  000000
8.400000e-01  000000
8.430000e-01  000000
8.460000e-01  000000
8.490000e-01  000000
8.520000e-01  000000
8.550000e-01  000000
8.580000e-01  000000
8.610000e-01  000000
8.640000e-01  000000
8.670000e-01  000000
8.700000e-01  000000
8.730000e-01  000000
8.760000e-01  000000
8.790000e-01  000000
8.820000e-01  000000
8.850000e-01  000000
8.880000e-01  000000
8.910000e-01  000000
8.940000e-01  000000
8.970000e-01  000000
9.000000e-01  000000
9.030000e-01  000000
9.060000e-01  000000
9.090000e-01  000000
9.120000e-01  000000
9.150000e-01  000000
9.180000e-01  000000
9.210000e-01  000000
9.240000e-01  000000
9.270000e-01  000000
9.300000e-01  000000
9.330000e-01  000000
9.360000e-01  000000
9.390000e-01  000000
9.420000e-01  000000
9.450000e-01  000000
9.480000e-01  000000
9.510000e-01  000000
9.540000e-01  000000
9.570000e-01  000000
9.600000e-01  000000
9.630000e-01  000000
9.660000e-01  000000
9.690000e-01  000000
9.720000e-01  000000
9.750000e-01  000000
9.780000e-01  000000
9.810000e-01  000000
9.840000e-01  000000
9.870000e-01  000000
9.900000e-01  000000
9.930000e-01  000000
9.960000e-01  000000
9.990000e-01  000000
