000000  000001
3.000000e-03  9.729092e-01
6.000000e-03  9.495951e-01
9.000000e-03  9.291246e-01
1.200000e-02  9.108755e-01
1.500000e-02  8.944118e-01
1.800000e-02  8.794151e-01
2.100000e-02  8.656458e-01
2.400000e-02  8.529189e-01
2.700000e-02  8.410884e-01
3.000000e-02  8.300371e-01
3.300000e-02  8.196694e-01
3.600000e-02  8.099064e-01
3.900000e-02  8.006819e-01
4.200000e-02  7.919402e-01
4.500000e-02  7.836337e-01
4.800000e-02  7.757216e-01
5.100000e-02  7.681684e-01
5.400000e-02  7.609434e-01
5.700000e-02  7.540194e-01
6.000000e-02  7.473727e-01
6.300000e-02  7.409820e-01
6.600000e-02  7.348286e-01
6.900000e-02  7.288956e-01
7.200000e-02  7.231680e-01
7.500000e-02  7.176321e-01
7.800000e-02  7.122755e-01
8.100000e-02  7.070871e-01
8.400000e-02  7.020568e-01
8.700000e-02  6.971752e-01
9.000000e-02  6.924338e-01
9.300000e-02  6.878249e-01
9.600000e-02  6.833413e-01
9.900000e-02  6.789763e-01
1.020000e-01  6.747239e-01
1.050000e-01  6.705784e-01
1.080000e-01  6.665346e-01
1.110000e-01  6.625875e-01
1.140000e-01  6.587327e-01
1.170000e-01  6.549660e-01
1.200000e-01  6.512833e-01
1.230000e-01  6.476811e-01
1.260000e-01  6.441558e-01
1.290000e-01  6.407042e-01
1.320000e-01  6.373233e-01
1.350000e-01  6.340101e-01
1.380000e-01  6.307621e-01
1.410000e-01  6.275766e-01
1.440000e-01  6.244514e-01
1.470000e-01  6.213840e-01
1.500000e-01  6.183724e-01
1.530000e-01  6.154145e-01
1.560000e-01  6.125085e-01
1.590000e-01  6.096524e-01
1.620000e-01  6.068447e-01
1.650000e-01  6.040836e-01
1.680000e-01  6.013675e-01
1.710000e-01  5.986950e-01
1.740000e-01  5.960647e-01
1.770000e-01  5.934753e-01
1.800000e-01  5.909253e-01
1.830000e-01  5.884137e-01
1.860000e-01  5.859392e-01
1.890000e-01  5.835008e-01
1.920000e-01  5.810972e-01
1.950000e-01  5.787276e-01
1.980000e-01  5.763910e-01
2.010000e-01  5.740863e-01
2.040000e-01  5.718127e-01
2.070000e-01  5.695693e-01
2.100000e-01  5.673553e-01
2.130000e-01  5.651699e-01
2.160000e-01  5.630124e-01
2.190000e-01  5.608819e-01
2.220000e-01  5.587778e-01
2.250000e-01  5.566994e-01
2.280000e-01  5.546460e-01
2.310000e-01  5.526170e-01
2.340000e-01  5.506118e-01
2.370000e-01  5.486298e-01
2.400000e-01  5.466705e-01
2.430000e-01  5.447332e-01
2.460000e-01  5.428174e-01
2.490000e-01  5.409228e-01
2.520000e-01  5.390486e-01
2.550000e-01  5.371945e-01
2.580000e-01  5.353601e-01
2.610000e-01  5.335448e-01
2.640000e-01  5.317482e-01
2.670000e-01  5.299700e-01
2.700000e-01  5.282096e-01
2.730000e-01  5.264667e-01
2.760000e-01  5.247410e-01
2.790000e-01  5.230321e-01
2.820000e-01  5.213395e-01
2.850000e-01  5.196631e-01
2.880000e-01  5.180023e-01
2.910000e-01  5.163569e-01
2.940000e-01  5.147266e-01
2.970000e-01  5.131111e-01
3.000000e-01  5.115101e-01
3.030000e-01  5.099232e-01
3.060000e-01  5.083502e-01
3.090000e-01  5.067909e-01
3.120000e-01  5.052449e-01
3.150000e-01  5.037120e-01
3.180000e-01  5.021919e-01
3.210000e-01  5.006845e-01
3.240000e-01  4.991894e-01
3.270000e-01  4.977064e-01
3.300000e-01  4.962353e-01
3.330000e-01  4.947759e-01
3.360000e-01  4.933280e-01
3.390000e-01  4.918913e-01
3.420000e-01  4.904656e-01
3.450000e-01  4.890508e-01
3.480000e-01  4.876467e-01
3.510000e-01  4.862530e-01
3.540000e-01  4.848696e-01
3.570000e-01  4.834962e-01
3.600000e-01  4.821328e-01
3.630000e-01  4.807791e-01
3.660000e-01  4.794350e-01
3.690000e-01  4.781003e-01
3.720000e-01  4.767749e-01
3.750000e-01  4.754586e-01
3.780000e-01  4.741511e-01
3.810000e-01  4.728525e-01
3.840000e-01  4.715625e-01
3.870000e-01  4.702810e-01
3.900000e-01  4.690079e-01
3.930000e-01  4.677430e-01
3.960000e-01  4.664861e-01
3.990000e-01  4.652372e-01
4.020000e-01  4.639962e-01
4.050000e-01  4.627628e-01
4.080000e-01  4.615370e-01
4.110000e-01  4.603187e-01
4.140000e-01  4.591076e-01
4.170000e-01  4.579038e-01
4.200000e-01  4.567071e-01
4.230000e-01  4.555174e-01
4.260000e-01  4.543346e-01
4.290000e-01  4.531586e-01
4.320000e-01  4.519892e-01
4.350000e-01  4.508263e-01
4.380000e-01  4.496700e-01
4.410000e-01  4.485200e-01
4.440000e-01  4.473763e-01
4.470000e-01  4.462387e-01
4.500000e-01  4.451072e-01
4.530000e-01  4.439817e-01
4.560000e-01  4.428621e-01
4.590000e-01  4.417483e-01
4.620000e-01  4.406402e-01
4.650000e-01  4.395378e-01
4.680000e-01  4.384409e-01
4.710000e-01  4.373495e-01
4.740000e-01  4.362634e-01
4.770000e-01  4.351827e-01
4.800000e-01  4.341071e-01
4.830000e-01  4.330368e-01
4.860000e-01  4.319714e-01
4.890000e-01  4.309111e-01
4.920000e-01  4.298557e-01
4.950000e-01  4.288052e-01
4.980000e-01  4.277594e-01
5.010000e-01  4.267184e-01
5.040000e-01  4.256820e-01
5.070000e-01  4.246501e-01
5.100000e-01  4.236228e-01
5.130000e-01  4.225999e-01
5.160000e-01  4.215813e-01
5.190000e-01  4.205671e-01
5.220000e-01  4.195571e-01
5.250000e-01  4.185513e-01
5.280000e-01  4.175497e-01
5.310000e-01  4.165520e-01
5.340000e-01  4.155584e-01
5.370000e-01  4.145688e-01
5.400000e-01  4.135830e-01
5.430000e-01  4.126010e-01
5.460000e-01  4.116228e-01
5.490000e-01  4.106484e-01
5.520000e-01  4.096775e-01
5.550000e-01  4.087103e-01
5.580000e-01  4.077467e-01
5.610000e-01  4.067865e-01
5.640000e-01  4.058298e-01
5.670000e-01  4.048765e-01
5.700000e-01  4.039265e-01
5.730000e-01  4.029799e-01
5.760000e-01  4.020364e-01
5.790000e-01  4.010962e-01
5.820000e-01  4.001591e-01
5.850000e-01  3.992251e-01
5.880000e-01  3.982942e-01
5.910000e-01  3.973663e-01
5.940000e-01  3.964413e-01
5.970000e-01  3.955192e-01
6.000000e-01  3.946000e-01
6.030000e-01  3.936836e-01
6.060000e-01  3.927700e-01
6.090000e-01  3.918591e-01
6.120000e-01  3.909509e-01
6.150000e-01  3.900454e-01
6.180000e-01  3.891424e-01
6.210000e-01  3.882421e-01
6.240000e-01  3.873442e-01
6.270000e-01  3.864488e-01
6.300000e-01  3.855558e-01
6.330000e-01  3.846652e-01
6.360000e-01  3.837770e-01
6.390000e-01  3.828910e-01
6.420000e-01  3.820074e-01
6.450000e-01  3.811259e-01
6.480000e-01  3.802467e-01
6.510000e-01  3.793696e-01
6.540000e-01  3.784946e-01
6.570000e-01  3.776217e-01
6.600000e-01  3.767508e-01
6.630000e-01  3.758819e-01
6.660000e-01  3.750149e-01
6.690000e-01  3.741499e-01
6.720000e-01  3.732867e-01
6.750000e-01  3.724254e-01
6.780000e-01  3.715659e-01
6.810000e-01  3.707081e-01
6.840000e-01  3.698521e-01
6.870000e-01  3.689977e-01
6.900000e-01  3.681450e-01
6.930000e-01  3.672940e-01
6.960000e-01  3.664445e-01
6.990000e-01  3.655965e-01
7.020000e-01  3.647500e-01
7.050000e-01  3.639050e-01
7.080000e-01  3.630615e-01
7.110000e-01  3.622193e-01
7.140000e-01  3.613785e-01
7.170000e-01  3.605390e-01
7.200000e-01  3.597008e-01
7.230000e-01  3.588639e-01
7.260000e-01  3.580281e-01
7.290000e-01  3.571935e-01
7.320000e-01  3.563601e-01
7.350000e-01  3.555277e-01
7.380000e-01  3.546965e-01
7.410000e-01  3.538662e-01
7.440000e-01  3.530370e-01
7.470000e-01  3.522087e-01
7.500000e-01  3.513813e-01
7.530000e-01  3.505548e-01
7.560000e-01  3.497291e-01
7.590000e-01  3.489042e-01
7.620000e-01  3.480802e-01
7.650000e-01  3.472568e-01
7.680000e-01  3.464341e-01
7.710000e-01  3.456121e-01
7.740000e-01  3.447907e-01
7.770000e-01  3.439699e-01
7.800000e-01  3.431496e-01
7.830000e-01  3.423298e-01
7.860000e-01  3.415104e-01
7.890000e-01  3.406915e-01
7.920000e-01  3.398730e-01
7.950000e-01  3.390548e-01
7.980000e-01  3.382369e-01
8.010000e-01  3.374192e-01
8.040000e-01  3.366018e-01
8.070000e-01  3.357845e-01
8.100000e-01  3.349674e-01
8.130000e-01  3.341503e-01
8.160000e-01  000000
8.190000e-01  000000
8.220000e-01  000000
8.250000e-01  000000
8.280000e-01  000000
8.310000e-01  000000
8.340000e-01  000000
8.370000e-01  000000
8.400000e-01  000000
8.430000e-01  000000
8.460000e-01  000000
8.490000e-01  000000
8.520000e-01  000000
8.550000e-01  000000
8.580000e-01  000000
8.610000e-01  000000
8.640000e-01  000000
8.670000e-01  000000
8.700000e-01  000000
8.730000e-01  000000
8.760000e-01  000000
8.790000e-01  000000
8.820000e-01  000000
8.850000e-01  000000
8.880000e-01  000000
8.910000e-01  000000
8.940000e-01  000000
8.970000e-01  000000
9.000000e-01  000000
9.030000e-01  000000
9.060000e-01  000000
9.090000e-01  000000
9.120000e-01  000000
9.150000e-01  000000
9.180000e-01  000000
9.210000e-01  000000
9.240000e-01  000000
9.270000e-01  000000
9.300000e-01  000000
9.330000e-01  000000
9.360000e-01  000000
9.390000e-01  000000
9.420000e-01  000000
9.450000e-01  000000
9.480000e-01  000000
9.510000e-01  000000
9.540000e-01  000000
9.570000e-01  000000
9.600000e-01  000000
9.630000e-01  000000
9.660000e-01  000000
9.690000e-01  000000
9.720000e-01  000000
9.750000e-01  000000
9.780000e-01  000000
9.810000e-01  000000
9.840000e-01  000000
9.870000e-01  000000
9.900000e-01  000000
9.930000e-01  000000
9.960000e-01  000000
9.990000e-01  000000
