000000  000001
3.000000e-03  9.752600e-01
6.000000e-03  9.537085e-01
9.000000e-03  9.346098e-01
1.200000e-02  9.174594e-01
1.500000e-02  9.018951e-01
1.800000e-02  8.876482e-01
2.100000e-02  8.745131e-01
2.400000e-02  8.623294e-01
2.700000e-02  8.509691e-01
3.000000e-02  8.403286e-01
3.300000e-02  8.303226e-01
3.600000e-02  8.208802e-01
3.900000e-02  8.119419e-01
4.200000e-02  8.034570e-01
4.500000e-02  7.953822e-01
4.800000e-02  7.876799e-01
5.100000e-02  7.803177e-01
5.400000e-02  7.732671e-01
5.700000e-02  7.665030e-01
6.000000e-02  7.600033e-01
6.300000e-02  7.537484e-01
6.600000e-02  7.477205e-01
6.900000e-02  7.419040e-01
7.200000e-02  7.362847e-01
7.500000e-02  7.308498e-01
7.800000e-02  7.255876e-01
8.100000e-02  7.204876e-01
8.400000e-02  7.155402e-01
8.700000e-02  7.107366e-01
9.000000e-02  7.060687e-01
9.300000e-02  7.015292e-01
9.600000e-02  6.971111e-01
9.900000e-02  6.928082e-01
1.020000e-01  6.886146e-01
1.050000e-01  6.845251e-01
1.080000e-01  6.805344e-01
1.110000e-01  6.766381e-01
1.140000e-01  6.728317e-01
1.170000e-01  6.691112e-01
1.200000e-01  6.654727e-01
1.230000e-01  6.619129e-01
1.260000e-01  6.584282e-01
1.290000e-01  6.550157e-01
1.320000e-01  6.516723e-01
1.350000e-01  6.483953e-01
1.380000e-01  6.451821e-01
1.410000e-01  6.420303e-01
1.440000e-01  6.389375e-01
1.470000e-01  6.359015e-01
1.500000e-01  6.329203e-01
1.530000e-01  6.299920e-01
1.560000e-01  6.271146e-01
1.590000e-01  6.242863e-01
1.620000e-01  6.215056e-01
1.650000e-01  6.187708e-01
1.680000e-01  6.160804e-01
1.710000e-01  6.134329e-01
1.740000e-01  6.108270e-01
1.770000e-01  6.082614e-01
1.800000e-01  6.057347e-01
1.830000e-01  6.032459e-01
1.860000e-01  6.007938e-01
1.890000e-01  5.983772e-01
1.920000e-01  5.959952e-01
1.950000e-01  5.936467e-01
1.980000e-01  5.913307e-01
2.010000e-01  5.890464e-01
2.040000e-01  5.867929e-01
2.070000e-01  5.845693e-01
2.100000e-01  5.823748e-01
2.130000e-01  5.802087e-01
2.160000e-01  5.780701e-01
2.190000e-01  5.759584e-01
2.220000e-01  5.738728e-01
2.250000e-01  5.718127e-01
2.280000e-01  5.697774e-01
2.310000e-01  5.677664e-01
2.340000e-01  5.657790e-01
2.370000e-01  5.638147e-01
2.400000e-01  5.618728e-01
2.430000e-01  5.599529e-01
2.460000e-01  5.580544e-01
2.490000e-01  5.561768e-01
2.520000e-01  5.543197e-01
2.550000e-01  5.524826e-01
2.580000e-01  5.506650e-01
2.610000e-01  5.488665e-01
2.640000e-01  5.470866e-01
2.670000e-01  5.453250e-01
2.700000e-01  5.435812e-01
2.730000e-01  5.418549e-01
2.760000e-01  5.401457e-01
2.790000e-01  5.384532e-01
2.820000e-01  5.367770e-01
2.850000e-01  5.351169e-01
2.880000e-01  5.334726e-01
2.910000e-01  5.318436e-01
2.940000e-01  5.302296e-01
2.970000e-01  5.286305e-01
3.000000e-01  5.270458e-01
3.030000e-01  5.254753e-01
3.060000e-01  5.239187e-01
3.090000e-01  5.223757e-01
3.120000e-01  5.208461e-01
3.150000e-01  5.193297e-01
3.180000e-01  5.178261e-01
3.210000e-01  5.163351e-01
3.240000e-01  5.148565e-01
3.270000e-01  5.133901e-01
3.300000e-01  5.119356e-01
3.330000e-01  5.104928e-01
3.360000e-01  5.090616e-01
3.390000e-01  5.076416e-01
3.420000e-01  5.062328e-01
3.450000e-01  5.048348e-01
3.480000e-01  5.034476e-01
3.510000e-01  5.020709e-01
3.540000e-01  5.007045e-01
3.570000e-01  4.993483e-01
3.600000e-01  4.980020e-01
3.630000e-01  4.966656e-01
3.660000e-01  4.953389e-01
3.690000e-01  4.940216e-01
3.720000e-01  4.927136e-01
3.750000e-01  4.914148e-01
3.780000e-01  4.901251e-01
3.810000e-01  4.888442e-01
3.840000e-01  4.875721e-01
3.870000e-01  4.863085e-01
3.900000e-01  4.850534e-01
3.930000e-01  4.838066e-01
3.960000e-01  4.825680e-01
3.990000e-01  4.813375e-01
4.020000e-01  4.801149e-01
4.050000e-01  4.789000e-01
4.080000e-01  4.776929e-01
4.110000e-01  4.764933e-01
4.140000e-01  4.753012e-01
4.170000e-01  4.741164e-01
4.200000e-01  4.729388e-01
4.230000e-01  4.717683e-01
4.260000e-01  4.706049e-01
4.290000e-01  4.694483e-01
4.320000e-01  4.682985e-01
4.350000e-01  4.671554e-01
4.380000e-01  4.660189e-01
4.410000e-01  4.648890e-01
4.440000e-01  4.637654e-01
4.470000e-01  4.626481e-01
4.500000e-01  4.615370e-01
4.530000e-01  4.604321e-01
4.560000e-01  4.593331e-01
4.590000e-01  4.582402e-01
4.620000e-01  4.571531e-01
4.650000e-01  4.560718e-01
4.680000e-01  4.549961e-01
4.710000e-01  4.539261e-01
4.740000e-01  4.528617e-01
4.770000e-01  4.518027e-01
4.800000e-01  4.507491e-01
4.830000e-01  4.497007e-01
4.860000e-01  4.486577e-01
4.890000e-01  4.476197e-01
4.920000e-01  4.465869e-01
4.950000e-01  4.455591e-01
4.980000e-01  4.445362e-01
5.010000e-01  4.435182e-01
5.040000e-01  4.425051e-01
5.070000e-01  4.414967e-01
5.100000e-01  4.404929e-01
5.130000e-01  4.394938e-01
5.160000e-01  4.384993e-01
5.190000e-01  4.375092e-01
5.220000e-01  4.365236e-01
5.250000e-01  4.355423e-01
5.280000e-01  4.345654e-01
5.310000e-01  4.335927e-01
5.340000e-01  4.326242e-01
5.370000e-01  4.316599e-01
5.400000e-01  4.306997e-01
5.430000e-01  4.297435e-01
5.460000e-01  4.287912e-01
5.490000e-01  4.278429e-01
5.520000e-01  4.268985e-01
5.550000e-01  4.259579e-01
5.580000e-01  4.250211e-01
5.610000e-01  4.240879e-01
5.640000e-01  4.231585e-01
5.670000e-01  4.222327e-01
5.700000e-01  4.213104e-01
5.730000e-01  4.203917e-01
5.760000e-01  4.194765e-01
5.790000e-01  4.185647e-01
5.820000e-01  4.176563e-01
5.850000e-01  4.167512e-01
5.880000e-01  4.158495e-01
5.910000e-01  4.149510e-01
5.940000e-01  4.140557e-01
5.970000e-01  4.131635e-01
6.000000e-01  4.122745e-01
6.030000e-01  4.113886e-01
6.060000e-01  4.105057e-01
6.090000e-01  4.096259e-01
6.120000e-01  4.087490e-01
6.150000e-01  4.078750e-01
6.180000e-01  4.070039e-01
6.210000e-01  4.061356e-01
6.240000e-01  4.052701e-01
6.270000e-01  4.044074e-01
6.300000e-01  4.035475e-01
6.330000e-01  4.026902e-01
6.360000e-01  4.018356e-01
6.390000e-01  4.009836e-01
6.420000e-01  4.001342e-01
6.450000e-01  3.992873e-01
6.480000e-01  3.984429e-01
6.510000e-01  3.976011e-01
6.540000e-01  3.967616e-01
6.570000e-01  3.959246e-01
6.600000e-01  3.950899e-01
6.630000e-01  3.942576e-01
6.660000e-01  3.934275e-01
6.690000e-01  3.925998e-01
6.720000e-01  3.917743e-01
6.750000e-01  3.909509e-01
6.780000e-01  3.901298e-01
6.810000e-01  3.893108e-01
6.840000e-01  3.884939e-01
6.870000e-01  3.876791e-01
6.900000e-01  3.868663e-01
6.930000e-01  3.860556e-01
6.960000e-01  3.852468e-01
6.990000e-01  3.844400e-01
7.020000e-01  3.836351e-01
7.050000e-01  3.828321e-01
7.080000e-01  3.820309e-01
7.110000e-01  3.812316e-01
7.140000e-01  3.804341e-01
7.170000e-01  3.796383e-01
7.200000e-01  3.788443e-01
7.230000e-01  3.780521e-01
7.260000e-01  3.772614e-01
7.290000e-01  3.764725e-01
7.320000e-01  3.756852e-01
7.350000e-01  3.748995e-01
7.380000e-01  3.741153e-01
7.410000e-01  3.733327e-01
7.440000e-01  3.725516e-01
7.470000e-01  3.717720e-01
7.500000e-01  3.709938e-01
7.530000e-01  3.702171e-01
7.560000e-01  3.694418e-01
7.590000e-01  3.686678e-01
7.620000e-01  3.678952e-01
7.650000e-01  3.671239e-01
7.680000e-01  3.663539e-01
7.710000e-01  3.655852e-01
7.740000e-01  3.648177e-01
7.770000e-01  3.640514e-01
7.800000e-01  3.632863e-01
7.830000e-01  3.625223e-01
7.860000e-01  3.617595e-01
7.890000e-01  3.609978e-01
7.920000e-01  3.602371e-01
7.950000e-01  3.594775e-01
7.980000e-01  3.587189e-01
8.010000e-01  3.579613e-01
8.040000e-01  3.572046e-01
8.070000e-01  3.564489e-01
8.100000e-01  3.556941e-01
8.130000e-01  3.549402e-01
8.160000e-01  3.541871e-01
8.190000e-01  3.534349e-01
8.220000e-01  3.526834e-01
8.250000e-01  3.519328e-01
8.280000e-01  3.511828e-01
8.310000e-01  3.504336e-01
8.340000e-01  3.496851e-01
8.370000e-01  3.489372e-01
8.400000e-01  3.481900e-01
8.430000e-01  3.474434e-01
8.460000e-01  3.466973e-01
8.490000e-01  3.459518e-01
8.520000e-01  3.452068e-01
8.550000e-01  3.444623e-01
8.580000e-01  3.437182e-01
8.610000e-01  3.429746e-01
8.640000e-01  3.422314e-01
8.670000e-01  3.414886e-01
8.700000e-01  3.407461e-01
8.730000e-01  3.400039e-01
8.760000e-01  3.392620e-01
8.790000e-01  3.385204e-01
8.820000e-01  3.377789e-01
8.850000e-01  3.370377e-01
8.880000e-01  3.362966e-01
8.910000e-01  3.355557e-01
8.940000e-01  3.348149e-01
8.970000e-01  3.340741e-01
9.000000e-01  000000
9.030000e-01  000000
9.060000e-01  000000
9.090000e-01  000000
9.120000e-01  000000
9.150000e-01  000000
9.180000e-01  000000
9.210000e-01  000000
9.240000e-01  000000
9.270000e-01  000000
9.300000e-01  000000
9.330000e-01  000000
9.360000e-01  000000
9.390000e-01  000000
9.420000e-01  000000
9.450000e-01  000000
9.480000e-01  000000
9.510000e-01  000000
9.540000e-01  000000
9.570000e-01  000000
9.600000e-01  000000
9.630000e-01  000000
9.660000e-01  000000
9.690000e-01  000000
9.720000e-01  000000
9.750000e-01  000000
9.780000e-01  000000
9.810000e-01  000000
9.840000e-01  000000
9.870000e-01  000000
9.900000e-01  000000
9.930000e-01  000000
9.960000e-01  000000
9.990000e-01  000000
