000000  000001
3.000000e-03  9.665470e-01
6.000000e-03  9.386705e-01
9.000000e-03  9.147634e-01
1.200000e-02  8.938319e-01
1.500000e-02  8.752165e-01
1.800000e-02  8.584567e-01
2.100000e-02  8.432173e-01
2.400000e-02  8.292468e-01
2.700000e-02  8.163514e-01
3.000000e-02  8.043788e-01
3.300000e-02  7.932067e-01
3.600000e-02  7.827358e-01
3.900000e-02  7.728840e-01
4.200000e-02  7.635829e-01
4.500000e-02  7.547746e-01
4.800000e-02  7.464102e-01
5.100000e-02  7.384474e-01
5.400000e-02  7.308498e-01
5.700000e-02  7.235855e-01
6.000000e-02  7.166269e-01
6.300000e-02  7.099494e-01
6.600000e-02  7.035314e-01
6.900000e-02  6.973534e-01
7.200000e-02  6.913985e-01
7.500000e-02  6.856509e-01
7.800000e-02  6.800969e-01
8.100000e-02  6.747239e-01
8.400000e-02  6.695204e-01
8.700000e-02  6.644762e-01
9.000000e-02  6.595816e-01
9.300000e-02  6.548281e-01
9.600000e-02  6.502078e-01
9.900000e-02  6.457133e-01
1.020000e-01  6.413380e-01
1.050000e-01  6.370756e-01
1.080000e-01  6.329203e-01
1.110000e-01  6.288670e-01
1.140000e-01  6.249107e-01
1.170000e-01  6.210466e-01
1.200000e-01  6.172707e-01
1.230000e-01  6.135789e-01
1.260000e-01  6.099674e-01
1.290000e-01  6.064327e-01
1.320000e-01  6.029717e-01
1.350000e-01  5.995811e-01
1.380000e-01  5.962582e-01
1.410000e-01  5.930001e-01
1.440000e-01  5.898044e-01
1.470000e-01  5.866686e-01
1.500000e-01  5.835905e-01
1.530000e-01  5.805678e-01
1.560000e-01  5.775985e-01
1.590000e-01  5.746808e-01
1.620000e-01  5.718127e-01
1.650000e-01  5.689925e-01
1.680000e-01  5.662187e-01
1.710000e-01  5.634895e-01
1.740000e-01  5.608035e-01
1.770000e-01  5.581593e-01
1.800000e-01  5.555556e-01
1.830000e-01  5.529909e-01
1.860000e-01  5.504642e-01
1.890000e-01  5.479742e-01
1.920000e-01  5.455198e-01
1.950000e-01  5.430999e-01
1.980000e-01  5.407135e-01
2.010000e-01  5.383596e-01
2.040000e-01  5.360373e-01
2.070000e-01  5.337456e-01
2.100000e-01  5.314836e-01
2.130000e-01  5.292506e-01
2.160000e-01  5.270458e-01
2.190000e-01  5.248683e-01
2.220000e-01  5.227174e-01
2.250000e-01  5.205925e-01
2.280000e-01  5.184927e-01
2.310000e-01  5.164176e-01
2.340000e-01  5.143664e-01
2.370000e-01  5.123384e-01
2.400000e-01  5.103333e-01
2.430000e-01  5.083502e-01
2.460000e-01  5.063888e-01
2.490000e-01  5.044484e-01
2.520000e-01  5.025286e-01
2.550000e-01  5.006289e-01
2.580000e-01  4.987487e-01
2.610000e-01  4.968877e-01
2.640000e-01  4.950453e-01
2.670000e-01  4.932212e-01
2.700000e-01  4.914148e-01
2.730000e-01  4.896259e-01
2.760000e-01  4.878540e-01
2.790000e-01  4.860988e-01
2.820000e-01  4.843597e-01
2.850000e-01  4.826366e-01
2.880000e-01  4.809291e-01
2.910000e-01  4.792367e-01
2.940000e-01  4.775592e-01
2.970000e-01  4.758963e-01
3.000000e-01  4.742477e-01
3.030000e-01  4.726130e-01
3.060000e-01  4.709919e-01
3.090000e-01  4.693842e-01
3.120000e-01  4.677897e-01
3.150000e-01  4.662079e-01
3.180000e-01  4.646387e-01
3.210000e-01  4.630818e-01
3.240000e-01  4.615370e-01
3.270000e-01  4.600040e-01
3.300000e-01  4.584826e-01
3.330000e-01  4.569725e-01
3.360000e-01  4.554735e-01
3.390000e-01  4.539854e-01
3.420000e-01  4.525081e-01
3.450000e-01  4.510412e-01
3.480000e-01  4.495846e-01
3.510000e-01  4.481381e-01
3.540000e-01  4.467014e-01
3.570000e-01  4.452745e-01
3.600000e-01  4.438570e-01
3.630000e-01  4.424489e-01
3.660000e-01  4.410500e-01
3.690000e-01  4.396600e-01
3.720000e-01  4.382789e-01
3.750000e-01  4.369063e-01
3.780000e-01  4.355423e-01
3.810000e-01  4.341866e-01
3.840000e-01  4.328391e-01
3.870000e-01  4.314996e-01
3.900000e-01  4.301679e-01
3.930000e-01  4.288440e-01
3.960000e-01  4.275277e-01
3.990000e-01  4.262188e-01
4.020000e-01  4.249172e-01
4.050000e-01  4.236228e-01
4.080000e-01  4.223354e-01
4.110000e-01  4.210549e-01
4.140000e-01  4.197812e-01
4.170000e-01  4.185142e-01
4.200000e-01  4.172536e-01
4.230000e-01  4.159995e-01
4.260000e-01  4.147517e-01
4.290000e-01  4.135101e-01
4.320000e-01  4.122745e-01
4.350000e-01  4.110449e-01
4.380000e-01  4.098211e-01
4.410000e-01  4.086031e-01
4.440000e-01  4.073907e-01
4.470000e-01  4.061838e-01
4.500000e-01  4.049823e-01
4.530000e-01  4.037861e-01
4.560000e-01  4.025951e-01
4.590000e-01  4.014093e-01
4.620000e-01  4.002284e-01
4.650000e-01  3.990525e-01
4.680000e-01  3.978814e-01
4.710000e-01  3.967150e-01
4.740000e-01  3.955533e-01
4.770000e-01  3.943961e-01
4.800000e-01  3.932434e-01
4.830000e-01  3.920950e-01
4.860000e-01  3.909509e-01
4.890000e-01  3.898110e-01
4.920000e-01  3.886753e-01
4.950000e-01  3.875435e-01
4.980000e-01  3.864156e-01
5.010000e-01  3.852917e-01
5.040000e-01  3.841715e-01
5.070000e-01  3.830549e-01
5.100000e-01  3.819420e-01
5.130000e-01  3.808326e-01
5.160000e-01  3.797267e-01
5.190000e-01  3.786241e-01
5.220000e-01  3.775248e-01
5.250000e-01  3.764287e-01
5.280000e-01  3.753358e-01
5.310000e-01  3.742459e-01
5.340000e-01  3.731590e-01
5.370000e-01  3.720750e-01
5.400000e-01  3.709938e-01
5.430000e-01  3.699154e-01
5.460000e-01  3.688397e-01
5.490000e-01  3.677666e-01
5.520000e-01  3.666960e-01
5.550000e-01  3.656279e-01
5.580000e-01  3.645621e-01
5.610000e-01  3.634987e-01
5.640000e-01  3.624375e-01
5.670000e-01  3.613785e-01
5.700000e-01  3.603216e-01
5.730000e-01  3.592667e-01
5.760000e-01  3.582137e-01
5.790000e-01  3.571626e-01
5.820000e-01  3.561134e-01
5.850000e-01  3.550658e-01
5.880000e-01  3.540199e-01
5.910000e-01  3.529756e-01
5.940000e-01  3.519328e-01
5.970000e-01  3.508914e-01
6.000000e-01  3.498514e-01
6.030000e-01  3.488126e-01
6.060000e-01  3.477751e-01
6.090000e-01  3.467387e-01
6.120000e-01  3.457034e-01
6.150000e-01  3.446690e-01
6.180000e-01  3.436356e-01
6.210000e-01  3.426030e-01
6.240000e-01  3.415711e-01
6.270000e-01  3.405399e-01
6.300000e-01  3.395093e-01
6.330000e-01  3.384792e-01
6.360000e-01  3.374495e-01
6.390000e-01  3.364201e-01
6.420000e-01  3.353911e-01
6.450000e-01  3.343622e-01
6.480000e-01  000000
6.510000e-01  000000
6.540000e-01  000000
6.570000e-01  000000
6.600000e-01  000000
6.630000e-01  000000
6.660000e-01  000000
6.690000e-01  000000
6.720000e-01  000000
6.750000e-01  000000
6.780000e-01  000000
6.810000e-01  000000
6.840000e-01  000000
6.870000e-01  000000
6.900000e-01  000000
6.930000e-01  000000
6.960000e-01  000000
6.990000e-01  000000
7.020000e-01  000000
7.050000e-01  000000
7.080000e-01  000000
7.110000e-01  000000
7.140000e-01  000000
7.170000e-01  000000
7.200000e-01  000000
7.230000e-01  000000
7.260000e-01  000000
7.290000e-01  000000
7.320000e-01  000000
7.350000e-01  000000
7.380000e-01  000000
7.410000e-01  000000
7.440000e-01  000000
7.470000e-01  000000
7.500000e-01  000000
7.530000e-01  000000
7.560000e-01  000000
7.590000e-01  000000
7.620000e-01  000000
7.650000e-01  000000
7.680000e-01  000000
7.710000e-01  000000
7.740000e-01  000000
7.770000e-01  000000
7.800000e-01  000000
7.830000e-01  000000
7.860000e-01  000000
7.890000e-01  000000
7.920000e-01  000000
7.950000e-01  000000
7.980000e-01  000000
8.010000e-01  000000
8.040000e-01  000000
8.070000e-01  000000
8.100000e-01  000000
8.130000e-01  000000
8.160000e-01  000000
8.190000e-01  000000
8.220000e-01  000000
8.250000e-01  000000
8.280000e-01  000000
8.310000e-01  000000
8.340000e-01  000000
8.370000e-01  000000
8.400000e-01  000000
8.430000e-01  000000
8.460000e-01  000000
8.490000e-01  000000
8.520000e-01  000000
8.550000e-01  000000
8.580000e-01  000000
8.610000e-01  000000
8.640000e-01  000000
8.670000e-01  000000
8.700000e-01  000000
8.730000e-01  000000
8.760000e-01  000000
8.790000e-01  000000
8.820000e-01  000000
8.850000e-01  000000
8.880000e-01  000000
8.910000e-01  000000
8.940000e-01  000000
8.970000e-01  000000
9.000000e-01  000000
9.030000e-01  000000
9.060000e-01  000000
9.090000e-01  000000
9.120000e-01  000000
9.150000e-01  000000
9.180000e-01  000000
9.210000e-01  000000
9.240000e-01  000000
9.270000e-01  000000
9.300000e-01  000000
9.330000e-01  000000
9.360000e-01  000000
9.390000e-01  000000
9.420000e-01  000000
9.450000e-01  000000
9.480000e-01  000000
9.510000e-01  000000
9.540000e-01  000000
9.570000e-01  000000
9.600000e-01  000000
9.630000e-01  000000
9.660000e-01  000000
9.690000e-01  000000
9.720000e-01  000000
9.750000e-01  000000
9.780000e-01  000000
9.810000e-01  000000
9.840000e-01  000000
9.870000e-01  000000
9.900000e-01  000000
9.930000e-01  000000
9.960000e-01  000000
9.990000e-01  000000
