000000  000001
3.000000e-03  9.605894e-01
6.000000e-03  9.286968e-01
9.000000e-03  9.018951e-01
1.200000e-02  8.787786e-01
1.500000e-02  8.584567e-01
1.800000e-02  8.403286e-01
2.100000e-02  8.239689e-01
2.400000e-02  8.090655e-01
2.700000e-02  7.953822e-01
3.000000e-02  7.827358e-01
3.300000e-02  7.709817e-01
3.600000e-02  7.600033e-01
3.900000e-02  7.497056e-01
4.200000e-02  7.400097e-01
4.500000e-02  7.308498e-01
4.800000e-02  7.221702e-01
5.100000e-02  7.139235e-01
5.400000e-02  7.060687e-01
5.700000e-02  6.985707e-01
6.000000e-02  6.913985e-01
6.300000e-02  6.845251e-01
6.600000e-02  6.779267e-01
6.900000e-02  6.715822e-01
7.200000e-02  6.654727e-01
7.500000e-02  6.595816e-01
7.800000e-02  6.538936e-01
8.100000e-02  6.483953e-01
8.400000e-02  6.430742e-01
8.700000e-02  6.379193e-01
9.000000e-02  6.329203e-01
9.300000e-02  6.280682e-01
9.600000e-02  6.233542e-01
9.900000e-02  6.187708e-01
1.020000e-01  6.143107e-01
1.050000e-01  6.099674e-01
1.080000e-01  6.057347e-01
1.110000e-01  6.016071e-01
1.140000e-01  5.975794e-01
1.170000e-01  5.936467e-01
1.200000e-01  5.898044e-01
1.230000e-01  5.860484e-01
1.260000e-01  5.823748e-01
1.290000e-01  5.787799e-01
1.320000e-01  5.752603e-01
1.350000e-01  5.718127e-01
1.380000e-01  5.684341e-01
1.410000e-01  5.651217e-01
1.440000e-01  5.618728e-01
1.470000e-01  5.586849e-01
1.500000e-01  5.555556e-01
1.530000e-01  5.524826e-01
1.560000e-01  5.494639e-01
1.590000e-01  5.464974e-01
1.620000e-01  5.435812e-01
1.650000e-01  5.407135e-01
1.680000e-01  5.378926e-01
1.710000e-01  5.351169e-01
1.740000e-01  5.323849e-01
1.770000e-01  5.296949e-01
1.800000e-01  5.270458e-01
1.830000e-01  5.244360e-01
1.860000e-01  5.218644e-01
1.890000e-01  5.193297e-01
1.920000e-01  5.168307e-01
1.950000e-01  5.143664e-01
1.980000e-01  5.119356e-01
2.010000e-01  5.095374e-01
2.040000e-01  5.071708e-01
2.070000e-01  5.048348e-01
2.100000e-01  5.025286e-01
2.130000e-01  5.002513e-01
2.160000e-01  4.980020e-01
2.190000e-01  4.957800e-01
2.220000e-01  4.935846e-01
2.250000e-01  4.914148e-01
2.280000e-01  4.892702e-01
2.310000e-01  4.871499e-01
2.340000e-01  4.850534e-01
2.370000e-01  4.829800e-01
2.400000e-01  4.809291e-01
2.430000e-01  4.789000e-01
2.460000e-01  4.768923e-01
2.490000e-01  4.749054e-01
2.520000e-01  4.729388e-01
2.550000e-01  4.709919e-01
2.580000e-01  4.690643e-01
2.610000e-01  4.671554e-01
2.640000e-01  4.652649e-01
2.670000e-01  4.633922e-01
2.700000e-01  4.615370e-01
2.730000e-01  4.596988e-01
2.760000e-01  4.578772e-01
2.790000e-01  4.560718e-01
2.820000e-01  4.542822e-01
2.850000e-01  4.525081e-01
2.880000e-01  4.507491e-01
2.910000e-01  4.490048e-01
2.940000e-01  4.472749e-01
2.970000e-01  4.455591e-01
3.000000e-01  4.438570e-01
3.030000e-01  4.421684e-01
3.060000e-01  4.404929e-01
3.090000e-01  4.388303e-01
3.120000e-01  4.371802e-01
3.150000e-01  4.355423e-01
3.180000e-01  4.339165e-01
3.210000e-01  4.323023e-01
3.240000e-01  4.306997e-01
3.270000e-01  4.291082e-01
3.300000e-01  4.275277e-01
3.330000e-01  4.259579e-01
3.360000e-01  4.243986e-01
3.390000e-01  4.228495e-01
3.420000e-01  4.213104e-01
3.450000e-01  4.197812e-01
3.480000e-01  4.182615e-01
3.510000e-01  4.167512e-01
3.540000e-01  4.152501e-01
3.570000e-01  4.137579e-01
3.600000e-01  4.122745e-01
3.630000e-01  4.107997e-01
3.660000e-01  4.093332e-01
3.690000e-01  4.078750e-01
3.720000e-01  4.064247e-01
3.750000e-01  4.049823e-01
3.780000e-01  4.035475e-01
3.810000e-01  4.021202e-01
3.840000e-01  4.007002e-01
3.870000e-01  3.992873e-01
3.900000e-01  3.978814e-01
3.930000e-01  3.964823e-01
3.960000e-01  3.950899e-01
3.990000e-01  3.937040e-01
4.020000e-01  3.923244e-01
4.050000e-01  3.909509e-01
4.080000e-01  3.895836e-01
4.110000e-01  3.882221e-01
4.140000e-01  3.868663e-01
4.170000e-01  3.855162e-01
4.200000e-01  3.841715e-01
4.230000e-01  3.828321e-01
4.260000e-01  3.814978e-01
4.290000e-01  3.801686e-01
4.320000e-01  3.788443e-01
4.350000e-01  3.775248e-01
4.380000e-01  3.762099e-01
4.410000e-01  3.748995e-01
4.440000e-01  3.735934e-01
4.470000e-01  3.722916e-01
4.500000e-01  3.709938e-01
4.530000e-01  3.697001e-01
4.560000e-01  3.684102e-01
4.590000e-01  3.671239e-01
4.620000e-01  3.658413e-01
4.650000e-01  3.645621e-01
4.680000e-01  3.632863e-01
4.710000e-01  3.620137e-01
4.740000e-01  3.607441e-01
4.770000e-01  3.594775e-01
4.800000e-01  3.582137e-01
4.830000e-01  3.569526e-01
4.860000e-01  3.556941e-01
4.890000e-01  3.544381e-01
4.920000e-01  3.531843e-01
4.950000e-01  3.519328e-01
4.980000e-01  3.506833e-01
5.010000e-01  3.494357e-01
5.040000e-01  3.481900e-01
5.070000e-01  3.469459e-01
5.100000e-01  3.457034e-01
5.130000e-01  3.444623e-01
5.160000e-01  3.432225e-01
5.190000e-01  3.419838e-01
5.220000e-01  3.407461e-01
5.250000e-01  3.395093e-01
5.280000e-01  3.382732e-01
5.310000e-01  3.370377e-01
5.340000e-01  3.358027e-01
5.370000e-01  3.345679e-01
5.400000e-01  000000
5.430000e-01  000000
5.460000e-01  000000
5.490000e-01  000000
5.520000e-01  000000
5.550000e-01  000000
5.580000e-01  000000
5.610000e-01  000000
5.640000e-01  000000
5.670000e-01  000000
5.700000e-01  000000
5.730000e-01  000000
5.760000e-01  000000
5.790000e-01  000000
5.820000e-01  000000
5.850000e-01  000000
5.880000e-01  000000
5.910000e-01  000000
5.940000e-01  000000
5.970000e-01  000000
6.000000e-01  000000
6.030000e-01  000000
6.060000e-01  000000
6.090000e-01  000000
6.120000e-01  000000
6.150000e-01  000000
6.180000e-01  000000
6.210000e-01  000000
6.240000e-01  000000
6.270000e-01  000000
6.300000e-01  000000
6.330000e-01  000000
6.360000e-01  000000
6.390000e-01  000000
6.420000e-01  000000
6.450000e-01  000000
6.480000e-01  000000
6.510000e-01  000000
6.540000e-01  000000
6.570000e-01  000000
6.600000e-01  000000
6.630000e-01  000000
6.660000e-01  000000
6.690000e-01  000000
6.720000e-01  000000
6.750000e-01  000000
6.780000e-01  000000
6.810000e-01  000000
6.840000e-01  000000
6.870000e-01  000000
6.900000e-01  000000
6.930000e-01  000000
6.960000e-01  000000
6.990000e-01  000000
7.020000e-01  000000
7.050000e-01  000000
7.080000e-01  000000
7.110000e-01  000000
7.140000e-01  000000
7.170000e-01  000000
7.200000e-01  000000
7.230000e-01  000000
7.260000e-01  000000
7.290000e-01  000000
7.320000e-01  000000
7.350000e-01  000000
7.380000e-01  000000
7.410000e-01  000000
7.440000e-01  000000
7.470000e-01  000000
7.500000e-01  000000
7.530000e-01  000000
7.560000e-01  000000
7.590000e-01  000000
7.620000e-01  000000
7.650000e-01  000000
7.680000e-01  000000
7.710000e-01  000000
7.740000e-01  000000
7.770000e-01  000000
7.800000e-01  000000
7.830000e-01  000000
7.860000e-01  000000
7.890000e-01  000000
7.920000e-01  000000
7.950000e-01  000000
7.980000e-01  000000
8.010000e-01  000000
8.040000e-01  000000
8.070000e-01  000000
8.100000e-01  000000
8.130000e-01  000000
8.160000e-01  000000
8.190000e-01  000000
8.220000e-01  000000
8.250000e-01  000000
8.280000e-01  000000
8.310000e-01  000000
8.340000e-01  000000
8.370000e-01  000000
8.400000e-01  000000
8.430000e-01  000000
8.460000e-01  000000
8.490000e-01  000000
8.520000e-01  000000
8.550000e-01  000000
8.580000e-01  000000
8.610000e-01  000000
8.640000e-01  000000
8.670000e-01  000000
8.700000e-01  000000
8.730000e-01  000000
8.760000e-01  000000
8.790000e-01  000000
8.820000e-01  000000
8.850000e-01  000000
8.880000e-01  000000
8.910000e-01  000000
8.940000e-01  000000
8.970000e-01  000000
9.000000e-01  000000
9.030000e-01  000000
9.060000e-01  000000
9.090000e-01  000000
9.120000e-01  000000
9.150000e-01  000000
9.180000e-01  000000
9.210000e-01  000000
9.240000e-01  000000
9.270000e-01  000000
9.300000e-01  000000
9.330000e-01  000000
9.360000e-01  000000
9.390000e-01  000000
9.420000e-01  000000
9.450000e-01  000000
9.480000e-01  000000
9.510000e-01  000000
9.540000e-01  000000
9.570000e-01  000000
9.600000e-01  000000
9.630000e-01  000000
9.660000e-01  000000
9.690000e-01  000000
9.720000e-01  000000
9.750000e-01  000000
9.780000e-01  000000
9.810000e-01  000000
9.840000e-01  000000
9.870000e-01  000000
9.900000e-01  000000
9.930000e-01  000000
9.960000e-01  000000
9.990000e-01  000000
