000000  000001
3.000000e-03  9.743045e-01
6.000000e-03  9.520314e-01
9.000000e-03  9.323680e-01
1.200000e-02  9.147634e-01
1.500000e-02  8.988260e-01
1.800000e-02  8.842671e-01
2.100000e-02  8.708675e-01
2.400000e-02  8.584567e-01
2.700000e-02  8.468995e-01
3.000000e-02  8.360866e-01
3.300000e-02  8.259287e-01
3.600000e-02  8.163514e-01
3.900000e-02  8.072926e-01
4.200000e-02  7.986994e-01
4.500000e-02  7.905267e-01
4.800000e-02  7.827358e-01
5.100000e-02  7.752929e-01
5.400000e-02  7.681684e-01
5.700000e-02  7.613366e-01
6.000000e-02  7.547746e-01
6.300000e-02  7.484621e-01
6.600000e-02  7.423810e-01
6.900000e-02  7.365151e-01
7.200000e-02  7.308498e-01
7.500000e-02  7.253719e-01
7.800000e-02  7.200696e-01
8.100000e-02  7.149321e-01
8.400000e-02  7.099494e-01
8.700000e-02  7.051126e-01
9.000000e-02  7.004135e-01
9.300000e-02  6.958444e-01
9.600000e-02  6.913985e-01
9.900000e-02  6.870691e-01
1.020000e-01  6.828506e-01
1.050000e-01  6.787372e-01
1.080000e-01  6.747239e-01
1.110000e-01  6.708060e-01
1.140000e-01  6.669790e-01
1.170000e-01  6.632388e-01
1.200000e-01  6.595816e-01
1.230000e-01  6.560037e-01
1.260000e-01  6.525018e-01
1.290000e-01  6.490726e-01
1.320000e-01  6.457133e-01
1.350000e-01  6.424210e-01
1.380000e-01  6.391930e-01
1.410000e-01  6.360269e-01
1.440000e-01  6.329203e-01
1.470000e-01  6.298711e-01
1.500000e-01  6.268770e-01
1.530000e-01  6.239362e-01
1.560000e-01  6.210466e-01
1.590000e-01  6.182067e-01
1.620000e-01  6.154145e-01
1.650000e-01  6.126686e-01
1.680000e-01  6.099674e-01
1.710000e-01  6.073094e-01
1.740000e-01  6.046932e-01
1.770000e-01  6.021175e-01
1.800000e-01  5.995811e-01
1.830000e-01  5.970827e-01
1.860000e-01  5.946212e-01
1.890000e-01  5.921954e-01
1.920000e-01  5.898044e-01
1.950000e-01  5.874471e-01
1.980000e-01  5.851225e-01
2.010000e-01  5.828297e-01
2.040000e-01  5.805678e-01
2.070000e-01  5.783359e-01
2.100000e-01  5.761333e-01
2.130000e-01  5.739592e-01
2.160000e-01  5.718127e-01
2.190000e-01  5.696932e-01
2.220000e-01  5.675999e-01
2.250000e-01  5.655322e-01
2.280000e-01  5.634895e-01
2.310000e-01  5.614710e-01
2.340000e-01  5.594763e-01
2.370000e-01  5.575046e-01
2.400000e-01  5.555556e-01
2.430000e-01  5.536285e-01
2.460000e-01  5.517229e-01
2.490000e-01  5.498383e-01
2.520000e-01  5.479742e-01
2.550000e-01  5.461301e-01
2.580000e-01  5.443056e-01
2.610000e-01  5.425002e-01
2.640000e-01  5.407135e-01
2.670000e-01  5.389451e-01
2.700000e-01  5.371945e-01
2.730000e-01  5.354615e-01
2.760000e-01  5.337456e-01
2.790000e-01  5.320464e-01
2.820000e-01  5.303636e-01
2.850000e-01  5.286968e-01
2.880000e-01  5.270458e-01
2.910000e-01  5.254101e-01
2.940000e-01  5.237896e-01
2.970000e-01  5.221838e-01
3.000000e-01  5.205925e-01
3.030000e-01  5.190153e-01
3.060000e-01  5.174521e-01
3.090000e-01  5.159026e-01
3.120000e-01  5.143664e-01
3.150000e-01  5.128433e-01
3.180000e-01  5.113330e-01
3.210000e-01  5.098354e-01
3.240000e-01  5.083502e-01
3.270000e-01  5.068771e-01
3.300000e-01  5.054160e-01
3.330000e-01  5.039666e-01
3.360000e-01  5.025286e-01
3.390000e-01  5.011020e-01
3.420000e-01  4.996864e-01
3.450000e-01  4.982817e-01
3.480000e-01  4.968877e-01
3.510000e-01  4.955042e-01
3.540000e-01  4.941310e-01
3.570000e-01  4.927679e-01
3.600000e-01  4.914148e-01
3.630000e-01  4.900716e-01
3.660000e-01  4.887379e-01
3.690000e-01  4.874137e-01
3.720000e-01  4.860988e-01
3.750000e-01  4.847930e-01
3.780000e-01  4.834962e-01
3.810000e-01  4.822083e-01
3.840000e-01  4.809291e-01
3.870000e-01  4.796584e-01
3.900000e-01  4.783961e-01
3.930000e-01  4.771422e-01
3.960000e-01  4.758963e-01
3.990000e-01  4.746585e-01
4.020000e-01  4.734286e-01
4.050000e-01  4.722064e-01
4.080000e-01  4.709919e-01
4.110000e-01  4.697849e-01
4.140000e-01  4.685853e-01
4.170000e-01  4.673930e-01
4.200000e-01  4.662079e-01
4.230000e-01  4.650299e-01
4.260000e-01  4.638588e-01
4.290000e-01  4.626945e-01
4.320000e-01  4.615370e-01
4.350000e-01  4.603861e-01
4.380000e-01  4.592418e-01
4.410000e-01  4.581040e-01
4.440000e-01  4.569725e-01
4.470000e-01  4.558472e-01
4.500000e-01  4.547281e-01
4.530000e-01  4.536151e-01
4.560000e-01  4.525081e-01
4.590000e-01  4.514069e-01
4.620000e-01  4.503116e-01
4.650000e-01  4.492220e-01
4.680000e-01  4.481381e-01
4.710000e-01  4.470597e-01
4.740000e-01  4.459867e-01
4.770000e-01  4.449192e-01
4.800000e-01  4.438570e-01
4.830000e-01  4.428001e-01
4.860000e-01  4.417483e-01
4.890000e-01  4.407017e-01
4.920000e-01  4.396600e-01
4.950000e-01  4.386233e-01
4.980000e-01  4.375915e-01
5.010000e-01  4.365646e-01
5.040000e-01  4.355423e-01
5.070000e-01  4.345248e-01
5.100000e-01  4.335118e-01
5.130000e-01  4.325035e-01
5.160000e-01  4.314996e-01
5.190000e-01  4.305001e-01
5.220000e-01  4.295050e-01
5.250000e-01  4.285142e-01
5.280000e-01  4.275277e-01
5.310000e-01  4.265453e-01
5.340000e-01  4.255671e-01
5.370000e-01  4.245929e-01
5.400000e-01  4.236228e-01
5.430000e-01  4.226566e-01
5.460000e-01  4.216943e-01
5.490000e-01  4.207358e-01
5.520000e-01  4.197812e-01
5.550000e-01  4.188303e-01
5.580000e-01  4.178831e-01
5.610000e-01  4.169395e-01
5.640000e-01  4.159995e-01
5.670000e-01  4.150631e-01
5.700000e-01  4.141302e-01
5.730000e-01  4.132006e-01
5.760000e-01  4.122745e-01
5.790000e-01  4.113518e-01
5.820000e-01  4.104323e-01
5.850000e-01  4.095161e-01
5.880000e-01  4.086031e-01
5.910000e-01  4.076933e-01
5.940000e-01  4.067865e-01
5.970000e-01  4.058829e-01
6.000000e-01  4.049823e-01
6.030000e-01  4.040846e-01
6.060000e-01  4.031900e-01
6.090000e-01  4.022982e-01
6.120000e-01  4.014093e-01
6.150000e-01  4.005232e-01
6.180000e-01  3.996399e-01
6.210000e-01  3.987593e-01
6.240000e-01  3.978814e-01
6.270000e-01  3.970062e-01
6.300000e-01  3.961336e-01
6.330000e-01  3.952636e-01
6.360000e-01  3.943961e-01
6.390000e-01  3.935312e-01
6.420000e-01  3.926687e-01
6.450000e-01  3.918086e-01
6.480000e-01  3.909509e-01
6.510000e-01  3.900956e-01
6.540000e-01  3.892426e-01
6.570000e-01  3.883919e-01
6.600000e-01  3.875435e-01
6.630000e-01  3.866972e-01
6.660000e-01  3.858532e-01
6.690000e-01  3.850113e-01
6.720000e-01  3.841715e-01
6.750000e-01  3.833337e-01
6.780000e-01  3.824980e-01
6.810000e-01  3.816643e-01
6.840000e-01  3.808326e-01
6.870000e-01  3.800028e-01
6.900000e-01  3.791750e-01
6.930000e-01  3.783490e-01
6.960000e-01  3.775248e-01
6.990000e-01  3.767024e-01
7.020000e-01  3.758819e-01
7.050000e-01  3.750630e-01
7.080000e-01  3.742459e-01
7.110000e-01  3.734304e-01
7.140000e-01  3.726166e-01
7.170000e-01  3.718044e-01
7.200000e-01  3.709938e-01
7.230000e-01  3.701848e-01
7.260000e-01  3.693772e-01
7.290000e-01  3.685712e-01
7.320000e-01  3.677666e-01
7.350000e-01  3.669634e-01
7.380000e-01  3.661616e-01
7.410000e-01  3.653612e-01
7.440000e-01  3.645621e-01
7.470000e-01  3.637644e-01
7.500000e-01  3.629678e-01
7.530000e-01  3.621726e-01
7.560000e-01  3.613785e-01
7.590000e-01  3.605856e-01
7.620000e-01  3.597939e-01
7.650000e-01  3.590033e-01
7.680000e-01  3.582137e-01
7.710000e-01  3.574252e-01
7.740000e-01  3.566378e-01
7.770000e-01  3.558513e-01
7.800000e-01  3.550658e-01
7.830000e-01  3.542812e-01
7.860000e-01  3.534975e-01
7.890000e-01  3.527147e-01
7.920000e-01  3.519328e-01
7.950000e-01  3.511516e-01
7.980000e-01  3.503712e-01
8.010000e-01  3.495916e-01
8.040000e-01  3.488126e-01
8.070000e-01  3.480344e-01
8.100000e-01  3.472568e-01
8.130000e-01  3.464798e-01
8.160000e-01  3.457034e-01
8.190000e-01  3.449275e-01
8.220000e-01  3.441522e-01
8.250000e-01  3.433774e-01
8.280000e-01  3.426030e-01
8.310000e-01  3.418290e-01
8.340000e-01  3.410554e-01
8.370000e-01  3.402822e-01
8.400000e-01  3.395093e-01
8.430000e-01  3.387367e-01
8.460000e-01  3.379643e-01
8.490000e-01  3.371921e-01
8.520000e-01  3.364201e-01
8.550000e-01  3.356483e-01
8.580000e-01  3.348766e-01
8.610000e-01  3.341049e-01
8.640000e-01  000000
8.670000e-01  000000
8.700000e-01  000000
8.730000e-01  000000
8.760000e-01  000000
8.790000e-01  000000
8.820000e-01  000000
8.850000e-01  000000
8.880000e-01  000000
8.910000e-01  000000
8.940000e-01  000000
8.970000e-01  000000
9.000000e-01  000000
9.030000e-01  000000
9.060000e-01  000000
9.090000e-01  000000
9.120000e-01  000000
9.150000e-01  000000
9.180000e-01  000000
9.210000e-01  000000
9.240000e-01  000000
9.270000e-01  000000
9.300000e-01  000000
9.330000e-01  000000
9.360000e-01  000000
9.390000e-01  000000
9.420000e-01  000000
9.450000e-01  000000
9.480000e-01  000000
9.510000e-01  000000
9.540000e-01  000000
9.570000e-01  000000
9.600000e-01  000000
9.630000e-01  000000
9.660000e-01  000000
9.690000e-01  000000
9.720000e-01  000000
9.750000e-01  000000
9.780000e-01  000000
9.810000e-01  000000
9.840000e-01  000000
9.870000e-01  000000
9.900000e-01  000000
9.930000e-01  000000
9.960000e-01  000000
9.990000e-01  000000
