000000  000001
3.000000e-03  9.335081e-01
6.000000e-03  8.859836e-01
9.000000e-03  8.489635e-01
1.200000e-02  8.186467e-01
1.500000e-02  7.929863e-01
1.800000e-02  7.707503e-01
2.100000e-02  7.511382e-01
2.400000e-02  7.336004e-01
2.700000e-02  7.177432e-01
3.000000e-02  7.032746e-01
3.300000e-02  6.899723e-01
3.600000e-02  6.776629e-01
3.900000e-02  6.662088e-01
4.200000e-02  6.554989e-01
4.500000e-02  6.454421e-01
4.800000e-02  6.359629e-01
5.100000e-02  6.269982e-01
5.400000e-02  6.184942e-01
5.700000e-02  6.104054e-01
6.000000e-02  6.026923e-01
6.300000e-02  5.953208e-01
6.600000e-02  5.882612e-01
6.900000e-02  5.814873e-01
7.200000e-02  5.749762e-01
7.500000e-02  5.687074e-01
7.800000e-02  5.626627e-01
8.100000e-02  5.568259e-01
8.400000e-02  5.511823e-01
8.700000e-02  5.457189e-01
9.000000e-02  5.404236e-01
9.300000e-02  5.352856e-01
9.600000e-02  5.302952e-01
9.900000e-02  5.254434e-01
1.020000e-01  5.207218e-01
1.050000e-01  5.161231e-01
1.080000e-01  5.116402e-01
1.110000e-01  5.072668e-01
1.140000e-01  5.029969e-01
1.170000e-01  4.988251e-01
1.200000e-01  4.947463e-01
1.230000e-01  4.907557e-01
1.260000e-01  4.868490e-01
1.290000e-01  4.830221e-01
1.320000e-01  4.792711e-01
1.350000e-01  4.755925e-01
1.380000e-01  4.719828e-01
1.410000e-01  4.684390e-01
1.440000e-01  4.649580e-01
1.470000e-01  4.615370e-01
1.500000e-01  4.581735e-01
1.530000e-01  4.548648e-01
1.560000e-01  4.516087e-01
1.590000e-01  4.484030e-01
1.620000e-01  4.452455e-01
1.650000e-01  4.421341e-01
1.680000e-01  4.390670e-01
1.710000e-01  4.360424e-01
1.740000e-01  4.330585e-01
1.770000e-01  4.301137e-01
1.800000e-01  4.272065e-01
1.830000e-01  4.243351e-01
1.860000e-01  4.214984e-01
1.890000e-01  4.186948e-01
1.920000e-01  4.159230e-01
1.950000e-01  4.131817e-01
1.980000e-01  4.104698e-01
2.010000e-01  4.077859e-01
2.040000e-01  4.051291e-01
2.070000e-01  4.024981e-01
2.100000e-01  3.998920e-01
2.130000e-01  3.973095e-01
2.160000e-01  3.947499e-01
2.190000e-01  3.922120e-01
2.220000e-01  3.896950e-01
2.250000e-01  3.871978e-01
2.280000e-01  3.847197e-01
2.310000e-01  3.822596e-01
2.340000e-01  3.798168e-01
2.370000e-01  3.773904e-01
2.400000e-01  3.749796e-01
2.430000e-01  3.725835e-01
2.460000e-01  3.702013e-01
2.490000e-01  3.678322e-01
2.520000e-01  3.654755e-01
2.550000e-01  3.631303e-01
2.580000e-01  3.607959e-01
2.610000e-01  3.584714e-01
2.640000e-01  3.561561e-01
2.670000e-01  3.538493e-01
2.700000e-01  3.515501e-01
2.730000e-01  3.492577e-01
2.760000e-01  3.469713e-01
2.790000e-01  3.446901e-01
2.820000e-01  3.424134e-01
2.850000e-01  3.401402e-01
2.880000e-01  3.378697e-01
2.910000e-01  3.356011e-01
2.940000e-01  000000
2.970000e-01  000000
3.000000e-01  000000
3.030000e-01  000000
3.060000e-01  000000
3.090000e-01  000000
3.120000e-01  000000
3.150000e-01  000000
3.180000e-01  000000
3.210000e-01  000000
3.240000e-01  000000
3.270000e-01  000000
3.300000e-01  000000
3.330000e-01  000000
3.360000e-01  000000
3.390000e-01  000000
3.420000e-01  000000
3.450000e-01  000000
3.480000e-01  000000
3.510000e-01  000000
3.540000e-01  000000
3.570000e-01  000000
3.600000e-01  000000
3.630000e-01  000000
3.660000e-01  000000
3.690000e-01  000000
3.720000e-01  000000
3.750000e-01  000000
3.780000e-01  000000
3.810000e-01  000000
3.840000e-01  000000
3.870000e-01  000000
3.900000e-01  000000
3.930000e-01  000000
3.960000e-01  000000
3.990000e-01  000000
4.020000e-01  000000
4.050000e-01  000000
4.080000e-01  000000
4.110000e-01  000000
4.140000e-01  000000
4.170000e-01  000000
4.200000e-01  000000
4.230000e-01  000000
4.260000e-01  000000
4.290000e-01  000000
4.320000e-01  000000
4.350000e-01  000000
4.380000e-01  000000
4.410000e-01  000000
4.440000e-01  000000
4.470000e-01  000000
4.500000e-01  000000
4.530000e-01  000000
4.560000e-01  000000
4.590000e-01  000000
4.620000e-01  000000
4.650000e-01  000000
4.680000e-01  000000
4.710000e-01  000000
4.740000e-01  000000
4.770000e-01  000000
4.800000e-01  000000
4.830000e-01  000000
4.860000e-01  000000
4.890000e-01  000000
4.920000e-01  000000
4.950000e-01  000000
4.980000e-01  000000
5.010000e-01  000000
5.040000e-01  000000
5.070000e-01  000000
5.100000e-01  000000
5.130000e-01  000000
5.160000e-01  000000
5.190000e-01  000000
5.220000e-01  000000
5.250000e-01  000000
5.280000e-01  000000
5.310000e-01  000000
5.340000e-01  000000
5.370000e-01  000000
5.400000e-01  000000
5.430000e-01  000000
5.460000e-01  000000
5.490000e-01  000000
5.520000e-01  000000
5.550000e-01  000000
5.580000e-01  000000
5.610000e-01  000000
5.640000e-01  000000
5.670000e-01  000000
5.700000e-01  000000
5.730000e-01  000000
5.760000e-01  000000
5.790000e-01  000000
5.820000e-01  000000
5.850000e-01  000000
5.880000e-01  000000
5.910000e-01  000000
5.940000e-01  000000
5.970000e-01  000000
6.000000e-01  000000
6.030000e-01  000000
6.060000e-01  000000
6.090000e-01  000000
6.120000e-01  000000
6.150000e-01  000000
6.180000e-01  000000
6.210000e-01  000000
6.240000e-01  000000
6.270000e-01  000000
6.300000e-01  000000
6.330000e-01  000000
6.360000e-01  000000
6.390000e-01  000000
6.420000e-01  000000
6.450000e-01  000000
6.480000e-01  000000
6.510000e-01  000000
6.540000e-01  000000
6.570000e-01  000000
6.600000e-01  000000
6.630000e-01  000000
6.660000e-01  000000
6.690000e-01  000000
6.720000e-01  000000
6.750000e-01  000000
6.780000e-01  000000
6.810000e-01  000000
6.840000e-01  000000
6.870000e-01  000000
6.900000e-01  000000
6.930000e-01  000000
6.960000e-01  000000
6.990000e-01  000000
7.020000e-01  000000
7.050000e-01  000000
7.080000e-01  000000
7.110000e-01  000000
7.140000e-01  000000
7.170000e-01  000000
7.200000e-01  000000
7.230000e-01  000000
7.260000e-01  000000
7.290000e-01  000000
7.320000e-01  000000
7.350000e-01  000000
7.380000e-01  000000
7.410000e-01  000000
7.440000e-01  000000
7.470000e-01  000000
7.500000e-01  000000
7.530000e-01  000000
7.560000e-01  000000
7.590000e-01  000000
7.620000e-01  000000
7.650000e-01  000000
7.680000e-01  000000
7.710000e-01  000000
7.740000e-01  000000
7.770000e-01  000000
7.800000e-01  000000
7.830000e-01  000000
7.860000e-01  000000
7.890000e-01  000000
7.920000e-01  000000
7.950000e-01  000000
7.980000e-01  000000
8.010000e-01  000000
8.040000e-01  000000
8.070000e-01  000000
8.100000e-01  000000
8.130000e-01  000000
8.160000e-01  000000
8.190000e-01  000000
8.220000e-01  000000
8.250000e-01  000000
8.280000e-01  000000
8.310000e-01  000000
8.340000e-01  000000
8.370000e-01  000000
8.400000e-01  000000
8.430000e-01  000000
8.460000e-01  000000
8.490000e-01  000000
8.520000e-01  000000
8.550000e-01  000000
8.580000e-01  000000
8.610000e-01  000000
8.640000e-01  000000
8.670000e-01  000000
8.700000e-01  000000
8.730000e-01  000000
8.760000e-01  000000
8.790000e-01  000000
8.820000e-01  000000
8.850000e-01  000000
8.880000e-01  000000
8.910000e-01  000000
8.940000e-01  000000
8.970000e-01  000000
9.000000e-01  000000
9.030000e-01  000000
9.060000e-01  000000
9.090000e-01  000000
9.120000e-01  000000
9.150000e-01  000000
9.180000e-01  000000
9.210000e-01  000000
9.240000e-01  000000
9.270000e-01  000000
9.300000e-01  000000
9.330000e-01  000000
9.360000e-01  000000
9.390000e-01  000000
9.420000e-01  000000
9.450000e-01  000000
9.480000e-01  000000
9.510000e-01  000000
9.540000e-01  000000
9.570000e-01  000000
9.600000e-01  000000
9.630000e-01  000000
9.660000e-01  000000
9.690000e-01  000000
9.720000e-01  000000
9.750000e-01  000000
9.780000e-01  000000
9.810000e-01  000000
9.840000e-01  000000
9.870000e-01  000000
9.900000e-01  000000
9.930000e-01  000000
9.960000e-01  000000
9.990000e-01  000000
