000000  000001
3.000000e-03  9.769722e-01
6.000000e-03  9.567319e-01
9.000000e-03  9.386705e-01
1.200000e-02  9.223615e-01
1.500000e-02  9.074934e-01
1.800000e-02  8.938319e-01
2.100000e-02  8.811958e-01
2.400000e-02  8.694424e-01
2.700000e-02  8.584567e-01
3.000000e-02  8.481451e-01
3.300000e-02  8.384300e-01
3.600000e-02  8.292468e-01
3.900000e-02  8.205405e-01
4.200000e-02  8.122646e-01
4.500000e-02  8.043788e-01
4.800000e-02  7.968484e-01
5.100000e-02  7.896429e-01
5.400000e-02  7.827358e-01
5.700000e-02  7.761036e-01
6.000000e-02  7.697255e-01
6.300000e-02  7.635829e-01
6.600000e-02  7.576591e-01
6.900000e-02  7.519394e-01
7.200000e-02  7.464102e-01
7.500000e-02  7.410594e-01
7.800000e-02  7.358760e-01
8.100000e-02  7.308498e-01
8.400000e-02  7.259717e-01
8.700000e-02  7.212333e-01
9.000000e-02  7.166269e-01
9.300000e-02  7.121454e-01
9.600000e-02  7.077822e-01
9.900000e-02  7.035314e-01
1.020000e-01  6.993872e-01
1.050000e-01  6.953445e-01
1.080000e-01  6.913985e-01
1.110000e-01  6.875446e-01
1.140000e-01  6.837787e-01
1.170000e-01  6.800969e-01
1.200000e-01  6.764955e-01
1.230000e-01  6.729711e-01
1.260000e-01  6.695204e-01
1.290000e-01  6.661405e-01
1.320000e-01  6.628284e-01
1.350000e-01  6.595816e-01
1.380000e-01  6.563974e-01
1.410000e-01  6.532736e-01
1.440000e-01  6.502078e-01
1.470000e-01  6.471979e-01
1.500000e-01  6.442419e-01
1.530000e-01  6.413380e-01
1.560000e-01  6.384842e-01
1.590000e-01  6.356788e-01
1.620000e-01  6.329203e-01
1.650000e-01  6.302071e-01
1.680000e-01  6.275377e-01
1.710000e-01  6.249107e-01
1.740000e-01  6.223247e-01
1.770000e-01  6.197784e-01
1.800000e-01  6.172707e-01
1.830000e-01  6.148004e-01
1.860000e-01  6.123663e-01
1.890000e-01  6.099674e-01
1.920000e-01  6.076026e-01
1.950000e-01  6.052710e-01
1.980000e-01  6.029717e-01
2.010000e-01  6.007036e-01
2.040000e-01  5.984661e-01
2.070000e-01  5.962582e-01
2.100000e-01  5.940791e-01
2.130000e-01  5.919281e-01
2.160000e-01  5.898044e-01
2.190000e-01  5.877074e-01
2.220000e-01  5.856363e-01
2.250000e-01  5.835905e-01
2.280000e-01  5.815693e-01
2.310000e-01  5.795722e-01
2.340000e-01  5.775985e-01
2.370000e-01  5.756478e-01
2.400000e-01  5.737193e-01
2.430000e-01  5.718127e-01
2.460000e-01  5.699274e-01
2.490000e-01  5.680628e-01
2.520000e-01  5.662187e-01
2.550000e-01  5.643943e-01
2.580000e-01  5.625894e-01
2.610000e-01  5.608035e-01
2.640000e-01  5.590362e-01
2.670000e-01  5.572870e-01
2.700000e-01  5.555556e-01
2.730000e-01  5.538415e-01
2.760000e-01  5.521445e-01
2.790000e-01  5.504642e-01
2.820000e-01  5.488002e-01
2.850000e-01  5.471522e-01
2.880000e-01  5.455198e-01
2.910000e-01  5.439028e-01
2.940000e-01  5.423008e-01
2.970000e-01  5.407135e-01
3.000000e-01  5.391407e-01
3.030000e-01  5.375820e-01
3.060000e-01  5.360373e-01
3.090000e-01  5.345061e-01
3.120000e-01  5.329883e-01
3.150000e-01  5.314836e-01
3.180000e-01  5.299918e-01
3.210000e-01  5.285126e-01
3.240000e-01  5.270458e-01
3.270000e-01  5.255911e-01
3.300000e-01  5.241484e-01
3.330000e-01  5.227174e-01
3.360000e-01  5.212979e-01
3.390000e-01  5.198898e-01
3.420000e-01  5.184927e-01
3.450000e-01  5.171066e-01
3.480000e-01  5.157312e-01
3.510000e-01  5.143664e-01
3.540000e-01  5.130119e-01
3.570000e-01  5.116675e-01
3.600000e-01  5.103333e-01
3.630000e-01  5.090088e-01
3.660000e-01  5.076940e-01
3.690000e-01  5.063888e-01
3.720000e-01  5.050929e-01
3.750000e-01  5.038062e-01
3.780000e-01  5.025286e-01
3.810000e-01  5.012599e-01
3.840000e-01  5.000000e-01
3.870000e-01  4.987487e-01
3.900000e-01  4.975059e-01
3.930000e-01  4.962715e-01
3.960000e-01  4.950453e-01
3.990000e-01  4.938272e-01
4.020000e-01  4.926171e-01
4.050000e-01  4.914148e-01
4.080000e-01  4.902203e-01
4.110000e-01  4.890334e-01
4.140000e-01  4.878540e-01
4.170000e-01  4.866820e-01
4.200000e-01  4.855173e-01
4.230000e-01  4.843597e-01
4.260000e-01  4.832093e-01
4.290000e-01  4.820657e-01
4.320000e-01  4.809291e-01
4.350000e-01  4.797992e-01
4.380000e-01  4.786759e-01
4.410000e-01  4.775592e-01
4.440000e-01  4.764490e-01
4.470000e-01  4.753452e-01
4.500000e-01  4.742477e-01
4.530000e-01  4.731563e-01
4.560000e-01  4.720711e-01
4.590000e-01  4.709919e-01
4.620000e-01  4.699187e-01
4.650000e-01  4.688513e-01
4.680000e-01  4.677897e-01
4.710000e-01  4.667338e-01
4.740000e-01  4.656835e-01
4.770000e-01  4.646387e-01
4.800000e-01  4.635994e-01
4.830000e-01  4.625656e-01
4.860000e-01  4.615370e-01
4.890000e-01  4.605137e-01
4.920000e-01  4.594956e-01
4.950000e-01  4.584826e-01
4.980000e-01  4.574746e-01
5.010000e-01  4.564716e-01
5.040000e-01  4.554735e-01
5.070000e-01  4.544803e-01
5.100000e-01  4.534918e-01
5.130000e-01  4.525081e-01
5.160000e-01  4.515290e-01
5.190000e-01  4.505545e-01
5.220000e-01  4.495846e-01
5.250000e-01  4.486191e-01
5.280000e-01  4.476581e-01
5.310000e-01  4.467014e-01
5.340000e-01  4.457491e-01
5.370000e-01  4.448009e-01
5.400000e-01  4.438570e-01
5.430000e-01  4.429173e-01
5.460000e-01  4.419816e-01
5.490000e-01  4.410500e-01
5.520000e-01  4.401224e-01
5.550000e-01  4.391987e-01
5.580000e-01  4.382789e-01
5.610000e-01  4.373629e-01
5.640000e-01  4.364507e-01
5.670000e-01  4.355423e-01
5.700000e-01  4.346376e-01
5.730000e-01  4.337365e-01
5.760000e-01  4.328391e-01
5.790000e-01  4.319452e-01
5.820000e-01  4.310548e-01
5.850000e-01  4.301679e-01
5.880000e-01  4.292845e-01
5.910000e-01  4.284044e-01
5.940000e-01  4.275277e-01
5.970000e-01  4.266543e-01
6.000000e-01  4.257841e-01
6.030000e-01  4.249172e-01
6.060000e-01  4.240535e-01
6.090000e-01  4.231929e-01
6.120000e-01  4.223354e-01
6.150000e-01  4.214810e-01
6.180000e-01  4.206296e-01
6.210000e-01  4.197812e-01
6.240000e-01  4.189358e-01
6.270000e-01  4.180933e-01
6.300000e-01  4.172536e-01
6.330000e-01  4.164169e-01
6.360000e-01  4.155829e-01
6.390000e-01  4.147517e-01
6.420000e-01  4.139233e-01
6.450000e-01  4.130976e-01
6.480000e-01  4.122745e-01
6.510000e-01  4.114541e-01
6.540000e-01  4.106363e-01
6.570000e-01  4.098211e-01
6.600000e-01  4.090085e-01
6.630000e-01  4.081983e-01
6.660000e-01  4.073907e-01
6.690000e-01  4.065855e-01
6.720000e-01  4.057827e-01
6.750000e-01  4.049823e-01
6.780000e-01  4.041842e-01
6.810000e-01  4.033885e-01
6.840000e-01  4.025951e-01
6.870000e-01  4.018040e-01
6.900000e-01  4.010151e-01
6.930000e-01  4.002284e-01
6.960000e-01  3.994439e-01
6.990000e-01  3.986616e-01
7.020000e-01  3.978814e-01
7.050000e-01  3.971033e-01
7.080000e-01  3.963273e-01
7.110000e-01  3.955533e-01
7.140000e-01  3.947814e-01
7.170000e-01  3.940114e-01
7.200000e-01  3.932434e-01
7.230000e-01  3.924773e-01
7.260000e-01  3.917132e-01
7.290000e-01  3.909509e-01
7.320000e-01  3.901906e-01
7.350000e-01  3.894320e-01
7.380000e-01  3.886753e-01
7.410000e-01  3.879203e-01
7.440000e-01  3.871671e-01
7.470000e-01  3.864156e-01
7.500000e-01  3.856659e-01
7.530000e-01  3.849178e-01
7.560000e-01  3.841715e-01
7.590000e-01  3.834267e-01
7.620000e-01  3.826836e-01
7.650000e-01  3.819420e-01
7.680000e-01  3.812020e-01
7.710000e-01  3.804636e-01
7.740000e-01  3.797267e-01
7.770000e-01  3.789912e-01
7.800000e-01  3.782573e-01
7.830000e-01  3.775248e-01
7.860000e-01  3.767937e-01
7.890000e-01  3.760641e-01
7.920000e-01  3.753358e-01
7.950000e-01  3.746089e-01
7.980000e-01  3.738833e-01
8.010000e-01  3.731590e-01
8.040000e-01  3.724360e-01
8.070000e-01  3.717143e-01
8.100000e-01  3.709938e-01
8.130000e-01  3.702746e-01
8.160000e-01  3.695566e-01
8.190000e-01  3.688397e-01
8.220000e-01  3.681240e-01
8.250000e-01  3.674094e-01
8.280000e-01  3.666960e-01
8.310000e-01  3.659837e-01
8.340000e-01  3.652724e-01
8.370000e-01  3.645621e-01
8.400000e-01  3.638529e-01
8.430000e-01  3.631447e-01
8.460000e-01  3.624375e-01
8.490000e-01  3.617313e-01
8.520000e-01  3.610260e-01
8.550000e-01  3.603216e-01
8.580000e-01  3.596181e-01
8.610000e-01  3.589155e-01
8.640000e-01  3.582137e-01
8.670000e-01  3.575128e-01
8.700000e-01  3.568127e-01
8.730000e-01  3.561134e-01
8.760000e-01  3.554148e-01
8.790000e-01  3.547170e-01
8.820000e-01  3.540199e-01
8.850000e-01  3.533235e-01
8.880000e-01  3.526278e-01
8.910000e-01  3.519328e-01
8.940000e-01  3.512384e-01
8.970000e-01  3.505446e-01
9.000000e-01  3.498514e-01
9.030000e-01  3.491587e-01
9.060000e-01  3.484667e-01
9.090000e-01  3.477751e-01
9.120000e-01  3.470841e-01
9.150000e-01  3.463935e-01
9.180000e-01  3.457034e-01
9.210000e-01  3.450137e-01
9.240000e-01  3.443245e-01
9.270000e-01  3.436356e-01
9.300000e-01  3.429471e-01
9.330000e-01  3.422589e-01
9.360000e-01  3.415711e-01
9.390000e-01  3.408836e-01
9.420000e-01  3.401963e-01
9.450000e-01  3.395093e-01
9.480000e-01  3.388225e-01
9.510000e-01  3.381359e-01
9.540000e-01  3.374495e-01
9.570000e-01  3.367632e-01
9.600000e-01  3.360771e-01
9.630000e-01  3.353911e-01
9.660000e-01  3.347051e-01
9.690000e-01  3.340192e-01
9.720000e-01  000000
9.750000e-01  000000
9.780000e-01  000000
9.810000e-01  000000
9.840000e-01  000000
9.870000e-01  000000
9.900000e-01  000000
9.930000e-01  000000
9.960000e-01  000000
9.990000e-01  000000
