000000  000001
3.000000e-03  9.696071e-01
6.000000e-03  9.438882e-01
9.000000e-03  9.215861e-01
1.200000e-02  9.018951e-01
1.500000e-02  8.842671e-01
1.800000e-02  8.683110e-01
2.100000e-02  8.537380e-01
2.400000e-02  8.403286e-01
2.700000e-02  8.279116e-01
3.000000e-02  8.163514e-01
3.300000e-02  8.055382e-01
3.600000e-02  7.953822e-01
3.900000e-02  7.858086e-01
4.200000e-02  7.767551e-01
4.500000e-02  7.681684e-01
4.800000e-02  7.600033e-01
5.100000e-02  7.522208e-01
5.400000e-02  7.447868e-01
5.700000e-02  7.376718e-01
6.000000e-02  7.308498e-01
6.300000e-02  7.242978e-01
6.600000e-02  7.179954e-01
6.900000e-02  7.119245e-01
7.200000e-02  7.060687e-01
7.500000e-02  7.004135e-01
7.800000e-02  6.949456e-01
8.100000e-02  6.896531e-01
8.400000e-02  6.845251e-01
8.700000e-02  6.795517e-01
9.000000e-02  6.747239e-01
9.300000e-02  6.700335e-01
9.600000e-02  6.654727e-01
9.900000e-02  6.610348e-01
1.020000e-01  6.567131e-01
1.050000e-01  6.525018e-01
1.080000e-01  6.483953e-01
1.110000e-01  6.443885e-01
1.140000e-01  6.404766e-01
1.170000e-01  6.366553e-01
1.200000e-01  6.329203e-01
1.230000e-01  6.292679e-01
1.260000e-01  6.256944e-01
1.290000e-01  6.221964e-01
1.320000e-01  6.187708e-01
1.350000e-01  6.154145e-01
1.380000e-01  6.121248e-01
1.410000e-01  6.088991e-01
1.440000e-01  6.057347e-01
1.470000e-01  6.026295e-01
1.500000e-01  5.995811e-01
1.530000e-01  5.965875e-01
1.560000e-01  5.936467e-01
1.590000e-01  5.907567e-01
1.620000e-01  5.879159e-01
1.650000e-01  5.851225e-01
1.680000e-01  5.823748e-01
1.710000e-01  5.796715e-01
1.740000e-01  5.770109e-01
1.770000e-01  5.743918e-01
1.800000e-01  5.718127e-01
1.830000e-01  5.692724e-01
1.860000e-01  5.667698e-01
1.890000e-01  5.643036e-01
1.920000e-01  5.618728e-01
1.950000e-01  5.594763e-01
1.980000e-01  5.571130e-01
2.010000e-01  5.547821e-01
2.040000e-01  5.524826e-01
2.070000e-01  5.502136e-01
2.100000e-01  5.479742e-01
2.130000e-01  5.457637e-01
2.160000e-01  5.435812e-01
2.190000e-01  5.414260e-01
2.220000e-01  5.392973e-01
2.250000e-01  5.371945e-01
2.280000e-01  5.351169e-01
2.310000e-01  5.330639e-01
2.340000e-01  5.310347e-01
2.370000e-01  5.290289e-01
2.400000e-01  5.270458e-01
2.430000e-01  5.250848e-01
2.460000e-01  5.231455e-01
2.490000e-01  5.212273e-01
2.520000e-01  5.193297e-01
2.550000e-01  5.174521e-01
2.580000e-01  5.155943e-01
2.610000e-01  5.137556e-01
2.640000e-01  5.119356e-01
2.670000e-01  5.101340e-01
2.700000e-01  5.083502e-01
2.730000e-01  5.065840e-01
2.760000e-01  5.048348e-01
2.790000e-01  5.031024e-01
2.820000e-01  5.013864e-01
2.850000e-01  4.996864e-01
2.880000e-01  4.980020e-01
2.910000e-01  4.963330e-01
2.940000e-01  4.946790e-01
2.970000e-01  4.930397e-01
3.000000e-01  4.914148e-01
3.030000e-01  4.898040e-01
3.060000e-01  4.882071e-01
3.090000e-01  4.866236e-01
3.120000e-01  4.850534e-01
3.150000e-01  4.834962e-01
3.180000e-01  4.819518e-01
3.210000e-01  4.804198e-01
3.240000e-01  4.789000e-01
3.270000e-01  4.773923e-01
3.300000e-01  4.758963e-01
3.330000e-01  4.744119e-01
3.360000e-01  4.729388e-01
3.390000e-01  4.714768e-01
3.420000e-01  4.700257e-01
3.450000e-01  4.685853e-01
3.480000e-01  4.671554e-01
3.510000e-01  4.657358e-01
3.540000e-01  4.643264e-01
3.570000e-01  4.629268e-01
3.600000e-01  4.615370e-01
3.630000e-01  4.601568e-01
3.660000e-01  4.587859e-01
3.690000e-01  4.574243e-01
3.720000e-01  4.560718e-01
3.750000e-01  4.547281e-01
3.780000e-01  4.533932e-01
3.810000e-01  4.520669e-01
3.840000e-01  4.507491e-01
3.870000e-01  4.494395e-01
3.900000e-01  4.481381e-01
3.930000e-01  4.468446e-01
3.960000e-01  4.455591e-01
3.990000e-01  4.442813e-01
4.020000e-01  4.430111e-01
4.050000e-01  4.417483e-01
4.080000e-01  4.404929e-01
4.110000e-01  4.392448e-01
4.140000e-01  4.380037e-01
4.170000e-01  4.367696e-01
4.200000e-01  4.355423e-01
4.230000e-01  4.343218e-01
4.260000e-01  4.331080e-01
4.290000e-01  4.319006e-01
4.320000e-01  4.306997e-01
4.350000e-01  4.295050e-01
4.380000e-01  4.283166e-01
4.410000e-01  4.271342e-01
4.440000e-01  4.259579e-01
4.470000e-01  4.247874e-01
4.500000e-01  4.236228e-01
4.530000e-01  4.224638e-01
4.560000e-01  4.213104e-01
4.590000e-01  4.201626e-01
4.620000e-01  4.190202e-01
4.650000e-01  4.178831e-01
4.680000e-01  4.167512e-01
4.710000e-01  4.156245e-01
4.740000e-01  4.145029e-01
4.770000e-01  4.133863e-01
4.800000e-01  4.122745e-01
4.830000e-01  4.111676e-01
4.860000e-01  4.100654e-01
4.890000e-01  4.089679e-01
4.920000e-01  4.078750e-01
4.950000e-01  4.067865e-01
4.980000e-01  4.057025e-01
5.010000e-01  4.046229e-01
5.040000e-01  4.035475e-01
5.070000e-01  4.024763e-01
5.100000e-01  4.014093e-01
5.130000e-01  4.003463e-01
5.160000e-01  3.992873e-01
5.190000e-01  3.982322e-01
5.220000e-01  3.971810e-01
5.250000e-01  3.961336e-01
5.280000e-01  3.950899e-01
5.310000e-01  3.940498e-01
5.340000e-01  3.930134e-01
5.370000e-01  3.919804e-01
5.400000e-01  3.909509e-01
5.430000e-01  3.899249e-01
5.460000e-01  3.889021e-01
5.490000e-01  3.878826e-01
5.520000e-01  3.868663e-01
5.550000e-01  3.858532e-01
5.580000e-01  3.848431e-01
5.610000e-01  3.838361e-01
5.640000e-01  3.828321e-01
5.670000e-01  3.818309e-01
5.700000e-01  3.808326e-01
5.730000e-01  3.798371e-01
5.760000e-01  3.788443e-01
5.790000e-01  3.778542e-01
5.820000e-01  3.768668e-01
5.850000e-01  3.758819e-01
5.880000e-01  3.748995e-01
5.910000e-01  3.739195e-01
5.940000e-01  3.729420e-01
5.970000e-01  3.719668e-01
6.000000e-01  3.709938e-01
6.030000e-01  3.700232e-01
6.060000e-01  3.690546e-01
6.090000e-01  3.680883e-01
6.120000e-01  3.671239e-01
6.150000e-01  3.661616e-01
6.180000e-01  3.652013e-01
6.210000e-01  3.642429e-01
6.240000e-01  3.632863e-01
6.270000e-01  3.623315e-01
6.300000e-01  3.613785e-01
6.330000e-01  3.604272e-01
6.360000e-01  3.594775e-01
6.390000e-01  3.585294e-01
6.420000e-01  3.575828e-01
6.450000e-01  3.566378e-01
6.480000e-01  3.556941e-01
6.510000e-01  3.547519e-01
6.540000e-01  3.538109e-01
6.570000e-01  3.528712e-01
6.600000e-01  3.519328e-01
6.630000e-01  3.509955e-01
6.660000e-01  3.500593e-01
6.690000e-01  3.491241e-01
6.720000e-01  3.481900e-01
6.750000e-01  3.472568e-01
6.780000e-01  3.463245e-01
6.810000e-01  3.453930e-01
6.840000e-01  3.444623e-01
6.870000e-01  3.435323e-01
6.900000e-01  3.426030e-01
6.930000e-01  3.416743e-01
6.960000e-01  3.407461e-01
6.990000e-01  3.398184e-01
7.020000e-01  3.388912e-01
7.050000e-01  3.379643e-01
7.080000e-01  3.370377e-01
7.110000e-01  3.361114e-01
7.140000e-01  3.351853e-01
7.170000e-01  3.342593e-01
7.200000e-01  000000
7.230000e-01  000000
7.260000e-01  000000
7.290000e-01  000000
7.320000e-01  000000
7.350000e-01  000000
7.380000e-01  000000
7.410000e-01  000000
7.440000e-01  000000
7.470000e-01  000000
7.500000e-01  000000
7.530000e-01  000000
7.560000e-01  000000
7.590000e-01  000000
7.620000e-01  000000
7.650000e-01  000000
7.680000e-01  000000
7.710000e-01  000000
7.740000e-01  000000
7.770000e-01  000000
7.800000e-01  000000
7.830000e-01  000000
7.860000e-01  000000
7.890000e-01  000000
7.920000e-01  000000
7.950000e-01  000000
7.980000e-01  000000
8.010000e-01  000000
8.040000e-01  000000
8.070000e-01  000000
8.100000e-01  000000
8.130000e-01  000000
8.160000e-01  000000
8.190000e-01  000000
8.220000e-01  000000
8.250000e-01  000000
8.280000e-01  000000
8.310000e-01  000000
8.340000e-01  000000
8.370000e-01  000000
8.400000e-01  000000
8.430000e-01  000000
8.460000e-01  000000
8.490000e-01  000000
8.520000e-01  000000
8.550000e-01  000000
8.580000e-01  000000
8.610000e-01  000000
8.640000e-01  000000
8.670000e-01  000000
8.700000e-01  000000
8.730000e-01  000000
8.760000e-01  000000
8.790000e-01  000000
8.820000e-01  000000
8.850000e-01  000000
8.880000e-01  000000
8.910000e-01  000000
8.940000e-01  000000
8.970000e-01  000000
9.000000e-01  000000
9.030000e-01  000000
9.060000e-01  000000
9.090000e-01  000000
9.120000e-01  000000
9.150000e-01  000000
9.180000e-01  000000
9.210000e-01  000000
9.240000e-01  000000
9.270000e-01  000000
9.300000e-01  000000
9.330000e-01  000000
9.360000e-01  000000
9.390000e-01  000000
9.420000e-01  000000
9.450000e-01  000000
9.480000e-01  000000
9.510000e-01  000000
9.540000e-01  000000
9.570000e-01  000000
9.600000e-01  000000
9.630000e-01  000000
9.660000e-01  000000
9.690000e-01  000000
9.720000e-01  000000
9.750000e-01  000000
9.780000e-01  000000
9.810000e-01  000000
9.840000e-01  000000
9.870000e-01  000000
9.900000e-01  000000
9.930000e-01  000000
9.960000e-01  000000
9.990000e-01  000000
