000000  000001
3.000000e-03  9.727240e-01
6.000000e-03  9.492730e-01
9.000000e-03  9.286968e-01
1.200000e-02  9.103639e-01
1.500000e-02  8.938319e-01
1.800000e-02  8.787786e-01
2.100000e-02  8.649617e-01
2.400000e-02  8.521941e-01
2.700000e-02  8.403286e-01
3.000000e-02  8.292468e-01
3.300000e-02  8.188523e-01
3.600000e-02  8.090655e-01
3.900000e-02  7.998199e-01
4.200000e-02  7.910593e-01
4.500000e-02  7.827358e-01
4.800000e-02  7.748083e-01
5.100000e-02  7.672411e-01
5.400000e-02  7.600033e-01
5.700000e-02  7.530677e-01
6.000000e-02  7.464102e-01
6.300000e-02  7.400097e-01
6.600000e-02  7.338471e-01
6.900000e-02  7.279057e-01
7.200000e-02  7.221702e-01
7.500000e-02  7.166269e-01
7.800000e-02  7.112635e-01
8.100000e-02  7.060687e-01
8.400000e-02  7.010324e-01
8.700000e-02  6.961451e-01
9.000000e-02  6.913985e-01
9.300000e-02  6.867845e-01
9.600000e-02  6.822961e-01
9.900000e-02  6.779267e-01
1.020000e-01  6.736700e-01
1.050000e-01  6.695204e-01
1.080000e-01  6.654727e-01
1.110000e-01  6.615220e-01
1.140000e-01  6.576637e-01
1.170000e-01  6.538936e-01
1.200000e-01  6.502078e-01
1.230000e-01  6.466025e-01
1.260000e-01  6.430742e-01
1.290000e-01  6.396198e-01
1.320000e-01  6.362361e-01
1.350000e-01  6.329203e-01
1.380000e-01  6.296698e-01
1.410000e-01  6.264819e-01
1.440000e-01  6.233542e-01
1.470000e-01  6.202845e-01
1.500000e-01  6.172707e-01
1.530000e-01  6.143107e-01
1.560000e-01  6.114025e-01
1.590000e-01  6.085445e-01
1.620000e-01  6.057347e-01
1.650000e-01  6.029717e-01
1.680000e-01  6.002537e-01
1.710000e-01  5.975794e-01
1.740000e-01  5.949473e-01
1.770000e-01  5.923561e-01
1.800000e-01  5.898044e-01
1.830000e-01  5.872911e-01
1.860000e-01  5.848149e-01
1.890000e-01  5.823748e-01
1.920000e-01  5.799697e-01
1.950000e-01  5.775985e-01
1.980000e-01  5.752603e-01
2.010000e-01  5.729541e-01
2.040000e-01  5.706790e-01
2.070000e-01  5.684341e-01
2.100000e-01  5.662187e-01
2.130000e-01  5.640318e-01
2.160000e-01  5.618728e-01
2.190000e-01  5.597409e-01
2.220000e-01  5.576354e-01
2.250000e-01  5.555556e-01
2.280000e-01  5.535008e-01
2.310000e-01  5.514704e-01
2.340000e-01  5.494639e-01
2.370000e-01  5.474805e-01
2.400000e-01  5.455198e-01
2.430000e-01  5.435812e-01
2.460000e-01  5.416641e-01
2.490000e-01  5.397681e-01
2.520000e-01  5.378926e-01
2.550000e-01  5.360373e-01
2.580000e-01  5.342015e-01
2.610000e-01  5.323849e-01
2.640000e-01  5.305870e-01
2.670000e-01  5.288074e-01
2.700000e-01  5.270458e-01
2.730000e-01  5.253016e-01
2.760000e-01  5.235746e-01
2.790000e-01  5.218644e-01
2.820000e-01  5.201705e-01
2.850000e-01  5.184927e-01
2.880000e-01  5.168307e-01
2.910000e-01  5.151840e-01
2.940000e-01  5.135524e-01
2.970000e-01  5.119356e-01
3.000000e-01  5.103333e-01
3.030000e-01  5.087451e-01
3.060000e-01  5.071708e-01
3.090000e-01  5.056101e-01
3.120000e-01  5.040628e-01
3.150000e-01  5.025286e-01
3.180000e-01  5.010072e-01
3.210000e-01  4.994985e-01
3.240000e-01  4.980020e-01
3.270000e-01  4.965177e-01
3.300000e-01  4.950453e-01
3.330000e-01  4.935846e-01
3.360000e-01  4.921353e-01
3.390000e-01  4.906972e-01
3.420000e-01  4.892702e-01
3.450000e-01  4.878540e-01
3.480000e-01  4.864485e-01
3.510000e-01  4.850534e-01
3.540000e-01  4.836686e-01
3.570000e-01  4.822939e-01
3.600000e-01  4.809291e-01
3.630000e-01  4.795740e-01
3.660000e-01  4.782285e-01
3.690000e-01  4.768923e-01
3.720000e-01  4.755655e-01
3.750000e-01  4.742477e-01
3.780000e-01  4.729388e-01
3.810000e-01  4.716387e-01
3.840000e-01  4.703473e-01
3.870000e-01  4.690643e-01
3.900000e-01  4.677897e-01
3.930000e-01  4.665232e-01
3.960000e-01  4.652649e-01
3.990000e-01  4.640145e-01
4.020000e-01  4.627719e-01
4.050000e-01  4.615370e-01
4.080000e-01  4.603097e-01
4.110000e-01  4.590898e-01
4.140000e-01  4.578772e-01
4.170000e-01  4.566718e-01
4.200000e-01  4.554735e-01
4.230000e-01  4.542822e-01
4.260000e-01  4.530978e-01
4.290000e-01  4.519201e-01
4.320000e-01  4.507491e-01
4.350000e-01  4.495846e-01
4.380000e-01  4.484266e-01
4.410000e-01  4.472749e-01
4.440000e-01  4.461295e-01
4.470000e-01  4.449902e-01
4.500000e-01  4.438570e-01
4.530000e-01  4.427298e-01
4.560000e-01  4.416085e-01
4.590000e-01  4.404929e-01
4.620000e-01  4.393831e-01
4.650000e-01  4.382789e-01
4.680000e-01  4.371802e-01
4.710000e-01  4.360869e-01
4.740000e-01  4.349990e-01
4.770000e-01  4.339165e-01
4.800000e-01  4.328391e-01
4.830000e-01  4.317668e-01
4.860000e-01  4.306997e-01
4.890000e-01  4.296375e-01
4.920000e-01  4.285801e-01
4.950000e-01  4.275277e-01
4.980000e-01  4.264800e-01
5.010000e-01  4.254370e-01
5.040000e-01  4.243986e-01
5.070000e-01  4.233647e-01
5.100000e-01  4.223354e-01
5.130000e-01  4.213104e-01
5.160000e-01  4.202899e-01
5.190000e-01  4.192736e-01
5.220000e-01  4.182615e-01
5.250000e-01  4.172536e-01
5.280000e-01  4.162499e-01
5.310000e-01  4.152501e-01
5.340000e-01  4.142543e-01
5.370000e-01  4.132625e-01
5.400000e-01  4.122745e-01
5.430000e-01  4.112904e-01
5.460000e-01  4.103100e-01
5.490000e-01  4.093332e-01
5.520000e-01  4.083602e-01
5.550000e-01  4.073907e-01
5.580000e-01  4.064247e-01
5.610000e-01  4.054622e-01
5.640000e-01  4.045032e-01
5.670000e-01  4.035475e-01
5.700000e-01  4.025951e-01
5.730000e-01  4.016460e-01
5.760000e-01  4.007002e-01
5.790000e-01  3.997575e-01
5.820000e-01  3.988179e-01
5.850000e-01  3.978814e-01
5.880000e-01  3.969479e-01
5.910000e-01  3.960175e-01
5.940000e-01  3.950899e-01
5.970000e-01  3.941652e-01
6.000000e-01  3.932434e-01
6.030000e-01  3.923244e-01
6.060000e-01  3.914081e-01
6.090000e-01  3.904945e-01
6.120000e-01  3.895836e-01
6.150000e-01  3.886753e-01
6.180000e-01  3.877695e-01
6.210000e-01  3.868663e-01
6.240000e-01  3.859656e-01
6.270000e-01  3.850673e-01
6.300000e-01  3.841715e-01
6.330000e-01  3.832779e-01
6.360000e-01  3.823867e-01
6.390000e-01  3.814978e-01
6.420000e-01  3.806111e-01
6.450000e-01  3.797267e-01
6.480000e-01  3.788443e-01
6.510000e-01  3.779641e-01
6.540000e-01  3.770860e-01
6.570000e-01  3.762099e-01
6.600000e-01  3.753358e-01
6.630000e-01  3.744636e-01
6.660000e-01  3.735934e-01
6.690000e-01  3.727251e-01
6.720000e-01  3.718585e-01
6.750000e-01  3.709938e-01
6.780000e-01  3.701309e-01
6.810000e-01  3.692697e-01
6.840000e-01  3.684102e-01
6.870000e-01  3.675523e-01
6.900000e-01  3.666960e-01
6.930000e-01  3.658413e-01
6.960000e-01  3.649882e-01
6.990000e-01  3.641365e-01
7.020000e-01  3.632863e-01
7.050000e-01  3.624375e-01
7.080000e-01  3.615901e-01
7.110000e-01  3.607441e-01
7.140000e-01  3.598994e-01
7.170000e-01  3.590559e-01
7.200000e-01  3.582137e-01
7.230000e-01  3.573727e-01
7.260000e-01  3.565329e-01
7.290000e-01  3.556941e-01
7.320000e-01  3.548565e-01
7.350000e-01  3.540199e-01
7.380000e-01  3.531843e-01
7.410000e-01  3.523497e-01
7.440000e-01  3.515161e-01
7.470000e-01  3.506833e-01
7.500000e-01  3.498514e-01
7.530000e-01  3.490203e-01
7.560000e-01  3.481900e-01
7.590000e-01  3.473604e-01
7.620000e-01  3.465316e-01
7.650000e-01  3.457034e-01
7.680000e-01  3.448758e-01
7.710000e-01  3.440489e-01
7.740000e-01  3.432225e-01
7.770000e-01  3.423965e-01
7.800000e-01  3.415711e-01
7.830000e-01  3.407461e-01
7.860000e-01  3.399215e-01
7.890000e-01  3.390972e-01
7.920000e-01  3.382732e-01
7.950000e-01  3.374495e-01
7.980000e-01  3.366260e-01
8.010000e-01  3.358027e-01
8.040000e-01  3.349795e-01
8.070000e-01  3.341564e-01
8.100000e-01  000000
8.130000e-01  000000
8.160000e-01  000000
8.190000e-01  000000
8.220000e-01  000000
8.250000e-01  000000
8.280000e-01  000000
8.310000e-01  000000
8.340000e-01  000000
8.370000e-01  000000
8.400000e-01  000000
8.430000e-01  000000
8.460000e-01  000000
8.490000e-01  000000
8.520000e-01  000000
8.550000e-01  000000
8.580000e-01  000000
8.610000e-01  000000
8.640000e-01  000000
8.670000e-01  000000
8.700000e-01  000000
8.730000e-01  000000
8.760000e-01  000000
8.790000e-01  000000
8.820000e-01  000000
8.850000e-01  000000
8.880000e-01  000000
8.910000e-01  000000
8.940000e-01  000000
8.970000e-01  000000
9.000000e-01  000000
9.030000e-01  000000
9.060000e-01  000000
9.090000e-01  000000
9.120000e-01  000000
9.150000e-01  000000
9.180000e-01  000000
9.210000e-01  000000
9.240000e-01  000000
9.270000e-01  000000
9.300000e-01  000000
9.330000e-01  000000
9.360000e-01  000000
9.390000e-01  000000
9.420000e-01  000000
9.450000e-01  000000
9.480000e-01  000000
9.510000e-01  000000
9.540000e-01  000000
9.570000e-01  000000
9.600000e-01  000000
9.630000e-01  000000
9.660000e-01  000000
9.690000e-01  000000
9.720000e-01  000000
9.750000e-01  000000
9.780000e-01  000000
9.810000e-01  000000
9.840000e-01  000000
9.870000e-01  000000
9.900000e-01  000000
9.930000e-01  000000
9.960000e-01  000000
9.990000e-01  000000
