000000  000001
3.000000e-03  8.828796e-01
6.000000e-03  8.152926e-01
9.000000e-03  7.680216e-01
1.200000e-02  7.318796e-01
1.500000e-02  7.027574e-01
1.800000e-02  6.784585e-01
2.100000e-02  6.576719e-01
2.400000e-02  6.395526e-01
2.700000e-02  6.235248e-01
3.000000e-02  6.091789e-01
3.300000e-02  5.962133e-01
3.600000e-02  5.843998e-01
3.900000e-02  5.735616e-01
4.200000e-02  5.635590e-01
4.500000e-02  5.542798e-01
4.800000e-02  5.456326e-01
5.100000e-02  5.375420e-01
5.400000e-02  5.299451e-01
5.700000e-02  5.227888e-01
6.000000e-02  5.160280e-01
6.300000e-02  5.096241e-01
6.600000e-02  5.035437e-01
6.900000e-02  4.977578e-01
7.200000e-02  4.922410e-01
7.500000e-02  4.869711e-01
7.800000e-02  4.819283e-01
8.100000e-02  4.770952e-01
8.400000e-02  4.724562e-01
8.700000e-02  4.679973e-01
9.000000e-02  4.637060e-01
9.300000e-02  4.595711e-01
9.600000e-02  4.555822e-01
9.900000e-02  4.517302e-01
1.020000e-01  4.480065e-01
1.050000e-01  4.444034e-01
1.080000e-01  4.409140e-01
1.110000e-01  4.375317e-01
1.140000e-01  4.342507e-01
1.170000e-01  4.310654e-01
1.200000e-01  4.279707e-01
1.230000e-01  4.249621e-01
1.260000e-01  4.220351e-01
1.290000e-01  4.191858e-01
1.320000e-01  4.164104e-01
1.350000e-01  4.137055e-01
1.380000e-01  4.110677e-01
1.410000e-01  4.084941e-01
1.440000e-01  4.059818e-01
1.470000e-01  4.035281e-01
1.500000e-01  4.011306e-01
1.530000e-01  3.987870e-01
1.560000e-01  3.964949e-01
1.590000e-01  3.942524e-01
1.620000e-01  3.920574e-01
1.650000e-01  3.899082e-01
1.680000e-01  3.878029e-01
1.710000e-01  3.857400e-01
1.740000e-01  3.837179e-01
1.770000e-01  3.817350e-01
1.800000e-01  3.797901e-01
1.830000e-01  3.778818e-01
1.860000e-01  3.760087e-01
1.890000e-01  3.741698e-01
1.920000e-01  3.723638e-01
1.950000e-01  3.705897e-01
1.980000e-01  3.688464e-01
2.010000e-01  3.671330e-01
2.040000e-01  3.654485e-01
2.070000e-01  3.637920e-01
2.100000e-01  3.621626e-01
2.130000e-01  3.605596e-01
2.160000e-01  3.589821e-01
2.190000e-01  3.574295e-01
2.220000e-01  3.559008e-01
2.250000e-01  3.543956e-01
2.280000e-01  3.529131e-01
2.310000e-01  3.514526e-01
2.340000e-01  3.500136e-01
2.370000e-01  3.485955e-01
2.400000e-01  3.471978e-01
2.430000e-01  3.458198e-01
2.460000e-01  3.444610e-01
2.490000e-01  3.431210e-01
2.520000e-01  3.417993e-01
2.550000e-01  3.404954e-01
2.580000e-01  3.392089e-01
2.610000e-01  3.379393e-01
2.640000e-01  3.366862e-01
2.670000e-01  3.354493e-01
2.700000e-01  3.342280e-01
2.730000e-01  3.330222e-01
2.760000e-01  3.318313e-01
2.790000e-01  3.306550e-01
2.820000e-01  3.294931e-01
2.850000e-01  3.283451e-01
2.880000e-01  3.272108e-01
2.910000e-01  3.260899e-01
2.940000e-01  3.249820e-01
2.970000e-01  3.238869e-01
3.000000e-01  3.228043e-01
3.030000e-01  3.217340e-01
3.060000e-01  3.206756e-01
3.090000e-01  3.196289e-01
3.120000e-01  3.185937e-01
3.150000e-01  3.175698e-01
3.180000e-01  3.165568e-01
3.210000e-01  3.155546e-01
3.240000e-01  3.145630e-01
3.270000e-01  3.135818e-01
3.300000e-01  3.126107e-01
3.330000e-01  3.116496e-01
3.360000e-01  3.106982e-01
3.390000e-01  3.097564e-01
3.420000e-01  3.088239e-01
3.450000e-01  3.079007e-01
3.480000e-01  3.069866e-01
3.510000e-01  3.060813e-01
3.540000e-01  3.051847e-01
3.570000e-01  3.042966e-01
3.600000e-01  3.034169e-01
3.630000e-01  3.025455e-01
3.660000e-01  3.016822e-01
3.690000e-01  3.008268e-01
3.720000e-01  2.999793e-01
3.750000e-01  2.991394e-01
3.780000e-01  2.983070e-01
3.810000e-01  2.974821e-01
3.840000e-01  2.966644e-01
3.870000e-01  2.958539e-01
3.900000e-01  2.950504e-01
3.930000e-01  2.942539e-01
3.960000e-01  2.934642e-01
3.990000e-01  2.926812e-01
4.020000e-01  2.919047e-01
4.050000e-01  2.911347e-01
4.080000e-01  2.903712e-01
4.110000e-01  2.896138e-01
4.140000e-01  2.888627e-01
4.170000e-01  2.881177e-01
4.200000e-01  2.873786e-01
4.230000e-01  2.866454e-01
4.260000e-01  2.859180e-01
4.290000e-01  2.851963e-01
4.320000e-01  2.844803e-01
4.350000e-01  2.837698e-01
4.380000e-01  2.830647e-01
4.410000e-01  2.823650e-01
4.440000e-01  2.816706e-01
4.470000e-01  2.809814e-01
4.500000e-01  2.802974e-01
4.530000e-01  2.796184e-01
4.560000e-01  2.789445e-01
4.590000e-01  2.782754e-01
4.620000e-01  2.776112e-01
4.650000e-01  2.769518e-01
4.680000e-01  2.762970e-01
4.710000e-01  2.756470e-01
4.740000e-01  2.750015e-01
4.770000e-01  2.743606e-01
4.800000e-01  2.737240e-01
4.830000e-01  2.730919e-01
4.860000e-01  2.724642e-01
4.890000e-01  2.718407e-01
4.920000e-01  2.712214e-01
4.950000e-01  2.706063e-01
4.980000e-01  2.699953e-01
5.010000e-01  2.693884e-01
5.040000e-01  2.687854e-01
5.070000e-01  2.681864e-01
5.100000e-01  2.675913e-01
5.130000e-01  2.670001e-01
5.160000e-01  2.664127e-01
5.190000e-01  2.658290e-01
5.220000e-01  2.652490e-01
5.250000e-01  2.646727e-01
5.280000e-01  2.640999e-01
5.310000e-01  2.635308e-01
5.340000e-01  2.629651e-01
5.370000e-01  2.624030e-01
5.400000e-01  2.618443e-01
5.430000e-01  2.612889e-01
5.460000e-01  2.607369e-01
5.490000e-01  2.601883e-01
5.520000e-01  2.596429e-01
5.550000e-01  2.591007e-01
5.580000e-01  2.585617e-01
5.610000e-01  2.580259e-01
5.640000e-01  2.574932e-01
5.670000e-01  2.569636e-01
5.700000e-01  2.564370e-01
5.730000e-01  2.559135e-01
5.760000e-01  2.553929e-01
5.790000e-01  2.548752e-01
5.820000e-01  2.543605e-01
5.850000e-01  2.538487e-01
5.880000e-01  2.533396e-01
5.910000e-01  2.528334e-01
5.940000e-01  2.523300e-01
5.970000e-01  2.518293e-01
6.000000e-01  2.513314e-01
6.030000e-01  2.508361e-01
6.060000e-01  2.503435e-01
6.090000e-01  2.498535e-01
6.120000e-01  2.493661e-01
6.150000e-01  2.488813e-01
6.180000e-01  2.483990e-01
6.210000e-01  2.479192e-01
6.240000e-01  2.474419e-01
6.270000e-01  2.469671e-01
6.300000e-01  2.464948e-01
6.330000e-01  2.460248e-01
6.360000e-01  2.455572e-01
6.390000e-01  2.450920e-01
6.420000e-01  2.446291e-01
6.450000e-01  2.441685e-01
6.480000e-01  2.437102e-01
6.510000e-01  2.432542e-01
6.540000e-01  2.428004e-01
6.570000e-01  2.423489e-01
6.600000e-01  2.418995e-01
6.630000e-01  2.414523e-01
6.660000e-01  2.410073e-01
6.690000e-01  2.405644e-01
6.720000e-01  2.401235e-01
6.750000e-01  2.396848e-01
6.780000e-01  2.392482e-01
6.810000e-01  2.388135e-01
6.840000e-01  2.383810e-01
6.870000e-01  2.379504e-01
6.900000e-01  2.375218e-01
6.930000e-01  2.370951e-01
6.960000e-01  2.366705e-01
6.990000e-01  2.362477e-01
7.020000e-01  2.358269e-01
7.050000e-01  2.354079e-01
7.080000e-01  2.349908e-01
7.110000e-01  2.345756e-01
7.140000e-01  2.341622e-01
7.170000e-01  2.337507e-01
7.200000e-01  2.333409e-01
7.230000e-01  2.329329e-01
7.260000e-01  2.325267e-01
7.290000e-01  2.321223e-01
7.320000e-01  2.317196e-01
7.350000e-01  2.313186e-01
7.380000e-01  2.309193e-01
7.410000e-01  2.305217e-01
7.440000e-01  2.301258e-01
7.470000e-01  2.297315e-01
7.500000e-01  2.293389e-01
7.530000e-01  2.289479e-01
7.560000e-01  2.285585e-01
7.590000e-01  2.281707e-01
7.620000e-01  2.277845e-01
7.650000e-01  2.273999e-01
7.680000e-01  2.270168e-01
7.710000e-01  2.266353e-01
7.740000e-01  2.262553e-01
7.770000e-01  2.258768e-01
7.800000e-01  2.254998e-01
7.830000e-01  2.251244e-01
7.860000e-01  2.247504e-01
7.890000e-01  2.243778e-01
7.920000e-01  2.240067e-01
7.950000e-01  2.236371e-01
7.980000e-01  2.232688e-01
8.010000e-01  2.229020e-01
8.040000e-01  2.225366e-01
8.070000e-01  2.221726e-01
8.100000e-01  2.218099e-01
8.130000e-01  2.214487e-01
8.160000e-01  2.210887e-01
8.190000e-01  2.207302e-01
8.220000e-01  2.203729e-01
8.250000e-01  2.200170e-01
8.280000e-01  2.196624e-01
8.310000e-01  2.193090e-01
8.340000e-01  2.189570e-01
8.370000e-01  2.186063e-01
8.400000e-01  2.182568e-01
8.430000e-01  2.179085e-01
8.460000e-01  2.175616e-01
8.490000e-01  2.172158e-01
8.520000e-01  2.168713e-01
8.550000e-01  2.165280e-01
8.580000e-01  2.161859e-01
8.610000e-01  2.158450e-01
8.640000e-01  2.155052e-01
8.670000e-01  2.151667e-01
8.700000e-01  2.148293e-01
8.730000e-01  2.144931e-01
8.760000e-01  2.141580e-01
8.790000e-01  2.138241e-01
8.820000e-01  2.134913e-01
8.850000e-01  2.131596e-01
8.880000e-01  2.128291e-01
8.910000e-01  2.124996e-01
8.940000e-01  2.121712e-01
8.970000e-01  2.118440e-01
9.000000e-01  2.115178e-01
9.030000e-01  2.111926e-01
9.060000e-01  2.108686e-01
9.090000e-01  2.105455e-01
9.120000e-01  2.102236e-01
9.150000e-01  2.099026e-01
9.180000e-01  2.095827e-01
9.210000e-01  2.092638e-01
9.240000e-01  2.089460e-01
9.270000e-01  2.086291e-01
9.300000e-01  2.083132e-01
9.330000e-01  2.079983e-01
9.360000e-01  2.076844e-01
9.390000e-01  2.073715e-01
9.420000e-01  2.070596e-01
9.450000e-01  2.067486e-01
9.480000e-01  2.064385e-01
9.510000e-01  2.061294e-01
9.540000e-01  2.058213e-01
9.570000e-01  2.055140e-01
9.600000e-01  2.052077e-01
9.630000e-01  2.049023e-01
9.660000e-01  2.045979e-01
9.690000e-01  2.042943e-01
9.720000e-01  2.039916e-01
9.750000e-01  2.036898e-01
9.780000e-01  2.033889e-01
9.810000e-01  2.030889e-01
9.840000e-01  2.027897e-01
9.870000e-01  2.024914e-01
9.900000e-01  2.021940e-01
9.930000e-01  2.018974e-01
9.960000e-01  2.016017e-01
9.990000e-01  2.013068e-01
