000000  000001
3.000000e-03  7.902763e-01
6.000000e-03  7.032061e-01
9.000000e-03  6.487805e-01
1.200000e-02  6.096411e-01
1.500000e-02  5.793281e-01
1.800000e-02  5.547356e-01
2.100000e-02  5.341367e-01
2.400000e-02  5.164747e-01
2.700000e-02  5.010576e-01
3.000000e-02  4.874086e-01
3.300000e-02  4.751855e-01
3.600000e-02  4.641351e-01
3.900000e-02  4.540648e-01
4.200000e-02  4.448248e-01
4.500000e-02  4.362968e-01
4.800000e-02  4.283852e-01
5.100000e-02  4.210122e-01
5.400000e-02  4.141137e-01
5.700000e-02  4.076357e-01
6.000000e-02  4.015332e-01
6.300000e-02  3.957674e-01
6.600000e-02  3.903055e-01
6.900000e-02  3.851188e-01
7.200000e-02  3.801827e-01
7.500000e-02  3.754754e-01
7.800000e-02  3.709779e-01
8.100000e-02  3.666734e-01
8.400000e-02  3.625469e-01
8.700000e-02  3.585851e-01
9.000000e-02  3.547761e-01
9.300000e-02  3.511092e-01
9.600000e-02  3.475748e-01
9.900000e-02  3.441642e-01
1.020000e-01  3.408694e-01
1.050000e-01  3.376831e-01
1.080000e-01  3.345990e-01
1.110000e-01  3.316109e-01
1.140000e-01  3.287133e-01
1.170000e-01  3.259012e-01
1.200000e-01  3.231699e-01
1.230000e-01  3.205152e-01
1.260000e-01  3.179329e-01
1.290000e-01  3.154196e-01
1.320000e-01  3.129716e-01
1.350000e-01  3.105859e-01
1.380000e-01  3.082596e-01
1.410000e-01  3.059897e-01
1.440000e-01  3.037738e-01
1.470000e-01  3.016094e-01
1.500000e-01  2.994943e-01
1.530000e-01  2.974264e-01
1.560000e-01  2.954036e-01
1.590000e-01  2.934242e-01
1.620000e-01  2.914863e-01
1.650000e-01  2.895883e-01
1.680000e-01  2.877286e-01
1.710000e-01  2.859057e-01
1.740000e-01  2.841183e-01
1.770000e-01  2.823650e-01
1.800000e-01  2.806446e-01
1.830000e-01  2.789559e-01
1.860000e-01  2.772976e-01
1.890000e-01  2.756690e-01
1.920000e-01  2.740687e-01
1.950000e-01  2.724960e-01
1.980000e-01  2.709498e-01
2.010000e-01  2.694294e-01
2.040000e-01  2.679338e-01
2.070000e-01  2.664623e-01
2.100000e-01  2.650141e-01
2.130000e-01  2.635885e-01
2.160000e-01  2.621848e-01
2.190000e-01  2.608022e-01
2.220000e-01  2.594403e-01
2.250000e-01  2.580984e-01
2.280000e-01  2.567758e-01
2.310000e-01  2.554721e-01
2.340000e-01  2.541867e-01
2.370000e-01  2.529190e-01
2.400000e-01  2.516687e-01
2.430000e-01  2.504351e-01
2.460000e-01  2.492179e-01
2.490000e-01  2.480166e-01
2.520000e-01  2.468308e-01
2.550000e-01  2.456600e-01
2.580000e-01  2.445040e-01
2.610000e-01  2.433622e-01
2.640000e-01  2.422344e-01
2.670000e-01  2.411202e-01
2.700000e-01  2.400192e-01
2.730000e-01  2.389312e-01
2.760000e-01  2.378558e-01
2.790000e-01  2.367926e-01
2.820000e-01  2.357415e-01
2.850000e-01  2.347021e-01
2.880000e-01  2.336741e-01
2.910000e-01  2.326573e-01
2.940000e-01  2.316515e-01
2.970000e-01  2.306563e-01
3.000000e-01  2.296715e-01
3.030000e-01  2.286969e-01
3.060000e-01  2.277323e-01
3.090000e-01  2.267774e-01
3.120000e-01  2.258320e-01
3.150000e-01  2.248960e-01
3.180000e-01  2.239691e-01
3.210000e-01  2.230511e-01
3.240000e-01  2.221418e-01
3.270000e-01  2.212411e-01
3.300000e-01  2.203487e-01
3.330000e-01  2.194646e-01
3.360000e-01  2.185885e-01
3.390000e-01  2.177202e-01
3.420000e-01  2.168596e-01
3.450000e-01  2.160066e-01
3.480000e-01  2.151610e-01
3.510000e-01  2.143226e-01
3.540000e-01  2.134913e-01
3.570000e-01  2.126670e-01
3.600000e-01  2.118495e-01
3.630000e-01  2.110387e-01
3.660000e-01  2.102345e-01
3.690000e-01  2.094367e-01
3.720000e-01  2.086452e-01
3.750000e-01  2.078599e-01
3.780000e-01  2.070807e-01
3.810000e-01  2.063074e-01
3.840000e-01  2.055400e-01
3.870000e-01  2.047784e-01
3.900000e-01  2.040223e-01
3.930000e-01  2.032719e-01
3.960000e-01  2.025268e-01
3.990000e-01  2.017871e-01
4.020000e-01  2.010526e-01
4.050000e-01  2.003232e-01
4.080000e-01  1.995989e-01
4.110000e-01  1.988795e-01
4.140000e-01  1.981651e-01
4.170000e-01  1.974553e-01
4.200000e-01  1.967503e-01
4.230000e-01  1.960499e-01
4.260000e-01  1.953540e-01
4.290000e-01  1.946626e-01
4.320000e-01  1.939756e-01
4.350000e-01  1.932928e-01
4.380000e-01  1.926143e-01
4.410000e-01  1.919399e-01
4.440000e-01  1.912696e-01
4.470000e-01  1.906033e-01
4.500000e-01  1.899409e-01
4.530000e-01  1.892824e-01
4.560000e-01  1.886277e-01
4.590000e-01  1.879767e-01
4.620000e-01  1.873294e-01
4.650000e-01  1.866857e-01
4.680000e-01  1.860456e-01
4.710000e-01  1.854089e-01
4.740000e-01  1.847756e-01
4.770000e-01  1.841458e-01
4.800000e-01  1.835192e-01
4.830000e-01  1.828959e-01
4.860000e-01  1.822757e-01
4.890000e-01  1.816588e-01
4.920000e-01  1.810448e-01
4.950000e-01  1.804340e-01
4.980000e-01  1.798261e-01
5.010000e-01  1.792211e-01
5.040000e-01  1.786190e-01
5.070000e-01  1.780197e-01
5.100000e-01  1.774233e-01
5.130000e-01  1.768295e-01
5.160000e-01  1.762384e-01
5.190000e-01  1.756500e-01
5.220000e-01  1.750641e-01
5.250000e-01  1.744808e-01
5.280000e-01  1.738999e-01
5.310000e-01  1.733216e-01
5.340000e-01  1.727456e-01
5.370000e-01  1.721720e-01
5.400000e-01  1.716007e-01
5.430000e-01  1.710316e-01
5.460000e-01  1.704648e-01
5.490000e-01  1.699002e-01
5.520000e-01  1.693378e-01
5.550000e-01  1.687775e-01
5.580000e-01  1.682192e-01
5.610000e-01  1.676629e-01
5.640000e-01  1.671087e-01
5.670000e-01  1.665564e-01
5.700000e-01  1.660060e-01
5.730000e-01  1.654574e-01
5.760000e-01  1.649107e-01
5.790000e-01  1.643658e-01
5.820000e-01  1.638227e-01
5.850000e-01  1.632813e-01
5.880000e-01  1.627415e-01
5.910000e-01  1.622034e-01
5.940000e-01  1.616670e-01
5.970000e-01  1.611321e-01
6.000000e-01  1.605987e-01
6.030000e-01  1.600668e-01
6.060000e-01  1.595364e-01
6.090000e-01  1.590074e-01
6.120000e-01  1.584798e-01
6.150000e-01  1.579536e-01
6.180000e-01  1.574287e-01
6.210000e-01  1.569051e-01
6.240000e-01  1.563827e-01
6.270000e-01  1.558615e-01
6.300000e-01  1.553416e-01
6.330000e-01  1.548227e-01
6.360000e-01  1.543050e-01
6.390000e-01  1.537884e-01
6.420000e-01  1.532728e-01
6.450000e-01  1.527582e-01
6.480000e-01  1.522446e-01
6.510000e-01  1.517319e-01
6.540000e-01  1.512201e-01
6.570000e-01  1.507092e-01
6.600000e-01  1.501991e-01
6.630000e-01  1.496898e-01
6.660000e-01  1.491812e-01
6.690000e-01  1.486734e-01
6.720000e-01  1.481663e-01
6.750000e-01  1.476598e-01
6.780000e-01  1.471539e-01
6.810000e-01  1.466486e-01
6.840000e-01  1.461439e-01
6.870000e-01  1.456396e-01
6.900000e-01  1.451358e-01
6.930000e-01  1.446324e-01
6.960000e-01  1.441294e-01
6.990000e-01  1.436267e-01
7.020000e-01  1.431244e-01
7.050000e-01  1.426223e-01
7.080000e-01  1.421204e-01
7.110000e-01  1.416187e-01
7.140000e-01  1.411172e-01
7.170000e-01  1.406157e-01
7.200000e-01  1.401143e-01
7.230000e-01  000000
7.260000e-01  000000
7.290000e-01  000000
7.320000e-01  000000
7.350000e-01  000000
7.380000e-01  000000
7.410000e-01  000000
7.440000e-01  000000
7.470000e-01  000000
7.500000e-01  000000
7.530000e-01  000000
7.560000e-01  000000
7.590000e-01  000000
7.620000e-01  000000
7.650000e-01  000000
7.680000e-01  000000
7.710000e-01  000000
7.740000e-01  000000
7.770000e-01  000000
7.800000e-01  000000
7.830000e-01  000000
7.860000e-01  000000
7.890000e-01  000000
7.920000e-01  000000
7.950000e-01  000000
7.980000e-01  000000
8.010000e-01  000000
8.040000e-01  000000
8.070000e-01  000000
8.100000e-01  000000
8.130000e-01  000000
8.160000e-01  000000
8.190000e-01  000000
8.220000e-01  000000
8.250000e-01  000000
8.280000e-01  000000
8.310000e-01  000000
8.340000e-01  000000
8.370000e-01  000000
8.400000e-01  000000
8.430000e-01  000000
8.460000e-01  000000
8.490000e-01  000000
8.520000e-01  000000
8.550000e-01  000000
8.580000e-01  000000
8.610000e-01  000000
8.640000e-01  000000
8.670000e-01  000000
8.700000e-01  000000
8.730000e-01  000000
8.760000e-01  000000
8.790000e-01  000000
8.820000e-01  000000
8.850000e-01  000000
8.880000e-01  000000
8.910000e-01  000000
8.940000e-01  000000
8.970000e-01  000000
9.000000e-01  000000
9.030000e-01  000000
9.060000e-01  000000
9.090000e-01  000000
9.120000e-01  000000
9.150000e-01  000000
9.180000e-01  000000
9.210000e-01  000000
9.240000e-01  000000
9.270000e-01  000000
9.300000e-01  000000
9.330000e-01  000000
9.360000e-01  000000
9.390000e-01  000000
9.420000e-01  000000
9.450000e-01  000000
9.480000e-01  000000
9.510000e-01  000000
9.540000e-01  000000
9.570000e-01  000000
9.600000e-01  000000
9.630000e-01  000000
9.660000e-01  000000
9.690000e-01  000000
9.720000e-01  000000
9.750000e-01  000000
9.780000e-01  000000
9.810000e-01  000000
9.840000e-01  000000
9.870000e-01  000000
9.900000e-01  000000
9.930000e-01  000000
9.960000e-01  000000
9.990000e-01  000000
