000000  000001
3.000000e-03  8.245169e-01
6.000000e-03  7.427108e-01
9.000000e-03  6.897985e-01
1.200000e-02  6.510606e-01
1.500000e-02  6.207171e-01
1.800000e-02  5.959048e-01
2.100000e-02  5.749995e-01
2.400000e-02  5.569933e-01
2.700000e-02  5.412190e-01
3.000000e-02  5.272124e-01
3.300000e-02  5.146386e-01
3.600000e-02  5.032476e-01
3.900000e-02  4.928489e-01
4.200000e-02  4.832934e-01
4.500000e-02  4.744628e-01
4.800000e-02  4.662613e-01
5.100000e-02  4.586108e-01
5.400000e-02  4.514465e-01
5.700000e-02  4.447141e-01
6.000000e-02  4.383676e-01
6.300000e-02  4.323680e-01
6.600000e-02  4.266818e-01
6.900000e-02  4.212798e-01
7.200000e-02  4.161368e-01
7.500000e-02  4.112307e-01
7.800000e-02  4.065419e-01
8.100000e-02  4.020532e-01
8.400000e-02  3.977493e-01
8.700000e-02  3.936165e-01
9.000000e-02  3.896426e-01
9.300000e-02  3.858166e-01
9.600000e-02  3.821285e-01
9.900000e-02  3.785694e-01
1.020000e-01  3.751310e-01
1.050000e-01  3.718060e-01
1.080000e-01  3.685875e-01
1.110000e-01  3.654694e-01
1.140000e-01  3.624459e-01
1.170000e-01  3.595117e-01
1.200000e-01  3.566622e-01
1.230000e-01  3.538927e-01
1.260000e-01  3.511993e-01
1.290000e-01  3.485779e-01
1.320000e-01  3.460252e-01
1.350000e-01  3.435378e-01
1.380000e-01  3.411126e-01
1.410000e-01  3.387468e-01
1.440000e-01  3.364376e-01
1.470000e-01  3.341825e-01
1.500000e-01  3.319793e-01
1.530000e-01  3.298257e-01
1.560000e-01  3.277196e-01
1.590000e-01  3.256591e-01
1.620000e-01  3.236423e-01
1.650000e-01  3.216675e-01
1.680000e-01  3.197331e-01
1.710000e-01  3.178375e-01
1.740000e-01  3.159793e-01
1.770000e-01  3.141570e-01
1.800000e-01  3.123695e-01
1.830000e-01  3.106154e-01
1.860000e-01  3.088935e-01
1.890000e-01  3.072029e-01
1.920000e-01  3.055423e-01
1.950000e-01  3.039107e-01
1.980000e-01  3.023073e-01
2.010000e-01  3.007311e-01
2.040000e-01  2.991812e-01
2.070000e-01  2.976568e-01
2.100000e-01  2.961570e-01
2.130000e-01  2.946812e-01
2.160000e-01  2.932286e-01
2.190000e-01  2.917984e-01
2.220000e-01  2.903902e-01
2.250000e-01  2.890031e-01
2.280000e-01  2.876366e-01
2.310000e-01  2.862901e-01
2.340000e-01  2.849630e-01
2.370000e-01  2.836548e-01
2.400000e-01  2.823650e-01
2.430000e-01  2.810931e-01
2.460000e-01  2.798386e-01
2.490000e-01  2.786010e-01
2.520000e-01  2.773799e-01
2.550000e-01  2.761748e-01
2.580000e-01  2.749854e-01
2.610000e-01  2.738113e-01
2.640000e-01  2.726521e-01
2.670000e-01  2.715073e-01
2.700000e-01  2.703767e-01
2.730000e-01  2.692599e-01
2.760000e-01  2.681566e-01
2.790000e-01  2.670664e-01
2.820000e-01  2.659891e-01
2.850000e-01  2.649243e-01
2.880000e-01  2.638718e-01
2.910000e-01  2.628313e-01
2.940000e-01  2.618025e-01
2.970000e-01  2.607851e-01
3.000000e-01  2.597789e-01
3.030000e-01  2.587837e-01
3.060000e-01  2.577991e-01
3.090000e-01  2.568251e-01
3.120000e-01  2.558613e-01
3.150000e-01  2.549075e-01
3.180000e-01  2.539636e-01
3.210000e-01  2.530293e-01
3.240000e-01  2.521044e-01
3.270000e-01  2.511887e-01
3.300000e-01  2.502821e-01
3.330000e-01  2.493843e-01
3.360000e-01  2.484952e-01
3.390000e-01  2.476147e-01
3.420000e-01  2.467425e-01
3.450000e-01  2.458784e-01
3.480000e-01  2.450224e-01
3.510000e-01  2.441743e-01
3.540000e-01  2.433339e-01
3.570000e-01  2.425010e-01
3.600000e-01  2.416756e-01
3.630000e-01  2.408576e-01
3.660000e-01  2.400466e-01
3.690000e-01  2.392427e-01
3.720000e-01  2.384457e-01
3.750000e-01  2.376555e-01
3.780000e-01  2.368720e-01
3.810000e-01  2.360949e-01
3.840000e-01  2.353244e-01
3.870000e-01  2.345601e-01
3.900000e-01  2.338020e-01
3.930000e-01  2.330500e-01
3.960000e-01  2.323041e-01
3.990000e-01  2.315640e-01
4.020000e-01  2.308297e-01
4.050000e-01  2.301011e-01
4.080000e-01  2.293781e-01
4.110000e-01  2.286606e-01
4.140000e-01  2.279485e-01
4.170000e-01  2.272417e-01
4.200000e-01  2.265402e-01
4.230000e-01  2.258438e-01
4.260000e-01  2.251525e-01
4.290000e-01  2.244662e-01
4.320000e-01  2.237848e-01
4.350000e-01  2.231082e-01
4.380000e-01  2.224364e-01
4.410000e-01  2.217692e-01
4.440000e-01  2.211067e-01
4.470000e-01  2.204487e-01
4.500000e-01  2.197952e-01
4.530000e-01  2.191461e-01
4.560000e-01  2.185013e-01
4.590000e-01  2.178608e-01
4.620000e-01  2.172244e-01
4.650000e-01  2.165922e-01
4.680000e-01  2.159642e-01
4.710000e-01  2.153401e-01
4.740000e-01  2.147199e-01
4.770000e-01  2.141037e-01
4.800000e-01  2.134913e-01
4.830000e-01  2.128827e-01
4.860000e-01  2.122778e-01
4.890000e-01  2.116767e-01
4.920000e-01  2.110791e-01
4.950000e-01  2.104851e-01
4.980000e-01  2.098946e-01
5.010000e-01  2.093076e-01
5.040000e-01  2.087241e-01
5.070000e-01  2.081439e-01
5.100000e-01  2.075670e-01
5.130000e-01  2.069934e-01
5.160000e-01  2.064230e-01
5.190000e-01  2.058559e-01
5.220000e-01  2.052919e-01
5.250000e-01  2.047310e-01
5.280000e-01  2.041731e-01
5.310000e-01  2.036183e-01
5.340000e-01  2.030664e-01
5.370000e-01  2.025175e-01
5.400000e-01  2.019715e-01
5.430000e-01  2.014283e-01
5.460000e-01  2.008880e-01
5.490000e-01  2.003505e-01
5.520000e-01  1.998157e-01
5.550000e-01  1.992836e-01
5.580000e-01  1.987542e-01
5.610000e-01  1.982274e-01
5.640000e-01  1.977032e-01
5.670000e-01  1.971816e-01
5.700000e-01  1.966625e-01
5.730000e-01  1.961460e-01
5.760000e-01  1.956319e-01
5.790000e-01  1.951202e-01
5.820000e-01  1.946109e-01
5.850000e-01  1.941041e-01
5.880000e-01  1.935995e-01
5.910000e-01  1.930973e-01
5.940000e-01  1.925974e-01
5.970000e-01  1.920997e-01
6.000000e-01  1.916042e-01
6.030000e-01  1.911110e-01
6.060000e-01  1.906199e-01
6.090000e-01  1.901309e-01
6.120000e-01  1.896441e-01
6.150000e-01  1.891593e-01
6.180000e-01  1.886767e-01
6.210000e-01  1.881960e-01
6.240000e-01  1.877173e-01
6.270000e-01  1.872407e-01
6.300000e-01  1.867660e-01
6.330000e-01  1.862932e-01
6.360000e-01  1.858223e-01
6.390000e-01  1.853533e-01
6.420000e-01  1.848862e-01
6.450000e-01  1.844209e-01
6.480000e-01  1.839575e-01
6.510000e-01  1.834958e-01
6.540000e-01  1.830358e-01
6.570000e-01  1.825777e-01
6.600000e-01  1.821212e-01
6.630000e-01  1.816664e-01
6.660000e-01  1.812134e-01
6.690000e-01  1.807619e-01
6.720000e-01  1.803121e-01
6.750000e-01  1.798640e-01
6.780000e-01  1.794174e-01
6.810000e-01  1.789724e-01
6.840000e-01  1.785289e-01
6.870000e-01  1.780870e-01
6.900000e-01  1.776466e-01
6.930000e-01  1.772077e-01
6.960000e-01  1.767703e-01
6.990000e-01  1.763343e-01
7.020000e-01  1.758997e-01
7.050000e-01  1.754666e-01
7.080000e-01  1.750349e-01
7.110000e-01  1.746045e-01
7.140000e-01  1.741755e-01
7.170000e-01  1.737479e-01
7.200000e-01  1.733216e-01
7.230000e-01  1.728965e-01
7.260000e-01  1.724728e-01
7.290000e-01  1.720504e-01
7.320000e-01  1.716292e-01
7.350000e-01  1.712092e-01
7.380000e-01  1.707905e-01
7.410000e-01  1.703730e-01
7.440000e-01  1.699566e-01
7.470000e-01  1.695414e-01
7.500000e-01  1.691274e-01
7.530000e-01  1.687145e-01
7.560000e-01  1.683028e-01
7.590000e-01  1.678921e-01
7.620000e-01  1.674826e-01
7.650000e-01  1.670741e-01
7.680000e-01  1.666667e-01
7.710000e-01  1.662603e-01
7.740000e-01  1.658549e-01
7.770000e-01  1.654506e-01
7.800000e-01  1.650472e-01
7.830000e-01  1.646449e-01
7.860000e-01  1.642435e-01
7.890000e-01  1.638430e-01
7.920000e-01  1.634435e-01
7.950000e-01  1.630449e-01
7.980000e-01  1.626473e-01
8.010000e-01  1.622505e-01
8.040000e-01  1.618546e-01
8.070000e-01  1.614595e-01
8.100000e-01  1.610653e-01
8.130000e-01  1.606719e-01
8.160000e-01  1.602794e-01
8.190000e-01  1.598876e-01
8.220000e-01  1.594967e-01
8.250000e-01  1.591065e-01
8.280000e-01  1.587171e-01
8.310000e-01  1.583284e-01
8.340000e-01  1.579405e-01
8.370000e-01  1.575532e-01
8.400000e-01  1.571667e-01
8.430000e-01  1.567809e-01
8.460000e-01  1.563957e-01
8.490000e-01  1.560112e-01
8.520000e-01  1.556274e-01
8.550000e-01  1.552442e-01
8.580000e-01  1.548616e-01
8.610000e-01  1.544796e-01
8.640000e-01  1.540982e-01
8.670000e-01  1.537174e-01
8.700000e-01  1.533372e-01
8.730000e-01  1.529575e-01
8.760000e-01  1.525783e-01
8.790000e-01  1.521997e-01
8.820000e-01  1.518215e-01
8.850000e-01  1.514439e-01
8.880000e-01  1.510667e-01
8.910000e-01  1.506900e-01
8.940000e-01  1.503138e-01
8.970000e-01  1.499380e-01
9.000000e-01  1.495626e-01
9.030000e-01  1.491876e-01
9.060000e-01  1.488130e-01
9.090000e-01  1.484388e-01
9.120000e-01  1.480649e-01
9.150000e-01  1.476914e-01
9.180000e-01  1.473183e-01
9.210000e-01  1.469454e-01
9.240000e-01  1.465729e-01
9.270000e-01  1.462006e-01
9.300000e-01  1.458286e-01
9.330000e-01  1.454569e-01
9.360000e-01  1.450854e-01
9.390000e-01  1.447142e-01
9.420000e-01  1.443431e-01
9.450000e-01  1.439723e-01
9.480000e-01  1.436016e-01
9.510000e-01  1.432311e-01
9.540000e-01  1.428607e-01
9.570000e-01  1.424905e-01
9.600000e-01  1.421204e-01
9.630000e-01  1.417504e-01
9.660000e-01  1.413805e-01
9.690000e-01  1.410106e-01
9.720000e-01  1.406408e-01
9.750000e-01  1.402710e-01
9.780000e-01  000000
9.810000e-01  000000
9.840000e-01  000000
9.870000e-01  000000
9.900000e-01  000000
9.930000e-01  000000
9.960000e-01  000000
9.990000e-01  000000
