000000  000001
3.000000e-03  7.097432e-01
6.000000e-03  6.163939e-01
9.000000e-03  5.614040e-01
1.200000e-02  5.230133e-01
1.500000e-02  4.938163e-01
1.800000e-02  4.704209e-01
2.100000e-02  4.509997e-01
2.400000e-02  4.344594e-01
2.700000e-02  4.200967e-01
3.000000e-02  4.074332e-01
3.300000e-02  3.961299e-01
3.600000e-02  3.859378e-01
3.900000e-02  3.766694e-01
4.200000e-02  3.681797e-01
4.500000e-02  3.603547e-01
4.800000e-02  3.531031e-01
5.100000e-02  3.463509e-01
5.400000e-02  3.400370e-01
5.700000e-02  3.341107e-01
6.000000e-02  3.285293e-01
6.300000e-02  3.232568e-01
6.600000e-02  3.182622e-01
6.900000e-02  3.135188e-01
7.200000e-02  3.090037e-01
7.500000e-02  3.046966e-01
7.800000e-02  3.005800e-01
8.100000e-02  2.966381e-01
8.400000e-02  2.928574e-01
8.700000e-02  2.892254e-01
9.000000e-02  2.857312e-01
9.300000e-02  2.823650e-01
9.600000e-02  2.791179e-01
9.900000e-02  2.759819e-01
1.020000e-01  2.729498e-01
1.050000e-01  2.700149e-01
1.080000e-01  2.671714e-01
1.110000e-01  2.644136e-01
1.140000e-01  2.617365e-01
1.170000e-01  2.591356e-01
1.200000e-01  2.566066e-01
1.230000e-01  2.541455e-01
1.260000e-01  2.517488e-01
1.290000e-01  2.494131e-01
1.320000e-01  2.471353e-01
1.350000e-01  2.449125e-01
1.380000e-01  2.427421e-01
1.410000e-01  2.406214e-01
1.440000e-01  2.385482e-01
1.470000e-01  2.365202e-01
1.500000e-01  2.345355e-01
1.530000e-01  2.325921e-01
1.560000e-01  2.306882e-01
1.590000e-01  2.288221e-01
1.620000e-01  2.269922e-01
1.650000e-01  2.251969e-01
1.680000e-01  2.234350e-01
1.710000e-01  2.217049e-01
1.740000e-01  2.200055e-01
1.770000e-01  2.183356e-01
1.800000e-01  2.166939e-01
1.830000e-01  2.150795e-01
1.860000e-01  2.134913e-01
1.890000e-01  2.119283e-01
1.920000e-01  2.103896e-01
1.950000e-01  2.088743e-01
1.980000e-01  2.073816e-01
2.010000e-01  2.059106e-01
2.040000e-01  2.044607e-01
2.070000e-01  2.030309e-01
2.100000e-01  2.016208e-01
2.130000e-01  2.002295e-01
2.160000e-01  1.988564e-01
2.190000e-01  1.975010e-01
2.220000e-01  1.961626e-01
2.250000e-01  1.948406e-01
2.280000e-01  1.935346e-01
2.310000e-01  1.922439e-01
2.340000e-01  1.909682e-01
2.370000e-01  1.897068e-01
2.400000e-01  1.884593e-01
2.430000e-01  1.872253e-01
2.460000e-01  1.860044e-01
2.490000e-01  1.847960e-01
2.520000e-01  1.835998e-01
2.550000e-01  1.824155e-01
2.580000e-01  1.812425e-01
2.610000e-01  1.800806e-01
2.640000e-01  1.789294e-01
2.670000e-01  1.777885e-01
2.700000e-01  1.766576e-01
2.730000e-01  1.755364e-01
2.760000e-01  1.744245e-01
2.790000e-01  1.733216e-01
2.820000e-01  1.722274e-01
2.850000e-01  1.711416e-01
2.880000e-01  1.700639e-01
2.910000e-01  1.689941e-01
2.940000e-01  1.679318e-01
2.970000e-01  1.668768e-01
3.000000e-01  1.658288e-01
3.030000e-01  1.647875e-01
3.060000e-01  1.637527e-01
3.090000e-01  1.627242e-01
3.120000e-01  1.617015e-01
3.150000e-01  1.606846e-01
3.180000e-01  1.596731e-01
3.210000e-01  1.586669e-01
3.240000e-01  1.576656e-01
3.270000e-01  1.566690e-01
3.300000e-01  1.556769e-01
3.330000e-01  1.546890e-01
3.360000e-01  1.537052e-01
3.390000e-01  1.527250e-01
3.420000e-01  1.517484e-01
3.450000e-01  1.507751e-01
3.480000e-01  1.498047e-01
3.510000e-01  1.488372e-01
3.540000e-01  1.478721e-01
3.570000e-01  1.469094e-01
3.600000e-01  1.459486e-01
3.630000e-01  1.449896e-01
3.660000e-01  1.440321e-01
3.690000e-01  1.430758e-01
3.720000e-01  1.421204e-01
3.750000e-01  1.411657e-01
3.780000e-01  1.402114e-01
3.810000e-01  000000
3.840000e-01  000000
3.870000e-01  000000
3.900000e-01  000000
3.930000e-01  000000
3.960000e-01  000000
3.990000e-01  000000
4.020000e-01  000000
4.050000e-01  000000
4.080000e-01  000000
4.110000e-01  000000
4.140000e-01  000000
4.170000e-01  000000
4.200000e-01  000000
4.230000e-01  000000
4.260000e-01  000000
4.290000e-01  000000
4.320000e-01  000000
4.350000e-01  000000
4.380000e-01  000000
4.410000e-01  000000
4.440000e-01  000000
4.470000e-01  000000
4.500000e-01  000000
4.530000e-01  000000
4.560000e-01  000000
4.590000e-01  000000
4.620000e-01  000000
4.650000e-01  000000
4.680000e-01  000000
4.710000e-01  000000
4.740000e-01  000000
4.770000e-01  000000
4.800000e-01  000000
4.830000e-01  000000
4.860000e-01  000000
4.890000e-01  000000
4.920000e-01  000000
4.950000e-01  000000
4.980000e-01  000000
5.010000e-01  000000
5.040000e-01  000000
5.070000e-01  000000
5.100000e-01  000000
5.130000e-01  000000
5.160000e-01  000000
5.190000e-01  000000
5.220000e-01  000000
5.250000e-01  000000
5.280000e-01  000000
5.310000e-01  000000
5.340000e-01  000000
5.370000e-01  000000
5.400000e-01  000000
5.430000e-01  000000
5.460000e-01  000000
5.490000e-01  000000
5.520000e-01  000000
5.550000e-01  000000
5.580000e-01  000000
5.610000e-01  000000
5.640000e-01  000000
5.670000e-01  000000
5.700000e-01  000000
5.730000e-01  000000
5.760000e-01  000000
5.790000e-01  000000
5.820000e-01  000000
5.850000e-01  000000
5.880000e-01  000000
5.910000e-01  000000
5.940000e-01  000000
5.970000e-01  000000
6.000000e-01  000000
6.030000e-01  000000
6.060000e-01  000000
6.090000e-01  000000
6.120000e-01  000000
6.150000e-01  000000
6.180000e-01  000000
6.210000e-01  000000
6.240000e-01  000000
6.270000e-01  000000
6.300000e-01  000000
6.330000e-01  000000
6.360000e-01  000000
6.390000e-01  000000
6.420000e-01  000000
6.450000e-01  000000
6.480000e-01  000000
6.510000e-01  000000
6.540000e-01  000000
6.570000e-01  000000
6.600000e-01  000000
6.630000e-01  000000
6.660000e-01  000000
6.690000e-01  000000
6.720000e-01  000000
6.750000e-01  000000
6.780000e-01  000000
6.810000e-01  000000
6.840000e-01  000000
6.870000e-01  000000
6.900000e-01  000000
6.930000e-01  000000
6.960000e-01  000000
6.990000e-01  000000
7.020000e-01  000000
7.050000e-01  000000
7.080000e-01  000000
7.110000e-01  000000
7.140000e-01  000000
7.170000e-01  000000
7.200000e-01  000000
7.230000e-01  000000
7.260000e-01  000000
7.290000e-01  000000
7.320000e-01  000000
7.350000e-01  000000
7.380000e-01  000000
7.410000e-01  000000
7.440000e-01  000000
7.470000e-01  000000
7.500000e-01  000000
7.530000e-01  000000
7.560000e-01  000000
7.590000e-01  000000
7.620000e-01  000000
7.650000e-01  000000
7.680000e-01  000000
7.710000e-01  000000
7.740000e-01  000000
7.770000e-01  000000
7.800000e-01  000000
7.830000e-01  000000
7.860000e-01  000000
7.890000e-01  000000
7.920000e-01  000000
7.950000e-01  000000
7.980000e-01  000000
8.010000e-01  000000
8.040000e-01  000000
8.070000e-01  000000
8.100000e-01  000000
8.130000e-01  000000
8.160000e-01  000000
8.190000e-01  000000
8.220000e-01  000000
8.250000e-01  000000
8.280000e-01  000000
8.310000e-01  000000
8.340000e-01  000000
8.370000e-01  000000
8.400000e-01  000000
8.430000e-01  000000
8.460000e-01  000000
8.490000e-01  000000
8.520000e-01  000000
8.550000e-01  000000
8.580000e-01  000000
8.610000e-01  000000
8.640000e-01  000000
8.670000e-01  000000
8.700000e-01  000000
8.730000e-01  000000
8.760000e-01  000000
8.790000e-01  000000
8.820000e-01  000000
8.850000e-01  000000
8.880000e-01  000000
8.910000e-01  000000
8.940000e-01  000000
8.970000e-01  000000
9.000000e-01  000000
9.030000e-01  000000
9.060000e-01  000000
9.090000e-01  000000
9.120000e-01  000000
9.150000e-01  000000
9.180000e-01  000000
9.210000e-01  000000
9.240000e-01  000000
9.270000e-01  000000
9.300000e-01  000000
9.330000e-01  000000
9.360000e-01  000000
9.390000e-01  000000
9.420000e-01  000000
9.450000e-01  000000
9.480000e-01  000000
9.510000e-01  000000
9.540000e-01  000000
9.570000e-01  000000
9.600000e-01  000000
9.630000e-01  000000
9.660000e-01  000000
9.690000e-01  000000
9.720000e-01  000000
9.750000e-01  000000
9.780000e-01  000000
9.810000e-01  000000
9.840000e-01  000000
9.870000e-01  000000
9.900000e-01  000000
9.930000e-01  000000
9.960000e-01  000000
9.990000e-01  000000
