000000  000001
3.000000e-03  8.217869e-01
6.000000e-03  7.394897e-01
9.000000e-03  6.864182e-01
1.200000e-02  6.476254e-01
1.500000e-02  6.172696e-01
1.800000e-02  5.924648e-01
2.100000e-02  5.715769e-01
2.400000e-02  5.535932e-01
2.700000e-02  5.378437e-01
3.000000e-02  5.238630e-01
3.300000e-02  5.113151e-01
3.600000e-02  4.999500e-01
3.900000e-02  4.895765e-01
4.200000e-02  4.800455e-01
4.500000e-02  4.712385e-01
4.800000e-02  4.630600e-01
5.100000e-02  4.554316e-01
5.400000e-02  4.482885e-01
5.700000e-02  4.415765e-01
6.000000e-02  4.352498e-01
6.300000e-02  4.292692e-01
6.600000e-02  4.236013e-01
6.900000e-02  4.182169e-01
7.200000e-02  4.130909e-01
7.500000e-02  4.082011e-01
7.800000e-02  4.035281e-01
8.100000e-02  3.990547e-01
8.400000e-02  3.947656e-01
8.700000e-02  3.906471e-01
9.000000e-02  3.866870e-01
9.300000e-02  3.828743e-01
9.600000e-02  3.791991e-01
9.900000e-02  3.756525e-01
1.020000e-01  3.722262e-01
1.050000e-01  3.689129e-01
1.080000e-01  3.657058e-01
1.110000e-01  3.625987e-01
1.140000e-01  3.595859e-01
1.170000e-01  3.566622e-01
1.200000e-01  3.538227e-01
1.230000e-01  3.510631e-01
1.260000e-01  3.483792e-01
1.290000e-01  3.457672e-01
1.320000e-01  3.432235e-01
1.350000e-01  3.407448e-01
1.380000e-01  3.383282e-01
1.410000e-01  3.359707e-01
1.440000e-01  3.336696e-01
1.470000e-01  3.314225e-01
1.500000e-01  3.292269e-01
1.530000e-01  3.270808e-01
1.560000e-01  3.249820e-01
1.590000e-01  3.229286e-01
1.620000e-01  3.209188e-01
1.650000e-01  3.189508e-01
1.680000e-01  3.170230e-01
1.710000e-01  3.151338e-01
1.740000e-01  3.132819e-01
1.770000e-01  3.114659e-01
1.800000e-01  3.096843e-01
1.830000e-01  3.079361e-01
1.860000e-01  3.062200e-01
1.890000e-01  3.045349e-01
1.920000e-01  3.028797e-01
1.950000e-01  3.012535e-01
1.980000e-01  2.996553e-01
2.010000e-01  2.980842e-01
2.040000e-01  2.965393e-01
2.070000e-01  2.950197e-01
2.100000e-01  2.935247e-01
2.130000e-01  2.920535e-01
2.160000e-01  2.906054e-01
2.190000e-01  2.891798e-01
2.220000e-01  2.877758e-01
2.250000e-01  2.863929e-01
2.280000e-01  2.850306e-01
2.310000e-01  2.836881e-01
2.340000e-01  2.823650e-01
2.370000e-01  2.810607e-01
2.400000e-01  2.797747e-01
2.430000e-01  2.785064e-01
2.460000e-01  2.772555e-01
2.490000e-01  2.760215e-01
2.520000e-01  2.748038e-01
2.550000e-01  2.736021e-01
2.580000e-01  2.724161e-01
2.610000e-01  2.712452e-01
2.640000e-01  2.700890e-01
2.670000e-01  2.689474e-01
2.700000e-01  2.678198e-01
2.730000e-01  2.667059e-01
2.760000e-01  2.656055e-01
2.790000e-01  2.645181e-01
2.820000e-01  2.634435e-01
2.850000e-01  2.623814e-01
2.880000e-01  2.613315e-01
2.910000e-01  2.602935e-01
2.940000e-01  2.592672e-01
2.970000e-01  2.582522e-01
3.000000e-01  2.572484e-01
3.030000e-01  2.562555e-01
3.060000e-01  2.552732e-01
3.090000e-01  2.543013e-01
3.120000e-01  2.533396e-01
3.150000e-01  2.523879e-01
3.180000e-01  2.514460e-01
3.210000e-01  2.505137e-01
3.240000e-01  2.495907e-01
3.270000e-01  2.486769e-01
3.300000e-01  2.477721e-01
3.330000e-01  2.468761e-01
3.360000e-01  2.459887e-01
3.390000e-01  2.451098e-01
3.420000e-01  2.442392e-01
3.450000e-01  2.433768e-01
3.480000e-01  2.425223e-01
3.510000e-01  2.416756e-01
3.540000e-01  2.408367e-01
3.570000e-01  2.400052e-01
3.600000e-01  2.391812e-01
3.630000e-01  2.383644e-01
3.660000e-01  2.375547e-01
3.690000e-01  2.367520e-01
3.720000e-01  2.359562e-01
3.750000e-01  2.351671e-01
3.780000e-01  2.343846e-01
3.810000e-01  2.336086e-01
3.840000e-01  2.328390e-01
3.870000e-01  2.320757e-01
3.900000e-01  2.313186e-01
3.930000e-01  2.305675e-01
3.960000e-01  2.298223e-01
3.990000e-01  2.290830e-01
4.020000e-01  2.283495e-01
4.050000e-01  2.276216e-01
4.080000e-01  2.268993e-01
4.110000e-01  2.261824e-01
4.140000e-01  2.254709e-01
4.170000e-01  2.247647e-01
4.200000e-01  2.240637e-01
4.230000e-01  2.233678e-01
4.260000e-01  2.226770e-01
4.290000e-01  2.219911e-01
4.320000e-01  2.213101e-01
4.350000e-01  2.206338e-01
4.380000e-01  2.199623e-01
4.410000e-01  2.192955e-01
4.440000e-01  2.186332e-01
4.470000e-01  2.179754e-01
4.500000e-01  2.173221e-01
4.530000e-01  2.166731e-01
4.560000e-01  2.160284e-01
4.590000e-01  2.153879e-01
4.620000e-01  2.147516e-01
4.650000e-01  2.141195e-01
4.680000e-01  2.134913e-01
4.710000e-01  2.128672e-01
4.740000e-01  2.122469e-01
4.770000e-01  2.116306e-01
4.800000e-01  2.110180e-01
4.830000e-01  2.104092e-01
4.860000e-01  2.098041e-01
4.890000e-01  2.092026e-01
4.920000e-01  2.086048e-01
4.950000e-01  2.080104e-01
4.980000e-01  2.074196e-01
5.010000e-01  2.068322e-01
5.040000e-01  2.062482e-01
5.070000e-01  2.056675e-01
5.100000e-01  2.050902e-01
5.130000e-01  2.045160e-01
5.160000e-01  2.039451e-01
5.190000e-01  2.033774e-01
5.220000e-01  2.028127e-01
5.250000e-01  2.022512e-01
5.280000e-01  2.016926e-01
5.310000e-01  2.011371e-01
5.340000e-01  2.005844e-01
5.370000e-01  2.000347e-01
5.400000e-01  1.994879e-01
5.430000e-01  1.989439e-01
5.460000e-01  1.984027e-01
5.490000e-01  1.978642e-01
5.520000e-01  1.973285e-01
5.550000e-01  1.967954e-01
5.580000e-01  1.962649e-01
5.610000e-01  1.957371e-01
5.640000e-01  1.952119e-01
5.670000e-01  1.946891e-01
5.700000e-01  1.941689e-01
5.730000e-01  1.936512e-01
5.760000e-01  1.931359e-01
5.790000e-01  1.926230e-01
5.820000e-01  1.921124e-01
5.850000e-01  1.916042e-01
5.880000e-01  1.910983e-01
5.910000e-01  1.905947e-01
5.940000e-01  1.900934e-01
5.970000e-01  1.895943e-01
6.000000e-01  1.890973e-01
6.030000e-01  1.886026e-01
6.060000e-01  1.881099e-01
6.090000e-01  1.876194e-01
6.120000e-01  1.871310e-01
6.150000e-01  1.866446e-01
6.180000e-01  1.861602e-01
6.210000e-01  1.856778e-01
6.240000e-01  1.851974e-01
6.270000e-01  1.847190e-01
6.300000e-01  1.842425e-01
6.330000e-01  1.837678e-01
6.360000e-01  1.832951e-01
6.390000e-01  1.828242e-01
6.420000e-01  1.823551e-01
6.450000e-01  1.818878e-01
6.480000e-01  1.814223e-01
6.510000e-01  1.809585e-01
6.540000e-01  1.804965e-01
6.570000e-01  1.800362e-01
6.600000e-01  1.795775e-01
6.630000e-01  1.791206e-01
6.660000e-01  1.786652e-01
6.690000e-01  1.782115e-01
6.720000e-01  1.777594e-01
6.750000e-01  1.773089e-01
6.780000e-01  1.768599e-01
6.810000e-01  1.764124e-01
6.840000e-01  1.759665e-01
6.870000e-01  1.755221e-01
6.900000e-01  1.750791e-01
6.930000e-01  1.746376e-01
6.960000e-01  1.741975e-01
6.990000e-01  1.737588e-01
7.020000e-01  1.733216e-01
7.050000e-01  1.728857e-01
7.080000e-01  1.724511e-01
7.110000e-01  1.720179e-01
7.140000e-01  1.715860e-01
7.170000e-01  1.711555e-01
7.200000e-01  1.707262e-01
7.230000e-01  1.702981e-01
7.260000e-01  1.698714e-01
7.290000e-01  1.694458e-01
7.320000e-01  1.690214e-01
7.350000e-01  1.685983e-01
7.380000e-01  1.681763e-01
7.410000e-01  1.677555e-01
7.440000e-01  1.673358e-01
7.470000e-01  1.669173e-01
7.500000e-01  1.664998e-01
7.530000e-01  1.660835e-01
7.560000e-01  1.656682e-01
7.590000e-01  1.652540e-01
7.620000e-01  1.648408e-01
7.650000e-01  1.644286e-01
7.680000e-01  1.640175e-01
7.710000e-01  1.636073e-01
7.740000e-01  1.631981e-01
7.770000e-01  1.627899e-01
7.800000e-01  1.623826e-01
7.830000e-01  1.619763e-01
7.860000e-01  1.615708e-01
7.890000e-01  1.611663e-01
7.920000e-01  1.607626e-01
7.950000e-01  1.603598e-01
7.980000e-01  1.599579e-01
8.010000e-01  1.595568e-01
8.040000e-01  1.591565e-01
8.070000e-01  1.587570e-01
8.100000e-01  1.583583e-01
8.130000e-01  1.579603e-01
8.160000e-01  1.575632e-01
8.190000e-01  1.571667e-01
8.220000e-01  1.567710e-01
8.250000e-01  1.563760e-01
8.280000e-01  1.559817e-01
8.310000e-01  1.555881e-01
8.340000e-01  1.551951e-01
8.370000e-01  1.548028e-01
8.400000e-01  1.544111e-01
8.430000e-01  1.540201e-01
8.460000e-01  1.536296e-01
8.490000e-01  1.532398e-01
8.520000e-01  1.528505e-01
8.550000e-01  1.524618e-01
8.580000e-01  1.520736e-01
8.610000e-01  1.516859e-01
8.640000e-01  1.512988e-01
8.670000e-01  1.509121e-01
8.700000e-01  1.505260e-01
8.730000e-01  1.501403e-01
8.760000e-01  1.497550e-01
8.790000e-01  1.493702e-01
8.820000e-01  1.489858e-01
8.850000e-01  1.486019e-01
8.880000e-01  1.482183e-01
8.910000e-01  1.478351e-01
8.940000e-01  1.474522e-01
8.970000e-01  1.470697e-01
9.000000e-01  1.466875e-01
9.030000e-01  1.463056e-01
9.060000e-01  1.459240e-01
9.090000e-01  1.455427e-01
9.120000e-01  1.451616e-01
9.150000e-01  1.447808e-01
9.180000e-01  1.444002e-01
9.210000e-01  1.440198e-01
9.240000e-01  1.436396e-01
9.270000e-01  1.432596e-01
9.300000e-01  1.428797e-01
9.330000e-01  1.425000e-01
9.360000e-01  1.421204e-01
9.390000e-01  1.417409e-01
9.420000e-01  1.413615e-01
9.450000e-01  1.409822e-01
9.480000e-01  1.406029e-01
9.510000e-01  1.402236e-01
9.540000e-01  000000
9.570000e-01  000000
9.600000e-01  000000
9.630000e-01  000000
9.660000e-01  000000
9.690000e-01  000000
9.720000e-01  000000
9.750000e-01  000000
9.780000e-01  000000
9.810000e-01  000000
9.840000e-01  000000
9.870000e-01  000000
9.900000e-01  000000
9.930000e-01  000000
9.960000e-01  000000
9.990000e-01  000000
