000000  000001
3.000000e-03  7.841192e-01
6.000000e-03  6.962924e-01
9.000000e-03  6.416932e-01
1.200000e-02  6.025393e-01
1.500000e-02  5.722681e-01
1.800000e-02  5.477395e-01
2.100000e-02  5.272124e-01
2.400000e-02  5.096241e-01
2.700000e-02  4.942797e-01
3.000000e-02  4.807010e-01
3.300000e-02  4.685452e-01
3.600000e-02  4.575590e-01
3.900000e-02  4.475496e-01
4.200000e-02  4.383676e-01
4.500000e-02  4.298945e-01
4.800000e-02  4.220351e-01
5.100000e-02  4.147118e-01
5.400000e-02  4.078604e-01
5.700000e-02  4.014273e-01
6.000000e-02  3.953676e-01
6.300000e-02  3.896426e-01
6.600000e-02  3.842197e-01
6.900000e-02  3.790703e-01
7.200000e-02  3.741698e-01
7.500000e-02  3.694966e-01
7.800000e-02  3.650318e-01
8.100000e-02  3.607586e-01
8.400000e-02  3.566622e-01
8.700000e-02  3.527293e-01
9.000000e-02  3.489481e-01
9.300000e-02  3.453080e-01
9.600000e-02  3.417993e-01
9.900000e-02  3.384135e-01
1.020000e-01  3.351425e-01
1.050000e-01  3.319793e-01
1.080000e-01  3.289174e-01
1.110000e-01  3.259507e-01
1.140000e-01  3.230738e-01
1.170000e-01  3.202817e-01
1.200000e-01  3.175698e-01
1.230000e-01  3.149337e-01
1.260000e-01  3.123695e-01
1.290000e-01  3.098736e-01
1.320000e-01  3.074425e-01
1.350000e-01  3.050732e-01
1.380000e-01  3.027626e-01
1.410000e-01  3.005081e-01
1.440000e-01  2.983070e-01
1.470000e-01  2.961570e-01
1.500000e-01  2.940558e-01
1.530000e-01  2.920014e-01
1.560000e-01  2.899917e-01
1.590000e-01  2.880249e-01
1.620000e-01  2.860993e-01
1.650000e-01  2.842132e-01
1.680000e-01  2.823650e-01
1.710000e-01  2.805533e-01
1.740000e-01  2.787767e-01
1.770000e-01  2.770339e-01
1.800000e-01  2.753237e-01
1.830000e-01  2.736448e-01
1.860000e-01  2.719961e-01
1.890000e-01  2.703767e-01
1.920000e-01  2.687854e-01
1.950000e-01  2.672214e-01
1.980000e-01  2.656836e-01
2.010000e-01  2.641713e-01
2.040000e-01  2.626836e-01
2.070000e-01  2.612197e-01
2.100000e-01  2.597789e-01
2.130000e-01  2.583604e-01
2.160000e-01  2.569636e-01
2.190000e-01  2.555878e-01
2.220000e-01  2.542323e-01
2.250000e-01  2.528965e-01
2.280000e-01  2.515800e-01
2.310000e-01  2.502821e-01
2.340000e-01  2.490022e-01
2.370000e-01  2.477400e-01
2.400000e-01  2.464948e-01
2.430000e-01  2.452662e-01
2.460000e-01  2.440538e-01
2.490000e-01  2.428571e-01
2.520000e-01  2.416756e-01
2.550000e-01  2.405091e-01
2.580000e-01  2.393571e-01
2.610000e-01  2.382193e-01
2.640000e-01  2.370951e-01
2.670000e-01  2.359845e-01
2.700000e-01  2.348869e-01
2.730000e-01  2.338020e-01
2.760000e-01  2.327296e-01
2.790000e-01  2.316693e-01
2.820000e-01  2.306209e-01
2.850000e-01  2.295841e-01
2.880000e-01  2.285585e-01
2.910000e-01  2.275439e-01
2.940000e-01  2.265402e-01
2.970000e-01  2.255469e-01
3.000000e-01  2.245639e-01
3.030000e-01  2.235910e-01
3.060000e-01  2.226278e-01
3.090000e-01  2.216743e-01
3.120000e-01  2.207302e-01
3.150000e-01  2.197952e-01
3.180000e-01  2.188692e-01
3.210000e-01  2.179520e-01
3.240000e-01  2.170434e-01
3.270000e-01  2.161432e-01
3.300000e-01  2.152512e-01
3.330000e-01  2.143673e-01
3.360000e-01  2.134913e-01
3.390000e-01  2.126230e-01
3.420000e-01  2.117623e-01
3.450000e-01  2.109090e-01
3.480000e-01  2.100630e-01
3.510000e-01  2.092241e-01
3.540000e-01  2.083921e-01
3.570000e-01  2.075670e-01
3.600000e-01  2.067486e-01
3.630000e-01  2.059367e-01
3.660000e-01  2.051313e-01
3.690000e-01  2.043322e-01
3.720000e-01  2.035393e-01
3.750000e-01  2.027524e-01
3.780000e-01  2.019715e-01
3.810000e-01  2.011964e-01
3.840000e-01  2.004271e-01
3.870000e-01  1.996634e-01
3.900000e-01  1.989051e-01
3.930000e-01  1.981523e-01
3.960000e-01  1.974048e-01
3.990000e-01  1.966625e-01
4.020000e-01  1.959253e-01
4.050000e-01  1.951931e-01
4.080000e-01  1.944659e-01
4.110000e-01  1.937434e-01
4.140000e-01  1.930257e-01
4.170000e-01  1.923127e-01
4.200000e-01  1.916042e-01
4.230000e-01  1.909002e-01
4.260000e-01  1.902006e-01
4.290000e-01  1.895054e-01
4.320000e-01  1.888144e-01
4.350000e-01  1.881275e-01
4.380000e-01  1.874447e-01
4.410000e-01  1.867660e-01
4.440000e-01  1.860912e-01
4.470000e-01  1.854202e-01
4.500000e-01  1.847531e-01
4.530000e-01  1.840897e-01
4.560000e-01  1.834299e-01
4.590000e-01  1.827738e-01
4.620000e-01  1.821212e-01
4.650000e-01  1.814721e-01
4.680000e-01  1.808263e-01
4.710000e-01  1.801839e-01
4.740000e-01  1.795448e-01
4.770000e-01  1.789089e-01
4.800000e-01  1.782762e-01
4.830000e-01  1.776466e-01
4.860000e-01  1.770200e-01
4.890000e-01  1.763965e-01
4.920000e-01  1.757758e-01
4.950000e-01  1.751581e-01
4.980000e-01  1.745431e-01
5.010000e-01  1.739310e-01
5.040000e-01  1.733216e-01
5.070000e-01  1.727148e-01
5.100000e-01  1.721106e-01
5.130000e-01  1.715091e-01
5.160000e-01  1.709100e-01
5.190000e-01  1.703134e-01
5.220000e-01  1.697192e-01
5.250000e-01  1.691274e-01
5.280000e-01  1.685379e-01
5.310000e-01  1.679507e-01
5.340000e-01  1.673658e-01
5.370000e-01  1.667830e-01
5.400000e-01  1.662023e-01
5.430000e-01  1.656238e-01
5.460000e-01  1.650472e-01
5.490000e-01  1.644727e-01
5.520000e-01  1.639002e-01
5.550000e-01  1.633296e-01
5.580000e-01  1.627608e-01
5.610000e-01  1.621938e-01
5.640000e-01  1.616287e-01
5.670000e-01  1.610653e-01
5.700000e-01  1.605036e-01
5.730000e-01  1.599435e-01
5.760000e-01  1.593851e-01
5.790000e-01  1.588283e-01
5.820000e-01  1.582729e-01
5.850000e-01  1.577191e-01
5.880000e-01  1.571667e-01
5.910000e-01  1.566157e-01
5.940000e-01  1.560661e-01
5.970000e-01  1.555179e-01
6.000000e-01  1.549709e-01
6.030000e-01  1.544251e-01
6.060000e-01  1.538806e-01
6.090000e-01  1.533372e-01
6.120000e-01  1.527949e-01
6.150000e-01  1.522537e-01
6.180000e-01  1.517136e-01
6.210000e-01  1.511744e-01
6.240000e-01  1.506363e-01
6.270000e-01  1.500990e-01
6.300000e-01  1.495626e-01
6.330000e-01  1.490270e-01
6.360000e-01  1.484922e-01
6.390000e-01  1.479582e-01
6.420000e-01  1.474249e-01
6.450000e-01  1.468922e-01
6.480000e-01  1.463601e-01
6.510000e-01  1.458286e-01
6.540000e-01  1.452977e-01
6.570000e-01  1.447672e-01
6.600000e-01  1.442371e-01
6.630000e-01  1.437075e-01
6.660000e-01  1.431782e-01
6.690000e-01  1.426492e-01
6.720000e-01  1.421204e-01
6.750000e-01  1.415919e-01
6.780000e-01  1.410634e-01
6.810000e-01  1.405351e-01
6.840000e-01  000000
6.870000e-01  000000
6.900000e-01  000000
6.930000e-01  000000
6.960000e-01  000000
6.990000e-01  000000
7.020000e-01  000000
7.050000e-01  000000
7.080000e-01  000000
7.110000e-01  000000
7.140000e-01  000000
7.170000e-01  000000
7.200000e-01  000000
7.230000e-01  000000
7.260000e-01  000000
7.290000e-01  000000
7.320000e-01  000000
7.350000e-01  000000
7.380000e-01  000000
7.410000e-01  000000
7.440000e-01  000000
7.470000e-01  000000
7.500000e-01  000000
7.530000e-01  000000
7.560000e-01  000000
7.590000e-01  000000
7.620000e-01  000000
7.650000e-01  000000
7.680000e-01  000000
7.710000e-01  000000
7.740000e-01  000000
7.770000e-01  000000
7.800000e-01  000000
7.830000e-01  000000
7.860000e-01  000000
7.890000e-01  000000
7.920000e-01  000000
7.950000e-01  000000
7.980000e-01  000000
8.010000e-01  000000
8.040000e-01  000000
8.070000e-01  000000
8.100000e-01  000000
8.130000e-01  000000
8.160000e-01  000000
8.190000e-01  000000
8.220000e-01  000000
8.250000e-01  000000
8.280000e-01  000000
8.310000e-01  000000
8.340000e-01  000000
8.370000e-01  000000
8.400000e-01  000000
8.430000e-01  000000
8.460000e-01  000000
8.490000e-01  000000
8.520000e-01  000000
8.550000e-01  000000
8.580000e-01  000000
8.610000e-01  000000
8.640000e-01  000000
8.670000e-01  000000
8.700000e-01  000000
8.730000e-01  000000
8.760000e-01  000000
8.790000e-01  000000
8.820000e-01  000000
8.850000e-01  000000
8.880000e-01  000000
8.910000e-01  000000
8.940000e-01  000000
8.970000e-01  000000
9.000000e-01  000000
9.030000e-01  000000
9.060000e-01  000000
9.090000e-01  000000
9.120000e-01  000000
9.150000e-01  000000
9.180000e-01  000000
9.210000e-01  000000
9.240000e-01  000000
9.270000e-01  000000
9.300000e-01  000000
9.330000e-01  000000
9.360000e-01  000000
9.390000e-01  000000
9.420000e-01  000000
9.450000e-01  000000
9.480000e-01  000000
9.510000e-01  000000
9.540000e-01  000000
9.570000e-01  000000
9.600000e-01  000000
9.630000e-01  000000
9.660000e-01  000000
9.690000e-01  000000
9.720000e-01  000000
9.750000e-01  000000
9.780000e-01  000000
9.810000e-01  000000
9.840000e-01  000000
9.870000e-01  000000
9.900000e-01  000000
9.930000e-01  000000
9.960000e-01  000000
9.990000e-01  000000
