000000  000001
3.000000e-03  8.922952e-01
6.000000e-03  8.278048e-01
9.000000e-03  7.819753e-01
1.200000e-02  7.466081e-01
1.500000e-02  7.179321e-01
1.800000e-02  6.938974e-01
2.100000e-02  6.732655e-01
2.400000e-02  6.552318e-01
2.700000e-02  6.392440e-01
3.000000e-02  6.249071e-01
3.300000e-02  6.119292e-01
3.600000e-02  6.000884e-01
3.900000e-02  5.892122e-01
4.200000e-02  5.791641e-01
4.500000e-02  5.698340e-01
4.800000e-02  5.611323e-01
5.100000e-02  5.529847e-01
5.400000e-02  5.453290e-01
5.700000e-02  5.381131e-01
6.000000e-02  5.312921e-01
6.300000e-02  5.248280e-01
6.600000e-02  5.186875e-01
6.900000e-02  5.128419e-01
7.200000e-02  5.072660e-01
7.500000e-02  5.019377e-01
7.800000e-02  4.968372e-01
8.100000e-02  4.919474e-01
8.400000e-02  4.872525e-01
8.700000e-02  4.827387e-01
9.000000e-02  4.783934e-01
9.300000e-02  4.742054e-01
9.600000e-02  4.701645e-01
9.900000e-02  4.662613e-01
1.020000e-01  4.624875e-01
1.050000e-01  4.588352e-01
1.080000e-01  4.552975e-01
1.110000e-01  4.518679e-01
1.140000e-01  4.485404e-01
1.170000e-01  4.453095e-01
1.200000e-01  4.421702e-01
1.230000e-01  4.391177e-01
1.260000e-01  4.361477e-01
1.290000e-01  4.332562e-01
1.320000e-01  4.304393e-01
1.350000e-01  4.276937e-01
1.380000e-01  4.250160e-01
1.410000e-01  4.224032e-01
1.440000e-01  4.198525e-01
1.470000e-01  4.173611e-01
1.500000e-01  4.149265e-01
1.530000e-01  4.125464e-01
1.560000e-01  4.102185e-01
1.590000e-01  4.079408e-01
1.620000e-01  4.057113e-01
1.650000e-01  4.035281e-01
1.680000e-01  4.013895e-01
1.710000e-01  3.992938e-01
1.740000e-01  3.972395e-01
1.770000e-01  3.952250e-01
1.800000e-01  3.932489e-01
1.830000e-01  3.913098e-01
1.860000e-01  3.894066e-01
1.890000e-01  3.875380e-01
1.920000e-01  3.857029e-01
1.950000e-01  3.839000e-01
1.980000e-01  3.821285e-01
2.010000e-01  3.803873e-01
2.040000e-01  3.786754e-01
2.070000e-01  3.769920e-01
2.100000e-01  3.753361e-01
2.130000e-01  3.737070e-01
2.160000e-01  3.721038e-01
2.190000e-01  3.705257e-01
2.220000e-01  3.689722e-01
2.250000e-01  3.674423e-01
2.280000e-01  3.659356e-01
2.310000e-01  3.644513e-01
2.340000e-01  3.629888e-01
2.370000e-01  3.615475e-01
2.400000e-01  3.601269e-01
2.430000e-01  3.587264e-01
2.460000e-01  3.573455e-01
2.490000e-01  3.559836e-01
2.520000e-01  3.546403e-01
2.550000e-01  3.533152e-01
2.580000e-01  3.520077e-01
2.610000e-01  3.507174e-01
2.640000e-01  3.494439e-01
2.670000e-01  3.481868e-01
2.700000e-01  3.469458e-01
2.730000e-01  3.457203e-01
2.760000e-01  3.445101e-01
2.790000e-01  3.433148e-01
2.820000e-01  3.421341e-01
2.850000e-01  3.409676e-01
2.880000e-01  3.398150e-01
2.910000e-01  3.386760e-01
2.940000e-01  3.375503e-01
2.970000e-01  3.364376e-01
3.000000e-01  3.353376e-01
3.030000e-01  3.342501e-01
3.060000e-01  3.331748e-01
3.090000e-01  3.321114e-01
3.120000e-01  3.310597e-01
3.150000e-01  3.300195e-01
3.180000e-01  3.289904e-01
3.210000e-01  3.279724e-01
3.240000e-01  3.269651e-01
3.270000e-01  3.259684e-01
3.300000e-01  3.249820e-01
3.330000e-01  3.240058e-01
3.360000e-01  3.230395e-01
3.390000e-01  3.220829e-01
3.420000e-01  3.211360e-01
3.450000e-01  3.201984e-01
3.480000e-01  3.192700e-01
3.510000e-01  3.183507e-01
3.540000e-01  3.174402e-01
3.570000e-01  3.165385e-01
3.600000e-01  3.156453e-01
3.630000e-01  3.147605e-01
3.660000e-01  3.138840e-01
3.690000e-01  3.130156e-01
3.720000e-01  3.121551e-01
3.750000e-01  3.113025e-01
3.780000e-01  3.104575e-01
3.810000e-01  3.096202e-01
3.840000e-01  3.087902e-01
3.870000e-01  3.079676e-01
3.900000e-01  3.071521e-01
3.930000e-01  3.063437e-01
3.960000e-01  3.055423e-01
3.990000e-01  3.047477e-01
4.020000e-01  3.039598e-01
4.050000e-01  3.031785e-01
4.080000e-01  3.024037e-01
4.110000e-01  3.016353e-01
4.140000e-01  3.008733e-01
4.170000e-01  3.001174e-01
4.200000e-01  2.993677e-01
4.230000e-01  2.986239e-01
4.260000e-01  2.978861e-01
4.290000e-01  2.971541e-01
4.320000e-01  2.964279e-01
4.350000e-01  2.957073e-01
4.380000e-01  2.949923e-01
4.410000e-01  2.942828e-01
4.440000e-01  2.935786e-01
4.470000e-01  2.928798e-01
4.500000e-01  2.921863e-01
4.530000e-01  2.914979e-01
4.560000e-01  2.908147e-01
4.590000e-01  2.901364e-01
4.620000e-01  2.894631e-01
4.650000e-01  2.887947e-01
4.680000e-01  2.881312e-01
4.710000e-01  2.874723e-01
4.740000e-01  2.868182e-01
4.770000e-01  2.861686e-01
4.800000e-01  2.855237e-01
4.830000e-01  2.848832e-01
4.860000e-01  2.842471e-01
4.890000e-01  2.836155e-01
4.920000e-01  2.829881e-01
4.950000e-01  2.823650e-01
4.980000e-01  2.817461e-01
5.010000e-01  2.811314e-01
5.040000e-01  2.805207e-01
5.070000e-01  2.799141e-01
5.100000e-01  2.793115e-01
5.130000e-01  2.787128e-01
5.160000e-01  2.781180e-01
5.190000e-01  2.775270e-01
5.220000e-01  2.769398e-01
5.250000e-01  2.763564e-01
5.280000e-01  2.757766e-01
5.310000e-01  2.752005e-01
5.340000e-01  2.746280e-01
5.370000e-01  2.740591e-01
5.400000e-01  2.734937e-01
5.430000e-01  2.729317e-01
5.460000e-01  2.723732e-01
5.490000e-01  2.718181e-01
5.520000e-01  2.712663e-01
5.550000e-01  2.707178e-01
5.580000e-01  2.701726e-01
5.610000e-01  2.696307e-01
5.640000e-01  2.690919e-01
5.670000e-01  2.685563e-01
5.700000e-01  2.680238e-01
5.730000e-01  2.674943e-01
5.760000e-01  2.669680e-01
5.790000e-01  2.664446e-01
5.820000e-01  2.659242e-01
5.850000e-01  2.654068e-01
5.880000e-01  2.648923e-01
5.910000e-01  2.643806e-01
5.940000e-01  2.638718e-01
5.970000e-01  2.633659e-01
6.000000e-01  2.628627e-01
6.030000e-01  2.623622e-01
6.060000e-01  2.618645e-01
6.090000e-01  2.613695e-01
6.120000e-01  2.608771e-01
6.150000e-01  2.603874e-01
6.180000e-01  2.599003e-01
6.210000e-01  2.594158e-01
6.240000e-01  2.589338e-01
6.270000e-01  2.584543e-01
6.300000e-01  2.579774e-01
6.330000e-01  2.575029e-01
6.360000e-01  2.570308e-01
6.390000e-01  2.565612e-01
6.420000e-01  2.560940e-01
6.450000e-01  2.556292e-01
6.480000e-01  2.551667e-01
6.510000e-01  2.547065e-01
6.540000e-01  2.542486e-01
6.570000e-01  2.537930e-01
6.600000e-01  2.533396e-01
6.630000e-01  2.528885e-01
6.660000e-01  2.524396e-01
6.690000e-01  2.519929e-01
6.720000e-01  2.515483e-01
6.750000e-01  2.511059e-01
6.780000e-01  2.506656e-01
6.810000e-01  2.502274e-01
6.840000e-01  2.497913e-01
6.870000e-01  2.493572e-01
6.900000e-01  2.489252e-01
6.930000e-01  2.484952e-01
6.960000e-01  2.480672e-01
6.990000e-01  2.476412e-01
7.020000e-01  2.472172e-01
7.050000e-01  2.467951e-01
7.080000e-01  2.463749e-01
7.110000e-01  2.459566e-01
7.140000e-01  2.455403e-01
7.170000e-01  2.451258e-01
7.200000e-01  2.447131e-01
7.230000e-01  2.443023e-01
7.260000e-01  2.438933e-01
7.290000e-01  2.434861e-01
7.320000e-01  2.430807e-01
7.350000e-01  2.426771e-01
7.380000e-01  2.422752e-01
7.410000e-01  2.418751e-01
7.440000e-01  2.414767e-01
7.470000e-01  2.410799e-01
7.500000e-01  2.406849e-01
7.530000e-01  2.402916e-01
7.560000e-01  2.398999e-01
7.590000e-01  2.395099e-01
7.620000e-01  2.391215e-01
7.650000e-01  2.387347e-01
7.680000e-01  2.383496e-01
7.710000e-01  2.379660e-01
7.740000e-01  2.375840e-01
7.770000e-01  2.372036e-01
7.800000e-01  2.368247e-01
7.830000e-01  2.364473e-01
7.860000e-01  2.360715e-01
7.890000e-01  2.356972e-01
7.920000e-01  2.353244e-01
7.950000e-01  2.349530e-01
7.980000e-01  2.345831e-01
8.010000e-01  2.342147e-01
8.040000e-01  2.338478e-01
8.070000e-01  2.334823e-01
8.100000e-01  2.331182e-01
8.130000e-01  2.327555e-01
8.160000e-01  2.323942e-01
8.190000e-01  2.320343e-01
8.220000e-01  2.316757e-01
8.250000e-01  2.313186e-01
8.280000e-01  2.309628e-01
8.310000e-01  2.306083e-01
8.340000e-01  2.302551e-01
8.370000e-01  2.299033e-01
8.400000e-01  2.295528e-01
8.430000e-01  2.292036e-01
8.460000e-01  2.288557e-01
8.490000e-01  2.285090e-01
8.520000e-01  2.281637e-01
8.550000e-01  2.278196e-01
8.580000e-01  2.274767e-01
8.610000e-01  2.271351e-01
8.640000e-01  2.267947e-01
8.670000e-01  2.264555e-01
8.700000e-01  2.261175e-01
8.730000e-01  2.257807e-01
8.760000e-01  2.254452e-01
8.790000e-01  2.251107e-01
8.820000e-01  2.247775e-01
8.850000e-01  2.244454e-01
8.880000e-01  2.241145e-01
8.910000e-01  2.237848e-01
8.940000e-01  2.234561e-01
8.970000e-01  2.231286e-01
9.000000e-01  2.228022e-01
9.030000e-01  2.224770e-01
9.060000e-01  2.221528e-01
9.090000e-01  2.218297e-01
9.120000e-01  2.215077e-01
9.150000e-01  2.211868e-01
9.180000e-01  2.208669e-01
9.210000e-01  2.205481e-01
9.240000e-01  2.202304e-01
9.270000e-01  2.199137e-01
9.300000e-01  2.195980e-01
9.330000e-01  2.192834e-01
9.360000e-01  2.189698e-01
9.390000e-01  2.186572e-01
9.420000e-01  2.183456e-01
9.450000e-01  2.180350e-01
9.480000e-01  2.177254e-01
9.510000e-01  2.174168e-01
9.540000e-01  2.171092e-01
9.570000e-01  2.168025e-01
9.600000e-01  2.164968e-01
9.630000e-01  2.161921e-01
9.660000e-01  2.158883e-01
9.690000e-01  2.155854e-01
9.720000e-01  2.152835e-01
9.750000e-01  2.149825e-01
9.780000e-01  2.146825e-01
9.810000e-01  2.143833e-01
9.840000e-01  2.140851e-01
9.870000e-01  2.137877e-01
9.900000e-01  2.134913e-01
9.930000e-01  2.131958e-01
9.960000e-01  2.129011e-01
9.990000e-01  2.126073e-01
