000000  000001
3.000000e-03  8.672835e-01
6.000000e-03  7.951157e-01
9.000000e-03  7.458397e-01
1.200000e-02  7.086783e-01
1.500000e-02  6.790052e-01
1.800000e-02  6.544081e-01
2.100000e-02  6.334706e-01
2.400000e-02  6.152913e-01
2.700000e-02  5.992617e-01
3.000000e-02  5.849522e-01
3.300000e-02  5.720486e-01
3.600000e-02  5.603141e-01
3.900000e-02  5.495664e-01
4.200000e-02  5.396618e-01
4.500000e-02  5.304854e-01
4.800000e-02  5.219440e-01
5.100000e-02  5.139606e-01
5.400000e-02  5.064713e-01
5.700000e-02  4.994223e-01
6.000000e-02  4.927680e-01
6.300000e-02  4.864694e-01
6.600000e-02  4.804927e-01
6.900000e-02  4.748089e-01
7.200000e-02  4.693923e-01
7.500000e-02  4.642208e-01
7.800000e-02  4.592744e-01
8.100000e-02  4.545357e-01
8.400000e-02  4.499891e-01
8.700000e-02  4.456206e-01
9.000000e-02  4.414178e-01
9.300000e-02  4.373694e-01
9.600000e-02  4.334651e-01
9.900000e-02  4.296958e-01
1.020000e-01  4.260531e-01
1.050000e-01  4.225292e-01
1.080000e-01  4.191172e-01
1.110000e-01  4.158107e-01
1.140000e-01  4.126038e-01
1.170000e-01  4.094910e-01
1.200000e-01  4.064673e-01
1.230000e-01  4.035281e-01
1.260000e-01  4.006692e-01
1.290000e-01  3.978865e-01
1.320000e-01  3.951763e-01
1.350000e-01  3.925352e-01
1.380000e-01  3.899600e-01
1.410000e-01  3.874478e-01
1.440000e-01  3.849955e-01
1.470000e-01  3.826008e-01
1.500000e-01  3.802611e-01
1.530000e-01  3.779740e-01
1.560000e-01  3.757375e-01
1.590000e-01  3.735494e-01
1.620000e-01  3.714079e-01
1.650000e-01  3.693111e-01
1.680000e-01  3.672574e-01
1.710000e-01  3.652450e-01
1.740000e-01  3.632725e-01
1.770000e-01  3.613383e-01
1.800000e-01  3.594412e-01
1.830000e-01  3.575799e-01
1.860000e-01  3.557530e-01
1.890000e-01  3.539594e-01
1.920000e-01  3.521979e-01
1.950000e-01  3.504676e-01
1.980000e-01  3.487674e-01
2.010000e-01  3.470963e-01
2.040000e-01  3.454534e-01
2.070000e-01  3.438378e-01
2.100000e-01  3.422486e-01
2.130000e-01  3.406852e-01
2.160000e-01  3.391466e-01
2.190000e-01  3.376322e-01
2.220000e-01  3.361412e-01
2.250000e-01  3.346730e-01
2.280000e-01  3.332270e-01
2.310000e-01  3.318024e-01
2.340000e-01  3.303987e-01
2.370000e-01  3.290154e-01
2.400000e-01  3.276519e-01
2.430000e-01  3.263076e-01
2.460000e-01  3.249820e-01
2.490000e-01  3.236747e-01
2.520000e-01  3.223852e-01
2.550000e-01  3.211130e-01
2.580000e-01  3.198577e-01
2.610000e-01  3.186188e-01
2.640000e-01  3.173960e-01
2.670000e-01  3.161889e-01
2.700000e-01  3.149971e-01
2.730000e-01  3.138202e-01
2.760000e-01  3.126578e-01
2.790000e-01  3.115097e-01
2.820000e-01  3.103755e-01
2.850000e-01  3.092549e-01
2.880000e-01  3.081475e-01
2.910000e-01  3.070532e-01
2.940000e-01  3.059715e-01
2.970000e-01  3.049022e-01
3.000000e-01  3.038450e-01
3.030000e-01  3.027997e-01
3.060000e-01  3.017661e-01
3.090000e-01  3.007438e-01
3.120000e-01  2.997326e-01
3.150000e-01  2.987324e-01
3.180000e-01  2.977428e-01
3.210000e-01  2.967637e-01
3.240000e-01  2.957949e-01
3.270000e-01  2.948361e-01
3.300000e-01  2.938871e-01
3.330000e-01  2.929478e-01
3.360000e-01  2.920179e-01
3.390000e-01  2.910973e-01
3.420000e-01  2.901859e-01
3.450000e-01  2.892833e-01
3.480000e-01  2.883895e-01
3.510000e-01  2.875043e-01
3.540000e-01  2.866276e-01
3.570000e-01  2.857591e-01
3.600000e-01  2.848987e-01
3.630000e-01  2.840464e-01
3.660000e-01  2.832018e-01
3.690000e-01  2.823650e-01
3.720000e-01  2.815357e-01
3.750000e-01  2.807139e-01
3.780000e-01  2.798993e-01
3.810000e-01  2.790920e-01
3.840000e-01  2.782917e-01
3.870000e-01  2.774983e-01
3.900000e-01  2.767117e-01
3.930000e-01  2.759318e-01
3.960000e-01  2.751585e-01
3.990000e-01  2.743917e-01
4.020000e-01  2.736313e-01
4.050000e-01  2.728771e-01
4.080000e-01  2.721291e-01
4.110000e-01  2.713871e-01
4.140000e-01  2.706512e-01
4.170000e-01  2.699211e-01
4.200000e-01  2.691968e-01
4.230000e-01  2.684781e-01
4.260000e-01  2.677651e-01
4.290000e-01  2.670576e-01
4.320000e-01  2.663556e-01
4.350000e-01  2.656588e-01
4.380000e-01  2.649674e-01
4.410000e-01  2.642811e-01
4.440000e-01  2.636000e-01
4.470000e-01  2.629239e-01
4.500000e-01  2.622527e-01
4.530000e-01  2.615865e-01
4.560000e-01  2.609250e-01
4.590000e-01  2.602684e-01
4.620000e-01  2.596163e-01
4.650000e-01  2.589690e-01
4.680000e-01  2.583261e-01
4.710000e-01  2.576877e-01
4.740000e-01  2.570538e-01
4.770000e-01  2.564242e-01
4.800000e-01  2.557989e-01
4.830000e-01  2.551779e-01
4.860000e-01  2.545610e-01
4.890000e-01  2.539483e-01
4.920000e-01  2.533396e-01
4.950000e-01  2.527350e-01
4.980000e-01  2.521343e-01
5.010000e-01  2.515375e-01
5.040000e-01  2.509446e-01
5.070000e-01  2.503554e-01
5.100000e-01  2.497701e-01
5.130000e-01  2.491884e-01
5.160000e-01  2.486104e-01
5.190000e-01  2.480360e-01
5.220000e-01  2.474652e-01
5.250000e-01  2.468978e-01
5.280000e-01  2.463340e-01
5.310000e-01  2.457736e-01
5.340000e-01  2.452166e-01
5.370000e-01  2.446629e-01
5.400000e-01  2.441125e-01
5.430000e-01  2.435654e-01
5.460000e-01  2.430215e-01
5.490000e-01  2.424808e-01
5.520000e-01  2.419433e-01
5.550000e-01  2.414088e-01
5.580000e-01  2.408774e-01
5.610000e-01  2.403491e-01
5.640000e-01  2.398237e-01
5.670000e-01  2.393013e-01
5.700000e-01  2.387818e-01
5.730000e-01  2.382652e-01
5.760000e-01  2.377515e-01
5.790000e-01  2.372406e-01
5.820000e-01  2.367325e-01
5.850000e-01  2.362271e-01
5.880000e-01  2.357245e-01
5.910000e-01  2.352246e-01
5.940000e-01  2.347273e-01
5.970000e-01  2.342327e-01
6.000000e-01  2.337407e-01
6.030000e-01  2.332512e-01
6.060000e-01  2.327643e-01
6.090000e-01  2.322799e-01
6.120000e-01  2.317980e-01
6.150000e-01  2.313186e-01
6.180000e-01  2.308416e-01
6.210000e-01  2.303670e-01
6.240000e-01  2.298948e-01
6.270000e-01  2.294249e-01
6.300000e-01  2.289574e-01
6.330000e-01  2.284922e-01
6.360000e-01  2.280292e-01
6.390000e-01  2.275686e-01
6.420000e-01  2.271101e-01
6.450000e-01  2.266539e-01
6.480000e-01  2.261998e-01
6.510000e-01  2.257479e-01
6.540000e-01  2.252982e-01
6.570000e-01  2.248506e-01
6.600000e-01  2.244050e-01
6.630000e-01  2.239616e-01
6.660000e-01  2.235202e-01
6.690000e-01  2.230808e-01
6.720000e-01  2.226434e-01
6.750000e-01  2.222080e-01
6.780000e-01  2.217746e-01
6.810000e-01  2.213432e-01
6.840000e-01  2.209137e-01
6.870000e-01  2.204860e-01
6.900000e-01  2.200603e-01
6.930000e-01  2.196365e-01
6.960000e-01  2.192145e-01
6.990000e-01  2.187943e-01
7.020000e-01  2.183760e-01
7.050000e-01  2.179594e-01
7.080000e-01  2.175447e-01
7.110000e-01  2.171317e-01
7.140000e-01  2.167204e-01
7.170000e-01  2.163109e-01
7.200000e-01  2.159031e-01
7.230000e-01  2.154970e-01
7.260000e-01  2.150925e-01
7.290000e-01  2.146898e-01
7.320000e-01  2.142887e-01
7.350000e-01  2.138892e-01
7.380000e-01  2.134913e-01
7.410000e-01  2.130950e-01
7.440000e-01  2.127004e-01
7.470000e-01  2.123073e-01
7.500000e-01  2.119157e-01
7.530000e-01  2.115257e-01
7.560000e-01  2.111372e-01
7.590000e-01  2.107503e-01
7.620000e-01  2.103648e-01
7.650000e-01  2.099808e-01
7.680000e-01  2.095983e-01
7.710000e-01  2.092173e-01
7.740000e-01  2.088377e-01
7.770000e-01  2.084595e-01
7.800000e-01  2.080827e-01
7.830000e-01  2.077074e-01
7.860000e-01  2.073334e-01
7.890000e-01  2.069609e-01
7.920000e-01  2.065896e-01
7.950000e-01  2.062198e-01
7.980000e-01  2.058513e-01
8.010000e-01  2.054841e-01
8.040000e-01  2.051182e-01
8.070000e-01  2.047537e-01
8.100000e-01  2.043904e-01
8.130000e-01  2.040285e-01
8.160000e-01  2.036678e-01
8.190000e-01  2.033083e-01
8.220000e-01  2.029502e-01
8.250000e-01  2.025932e-01
8.280000e-01  2.022375e-01
8.310000e-01  2.018830e-01
8.340000e-01  2.015297e-01
8.370000e-01  2.011776e-01
8.400000e-01  2.008267e-01
8.430000e-01  2.004770e-01
8.460000e-01  2.001284e-01
8.490000e-01  1.997810e-01
8.520000e-01  1.994347e-01
8.550000e-01  1.990896e-01
8.580000e-01  1.987456e-01
8.610000e-01  1.984027e-01
8.640000e-01  1.980609e-01
8.670000e-01  1.977202e-01
8.700000e-01  1.973806e-01
8.730000e-01  1.970421e-01
8.760000e-01  1.967046e-01
8.790000e-01  1.963682e-01
8.820000e-01  1.960329e-01
8.850000e-01  1.956986e-01
8.880000e-01  1.953653e-01
8.910000e-01  1.950331e-01
8.940000e-01  1.947018e-01
8.970000e-01  1.943716e-01
9.000000e-01  1.940424e-01
9.030000e-01  1.937142e-01
9.060000e-01  1.933869e-01
9.090000e-01  1.930607e-01
9.120000e-01  1.927353e-01
9.150000e-01  1.924110e-01
9.180000e-01  1.920876e-01
9.210000e-01  1.917651e-01
9.240000e-01  1.914436e-01
9.270000e-01  1.911230e-01
9.300000e-01  1.908033e-01
9.330000e-01  1.904845e-01
9.360000e-01  1.901666e-01
9.390000e-01  1.898497e-01
9.420000e-01  1.895336e-01
9.450000e-01  1.892183e-01
9.480000e-01  1.889040e-01
9.510000e-01  1.885905e-01
9.540000e-01  1.882779e-01
9.570000e-01  1.879662e-01
9.600000e-01  1.876552e-01
9.630000e-01  1.873452e-01
9.660000e-01  1.870359e-01
9.690000e-01  1.867275e-01
9.720000e-01  1.864199e-01
9.750000e-01  1.861130e-01
9.780000e-01  1.858070e-01
9.810000e-01  1.855018e-01
9.840000e-01  1.851974e-01
9.870000e-01  1.848938e-01
9.900000e-01  1.845909e-01
9.930000e-01  1.842889e-01
9.960000e-01  1.839875e-01
9.990000e-01  1.836870e-01
