000000  000001
3.000000e-03  8.708814e-01
6.000000e-03  7.997133e-01
9.000000e-03  7.508614e-01
1.200000e-02  7.139091e-01
1.500000e-02  6.843448e-01
1.800000e-02  6.598031e-01
2.100000e-02  6.388903e-01
2.400000e-02  6.207171e-01
2.700000e-02  6.046819e-01
3.000000e-02  5.903592e-01
3.300000e-02  5.774375e-01
3.600000e-02  5.656817e-01
3.900000e-02  5.549106e-01
4.200000e-02  5.449813e-01
4.500000e-02  5.357796e-01
4.800000e-02  5.272124e-01
5.100000e-02  5.192032e-01
5.400000e-02  5.116882e-01
5.700000e-02  5.046138e-01
6.000000e-02  4.979344e-01
6.300000e-02  4.916111e-01
6.600000e-02  4.856102e-01
6.900000e-02  4.799025e-01
7.200000e-02  4.744628e-01
7.500000e-02  4.692684e-01
7.800000e-02  4.642998e-01
8.100000e-02  4.595394e-01
8.400000e-02  4.549715e-01
8.700000e-02  4.505824e-01
9.000000e-02  4.463593e-01
9.300000e-02  4.422911e-01
9.600000e-02  4.383676e-01
9.900000e-02  4.345795e-01
1.020000e-01  4.309183e-01
1.050000e-01  4.273765e-01
1.080000e-01  4.239469e-01
1.110000e-01  4.206233e-01
1.140000e-01  4.173995e-01
1.170000e-01  4.142703e-01
1.200000e-01  4.112307e-01
1.230000e-01  4.082758e-01
1.260000e-01  4.054015e-01
1.290000e-01  4.026038e-01
1.320000e-01  3.998790e-01
1.350000e-01  3.972236e-01
1.380000e-01  3.946344e-01
1.410000e-01  3.921083e-01
1.440000e-01  3.896426e-01
1.470000e-01  3.872347e-01
1.500000e-01  3.848820e-01
1.530000e-01  3.825823e-01
1.560000e-01  3.803334e-01
1.590000e-01  3.781332e-01
1.620000e-01  3.759797e-01
1.650000e-01  3.738712e-01
1.680000e-01  3.718060e-01
1.710000e-01  3.697824e-01
1.740000e-01  3.677988e-01
1.770000e-01  3.658538e-01
1.800000e-01  3.639461e-01
1.830000e-01  3.620743e-01
1.860000e-01  3.602372e-01
1.890000e-01  3.584335e-01
1.920000e-01  3.566622e-01
1.950000e-01  3.549222e-01
1.980000e-01  3.532124e-01
2.010000e-01  3.515319e-01
2.040000e-01  3.498798e-01
2.070000e-01  3.482552e-01
2.100000e-01  3.466572e-01
2.130000e-01  3.450850e-01
2.160000e-01  3.435378e-01
2.190000e-01  3.420150e-01
2.220000e-01  3.405157e-01
2.250000e-01  3.390393e-01
2.280000e-01  3.375852e-01
2.310000e-01  3.361528e-01
2.340000e-01  3.347414e-01
2.370000e-01  3.333504e-01
2.400000e-01  3.319793e-01
2.430000e-01  3.306276e-01
2.460000e-01  3.292948e-01
2.490000e-01  3.279803e-01
2.520000e-01  3.266837e-01
2.550000e-01  3.254046e-01
2.580000e-01  3.241425e-01
2.610000e-01  3.228969e-01
2.640000e-01  3.216675e-01
2.670000e-01  3.204538e-01
2.700000e-01  3.192556e-01
2.730000e-01  3.180723e-01
2.760000e-01  3.169038e-01
2.790000e-01  3.157495e-01
2.820000e-01  3.146093e-01
2.850000e-01  3.134827e-01
2.880000e-01  3.123695e-01
2.910000e-01  3.112693e-01
2.940000e-01  3.101820e-01
2.970000e-01  3.091071e-01
3.000000e-01  3.080444e-01
3.030000e-01  3.069937e-01
3.060000e-01  3.059547e-01
3.090000e-01  3.049271e-01
3.120000e-01  3.039107e-01
3.150000e-01  3.029054e-01
3.180000e-01  3.019107e-01
3.210000e-01  3.009267e-01
3.240000e-01  2.999529e-01
3.270000e-01  2.989892e-01
3.300000e-01  2.980355e-01
3.330000e-01  2.970915e-01
3.360000e-01  2.961570e-01
3.390000e-01  2.952319e-01
3.420000e-01  2.943159e-01
3.450000e-01  2.934089e-01
3.480000e-01  2.925107e-01
3.510000e-01  2.916212e-01
3.540000e-01  2.907402e-01
3.570000e-01  2.898676e-01
3.600000e-01  2.890031e-01
3.630000e-01  2.881467e-01
3.660000e-01  2.872981e-01
3.690000e-01  2.864573e-01
3.720000e-01  2.856241e-01
3.750000e-01  2.847984e-01
3.780000e-01  2.839801e-01
3.810000e-01  2.831690e-01
3.840000e-01  2.823650e-01
3.870000e-01  2.815680e-01
3.900000e-01  2.807778e-01
3.930000e-01  2.799944e-01
3.960000e-01  2.792177e-01
3.990000e-01  2.784474e-01
4.020000e-01  2.776836e-01
4.050000e-01  2.769261e-01
4.080000e-01  2.761748e-01
4.110000e-01  2.754296e-01
4.140000e-01  2.746905e-01
4.170000e-01  2.739573e-01
4.200000e-01  2.732298e-01
4.230000e-01  2.725082e-01
4.260000e-01  2.717921e-01
4.290000e-01  2.710817e-01
4.320000e-01  2.703767e-01
4.350000e-01  2.696771e-01
4.380000e-01  2.689828e-01
4.410000e-01  2.682938e-01
4.440000e-01  2.676099e-01
4.470000e-01  2.669311e-01
4.500000e-01  2.662573e-01
4.530000e-01  2.655884e-01
4.560000e-01  2.649243e-01
4.590000e-01  2.642651e-01
4.620000e-01  2.636106e-01
4.650000e-01  2.629607e-01
4.680000e-01  2.623154e-01
4.710000e-01  2.616747e-01
4.740000e-01  2.610384e-01
4.770000e-01  2.604065e-01
4.800000e-01  2.597789e-01
4.830000e-01  2.591556e-01
4.860000e-01  2.585366e-01
4.890000e-01  2.579216e-01
4.920000e-01  2.573108e-01
4.950000e-01  2.567040e-01
4.980000e-01  2.561013e-01
5.010000e-01  2.555024e-01
5.040000e-01  2.549075e-01
5.070000e-01  2.543164e-01
5.100000e-01  2.537291e-01
5.130000e-01  2.531455e-01
5.160000e-01  2.525656e-01
5.190000e-01  2.519894e-01
5.220000e-01  2.514168e-01
5.250000e-01  2.508477e-01
5.280000e-01  2.502821e-01
5.310000e-01  2.497199e-01
5.340000e-01  2.491612e-01
5.370000e-01  2.486059e-01
5.400000e-01  2.480539e-01
5.430000e-01  2.475052e-01
5.460000e-01  2.469597e-01
5.490000e-01  2.464175e-01
5.520000e-01  2.458784e-01
5.550000e-01  2.453425e-01
5.580000e-01  2.448096e-01
5.610000e-01  2.442799e-01
5.640000e-01  2.437531e-01
5.670000e-01  2.432294e-01
5.700000e-01  2.427085e-01
5.730000e-01  2.421906e-01
5.760000e-01  2.416756e-01
5.790000e-01  2.411635e-01
5.820000e-01  2.406542e-01
5.850000e-01  2.401476e-01
5.880000e-01  2.396438e-01
5.910000e-01  2.391427e-01
5.940000e-01  2.386443e-01
5.970000e-01  2.381486e-01
6.000000e-01  2.376555e-01
6.030000e-01  2.371650e-01
6.060000e-01  2.366771e-01
6.090000e-01  2.361917e-01
6.120000e-01  2.357088e-01
6.150000e-01  2.352285e-01
6.180000e-01  2.347506e-01
6.210000e-01  2.342751e-01
6.240000e-01  2.338020e-01
6.270000e-01  2.333313e-01
6.300000e-01  2.328630e-01
6.330000e-01  2.323970e-01
6.360000e-01  2.319333e-01
6.390000e-01  2.314719e-01
6.420000e-01  2.310127e-01
6.450000e-01  2.305558e-01
6.480000e-01  2.301011e-01
6.510000e-01  2.296485e-01
6.540000e-01  2.291982e-01
6.570000e-01  2.287499e-01
6.600000e-01  2.283038e-01
6.630000e-01  2.278598e-01
6.660000e-01  2.274179e-01
6.690000e-01  2.269780e-01
6.720000e-01  2.265402e-01
6.750000e-01  2.261043e-01
6.780000e-01  2.256705e-01
6.810000e-01  2.252386e-01
6.840000e-01  2.248087e-01
6.870000e-01  2.243807e-01
6.900000e-01  2.239547e-01
6.930000e-01  2.235305e-01
6.960000e-01  2.231082e-01
6.990000e-01  2.226877e-01
7.020000e-01  2.222692e-01
7.050000e-01  2.218524e-01
7.080000e-01  2.214374e-01
7.110000e-01  2.210242e-01
7.140000e-01  2.206128e-01
7.170000e-01  2.202031e-01
7.200000e-01  2.197952e-01
7.230000e-01  2.193890e-01
7.260000e-01  2.189845e-01
7.290000e-01  2.185816e-01
7.320000e-01  2.181805e-01
7.350000e-01  2.177810e-01
7.380000e-01  2.173831e-01
7.410000e-01  2.169869e-01
7.440000e-01  2.165922e-01
7.470000e-01  2.161992e-01
7.500000e-01  2.158077e-01
7.530000e-01  2.154179e-01
7.560000e-01  2.150295e-01
7.590000e-01  2.146427e-01
7.620000e-01  2.142574e-01
7.650000e-01  2.138736e-01
7.680000e-01  2.134913e-01
7.710000e-01  2.131105e-01
7.740000e-01  2.127312e-01
7.770000e-01  2.123533e-01
7.800000e-01  2.119768e-01
7.830000e-01  2.116018e-01
7.860000e-01  2.112281e-01
7.890000e-01  2.108559e-01
7.920000e-01  2.104851e-01
7.950000e-01  2.101156e-01
7.980000e-01  2.097476e-01
8.010000e-01  2.093808e-01
8.040000e-01  2.090154e-01
8.070000e-01  2.086514e-01
8.100000e-01  2.082886e-01
8.130000e-01  2.079271e-01
8.160000e-01  2.075670e-01
8.190000e-01  2.072081e-01
8.220000e-01  2.068505e-01
8.250000e-01  2.064942e-01
8.280000e-01  2.061391e-01
8.310000e-01  2.057852e-01
8.340000e-01  2.054326e-01
8.370000e-01  2.050812e-01
8.400000e-01  2.047310e-01
8.430000e-01  2.043819e-01
8.460000e-01  2.040341e-01
8.490000e-01  2.036875e-01
8.520000e-01  2.033420e-01
8.550000e-01  2.029976e-01
8.580000e-01  2.026545e-01
8.610000e-01  2.023124e-01
8.640000e-01  2.019715e-01
8.670000e-01  2.016317e-01
8.700000e-01  2.012930e-01
8.730000e-01  2.009554e-01
8.760000e-01  2.006189e-01
8.790000e-01  2.002835e-01
8.820000e-01  1.999491e-01
8.850000e-01  1.996158e-01
8.880000e-01  1.992836e-01
8.910000e-01  1.989524e-01
8.940000e-01  1.986222e-01
8.970000e-01  1.982931e-01
9.000000e-01  1.979650e-01
9.030000e-01  1.976379e-01
9.060000e-01  1.973118e-01
9.090000e-01  1.969866e-01
9.120000e-01  1.966625e-01
9.150000e-01  1.963394e-01
9.180000e-01  1.960172e-01
9.210000e-01  1.956960e-01
9.240000e-01  1.953757e-01
9.270000e-01  1.950564e-01
9.300000e-01  1.947380e-01
9.330000e-01  1.944206e-01
9.360000e-01  1.941041e-01
9.390000e-01  1.937885e-01
9.420000e-01  1.934738e-01
9.450000e-01  1.931600e-01
9.480000e-01  1.928471e-01
9.510000e-01  1.925350e-01
9.540000e-01  1.922239e-01
9.570000e-01  1.919136e-01
9.600000e-01  1.916042e-01
9.630000e-01  1.912957e-01
9.660000e-01  1.909880e-01
9.690000e-01  1.906811e-01
9.720000e-01  1.903751e-01
9.750000e-01  1.900700e-01
9.780000e-01  1.897656e-01
9.810000e-01  1.894621e-01
9.840000e-01  1.891593e-01
9.870000e-01  1.888574e-01
9.900000e-01  1.885563e-01
9.930000e-01  1.882560e-01
9.960000e-01  1.879564e-01
9.990000e-01  1.876577e-01
