000000  000001
3.000000e-03  8.568599e-01
6.000000e-03  7.819753e-01
9.000000e-03  7.315875e-01
1.200000e-02  6.938974e-01
1.500000e-02  6.639629e-01
1.800000e-02  6.392440e-01
2.100000e-02  6.182635e-01
2.400000e-02  6.000884e-01
2.700000e-02  5.840920e-01
3.000000e-02  5.698340e-01
3.300000e-02  5.569933e-01
3.600000e-02  5.453290e-01
3.900000e-02  5.346558e-01
4.200000e-02  5.248280e-01
4.500000e-02  5.157295e-01
4.800000e-02  5.072660e-01
5.100000e-02  4.993601e-01
5.400000e-02  4.919474e-01
5.700000e-02  4.849738e-01
6.000000e-02  4.783934e-01
6.300000e-02  4.721672e-01
6.600000e-02  4.662613e-01
6.900000e-02  4.606466e-01
7.200000e-02  4.552975e-01
7.500000e-02  4.501918e-01
7.800000e-02  4.453095e-01
8.100000e-02  4.406333e-01
8.400000e-02  4.361477e-01
8.700000e-02  4.318386e-01
9.000000e-02  4.276937e-01
9.300000e-02  4.237017e-01
9.600000e-02  4.198525e-01
9.900000e-02  4.161368e-01
1.020000e-01  4.125464e-01
1.050000e-01  4.090735e-01
1.080000e-01  4.057113e-01
1.110000e-01  4.024534e-01
1.140000e-01  3.992938e-01
1.170000e-01  3.962273e-01
1.200000e-01  3.932489e-01
1.230000e-01  3.903538e-01
1.260000e-01  3.875380e-01
1.290000e-01  3.847975e-01
1.320000e-01  3.821285e-01
1.350000e-01  3.795278e-01
1.380000e-01  3.769920e-01
1.410000e-01  3.745182e-01
1.440000e-01  3.721038e-01
1.470000e-01  3.697459e-01
1.500000e-01  3.674423e-01
1.530000e-01  3.651907e-01
1.560000e-01  3.629888e-01
1.590000e-01  3.608347e-01
1.620000e-01  3.587264e-01
1.650000e-01  3.566622e-01
1.680000e-01  3.546403e-01
1.710000e-01  3.526592e-01
1.740000e-01  3.507174e-01
1.770000e-01  3.488134e-01
1.800000e-01  3.469458e-01
1.830000e-01  3.451133e-01
1.860000e-01  3.433148e-01
1.890000e-01  3.415491e-01
1.920000e-01  3.398150e-01
1.950000e-01  3.381115e-01
1.980000e-01  3.364376e-01
2.010000e-01  3.347923e-01
2.040000e-01  3.331748e-01
2.070000e-01  3.315841e-01
2.100000e-01  3.300195e-01
2.130000e-01  3.284801e-01
2.160000e-01  3.269651e-01
2.190000e-01  3.254739e-01
2.220000e-01  3.240058e-01
2.250000e-01  3.225600e-01
2.280000e-01  3.211360e-01
2.310000e-01  3.197331e-01
2.340000e-01  3.183507e-01
2.370000e-01  3.169883e-01
2.400000e-01  3.156453e-01
2.430000e-01  3.143212e-01
2.460000e-01  3.130156e-01
2.490000e-01  3.117278e-01
2.520000e-01  3.104575e-01
2.550000e-01  3.092043e-01
2.580000e-01  3.079676e-01
2.610000e-01  3.067470e-01
2.640000e-01  3.055423e-01
2.670000e-01  3.043529e-01
2.700000e-01  3.031785e-01
2.730000e-01  3.020187e-01
2.760000e-01  3.008733e-01
2.790000e-01  2.997418e-01
2.820000e-01  2.986239e-01
2.850000e-01  2.975194e-01
2.880000e-01  2.964279e-01
2.910000e-01  2.953491e-01
2.940000e-01  2.942828e-01
2.970000e-01  2.932286e-01
3.000000e-01  2.921863e-01
3.030000e-01  2.911557e-01
3.060000e-01  2.901364e-01
3.090000e-01  2.891283e-01
3.120000e-01  2.881312e-01
3.150000e-01  2.871447e-01
3.180000e-01  2.861686e-01
3.210000e-01  2.852029e-01
3.240000e-01  2.842471e-01
3.270000e-01  2.833012e-01
3.300000e-01  2.823650e-01
3.330000e-01  2.814382e-01
3.360000e-01  2.805207e-01
3.390000e-01  2.796123e-01
3.420000e-01  2.787128e-01
3.450000e-01  2.778220e-01
3.480000e-01  2.769398e-01
3.510000e-01  2.760661e-01
3.540000e-01  2.752005e-01
3.570000e-01  2.743431e-01
3.600000e-01  2.734937e-01
3.630000e-01  2.726521e-01
3.660000e-01  2.718181e-01
3.690000e-01  2.709917e-01
3.720000e-01  2.701726e-01
3.750000e-01  2.693609e-01
3.780000e-01  2.685563e-01
3.810000e-01  2.677587e-01
3.840000e-01  2.669680e-01
3.870000e-01  2.661840e-01
3.900000e-01  2.654068e-01
3.930000e-01  2.646361e-01
3.960000e-01  2.638718e-01
3.990000e-01  2.631139e-01
4.020000e-01  2.623622e-01
4.050000e-01  2.616167e-01
4.080000e-01  2.608771e-01
4.110000e-01  2.601435e-01
4.140000e-01  2.594158e-01
4.170000e-01  2.586937e-01
4.200000e-01  2.579774e-01
4.230000e-01  2.572666e-01
4.260000e-01  2.565612e-01
4.290000e-01  2.558613e-01
4.320000e-01  2.551667e-01
4.350000e-01  2.544772e-01
4.380000e-01  2.537930e-01
4.410000e-01  2.531138e-01
4.440000e-01  2.524396e-01
4.470000e-01  2.517703e-01
4.500000e-01  2.511059e-01
4.530000e-01  2.504462e-01
4.560000e-01  2.497913e-01
4.590000e-01  2.491410e-01
4.620000e-01  2.484952e-01
4.650000e-01  2.478540e-01
4.680000e-01  2.472172e-01
4.710000e-01  2.465847e-01
4.740000e-01  2.459566e-01
4.770000e-01  2.453328e-01
4.800000e-01  2.447131e-01
4.830000e-01  2.440976e-01
4.860000e-01  2.434861e-01
4.890000e-01  2.428787e-01
4.920000e-01  2.422752e-01
4.950000e-01  2.416756e-01
4.980000e-01  2.410799e-01
5.010000e-01  2.404881e-01
5.040000e-01  2.398999e-01
5.070000e-01  2.393155e-01
5.100000e-01  2.387347e-01
5.130000e-01  2.381576e-01
5.160000e-01  2.375840e-01
5.190000e-01  2.370139e-01
5.220000e-01  2.364473e-01
5.250000e-01  2.358841e-01
5.280000e-01  2.353244e-01
5.310000e-01  2.347679e-01
5.340000e-01  2.342147e-01
5.370000e-01  2.336648e-01
5.400000e-01  2.331182e-01
5.430000e-01  2.325746e-01
5.460000e-01  2.320343e-01
5.490000e-01  2.314970e-01
5.520000e-01  2.309628e-01
5.550000e-01  2.304316e-01
5.580000e-01  2.299033e-01
5.610000e-01  2.293781e-01
5.640000e-01  2.288557e-01
5.670000e-01  2.283362e-01
5.700000e-01  2.278196e-01
5.730000e-01  2.273057e-01
5.760000e-01  2.267947e-01
5.790000e-01  2.262863e-01
5.820000e-01  2.257807e-01
5.850000e-01  2.252778e-01
5.880000e-01  2.247775e-01
5.910000e-01  2.242798e-01
5.940000e-01  2.237848e-01
5.970000e-01  2.232922e-01
6.000000e-01  2.228022e-01
6.030000e-01  2.223147e-01
6.060000e-01  2.218297e-01
6.090000e-01  2.213471e-01
6.120000e-01  2.208669e-01
6.150000e-01  2.203891e-01
6.180000e-01  2.199137e-01
6.210000e-01  2.194406e-01
6.240000e-01  2.189698e-01
6.270000e-01  2.185013e-01
6.300000e-01  2.180350e-01
6.330000e-01  2.175710e-01
6.360000e-01  2.171092e-01
6.390000e-01  2.166496e-01
6.420000e-01  2.161921e-01
6.450000e-01  2.157367e-01
6.480000e-01  2.152835e-01
6.510000e-01  2.148324e-01
6.540000e-01  2.143833e-01
6.570000e-01  2.139363e-01
6.600000e-01  2.134913e-01
6.630000e-01  2.130483e-01
6.660000e-01  2.126073e-01
6.690000e-01  2.121683e-01
6.720000e-01  2.117312e-01
6.750000e-01  2.112960e-01
6.780000e-01  2.108627e-01
6.810000e-01  2.104313e-01
6.840000e-01  2.100017e-01
6.870000e-01  2.095740e-01
6.900000e-01  2.091481e-01
6.930000e-01  2.087241e-01
6.960000e-01  2.083018e-01
6.990000e-01  2.078812e-01
7.020000e-01  2.074625e-01
7.050000e-01  2.070454e-01
7.080000e-01  2.066301e-01
7.110000e-01  2.062164e-01
7.140000e-01  2.058045e-01
7.170000e-01  2.053942e-01
7.200000e-01  2.049855e-01
7.230000e-01  2.045785e-01
7.260000e-01  2.041731e-01
7.290000e-01  2.037693e-01
7.320000e-01  2.033671e-01
7.350000e-01  2.029664e-01
7.380000e-01  2.025673e-01
7.410000e-01  2.021697e-01
7.440000e-01  2.017737e-01
7.470000e-01  2.013791e-01
7.500000e-01  2.009860e-01
7.530000e-01  2.005945e-01
7.560000e-01  2.002043e-01
7.590000e-01  1.998157e-01
7.620000e-01  1.994284e-01
7.650000e-01  1.990426e-01
7.680000e-01  1.986582e-01
7.710000e-01  1.982752e-01
7.740000e-01  1.978935e-01
7.770000e-01  1.975132e-01
7.800000e-01  1.971343e-01
7.830000e-01  1.967567e-01
7.860000e-01  1.963804e-01
7.890000e-01  1.960055e-01
7.920000e-01  1.956319e-01
7.950000e-01  1.952595e-01
7.980000e-01  1.948884e-01
8.010000e-01  1.945186e-01
8.040000e-01  1.941500e-01
8.070000e-01  1.937827e-01
8.100000e-01  1.934166e-01
8.130000e-01  1.930518e-01
8.160000e-01  1.926881e-01
8.190000e-01  1.923256e-01
8.220000e-01  1.919643e-01
8.250000e-01  1.916042e-01
8.280000e-01  1.912453e-01
8.310000e-01  1.908875e-01
8.340000e-01  1.905308e-01
8.370000e-01  1.901753e-01
8.400000e-01  1.898209e-01
8.430000e-01  1.894676e-01
8.460000e-01  1.891154e-01
8.490000e-01  1.887643e-01
8.520000e-01  1.884142e-01
8.550000e-01  1.880653e-01
8.580000e-01  1.877173e-01
8.610000e-01  1.873705e-01
8.640000e-01  1.870247e-01
8.670000e-01  1.866799e-01
8.700000e-01  1.863361e-01
8.730000e-01  1.859933e-01
8.760000e-01  1.856516e-01
8.790000e-01  1.853108e-01
8.820000e-01  1.849710e-01
8.850000e-01  1.846322e-01
8.880000e-01  1.842943e-01
8.910000e-01  1.839575e-01
8.940000e-01  1.836215e-01
8.970000e-01  1.832865e-01
9.000000e-01  1.829524e-01
9.030000e-01  1.826192e-01
9.060000e-01  1.822870e-01
9.090000e-01  1.819556e-01
9.120000e-01  1.816252e-01
9.150000e-01  1.812956e-01
9.180000e-01  1.809669e-01
9.210000e-01  1.806391e-01
9.240000e-01  1.803121e-01
9.270000e-01  1.799860e-01
9.300000e-01  1.796608e-01
9.330000e-01  1.793364e-01
9.360000e-01  1.790128e-01
9.390000e-01  1.786900e-01
9.420000e-01  1.783681e-01
9.450000e-01  1.780469e-01
9.480000e-01  1.777266e-01
9.510000e-01  1.774070e-01
9.540000e-01  1.770883e-01
9.570000e-01  1.767703e-01
9.600000e-01  1.764530e-01
9.630000e-01  1.761366e-01
9.660000e-01  1.758209e-01
9.690000e-01  1.755059e-01
9.720000e-01  1.751917e-01
9.750000e-01  1.748782e-01
9.780000e-01  1.745655e-01
9.810000e-01  1.742534e-01
9.840000e-01  1.739421e-01
9.870000e-01  1.736315e-01
9.900000e-01  1.733216e-01
9.930000e-01  1.730123e-01
9.960000e-01  1.727038e-01
9.990000e-01  1.723959e-01
