000000  000001
3.000000e-03  7.361715e-01
6.000000e-03  6.440981e-01
9.000000e-03  5.889377e-01
1.200000e-02  5.501099e-01
1.500000e-02  5.204335e-01
1.800000e-02  4.965748e-01
2.100000e-02  4.767221e-01
2.400000e-02  4.597850e-01
2.700000e-02  4.450584e-01
3.000000e-02  4.320612e-01
3.300000e-02  4.204511e-01
3.600000e-02  4.099764e-01
3.900000e-02  4.004468e-01
4.200000e-02  3.917150e-01
4.500000e-02  3.836652e-01
4.800000e-02  3.762042e-01
5.100000e-02  3.692565e-01
5.400000e-02  3.627598e-01
5.700000e-02  3.566622e-01
6.000000e-02  3.509200e-01
6.300000e-02  3.454962e-01
6.600000e-02  3.403592e-01
6.900000e-02  3.354816e-01
7.200000e-02  3.308398e-01
7.500000e-02  3.264130e-01
7.800000e-02  3.221832e-01
8.100000e-02  3.181343e-01
8.400000e-02  3.142521e-01
8.700000e-02  3.105240e-01
9.000000e-02  3.069387e-01
9.300000e-02  3.034861e-01
9.600000e-02  3.001571e-01
9.900000e-02  2.969433e-01
1.020000e-01  2.938374e-01
1.050000e-01  2.908326e-01
1.080000e-01  2.879226e-01
1.110000e-01  2.851018e-01
1.140000e-01  2.823650e-01
1.170000e-01  2.797075e-01
1.200000e-01  2.771248e-01
1.230000e-01  2.746130e-01
1.260000e-01  2.721683e-01
1.290000e-01  2.697872e-01
1.320000e-01  2.674666e-01
1.350000e-01  2.652033e-01
1.380000e-01  2.629948e-01
1.410000e-01  2.608384e-01
1.440000e-01  2.587316e-01
1.470000e-01  2.566722e-01
1.500000e-01  2.546582e-01
1.530000e-01  2.526874e-01
1.560000e-01  2.507581e-01
1.590000e-01  2.488685e-01
1.620000e-01  2.470170e-01
1.650000e-01  2.452020e-01
1.680000e-01  2.434220e-01
1.710000e-01  2.416756e-01
1.740000e-01  2.399617e-01
1.770000e-01  2.382788e-01
1.800000e-01  2.366259e-01
1.830000e-01  2.350018e-01
1.860000e-01  2.334055e-01
1.890000e-01  2.318360e-01
1.920000e-01  2.302922e-01
1.950000e-01  2.287735e-01
1.980000e-01  2.272788e-01
2.010000e-01  2.258073e-01
2.040000e-01  2.243583e-01
2.070000e-01  2.229309e-01
2.100000e-01  2.215246e-01
2.130000e-01  2.201386e-01
2.160000e-01  2.187722e-01
2.190000e-01  2.174249e-01
2.220000e-01  2.160960e-01
2.250000e-01  2.147850e-01
2.280000e-01  2.134913e-01
2.310000e-01  2.122144e-01
2.340000e-01  2.109537e-01
2.370000e-01  2.097089e-01
2.400000e-01  2.084794e-01
2.430000e-01  2.072647e-01
2.460000e-01  2.060645e-01
2.490000e-01  2.048783e-01
2.520000e-01  2.037057e-01
2.550000e-01  2.025463e-01
2.580000e-01  2.013998e-01
2.610000e-01  2.002658e-01
2.640000e-01  1.991440e-01
2.670000e-01  1.980340e-01
2.700000e-01  1.969354e-01
2.730000e-01  1.958480e-01
2.760000e-01  1.947715e-01
2.790000e-01  1.937055e-01
2.820000e-01  1.926499e-01
2.850000e-01  1.916042e-01
2.880000e-01  1.905683e-01
2.910000e-01  1.895419e-01
2.940000e-01  1.885247e-01
2.970000e-01  1.875164e-01
3.000000e-01  1.865169e-01
3.030000e-01  1.855259e-01
3.060000e-01  1.845432e-01
3.090000e-01  1.835685e-01
3.120000e-01  1.826017e-01
3.150000e-01  1.816426e-01
3.180000e-01  1.806908e-01
3.210000e-01  1.797463e-01
3.240000e-01  1.788088e-01
3.270000e-01  1.778782e-01
3.300000e-01  1.769543e-01
3.330000e-01  1.760368e-01
3.360000e-01  1.751256e-01
3.390000e-01  1.742206e-01
3.420000e-01  1.733216e-01
3.450000e-01  1.724283e-01
3.480000e-01  1.715407e-01
3.510000e-01  1.706585e-01
3.540000e-01  1.697817e-01
3.570000e-01  1.689100e-01
3.600000e-01  1.680433e-01
3.630000e-01  1.671815e-01
3.660000e-01  1.663244e-01
3.690000e-01  1.654718e-01
3.720000e-01  1.646237e-01
3.750000e-01  1.637799e-01
3.780000e-01  1.629402e-01
3.810000e-01  1.621045e-01
3.840000e-01  1.612727e-01
3.870000e-01  1.604446e-01
3.900000e-01  1.596200e-01
3.930000e-01  1.587990e-01
3.960000e-01  1.579813e-01
3.990000e-01  1.571667e-01
4.020000e-01  1.563552e-01
4.050000e-01  1.555467e-01
4.080000e-01  1.547409e-01
4.110000e-01  1.539378e-01
4.140000e-01  1.531373e-01
4.170000e-01  1.523391e-01
4.200000e-01  1.515432e-01
4.230000e-01  1.507495e-01
4.260000e-01  1.499577e-01
4.290000e-01  1.491679e-01
4.320000e-01  1.483797e-01
4.350000e-01  1.475932e-01
4.380000e-01  1.468081e-01
4.410000e-01  1.460244e-01
4.440000e-01  1.452418e-01
4.470000e-01  1.444603e-01
4.500000e-01  1.436796e-01
4.530000e-01  1.428997e-01
4.560000e-01  1.421204e-01
4.590000e-01  1.413415e-01
4.620000e-01  1.405629e-01
4.650000e-01  000000
4.680000e-01  000000
4.710000e-01  000000
4.740000e-01  000000
4.770000e-01  000000
4.800000e-01  000000
4.830000e-01  000000
4.860000e-01  000000
4.890000e-01  000000
4.920000e-01  000000
4.950000e-01  000000
4.980000e-01  000000
5.010000e-01  000000
5.040000e-01  000000
5.070000e-01  000000
5.100000e-01  000000
5.130000e-01  000000
5.160000e-01  000000
5.190000e-01  000000
5.220000e-01  000000
5.250000e-01  000000
5.280000e-01  000000
5.310000e-01  000000
5.340000e-01  000000
5.370000e-01  000000
5.400000e-01  000000
5.430000e-01  000000
5.460000e-01  000000
5.490000e-01  000000
5.520000e-01  000000
5.550000e-01  000000
5.580000e-01  000000
5.610000e-01  000000
5.640000e-01  000000
5.670000e-01  000000
5.700000e-01  000000
5.730000e-01  000000
5.760000e-01  000000
5.790000e-01  000000
5.820000e-01  000000
5.850000e-01  000000
5.880000e-01  000000
5.910000e-01  000000
5.940000e-01  000000
5.970000e-01  000000
6.000000e-01  000000
6.030000e-01  000000
6.060000e-01  000000
6.090000e-01  000000
6.120000e-01  000000
6.150000e-01  000000
6.180000e-01  000000
6.210000e-01  000000
6.240000e-01  000000
6.270000e-01  000000
6.300000e-01  000000
6.330000e-01  000000
6.360000e-01  000000
6.390000e-01  000000
6.420000e-01  000000
6.450000e-01  000000
6.480000e-01  000000
6.510000e-01  000000
6.540000e-01  000000
6.570000e-01  000000
6.600000e-01  000000
6.630000e-01  000000
6.660000e-01  000000
6.690000e-01  000000
6.720000e-01  000000
6.750000e-01  000000
6.780000e-01  000000
6.810000e-01  000000
6.840000e-01  000000
6.870000e-01  000000
6.900000e-01  000000
6.930000e-01  000000
6.960000e-01  000000
6.990000e-01  000000
7.020000e-01  000000
7.050000e-01  000000
7.080000e-01  000000
7.110000e-01  000000
7.140000e-01  000000
7.170000e-01  000000
7.200000e-01  000000
7.230000e-01  000000
7.260000e-01  000000
7.290000e-01  000000
7.320000e-01  000000
7.350000e-01  000000
7.380000e-01  000000
7.410000e-01  000000
7.440000e-01  000000
7.470000e-01  000000
7.500000e-01  000000
7.530000e-01  000000
7.560000e-01  000000
7.590000e-01  000000
7.620000e-01  000000
7.650000e-01  000000
7.680000e-01  000000
7.710000e-01  000000
7.740000e-01  000000
7.770000e-01  000000
7.800000e-01  000000
7.830000e-01  000000
7.860000e-01  000000
7.890000e-01  000000
7.920000e-01  000000
7.950000e-01  000000
7.980000e-01  000000
8.010000e-01  000000
8.040000e-01  000000
8.070000e-01  000000
8.100000e-01  000000
8.130000e-01  000000
8.160000e-01  000000
8.190000e-01  000000
8.220000e-01  000000
8.250000e-01  000000
8.280000e-01  000000
8.310000e-01  000000
8.340000e-01  000000
8.370000e-01  000000
8.400000e-01  000000
8.430000e-01  000000
8.460000e-01  000000
8.490000e-01  000000
8.520000e-01  000000
8.550000e-01  000000
8.580000e-01  000000
8.610000e-01  000000
8.640000e-01  000000
8.670000e-01  000000
8.700000e-01  000000
8.730000e-01  000000
8.760000e-01  000000
8.790000e-01  000000
8.820000e-01  000000
8.850000e-01  000000
8.880000e-01  000000
8.910000e-01  000000
8.940000e-01  000000
8.970000e-01  000000
9.000000e-01  000000
9.030000e-01  000000
9.060000e-01  000000
9.090000e-01  000000
9.120000e-01  000000
9.150000e-01  000000
9.180000e-01  000000
9.210000e-01  000000
9.240000e-01  000000
9.270000e-01  000000
9.300000e-01  000000
9.330000e-01  000000
9.360000e-01  000000
9.390000e-01  000000
9.420000e-01  000000
9.450000e-01  000000
9.480000e-01  000000
9.510000e-01  000000
9.540000e-01  000000
9.570000e-01  000000
9.600000e-01  000000
9.630000e-01  000000
9.660000e-01  000000
9.690000e-01  000000
9.720000e-01  000000
9.750000e-01  000000
9.780000e-01  000000
9.810000e-01  000000
9.840000e-01  000000
9.870000e-01  000000
9.900000e-01  000000
9.930000e-01  000000
9.960000e-01  000000
9.990000e-01  000000
