000000  000001
3.000000e-03  7.922424e-01
6.000000e-03  7.054252e-01
9.000000e-03  6.510606e-01
1.200000e-02  6.119292e-01
1.500000e-02  5.816048e-01
1.800000e-02  5.569933e-01
2.100000e-02  5.363724e-01
2.400000e-02  5.186875e-01
2.700000e-02  5.032476e-01
3.000000e-02  4.895765e-01
3.300000e-02  4.773321e-01
3.600000e-02  4.662613e-01
3.900000e-02  4.561716e-01
4.200000e-02  4.469132e-01
4.500000e-02  4.383676e-01
4.800000e-02  4.304393e-01
5.100000e-02  4.230505e-01
5.400000e-02  4.161368e-01
5.700000e-02  4.096445e-01
6.000000e-02  4.035281e-01
6.300000e-02  3.977493e-01
6.600000e-02  3.922748e-01
6.900000e-02  3.870762e-01
7.200000e-02  3.821285e-01
7.500000e-02  3.774102e-01
7.800000e-02  3.729022e-01
8.100000e-02  3.685875e-01
8.400000e-02  3.644513e-01
8.700000e-02  3.604801e-01
9.000000e-02  3.566622e-01
9.300000e-02  3.529867e-01
9.600000e-02  3.494439e-01
9.900000e-02  3.460252e-01
1.020000e-01  3.427226e-01
1.050000e-01  3.395290e-01
1.080000e-01  3.364376e-01
1.110000e-01  3.334425e-01
1.140000e-01  3.305382e-01
1.170000e-01  3.277196e-01
1.200000e-01  3.249820e-01
1.230000e-01  3.223212e-01
1.260000e-01  3.197331e-01
1.290000e-01  3.172140e-01
1.320000e-01  3.147605e-01
1.350000e-01  3.123695e-01
1.380000e-01  3.100379e-01
1.410000e-01  3.077630e-01
1.440000e-01  3.055423e-01
1.470000e-01  3.033732e-01
1.500000e-01  3.012535e-01
1.530000e-01  2.991812e-01
1.560000e-01  2.971541e-01
1.590000e-01  2.951705e-01
1.620000e-01  2.932286e-01
1.650000e-01  2.913266e-01
1.680000e-01  2.894631e-01
1.710000e-01  2.876366e-01
1.740000e-01  2.858456e-01
1.770000e-01  2.840888e-01
1.800000e-01  2.823650e-01
1.830000e-01  2.806730e-01
1.860000e-01  2.790116e-01
1.890000e-01  2.773799e-01
1.920000e-01  2.757766e-01
1.950000e-01  2.742010e-01
1.980000e-01  2.726521e-01
2.010000e-01  2.711289e-01
2.040000e-01  2.696307e-01
2.070000e-01  2.681566e-01
2.100000e-01  2.667059e-01
2.130000e-01  2.652779e-01
2.160000e-01  2.638718e-01
2.190000e-01  2.624871e-01
2.220000e-01  2.611230e-01
2.250000e-01  2.597789e-01
2.280000e-01  2.584543e-01
2.310000e-01  2.571486e-01
2.340000e-01  2.558613e-01
2.370000e-01  2.545918e-01
2.400000e-01  2.533396e-01
2.430000e-01  2.521044e-01
2.460000e-01  2.508855e-01
2.490000e-01  2.496826e-01
2.520000e-01  2.484952e-01
2.550000e-01  2.473230e-01
2.580000e-01  2.461655e-01
2.610000e-01  2.450224e-01
2.640000e-01  2.438933e-01
2.670000e-01  2.427778e-01
2.700000e-01  2.416756e-01
2.730000e-01  2.405864e-01
2.760000e-01  2.395099e-01
2.790000e-01  2.384457e-01
2.820000e-01  2.373936e-01
2.850000e-01  2.363532e-01
2.880000e-01  2.353244e-01
2.910000e-01  2.343067e-01
2.940000e-01  2.333000e-01
2.970000e-01  2.323041e-01
3.000000e-01  2.313186e-01
3.030000e-01  2.303433e-01
3.060000e-01  2.293781e-01
3.090000e-01  2.284226e-01
3.120000e-01  2.274767e-01
3.150000e-01  2.265402e-01
3.180000e-01  2.256128e-01
3.210000e-01  2.246944e-01
3.240000e-01  2.237848e-01
3.270000e-01  2.228837e-01
3.300000e-01  2.219911e-01
3.330000e-01  2.211067e-01
3.360000e-01  2.202304e-01
3.390000e-01  2.193620e-01
3.420000e-01  2.185013e-01
3.450000e-01  2.176482e-01
3.480000e-01  2.168025e-01
3.510000e-01  2.159642e-01
3.540000e-01  2.151329e-01
3.570000e-01  2.143087e-01
3.600000e-01  2.134913e-01
3.630000e-01  2.126807e-01
3.660000e-01  2.118766e-01
3.690000e-01  2.110791e-01
3.720000e-01  2.102879e-01
3.750000e-01  2.095029e-01
3.780000e-01  2.087241e-01
3.810000e-01  2.079512e-01
3.840000e-01  2.071842e-01
3.870000e-01  2.064230e-01
3.900000e-01  2.056675e-01
3.930000e-01  2.049176e-01
3.960000e-01  2.041731e-01
3.990000e-01  2.034340e-01
4.020000e-01  2.027002e-01
4.050000e-01  2.019715e-01
4.080000e-01  2.012479e-01
4.110000e-01  2.005293e-01
4.140000e-01  1.998157e-01
4.170000e-01  1.991068e-01
4.200000e-01  1.984027e-01
4.230000e-01  1.977032e-01
4.260000e-01  1.970083e-01
4.290000e-01  1.963179e-01
4.320000e-01  1.956319e-01
4.350000e-01  1.949502e-01
4.380000e-01  1.942728e-01
4.410000e-01  1.935995e-01
4.440000e-01  1.929304e-01
4.470000e-01  1.922653e-01
4.500000e-01  1.916042e-01
4.530000e-01  1.909470e-01
4.560000e-01  1.902937e-01
4.590000e-01  1.896441e-01
4.620000e-01  1.889982e-01
4.650000e-01  1.883560e-01
4.680000e-01  1.877173e-01
4.710000e-01  1.870822e-01
4.740000e-01  1.864506e-01
4.770000e-01  1.858223e-01
4.800000e-01  1.851974e-01
4.830000e-01  1.845758e-01
4.860000e-01  1.839575e-01
4.890000e-01  1.833423e-01
4.920000e-01  1.827302e-01
4.950000e-01  1.821212e-01
4.980000e-01  1.815152e-01
5.010000e-01  1.809122e-01
5.040000e-01  1.803121e-01
5.070000e-01  1.797149e-01
5.100000e-01  1.791206e-01
5.130000e-01  1.785289e-01
5.160000e-01  1.779401e-01
5.190000e-01  1.773538e-01
5.220000e-01  1.767703e-01
5.250000e-01  1.761893e-01
5.280000e-01  1.756108e-01
5.310000e-01  1.750349e-01
5.340000e-01  1.744614e-01
5.370000e-01  1.738903e-01
5.400000e-01  1.733216e-01
5.430000e-01  1.727552e-01
5.460000e-01  1.721910e-01
5.490000e-01  1.716292e-01
5.520000e-01  1.710695e-01
5.550000e-01  1.705120e-01
5.580000e-01  1.699566e-01
5.610000e-01  1.694033e-01
5.640000e-01  1.688520e-01
5.670000e-01  1.683028e-01
5.700000e-01  1.677555e-01
5.730000e-01  1.672101e-01
5.760000e-01  1.666667e-01
5.790000e-01  1.661251e-01
5.820000e-01  1.655853e-01
5.850000e-01  1.650472e-01
5.880000e-01  1.645110e-01
5.910000e-01  1.639764e-01
5.940000e-01  1.634435e-01
5.970000e-01  1.629123e-01
6.000000e-01  1.623826e-01
6.030000e-01  1.618546e-01
6.060000e-01  1.613280e-01
6.090000e-01  1.608030e-01
6.120000e-01  1.602794e-01
6.150000e-01  1.597572e-01
6.180000e-01  1.592365e-01
6.210000e-01  1.587171e-01
6.240000e-01  1.581990e-01
6.270000e-01  1.576822e-01
6.300000e-01  1.571667e-01
6.330000e-01  1.566524e-01
6.360000e-01  1.561393e-01
6.390000e-01  1.556274e-01
6.420000e-01  1.551166e-01
6.450000e-01  1.546069e-01
6.480000e-01  1.540982e-01
6.510000e-01  1.535906e-01
6.540000e-01  1.530840e-01
6.570000e-01  1.525783e-01
6.600000e-01  1.520736e-01
6.630000e-01  1.515697e-01
6.660000e-01  1.510667e-01
6.690000e-01  1.505646e-01
6.720000e-01  1.500632e-01
6.750000e-01  1.495626e-01
6.780000e-01  1.490627e-01
6.810000e-01  1.485635e-01
6.840000e-01  1.480649e-01
6.870000e-01  1.475670e-01
6.900000e-01  1.470697e-01
6.930000e-01  1.465729e-01
6.960000e-01  1.460766e-01
6.990000e-01  1.455808e-01
7.020000e-01  1.450854e-01
7.050000e-01  1.445905e-01
7.080000e-01  1.440959e-01
7.110000e-01  1.436016e-01
7.140000e-01  1.431076e-01
7.170000e-01  1.426139e-01
7.200000e-01  1.421204e-01
7.230000e-01  1.416271e-01
7.260000e-01  1.411339e-01
7.290000e-01  1.406408e-01
7.320000e-01  1.401477e-01
7.350000e-01  000000
7.380000e-01  000000
7.410000e-01  000000
7.440000e-01  000000
7.470000e-01  000000
7.500000e-01  000000
7.530000e-01  000000
7.560000e-01  000000
7.590000e-01  000000
7.620000e-01  000000
7.650000e-01  000000
7.680000e-01  000000
7.710000e-01  000000
7.740000e-01  000000
7.770000e-01  000000
7.800000e-01  000000
7.830000e-01  000000
7.860000e-01  000000
7.890000e-01  000000
7.920000e-01  000000
7.950000e-01  000000
7.980000e-01  000000
8.010000e-01  000000
8.040000e-01  000000
8.070000e-01  000000
8.100000e-01  000000
8.130000e-01  000000
8.160000e-01  000000
8.190000e-01  000000
8.220000e-01  000000
8.250000e-01  000000
8.280000e-01  000000
8.310000e-01  000000
8.340000e-01  000000
8.370000e-01  000000
8.400000e-01  000000
8.430000e-01  000000
8.460000e-01  000000
8.490000e-01  000000
8.520000e-01  000000
8.550000e-01  000000
8.580000e-01  000000
8.610000e-01  000000
8.640000e-01  000000
8.670000e-01  000000
8.700000e-01  000000
8.730000e-01  000000
8.760000e-01  000000
8.790000e-01  000000
8.820000e-01  000000
8.850000e-01  000000
8.880000e-01  000000
8.910000e-01  000000
8.940000e-01  000000
8.970000e-01  000000
9.000000e-01  000000
9.030000e-01  000000
9.060000e-01  000000
9.090000e-01  000000
9.120000e-01  000000
9.150000e-01  000000
9.180000e-01  000000
9.210000e-01  000000
9.240000e-01  000000
9.270000e-01  000000
9.300000e-01  000000
9.330000e-01  000000
9.360000e-01  000000
9.390000e-01  000000
9.420000e-01  000000
9.450000e-01  000000
9.480000e-01  000000
9.510000e-01  000000
9.540000e-01  000000
9.570000e-01  000000
9.600000e-01  000000
9.630000e-01  000000
9.660000e-01  000000
9.690000e-01  000000
9.720000e-01  000000
9.750000e-01  000000
9.780000e-01  000000
9.810000e-01  000000
9.840000e-01  000000
9.870000e-01  000000
9.900000e-01  000000
9.930000e-01  000000
9.960000e-01  000000
9.990000e-01  000000
