000000  000001
3.000000e-03  8.665386e-01
6.000000e-03  7.941679e-01
9.000000e-03  7.448067e-01
1.200000e-02  7.076038e-01
1.500000e-02  6.779095e-01
1.800000e-02  6.533018e-01
2.100000e-02  6.323598e-01
2.400000e-02  6.141798e-01
2.700000e-02  5.981517e-01
3.000000e-02  5.838453e-01
3.300000e-02  5.709456e-01
3.600000e-02  5.592158e-01
3.900000e-02  5.484730e-01
4.200000e-02  5.385737e-01
4.500000e-02  5.294027e-01
4.800000e-02  5.208667e-01
5.100000e-02  5.128887e-01
5.400000e-02  5.054047e-01
5.700000e-02  4.983611e-01
6.000000e-02  4.917120e-01
6.300000e-02  4.854185e-01
6.600000e-02  4.794469e-01
6.900000e-02  4.737680e-01
7.200000e-02  4.683563e-01
7.500000e-02  4.631894e-01
7.800000e-02  4.582476e-01
8.100000e-02  4.535134e-01
8.400000e-02  4.489712e-01
8.700000e-02  4.446070e-01
9.000000e-02  4.404084e-01
9.300000e-02  4.363640e-01
9.600000e-02  4.324638e-01
9.900000e-02  4.286984e-01
1.020000e-01  4.250594e-01
1.050000e-01  4.215392e-01
1.080000e-01  4.181309e-01
1.110000e-01  4.148279e-01
1.140000e-01  4.116244e-01
1.170000e-01  4.085149e-01
1.200000e-01  4.054945e-01
1.230000e-01  4.025586e-01
1.260000e-01  3.997028e-01
1.290000e-01  3.969232e-01
1.320000e-01  3.942160e-01
1.350000e-01  3.915779e-01
1.380000e-01  3.890056e-01
1.410000e-01  3.864961e-01
1.440000e-01  3.840466e-01
1.470000e-01  3.816546e-01
1.500000e-01  3.793175e-01
1.530000e-01  3.770331e-01
1.560000e-01  3.747991e-01
1.590000e-01  3.726135e-01
1.620000e-01  3.704744e-01
1.650000e-01  3.683800e-01
1.680000e-01  3.663286e-01
1.710000e-01  3.643185e-01
1.740000e-01  3.623483e-01
1.770000e-01  3.604164e-01
1.800000e-01  3.585214e-01
1.830000e-01  3.566622e-01
1.860000e-01  3.548374e-01
1.890000e-01  3.530458e-01
1.920000e-01  3.512864e-01
1.950000e-01  3.495581e-01
1.980000e-01  3.478598e-01
2.010000e-01  3.461906e-01
2.040000e-01  3.445496e-01
2.070000e-01  3.429358e-01
2.100000e-01  3.413485e-01
2.130000e-01  3.397868e-01
2.160000e-01  3.382500e-01
2.190000e-01  3.367373e-01
2.220000e-01  3.352480e-01
2.250000e-01  3.337815e-01
2.280000e-01  3.323371e-01
2.310000e-01  3.309141e-01
2.340000e-01  3.295120e-01
2.370000e-01  3.281302e-01
2.400000e-01  3.267682e-01
2.430000e-01  3.254254e-01
2.460000e-01  3.241013e-01
2.490000e-01  3.227955e-01
2.520000e-01  3.215074e-01
2.550000e-01  3.202366e-01
2.580000e-01  3.189827e-01
2.610000e-01  3.177452e-01
2.640000e-01  3.165238e-01
2.670000e-01  3.153180e-01
2.700000e-01  3.141275e-01
2.730000e-01  3.129518e-01
2.760000e-01  3.117907e-01
2.790000e-01  3.106439e-01
2.820000e-01  3.095109e-01
2.850000e-01  3.083915e-01
2.880000e-01  3.072853e-01
2.910000e-01  3.061921e-01
2.940000e-01  3.051115e-01
2.970000e-01  3.040434e-01
3.000000e-01  3.029874e-01
3.030000e-01  3.019432e-01
3.060000e-01  3.009106e-01
3.090000e-01  2.998894e-01
3.120000e-01  2.988793e-01
3.150000e-01  2.978801e-01
3.180000e-01  2.968915e-01
3.210000e-01  2.959134e-01
3.240000e-01  2.949456e-01
3.270000e-01  2.939878e-01
3.300000e-01  2.930398e-01
3.330000e-01  2.921014e-01
3.360000e-01  2.911725e-01
3.390000e-01  2.902528e-01
3.420000e-01  2.893422e-01
3.450000e-01  2.884406e-01
3.480000e-01  2.875477e-01
3.510000e-01  2.866634e-01
3.540000e-01  2.857874e-01
3.570000e-01  2.849198e-01
3.600000e-01  2.840603e-01
3.630000e-01  2.832087e-01
3.660000e-01  2.823650e-01
3.690000e-01  2.815290e-01
3.720000e-01  2.807005e-01
3.750000e-01  2.798794e-01
3.780000e-01  2.790656e-01
3.810000e-01  2.782590e-01
3.840000e-01  2.774594e-01
3.870000e-01  2.766668e-01
3.900000e-01  2.758809e-01
3.930000e-01  2.751017e-01
3.960000e-01  2.743291e-01
3.990000e-01  2.735630e-01
4.020000e-01  2.728032e-01
4.050000e-01  2.720497e-01
4.080000e-01  2.713024e-01
4.110000e-01  2.705611e-01
4.140000e-01  2.698258e-01
4.170000e-01  2.690963e-01
4.200000e-01  2.683726e-01
4.230000e-01  2.676546e-01
4.260000e-01  2.669422e-01
4.290000e-01  2.662353e-01
4.320000e-01  2.655338e-01
4.350000e-01  2.648376e-01
4.380000e-01  2.641467e-01
4.410000e-01  2.634610e-01
4.440000e-01  2.627804e-01
4.470000e-01  2.621049e-01
4.500000e-01  2.614343e-01
4.530000e-01  2.607685e-01
4.560000e-01  2.601076e-01
4.590000e-01  2.594514e-01
4.620000e-01  2.587999e-01
4.650000e-01  2.581530e-01
4.680000e-01  2.575106e-01
4.710000e-01  2.568728e-01
4.740000e-01  2.562393e-01
4.770000e-01  2.556101e-01
4.800000e-01  2.549853e-01
4.830000e-01  2.543647e-01
4.860000e-01  2.537483e-01
4.890000e-01  2.531360e-01
4.920000e-01  2.525277e-01
4.950000e-01  2.519235e-01
4.980000e-01  2.513232e-01
5.010000e-01  2.507268e-01
5.040000e-01  2.501343e-01
5.070000e-01  2.495456e-01
5.100000e-01  2.489606e-01
5.130000e-01  2.483793e-01
5.160000e-01  2.478016e-01
5.190000e-01  2.472276e-01
5.220000e-01  2.466571e-01
5.250000e-01  2.460901e-01
5.280000e-01  2.455266e-01
5.310000e-01  2.449666e-01
5.340000e-01  2.444099e-01
5.370000e-01  2.438565e-01
5.400000e-01  2.433064e-01
5.430000e-01  2.427596e-01
5.460000e-01  2.422161e-01
5.490000e-01  2.416756e-01
5.520000e-01  2.411384e-01
5.550000e-01  2.406042e-01
5.580000e-01  2.400731e-01
5.610000e-01  2.395450e-01
5.640000e-01  2.390199e-01
5.670000e-01  2.384978e-01
5.700000e-01  2.379786e-01
5.730000e-01  2.374622e-01
5.760000e-01  2.369487e-01
5.790000e-01  2.364381e-01
5.820000e-01  2.359302e-01
5.850000e-01  2.354251e-01
5.880000e-01  2.349226e-01
5.910000e-01  2.344229e-01
5.940000e-01  2.339259e-01
5.970000e-01  2.334314e-01
6.000000e-01  2.329396e-01
6.030000e-01  2.324503e-01
6.060000e-01  2.319636e-01
6.090000e-01  2.314794e-01
6.120000e-01  2.309977e-01
6.150000e-01  2.305184e-01
6.180000e-01  2.300416e-01
6.210000e-01  2.295672e-01
6.240000e-01  2.290951e-01
6.270000e-01  2.286254e-01
6.300000e-01  2.281580e-01
6.330000e-01  2.276929e-01
6.360000e-01  2.272301e-01
6.390000e-01  2.267696e-01
6.420000e-01  2.263113e-01
6.450000e-01  2.258552e-01
6.480000e-01  2.254012e-01
6.510000e-01  2.249495e-01
6.540000e-01  2.244998e-01
6.570000e-01  2.240523e-01
6.600000e-01  2.236068e-01
6.630000e-01  2.231635e-01
6.660000e-01  2.227221e-01
6.690000e-01  2.222828e-01
6.720000e-01  2.218456e-01
6.750000e-01  2.214102e-01
6.780000e-01  2.209769e-01
6.810000e-01  2.205455e-01
6.840000e-01  2.201160e-01
6.870000e-01  2.196885e-01
6.900000e-01  2.192628e-01
6.930000e-01  2.188390e-01
6.960000e-01  2.184170e-01
6.990000e-01  2.179969e-01
7.020000e-01  2.175786e-01
7.050000e-01  2.171621e-01
7.080000e-01  2.167473e-01
7.110000e-01  2.163343e-01
7.140000e-01  2.159231e-01
7.170000e-01  2.155136e-01
7.200000e-01  2.151058e-01
7.230000e-01  2.146997e-01
7.260000e-01  2.142952e-01
7.290000e-01  2.138924e-01
7.320000e-01  2.134913e-01
7.350000e-01  2.130918e-01
7.380000e-01  2.126939e-01
7.410000e-01  2.122976e-01
7.440000e-01  2.119029e-01
7.470000e-01  2.115098e-01
7.500000e-01  2.111182e-01
7.530000e-01  2.107281e-01
7.560000e-01  2.103396e-01
7.590000e-01  2.099526e-01
7.620000e-01  2.095670e-01
7.650000e-01  2.091830e-01
7.680000e-01  2.088004e-01
7.710000e-01  2.084193e-01
7.740000e-01  2.080396e-01
7.770000e-01  2.076613e-01
7.800000e-01  2.072845e-01
7.830000e-01  2.069090e-01
7.860000e-01  2.065350e-01
7.890000e-01  2.061623e-01
7.920000e-01  2.057910e-01
7.950000e-01  2.054210e-01
7.980000e-01  2.050524e-01
8.010000e-01  2.046851e-01
8.040000e-01  2.043191e-01
8.070000e-01  2.039545e-01
8.100000e-01  2.035911e-01
8.130000e-01  2.032290e-01
8.160000e-01  2.028681e-01
8.190000e-01  2.025085e-01
8.220000e-01  2.021502e-01
8.250000e-01  2.017931e-01
8.280000e-01  2.014372e-01
8.310000e-01  2.010826e-01
8.340000e-01  2.007291e-01
8.370000e-01  2.003768e-01
8.400000e-01  2.000258e-01
8.430000e-01  1.996758e-01
8.460000e-01  1.993271e-01
8.490000e-01  1.989795e-01
8.520000e-01  1.986330e-01
8.550000e-01  1.982877e-01
8.580000e-01  1.979435e-01
8.610000e-01  1.976004e-01
8.640000e-01  1.972584e-01
8.670000e-01  1.969175e-01
8.700000e-01  1.965777e-01
8.730000e-01  1.962389e-01
8.760000e-01  1.959012e-01
8.790000e-01  1.955646e-01
8.820000e-01  1.952290e-01
8.850000e-01  1.948945e-01
8.880000e-01  1.945610e-01
8.910000e-01  1.942285e-01
8.940000e-01  1.938970e-01
8.970000e-01  1.935665e-01
9.000000e-01  1.932370e-01
9.030000e-01  1.929085e-01
9.060000e-01  1.925810e-01
9.090000e-01  1.922545e-01
9.120000e-01  1.919289e-01
9.150000e-01  1.916042e-01
9.180000e-01  1.912805e-01
9.210000e-01  1.909578e-01
9.240000e-01  1.906360e-01
9.270000e-01  1.903150e-01
9.300000e-01  1.899950e-01
9.330000e-01  1.896760e-01
9.360000e-01  1.893578e-01
9.390000e-01  1.890405e-01
9.420000e-01  1.887240e-01
9.450000e-01  1.884085e-01
9.480000e-01  1.880938e-01
9.510000e-01  1.877800e-01
9.540000e-01  1.874671e-01
9.570000e-01  1.871549e-01
9.600000e-01  1.868437e-01
9.630000e-01  1.865332e-01
9.660000e-01  1.862236e-01
9.690000e-01  1.859148e-01
9.720000e-01  1.856068e-01
9.750000e-01  1.852996e-01
9.780000e-01  1.849933e-01
9.810000e-01  1.846877e-01
9.840000e-01  1.843829e-01
9.870000e-01  1.840788e-01
9.900000e-01  1.837756e-01
9.930000e-01  1.834731e-01
9.960000e-01  1.831714e-01
9.990000e-01  1.828704e-01
