000000  000001
3.000000e-03  7.635235e-01
6.000000e-03  6.738543e-01
9.000000e-03  6.191948e-01
1.200000e-02  5.804232e-01
1.500000e-02  5.506699e-01
1.800000e-02  5.266960e-01
2.100000e-02  5.067239e-01
2.400000e-02  4.896761e-01
2.700000e-02  4.748523e-01
3.000000e-02  4.617726e-01
3.300000e-02  4.500945e-01
3.600000e-02  4.395655e-01
3.900000e-02  4.299942e-01
4.200000e-02  4.212323e-01
4.500000e-02  4.131630e-01
4.800000e-02  4.056920e-01
5.100000e-02  3.987431e-01
5.400000e-02  3.922530e-01
5.700000e-02  3.861693e-01
6.000000e-02  3.804476e-01
6.300000e-02  3.750504e-01
6.600000e-02  3.699455e-01
6.900000e-02  3.651051e-01
7.200000e-02  3.605053e-01
7.500000e-02  3.561249e-01
7.800000e-02  3.519455e-01
8.100000e-02  3.479508e-01
8.400000e-02  3.441264e-01
8.700000e-02  3.404594e-01
9.000000e-02  3.369383e-01
9.300000e-02  3.335528e-01
9.600000e-02  3.302936e-01
9.900000e-02  3.271523e-01
1.020000e-01  3.241213e-01
1.050000e-01  3.211936e-01
1.080000e-01  3.183630e-01
1.110000e-01  3.156238e-01
1.140000e-01  3.129705e-01
1.170000e-01  3.103984e-01
1.200000e-01  3.079030e-01
1.230000e-01  3.054802e-01
1.260000e-01  3.031261e-01
1.290000e-01  3.008374e-01
1.320000e-01  2.986106e-01
1.350000e-01  2.964428e-01
1.380000e-01  2.943311e-01
1.410000e-01  2.922729e-01
1.440000e-01  2.902657e-01
1.470000e-01  2.883073e-01
1.500000e-01  2.863955e-01
1.530000e-01  2.845283e-01
1.560000e-01  2.827038e-01
1.590000e-01  2.809201e-01
1.620000e-01  2.791757e-01
1.650000e-01  2.774690e-01
1.680000e-01  2.757984e-01
1.710000e-01  2.741627e-01
1.740000e-01  2.725603e-01
1.770000e-01  2.709902e-01
1.800000e-01  2.694510e-01
1.830000e-01  2.679418e-01
1.860000e-01  2.664613e-01
1.890000e-01  2.650087e-01
1.920000e-01  2.635829e-01
1.950000e-01  2.621831e-01
1.980000e-01  2.608083e-01
2.010000e-01  2.594577e-01
2.040000e-01  2.581306e-01
2.070000e-01  2.568261e-01
2.100000e-01  2.555437e-01
2.130000e-01  2.542825e-01
2.160000e-01  2.530420e-01
2.190000e-01  2.518214e-01
2.220000e-01  2.506203e-01
2.250000e-01  2.494380e-01
2.280000e-01  2.482740e-01
2.310000e-01  2.471277e-01
2.340000e-01  2.459987e-01
2.370000e-01  2.448865e-01
2.400000e-01  2.437905e-01
2.430000e-01  2.427104e-01
2.460000e-01  2.416458e-01
2.490000e-01  2.405961e-01
2.520000e-01  2.395611e-01
2.550000e-01  2.385403e-01
2.580000e-01  2.375333e-01
2.610000e-01  2.365399e-01
2.640000e-01  2.355596e-01
2.670000e-01  2.345922e-01
2.700000e-01  2.336373e-01
2.730000e-01  2.326946e-01
2.760000e-01  2.317639e-01
2.790000e-01  2.308448e-01
2.820000e-01  2.299370e-01
2.850000e-01  2.290403e-01
2.880000e-01  2.281545e-01
2.910000e-01  2.272793e-01
2.940000e-01  2.264144e-01
2.970000e-01  2.255596e-01
3.000000e-01  2.247147e-01
3.030000e-01  2.238795e-01
3.060000e-01  2.230537e-01
3.090000e-01  2.222372e-01
3.120000e-01  2.214298e-01
3.150000e-01  2.206312e-01
3.180000e-01  2.198413e-01
3.210000e-01  2.190599e-01
3.240000e-01  2.182868e-01
3.270000e-01  2.175219e-01
3.300000e-01  2.167649e-01
3.330000e-01  2.160158e-01
3.360000e-01  2.152744e-01
3.390000e-01  2.145404e-01
3.420000e-01  2.138138e-01
3.450000e-01  2.130945e-01
3.480000e-01  2.123823e-01
3.510000e-01  2.116769e-01
3.540000e-01  2.109785e-01
3.570000e-01  2.102867e-01
3.600000e-01  2.096014e-01
3.630000e-01  2.089227e-01
3.660000e-01  2.082502e-01
3.690000e-01  2.075840e-01
3.720000e-01  2.069238e-01
3.750000e-01  2.062697e-01
3.780000e-01  2.056214e-01
3.810000e-01  2.049789e-01
3.840000e-01  2.043421e-01
3.870000e-01  2.037108e-01
3.900000e-01  2.030851e-01
3.930000e-01  2.024647e-01
3.960000e-01  2.018497e-01
3.990000e-01  2.012398e-01
4.020000e-01  2.006351e-01
4.050000e-01  2.000353e-01
4.080000e-01  1.994406e-01
4.110000e-01  1.988507e-01
4.140000e-01  1.982656e-01
4.170000e-01  1.976852e-01
4.200000e-01  1.971095e-01
4.230000e-01  1.965383e-01
4.260000e-01  1.959716e-01
4.290000e-01  1.954093e-01
4.320000e-01  1.948514e-01
4.350000e-01  1.942978e-01
4.380000e-01  1.937484e-01
4.410000e-01  1.932031e-01
4.440000e-01  1.926619e-01
4.470000e-01  1.921248e-01
4.500000e-01  1.915916e-01
4.530000e-01  1.910623e-01
4.560000e-01  1.905369e-01
4.590000e-01  1.900152e-01
4.620000e-01  1.894973e-01
4.650000e-01  1.889831e-01
4.680000e-01  1.884725e-01
4.710000e-01  1.879655e-01
4.740000e-01  1.874619e-01
4.770000e-01  1.869619e-01
4.800000e-01  1.864653e-01
4.830000e-01  1.859721e-01
4.860000e-01  1.854822e-01
4.890000e-01  1.849956e-01
4.920000e-01  1.845122e-01
4.950000e-01  1.840320e-01
4.980000e-01  1.835550e-01
5.010000e-01  1.830810e-01
5.040000e-01  1.826101e-01
5.070000e-01  1.821423e-01
5.100000e-01  1.816774e-01
5.130000e-01  1.812155e-01
5.160000e-01  1.807565e-01
5.190000e-01  1.803003e-01
5.220000e-01  1.798469e-01
5.250000e-01  1.793964e-01
5.280000e-01  1.789486e-01
5.310000e-01  1.785035e-01
5.340000e-01  1.780611e-01
5.370000e-01  1.776213e-01
5.400000e-01  1.771842e-01
5.430000e-01  1.767496e-01
5.460000e-01  1.763176e-01
5.490000e-01  1.758881e-01
5.520000e-01  1.754611e-01
5.550000e-01  1.750366e-01
5.580000e-01  1.746144e-01
5.610000e-01  1.741947e-01
5.640000e-01  1.737773e-01
5.670000e-01  1.733622e-01
5.700000e-01  1.729495e-01
5.730000e-01  1.725390e-01
5.760000e-01  1.721308e-01
5.790000e-01  1.717248e-01
5.820000e-01  1.713211e-01
5.850000e-01  1.709194e-01
5.880000e-01  1.705200e-01
5.910000e-01  1.701226e-01
5.940000e-01  1.697273e-01
5.970000e-01  1.693342e-01
6.000000e-01  1.689430e-01
6.030000e-01  1.685539e-01
6.060000e-01  1.681668e-01
6.090000e-01  1.677816e-01
6.120000e-01  1.673984e-01
6.150000e-01  1.670172e-01
6.180000e-01  1.666378e-01
6.210000e-01  1.662603e-01
6.240000e-01  1.658847e-01
6.270000e-01  1.655110e-01
6.300000e-01  1.651391e-01
6.330000e-01  1.647689e-01
6.360000e-01  1.644006e-01
6.390000e-01  1.640340e-01
6.420000e-01  1.636692e-01
6.450000e-01  1.633060e-01
6.480000e-01  1.629447e-01
6.510000e-01  1.625849e-01
6.540000e-01  1.622269e-01
6.570000e-01  1.618705e-01
6.600000e-01  1.615157e-01
6.630000e-01  1.611626e-01
6.660000e-01  1.608110e-01
6.690000e-01  1.604611e-01
6.720000e-01  1.601126e-01
6.750000e-01  1.597658e-01
6.780000e-01  1.594205e-01
6.810000e-01  1.590767e-01
6.840000e-01  1.587343e-01
6.870000e-01  1.583935e-01
6.900000e-01  1.580542e-01
6.930000e-01  1.577162e-01
6.960000e-01  1.573798e-01
6.990000e-01  1.570447e-01
7.020000e-01  1.567111e-01
7.050000e-01  1.563788e-01
7.080000e-01  1.560479e-01
7.110000e-01  1.557184e-01
7.140000e-01  1.553903e-01
7.170000e-01  1.550634e-01
7.200000e-01  1.547379e-01
7.230000e-01  1.544137e-01
7.260000e-01  1.540908e-01
7.290000e-01  1.537692e-01
7.320000e-01  1.534489e-01
7.350000e-01  1.531298e-01
7.380000e-01  1.528119e-01
7.410000e-01  1.524953e-01
7.440000e-01  1.521799e-01
7.470000e-01  1.518657e-01
7.500000e-01  1.515528e-01
7.530000e-01  1.512409e-01
7.560000e-01  1.509303e-01
7.590000e-01  1.506208e-01
7.620000e-01  1.503125e-01
7.650000e-01  1.500053e-01
7.680000e-01  1.496992e-01
7.710000e-01  1.493943e-01
7.740000e-01  1.490904e-01
7.770000e-01  1.487877e-01
7.800000e-01  1.484860e-01
7.830000e-01  1.481854e-01
7.860000e-01  1.478858e-01
7.890000e-01  1.475873e-01
7.920000e-01  1.472899e-01
7.950000e-01  1.469934e-01
7.980000e-01  1.466980e-01
8.010000e-01  1.464036e-01
8.040000e-01  1.461102e-01
8.070000e-01  1.458178e-01
8.100000e-01  1.455264e-01
8.130000e-01  1.452360e-01
8.160000e-01  1.449465e-01
8.190000e-01  1.446579e-01
8.220000e-01  1.443703e-01
8.250000e-01  1.440837e-01
8.280000e-01  1.437979e-01
8.310000e-01  1.435131e-01
8.340000e-01  1.432292e-01
8.370000e-01  1.429462e-01
8.400000e-01  1.426641e-01
8.430000e-01  1.423828e-01
8.460000e-01  1.421025e-01
8.490000e-01  1.418230e-01
8.520000e-01  1.415443e-01
8.550000e-01  1.412665e-01
8.580000e-01  1.409896e-01
8.610000e-01  1.407134e-01
8.640000e-01  1.404381e-01
8.670000e-01  1.401636e-01
8.700000e-01  1.398900e-01
8.730000e-01  1.396171e-01
8.760000e-01  1.393450e-01
8.790000e-01  1.390737e-01
8.820000e-01  1.388032e-01
8.850000e-01  1.385334e-01
8.880000e-01  1.382644e-01
8.910000e-01  1.379962e-01
8.940000e-01  1.377287e-01
8.970000e-01  1.374619e-01
9.000000e-01  1.371959e-01
9.030000e-01  1.369306e-01
9.060000e-01  1.366661e-01
9.090000e-01  1.364022e-01
9.120000e-01  1.361391e-01
9.150000e-01  1.358766e-01
9.180000e-01  1.356148e-01
9.210000e-01  1.353538e-01
9.240000e-01  1.350933e-01
9.270000e-01  1.348336e-01
9.300000e-01  1.345746e-01
9.330000e-01  1.343162e-01
9.360000e-01  1.340584e-01
9.390000e-01  1.338013e-01
9.420000e-01  1.335448e-01
9.450000e-01  1.332890e-01
9.480000e-01  1.330338e-01
9.510000e-01  1.327792e-01
9.540000e-01  1.325252e-01
9.570000e-01  1.322718e-01
9.600000e-01  1.320191e-01
9.630000e-01  1.317669e-01
9.660000e-01  1.315153e-01
9.690000e-01  1.312643e-01
9.720000e-01  1.310139e-01
9.750000e-01  1.307640e-01
9.780000e-01  1.305147e-01
9.810000e-01  1.302660e-01
9.840000e-01  1.300178e-01
9.870000e-01  1.297702e-01
9.900000e-01  1.295231e-01
9.930000e-01  1.292766e-01
9.960000e-01  1.290305e-01
9.990000e-01  1.287850e-01
