000000  000001
3.000000e-03  6.875919e-01
6.000000e-03  5.942614e-01
9.000000e-03  5.401902e-01
1.200000e-02  5.027976e-01
1.500000e-02  4.745508e-01
1.800000e-02  4.520367e-01
2.100000e-02  4.334300e-01
2.400000e-02  4.176448e-01
2.700000e-02  4.039854e-01
3.000000e-02  3.919804e-01
3.300000e-02  3.812965e-01
3.600000e-02  3.716898e-01
3.900000e-02  3.629767e-01
4.200000e-02  3.550159e-01
4.500000e-02  3.476963e-01
4.800000e-02  3.409292e-01
5.100000e-02  3.346424e-01
5.400000e-02  3.287770e-01
5.700000e-02  3.232837e-01
6.000000e-02  3.181213e-01
6.300000e-02  3.132549e-01
6.600000e-02  3.086546e-01
6.900000e-02  3.042948e-01
7.200000e-02  3.001532e-01
7.500000e-02  2.962106e-01
7.800000e-02  2.924498e-01
8.100000e-02  2.888560e-01
8.400000e-02  2.854159e-01
8.700000e-02  2.821177e-01
9.000000e-02  2.789510e-01
9.300000e-02  2.759063e-01
9.600000e-02  2.729752e-01
9.900000e-02  2.701499e-01
1.020000e-01  2.674236e-01
1.050000e-01  2.647900e-01
1.080000e-01  2.622434e-01
1.110000e-01  2.597785e-01
1.140000e-01  2.573905e-01
1.170000e-01  2.550752e-01
1.200000e-01  2.528283e-01
1.230000e-01  2.506462e-01
1.260000e-01  2.485255e-01
1.290000e-01  2.464630e-01
1.320000e-01  2.444557e-01
1.350000e-01  2.425009e-01
1.380000e-01  2.405961e-01
1.410000e-01  2.387389e-01
1.440000e-01  2.369270e-01
1.470000e-01  2.351585e-01
1.500000e-01  2.334314e-01
1.530000e-01  2.317438e-01
1.560000e-01  2.300940e-01
1.590000e-01  2.284806e-01
1.620000e-01  2.269019e-01
1.650000e-01  2.253567e-01
1.680000e-01  2.238434e-01
1.710000e-01  2.223609e-01
1.740000e-01  2.209080e-01
1.770000e-01  2.194835e-01
1.800000e-01  2.180865e-01
1.830000e-01  2.167158e-01
1.860000e-01  2.153706e-01
1.890000e-01  2.140500e-01
1.920000e-01  2.127530e-01
1.950000e-01  2.114789e-01
1.980000e-01  2.102268e-01
2.010000e-01  2.089961e-01
2.040000e-01  2.077861e-01
2.070000e-01  2.065960e-01
2.100000e-01  2.054252e-01
2.130000e-01  2.042732e-01
2.160000e-01  2.031393e-01
2.190000e-01  2.020229e-01
2.220000e-01  2.009236e-01
2.250000e-01  1.998409e-01
2.280000e-01  1.987741e-01
2.310000e-01  1.977229e-01
2.340000e-01  1.966869e-01
2.370000e-01  1.956655e-01
2.400000e-01  1.946584e-01
2.430000e-01  1.936651e-01
2.460000e-01  1.926853e-01
2.490000e-01  1.917187e-01
2.520000e-01  1.907648e-01
2.550000e-01  1.898234e-01
2.580000e-01  1.888940e-01
2.610000e-01  1.879764e-01
2.640000e-01  1.870703e-01
2.670000e-01  1.861754e-01
2.700000e-01  1.852914e-01
2.730000e-01  1.844180e-01
2.760000e-01  1.835550e-01
2.790000e-01  1.827020e-01
2.820000e-01  1.818590e-01
2.850000e-01  1.810255e-01
2.880000e-01  1.802015e-01
2.910000e-01  1.793866e-01
2.940000e-01  1.785807e-01
2.970000e-01  1.777836e-01
3.000000e-01  1.769949e-01
3.030000e-01  1.762147e-01
3.060000e-01  1.754426e-01
3.090000e-01  1.746785e-01
3.120000e-01  1.739222e-01
3.150000e-01  1.731735e-01
3.180000e-01  1.724323e-01
3.210000e-01  1.716984e-01
3.240000e-01  1.709717e-01
3.270000e-01  1.702519e-01
3.300000e-01  1.695390e-01
3.330000e-01  1.688328e-01
3.360000e-01  1.681332e-01
3.390000e-01  1.674400e-01
3.420000e-01  1.667531e-01
3.450000e-01  1.660723e-01
3.480000e-01  1.653976e-01
3.510000e-01  1.647288e-01
3.540000e-01  1.640658e-01
3.570000e-01  1.634085e-01
3.600000e-01  1.627568e-01
3.630000e-01  1.621105e-01
3.660000e-01  1.614696e-01
3.690000e-01  1.608339e-01
3.720000e-01  1.602034e-01
3.750000e-01  1.595779e-01
3.780000e-01  1.589574e-01
3.810000e-01  1.583418e-01
3.840000e-01  1.577309e-01
3.870000e-01  1.571247e-01
3.900000e-01  1.565231e-01
3.930000e-01  1.559260e-01
3.960000e-01  1.553333e-01
3.990000e-01  1.547450e-01
4.020000e-01  1.541609e-01
4.050000e-01  1.535810e-01
4.080000e-01  1.530053e-01
4.110000e-01  1.524335e-01
4.140000e-01  1.518657e-01
4.170000e-01  1.513018e-01
4.200000e-01  1.507418e-01
4.230000e-01  1.501855e-01
4.260000e-01  1.496328e-01
4.290000e-01  1.490838e-01
4.320000e-01  1.485384e-01
4.350000e-01  1.479964e-01
4.380000e-01  1.474579e-01
4.410000e-01  1.469227e-01
4.440000e-01  1.463909e-01
4.470000e-01  1.458623e-01
4.500000e-01  1.453369e-01
4.530000e-01  1.448146e-01
4.560000e-01  1.442955e-01
4.590000e-01  1.437793e-01
4.620000e-01  1.432662e-01
4.650000e-01  1.427560e-01
4.680000e-01  1.422486e-01
4.710000e-01  1.417441e-01
4.740000e-01  1.412424e-01
4.770000e-01  1.407434e-01
4.800000e-01  1.402471e-01
4.830000e-01  1.397534e-01
4.860000e-01  1.392623e-01
4.890000e-01  1.387738e-01
4.920000e-01  1.382878e-01
4.950000e-01  1.378042e-01
4.980000e-01  1.373231e-01
5.010000e-01  1.368443e-01
5.040000e-01  1.363678e-01
5.070000e-01  1.358937e-01
5.100000e-01  1.354218e-01
5.130000e-01  1.349521e-01
5.160000e-01  1.344846e-01
5.190000e-01  1.340192e-01
5.220000e-01  1.335560e-01
5.250000e-01  1.330947e-01
5.280000e-01  1.326355e-01
5.310000e-01  1.321783e-01
5.340000e-01  1.317231e-01
5.370000e-01  1.312697e-01
5.400000e-01  1.308183e-01
5.430000e-01  1.303687e-01
5.460000e-01  1.299209e-01
5.490000e-01  1.294748e-01
5.520000e-01  1.290305e-01
5.550000e-01  1.285880e-01
5.580000e-01  1.281471e-01
5.610000e-01  1.277078e-01
5.640000e-01  1.272701e-01
5.670000e-01  1.268341e-01
5.700000e-01  1.263996e-01
5.730000e-01  1.259666e-01
5.760000e-01  1.255350e-01
5.790000e-01  1.251050e-01
5.820000e-01  1.246763e-01
5.850000e-01  1.242491e-01
5.880000e-01  1.238232e-01
5.910000e-01  1.233987e-01
5.940000e-01  1.229754e-01
5.970000e-01  1.225535e-01
6.000000e-01  1.221328e-01
6.030000e-01  1.217132e-01
6.060000e-01  1.212949e-01
6.090000e-01  1.208778e-01
6.120000e-01  1.204617e-01
6.150000e-01  1.200468e-01
6.180000e-01  1.196329e-01
6.210000e-01  1.192201e-01
6.240000e-01  1.188083e-01
6.270000e-01  1.183975e-01
6.300000e-01  1.179876e-01
6.330000e-01  1.175787e-01
6.360000e-01  1.171707e-01
6.390000e-01  1.167635e-01
6.420000e-01  1.163572e-01
6.450000e-01  1.159517e-01
6.480000e-01  1.155470e-01
6.510000e-01  1.151430e-01
6.540000e-01  1.147398e-01
6.570000e-01  1.143373e-01
6.600000e-01  1.139354e-01
6.630000e-01  1.135342e-01
6.660000e-01  1.131336e-01
6.690000e-01  1.127335e-01
6.720000e-01  1.123341e-01
6.750000e-01  1.119351e-01
6.780000e-01  1.115367e-01
6.810000e-01  1.111387e-01
6.840000e-01  1.107411e-01
6.870000e-01  1.103439e-01
6.900000e-01  1.099472e-01
6.930000e-01  1.095507e-01
6.960000e-01  1.091546e-01
6.990000e-01  1.087587e-01
7.020000e-01  1.083631e-01
7.050000e-01  1.079676e-01
7.080000e-01  1.075724e-01
7.110000e-01  1.071773e-01
7.140000e-01  1.067823e-01
7.170000e-01  1.063874e-01
7.200000e-01  000000
7.230000e-01  000000
7.260000e-01  000000
7.290000e-01  000000
7.320000e-01  000000
7.350000e-01  000000
7.380000e-01  000000
7.410000e-01  000000
7.440000e-01  000000
7.470000e-01  000000
7.500000e-01  000000
7.530000e-01  000000
7.560000e-01  000000
7.590000e-01  000000
7.620000e-01  000000
7.650000e-01  000000
7.680000e-01  000000
7.710000e-01  000000
7.740000e-01  000000
7.770000e-01  000000
7.800000e-01  000000
7.830000e-01  000000
7.860000e-01  000000
7.890000e-01  000000
7.920000e-01  000000
7.950000e-01  000000
7.980000e-01  000000
8.010000e-01  000000
8.040000e-01  000000
8.070000e-01  000000
8.100000e-01  000000
8.130000e-01  000000
8.160000e-01  000000
8.190000e-01  000000
8.220000e-01  000000
8.250000e-01  000000
8.280000e-01  000000
8.310000e-01  000000
8.340000e-01  000000
8.370000e-01  000000
8.400000e-01  000000
8.430000e-01  000000
8.460000e-01  000000
8.490000e-01  000000
8.520000e-01  000000
8.550000e-01  000000
8.580000e-01  000000
8.610000e-01  000000
8.640000e-01  000000
8.670000e-01  000000
8.700000e-01  000000
8.730000e-01  000000
8.760000e-01  000000
8.790000e-01  000000
8.820000e-01  000000
8.850000e-01  000000
8.880000e-01  000000
8.910000e-01  000000
8.940000e-01  000000
8.970000e-01  000000
9.000000e-01  000000
9.030000e-01  000000
9.060000e-01  000000
9.090000e-01  000000
9.120000e-01  000000
9.150000e-01  000000
9.180000e-01  000000
9.210000e-01  000000
9.240000e-01  000000
9.270000e-01  000000
9.300000e-01  000000
9.330000e-01  000000
9.360000e-01  000000
9.390000e-01  000000
9.420000e-01  000000
9.450000e-01  000000
9.480000e-01  000000
9.510000e-01  000000
9.540000e-01  000000
9.570000e-01  000000
9.600000e-01  000000
9.630000e-01  000000
9.660000e-01  000000
9.690000e-01  000000
9.720000e-01  000000
9.750000e-01  000000
9.780000e-01  000000
9.810000e-01  000000
9.840000e-01  000000
9.870000e-01  000000
9.900000e-01  000000
9.930000e-01  000000
9.960000e-01  000000
9.990000e-01  000000
