000000  000001
3.000000e-03  7.203193e-01
6.000000e-03  6.278683e-01
9.000000e-03  5.732397e-01
1.200000e-02  5.350926e-01
1.500000e-02  5.061029e-01
1.800000e-02  4.829018e-01
2.100000e-02  4.636699e-01
2.400000e-02  4.473172e-01
2.700000e-02  4.331413e-01
3.000000e-02  4.206646e-01
3.300000e-02  4.095479e-01
3.600000e-02  3.995424e-01
3.900000e-02  3.904605e-01
4.200000e-02  3.821572e-01
4.500000e-02  3.745184e-01
4.800000e-02  3.674528e-01
5.100000e-02  3.608863e-01
5.400000e-02  3.547579e-01
5.700000e-02  3.490167e-01
6.000000e-02  3.436202e-01
6.300000e-02  3.385322e-01
6.600000e-02  3.337218e-01
6.900000e-02  3.291624e-01
7.200000e-02  3.248309e-01
7.500000e-02  3.207072e-01
7.800000e-02  3.167737e-01
8.100000e-02  3.130148e-01
8.400000e-02  3.094167e-01
8.700000e-02  3.059673e-01
9.000000e-02  3.026555e-01
9.300000e-02  2.994715e-01
9.600000e-02  2.964065e-01
9.900000e-02  2.934526e-01
1.020000e-01  2.906024e-01
1.050000e-01  2.878496e-01
1.080000e-01  2.851879e-01
1.110000e-01  2.826121e-01
1.140000e-01  2.801171e-01
1.170000e-01  2.776983e-01
1.200000e-01  2.753515e-01
1.230000e-01  2.730728e-01
1.260000e-01  2.708586e-01
1.290000e-01  2.687055e-01
1.320000e-01  2.666106e-01
1.350000e-01  2.645709e-01
1.380000e-01  2.625838e-01
1.410000e-01  2.606468e-01
1.440000e-01  2.587575e-01
1.470000e-01  2.569139e-01
1.500000e-01  2.551138e-01
1.530000e-01  2.533554e-01
1.560000e-01  2.516370e-01
1.590000e-01  2.499567e-01
1.620000e-01  2.483131e-01
1.650000e-01  2.467047e-01
1.680000e-01  2.451301e-01
1.710000e-01  2.435880e-01
1.740000e-01  2.420770e-01
1.770000e-01  2.405961e-01
1.800000e-01  2.391441e-01
1.830000e-01  2.377200e-01
1.860000e-01  2.363228e-01
1.890000e-01  2.349515e-01
1.920000e-01  2.336051e-01
1.950000e-01  2.322830e-01
1.980000e-01  2.309842e-01
2.010000e-01  2.297080e-01
2.040000e-01  2.284536e-01
2.070000e-01  2.272203e-01
2.100000e-01  2.260074e-01
2.130000e-01  2.248144e-01
2.160000e-01  2.236406e-01
2.190000e-01  2.224854e-01
2.220000e-01  2.213482e-01
2.250000e-01  2.202285e-01
2.280000e-01  2.191258e-01
2.310000e-01  2.180396e-01
2.340000e-01  2.169694e-01
2.370000e-01  2.159148e-01
2.400000e-01  2.148754e-01
2.430000e-01  2.138506e-01
2.460000e-01  2.128402e-01
2.490000e-01  2.118437e-01
2.520000e-01  2.108607e-01
2.550000e-01  2.098910e-01
2.580000e-01  2.089341e-01
2.610000e-01  2.079897e-01
2.640000e-01  2.070576e-01
2.670000e-01  2.061373e-01
2.700000e-01  2.052287e-01
2.730000e-01  2.043313e-01
2.760000e-01  2.034450e-01
2.790000e-01  2.025695e-01
2.820000e-01  2.017045e-01
2.850000e-01  2.008497e-01
2.880000e-01  2.000050e-01
2.910000e-01  1.991700e-01
2.940000e-01  1.983447e-01
2.970000e-01  1.975286e-01
3.000000e-01  1.967217e-01
3.030000e-01  1.959238e-01
3.060000e-01  1.951346e-01
3.090000e-01  1.943539e-01
3.120000e-01  1.935816e-01
3.150000e-01  1.928174e-01
3.180000e-01  1.920613e-01
3.210000e-01  1.913130e-01
3.240000e-01  1.905724e-01
3.270000e-01  1.898392e-01
3.300000e-01  1.891135e-01
3.330000e-01  1.883949e-01
3.360000e-01  1.876834e-01
3.390000e-01  1.869788e-01
3.420000e-01  1.862810e-01
3.450000e-01  1.855898e-01
3.480000e-01  1.849052e-01
3.510000e-01  1.842269e-01
3.540000e-01  1.835550e-01
3.570000e-01  1.828891e-01
3.600000e-01  1.822293e-01
3.630000e-01  1.815754e-01
3.660000e-01  1.809273e-01
3.690000e-01  1.802849e-01
3.720000e-01  1.796481e-01
3.750000e-01  1.790167e-01
3.780000e-01  1.783908e-01
3.810000e-01  1.777701e-01
3.840000e-01  1.771547e-01
3.870000e-01  1.765443e-01
3.900000e-01  1.759390e-01
3.930000e-01  1.753385e-01
3.960000e-01  1.747430e-01
3.990000e-01  1.741521e-01
4.020000e-01  1.735660e-01
4.050000e-01  1.729844e-01
4.080000e-01  1.724073e-01
4.110000e-01  1.718347e-01
4.140000e-01  1.712665e-01
4.170000e-01  1.707025e-01
4.200000e-01  1.701428e-01
4.230000e-01  1.695872e-01
4.260000e-01  1.690356e-01
4.290000e-01  1.684881e-01
4.320000e-01  1.679446e-01
4.350000e-01  1.674049e-01
4.380000e-01  1.668691e-01
4.410000e-01  1.663370e-01
4.440000e-01  1.658086e-01
4.470000e-01  1.652838e-01
4.500000e-01  1.647627e-01
4.530000e-01  1.642450e-01
4.560000e-01  1.637309e-01
4.590000e-01  1.632201e-01
4.620000e-01  1.627128e-01
4.650000e-01  1.622087e-01
4.680000e-01  1.617079e-01
4.710000e-01  1.612104e-01
4.740000e-01  1.607160e-01
4.770000e-01  1.602247e-01
4.800000e-01  1.597365e-01
4.830000e-01  1.592513e-01
4.860000e-01  1.587691e-01
4.890000e-01  1.582898e-01
4.920000e-01  1.578134e-01
4.950000e-01  1.573399e-01
4.980000e-01  1.568692e-01
5.010000e-01  1.564013e-01
5.040000e-01  1.559361e-01
5.070000e-01  1.554736e-01
5.100000e-01  1.550137e-01
5.130000e-01  1.545564e-01
5.160000e-01  1.541018e-01
5.190000e-01  1.536496e-01
5.220000e-01  1.532000e-01
5.250000e-01  1.527528e-01
5.280000e-01  1.523081e-01
5.310000e-01  1.518657e-01
5.340000e-01  1.514258e-01
5.370000e-01  1.509881e-01
5.400000e-01  1.505528e-01
5.430000e-01  1.501197e-01
5.460000e-01  1.496889e-01
5.490000e-01  1.492602e-01
5.520000e-01  1.488338e-01
5.550000e-01  1.484094e-01
5.580000e-01  1.479872e-01
5.610000e-01  1.475671e-01
5.640000e-01  1.471491e-01
5.670000e-01  1.467330e-01
5.700000e-01  1.463190e-01
5.730000e-01  1.459069e-01
5.760000e-01  1.454968e-01
5.790000e-01  1.450886e-01
5.820000e-01  1.446824e-01
5.850000e-01  1.442779e-01
5.880000e-01  1.438753e-01
5.910000e-01  1.434746e-01
5.940000e-01  1.430756e-01
5.970000e-01  1.426784e-01
6.000000e-01  1.422829e-01
6.030000e-01  1.418892e-01
6.060000e-01  1.414972e-01
6.090000e-01  1.411068e-01
6.120000e-01  1.407181e-01
6.150000e-01  1.403310e-01
6.180000e-01  1.399456e-01
6.210000e-01  1.395617e-01
6.240000e-01  1.391794e-01
6.270000e-01  1.387986e-01
6.300000e-01  1.384193e-01
6.330000e-01  1.380416e-01
6.360000e-01  1.376653e-01
6.390000e-01  1.372905e-01
6.420000e-01  1.369172e-01
6.450000e-01  1.365452e-01
6.480000e-01  1.361747e-01
6.510000e-01  1.358055e-01
6.540000e-01  1.354378e-01
6.570000e-01  1.350713e-01
6.600000e-01  1.347062e-01
6.630000e-01  1.343424e-01
6.660000e-01  1.339799e-01
6.690000e-01  1.336187e-01
6.720000e-01  1.332587e-01
6.750000e-01  1.328999e-01
6.780000e-01  1.325424e-01
6.810000e-01  1.321861e-01
6.840000e-01  1.318309e-01
6.870000e-01  1.314770e-01
6.900000e-01  1.311242e-01
6.930000e-01  1.307725e-01
6.960000e-01  1.304219e-01
6.990000e-01  1.300725e-01
7.020000e-01  1.297241e-01
7.050000e-01  1.293768e-01
7.080000e-01  1.290305e-01
7.110000e-01  1.286853e-01
7.140000e-01  1.283411e-01
7.170000e-01  1.279980e-01
7.200000e-01  1.276558e-01
7.230000e-01  1.273146e-01
7.260000e-01  1.269743e-01
7.290000e-01  1.266350e-01
7.320000e-01  1.262967e-01
7.350000e-01  1.259592e-01
7.380000e-01  1.256227e-01
7.410000e-01  1.252870e-01
7.440000e-01  1.249523e-01
7.470000e-01  1.246183e-01
7.500000e-01  1.242853e-01
7.530000e-01  1.239530e-01
7.560000e-01  1.236216e-01
7.590000e-01  1.232910e-01
7.620000e-01  1.229611e-01
7.650000e-01  1.226321e-01
7.680000e-01  1.223037e-01
7.710000e-01  1.219762e-01
7.740000e-01  1.216494e-01
7.770000e-01  1.213233e-01
7.800000e-01  1.209978e-01
7.830000e-01  1.206731e-01
7.860000e-01  1.203491e-01
7.890000e-01  1.200257e-01
7.920000e-01  1.197030e-01
7.950000e-01  1.193809e-01
7.980000e-01  1.190595e-01
8.010000e-01  1.187386e-01
8.040000e-01  1.184184e-01
8.070000e-01  1.180987e-01
8.100000e-01  1.177796e-01
8.130000e-01  1.174611e-01
8.160000e-01  1.171430e-01
8.190000e-01  1.168256e-01
8.220000e-01  1.165086e-01
8.250000e-01  1.161921e-01
8.280000e-01  1.158762e-01
8.310000e-01  1.155607e-01
8.340000e-01  1.152456e-01
8.370000e-01  1.149311e-01
8.400000e-01  1.146169e-01
8.430000e-01  1.143032e-01
8.460000e-01  1.139898e-01
8.490000e-01  1.136769e-01
8.520000e-01  1.133643e-01
8.550000e-01  1.130522e-01
8.580000e-01  1.127403e-01
8.610000e-01  1.124288e-01
8.640000e-01  1.121176e-01
8.670000e-01  1.118067e-01
8.700000e-01  1.114962e-01
8.730000e-01  1.111859e-01
8.760000e-01  1.108758e-01
8.790000e-01  1.105660e-01
8.820000e-01  1.102565e-01
8.850000e-01  1.099472e-01
8.880000e-01  1.096380e-01
8.910000e-01  1.093291e-01
8.940000e-01  1.090203e-01
8.970000e-01  1.087117e-01
9.000000e-01  1.084033e-01
9.030000e-01  1.080950e-01
9.060000e-01  1.077868e-01
9.090000e-01  1.074786e-01
9.120000e-01  1.071706e-01
9.150000e-01  1.068626e-01
9.180000e-01  1.065547e-01
9.210000e-01  1.062468e-01
9.240000e-01  000000
9.270000e-01  000000
9.300000e-01  000000
9.330000e-01  000000
9.360000e-01  000000
9.390000e-01  000000
9.420000e-01  000000
9.450000e-01  000000
9.480000e-01  000000
9.510000e-01  000000
9.540000e-01  000000
9.570000e-01  000000
9.600000e-01  000000
9.630000e-01  000000
9.660000e-01  000000
9.690000e-01  000000
9.720000e-01  000000
9.750000e-01  000000
9.780000e-01  000000
9.810000e-01  000000
9.840000e-01  000000
9.870000e-01  000000
9.900000e-01  000000
9.930000e-01  000000
9.960000e-01  000000
9.990000e-01  000000
