000000  000001
3.000000e-03  8.150831e-01
6.000000e-03  7.318189e-01
9.000000e-03  6.786027e-01
1.200000e-02  6.399136e-01
1.500000e-02  6.097565e-01
1.800000e-02  5.851897e-01
2.100000e-02  5.645554e-01
2.400000e-02  5.468296e-01
2.700000e-02  5.313369e-01
3.000000e-02  5.176090e-01
3.300000e-02  5.053086e-01
3.600000e-02  4.941849e-01
3.900000e-02  4.840466e-01
4.200000e-02  4.747447e-01
4.500000e-02  4.661608e-01
4.800000e-02  4.581996e-01
5.100000e-02  4.507830e-01
5.400000e-02  4.438466e-01
5.700000e-02  4.373362e-01
6.000000e-02  4.312063e-01
6.300000e-02  4.254182e-01
6.600000e-02  4.199385e-01
6.900000e-02  4.147384e-01
7.200000e-02  4.097929e-01
7.500000e-02  4.050801e-01
7.800000e-02  4.005807e-01
8.100000e-02  3.962776e-01
8.400000e-02  3.921557e-01
8.700000e-02  3.882016e-01
9.000000e-02  3.844031e-01
9.300000e-02  3.807494e-01
9.600000e-02  3.772307e-01
9.900000e-02  3.738382e-01
1.020000e-01  3.705638e-01
1.050000e-01  3.674001e-01
1.080000e-01  3.643405e-01
1.110000e-01  3.613790e-01
1.140000e-01  3.585098e-01
1.170000e-01  3.557279e-01
1.200000e-01  3.530285e-01
1.230000e-01  3.504072e-01
1.260000e-01  3.478600e-01
1.290000e-01  3.453831e-01
1.320000e-01  3.429731e-01
1.350000e-01  3.406266e-01
1.380000e-01  3.383408e-01
1.410000e-01  3.361127e-01
1.440000e-01  3.339398e-01
1.470000e-01  3.318196e-01
1.500000e-01  3.297497e-01
1.530000e-01  3.277281e-01
1.560000e-01  3.257528e-01
1.590000e-01  3.238217e-01
1.620000e-01  3.219331e-01
1.650000e-01  3.200853e-01
1.680000e-01  3.182768e-01
1.710000e-01  3.165059e-01
1.740000e-01  3.147714e-01
1.770000e-01  3.130718e-01
1.800000e-01  3.114059e-01
1.830000e-01  3.097724e-01
1.860000e-01  3.081702e-01
1.890000e-01  3.065983e-01
1.920000e-01  3.050555e-01
1.950000e-01  3.035410e-01
1.980000e-01  3.020537e-01
2.010000e-01  3.005928e-01
2.040000e-01  2.991574e-01
2.070000e-01  2.977467e-01
2.100000e-01  2.963599e-01
2.130000e-01  2.949963e-01
2.160000e-01  2.936552e-01
2.190000e-01  2.923359e-01
2.220000e-01  2.910378e-01
2.250000e-01  2.897602e-01
2.280000e-01  2.885025e-01
2.310000e-01  2.872643e-01
2.340000e-01  2.860448e-01
2.370000e-01  2.848437e-01
2.400000e-01  2.836603e-01
2.430000e-01  2.824943e-01
2.460000e-01  2.813451e-01
2.490000e-01  2.802123e-01
2.520000e-01  2.790955e-01
2.550000e-01  2.779943e-01
2.580000e-01  2.769082e-01
2.610000e-01  2.758369e-01
2.640000e-01  2.747800e-01
2.670000e-01  2.737371e-01
2.700000e-01  2.727080e-01
2.730000e-01  2.716922e-01
2.760000e-01  2.706895e-01
2.790000e-01  2.696995e-01
2.820000e-01  2.687220e-01
2.850000e-01  2.677566e-01
2.880000e-01  2.668031e-01
2.910000e-01  2.658612e-01
2.940000e-01  2.649307e-01
2.970000e-01  2.640112e-01
3.000000e-01  2.631026e-01
3.030000e-01  2.622046e-01
3.060000e-01  2.613169e-01
3.090000e-01  2.604395e-01
3.120000e-01  2.595719e-01
3.150000e-01  2.587141e-01
3.180000e-01  2.578659e-01
3.210000e-01  2.570269e-01
3.240000e-01  2.561971e-01
3.270000e-01  2.553763e-01
3.300000e-01  2.545642e-01
3.330000e-01  2.537607e-01
3.360000e-01  2.529657e-01
3.390000e-01  2.521789e-01
3.420000e-01  2.514002e-01
3.450000e-01  2.506295e-01
3.480000e-01  2.498666e-01
3.510000e-01  2.491113e-01
3.540000e-01  2.483636e-01
3.570000e-01  2.476232e-01
3.600000e-01  2.468900e-01
3.630000e-01  2.461639e-01
3.660000e-01  2.454448e-01
3.690000e-01  2.447326e-01
3.720000e-01  2.440270e-01
3.750000e-01  2.433281e-01
3.780000e-01  2.426357e-01
3.810000e-01  2.419496e-01
3.840000e-01  2.412698e-01
3.870000e-01  2.405961e-01
3.900000e-01  2.399285e-01
3.930000e-01  2.392668e-01
3.960000e-01  2.386110e-01
3.990000e-01  2.379610e-01
4.020000e-01  2.373166e-01
4.050000e-01  2.366777e-01
4.080000e-01  2.360443e-01
4.110000e-01  2.354163e-01
4.140000e-01  2.347936e-01
4.170000e-01  2.341762e-01
4.200000e-01  2.335638e-01
4.230000e-01  2.329565e-01
4.260000e-01  2.323542e-01
4.290000e-01  2.317567e-01
4.320000e-01  2.311641e-01
4.350000e-01  2.305762e-01
4.380000e-01  2.299930e-01
4.410000e-01  2.294143e-01
4.440000e-01  2.288403e-01
4.470000e-01  2.282706e-01
4.500000e-01  2.277054e-01
4.530000e-01  2.271445e-01
4.560000e-01  2.265879e-01
4.590000e-01  2.260354e-01
4.620000e-01  2.254872e-01
4.650000e-01  2.249430e-01
4.680000e-01  2.244028e-01
4.710000e-01  2.238666e-01
4.740000e-01  2.233343e-01
4.770000e-01  2.228059e-01
4.800000e-01  2.222813e-01
4.830000e-01  2.217604e-01
4.860000e-01  2.212433e-01
4.890000e-01  2.207298e-01
4.920000e-01  2.202199e-01
4.950000e-01  2.197135e-01
4.980000e-01  2.192107e-01
5.010000e-01  2.187113e-01
5.040000e-01  2.182153e-01
5.070000e-01  2.177227e-01
5.100000e-01  2.172334e-01
5.130000e-01  2.167474e-01
5.160000e-01  2.162647e-01
5.190000e-01  2.157851e-01
5.220000e-01  2.153087e-01
5.250000e-01  2.148354e-01
5.280000e-01  2.143652e-01
5.310000e-01  2.138979e-01
5.340000e-01  2.134338e-01
5.370000e-01  2.129725e-01
5.400000e-01  2.125142e-01
5.430000e-01  2.120588e-01
5.460000e-01  2.116062e-01
5.490000e-01  2.111565e-01
5.520000e-01  2.107095e-01
5.550000e-01  2.102653e-01
5.580000e-01  2.098238e-01
5.610000e-01  2.093850e-01
5.640000e-01  2.089489e-01
5.670000e-01  2.085153e-01
5.700000e-01  2.080844e-01
5.730000e-01  2.076560e-01
5.760000e-01  2.072301e-01
5.790000e-01  2.068067e-01
5.820000e-01  2.063859e-01
5.850000e-01  2.059674e-01
5.880000e-01  2.055514e-01
5.910000e-01  2.051377e-01
5.940000e-01  2.047265e-01
5.970000e-01  2.043175e-01
6.000000e-01  2.039109e-01
6.030000e-01  2.035065e-01
6.060000e-01  2.031044e-01
6.090000e-01  2.027045e-01
6.120000e-01  2.023069e-01
6.150000e-01  2.019114e-01
6.180000e-01  2.015181e-01
6.210000e-01  2.011269e-01
6.240000e-01  2.007378e-01
6.270000e-01  2.003508e-01
6.300000e-01  1.999659e-01
6.330000e-01  1.995831e-01
6.360000e-01  1.992022e-01
6.390000e-01  1.988234e-01
6.420000e-01  1.984465e-01
6.450000e-01  1.980716e-01
6.480000e-01  1.976987e-01
6.510000e-01  1.973276e-01
6.540000e-01  1.969585e-01
6.570000e-01  1.965912e-01
6.600000e-01  1.962258e-01
6.630000e-01  1.958623e-01
6.660000e-01  1.955006e-01
6.690000e-01  1.951407e-01
6.720000e-01  1.947825e-01
6.750000e-01  1.944262e-01
6.780000e-01  1.940715e-01
6.810000e-01  1.937187e-01
6.840000e-01  1.933675e-01
6.870000e-01  1.930180e-01
6.900000e-01  1.926703e-01
6.930000e-01  1.923242e-01
6.960000e-01  1.919797e-01
6.990000e-01  1.916369e-01
7.020000e-01  1.912957e-01
7.050000e-01  1.909561e-01
7.080000e-01  1.906181e-01
7.110000e-01  1.902816e-01
7.140000e-01  1.899467e-01
7.170000e-01  1.896134e-01
7.200000e-01  1.892816e-01
7.230000e-01  1.889513e-01
7.260000e-01  1.886225e-01
7.290000e-01  1.882952e-01
7.320000e-01  1.879694e-01
7.350000e-01  1.876450e-01
7.380000e-01  1.873221e-01
7.410000e-01  1.870005e-01
7.440000e-01  1.866805e-01
7.470000e-01  1.863618e-01
7.500000e-01  1.860445e-01
7.530000e-01  1.857286e-01
7.560000e-01  1.854141e-01
7.590000e-01  1.851009e-01
7.620000e-01  1.847891e-01
7.650000e-01  1.844786e-01
7.680000e-01  1.841694e-01
7.710000e-01  1.838615e-01
7.740000e-01  1.835550e-01
7.770000e-01  1.832497e-01
7.800000e-01  1.829456e-01
7.830000e-01  1.826429e-01
7.860000e-01  1.823414e-01
7.890000e-01  1.820411e-01
7.920000e-01  1.817421e-01
7.950000e-01  1.814443e-01
7.980000e-01  1.811477e-01
8.010000e-01  1.808523e-01
8.040000e-01  1.805581e-01
8.070000e-01  1.802650e-01
8.100000e-01  1.799732e-01
8.130000e-01  1.796825e-01
8.160000e-01  1.793929e-01
8.190000e-01  1.791045e-01
8.220000e-01  1.788172e-01
8.250000e-01  1.785310e-01
8.280000e-01  1.782460e-01
8.310000e-01  1.779620e-01
8.340000e-01  1.776791e-01
8.370000e-01  1.773974e-01
8.400000e-01  1.771167e-01
8.430000e-01  1.768370e-01
8.460000e-01  1.765584e-01
8.490000e-01  1.762809e-01
8.520000e-01  1.760044e-01
8.550000e-01  1.757290e-01
8.580000e-01  1.754545e-01
8.610000e-01  1.751811e-01
8.640000e-01  1.749087e-01
8.670000e-01  1.746373e-01
8.700000e-01  1.743668e-01
8.730000e-01  1.740974e-01
8.760000e-01  1.738289e-01
8.790000e-01  1.735614e-01
8.820000e-01  1.732949e-01
8.850000e-01  1.730293e-01
8.880000e-01  1.727647e-01
8.910000e-01  1.725010e-01
8.940000e-01  1.722382e-01
8.970000e-01  1.719764e-01
9.000000e-01  1.717154e-01
9.030000e-01  1.714554e-01
9.060000e-01  1.711963e-01
9.090000e-01  1.709381e-01
9.120000e-01  1.706807e-01
9.150000e-01  1.704243e-01
9.180000e-01  1.701687e-01
9.210000e-01  1.699140e-01
9.240000e-01  1.696601e-01
9.270000e-01  1.694071e-01
9.300000e-01  1.691550e-01
9.330000e-01  1.689037e-01
9.360000e-01  1.686532e-01
9.390000e-01  1.684036e-01
9.420000e-01  1.681548e-01
9.450000e-01  1.679068e-01
9.480000e-01  1.676596e-01
9.510000e-01  1.674132e-01
9.540000e-01  1.671677e-01
9.570000e-01  1.669229e-01
9.600000e-01  1.666789e-01
9.630000e-01  1.664357e-01
9.660000e-01  1.661932e-01
9.690000e-01  1.659516e-01
9.720000e-01  1.657107e-01
9.750000e-01  1.654705e-01
9.780000e-01  1.652311e-01
9.810000e-01  1.649925e-01
9.840000e-01  1.647546e-01
9.870000e-01  1.645175e-01
9.900000e-01  1.642810e-01
9.930000e-01  1.640453e-01
9.960000e-01  1.638104e-01
9.990000e-01  1.635761e-01
