000000  000001
3.000000e-03  6.846670e-01
6.000000e-03  5.913025e-01
9.000000e-03  5.372995e-01
1.200000e-02  4.999839e-01
1.500000e-02  4.718087e-01
1.800000e-02  4.493592e-01
2.100000e-02  4.308102e-01
2.400000e-02  4.150769e-01
2.700000e-02  4.014643e-01
3.000000e-02  3.895018e-01
3.300000e-02  3.788566e-01
3.600000e-02  3.692854e-01
3.900000e-02  3.606050e-01
4.200000e-02  3.526746e-01
4.500000e-02  3.453831e-01
4.800000e-02  3.386422e-01
5.100000e-02  3.323799e-01
5.400000e-02  3.265375e-01
5.700000e-02  3.210658e-01
6.000000e-02  3.159238e-01
6.300000e-02  3.110766e-01
6.600000e-02  3.064945e-01
6.900000e-02  3.021520e-01
7.200000e-02  2.980269e-01
7.500000e-02  2.940998e-01
7.800000e-02  2.903539e-01
8.100000e-02  2.867743e-01
8.400000e-02  2.833477e-01
8.700000e-02  2.800625e-01
9.000000e-02  2.769082e-01
9.300000e-02  2.738754e-01
9.600000e-02  2.709556e-01
9.900000e-02  2.681413e-01
1.020000e-01  2.654256e-01
1.050000e-01  2.628021e-01
1.080000e-01  2.602652e-01
1.110000e-01  2.578096e-01
1.140000e-01  2.554307e-01
1.170000e-01  2.531240e-01
1.200000e-01  2.508856e-01
1.230000e-01  2.487116e-01
1.260000e-01  2.465987e-01
1.290000e-01  2.445438e-01
1.320000e-01  2.425438e-01
1.350000e-01  2.405961e-01
1.380000e-01  2.386981e-01
1.410000e-01  2.368475e-01
1.440000e-01  2.350421e-01
1.470000e-01  2.332798e-01
1.500000e-01  2.315586e-01
1.530000e-01  2.298769e-01
1.560000e-01  2.282328e-01
1.590000e-01  2.266248e-01
1.620000e-01  2.250515e-01
1.650000e-01  2.235113e-01
1.680000e-01  2.220030e-01
1.710000e-01  2.205254e-01
1.740000e-01  2.190772e-01
1.770000e-01  2.176573e-01
1.800000e-01  2.162647e-01
1.830000e-01  2.148983e-01
1.860000e-01  2.135573e-01
1.890000e-01  2.122406e-01
1.920000e-01  2.109476e-01
1.950000e-01  2.096773e-01
1.980000e-01  2.084289e-01
2.010000e-01  2.072018e-01
2.040000e-01  2.059952e-01
2.070000e-01  2.048085e-01
2.100000e-01  2.036410e-01
2.130000e-01  2.024922e-01
2.160000e-01  2.013614e-01
2.190000e-01  2.002480e-01
2.220000e-01  1.991516e-01
2.250000e-01  1.980716e-01
2.280000e-01  1.970076e-01
2.310000e-01  1.959591e-01
2.340000e-01  1.949256e-01
2.370000e-01  1.939066e-01
2.400000e-01  1.929019e-01
2.430000e-01  1.919110e-01
2.460000e-01  1.909335e-01
2.490000e-01  1.899690e-01
2.520000e-01  1.890172e-01
2.550000e-01  1.880778e-01
2.580000e-01  1.871504e-01
2.610000e-01  1.862347e-01
2.640000e-01  1.853304e-01
2.670000e-01  1.844373e-01
2.700000e-01  1.835550e-01
2.730000e-01  1.826832e-01
2.760000e-01  1.818217e-01
2.790000e-01  1.809703e-01
2.820000e-01  1.801287e-01
2.850000e-01  1.792966e-01
2.880000e-01  1.784739e-01
2.910000e-01  1.776603e-01
2.940000e-01  1.768556e-01
2.970000e-01  1.760596e-01
3.000000e-01  1.752721e-01
3.030000e-01  1.744929e-01
3.060000e-01  1.737218e-01
3.090000e-01  1.729587e-01
3.120000e-01  1.722032e-01
3.150000e-01  1.714554e-01
3.180000e-01  1.707150e-01
3.210000e-01  1.699818e-01
3.240000e-01  1.692558e-01
3.270000e-01  1.685366e-01
3.300000e-01  1.678243e-01
3.330000e-01  1.671186e-01
3.360000e-01  1.664195e-01
3.390000e-01  1.657267e-01
3.420000e-01  1.650402e-01
3.450000e-01  1.643598e-01
3.480000e-01  1.636853e-01
3.510000e-01  1.630168e-01
3.540000e-01  1.623540e-01
3.570000e-01  1.616968e-01
3.600000e-01  1.610452e-01
3.630000e-01  1.603990e-01
3.660000e-01  1.597581e-01
3.690000e-01  1.591224e-01
3.720000e-01  1.584918e-01
3.750000e-01  1.578662e-01
3.780000e-01  1.572456e-01
3.810000e-01  1.566297e-01
3.840000e-01  1.560186e-01
3.870000e-01  1.554121e-01
3.900000e-01  1.548101e-01
3.930000e-01  1.542127e-01
3.960000e-01  1.536196e-01
3.990000e-01  1.530308e-01
4.020000e-01  1.524462e-01
4.050000e-01  1.518657e-01
4.080000e-01  1.512894e-01
4.110000e-01  1.507170e-01
4.140000e-01  1.501485e-01
4.170000e-01  1.495839e-01
4.200000e-01  1.490230e-01
4.230000e-01  1.484659e-01
4.260000e-01  1.479124e-01
4.290000e-01  1.473625e-01
4.320000e-01  1.468161e-01
4.350000e-01  1.462731e-01
4.380000e-01  1.457336e-01
4.410000e-01  1.451973e-01
4.440000e-01  1.446643e-01
4.470000e-01  1.441346e-01
4.500000e-01  1.436080e-01
4.530000e-01  1.430844e-01
4.560000e-01  1.425640e-01
4.590000e-01  1.420465e-01
4.620000e-01  1.415320e-01
4.650000e-01  1.410203e-01
4.680000e-01  1.405115e-01
4.710000e-01  1.400054e-01
4.740000e-01  1.395021e-01
4.770000e-01  1.390015e-01
4.800000e-01  1.385035e-01
4.830000e-01  1.380081e-01
4.860000e-01  1.375152e-01
4.890000e-01  1.370249e-01
4.920000e-01  1.365370e-01
4.950000e-01  1.360515e-01
4.980000e-01  1.355684e-01
5.010000e-01  1.350876e-01
5.040000e-01  1.346091e-01
5.070000e-01  1.341328e-01
5.100000e-01  1.336587e-01
5.130000e-01  1.331868e-01
5.160000e-01  1.327170e-01
5.190000e-01  1.322493e-01
5.220000e-01  1.317837e-01
5.250000e-01  1.313200e-01
5.280000e-01  1.308583e-01
5.310000e-01  1.303986e-01
5.340000e-01  1.299407e-01
5.370000e-01  1.294847e-01
5.400000e-01  1.290305e-01
5.430000e-01  1.285781e-01
5.460000e-01  1.281275e-01
5.490000e-01  1.276786e-01
5.520000e-01  1.272313e-01
5.550000e-01  1.267857e-01
5.580000e-01  1.263417e-01
5.610000e-01  1.258993e-01
5.640000e-01  1.254585e-01
5.670000e-01  1.250191e-01
5.700000e-01  1.245813e-01
5.730000e-01  1.241449e-01
5.760000e-01  1.237099e-01
5.790000e-01  1.232763e-01
5.820000e-01  1.228440e-01
5.850000e-01  1.224131e-01
5.880000e-01  1.219835e-01
5.910000e-01  1.215551e-01
5.940000e-01  1.211279e-01
5.970000e-01  1.207020e-01
6.000000e-01  1.202772e-01
6.030000e-01  1.198535e-01
6.060000e-01  1.194310e-01
6.090000e-01  1.190095e-01
6.120000e-01  1.185891e-01
6.150000e-01  1.181697e-01
6.180000e-01  1.177513e-01
6.210000e-01  1.173338e-01
6.240000e-01  1.169172e-01
6.270000e-01  1.165016e-01
6.300000e-01  1.160868e-01
6.330000e-01  1.156728e-01
6.360000e-01  1.152596e-01
6.390000e-01  1.148472e-01
6.420000e-01  1.144356e-01
6.450000e-01  1.140246e-01
6.480000e-01  1.136144e-01
6.510000e-01  1.132047e-01
6.540000e-01  1.127957e-01
6.570000e-01  1.123873e-01
6.600000e-01  1.119794e-01
6.630000e-01  1.115721e-01
6.660000e-01  1.111652e-01
6.690000e-01  1.107588e-01
6.720000e-01  1.103528e-01
6.750000e-01  1.099472e-01
6.780000e-01  1.095419e-01
6.810000e-01  1.091370e-01
6.840000e-01  1.087323e-01
6.870000e-01  1.083279e-01
6.900000e-01  1.079237e-01
6.930000e-01  1.075197e-01
6.960000e-01  1.071159e-01
6.990000e-01  1.067121e-01
7.020000e-01  1.063084e-01
7.050000e-01  000000
7.080000e-01  000000
7.110000e-01  000000
7.140000e-01  000000
7.170000e-01  000000
7.200000e-01  000000
7.230000e-01  000000
7.260000e-01  000000
7.290000e-01  000000
7.320000e-01  000000
7.350000e-01  000000
7.380000e-01  000000
7.410000e-01  000000
7.440000e-01  000000
7.470000e-01  000000
7.500000e-01  000000
7.530000e-01  000000
7.560000e-01  000000
7.590000e-01  000000
7.620000e-01  000000
7.650000e-01  000000
7.680000e-01  000000
7.710000e-01  000000
7.740000e-01  000000
7.770000e-01  000000
7.800000e-01  000000
7.830000e-01  000000
7.860000e-01  000000
7.890000e-01  000000
7.920000e-01  000000
7.950000e-01  000000
7.980000e-01  000000
8.010000e-01  000000
8.040000e-01  000000
8.070000e-01  000000
8.100000e-01  000000
8.130000e-01  000000
8.160000e-01  000000
8.190000e-01  000000
8.220000e-01  000000
8.250000e-01  000000
8.280000e-01  000000
8.310000e-01  000000
8.340000e-01  000000
8.370000e-01  000000
8.400000e-01  000000
8.430000e-01  000000
8.460000e-01  000000
8.490000e-01  000000
8.520000e-01  000000
8.550000e-01  000000
8.580000e-01  000000
8.610000e-01  000000
8.640000e-01  000000
8.670000e-01  000000
8.700000e-01  000000
8.730000e-01  000000
8.760000e-01  000000
8.790000e-01  000000
8.820000e-01  000000
8.850000e-01  000000
8.880000e-01  000000
8.910000e-01  000000
8.940000e-01  000000
8.970000e-01  000000
9.000000e-01  000000
9.030000e-01  000000
9.060000e-01  000000
9.090000e-01  000000
9.120000e-01  000000
9.150000e-01  000000
9.180000e-01  000000
9.210000e-01  000000
9.240000e-01  000000
9.270000e-01  000000
9.300000e-01  000000
9.330000e-01  000000
9.360000e-01  000000
9.390000e-01  000000
9.420000e-01  000000
9.450000e-01  000000
9.480000e-01  000000
9.510000e-01  000000
9.540000e-01  000000
9.570000e-01  000000
9.600000e-01  000000
9.630000e-01  000000
9.660000e-01  000000
9.690000e-01  000000
9.720000e-01  000000
9.750000e-01  000000
9.780000e-01  000000
9.810000e-01  000000
9.840000e-01  000000
9.870000e-01  000000
9.900000e-01  000000
9.930000e-01  000000
9.960000e-01  000000
9.990000e-01  000000
