000000  000001
3.000000e-03  6.345723e-01
6.000000e-03  5.416138e-01
9.000000e-03  4.891662e-01
1.200000e-02  4.533567e-01
1.500000e-02  4.265135e-01
1.800000e-02  4.052287e-01
2.100000e-02  3.877029e-01
2.400000e-02  3.728757e-01
2.700000e-02  3.600721e-01
3.000000e-02  3.488375e-01
3.300000e-02  3.388518e-01
3.600000e-02  3.298818e-01
3.900000e-02  3.217525e-01
4.200000e-02  3.143295e-01
4.500000e-02  3.075074e-01
4.800000e-02  3.012022e-01
5.100000e-02  2.953460e-01
5.400000e-02  2.898830e-01
5.700000e-02  2.847668e-01
6.000000e-02  2.799588e-01
6.300000e-02  2.754261e-01
6.600000e-02  2.711407e-01
6.900000e-02  2.670787e-01
7.200000e-02  2.632192e-01
7.500000e-02  2.595441e-01
7.800000e-02  2.560376e-01
8.100000e-02  2.526856e-01
8.400000e-02  2.494759e-01
8.700000e-02  2.463974e-01
9.000000e-02  2.434404e-01
9.300000e-02  2.405961e-01
9.600000e-02  2.378567e-01
9.900000e-02  2.352149e-01
1.020000e-01  2.326644e-01
1.050000e-01  2.301994e-01
1.080000e-01  2.278144e-01
1.110000e-01  2.255048e-01
1.140000e-01  2.232659e-01
1.170000e-01  2.210938e-01
1.200000e-01  2.189847e-01
1.230000e-01  2.169352e-01
1.260000e-01  2.149420e-01
1.290000e-01  2.130022e-01
1.320000e-01  2.111131e-01
1.350000e-01  2.092722e-01
1.380000e-01  2.074771e-01
1.410000e-01  2.057256e-01
1.440000e-01  2.040156e-01
1.470000e-01  2.023453e-01
1.500000e-01  2.007128e-01
1.530000e-01  1.991165e-01
1.560000e-01  1.975548e-01
1.590000e-01  1.960263e-01
1.620000e-01  1.945294e-01
1.650000e-01  1.930630e-01
1.680000e-01  1.916258e-01
1.710000e-01  1.902167e-01
1.740000e-01  1.888345e-01
1.770000e-01  1.874781e-01
1.800000e-01  1.861467e-01
1.830000e-01  1.848393e-01
1.860000e-01  1.835550e-01
1.890000e-01  1.822929e-01
1.920000e-01  1.810523e-01
1.950000e-01  1.798324e-01
1.980000e-01  1.786324e-01
2.010000e-01  1.774518e-01
2.040000e-01  1.762898e-01
2.070000e-01  1.751459e-01
2.100000e-01  1.740194e-01
2.130000e-01  1.729097e-01
2.160000e-01  1.718163e-01
2.190000e-01  1.707388e-01
2.220000e-01  1.696765e-01
2.250000e-01  1.686290e-01
2.280000e-01  1.675960e-01
2.310000e-01  1.665768e-01
2.340000e-01  1.655711e-01
2.370000e-01  1.645786e-01
2.400000e-01  1.635987e-01
2.430000e-01  1.626313e-01
2.460000e-01  1.616757e-01
2.490000e-01  1.607319e-01
2.520000e-01  1.597993e-01
2.550000e-01  1.588777e-01
2.580000e-01  1.579668e-01
2.610000e-01  1.570663e-01
2.640000e-01  1.561759e-01
2.670000e-01  1.552952e-01
2.700000e-01  1.544242e-01
2.730000e-01  1.535624e-01
2.760000e-01  1.527097e-01
2.790000e-01  1.518657e-01
2.820000e-01  1.510304e-01
2.850000e-01  1.502033e-01
2.880000e-01  1.493844e-01
2.910000e-01  1.485735e-01
2.940000e-01  1.477702e-01
2.970000e-01  1.469744e-01
3.000000e-01  1.461859e-01
3.030000e-01  1.454045e-01
3.060000e-01  1.446301e-01
3.090000e-01  1.438624e-01
3.120000e-01  1.431013e-01
3.150000e-01  1.423466e-01
3.180000e-01  1.415982e-01
3.210000e-01  1.408558e-01
3.240000e-01  1.401194e-01
3.270000e-01  1.393888e-01
3.300000e-01  1.386638e-01
3.330000e-01  1.379444e-01
3.360000e-01  1.372302e-01
3.390000e-01  1.365213e-01
3.420000e-01  1.358174e-01
3.450000e-01  1.351185e-01
3.480000e-01  1.344244e-01
3.510000e-01  1.337350e-01
3.540000e-01  1.330502e-01
3.570000e-01  1.323698e-01
3.600000e-01  1.316938e-01
3.630000e-01  1.310219e-01
3.660000e-01  1.303542e-01
3.690000e-01  1.296904e-01
3.720000e-01  1.290305e-01
3.750000e-01  1.283744e-01
3.780000e-01  1.277219e-01
3.810000e-01  1.270730e-01
3.840000e-01  1.264275e-01
3.870000e-01  1.257854e-01
3.900000e-01  1.251465e-01
3.930000e-01  1.245108e-01
3.960000e-01  1.238781e-01
3.990000e-01  1.232484e-01
4.020000e-01  1.226215e-01
4.050000e-01  1.219973e-01
4.080000e-01  1.213758e-01
4.110000e-01  1.207569e-01
4.140000e-01  1.201404e-01
4.170000e-01  1.195263e-01
4.200000e-01  1.189145e-01
4.230000e-01  1.183049e-01
4.260000e-01  1.176973e-01
4.290000e-01  1.170918e-01
4.320000e-01  1.164882e-01
4.350000e-01  1.158864e-01
4.380000e-01  1.152863e-01
4.410000e-01  1.146878e-01
4.440000e-01  1.140909e-01
4.470000e-01  1.134954e-01
4.500000e-01  1.129012e-01
4.530000e-01  1.123083e-01
4.560000e-01  1.117165e-01
4.590000e-01  1.111258e-01
4.620000e-01  1.105361e-01
4.650000e-01  1.099472e-01
4.680000e-01  1.093590e-01
4.710000e-01  1.087715e-01
4.740000e-01  1.081845e-01
4.770000e-01  1.075979e-01
4.800000e-01  1.070117e-01
4.830000e-01  1.064256e-01
4.860000e-01  000000
4.890000e-01  000000
4.920000e-01  000000
4.950000e-01  000000
4.980000e-01  000000
5.010000e-01  000000
5.040000e-01  000000
5.070000e-01  000000
5.100000e-01  000000
5.130000e-01  000000
5.160000e-01  000000
5.190000e-01  000000
5.220000e-01  000000
5.250000e-01  000000
5.280000e-01  000000
5.310000e-01  000000
5.340000e-01  000000
5.370000e-01  000000
5.400000e-01  000000
5.430000e-01  000000
5.460000e-01  000000
5.490000e-01  000000
5.520000e-01  000000
5.550000e-01  000000
5.580000e-01  000000
5.610000e-01  000000
5.640000e-01  000000
5.670000e-01  000000
5.700000e-01  000000
5.730000e-01  000000
5.760000e-01  000000
5.790000e-01  000000
5.820000e-01  000000
5.850000e-01  000000
5.880000e-01  000000
5.910000e-01  000000
5.940000e-01  000000
5.970000e-01  000000
6.000000e-01  000000
6.030000e-01  000000
6.060000e-01  000000
6.090000e-01  000000
6.120000e-01  000000
6.150000e-01  000000
6.180000e-01  000000
6.210000e-01  000000
6.240000e-01  000000
6.270000e-01  000000
6.300000e-01  000000
6.330000e-01  000000
6.360000e-01  000000
6.390000e-01  000000
6.420000e-01  000000
6.450000e-01  000000
6.480000e-01  000000
6.510000e-01  000000
6.540000e-01  000000
6.570000e-01  000000
6.600000e-01  000000
6.630000e-01  000000
6.660000e-01  000000
6.690000e-01  000000
6.720000e-01  000000
6.750000e-01  000000
6.780000e-01  000000
6.810000e-01  000000
6.840000e-01  000000
6.870000e-01  000000
6.900000e-01  000000
6.930000e-01  000000
6.960000e-01  000000
6.990000e-01  000000
7.020000e-01  000000
7.050000e-01  000000
7.080000e-01  000000
7.110000e-01  000000
7.140000e-01  000000
7.170000e-01  000000
7.200000e-01  000000
7.230000e-01  000000
7.260000e-01  000000
7.290000e-01  000000
7.320000e-01  000000
7.350000e-01  000000
7.380000e-01  000000
7.410000e-01  000000
7.440000e-01  000000
7.470000e-01  000000
7.500000e-01  000000
7.530000e-01  000000
7.560000e-01  000000
7.590000e-01  000000
7.620000e-01  000000
7.650000e-01  000000
7.680000e-01  000000
7.710000e-01  000000
7.740000e-01  000000
7.770000e-01  000000
7.800000e-01  000000
7.830000e-01  000000
7.860000e-01  000000
7.890000e-01  000000
7.920000e-01  000000
7.950000e-01  000000
7.980000e-01  000000
8.010000e-01  000000
8.040000e-01  000000
8.070000e-01  000000
8.100000e-01  000000
8.130000e-01  000000
8.160000e-01  000000
8.190000e-01  000000
8.220000e-01  000000
8.250000e-01  000000
8.280000e-01  000000
8.310000e-01  000000
8.340000e-01  000000
8.370000e-01  000000
8.400000e-01  000000
8.430000e-01  000000
8.460000e-01  000000
8.490000e-01  000000
8.520000e-01  000000
8.550000e-01  000000
8.580000e-01  000000
8.610000e-01  000000
8.640000e-01  000000
8.670000e-01  000000
8.700000e-01  000000
8.730000e-01  000000
8.760000e-01  000000
8.790000e-01  000000
8.820000e-01  000000
8.850000e-01  000000
8.880000e-01  000000
8.910000e-01  000000
8.940000e-01  000000
8.970000e-01  000000
9.000000e-01  000000
9.030000e-01  000000
9.060000e-01  000000
9.090000e-01  000000
9.120000e-01  000000
9.150000e-01  000000
9.180000e-01  000000
9.210000e-01  000000
9.240000e-01  000000
9.270000e-01  000000
9.300000e-01  000000
9.330000e-01  000000
9.360000e-01  000000
9.390000e-01  000000
9.420000e-01  000000
9.450000e-01  000000
9.480000e-01  000000
9.510000e-01  000000
9.540000e-01  000000
9.570000e-01  000000
9.600000e-01  000000
9.630000e-01  000000
9.660000e-01  000000
9.690000e-01  000000
9.720000e-01  000000
9.750000e-01  000000
9.780000e-01  000000
9.810000e-01  000000
9.840000e-01  000000
9.870000e-01  000000
9.900000e-01  000000
9.930000e-01  000000
9.960000e-01  000000
9.990000e-01  000000
