000000  000001
3.000000e-03  6.055038e-01
6.000000e-03  5.135310e-01
9.000000e-03  4.622669e-01
1.200000e-02  4.274648e-01
1.500000e-02  4.014643e-01
1.800000e-02  3.808929e-01
2.100000e-02  3.639801e-01
2.400000e-02  3.496867e-01
2.700000e-02  3.373535e-01
3.000000e-02  3.265375e-01
3.300000e-02  3.169276e-01
3.600000e-02  3.082973e-01
3.900000e-02  3.004770e-01
4.200000e-02  2.933366e-01
4.500000e-02  2.867743e-01
4.800000e-02  2.807088e-01
5.100000e-02  2.750745e-01
5.400000e-02  2.698177e-01
5.700000e-02  2.648937e-01
6.000000e-02  2.602652e-01
6.300000e-02  2.559006e-01
6.600000e-02  2.517730e-01
6.900000e-02  2.478593e-01
7.200000e-02  2.441395e-01
7.500000e-02  2.405961e-01
7.800000e-02  2.372140e-01
8.100000e-02  2.339796e-01
8.400000e-02  2.308813e-01
8.700000e-02  2.279084e-01
9.000000e-02  2.250515e-01
9.300000e-02  2.223022e-01
9.600000e-02  2.196530e-01
9.900000e-02  2.170970e-01
1.020000e-01  2.146281e-01
1.050000e-01  2.122406e-01
1.080000e-01  2.099295e-01
1.110000e-01  2.076901e-01
1.140000e-01  2.055182e-01
1.170000e-01  2.034098e-01
1.200000e-01  2.013614e-01
1.230000e-01  1.993695e-01
1.260000e-01  1.974313e-01
1.290000e-01  1.955439e-01
1.320000e-01  1.937046e-01
1.350000e-01  1.919110e-01
1.380000e-01  1.901609e-01
1.410000e-01  1.884521e-01
1.440000e-01  1.867827e-01
1.470000e-01  1.851509e-01
1.500000e-01  1.835550e-01
1.530000e-01  1.819932e-01
1.560000e-01  1.804642e-01
1.590000e-01  1.789664e-01
1.620000e-01  1.774987e-01
1.650000e-01  1.760596e-01
1.680000e-01  1.746481e-01
1.710000e-01  1.732630e-01
1.740000e-01  1.719032e-01
1.770000e-01  1.705678e-01
1.800000e-01  1.692558e-01
1.830000e-01  1.679662e-01
1.860000e-01  1.666984e-01
1.890000e-01  1.654514e-01
1.920000e-01  1.642244e-01
1.950000e-01  1.630168e-01
1.980000e-01  1.618278e-01
2.010000e-01  1.606569e-01
2.040000e-01  1.595032e-01
2.070000e-01  1.583663e-01
2.100000e-01  1.572456e-01
2.130000e-01  1.561404e-01
2.160000e-01  1.550504e-01
2.190000e-01  1.539749e-01
2.220000e-01  1.529135e-01
2.250000e-01  1.518657e-01
2.280000e-01  1.508311e-01
2.310000e-01  1.498093e-01
2.340000e-01  1.487997e-01
2.370000e-01  1.478021e-01
2.400000e-01  1.468161e-01
2.430000e-01  1.458412e-01
2.460000e-01  1.448771e-01
2.490000e-01  1.439236e-01
2.520000e-01  1.429801e-01
2.550000e-01  1.420465e-01
2.580000e-01  1.411224e-01
2.610000e-01  1.402075e-01
2.640000e-01  1.393015e-01
2.670000e-01  1.384042e-01
2.700000e-01  1.375152e-01
2.730000e-01  1.366344e-01
2.760000e-01  1.357613e-01
2.790000e-01  1.348959e-01
2.820000e-01  1.340378e-01
2.850000e-01  1.331868e-01
2.880000e-01  1.323427e-01
2.910000e-01  1.315052e-01
2.940000e-01  1.306742e-01
2.970000e-01  1.298494e-01
3.000000e-01  1.290305e-01
3.030000e-01  1.282175e-01
3.060000e-01  1.274100e-01
3.090000e-01  1.266079e-01
3.120000e-01  1.258110e-01
3.150000e-01  1.250191e-01
3.180000e-01  1.242320e-01
3.210000e-01  1.234496e-01
3.240000e-01  1.226715e-01
3.270000e-01  1.218977e-01
3.300000e-01  1.211279e-01
3.330000e-01  1.203621e-01
3.360000e-01  1.195999e-01
3.390000e-01  1.188412e-01
3.420000e-01  1.180859e-01
3.450000e-01  1.173338e-01
3.480000e-01  1.165846e-01
3.510000e-01  1.158383e-01
3.540000e-01  1.150946e-01
3.570000e-01  1.143533e-01
3.600000e-01  1.136144e-01
3.630000e-01  1.128775e-01
3.660000e-01  1.121425e-01
3.690000e-01  1.114092e-01
3.720000e-01  1.106775e-01
3.750000e-01  1.099472e-01
3.780000e-01  1.092179e-01
3.810000e-01  1.084896e-01
3.840000e-01  1.077621e-01
3.870000e-01  1.070351e-01
3.900000e-01  1.063084e-01
3.930000e-01  000000
3.960000e-01  000000
3.990000e-01  000000
4.020000e-01  000000
4.050000e-01  000000
4.080000e-01  000000
4.110000e-01  000000
4.140000e-01  000000
4.170000e-01  000000
4.200000e-01  000000
4.230000e-01  000000
4.260000e-01  000000
4.290000e-01  000000
4.320000e-01  000000
4.350000e-01  000000
4.380000e-01  000000
4.410000e-01  000000
4.440000e-01  000000
4.470000e-01  000000
4.500000e-01  000000
4.530000e-01  000000
4.560000e-01  000000
4.590000e-01  000000
4.620000e-01  000000
4.650000e-01  000000
4.680000e-01  000000
4.710000e-01  000000
4.740000e-01  000000
4.770000e-01  000000
4.800000e-01  000000
4.830000e-01  000000
4.860000e-01  000000
4.890000e-01  000000
4.920000e-01  000000
4.950000e-01  000000
4.980000e-01  000000
5.010000e-01  000000
5.040000e-01  000000
5.070000e-01  000000
5.100000e-01  000000
5.130000e-01  000000
5.160000e-01  000000
5.190000e-01  000000
5.220000e-01  000000
5.250000e-01  000000
5.280000e-01  000000
5.310000e-01  000000
5.340000e-01  000000
5.370000e-01  000000
5.400000e-01  000000
5.430000e-01  000000
5.460000e-01  000000
5.490000e-01  000000
5.520000e-01  000000
5.550000e-01  000000
5.580000e-01  000000
5.610000e-01  000000
5.640000e-01  000000
5.670000e-01  000000
5.700000e-01  000000
5.730000e-01  000000
5.760000e-01  000000
5.790000e-01  000000
5.820000e-01  000000
5.850000e-01  000000
5.880000e-01  000000
5.910000e-01  000000
5.940000e-01  000000
5.970000e-01  000000
6.000000e-01  000000
6.030000e-01  000000
6.060000e-01  000000
6.090000e-01  000000
6.120000e-01  000000
6.150000e-01  000000
6.180000e-01  000000
6.210000e-01  000000
6.240000e-01  000000
6.270000e-01  000000
6.300000e-01  000000
6.330000e-01  000000
6.360000e-01  000000
6.390000e-01  000000
6.420000e-01  000000
6.450000e-01  000000
6.480000e-01  000000
6.510000e-01  000000
6.540000e-01  000000
6.570000e-01  000000
6.600000e-01  000000
6.630000e-01  000000
6.660000e-01  000000
6.690000e-01  000000
6.720000e-01  000000
6.750000e-01  000000
6.780000e-01  000000
6.810000e-01  000000
6.840000e-01  000000
6.870000e-01  000000
6.900000e-01  000000
6.930000e-01  000000
6.960000e-01  000000
6.990000e-01  000000
7.020000e-01  000000
7.050000e-01  000000
7.080000e-01  000000
7.110000e-01  000000
7.140000e-01  000000
7.170000e-01  000000
7.200000e-01  000000
7.230000e-01  000000
7.260000e-01  000000
7.290000e-01  000000
7.320000e-01  000000
7.350000e-01  000000
7.380000e-01  000000
7.410000e-01  000000
7.440000e-01  000000
7.470000e-01  000000
7.500000e-01  000000
7.530000e-01  000000
7.560000e-01  000000
7.590000e-01  000000
7.620000e-01  000000
7.650000e-01  000000
7.680000e-01  000000
7.710000e-01  000000
7.740000e-01  000000
7.770000e-01  000000
7.800000e-01  000000
7.830000e-01  000000
7.860000e-01  000000
7.890000e-01  000000
7.920000e-01  000000
7.950000e-01  000000
7.980000e-01  000000
8.010000e-01  000000
8.040000e-01  000000
8.070000e-01  000000
8.100000e-01  000000
8.130000e-01  000000
8.160000e-01  000000
8.190000e-01  000000
8.220000e-01  000000
8.250000e-01  000000
8.280000e-01  000000
8.310000e-01  000000
8.340000e-01  000000
8.370000e-01  000000
8.400000e-01  000000
8.430000e-01  000000
8.460000e-01  000000
8.490000e-01  000000
8.520000e-01  000000
8.550000e-01  000000
8.580000e-01  000000
8.610000e-01  000000
8.640000e-01  000000
8.670000e-01  000000
8.700000e-01  000000
8.730000e-01  000000
8.760000e-01  000000
8.790000e-01  000000
8.820000e-01  000000
8.850000e-01  000000
8.880000e-01  000000
8.910000e-01  000000
8.940000e-01  000000
8.970000e-01  000000
9.000000e-01  000000
9.030000e-01  000000
9.060000e-01  000000
9.090000e-01  000000
9.120000e-01  000000
9.150000e-01  000000
9.180000e-01  000000
9.210000e-01  000000
9.240000e-01  000000
9.270000e-01  000000
9.300000e-01  000000
9.330000e-01  000000
9.360000e-01  000000
9.390000e-01  000000
9.420000e-01  000000
9.450000e-01  000000
9.480000e-01  000000
9.510000e-01  000000
9.540000e-01  000000
9.570000e-01  000000
9.600000e-01  000000
9.630000e-01  000000
9.660000e-01  000000
9.690000e-01  000000
9.720000e-01  000000
9.750000e-01  000000
9.780000e-01  000000
9.810000e-01  000000
9.840000e-01  000000
9.870000e-01  000000
9.900000e-01  000000
9.930000e-01  000000
9.960000e-01  000000
9.990000e-01  000000
