000000  000001
3.000000e-03  7.720446e-01
6.000000e-03  6.831783e-01
9.000000e-03  6.286299e-01
1.200000e-02  5.897992e-01
1.500000e-02  5.599338e-01
1.800000e-02  5.358320e-01
2.100000e-02  5.157300e-01
2.400000e-02  4.985560e-01
2.700000e-02  4.836116e-01
3.000000e-02  4.704176e-01
3.300000e-02  4.586318e-01
3.600000e-02  4.480011e-01
3.900000e-02  4.383340e-01
4.200000e-02  4.294817e-01
4.500000e-02  4.213267e-01
4.800000e-02  4.137748e-01
5.100000e-02  4.067491e-01
5.400000e-02  4.001861e-01
5.700000e-02  3.940329e-01
6.000000e-02  3.882451e-01
6.300000e-02  3.827848e-01
6.600000e-02  3.776196e-01
6.900000e-02  3.727216e-01
7.200000e-02  3.680665e-01
7.500000e-02  3.636331e-01
7.800000e-02  3.594028e-01
8.100000e-02  3.553592e-01
8.400000e-02  3.514877e-01
8.700000e-02  3.477754e-01
9.000000e-02  3.442106e-01
9.300000e-02  3.407829e-01
9.600000e-02  3.374829e-01
9.900000e-02  3.343022e-01
1.020000e-01  3.312332e-01
1.050000e-01  3.282687e-01
1.080000e-01  3.254024e-01
1.110000e-01  3.226285e-01
1.140000e-01  3.199417e-01
1.170000e-01  3.173370e-01
1.200000e-01  3.148100e-01
1.230000e-01  3.123564e-01
1.260000e-01  3.099726e-01
1.290000e-01  3.076548e-01
1.320000e-01  3.053997e-01
1.350000e-01  3.032044e-01
1.380000e-01  3.010660e-01
1.410000e-01  2.989817e-01
1.440000e-01  2.969491e-01
1.470000e-01  2.949659e-01
1.500000e-01  2.930300e-01
1.530000e-01  2.911391e-01
1.560000e-01  2.892916e-01
1.590000e-01  2.874855e-01
1.620000e-01  2.857191e-01
1.650000e-01  2.839910e-01
1.680000e-01  2.822994e-01
1.710000e-01  2.806432e-01
1.740000e-01  2.790208e-01
1.770000e-01  2.774311e-01
1.800000e-01  2.758728e-01
1.830000e-01  2.743448e-01
1.860000e-01  2.728460e-01
1.890000e-01  2.713754e-01
1.920000e-01  2.699320e-01
1.950000e-01  2.685149e-01
1.980000e-01  2.671232e-01
2.010000e-01  2.657561e-01
2.040000e-01  2.644128e-01
2.070000e-01  2.630924e-01
2.100000e-01  2.617944e-01
2.130000e-01  2.605179e-01
2.160000e-01  2.592624e-01
2.190000e-01  2.580272e-01
2.220000e-01  2.568116e-01
2.250000e-01  2.556152e-01
2.280000e-01  2.544373e-01
2.310000e-01  2.532774e-01
2.340000e-01  2.521350e-01
2.370000e-01  2.510096e-01
2.400000e-01  2.499007e-01
2.430000e-01  2.488080e-01
2.460000e-01  2.477309e-01
2.490000e-01  2.466690e-01
2.520000e-01  2.456219e-01
2.550000e-01  2.445893e-01
2.580000e-01  2.435708e-01
2.610000e-01  2.425660e-01
2.640000e-01  2.415745e-01
2.670000e-01  2.405961e-01
2.700000e-01  2.396304e-01
2.730000e-01  2.386771e-01
2.760000e-01  2.377359e-01
2.790000e-01  2.368065e-01
2.820000e-01  2.358886e-01
2.850000e-01  2.349820e-01
2.880000e-01  2.340864e-01
2.910000e-01  2.332015e-01
2.940000e-01  2.323272e-01
2.970000e-01  2.314631e-01
3.000000e-01  2.306091e-01
3.030000e-01  2.297649e-01
3.060000e-01  2.289303e-01
3.090000e-01  2.281050e-01
3.120000e-01  2.272890e-01
3.150000e-01  2.264820e-01
3.180000e-01  2.256838e-01
3.210000e-01  2.248942e-01
3.240000e-01  2.241131e-01
3.270000e-01  2.233403e-01
3.300000e-01  2.225756e-01
3.330000e-01  2.218188e-01
3.360000e-01  2.210698e-01
3.390000e-01  2.203284e-01
3.420000e-01  2.195945e-01
3.450000e-01  2.188680e-01
3.480000e-01  2.181487e-01
3.510000e-01  2.174364e-01
3.540000e-01  2.167311e-01
3.570000e-01  2.160326e-01
3.600000e-01  2.153407e-01
3.630000e-01  2.146554e-01
3.660000e-01  2.139765e-01
3.690000e-01  2.133039e-01
3.720000e-01  2.126375e-01
3.750000e-01  2.119772e-01
3.780000e-01  2.113229e-01
3.810000e-01  2.106745e-01
3.840000e-01  2.100318e-01
3.870000e-01  2.093948e-01
3.900000e-01  2.087634e-01
3.930000e-01  2.081375e-01
3.960000e-01  2.075169e-01
3.990000e-01  2.069017e-01
4.020000e-01  2.062916e-01
4.050000e-01  2.056867e-01
4.080000e-01  2.050868e-01
4.110000e-01  2.044918e-01
4.140000e-01  2.039017e-01
4.170000e-01  2.033165e-01
4.200000e-01  2.027359e-01
4.230000e-01  2.021600e-01
4.260000e-01  2.015886e-01
4.290000e-01  2.010218e-01
4.320000e-01  2.004593e-01
4.350000e-01  1.999012e-01
4.380000e-01  1.993475e-01
4.410000e-01  1.987979e-01
4.440000e-01  1.982525e-01
4.470000e-01  1.977112e-01
4.500000e-01  1.971739e-01
4.530000e-01  1.966407e-01
4.560000e-01  1.961113e-01
4.590000e-01  1.955858e-01
4.620000e-01  1.950640e-01
4.650000e-01  1.945461e-01
4.680000e-01  1.940318e-01
4.710000e-01  1.935212e-01
4.740000e-01  1.930141e-01
4.770000e-01  1.925106e-01
4.800000e-01  1.920106e-01
4.830000e-01  1.915140e-01
4.860000e-01  1.910208e-01
4.890000e-01  1.905310e-01
4.920000e-01  1.900444e-01
4.950000e-01  1.895611e-01
4.980000e-01  1.890810e-01
5.010000e-01  1.886041e-01
5.040000e-01  1.881303e-01
5.070000e-01  1.876595e-01
5.100000e-01  1.871918e-01
5.130000e-01  1.867271e-01
5.160000e-01  1.862654e-01
5.190000e-01  1.858066e-01
5.220000e-01  1.853506e-01
5.250000e-01  1.848975e-01
5.280000e-01  1.844473e-01
5.310000e-01  1.839997e-01
5.340000e-01  1.835550e-01
5.370000e-01  1.831129e-01
5.400000e-01  1.826735e-01
5.430000e-01  1.822367e-01
5.460000e-01  1.818025e-01
5.490000e-01  1.813709e-01
5.520000e-01  1.809418e-01
5.550000e-01  1.805152e-01
5.580000e-01  1.800911e-01
5.610000e-01  1.796694e-01
5.640000e-01  1.792502e-01
5.670000e-01  1.788333e-01
5.700000e-01  1.784188e-01
5.730000e-01  1.780066e-01
5.760000e-01  1.775967e-01
5.790000e-01  1.771891e-01
5.820000e-01  1.767837e-01
5.850000e-01  1.763806e-01
5.880000e-01  1.759796e-01
5.910000e-01  1.755808e-01
5.940000e-01  1.751842e-01
5.970000e-01  1.747896e-01
6.000000e-01  1.743972e-01
6.030000e-01  1.740068e-01
6.060000e-01  1.736185e-01
6.090000e-01  1.732322e-01
6.120000e-01  1.728478e-01
6.150000e-01  1.724655e-01
6.180000e-01  1.720851e-01
6.210000e-01  1.717066e-01
6.240000e-01  1.713301e-01
6.270000e-01  1.709555e-01
6.300000e-01  1.705827e-01
6.330000e-01  1.702117e-01
6.360000e-01  1.698426e-01
6.390000e-01  1.694753e-01
6.420000e-01  1.691098e-01
6.450000e-01  1.687460e-01
6.480000e-01  1.683840e-01
6.510000e-01  1.680237e-01
6.540000e-01  1.676652e-01
6.570000e-01  1.673083e-01
6.600000e-01  1.669531e-01
6.630000e-01  1.665995e-01
6.660000e-01  1.662477e-01
6.690000e-01  1.658974e-01
6.720000e-01  1.655487e-01
6.750000e-01  1.652016e-01
6.780000e-01  1.648561e-01
6.810000e-01  1.645121e-01
6.840000e-01  1.641697e-01
6.870000e-01  1.638288e-01
6.900000e-01  1.634894e-01
6.930000e-01  1.631515e-01
6.960000e-01  1.628151e-01
6.990000e-01  1.624802e-01
7.020000e-01  1.621467e-01
7.050000e-01  1.618146e-01
7.080000e-01  1.614839e-01
7.110000e-01  1.611547e-01
7.140000e-01  1.608268e-01
7.170000e-01  1.605003e-01
7.200000e-01  1.601752e-01
7.230000e-01  1.598514e-01
7.260000e-01  1.595289e-01
7.290000e-01  1.592078e-01
7.320000e-01  1.588880e-01
7.350000e-01  1.585695e-01
7.380000e-01  1.582523e-01
7.410000e-01  1.579363e-01
7.440000e-01  1.576216e-01
7.470000e-01  1.573081e-01
7.500000e-01  1.569959e-01
7.530000e-01  1.566849e-01
7.560000e-01  1.563751e-01
7.590000e-01  1.560665e-01
7.620000e-01  1.557591e-01
7.650000e-01  1.554528e-01
7.680000e-01  1.551478e-01
7.710000e-01  1.548439e-01
7.740000e-01  1.545411e-01
7.770000e-01  1.542394e-01
7.800000e-01  1.539389e-01
7.830000e-01  1.536395e-01
7.860000e-01  1.533412e-01
7.890000e-01  1.530440e-01
7.920000e-01  1.527478e-01
7.950000e-01  1.524527e-01
7.980000e-01  1.521587e-01
8.010000e-01  1.518657e-01
8.040000e-01  1.515738e-01
8.070000e-01  1.512829e-01
8.100000e-01  1.509930e-01
8.130000e-01  1.507042e-01
8.160000e-01  1.504163e-01
8.190000e-01  1.501294e-01
8.220000e-01  1.498435e-01
8.250000e-01  1.495586e-01
8.280000e-01  1.492746e-01
8.310000e-01  1.489916e-01
8.340000e-01  1.487096e-01
8.370000e-01  1.484285e-01
8.400000e-01  1.481483e-01
8.430000e-01  1.478690e-01
8.460000e-01  1.475907e-01
8.490000e-01  1.473132e-01
8.520000e-01  1.470367e-01
8.550000e-01  1.467610e-01
8.580000e-01  1.464862e-01
8.610000e-01  1.462123e-01
8.640000e-01  1.459393e-01
8.670000e-01  1.456671e-01
8.700000e-01  1.453958e-01
8.730000e-01  1.451253e-01
8.760000e-01  1.448556e-01
8.790000e-01  1.445868e-01
8.820000e-01  1.443187e-01
8.850000e-01  1.440515e-01
8.880000e-01  1.437851e-01
8.910000e-01  1.435195e-01
8.940000e-01  1.432547e-01
8.970000e-01  1.429907e-01
9.000000e-01  1.427274e-01
9.030000e-01  1.424649e-01
9.060000e-01  1.422032e-01
9.090000e-01  1.419422e-01
9.120000e-01  1.416820e-01
9.150000e-01  1.414225e-01
9.180000e-01  1.411637e-01
9.210000e-01  1.409057e-01
9.240000e-01  1.406484e-01
9.270000e-01  1.403918e-01
9.300000e-01  1.401359e-01
9.330000e-01  1.398807e-01
9.360000e-01  1.396263e-01
9.390000e-01  1.393725e-01
9.420000e-01  1.391194e-01
9.450000e-01  1.388669e-01
9.480000e-01  1.386152e-01
9.510000e-01  1.383641e-01
9.540000e-01  1.381136e-01
9.570000e-01  1.378638e-01
9.600000e-01  1.376147e-01
9.630000e-01  1.373662e-01
9.660000e-01  1.371183e-01
9.690000e-01  1.368711e-01
9.720000e-01  1.366245e-01
9.750000e-01  1.363785e-01
9.780000e-01  1.361331e-01
9.810000e-01  1.358884e-01
9.840000e-01  1.356442e-01
9.870000e-01  1.354006e-01
9.900000e-01  1.351577e-01
9.930000e-01  1.349153e-01
9.960000e-01  1.346735e-01
9.990000e-01  1.344322e-01
