000000  000001
3.000000e-03  8.208604e-01
6.000000e-03  7.385703e-01
9.000000e-03  6.856496e-01
1.200000e-02  6.470481e-01
1.500000e-02  6.168956e-01
1.800000e-02  5.922958e-01
2.100000e-02  5.716106e-01
2.400000e-02  5.538254e-01
2.700000e-02  5.382696e-01
3.000000e-02  5.244777e-01
3.300000e-02  5.121138e-01
3.600000e-02  5.009279e-01
3.900000e-02  4.907293e-01
4.200000e-02  4.813689e-01
4.500000e-02  4.727287e-01
4.800000e-02  4.647131e-01
5.100000e-02  4.572442e-01
5.400000e-02  4.502574e-01
5.700000e-02  4.436985e-01
6.000000e-02  4.375220e-01
6.300000e-02  4.316890e-01
6.600000e-02  4.261659e-01
6.900000e-02  4.209240e-01
7.200000e-02  4.159382e-01
7.500000e-02  4.111864e-01
7.800000e-02  4.066494e-01
8.100000e-02  4.023099e-01
8.400000e-02  3.981528e-01
8.700000e-02  3.941646e-01
9.000000e-02  3.903330e-01
9.300000e-02  3.866473e-01
9.600000e-02  3.830976e-01
9.900000e-02  3.796749e-01
1.020000e-01  3.763711e-01
1.050000e-01  3.731790e-01
1.080000e-01  3.700917e-01
1.110000e-01  3.671032e-01
1.140000e-01  3.642079e-01
1.170000e-01  3.614004e-01
1.200000e-01  3.586761e-01
1.230000e-01  3.560306e-01
1.260000e-01  3.534598e-01
1.290000e-01  3.509598e-01
1.320000e-01  3.485273e-01
1.350000e-01  3.461589e-01
1.380000e-01  3.438516e-01
1.410000e-01  3.416025e-01
1.440000e-01  3.394091e-01
1.470000e-01  3.372689e-01
1.500000e-01  3.351794e-01
1.530000e-01  3.331387e-01
1.560000e-01  3.311445e-01
1.590000e-01  3.291950e-01
1.620000e-01  3.272885e-01
1.650000e-01  3.254231e-01
1.680000e-01  3.235973e-01
1.710000e-01  3.218095e-01
1.740000e-01  3.200584e-01
1.770000e-01  3.183426e-01
1.800000e-01  3.166607e-01
1.830000e-01  3.150116e-01
1.860000e-01  3.133941e-01
1.890000e-01  3.118071e-01
1.920000e-01  3.102495e-01
1.950000e-01  3.087204e-01
1.980000e-01  3.072189e-01
2.010000e-01  3.057440e-01
2.040000e-01  3.042948e-01
2.070000e-01  3.028706e-01
2.100000e-01  3.014705e-01
2.130000e-01  3.000939e-01
2.160000e-01  2.987399e-01
2.190000e-01  2.974080e-01
2.220000e-01  2.960974e-01
2.250000e-01  2.948076e-01
2.280000e-01  2.935379e-01
2.310000e-01  2.922878e-01
2.340000e-01  2.910567e-01
2.370000e-01  2.898441e-01
2.400000e-01  2.886495e-01
2.430000e-01  2.874724e-01
2.460000e-01  2.863122e-01
2.490000e-01  2.851687e-01
2.520000e-01  2.840413e-01
2.550000e-01  2.829296e-01
2.580000e-01  2.818332e-01
2.610000e-01  2.807517e-01
2.640000e-01  2.796848e-01
2.670000e-01  2.786321e-01
2.700000e-01  2.775932e-01
2.730000e-01  2.765679e-01
2.760000e-01  2.755557e-01
2.790000e-01  2.745565e-01
2.820000e-01  2.735697e-01
2.850000e-01  2.725953e-01
2.880000e-01  2.716329e-01
2.910000e-01  2.706822e-01
2.940000e-01  2.697429e-01
2.970000e-01  2.688149e-01
3.000000e-01  2.678978e-01
3.030000e-01  2.669915e-01
3.060000e-01  2.660956e-01
3.090000e-01  2.652100e-01
3.120000e-01  2.643345e-01
3.150000e-01  2.634687e-01
3.180000e-01  2.626127e-01
3.210000e-01  2.617660e-01
3.240000e-01  2.609286e-01
3.270000e-01  2.601002e-01
3.300000e-01  2.592807e-01
3.330000e-01  2.584699e-01
3.360000e-01  2.576676e-01
3.390000e-01  2.568737e-01
3.420000e-01  2.560880e-01
3.450000e-01  2.553103e-01
3.480000e-01  2.545405e-01
3.510000e-01  2.537784e-01
3.540000e-01  2.530239e-01
3.570000e-01  2.522768e-01
3.600000e-01  2.515371e-01
3.630000e-01  2.508045e-01
3.660000e-01  2.500790e-01
3.690000e-01  2.493604e-01
3.720000e-01  2.486486e-01
3.750000e-01  2.479435e-01
3.780000e-01  2.472449e-01
3.810000e-01  2.465528e-01
3.840000e-01  2.458670e-01
3.870000e-01  2.451874e-01
3.900000e-01  2.445140e-01
3.930000e-01  2.438465e-01
3.960000e-01  2.431850e-01
3.990000e-01  2.425293e-01
4.020000e-01  2.418793e-01
4.050000e-01  2.412349e-01
4.080000e-01  2.405961e-01
4.110000e-01  2.399627e-01
4.140000e-01  2.393347e-01
4.170000e-01  2.387119e-01
4.200000e-01  2.380943e-01
4.230000e-01  2.374819e-01
4.260000e-01  2.368744e-01
4.290000e-01  2.362719e-01
4.320000e-01  2.356743e-01
4.350000e-01  2.350814e-01
4.380000e-01  2.344933e-01
4.410000e-01  2.339099e-01
4.440000e-01  2.333310e-01
4.470000e-01  2.327566e-01
4.500000e-01  2.321867e-01
4.530000e-01  2.316212e-01
4.560000e-01  2.310600e-01
4.590000e-01  2.305030e-01
4.620000e-01  2.299503e-01
4.650000e-01  2.294016e-01
4.680000e-01  2.288571e-01
4.710000e-01  2.283165e-01
4.740000e-01  2.277799e-01
4.770000e-01  2.272473e-01
4.800000e-01  2.267184e-01
4.830000e-01  2.261934e-01
4.860000e-01  2.256721e-01
4.890000e-01  2.251546e-01
4.920000e-01  2.246406e-01
4.950000e-01  2.241303e-01
4.980000e-01  2.236235e-01
5.010000e-01  2.231202e-01
5.040000e-01  2.226203e-01
5.070000e-01  2.221239e-01
5.100000e-01  2.216308e-01
5.130000e-01  2.211411e-01
5.160000e-01  2.206546e-01
5.190000e-01  2.201713e-01
5.220000e-01  2.196913e-01
5.250000e-01  2.192144e-01
5.280000e-01  2.187406e-01
5.310000e-01  2.182699e-01
5.340000e-01  2.178022e-01
5.370000e-01  2.173375e-01
5.400000e-01  2.168758e-01
5.430000e-01  2.164169e-01
5.460000e-01  2.159610e-01
5.490000e-01  2.155080e-01
5.520000e-01  2.150577e-01
5.550000e-01  2.146102e-01
5.580000e-01  2.141655e-01
5.610000e-01  2.137235e-01
5.640000e-01  2.132842e-01
5.670000e-01  2.128476e-01
5.700000e-01  2.124135e-01
5.730000e-01  2.119821e-01
5.760000e-01  2.115532e-01
5.790000e-01  2.111268e-01
5.820000e-01  2.107030e-01
5.850000e-01  2.102816e-01
5.880000e-01  2.098627e-01
5.910000e-01  2.094462e-01
5.940000e-01  2.090320e-01
5.970000e-01  2.086203e-01
6.000000e-01  2.082108e-01
6.030000e-01  2.078037e-01
6.060000e-01  2.073989e-01
6.090000e-01  2.069963e-01
6.120000e-01  2.065960e-01
6.150000e-01  2.061979e-01
6.180000e-01  2.058019e-01
6.210000e-01  2.054082e-01
6.240000e-01  2.050165e-01
6.270000e-01  2.046270e-01
6.300000e-01  2.042396e-01
6.330000e-01  2.038542e-01
6.360000e-01  2.034709e-01
6.390000e-01  2.030897e-01
6.420000e-01  2.027104e-01
6.450000e-01  2.023331e-01
6.480000e-01  2.019578e-01
6.510000e-01  2.015844e-01
6.540000e-01  2.012130e-01
6.570000e-01  2.008435e-01
6.600000e-01  2.004758e-01
6.630000e-01  2.001100e-01
6.660000e-01  1.997461e-01
6.690000e-01  1.993840e-01
6.720000e-01  1.990237e-01
6.750000e-01  1.986652e-01
6.780000e-01  1.983085e-01
6.810000e-01  1.979535e-01
6.840000e-01  1.976003e-01
6.870000e-01  1.972488e-01
6.900000e-01  1.968989e-01
6.930000e-01  1.965509e-01
6.960000e-01  1.962044e-01
6.990000e-01  1.958596e-01
7.020000e-01  1.955165e-01
7.050000e-01  1.951750e-01
7.080000e-01  1.948351e-01
7.110000e-01  1.944968e-01
7.140000e-01  1.941600e-01
7.170000e-01  1.938249e-01
7.200000e-01  1.934912e-01
7.230000e-01  1.931592e-01
7.260000e-01  1.928286e-01
7.290000e-01  1.924995e-01
7.320000e-01  1.921720e-01
7.350000e-01  1.918459e-01
7.380000e-01  1.915213e-01
7.410000e-01  1.911981e-01
7.440000e-01  1.908764e-01
7.470000e-01  1.905561e-01
7.500000e-01  1.902372e-01
7.530000e-01  1.899197e-01
7.560000e-01  1.896036e-01
7.590000e-01  1.892889e-01
7.620000e-01  1.889755e-01
7.650000e-01  1.886635e-01
7.680000e-01  1.883529e-01
7.710000e-01  1.880435e-01
7.740000e-01  1.877355e-01
7.770000e-01  1.874288e-01
7.800000e-01  1.871233e-01
7.830000e-01  1.868192e-01
7.860000e-01  1.865163e-01
7.890000e-01  1.862147e-01
7.920000e-01  1.859143e-01
7.950000e-01  1.856151e-01
7.980000e-01  1.853172e-01
8.010000e-01  1.850205e-01
8.040000e-01  1.847250e-01
8.070000e-01  1.844308e-01
8.100000e-01  1.841377e-01
8.130000e-01  1.838457e-01
8.160000e-01  1.835550e-01
8.190000e-01  1.832653e-01
8.220000e-01  1.829769e-01
8.250000e-01  1.826896e-01
8.280000e-01  1.824034e-01
8.310000e-01  1.821183e-01
8.340000e-01  1.818343e-01
8.370000e-01  1.815515e-01
8.400000e-01  1.812697e-01
8.430000e-01  1.809890e-01
8.460000e-01  1.807093e-01
8.490000e-01  1.804308e-01
8.520000e-01  1.801533e-01
8.550000e-01  1.798769e-01
8.580000e-01  1.796014e-01
8.610000e-01  1.793271e-01
8.640000e-01  1.790537e-01
8.670000e-01  1.787814e-01
8.700000e-01  1.785100e-01
8.730000e-01  1.782397e-01
8.760000e-01  1.779703e-01
8.790000e-01  1.777020e-01
8.820000e-01  1.774346e-01
8.850000e-01  1.771682e-01
8.880000e-01  1.769027e-01
8.910000e-01  1.766382e-01
8.940000e-01  1.763747e-01
8.970000e-01  1.761120e-01
9.000000e-01  1.758504e-01
9.030000e-01  1.755896e-01
9.060000e-01  1.753297e-01
9.090000e-01  1.750708e-01
9.120000e-01  1.748128e-01
9.150000e-01  1.745556e-01
9.180000e-01  1.742994e-01
9.210000e-01  1.740440e-01
9.240000e-01  1.737895e-01
9.270000e-01  1.735359e-01
9.300000e-01  1.732832e-01
9.330000e-01  1.730313e-01
9.360000e-01  1.727802e-01
9.390000e-01  1.725300e-01
9.420000e-01  1.722806e-01
9.450000e-01  1.720321e-01
9.480000e-01  1.717844e-01
9.510000e-01  1.715375e-01
9.540000e-01  1.712914e-01
9.570000e-01  1.710462e-01
9.600000e-01  1.708017e-01
9.630000e-01  1.705581e-01
9.660000e-01  1.703152e-01
9.690000e-01  1.700731e-01
9.720000e-01  1.698318e-01
9.750000e-01  1.695912e-01
9.780000e-01  1.693515e-01
9.810000e-01  1.691124e-01
9.840000e-01  1.688742e-01
9.870000e-01  1.686367e-01
9.900000e-01  1.683999e-01
9.930000e-01  1.681639e-01
9.960000e-01  1.679287e-01
9.990000e-01  1.676941e-01
