000000  000001
3.000000e-03  7.991841e-01
6.000000e-03  7.135265e-01
9.000000e-03  6.596517e-01
1.200000e-02  6.208136e-01
1.500000e-02  5.907031e-01
1.800000e-02  5.662674e-01
2.100000e-02  5.458016e-01
2.400000e-02  5.282597e-01
2.700000e-02  5.129553e-01
3.000000e-02  4.994144e-01
3.300000e-02  4.872967e-01
3.600000e-02  4.763500e-01
3.900000e-02  4.663823e-01
4.200000e-02  4.572442e-01
4.500000e-02  4.488175e-01
4.800000e-02  4.410070e-01
5.100000e-02  4.337350e-01
5.400000e-02  4.269371e-01
5.700000e-02  4.205597e-01
6.000000e-02  4.145576e-01
6.300000e-02  4.088922e-01
6.600000e-02  4.035305e-01
6.900000e-02  3.984440e-01
7.200000e-02  3.936079e-01
7.500000e-02  3.890005e-01
7.800000e-02  3.846028e-01
8.100000e-02  3.803980e-01
8.400000e-02  3.763711e-01
8.700000e-02  3.725088e-01
9.000000e-02  3.687992e-01
9.300000e-02  3.652316e-01
9.600000e-02  3.617963e-01
9.900000e-02  3.584846e-01
1.020000e-01  3.552886e-01
1.050000e-01  3.522011e-01
1.080000e-01  3.492156e-01
1.110000e-01  3.463260e-01
1.140000e-01  3.435268e-01
1.170000e-01  3.408129e-01
1.200000e-01  3.381797e-01
1.230000e-01  3.356230e-01
1.260000e-01  3.331387e-01
1.290000e-01  3.307231e-01
1.320000e-01  3.283728e-01
1.350000e-01  3.260847e-01
1.380000e-01  3.238558e-01
1.410000e-01  3.216833e-01
1.440000e-01  3.195646e-01
1.470000e-01  3.174975e-01
1.500000e-01  3.154795e-01
1.530000e-01  3.135086e-01
1.560000e-01  3.115828e-01
1.590000e-01  3.097002e-01
1.620000e-01  3.078591e-01
1.650000e-01  3.060578e-01
1.680000e-01  3.042948e-01
1.710000e-01  3.025685e-01
1.740000e-01  3.008777e-01
1.770000e-01  2.992209e-01
1.800000e-01  2.975969e-01
1.830000e-01  2.960046e-01
1.860000e-01  2.944428e-01
1.890000e-01  2.929105e-01
1.920000e-01  2.914066e-01
1.950000e-01  2.899301e-01
1.980000e-01  2.884803e-01
2.010000e-01  2.870561e-01
2.040000e-01  2.856568e-01
2.070000e-01  2.842815e-01
2.100000e-01  2.829296e-01
2.130000e-01  2.816002e-01
2.160000e-01  2.802927e-01
2.190000e-01  2.790065e-01
2.220000e-01  2.777408e-01
2.250000e-01  2.764952e-01
2.280000e-01  2.752689e-01
2.310000e-01  2.740615e-01
2.340000e-01  2.728725e-01
2.370000e-01  2.717012e-01
2.400000e-01  2.705473e-01
2.430000e-01  2.694102e-01
2.460000e-01  2.682895e-01
2.490000e-01  2.671848e-01
2.520000e-01  2.660956e-01
2.550000e-01  2.650216e-01
2.580000e-01  2.639622e-01
2.610000e-01  2.629173e-01
2.640000e-01  2.618864e-01
2.670000e-01  2.608691e-01
2.700000e-01  2.598652e-01
2.730000e-01  2.588742e-01
2.760000e-01  2.578960e-01
2.790000e-01  2.569301e-01
2.820000e-01  2.559764e-01
2.850000e-01  2.550344e-01
2.880000e-01  2.541040e-01
2.910000e-01  2.531849e-01
2.940000e-01  2.522768e-01
2.970000e-01  2.513795e-01
3.000000e-01  2.504927e-01
3.030000e-01  2.496163e-01
3.060000e-01  2.487499e-01
3.090000e-01  2.478934e-01
3.120000e-01  2.470465e-01
3.150000e-01  2.462091e-01
3.180000e-01  2.453810e-01
3.210000e-01  2.445619e-01
3.240000e-01  2.437517e-01
3.270000e-01  2.429502e-01
3.300000e-01  2.421572e-01
3.330000e-01  2.413726e-01
3.360000e-01  2.405961e-01
3.390000e-01  2.398277e-01
3.420000e-01  2.390671e-01
3.450000e-01  2.383143e-01
3.480000e-01  2.375691e-01
3.510000e-01  2.368312e-01
3.540000e-01  2.361007e-01
3.570000e-01  2.353773e-01
3.600000e-01  2.346609e-01
3.630000e-01  2.339514e-01
3.660000e-01  2.332487e-01
3.690000e-01  2.325526e-01
3.720000e-01  2.318630e-01
3.750000e-01  2.311799e-01
3.780000e-01  2.305030e-01
3.810000e-01  2.298323e-01
3.840000e-01  2.291678e-01
3.870000e-01  2.285091e-01
3.900000e-01  2.278564e-01
3.930000e-01  2.272094e-01
3.960000e-01  2.265681e-01
3.990000e-01  2.259323e-01
4.020000e-01  2.253021e-01
4.050000e-01  2.246772e-01
4.080000e-01  2.240577e-01
4.110000e-01  2.234433e-01
4.140000e-01  2.228341e-01
4.170000e-01  2.222300e-01
4.200000e-01  2.216308e-01
4.230000e-01  2.210365e-01
4.260000e-01  2.204471e-01
4.290000e-01  2.198624e-01
4.320000e-01  2.192823e-01
4.350000e-01  2.187068e-01
4.380000e-01  2.181359e-01
4.410000e-01  2.175695e-01
4.440000e-01  2.170074e-01
4.470000e-01  2.164496e-01
4.500000e-01  2.158961e-01
4.530000e-01  2.153468e-01
4.560000e-01  2.148017e-01
4.590000e-01  2.142606e-01
4.620000e-01  2.137235e-01
4.650000e-01  2.131904e-01
4.680000e-01  2.126612e-01
4.710000e-01  2.121359e-01
4.740000e-01  2.116143e-01
4.770000e-01  2.110965e-01
4.800000e-01  2.105823e-01
4.830000e-01  2.100718e-01
4.860000e-01  2.095649e-01
4.890000e-01  2.090615e-01
4.920000e-01  2.085616e-01
4.950000e-01  2.080652e-01
4.980000e-01  2.075721e-01
5.010000e-01  2.070824e-01
5.040000e-01  2.065960e-01
5.070000e-01  2.061128e-01
5.100000e-01  2.056329e-01
5.130000e-01  2.051562e-01
5.160000e-01  2.046825e-01
5.190000e-01  2.042120e-01
5.220000e-01  2.037445e-01
5.250000e-01  2.032801e-01
5.280000e-01  2.028186e-01
5.310000e-01  2.023600e-01
5.340000e-01  2.019043e-01
5.370000e-01  2.014516e-01
5.400000e-01  2.010016e-01
5.430000e-01  2.005544e-01
5.460000e-01  2.001100e-01
5.490000e-01  1.996684e-01
5.520000e-01  1.992294e-01
5.550000e-01  1.987930e-01
5.580000e-01  1.983593e-01
5.610000e-01  1.979282e-01
5.640000e-01  1.974996e-01
5.670000e-01  1.970736e-01
5.700000e-01  1.966501e-01
5.730000e-01  1.962291e-01
5.760000e-01  1.958105e-01
5.790000e-01  1.953943e-01
5.820000e-01  1.949805e-01
5.850000e-01  1.945691e-01
5.880000e-01  1.941600e-01
5.910000e-01  1.937532e-01
5.940000e-01  1.933487e-01
5.970000e-01  1.929465e-01
6.000000e-01  1.925465e-01
6.030000e-01  1.921487e-01
6.060000e-01  1.917530e-01
6.090000e-01  1.913595e-01
6.120000e-01  1.909682e-01
6.150000e-01  1.905789e-01
6.180000e-01  1.901918e-01
6.210000e-01  1.898067e-01
6.240000e-01  1.894236e-01
6.270000e-01  1.890426e-01
6.300000e-01  1.886635e-01
6.330000e-01  1.882864e-01
6.360000e-01  1.879113e-01
6.390000e-01  1.875381e-01
6.420000e-01  1.871669e-01
6.450000e-01  1.867975e-01
6.480000e-01  1.864300e-01
6.510000e-01  1.860643e-01
6.540000e-01  1.857005e-01
6.570000e-01  1.853385e-01
6.600000e-01  1.849782e-01
6.630000e-01  1.846198e-01
6.660000e-01  1.842631e-01
6.690000e-01  1.839082e-01
6.720000e-01  1.835550e-01
6.750000e-01  1.832034e-01
6.780000e-01  1.828536e-01
6.810000e-01  1.825054e-01
6.840000e-01  1.821589e-01
6.870000e-01  1.818141e-01
6.900000e-01  1.814708e-01
6.930000e-01  1.811292e-01
6.960000e-01  1.807891e-01
6.990000e-01  1.804507e-01
7.020000e-01  1.801137e-01
7.050000e-01  1.797784e-01
7.080000e-01  1.794445e-01
7.110000e-01  1.791122e-01
7.140000e-01  1.787814e-01
7.170000e-01  1.784520e-01
7.200000e-01  1.781241e-01
7.230000e-01  1.777977e-01
7.260000e-01  1.774727e-01
7.290000e-01  1.771492e-01
7.320000e-01  1.768271e-01
7.350000e-01  1.765063e-01
7.380000e-01  1.761870e-01
7.410000e-01  1.758690e-01
7.440000e-01  1.755524e-01
7.470000e-01  1.752372e-01
7.500000e-01  1.749232e-01
7.530000e-01  1.746107e-01
7.560000e-01  1.742994e-01
7.590000e-01  1.739894e-01
7.620000e-01  1.736807e-01
7.650000e-01  1.733733e-01
7.680000e-01  1.730672e-01
7.710000e-01  1.727623e-01
7.740000e-01  1.724587e-01
7.770000e-01  1.721563e-01
7.800000e-01  1.718551e-01
7.830000e-01  1.715551e-01
7.860000e-01  1.712564e-01
7.890000e-01  1.709588e-01
7.920000e-01  1.706624e-01
7.950000e-01  1.703672e-01
7.980000e-01  1.700731e-01
8.010000e-01  1.697802e-01
8.040000e-01  1.694884e-01
8.070000e-01  1.691977e-01
8.100000e-01  1.689082e-01
8.130000e-01  1.686198e-01
8.160000e-01  1.683324e-01
8.190000e-01  1.680462e-01
8.220000e-01  1.677610e-01
8.250000e-01  1.674770e-01
8.280000e-01  1.671939e-01
8.310000e-01  1.669120e-01
8.340000e-01  1.666311e-01
8.370000e-01  1.663512e-01
8.400000e-01  1.660723e-01
8.430000e-01  1.657945e-01
8.460000e-01  1.655176e-01
8.490000e-01  1.652418e-01
8.520000e-01  1.649670e-01
8.550000e-01  1.646931e-01
8.580000e-01  1.644203e-01
8.610000e-01  1.641484e-01
8.640000e-01  1.638774e-01
8.670000e-01  1.636074e-01
8.700000e-01  1.633384e-01
8.730000e-01  1.630703e-01
8.760000e-01  1.628031e-01
8.790000e-01  1.625369e-01
8.820000e-01  1.622716e-01
8.850000e-01  1.620071e-01
8.880000e-01  1.617436e-01
8.910000e-01  1.614810e-01
8.940000e-01  1.612192e-01
8.970000e-01  1.609584e-01
9.000000e-01  1.606984e-01
9.030000e-01  1.604392e-01
9.060000e-01  1.601810e-01
9.090000e-01  1.599235e-01
9.120000e-01  1.596670e-01
9.150000e-01  1.594112e-01
9.180000e-01  1.591563e-01
9.210000e-01  1.589022e-01
9.240000e-01  1.586490e-01
9.270000e-01  1.583965e-01
9.300000e-01  1.581449e-01
9.330000e-01  1.578941e-01
9.360000e-01  1.576440e-01
9.390000e-01  1.573947e-01
9.420000e-01  1.571463e-01
9.450000e-01  1.568986e-01
9.480000e-01  1.566516e-01
9.510000e-01  1.564054e-01
9.540000e-01  1.561600e-01
9.570000e-01  1.559154e-01
9.600000e-01  1.556715e-01
9.630000e-01  1.554283e-01
9.660000e-01  1.551858e-01
9.690000e-01  1.549441e-01
9.720000e-01  1.547031e-01
9.750000e-01  1.544629e-01
9.780000e-01  1.542233e-01
9.810000e-01  1.539844e-01
9.840000e-01  1.537463e-01
9.870000e-01  1.535088e-01
9.900000e-01  1.532721e-01
9.930000e-01  1.530360e-01
9.960000e-01  1.528006e-01
9.990000e-01  1.525659e-01
