000000  000001
3.000000e-03  7.798968e-01
6.000000e-03  6.918535e-01
9.000000e-03  6.374476e-01
1.200000e-02  5.985849e-01
1.500000e-02  5.686299e-01
1.800000e-02  5.444193e-01
2.100000e-02  5.242037e-01
2.400000e-02  5.069174e-01
2.700000e-02  4.918647e-01
3.000000e-02  4.785675e-01
3.300000e-02  4.666837e-01
3.600000e-02  4.559602e-01
3.900000e-02  4.462052e-01
4.200000e-02  4.372697e-01
4.500000e-02  4.290360e-01
4.800000e-02  4.214093e-01
5.100000e-02  4.143125e-01
5.400000e-02  4.076819e-01
5.700000e-02  4.014643e-01
6.000000e-02  3.956151e-01
6.300000e-02  3.900961e-01
6.600000e-02  3.848747e-01
6.900000e-02  3.799229e-01
7.200000e-02  3.752162e-01
7.500000e-02  3.707333e-01
7.800000e-02  3.664554e-01
8.100000e-02  3.623660e-01
8.400000e-02  3.584504e-01
8.700000e-02  3.546955e-01
9.000000e-02  3.510897e-01
9.300000e-02  3.476224e-01
9.600000e-02  3.442842e-01
9.900000e-02  3.410665e-01
1.020000e-01  3.379616e-01
1.050000e-01  3.349624e-01
1.080000e-01  3.320624e-01
1.110000e-01  3.292560e-01
1.140000e-01  3.265375e-01
1.170000e-01  3.239021e-01
1.200000e-01  3.213452e-01
1.230000e-01  3.188627e-01
1.260000e-01  3.164506e-01
1.290000e-01  3.141053e-01
1.320000e-01  3.118236e-01
1.350000e-01  3.096023e-01
1.380000e-01  3.074385e-01
1.410000e-01  3.053295e-01
1.440000e-01  3.032729e-01
1.470000e-01  3.012662e-01
1.500000e-01  2.993073e-01
1.530000e-01  2.973941e-01
1.560000e-01  2.955247e-01
1.590000e-01  2.936972e-01
1.620000e-01  2.919100e-01
1.650000e-01  2.901615e-01
1.680000e-01  2.884500e-01
1.710000e-01  2.867743e-01
1.740000e-01  2.851328e-01
1.770000e-01  2.835244e-01
1.800000e-01  2.819479e-01
1.830000e-01  2.804020e-01
1.860000e-01  2.788857e-01
1.890000e-01  2.773979e-01
1.920000e-01  2.759378e-01
1.950000e-01  2.745042e-01
1.980000e-01  2.730964e-01
2.010000e-01  2.717135e-01
2.040000e-01  2.703546e-01
2.070000e-01  2.690191e-01
2.100000e-01  2.677061e-01
2.130000e-01  2.664150e-01
2.160000e-01  2.651452e-01
2.190000e-01  2.638958e-01
2.220000e-01  2.626664e-01
2.250000e-01  2.614564e-01
2.280000e-01  2.602652e-01
2.310000e-01  2.590922e-01
2.340000e-01  2.579369e-01
2.370000e-01  2.567989e-01
2.400000e-01  2.556777e-01
2.430000e-01  2.545727e-01
2.460000e-01  2.534836e-01
2.490000e-01  2.524100e-01
2.520000e-01  2.513514e-01
2.550000e-01  2.503074e-01
2.580000e-01  2.492776e-01
2.610000e-01  2.482618e-01
2.640000e-01  2.472596e-01
2.670000e-01  2.462705e-01
2.700000e-01  2.452943e-01
2.730000e-01  2.443307e-01
2.760000e-01  2.433794e-01
2.790000e-01  2.424400e-01
2.820000e-01  2.415124e-01
2.850000e-01  2.405961e-01
2.880000e-01  2.396910e-01
2.910000e-01  2.387968e-01
2.940000e-01  2.379133e-01
2.970000e-01  2.370402e-01
3.000000e-01  2.361772e-01
3.030000e-01  2.353242e-01
3.060000e-01  2.344810e-01
3.090000e-01  2.336473e-01
3.120000e-01  2.328229e-01
3.150000e-01  2.320077e-01
3.180000e-01  2.312013e-01
3.210000e-01  2.304038e-01
3.240000e-01  2.296148e-01
3.270000e-01  2.288342e-01
3.300000e-01  2.280619e-01
3.330000e-01  2.272976e-01
3.360000e-01  2.265412e-01
3.390000e-01  2.257925e-01
3.420000e-01  2.250515e-01
3.450000e-01  2.243179e-01
3.480000e-01  2.235916e-01
3.510000e-01  2.228724e-01
3.540000e-01  2.221603e-01
3.570000e-01  2.214551e-01
3.600000e-01  2.207567e-01
3.630000e-01  2.200649e-01
3.660000e-01  2.193797e-01
3.690000e-01  2.187008e-01
3.720000e-01  2.180283e-01
3.750000e-01  2.173619e-01
3.780000e-01  2.167015e-01
3.810000e-01  2.160472e-01
3.840000e-01  2.153987e-01
3.870000e-01  2.147560e-01
3.900000e-01  2.141189e-01
3.930000e-01  2.134874e-01
3.960000e-01  2.128613e-01
3.990000e-01  2.122406e-01
4.020000e-01  2.116253e-01
4.050000e-01  2.110151e-01
4.080000e-01  2.104100e-01
4.110000e-01  2.098099e-01
4.140000e-01  2.092148e-01
4.170000e-01  2.086246e-01
4.200000e-01  2.080392e-01
4.230000e-01  2.074584e-01
4.260000e-01  2.068823e-01
4.290000e-01  2.063108e-01
4.320000e-01  2.057438e-01
4.350000e-01  2.051812e-01
4.380000e-01  2.046229e-01
4.410000e-01  2.040690e-01
4.440000e-01  2.035192e-01
4.470000e-01  2.029737e-01
4.500000e-01  2.024322e-01
4.530000e-01  2.018948e-01
4.560000e-01  2.013614e-01
4.590000e-01  2.008318e-01
4.620000e-01  2.003062e-01
4.650000e-01  1.997843e-01
4.680000e-01  1.992662e-01
4.710000e-01  1.987518e-01
4.740000e-01  1.982411e-01
4.770000e-01  1.977339e-01
4.800000e-01  1.972303e-01
4.830000e-01  1.967302e-01
4.860000e-01  1.962335e-01
4.890000e-01  1.957403e-01
4.920000e-01  1.952503e-01
4.950000e-01  1.947637e-01
4.980000e-01  1.942804e-01
5.010000e-01  1.938002e-01
5.040000e-01  1.933233e-01
5.070000e-01  1.928494e-01
5.100000e-01  1.923787e-01
5.130000e-01  1.919110e-01
5.160000e-01  1.914463e-01
5.190000e-01  1.909846e-01
5.220000e-01  1.905258e-01
5.250000e-01  1.900699e-01
5.280000e-01  1.896169e-01
5.310000e-01  1.891667e-01
5.340000e-01  1.887193e-01
5.370000e-01  1.882746e-01
5.400000e-01  1.878326e-01
5.430000e-01  1.873933e-01
5.460000e-01  1.869567e-01
5.490000e-01  1.865226e-01
5.520000e-01  1.860912e-01
5.550000e-01  1.856623e-01
5.580000e-01  1.852359e-01
5.610000e-01  1.848120e-01
5.640000e-01  1.843906e-01
5.670000e-01  1.839716e-01
5.700000e-01  1.835550e-01
5.730000e-01  1.831407e-01
5.760000e-01  1.827288e-01
5.790000e-01  1.823192e-01
5.820000e-01  1.819119e-01
5.850000e-01  1.815069e-01
5.880000e-01  1.811041e-01
5.910000e-01  1.807035e-01
5.940000e-01  1.803051e-01
5.970000e-01  1.799088e-01
6.000000e-01  1.795147e-01
6.030000e-01  1.791227e-01
6.060000e-01  1.787327e-01
6.090000e-01  1.783449e-01
6.120000e-01  1.779590e-01
6.150000e-01  1.775752e-01
6.180000e-01  1.771934e-01
6.210000e-01  1.768135e-01
6.240000e-01  1.764356e-01
6.270000e-01  1.760596e-01
6.300000e-01  1.756855e-01
6.330000e-01  1.753134e-01
6.360000e-01  1.749430e-01
6.390000e-01  1.745746e-01
6.420000e-01  1.742079e-01
6.450000e-01  1.738430e-01
6.480000e-01  1.734800e-01
6.510000e-01  1.731187e-01
6.540000e-01  1.727591e-01
6.570000e-01  1.724013e-01
6.600000e-01  1.720452e-01
6.630000e-01  1.716907e-01
6.660000e-01  1.713380e-01
6.690000e-01  1.709869e-01
6.720000e-01  1.706375e-01
6.750000e-01  1.702896e-01
6.780000e-01  1.699434e-01
6.810000e-01  1.695988e-01
6.840000e-01  1.692558e-01
6.870000e-01  1.689143e-01
6.900000e-01  1.685743e-01
6.930000e-01  1.682359e-01
6.960000e-01  1.678990e-01
6.990000e-01  1.675636e-01
7.020000e-01  1.672296e-01
7.050000e-01  1.668972e-01
7.080000e-01  1.665661e-01
7.110000e-01  1.662366e-01
7.140000e-01  1.659084e-01
7.170000e-01  1.655817e-01
7.200000e-01  1.652563e-01
7.230000e-01  1.649323e-01
7.260000e-01  1.646097e-01
7.290000e-01  1.642885e-01
7.320000e-01  1.639686e-01
7.350000e-01  1.636500e-01
7.380000e-01  1.633328e-01
7.410000e-01  1.630168e-01
7.440000e-01  1.627021e-01
7.470000e-01  1.623887e-01
7.500000e-01  1.620766e-01
7.530000e-01  1.617658e-01
7.560000e-01  1.614561e-01
7.590000e-01  1.611477e-01
7.620000e-01  1.608406e-01
7.650000e-01  1.605346e-01
7.680000e-01  1.602298e-01
7.710000e-01  1.599263e-01
7.740000e-01  1.596238e-01
7.770000e-01  1.593226e-01
7.800000e-01  1.590225e-01
7.830000e-01  1.587236e-01
7.860000e-01  1.584257e-01
7.890000e-01  1.581290e-01
7.920000e-01  1.578335e-01
7.950000e-01  1.575390e-01
7.980000e-01  1.572456e-01
8.010000e-01  1.569533e-01
8.040000e-01  1.566620e-01
8.070000e-01  1.563718e-01
8.100000e-01  1.560827e-01
8.130000e-01  1.557946e-01
8.160000e-01  1.555075e-01
8.190000e-01  1.552215e-01
8.220000e-01  1.549365e-01
8.250000e-01  1.546525e-01
8.280000e-01  1.543695e-01
8.310000e-01  1.540874e-01
8.340000e-01  1.538064e-01
8.370000e-01  1.535263e-01
8.400000e-01  1.532472e-01
8.430000e-01  1.529690e-01
8.460000e-01  1.526918e-01
8.490000e-01  1.524155e-01
8.520000e-01  1.521402e-01
8.550000e-01  1.518657e-01
8.580000e-01  1.515922e-01
8.610000e-01  1.513196e-01
8.640000e-01  1.510479e-01
8.670000e-01  1.507770e-01
8.700000e-01  1.505071e-01
8.730000e-01  1.502380e-01
8.760000e-01  1.499698e-01
8.790000e-01  1.497024e-01
8.820000e-01  1.494359e-01
8.850000e-01  1.491703e-01
8.880000e-01  1.489054e-01
8.910000e-01  1.486415e-01
8.940000e-01  1.483783e-01
8.970000e-01  1.481159e-01
9.000000e-01  1.478544e-01
9.030000e-01  1.475936e-01
9.060000e-01  1.473337e-01
9.090000e-01  1.470745e-01
9.120000e-01  1.468161e-01
9.150000e-01  1.465585e-01
9.180000e-01  1.463016e-01
9.210000e-01  1.460455e-01
9.240000e-01  1.457902e-01
9.270000e-01  1.455356e-01
9.300000e-01  1.452818e-01
9.330000e-01  1.450287e-01
9.360000e-01  1.447763e-01
9.390000e-01  1.445246e-01
9.420000e-01  1.442737e-01
9.450000e-01  1.440235e-01
9.480000e-01  1.437739e-01
9.510000e-01  1.435251e-01
9.540000e-01  1.432770e-01
9.570000e-01  1.430295e-01
9.600000e-01  1.427828e-01
9.630000e-01  1.425367e-01
9.660000e-01  1.422912e-01
9.690000e-01  1.420465e-01
9.720000e-01  1.418024e-01
9.750000e-01  1.415590e-01
9.780000e-01  1.413162e-01
9.810000e-01  1.410740e-01
9.840000e-01  1.408325e-01
9.870000e-01  1.405916e-01
9.900000e-01  1.403514e-01
9.930000e-01  1.401117e-01
9.960000e-01  1.398727e-01
9.990000e-01  1.396343e-01
